Kernel,Outer,Inner,Reduction,VarDecl,refExpr,intLiteral,floatLiteral,mem_to,mem_from,add_sub_int,add_sub_double,mul_int,mul_double,div_int,div_double,assign_int,assign_double,runtimes_us,runtimes
distribute_parallel_for_1000_1000_1000,1000,1000,0,2000,10006000,3003001,1000,16000000,8000000,3002000,1000000,2002000,1000000,0,0,0,1002000,3400646,3.4006
distribute_parallel_for_1000_1000_1500,1000,1500,0,3000,15009000,4504501,1500,20000000,12000000,4503000,1500000,3003000,1500000,0,0,0,1503000,5039962,5.0400
distribute_parallel_for_1000_1000_2000,1000,2000,0,4000,20012000,6006001,2000,24000000,16000000,6004000,2000000,4004000,2000000,0,0,0,2004000,6669185,6.6692
distribute_parallel_for_1000_1000_2500,1000,2500,0,5000,25015000,7507501,2500,28000000,20000000,7505000,2500000,5005000,2500000,0,0,0,2505000,8269287,8.2693
distribute_parallel_for_1000_1000_3000,1000,3000,0,6000,30018000,9009001,3000,32000000,24000000,9006000,3000000,6006000,3000000,0,0,0,3006000,9891053,9.8911
distribute_parallel_for_1000_1000_3500,1000,3500,0,7000,35021000,10510501,3500,36000000,28000000,10507000,3500000,7007000,3500000,0,0,0,3507000,11501430,11.5014
distribute_parallel_for_1000_1000_4000,1000,4000,0,8000,40024000,12012001,4000,40000000,32000000,12008000,4000000,8008000,4000000,0,0,0,4008000,13160752,13.1608
distribute_parallel_for_1000_1500_1000,1000,1000,0,2000,15006000,4503001,1000,24000000,8000000,4502000,1500000,3002000,1500000,0,0,0,1502000,5005879,5.0059
distribute_parallel_for_1000_1500_1500,1000,1500,0,3000,22509000,6754501,1500,30000000,12000000,6753000,2250000,4503000,2250000,0,0,0,2253000,7471132,7.4711
distribute_parallel_for_1000_1500_2000,1000,2000,0,4000,30012000,9006001,2000,36000000,16000000,9004000,3000000,6004000,3000000,0,0,0,3004000,9861544,9.8615
distribute_parallel_for_1000_1500_2500,1000,2500,0,5000,37515000,11257501,2500,42000000,20000000,11255000,3750000,7505000,3750000,0,0,0,3755000,12307035,12.3070
distribute_parallel_for_1000_1500_3000,1000,3000,0,6000,45018000,13509001,3000,48000000,24000000,13506000,4500000,9006000,4500000,0,0,0,4506000,14769558,14.7696
distribute_parallel_for_1000_1500_3500,1000,3500,0,7000,52521000,15760501,3500,54000000,28000000,15757000,5250000,10507000,5250000,0,0,0,5257000,17187694,17.1877
distribute_parallel_for_1000_1500_4000,1000,4000,0,8000,60024000,18012001,4000,60000000,32000000,18008000,6000000,12008000,6000000,0,0,0,6008000,19630046,19.6300
distribute_parallel_for_1000_2000_1000,1000,1000,0,2000,20006000,6003001,1000,32000000,8000000,6002000,2000000,4002000,2000000,0,0,0,2002000,6684944,6.6849
distribute_parallel_for_1000_2000_1500,1000,1500,0,3000,30009000,9004501,1500,40000000,12000000,9003000,3000000,6003000,3000000,0,0,0,3003000,9937128,9.9371
distribute_parallel_for_1000_2000_2000,1000,2000,0,4000,40012000,12006001,2000,48000000,16000000,12004000,4000000,8004000,4000000,0,0,0,4004000,13144859,13.1449
distribute_parallel_for_1000_2000_2500,1000,2500,0,5000,50015000,15007501,2500,56000000,20000000,15005000,5000000,10005000,5000000,0,0,0,5005000,16403945,16.4039
distribute_parallel_for_1000_2000_3000,1000,3000,0,6000,60018000,18009001,3000,64000000,24000000,18006000,6000000,12006000,6000000,0,0,0,6006000,19661520,19.6615
distribute_parallel_for_1000_2000_3500,1000,3500,0,7000,70021000,21010501,3500,72000000,28000000,21007000,7000000,14007000,7000000,0,0,0,7007000,22877145,22.8771
distribute_parallel_for_1000_2000_4000,1000,4000,0,8000,80024000,24012001,4000,80000000,32000000,24008000,8000000,16008000,8000000,0,0,0,8008000,26131085,26.1311
distribute_parallel_for_1000_2500_1000,1000,1000,0,2000,25006000,7503001,1000,40000000,8000000,7502000,2500000,5002000,2500000,0,0,0,2502000,8309811,8.3098
distribute_parallel_for_1000_2500_1500,1000,1500,0,3000,37509000,11254501,1500,50000000,12000000,11253000,3750000,7503000,3750000,0,0,0,3753000,12343908,12.3439
distribute_parallel_for_1000_2500_2000,1000,2000,0,4000,50012000,15006001,2000,60000000,16000000,15004000,5000000,10004000,5000000,0,0,0,5004000,16406489,16.4065
distribute_parallel_for_1000_2500_2500,1000,2500,0,5000,62515000,18757501,2500,70000000,20000000,18755000,6250000,12505000,6250000,0,0,0,6255000,20475549,20.4755
distribute_parallel_for_1000_2500_3000,1000,3000,0,6000,75018000,22509001,3000,80000000,24000000,22506000,7500000,15006000,7500000,0,0,0,7506000,24536273,24.5363
distribute_parallel_for_1000_2500_3500,1000,3500,0,7000,87521000,26260501,3500,90000000,28000000,26257000,8750000,17507000,8750000,0,0,0,8757000,28532640,28.5326
distribute_parallel_for_1000_2500_4000,1000,4000,0,8000,100024000,30012001,4000,100000000,32000000,30008000,10000000,20008000,10000000,0,0,0,10008000,32699550,32.6996
distribute_parallel_for_1000_3000_1000,1000,1000,0,2000,30006000,9003001,1000,48000000,8000000,9002000,3000000,6002000,3000000,0,0,0,3002000,9916239,9.9162
distribute_parallel_for_1000_3000_1500,1000,1500,0,3000,45009000,13504501,1500,60000000,12000000,13503000,4500000,9003000,4500000,0,0,0,4503000,14789475,14.7895
distribute_parallel_for_1000_3000_2000,1000,2000,0,4000,60012000,18006001,2000,72000000,16000000,18004000,6000000,12004000,6000000,0,0,0,6004000,19652719,19.6527
distribute_parallel_for_1000_3000_2500,1000,2500,0,5000,75015000,22507501,2500,84000000,20000000,22505000,7500000,15005000,7500000,0,0,0,7505000,24530476,24.5305
distribute_parallel_for_1000_3000_3000,1000,3000,0,6000,90018000,27009001,3000,96000000,24000000,27006000,9000000,18006000,9000000,0,0,0,9006000,29389848,29.3898
distribute_parallel_for_1000_3000_3500,1000,3500,0,7000,105021000,31510501,3500,108000000,28000000,31507000,10500000,21007000,10500000,0,0,0,10507000,34252172,34.2522
distribute_parallel_for_1000_3000_4000,1000,4000,0,8000,120024000,36012001,4000,120000000,32000000,36008000,12000000,24008000,12000000,0,0,0,12008000,39135450,39.1354
distribute_parallel_for_1000_3500_1000,1000,1000,0,2000,35006000,10503001,1000,56000000,8000000,10502000,3500000,7002000,3500000,0,0,0,3502000,11555638,11.5556
distribute_parallel_for_1000_3500_1500,1000,1500,0,3000,52509000,15754501,1500,70000000,12000000,15753000,5250000,10503000,5250000,0,0,0,5253000,17212565,17.2126
distribute_parallel_for_1000_3500_2000,1000,2000,0,4000,70012000,21006001,2000,84000000,16000000,21004000,7000000,14004000,7000000,0,0,0,7004000,22923142,22.9231
distribute_parallel_for_1000_3500_2500,1000,2500,0,5000,87515000,26257501,2500,98000000,20000000,26255000,8750000,17505000,8750000,0,0,0,8755000,28594191,28.5942
distribute_parallel_for_1000_3500_3000,1000,3000,0,6000,105018000,31509001,3000,112000000,24000000,31506000,10500000,21006000,10500000,0,0,0,10506000,34280111,34.2801
distribute_parallel_for_1000_3500_3500,1000,3500,0,7000,122521000,36760501,3500,126000000,28000000,36757000,12250000,24507000,12250000,0,0,0,12257000,39963593,39.9636
distribute_parallel_for_1000_3500_4000,1000,4000,0,8000,140024000,42012001,4000,140000000,32000000,42008000,14000000,28008000,14000000,0,0,0,14008000,45546404,45.5464
distribute_parallel_for_1000_4000_1000,1000,1000,0,2000,40006000,12003001,1000,64000000,8000000,12002000,4000000,8002000,4000000,0,0,0,4002000,13135693,13.1357
distribute_parallel_for_1000_4000_1500,1000,1500,0,3000,60009000,18004501,1500,80000000,12000000,18003000,6000000,12003000,6000000,0,0,0,6003000,19641501,19.6415
distribute_parallel_for_1000_4000_2000,1000,2000,0,4000,80012000,24006001,2000,96000000,16000000,24004000,8000000,16004000,8000000,0,0,0,8004000,26152435,26.1524
distribute_parallel_for_1000_4000_2500,1000,2500,0,5000,100015000,30007501,2500,112000000,20000000,30005000,10000000,20005000,10000000,0,0,0,10005000,32600651,32.6007
distribute_parallel_for_1000_4000_3000,1000,3000,0,6000,120018000,36009001,3000,128000000,24000000,36006000,12000000,24006000,12000000,0,0,0,12006000,39130047,39.1300
distribute_parallel_for_1000_4000_3500,1000,3500,0,7000,140021000,42010501,3500,144000000,28000000,42007000,14000000,28007000,14000000,0,0,0,14007000,45631846,45.6318
distribute_parallel_for_1000_4000_4000,1000,4000,0,8000,160024000,48012001,4000,160000000,32000000,48008000,16000000,32008000,16000000,0,0,0,16008000,52095864,52.0959
distribute_parallel_for_100_100_100,100,100,0,200,100600,30301,100,160000,80000,30200,10000,20200,10000,0,0,0,10200,49104,0.0491
distribute_parallel_for_100_100_200,100,200,0,400,201200,60601,200,240000,160000,60400,20000,40400,20000,0,0,0,20400,82175,0.0822
distribute_parallel_for_100_100_300,100,300,0,600,301800,90901,300,320000,240000,90600,30000,60600,30000,0,0,0,30600,122787,0.1228
distribute_parallel_for_100_100_400,100,400,0,800,402400,121201,400,400000,320000,120800,40000,80800,40000,0,0,0,40800,146101,0.1461
distribute_parallel_for_100_100_500,100,500,0,1000,503000,151501,500,480000,400000,151000,50000,101000,50000,0,0,0,51000,164155,0.1642
distribute_parallel_for_100_100_600,100,600,0,1200,603600,181801,600,560000,480000,181200,60000,121200,60000,0,0,0,61200,183862,0.1839
distribute_parallel_for_100_100_700,100,700,0,1400,704200,212101,700,640000,560000,211400,70000,141400,70000,0,0,0,71400,217413,0.2174
distribute_parallel_for_100_100_800,100,800,0,1600,804800,242401,800,720000,640000,241600,80000,161600,80000,0,0,0,81600,245545,0.2455
distribute_parallel_for_100_100_900,100,900,0,1800,905400,272701,900,800000,720000,271800,90000,181800,90000,0,0,0,91800,276422,0.2764
distribute_parallel_for_100_200_100,100,100,0,200,200600,60301,100,320000,80000,60200,20000,40200,20000,0,0,0,20200,61797,0.0618
distribute_parallel_for_100_200_200,100,200,0,400,401200,120601,200,480000,160000,120400,40000,80400,40000,0,0,0,40400,122489,0.1225
distribute_parallel_for_100_200_300,100,300,0,600,601800,180901,300,640000,240000,180600,60000,120600,60000,0,0,0,60600,183262,0.1833
distribute_parallel_for_100_200_400,100,400,0,800,802400,241201,400,800000,320000,240800,80000,160800,80000,0,0,0,80800,244737,0.2447
distribute_parallel_for_100_200_500,100,500,0,1000,1003000,301501,500,960000,400000,301000,100000,201000,100000,0,0,0,101000,305724,0.3057
distribute_parallel_for_100_200_600,100,600,0,1200,1203600,361801,600,1120000,480000,361200,120000,241200,120000,0,0,0,121200,366177,0.3662
distribute_parallel_for_100_200_700,100,700,0,1400,1404200,422101,700,1280000,560000,421400,140000,281400,140000,0,0,0,141400,427035,0.4270
distribute_parallel_for_100_200_800,100,800,0,1600,1604800,482401,800,1440000,640000,481600,160000,321600,160000,0,0,0,161600,487688,0.4877
distribute_parallel_for_100_200_900,100,900,0,1800,1805400,542701,900,1600000,720000,541800,180000,361800,180000,0,0,0,181800,549343,0.5493
distribute_parallel_for_100_300_100,100,100,0,200,300600,90301,100,480000,80000,90200,30000,60200,30000,0,0,0,30200,92066,0.0921
distribute_parallel_for_100_300_200,100,200,0,400,601200,180601,200,720000,160000,180400,60000,120400,60000,0,0,0,60400,183262,0.1833
distribute_parallel_for_100_300_300,100,300,0,600,901800,270901,300,960000,240000,270600,90000,180600,90000,0,0,0,90600,274946,0.2749
distribute_parallel_for_100_300_400,100,400,0,800,1202400,361201,400,1200000,320000,360800,120000,240800,120000,0,0,0,120800,366271,0.3663
distribute_parallel_for_100_300_500,100,500,0,1000,1503000,451501,500,1440000,400000,451000,150000,301000,150000,0,0,0,151000,458206,0.4582
distribute_parallel_for_100_300_600,100,600,0,1200,1803600,541801,600,1680000,480000,541200,180000,361200,180000,0,0,0,181200,548767,0.5488
distribute_parallel_for_100_300_700,100,700,0,1400,2104200,632101,700,1920000,560000,631400,210000,421400,210000,0,0,0,211400,639711,0.6397
distribute_parallel_for_100_300_800,100,800,0,1600,2404800,722401,800,2160000,640000,721600,240000,481600,240000,0,0,0,241600,731051,0.7311
distribute_parallel_for_100_300_900,100,900,0,1800,2705400,812701,900,2400000,720000,811800,270000,541800,270000,0,0,0,271800,822333,0.8223
distribute_parallel_for_100_400_100,100,100,0,200,400600,120301,100,640000,80000,120200,40000,80200,40000,0,0,0,40200,122501,0.1225
distribute_parallel_for_100_400_200,100,200,0,400,801200,240601,200,960000,160000,240400,80000,160400,80000,0,0,0,80400,244630,0.2446
distribute_parallel_for_100_400_300,100,300,0,600,1201800,360901,300,1280000,240000,360600,120000,240600,120000,0,0,0,120600,366414,0.3664
distribute_parallel_for_100_400_400,100,400,0,800,1602400,481201,400,1600000,320000,480800,160000,320800,160000,0,0,0,160800,488329,0.4883
distribute_parallel_for_100_400_500,100,500,0,1000,2003000,601501,500,1920000,400000,601000,200000,401000,200000,0,0,0,201000,609266,0.6093
distribute_parallel_for_100_400_600,100,600,0,1200,2403600,721801,600,2240000,480000,721200,240000,481200,240000,0,0,0,241200,730714,0.7307
distribute_parallel_for_100_400_700,100,700,0,1400,2804200,842101,700,2560000,560000,841400,280000,561400,280000,0,0,0,281400,852952,0.8530
distribute_parallel_for_100_400_800,100,800,0,1600,3204800,962401,800,2880000,640000,961600,320000,641600,320000,0,0,0,321600,975101,0.9751
distribute_parallel_for_100_400_900,100,900,0,1800,3605400,1082701,900,3200000,720000,1081800,360000,721800,360000,0,0,0,361800,1096221,1.0962
distribute_parallel_for_100_500_100,100,100,0,200,500600,150301,100,800000,80000,150200,50000,100200,50000,0,0,0,50200,152848,0.1528
distribute_parallel_for_100_500_200,100,200,0,400,1001200,300601,200,1200000,160000,300400,100000,200400,100000,0,0,0,100400,305785,0.3058
distribute_parallel_for_100_500_300,100,300,0,600,1501800,450901,300,1600000,240000,450600,150000,300600,150000,0,0,0,150600,457721,0.4577
distribute_parallel_for_100_500_400,100,400,0,800,2002400,601201,400,2000000,320000,600800,200000,400800,200000,0,0,0,200800,609353,0.6094
distribute_parallel_for_100_500_500,100,500,0,1000,2503000,751501,500,2400000,400000,751000,250000,501000,250000,0,0,0,251000,761328,0.7613
distribute_parallel_for_100_500_600,100,600,0,1200,3003600,901801,600,2800000,480000,901200,300000,601200,300000,0,0,0,301200,912802,0.9128
distribute_parallel_for_100_500_700,100,700,0,1400,3504200,1052101,700,3200000,560000,1051400,350000,701400,350000,0,0,0,351400,1065498,1.0655
distribute_parallel_for_100_500_800,100,800,0,1600,4004800,1202401,800,3600000,640000,1201600,400000,801600,400000,0,0,0,401600,1217667,1.2177
distribute_parallel_for_100_500_900,100,900,0,1800,4505400,1352701,900,4000000,720000,1351800,450000,901800,450000,0,0,0,451800,1371086,1.3711
distribute_parallel_for_100_600_100,100,100,0,200,600600,180301,100,960000,80000,180200,60000,120200,60000,0,0,0,60200,183389,0.1834
distribute_parallel_for_100_600_200,100,200,0,400,1201200,360601,200,1440000,160000,360400,120000,240400,120000,0,0,0,120400,366115,0.3661
distribute_parallel_for_100_600_300,100,300,0,600,1801800,540901,300,1920000,240000,540600,180000,360600,180000,0,0,0,180600,548092,0.5481
distribute_parallel_for_100_600_400,100,400,0,800,2402400,721201,400,2400000,320000,720800,240000,480800,240000,0,0,0,240800,730463,0.7305
distribute_parallel_for_100_600_500,100,500,0,1000,3003000,901501,500,2880000,400000,901000,300000,601000,300000,0,0,0,301000,913217,0.9132
distribute_parallel_for_100_600_600,100,600,0,1200,3603600,1081801,600,3360000,480000,1081200,360000,721200,360000,0,0,0,361200,1095738,1.0957
distribute_parallel_for_100_600_700,100,700,0,1400,4204200,1262101,700,3840000,560000,1261400,420000,841400,420000,0,0,0,421400,1278691,1.2787
distribute_parallel_for_100_600_800,100,800,0,1600,4804800,1442401,800,4320000,640000,1441600,480000,961600,480000,0,0,0,481600,1462874,1.4629
distribute_parallel_for_100_600_900,100,900,0,1800,5405400,1622701,900,4800000,720000,1621800,540000,1081800,540000,0,0,0,541800,1647097,1.6471
distribute_parallel_for_100_700_100,100,100,0,200,700600,210301,100,1120000,80000,210200,70000,140200,70000,0,0,0,70200,215355,0.2154
distribute_parallel_for_100_700_200,100,200,0,400,1401200,420601,200,1680000,160000,420400,140000,280400,140000,0,0,0,140400,427132,0.4271
distribute_parallel_for_100_700_300,100,300,0,600,2101800,630901,300,2240000,240000,630600,210000,420600,210000,0,0,0,210600,639920,0.6399
distribute_parallel_for_100_700_400,100,400,0,800,2802400,841201,400,2800000,320000,840800,280000,560800,280000,0,0,0,280800,852579,0.8526
distribute_parallel_for_100_700_500,100,500,0,1000,3503000,1051501,500,3360000,400000,1051000,350000,701000,350000,0,0,0,351000,1066023,1.0660
distribute_parallel_for_100_700_600,100,600,0,1200,4203600,1261801,600,3920000,480000,1261200,420000,841200,420000,0,0,0,421200,1279871,1.2799
distribute_parallel_for_100_700_700,100,700,0,1400,4904200,1472101,700,4480000,560000,1471400,490000,981400,490000,0,0,0,491400,1495154,1.4952
distribute_parallel_for_100_700_800,100,800,0,1600,5604800,1682401,800,5040000,640000,1681600,560000,1121600,560000,0,0,0,561600,1710853,1.7109
distribute_parallel_for_100_700_900,100,900,0,1800,6305400,1892701,900,5600000,720000,1891800,630000,1261800,630000,0,0,0,631800,1926318,1.9263
distribute_parallel_for_100_800_100,100,100,0,200,800600,240301,100,1280000,80000,240200,80000,160200,80000,0,0,0,80200,244896,0.2449
distribute_parallel_for_100_800_200,100,200,0,400,1601200,480601,200,1920000,160000,480400,160000,320400,160000,0,0,0,160400,487912,0.4879
distribute_parallel_for_100_800_300,100,300,0,600,2401800,720901,300,2560000,240000,720600,240000,480600,240000,0,0,0,240600,731430,0.7314
distribute_parallel_for_100_800_400,100,400,0,800,3202400,961201,400,3200000,320000,960800,320000,640800,320000,0,0,0,320800,978176,0.9782
distribute_parallel_for_100_800_500,100,500,0,1000,4003000,1201501,500,3840000,400000,1201000,400000,801000,400000,0,0,0,401000,1219899,1.2199
distribute_parallel_for_100_800_600,100,600,0,1200,4803600,1441801,600,4480000,480000,1441200,480000,961200,480000,0,0,0,481200,1464977,1.4650
distribute_parallel_for_100_800_700,100,700,0,1400,5604200,1682101,700,5120000,560000,1681400,560000,1121400,560000,0,0,0,561400,1716832,1.7168
distribute_parallel_for_100_800_800,100,800,0,1600,6404800,1922401,800,5760000,640000,1921600,640000,1281600,640000,0,0,0,641600,1956831,1.9568
distribute_parallel_for_100_800_900,100,900,0,1800,7205400,2162701,900,6400000,720000,2161800,720000,1441800,720000,0,0,0,721800,2203106,2.2031
distribute_parallel_for_100_900_100,100,100,0,200,900600,270301,100,1440000,80000,270200,90000,180200,90000,0,0,0,90200,275616,0.2756
distribute_parallel_for_100_900_200,100,200,0,400,1801200,540601,200,2160000,160000,540400,180000,360400,180000,0,0,0,180400,549202,0.5492
distribute_parallel_for_100_900_300,100,300,0,600,2701800,810901,300,2880000,240000,810600,270000,540600,270000,0,0,0,270600,822022,0.8220
distribute_parallel_for_100_900_400,100,400,0,800,3602400,1081201,400,3600000,320000,1080800,360000,720800,360000,0,0,0,360800,1097517,1.0975
distribute_parallel_for_100_900_500,100,500,0,1000,4503000,1351501,500,4320000,400000,1351000,450000,901000,450000,0,0,0,451000,1374913,1.3749
distribute_parallel_for_100_900_600,100,600,0,1200,5403600,1621801,600,5040000,480000,1621200,540000,1081200,540000,0,0,0,541200,1650612,1.6506
distribute_parallel_for_100_900_700,100,700,0,1400,6304200,1892101,700,5760000,560000,1891400,630000,1261400,630000,0,0,0,631400,1928132,1.9281
distribute_parallel_for_100_900_800,100,800,0,1600,7204800,2162401,800,6480000,640000,2161600,720000,1441600,720000,0,0,0,721600,2205270,2.2053
distribute_parallel_for_100_900_900,100,900,0,1800,8105400,2432701,900,7200000,720000,2431800,810000,1621800,810000,0,0,0,811800,2483117,2.4831
distribute_parallel_for_1050_1050_1050,1050,1050,0,2100,11031300,3310651,1050,17640000,8820000,3309600,1102500,2207100,1102500,0,0,0,1104600,4171621,4.1716
distribute_parallel_for_1050_1050_1100,1050,1100,0,2200,11556600,3468301,1100,18060000,9240000,3467200,1155000,2312200,1155000,0,0,0,1157200,4189987,4.1900
distribute_parallel_for_1050_1050_1150,1050,1150,0,2300,12081900,3625951,1150,18480000,9660000,3624800,1207500,2417300,1207500,0,0,0,1209800,4401363,4.4014
distribute_parallel_for_1050_1050_1200,1050,1200,0,2400,12607200,3783601,1200,18900000,10080000,3782400,1260000,2522400,1260000,0,0,0,1262400,4572972,4.5730
distribute_parallel_for_1050_1050_1250,1050,1250,0,2500,13132500,3941251,1250,19320000,10500000,3940000,1312500,2627500,1312500,0,0,0,1315000,4786644,4.7866
distribute_parallel_for_1050_1050_1300,1050,1300,0,2600,13657800,4098901,1300,19740000,10920000,4097600,1365000,2732600,1365000,0,0,0,1367600,4958125,4.9581
distribute_parallel_for_1050_1050_1350,1050,1350,0,2700,14183100,4256551,1350,20160000,11340000,4255200,1417500,2837700,1417500,0,0,0,1420200,5240461,5.2405
distribute_parallel_for_1050_1050_1400,1050,1400,0,2800,14708400,4414201,1400,20580000,11760000,4412800,1470000,2942800,1470000,0,0,0,1472800,5345901,5.3459
distribute_parallel_for_1050_1050_1450,1050,1450,0,2900,15233700,4571851,1450,21000000,12180000,4570400,1522500,3047900,1522500,0,0,0,1525400,5563018,5.5630
distribute_parallel_for_1050_1050_1500,1050,1500,0,3000,15759000,4729501,1500,21420000,12600000,4728000,1575000,3153000,1575000,0,0,0,1578000,5904490,5.9045
distribute_parallel_for_1050_1050_1550,1050,1550,0,3100,16284300,4887151,1550,21840000,13020000,4885600,1627500,3258100,1627500,0,0,0,1630600,6013291,6.0133
distribute_parallel_for_1050_1050_1600,1050,1600,0,3200,16809600,5044801,1600,22260000,13440000,5043200,1680000,3363200,1680000,0,0,0,1683200,6143756,6.1438
distribute_parallel_for_1050_1050_1650,1050,1650,0,3300,17334900,5202451,1650,22680000,13860000,5200800,1732500,3468300,1732500,0,0,0,1735800,6498084,6.4981
distribute_parallel_for_1050_1050_1700,1050,1700,0,3400,17860200,5360101,1700,23100000,14280000,5358400,1785000,3573400,1785000,0,0,0,1788400,6490247,6.4902
distribute_parallel_for_1050_1050_1750,1050,1750,0,3500,18385500,5517751,1750,23520000,14700000,5516000,1837500,3678500,1837500,0,0,0,1841000,6672550,6.6726
distribute_parallel_for_1050_1050_1800,1050,1800,0,3600,18910800,5675401,1800,23940000,15120000,5673600,1890000,3783600,1890000,0,0,0,1893600,7073679,7.0737
distribute_parallel_for_1050_1050_1850,1050,1850,0,3700,19436100,5833051,1850,24360000,15540000,5831200,1942500,3888700,1942500,0,0,0,1946200,7074500,7.0745
distribute_parallel_for_1050_1050_1900,1050,1900,0,3800,19961400,5990701,1900,24780000,15960000,5988800,1995000,3993800,1995000,0,0,0,1998800,7262742,7.2627
distribute_parallel_for_1050_1050_1950,1050,1950,0,3900,20486700,6148351,1950,25200000,16380000,6146400,2047500,4098900,2047500,0,0,0,2051400,7623662,7.6237
distribute_parallel_for_1050_1050_2000,1050,2000,0,4000,21012000,6306001,2000,25620000,16800000,6304000,2100000,4204000,2100000,0,0,0,2104000,7622406,7.6224
distribute_parallel_for_1050_1100_1050,1050,1050,0,2100,11556300,3468151,1050,18480000,8820000,3467100,1155000,2312100,1155000,0,0,0,1157100,4195420,4.1954
distribute_parallel_for_1050_1100_1100,1050,1100,0,2200,12106600,3633301,1100,18920000,9240000,3632200,1210000,2422200,1210000,0,0,0,1212200,4400272,4.4003
distribute_parallel_for_1050_1100_1150,1050,1150,0,2300,12656900,3798451,1150,19360000,9660000,3797300,1265000,2532300,1265000,0,0,0,1267300,4592091,4.5921
distribute_parallel_for_1050_1100_1200,1050,1200,0,2400,13207200,3963601,1200,19800000,10080000,3962400,1320000,2642400,1320000,0,0,0,1322400,4929072,4.9291
distribute_parallel_for_1050_1100_1250,1050,1250,0,2500,13757500,4128751,1250,20240000,10500000,4127500,1375000,2752500,1375000,0,0,0,1377500,5041748,5.0417
distribute_parallel_for_1050_1100_1300,1050,1300,0,2600,14307800,4293901,1300,20680000,10920000,4292600,1430000,2862600,1430000,0,0,0,1432600,5202821,5.2028
distribute_parallel_for_1050_1100_1350,1050,1350,0,2700,14858100,4459051,1350,21120000,11340000,4457700,1485000,2972700,1485000,0,0,0,1487700,5416812,5.4168
distribute_parallel_for_1050_1100_1400,1050,1400,0,2800,15408400,4624201,1400,21560000,11760000,4622800,1540000,3082800,1540000,0,0,0,1542800,5645123,5.6451
distribute_parallel_for_1050_1100_1450,1050,1450,0,2900,15958700,4789351,1450,22000000,12180000,4787900,1595000,3192900,1595000,0,0,0,1597900,5798330,5.7983
distribute_parallel_for_1050_1100_1500,1050,1500,0,3000,16509000,4954501,1500,22440000,12600000,4953000,1650000,3303000,1650000,0,0,0,1653000,6022654,6.0227
distribute_parallel_for_1050_1100_1550,1050,1550,0,3100,17059300,5119651,1550,22880000,13020000,5118100,1705000,3413100,1705000,0,0,0,1708100,6201697,6.2017
distribute_parallel_for_1050_1100_1600,1050,1600,0,3200,17609600,5284801,1600,23320000,13440000,5283200,1760000,3523200,1760000,0,0,0,1763200,6605706,6.6057
distribute_parallel_for_1050_1100_1650,1050,1650,0,3300,18159900,5449951,1650,23760000,13860000,5448300,1815000,3633300,1815000,0,0,0,1818300,6594284,6.5943
distribute_parallel_for_1050_1100_1700,1050,1700,0,3400,18710200,5615101,1700,24200000,14280000,5613400,1870000,3743400,1870000,0,0,0,1873400,6792956,6.7930
distribute_parallel_for_1050_1100_1750,1050,1750,0,3500,19260500,5780251,1750,24640000,14700000,5778500,1925000,3853500,1925000,0,0,0,1928500,7023385,7.0234
distribute_parallel_for_1050_1100_1800,1050,1800,0,3600,19810800,5945401,1800,25080000,15120000,5943600,1980000,3963600,1980000,0,0,0,1983600,7242407,7.2424
distribute_parallel_for_1050_1100_1850,1050,1850,0,3700,20361100,6110551,1850,25520000,15540000,6108700,2035000,4073700,2035000,0,0,0,2038700,7395388,7.3954
distribute_parallel_for_1050_1100_1900,1050,1900,0,3800,20911400,6275701,1900,25960000,15960000,6273800,2090000,4183800,2090000,0,0,0,2093800,7630367,7.6304
distribute_parallel_for_1050_1100_1950,1050,1950,0,3900,21461700,6440851,1950,26400000,16380000,6438900,2145000,4293900,2145000,0,0,0,2148900,7784036,7.7840
distribute_parallel_for_1050_1100_2000,1050,2000,0,4000,22012000,6606001,2000,26840000,16800000,6604000,2200000,4404000,2200000,0,0,0,2204000,7985666,7.9857
distribute_parallel_for_1050_1150_1050,1050,1050,0,2100,12081300,3625651,1050,19320000,8820000,3624600,1207500,2417100,1207500,0,0,0,1209600,4383933,4.3839
distribute_parallel_for_1050_1150_1100,1050,1100,0,2200,12656600,3798301,1100,19780000,9240000,3797200,1265000,2532200,1265000,0,0,0,1267200,4597001,4.5970
distribute_parallel_for_1050_1150_1150,1050,1150,0,2300,13231900,3970951,1150,20240000,9660000,3969800,1322500,2647300,1322500,0,0,0,1324800,4803759,4.8038
distribute_parallel_for_1050_1150_1200,1050,1200,0,2400,13807200,4143601,1200,20700000,10080000,4142400,1380000,2762400,1380000,0,0,0,1382400,5010579,5.0106
distribute_parallel_for_1050_1150_1250,1050,1250,0,2500,14382500,4316251,1250,21160000,10500000,4315000,1437500,2877500,1437500,0,0,0,1440000,5371702,5.3717
distribute_parallel_for_1050_1150_1300,1050,1300,0,2600,14957800,4488901,1300,21620000,10920000,4487600,1495000,2992600,1495000,0,0,0,1497600,5453154,5.4532
distribute_parallel_for_1050_1150_1350,1050,1350,0,2700,15533100,4661551,1350,22080000,11340000,4660200,1552500,3107700,1552500,0,0,0,1555200,5690232,5.6902
distribute_parallel_for_1050_1150_1400,1050,1400,0,2800,16108400,4834201,1400,22540000,11760000,4832800,1610000,3222800,1610000,0,0,0,1612800,5868684,5.8687
distribute_parallel_for_1050_1150_1450,1050,1450,0,2900,16683700,5006851,1450,23000000,12180000,5005400,1667500,3337900,1667500,0,0,0,1670400,6046208,6.0462
distribute_parallel_for_1050_1150_1500,1050,1500,0,3000,17259000,5179501,1500,23460000,12600000,5178000,1725000,3453000,1725000,0,0,0,1728000,6299789,6.2998
distribute_parallel_for_1050_1150_1550,1050,1550,0,3100,17834300,5352151,1550,23920000,13020000,5350600,1782500,3568100,1782500,0,0,0,1785600,6589138,6.5891
distribute_parallel_for_1050_1150_1600,1050,1600,0,3200,18409600,5524801,1600,24380000,13440000,5523200,1840000,3683200,1840000,0,0,0,1843200,6680529,6.6805
distribute_parallel_for_1050_1150_1650,1050,1650,0,3300,18984900,5697451,1650,24840000,13860000,5695800,1897500,3798300,1897500,0,0,0,1900800,6901773,6.9018
distribute_parallel_for_1050_1150_1700,1050,1700,0,3400,19560200,5870101,1700,25300000,14280000,5868400,1955000,3913400,1955000,0,0,0,1958400,7304415,7.3044
distribute_parallel_for_1050_1150_1750,1050,1750,0,3500,20135500,6042751,1750,25760000,14700000,6041000,2012500,4028500,2012500,0,0,0,2016000,7298819,7.2988
distribute_parallel_for_1050_1150_1800,1050,1800,0,3600,20710800,6215401,1800,26220000,15120000,6213600,2070000,4143600,2070000,0,0,0,2073600,7521033,7.5210
distribute_parallel_for_1050_1150_1850,1050,1850,0,3700,21286100,6388051,1850,26680000,15540000,6386200,2127500,4258700,2127500,0,0,0,2131200,7737989,7.7380
distribute_parallel_for_1050_1150_1900,1050,1900,0,3800,21861400,6560701,1900,27140000,15960000,6558800,2185000,4373800,2185000,0,0,0,2188800,7994043,7.9940
distribute_parallel_for_1050_1150_1950,1050,1950,0,3900,22436700,6733351,1950,27600000,16380000,6731400,2242500,4488900,2242500,0,0,0,2246400,8175205,8.1752
distribute_parallel_for_1050_1150_2000,1050,2000,0,4000,23012000,6906001,2000,28060000,16800000,6904000,2300000,4604000,2300000,0,0,0,2304000,8383472,8.3835
distribute_parallel_for_1050_1200_1050,1050,1050,0,2100,12606300,3783151,1050,20160000,8820000,3782100,1260000,2522100,1260000,0,0,0,1262100,4570543,4.5705
distribute_parallel_for_1050_1200_1100,1050,1100,0,2200,13206600,3963301,1100,20640000,9240000,3962200,1320000,2642200,1320000,0,0,0,1322200,4798363,4.7984
distribute_parallel_for_1050_1200_1150,1050,1150,0,2300,13806900,4143451,1150,21120000,9660000,4142300,1380000,2762300,1380000,0,0,0,1382300,5219122,5.2191
distribute_parallel_for_1050_1200_1200,1050,1200,0,2400,14407200,4323601,1200,21600000,10080000,4322400,1440000,2882400,1440000,0,0,0,1442400,5232584,5.2326
distribute_parallel_for_1050_1200_1250,1050,1250,0,2500,15007500,4503751,1250,22080000,10500000,4502500,1500000,3002500,1500000,0,0,0,1502500,5445253,5.4453
distribute_parallel_for_1050_1200_1300,1050,1300,0,2600,15607800,4683901,1300,22560000,10920000,4682600,1560000,3122600,1560000,0,0,0,1562600,5676714,5.6767
distribute_parallel_for_1050_1200_1350,1050,1350,0,2700,16208100,4864051,1350,23040000,11340000,4862700,1620000,3242700,1620000,0,0,0,1622700,5916103,5.9161
distribute_parallel_for_1050_1200_1400,1050,1400,0,2800,16808400,5044201,1400,23520000,11760000,5042800,1680000,3362800,1680000,0,0,0,1682800,6100482,6.1005
distribute_parallel_for_1050_1200_1450,1050,1450,0,2900,17408700,5224351,1450,24000000,12180000,5222900,1740000,3482900,1740000,0,0,0,1742900,6329799,6.3298
distribute_parallel_for_1050_1200_1500,1050,1500,0,3000,18009000,5404501,1500,24480000,12600000,5403000,1800000,3603000,1800000,0,0,0,1803000,6569210,6.5692
distribute_parallel_for_1050_1200_1550,1050,1550,0,3100,18609300,5584651,1550,24960000,13020000,5583100,1860000,3723100,1860000,0,0,0,1863100,6786154,6.7862
distribute_parallel_for_1050_1200_1600,1050,1600,0,3200,19209600,5764801,1600,25440000,13440000,5763200,1920000,3843200,1920000,0,0,0,1923200,7170299,7.1703
distribute_parallel_for_1050_1200_1650,1050,1650,0,3300,19809900,5944951,1650,25920000,13860000,5943300,1980000,3963300,1980000,0,0,0,1983300,7199328,7.1993
distribute_parallel_for_1050_1200_1700,1050,1700,0,3400,20410200,6125101,1700,26400000,14280000,6123400,2040000,4083400,2040000,0,0,0,2043400,7458570,7.4586
distribute_parallel_for_1050_1200_1750,1050,1750,0,3500,21010500,6305251,1750,26880000,14700000,6303500,2100000,4203500,2100000,0,0,0,2103500,7781208,7.7812
distribute_parallel_for_1050_1200_1800,1050,1800,0,3600,21610800,6485401,1800,27360000,15120000,6483600,2160000,4323600,2160000,0,0,0,2163600,7849866,7.8499
distribute_parallel_for_1050_1200_1850,1050,1850,0,3700,22211100,6665551,1850,27840000,15540000,6663700,2220000,4443700,2220000,0,0,0,2223700,8071117,8.0711
distribute_parallel_for_1050_1200_1900,1050,1900,0,3800,22811400,6845701,1900,28320000,15960000,6843800,2280000,4563800,2280000,0,0,0,2283800,8290217,8.2902
distribute_parallel_for_1050_1200_1950,1050,1950,0,3900,23411700,7025851,1950,28800000,16380000,7023900,2340000,4683900,2340000,0,0,0,2343900,8520278,8.5203
distribute_parallel_for_1050_1200_2000,1050,2000,0,4000,24012000,7206001,2000,29280000,16800000,7204000,2400000,4804000,2400000,0,0,0,2404000,8734573,8.7346
distribute_parallel_for_1050_1250_1050,1050,1050,0,2100,13131300,3940651,1050,21000000,8820000,3939600,1312500,2627100,1312500,0,0,0,1314600,4769771,4.7698
distribute_parallel_for_1050_1250_1100,1050,1100,0,2200,13756600,4128301,1100,21500000,9240000,4127200,1375000,2752200,1375000,0,0,0,1377200,5024609,5.0246
distribute_parallel_for_1050_1250_1150,1050,1150,0,2300,14381900,4315951,1150,22000000,9660000,4314800,1437500,2877300,1437500,0,0,0,1439800,5249945,5.2499
distribute_parallel_for_1050_1250_1200,1050,1200,0,2400,15007200,4503601,1200,22500000,10080000,4502400,1500000,3002400,1500000,0,0,0,1502400,5443381,5.4434
distribute_parallel_for_1050_1250_1250,1050,1250,0,2500,15632500,4691251,1250,23000000,10500000,4690000,1562500,3127500,1562500,0,0,0,1565000,5679222,5.6792
distribute_parallel_for_1050_1250_1300,1050,1300,0,2600,16257800,4878901,1300,23500000,10920000,4877600,1625000,3252600,1625000,0,0,0,1627600,5900482,5.9005
distribute_parallel_for_1050_1250_1350,1050,1350,0,2700,16883100,5066551,1350,24000000,11340000,5065200,1687500,3377700,1687500,0,0,0,1690200,6320075,6.3201
distribute_parallel_for_1050_1250_1400,1050,1400,0,2800,17508400,5254201,1400,24500000,11760000,5252800,1750000,3502800,1750000,0,0,0,1752800,6345787,6.3458
distribute_parallel_for_1050_1250_1450,1050,1450,0,2900,18133700,5441851,1450,25000000,12180000,5440400,1812500,3627900,1812500,0,0,0,1815400,6611067,6.6111
distribute_parallel_for_1050_1250_1500,1050,1500,0,3000,18759000,5629501,1500,25500000,12600000,5628000,1875000,3753000,1875000,0,0,0,1878000,6976298,6.9763
distribute_parallel_for_1050_1250_1550,1050,1550,0,3100,19384300,5817151,1550,26000000,13020000,5815600,1937500,3878100,1937500,0,0,0,1940600,7044517,7.0445
distribute_parallel_for_1050_1250_1600,1050,1600,0,3200,20009600,6004801,1600,26500000,13440000,6003200,2000000,4003200,2000000,0,0,0,2003200,7301939,7.3019
distribute_parallel_for_1050_1250_1650,1050,1650,0,3300,20634900,6192451,1650,27000000,13860000,6190800,2062500,4128300,2062500,0,0,0,2065800,7678383,7.6784
distribute_parallel_for_1050_1250_1700,1050,1700,0,3400,21260200,6380101,1700,27500000,14280000,6378400,2125000,4253400,2125000,0,0,0,2128400,7748374,7.7484
distribute_parallel_for_1050_1250_1750,1050,1750,0,3500,21885500,6567751,1750,28000000,14700000,6566000,2187500,4378500,2187500,0,0,0,2191000,7939428,7.9394
distribute_parallel_for_1050_1250_1800,1050,1800,0,3600,22510800,6755401,1800,28500000,15120000,6753600,2250000,4503600,2250000,0,0,0,2253600,8343435,8.3434
distribute_parallel_for_1050_1250_1850,1050,1850,0,3700,23136100,6943051,1850,29000000,15540000,6941200,2312500,4628700,2312500,0,0,0,2316200,8393290,8.3933
distribute_parallel_for_1050_1250_1900,1050,1900,0,3800,23761400,7130701,1900,29500000,15960000,7128800,2375000,4753800,2375000,0,0,0,2378800,8627752,8.6278
distribute_parallel_for_1050_1250_1950,1050,1950,0,3900,24386700,7318351,1950,30000000,16380000,7316400,2437500,4878900,2437500,0,0,0,2441400,9033426,9.0334
distribute_parallel_for_1050_1250_2000,1050,2000,0,4000,25012000,7506001,2000,30500000,16800000,7504000,2500000,5004000,2500000,0,0,0,2504000,9112838,9.1128
distribute_parallel_for_1050_1300_1050,1050,1050,0,2100,13656300,4098151,1050,21840000,8820000,4097100,1365000,2732100,1365000,0,0,0,1367100,4968548,4.9685
distribute_parallel_for_1050_1300_1100,1050,1100,0,2200,14306600,4293301,1100,22360000,9240000,4292200,1430000,2862200,1430000,0,0,0,1432200,5379185,5.3792
distribute_parallel_for_1050_1300_1150,1050,1150,0,2300,14956900,4488451,1150,22880000,9660000,4487300,1495000,2992300,1495000,0,0,0,1497300,5425971,5.4260
distribute_parallel_for_1050_1300_1200,1050,1200,0,2400,15607200,4683601,1200,23400000,10080000,4682400,1560000,3122400,1560000,0,0,0,1562400,5669129,5.6691
distribute_parallel_for_1050_1300_1250,1050,1250,0,2500,16257500,4878751,1250,23920000,10500000,4877500,1625000,3252500,1625000,0,0,0,1627500,5974324,5.9743
distribute_parallel_for_1050_1300_1300,1050,1300,0,2600,16907800,5073901,1300,24440000,10920000,5072600,1690000,3382600,1690000,0,0,0,1692600,6168868,6.1689
distribute_parallel_for_1050_1300_1350,1050,1350,0,2700,17558100,5269051,1350,24960000,11340000,5267700,1755000,3512700,1755000,0,0,0,1757700,6378577,6.3786
distribute_parallel_for_1050_1300_1400,1050,1400,0,2800,18208400,5464201,1400,25480000,11760000,5462800,1820000,3642800,1820000,0,0,0,1822800,6730640,6.7306
distribute_parallel_for_1050_1300_1450,1050,1450,0,2900,18858700,5659351,1450,26000000,12180000,5657900,1885000,3772900,1885000,0,0,0,1887900,6850830,6.8508
distribute_parallel_for_1050_1300_1500,1050,1500,0,3000,19509000,5854501,1500,26520000,12600000,5853000,1950000,3903000,1950000,0,0,0,1953000,7113597,7.1136
distribute_parallel_for_1050_1300_1550,1050,1550,0,3100,20159300,6049651,1550,27040000,13020000,6048100,2015000,4033100,2015000,0,0,0,2018100,7356235,7.3562
distribute_parallel_for_1050_1300_1600,1050,1600,0,3200,20809600,6244801,1600,27560000,13440000,6243200,2080000,4163200,2080000,0,0,0,2083200,7561909,7.5619
distribute_parallel_for_1050_1300_1650,1050,1650,0,3300,21459900,6439951,1650,28080000,13860000,6438300,2145000,4293300,2145000,0,0,0,2148300,7829015,7.8290
distribute_parallel_for_1050_1300_1700,1050,1700,0,3400,22110200,6635101,1700,28600000,14280000,6633400,2210000,4423400,2210000,0,0,0,2213400,8064336,8.0643
distribute_parallel_for_1050_1300_1750,1050,1750,0,3500,22760500,6830251,1750,29120000,14700000,6828500,2275000,4553500,2275000,0,0,0,2278500,8445102,8.4451
distribute_parallel_for_1050_1300_1800,1050,1800,0,3600,23410800,7025401,1800,29640000,15120000,7023600,2340000,4683600,2340000,0,0,0,2343600,8504995,8.5050
distribute_parallel_for_1050_1300_1850,1050,1850,0,3700,24061100,7220551,1850,30160000,15540000,7218700,2405000,4813700,2405000,0,0,0,2408700,8750261,8.7503
distribute_parallel_for_1050_1300_1900,1050,1900,0,3800,24711400,7415701,1900,30680000,15960000,7413800,2470000,4943800,2470000,0,0,0,2473800,9202020,9.2020
distribute_parallel_for_1050_1300_1950,1050,1950,0,3900,25361700,7610851,1950,31200000,16380000,7608900,2535000,5073900,2535000,0,0,0,2538900,9215437,9.2154
distribute_parallel_for_1050_1300_2000,1050,2000,0,4000,26012000,7806001,2000,31720000,16800000,7804000,2600000,5204000,2600000,0,0,0,2604000,9493759,9.4938
distribute_parallel_for_1050_1350_1050,1050,1050,0,2100,14181300,4255651,1050,22680000,8820000,4254600,1417500,2837100,1417500,0,0,0,1419600,5158009,5.1580
distribute_parallel_for_1050_1350_1100,1050,1100,0,2200,14856600,4458301,1100,23220000,9240000,4457200,1485000,2972200,1485000,0,0,0,1487200,5588509,5.5885
distribute_parallel_for_1050_1350_1150,1050,1150,0,2300,15531900,4660951,1150,23760000,9660000,4659800,1552500,3107300,1552500,0,0,0,1554800,5640108,5.6401
distribute_parallel_for_1050_1350_1200,1050,1200,0,2400,16207200,4863601,1200,24300000,10080000,4862400,1620000,3242400,1620000,0,0,0,1622400,5911791,5.9118
distribute_parallel_for_1050_1350_1250,1050,1250,0,2500,16882500,5066251,1250,24840000,10500000,5065000,1687500,3377500,1687500,0,0,0,1690000,6296102,6.2961
distribute_parallel_for_1050_1350_1300,1050,1300,0,2600,17557800,5268901,1300,25380000,10920000,5267600,1755000,3512600,1755000,0,0,0,1757600,6370394,6.3704
distribute_parallel_for_1050_1350_1350,1050,1350,0,2700,18233100,5471551,1350,25920000,11340000,5470200,1822500,3647700,1822500,0,0,0,1825200,6606259,6.6063
distribute_parallel_for_1050_1350_1400,1050,1400,0,2800,18908400,5674201,1400,26460000,11760000,5672800,1890000,3782800,1890000,0,0,0,1892800,7013821,7.0138
distribute_parallel_for_1050_1350_1450,1050,1450,0,2900,19583700,5876851,1450,27000000,12180000,5875400,1957500,3917900,1957500,0,0,0,1960400,7111602,7.1116
distribute_parallel_for_1050_1350_1500,1050,1500,0,3000,20259000,6079501,1500,27540000,12600000,6078000,2025000,4053000,2025000,0,0,0,2028000,7354140,7.3541
distribute_parallel_for_1050_1350_1550,1050,1550,0,3100,20934300,6282151,1550,28080000,13020000,6280600,2092500,4188100,2092500,0,0,0,2095600,7736872,7.7369
distribute_parallel_for_1050_1350_1600,1050,1600,0,3200,21609600,6484801,1600,28620000,13440000,6483200,2160000,4323200,2160000,0,0,0,2163200,7850472,7.8505
distribute_parallel_for_1050_1350_1650,1050,1650,0,3300,22284900,6687451,1650,29160000,13860000,6685800,2227500,4458300,2227500,0,0,0,2230800,8273855,8.2739
distribute_parallel_for_1050_1350_1700,1050,1700,0,3400,22960200,6890101,1700,29700000,14280000,6888400,2295000,4593400,2295000,0,0,0,2298400,8365107,8.3651
distribute_parallel_for_1050_1350_1750,1050,1750,0,3500,23635500,7092751,1750,30240000,14700000,7091000,2362500,4728500,2362500,0,0,0,2366000,8578798,8.5788
distribute_parallel_for_1050_1350_1800,1050,1800,0,3600,24310800,7295401,1800,30780000,15120000,7293600,2430000,4863600,2430000,0,0,0,2433600,8864739,8.8647
distribute_parallel_for_1050_1350_1850,1050,1850,0,3700,24986100,7498051,1850,31320000,15540000,7496200,2497500,4998700,2497500,0,0,0,2501200,9237554,9.2376
distribute_parallel_for_1050_1350_1900,1050,1900,0,3800,25661400,7700701,1900,31860000,15960000,7698800,2565000,5133800,2565000,0,0,0,2568800,9395074,9.3951
distribute_parallel_for_1050_1350_1950,1050,1950,0,3900,26336700,7903351,1950,32400000,16380000,7901400,2632500,5268900,2632500,0,0,0,2636400,9570012,9.5700
distribute_parallel_for_1050_1350_2000,1050,2000,0,4000,27012000,8106001,2000,32940000,16800000,8104000,2700000,5404000,2700000,0,0,0,2704000,9932562,9.9326
distribute_parallel_for_1050_1400_1050,1050,1050,0,2100,14706300,4413151,1050,23520000,8820000,4412100,1470000,2942100,1470000,0,0,0,1472100,5351385,5.3514
distribute_parallel_for_1050_1400_1100,1050,1100,0,2200,15406600,4623301,1100,24080000,9240000,4622200,1540000,3082200,1540000,0,0,0,1542200,5624824,5.6248
distribute_parallel_for_1050_1400_1150,1050,1150,0,2300,16106900,4833451,1150,24640000,9660000,4832300,1610000,3222300,1610000,0,0,0,1612300,6053308,6.0533
distribute_parallel_for_1050_1400_1200,1050,1200,0,2400,16807200,5043601,1200,25200000,10080000,5042400,1680000,3362400,1680000,0,0,0,1682400,6112592,6.1126
distribute_parallel_for_1050_1400_1250,1050,1250,0,2500,17507500,5253751,1250,25760000,10500000,5252500,1750000,3502500,1750000,0,0,0,1752500,6365038,6.3650
distribute_parallel_for_1050_1400_1300,1050,1300,0,2600,18207800,5463901,1300,26320000,10920000,5462600,1820000,3642600,1820000,0,0,0,1822600,6616466,6.6165
distribute_parallel_for_1050_1400_1350,1050,1350,0,2700,18908100,5674051,1350,26880000,11340000,5672700,1890000,3782700,1890000,0,0,0,1892700,7040597,7.0406
distribute_parallel_for_1050_1400_1400,1050,1400,0,2800,19608400,5884201,1400,27440000,11760000,5882800,1960000,3922800,1960000,0,0,0,1962800,7111950,7.1120
distribute_parallel_for_1050_1400_1450,1050,1450,0,2900,20308700,6094351,1450,28000000,12180000,6092900,2030000,4062900,2030000,0,0,0,2032900,7376337,7.3763
distribute_parallel_for_1050_1400_1500,1050,1500,0,3000,21009000,6304501,1500,28560000,12600000,6303000,2100000,4203000,2100000,0,0,0,2103000,7633220,7.6332
distribute_parallel_for_1050_1400_1550,1050,1550,0,3100,21709300,6514651,1550,29120000,13020000,6513100,2170000,4343100,2170000,0,0,0,2173100,7916651,7.9167
distribute_parallel_for_1050_1400_1600,1050,1600,0,3200,22409600,6724801,1600,29680000,13440000,6723200,2240000,4483200,2240000,0,0,0,2243200,8337521,8.3375
distribute_parallel_for_1050_1400_1650,1050,1650,0,3300,23109900,6934951,1650,30240000,13860000,6933300,2310000,4623300,2310000,0,0,0,2313300,8392021,8.3920
distribute_parallel_for_1050_1400_1700,1050,1700,0,3400,23810200,7145101,1700,30800000,14280000,7143400,2380000,4763400,2380000,0,0,0,2383400,8712303,8.7123
distribute_parallel_for_1050_1400_1750,1050,1750,0,3500,24510500,7355251,1750,31360000,14700000,7353500,2450000,4903500,2450000,0,0,0,2453500,9097214,9.0972
distribute_parallel_for_1050_1400_1800,1050,1800,0,3600,25210800,7565401,1800,31920000,15120000,7563600,2520000,5043600,2520000,0,0,0,2523600,9176459,9.1765
distribute_parallel_for_1050_1400_1850,1050,1850,0,3700,25911100,7775551,1850,32480000,15540000,7773700,2590000,5183700,2590000,0,0,0,2593700,9603474,9.6035
distribute_parallel_for_1050_1400_1900,1050,1900,0,3800,26611400,7985701,1900,33040000,15960000,7983800,2660000,5323800,2660000,0,0,0,2663800,9742303,9.7423
distribute_parallel_for_1050_1400_1950,1050,1950,0,3900,27311700,8195851,1950,33600000,16380000,8193900,2730000,5463900,2730000,0,0,0,2733900,10122603,10.1226
distribute_parallel_for_1050_1400_2000,1050,2000,0,4000,28012000,8406001,2000,34160000,16800000,8404000,2800000,5604000,2800000,0,0,0,2804000,10187824,10.1878
distribute_parallel_for_1050_1450_1050,1050,1050,0,2100,15231300,4570651,1050,24360000,8820000,4569600,1522500,3047100,1522500,0,0,0,1524600,5702296,5.7023
distribute_parallel_for_1050_1450_1100,1050,1100,0,2200,15956600,4788301,1100,24940000,9240000,4787200,1595000,3192200,1595000,0,0,0,1597200,5829419,5.8294
distribute_parallel_for_1050_1450_1150,1050,1150,0,2300,16681900,5005951,1150,25520000,9660000,5004800,1667500,3337300,1667500,0,0,0,1669800,6094338,6.0943
distribute_parallel_for_1050_1450_1200,1050,1200,0,2400,17407200,5223601,1200,26100000,10080000,5222400,1740000,3482400,1740000,0,0,0,1742400,6492022,6.4920
distribute_parallel_for_1050_1450_1250,1050,1250,0,2500,18132500,5441251,1250,26680000,10500000,5440000,1812500,3627500,1812500,0,0,0,1815000,6578815,6.5788
distribute_parallel_for_1050_1450_1300,1050,1300,0,2600,18857800,5658901,1300,27260000,10920000,5657600,1885000,3772600,1885000,0,0,0,1887600,6869716,6.8697
distribute_parallel_for_1050_1450_1350,1050,1350,0,2700,19583100,5876551,1350,27840000,11340000,5875200,1957500,3917700,1957500,0,0,0,1960200,7098446,7.0984
distribute_parallel_for_1050_1450_1400,1050,1400,0,2800,20308400,6094201,1400,28420000,11760000,6092800,2030000,4062800,2030000,0,0,0,2032800,7589069,7.5891
distribute_parallel_for_1050_1450_1450,1050,1450,0,2900,21033700,6311851,1450,29000000,12180000,6310400,2102500,4207900,2102500,0,0,0,2105400,7633848,7.6338
distribute_parallel_for_1050_1450_1500,1050,1500,0,3000,21759000,6529501,1500,29580000,12600000,6528000,2175000,4353000,2175000,0,0,0,2178000,7892480,7.8925
distribute_parallel_for_1050_1450_1550,1050,1550,0,3100,22484300,6747151,1550,30160000,13020000,6745600,2247500,4498100,2247500,0,0,0,2250600,8309595,8.3096
distribute_parallel_for_1050_1450_1600,1050,1600,0,3200,23209600,6964801,1600,30740000,13440000,6963200,2320000,4643200,2320000,0,0,0,2323200,8430667,8.4307
distribute_parallel_for_1050_1450_1650,1050,1650,0,3300,23934900,7182451,1650,31320000,13860000,7180800,2392500,4788300,2392500,0,0,0,2395800,8703077,8.7031
distribute_parallel_for_1050_1450_1700,1050,1700,0,3400,24660200,7400101,1700,31900000,14280000,7398400,2465000,4933400,2465000,0,0,0,2468400,9043206,9.0432
distribute_parallel_for_1050_1450_1750,1050,1750,0,3500,25385500,7617751,1750,32480000,14700000,7616000,2537500,5078500,2537500,0,0,0,2541000,9218107,9.2181
distribute_parallel_for_1050_1450_1800,1050,1800,0,3600,26110800,7835401,1800,33060000,15120000,7833600,2610000,5223600,2610000,0,0,0,2613600,9479527,9.4795
distribute_parallel_for_1050_1450_1850,1050,1850,0,3700,26836100,8053051,1850,33640000,15540000,8051200,2682500,5368700,2682500,0,0,0,2686200,9905488,9.9055
distribute_parallel_for_1050_1450_1900,1050,1900,0,3800,27561400,8270701,1900,34220000,15960000,8268800,2755000,5513800,2755000,0,0,0,2758800,10005211,10.0052
distribute_parallel_for_1050_1450_1950,1050,1950,0,3900,28286700,8488351,1950,34800000,16380000,8486400,2827500,5658900,2827500,0,0,0,2831400,10273639,10.2736
distribute_parallel_for_1050_1450_2000,1050,2000,0,4000,29012000,8706001,2000,35380000,16800000,8704000,2900000,5804000,2900000,0,0,0,2904000,10727668,10.7277
distribute_parallel_for_1050_1500_1050,1050,1050,0,2100,15756300,4728151,1050,25200000,8820000,4727100,1575000,3152100,1575000,0,0,0,1577100,5748147,5.7481
distribute_parallel_for_1050_1500_1100,1050,1100,0,2200,16506600,4953301,1100,25800000,9240000,4952200,1650000,3302200,1650000,0,0,0,1652200,6022269,6.0223
distribute_parallel_for_1050_1500_1150,1050,1150,0,2300,17256900,5178451,1150,26400000,9660000,5177300,1725000,3452300,1725000,0,0,0,1727300,6262983,6.2630
distribute_parallel_for_1050_1500_1200,1050,1200,0,2400,18007200,5403601,1200,27000000,10080000,5402400,1800000,3602400,1800000,0,0,0,1802400,6571696,6.5717
distribute_parallel_for_1050_1500_1250,1050,1250,0,2500,18757500,5628751,1250,27600000,10500000,5627500,1875000,3752500,1875000,0,0,0,1877500,7008570,7.0086
distribute_parallel_for_1050_1500_1300,1050,1300,0,2600,19507800,5853901,1300,28200000,10920000,5852600,1950000,3902600,1950000,0,0,0,1952600,7117490,7.1175
distribute_parallel_for_1050_1500_1350,1050,1350,0,2700,20258100,6079051,1350,28800000,11340000,6077700,2025000,4052700,2025000,0,0,0,2027700,7351325,7.3513
distribute_parallel_for_1050_1500_1400,1050,1400,0,2800,21008400,6304201,1400,29400000,11760000,6302800,2100000,4202800,2100000,0,0,0,2102800,7820962,7.8210
distribute_parallel_for_1050_1500_1450,1050,1450,0,2900,21758700,6529351,1450,30000000,12180000,6527900,2175000,4352900,2175000,0,0,0,2177900,7910049,7.9100
distribute_parallel_for_1050_1500_1500,1050,1500,0,3000,22509000,6754501,1500,30600000,12600000,6753000,2250000,4503000,2250000,0,0,0,2253000,8172293,8.1723
distribute_parallel_for_1050_1500_1550,1050,1550,0,3100,23259300,6979651,1550,31200000,13020000,6978100,2325000,4653100,2325000,0,0,0,2328100,8648657,8.6487
distribute_parallel_for_1050_1500_1600,1050,1600,0,3200,24009600,7204801,1600,31800000,13440000,7203200,2400000,4803200,2400000,0,0,0,2403200,8754001,8.7540
distribute_parallel_for_1050_1500_1650,1050,1650,0,3300,24759900,7429951,1650,32400000,13860000,7428300,2475000,4953300,2475000,0,0,0,2478300,9044831,9.0448
distribute_parallel_for_1050_1500_1700,1050,1700,0,3400,25510200,7655101,1700,33000000,14280000,7653400,2550000,5103400,2550000,0,0,0,2553400,9309459,9.3095
distribute_parallel_for_1050_1500_1750,1050,1750,0,3500,26260500,7880251,1750,33600000,14700000,7878500,2625000,5253500,2625000,0,0,0,2628500,9707187,9.7072
distribute_parallel_for_1050_1500_1800,1050,1800,0,3600,27010800,8105401,1800,34200000,15120000,8103600,2700000,5403600,2700000,0,0,0,2703600,9829492,9.8295
distribute_parallel_for_1050_1500_1850,1050,1850,0,3700,27761100,8330551,1850,34800000,15540000,8328700,2775000,5553700,2775000,0,0,0,2778700,10289551,10.2896
distribute_parallel_for_1050_1500_1900,1050,1900,0,3800,28511400,8555701,1900,35400000,15960000,8553800,2850000,5703800,2850000,0,0,0,2853800,10360700,10.3607
distribute_parallel_for_1050_1500_1950,1050,1950,0,3900,29261700,8780851,1950,36000000,16380000,8778900,2925000,5853900,2925000,0,0,0,2928900,10834110,10.8341
distribute_parallel_for_1050_1500_2000,1050,2000,0,4000,30012000,9006001,2000,36600000,16800000,9004000,3000000,6004000,3000000,0,0,0,3004000,10963552,10.9636
distribute_parallel_for_1050_1550_1050,1050,1050,0,2100,16281300,4885651,1050,26040000,8820000,4884600,1627500,3257100,1627500,0,0,0,1629600,5921356,5.9214
distribute_parallel_for_1050_1550_1100,1050,1100,0,2200,17056600,5118301,1100,26660000,9240000,5117200,1705000,3412200,1705000,0,0,0,1707200,6363207,6.3632
distribute_parallel_for_1050_1550_1150,1050,1150,0,2300,17831900,5350951,1150,27280000,9660000,5349800,1782500,3567300,1782500,0,0,0,1784800,6473943,6.4739
distribute_parallel_for_1050_1550_1200,1050,1200,0,2400,18607200,5583601,1200,27900000,10080000,5582400,1860000,3722400,1860000,0,0,0,1862400,6754959,6.7550
distribute_parallel_for_1050_1550_1250,1050,1250,0,2500,19382500,5816251,1250,28520000,10500000,5815000,1937500,3877500,1937500,0,0,0,1940000,7216440,7.2164
distribute_parallel_for_1050_1550_1300,1050,1300,0,2600,20157800,6048901,1300,29140000,10920000,6047600,2015000,4032600,2015000,0,0,0,2017600,7314819,7.3148
distribute_parallel_for_1050_1550_1350,1050,1350,0,2700,20933100,6281551,1350,29760000,11340000,6280200,2092500,4187700,2092500,0,0,0,2095200,7599948,7.5999
distribute_parallel_for_1050_1550_1400,1050,1400,0,2800,21708400,6514201,1400,30380000,11760000,6512800,2170000,4342800,2170000,0,0,0,2172800,7885555,7.8856
distribute_parallel_for_1050_1550_1450,1050,1450,0,2900,22483700,6746851,1450,31000000,12180000,6745400,2247500,4497900,2247500,0,0,0,2250400,8191855,8.1919
distribute_parallel_for_1050_1550_1500,1050,1500,0,3000,23259000,6979501,1500,31620000,12600000,6978000,2325000,4653000,2325000,0,0,0,2328000,8617412,8.6174
distribute_parallel_for_1050_1550_1550,1050,1550,0,3100,24034300,7212151,1550,32240000,13020000,7210600,2402500,4808100,2402500,0,0,0,2405600,8720615,8.7206
distribute_parallel_for_1050_1550_1600,1050,1600,0,3200,24809600,7444801,1600,32860000,13440000,7443200,2480000,4963200,2480000,0,0,0,2483200,9003123,9.0031
distribute_parallel_for_1050_1550_1650,1050,1650,0,3300,25584900,7677451,1650,33480000,13860000,7675800,2557500,5118300,2557500,0,0,0,2560800,9390699,9.3907
distribute_parallel_for_1050_1550_1700,1050,1700,0,3400,26360200,7910101,1700,34100000,14280000,7908400,2635000,5273400,2635000,0,0,0,2638400,9639027,9.6390
distribute_parallel_for_1050_1550_1750,1050,1750,0,3500,27135500,8142751,1750,34720000,14700000,8141000,2712500,5428500,2712500,0,0,0,2716000,10034703,10.0347
distribute_parallel_for_1050_1550_1800,1050,1800,0,3600,27910800,8375401,1800,35340000,15120000,8373600,2790000,5583600,2790000,0,0,0,2793600,10184297,10.1843
distribute_parallel_for_1050_1550_1850,1050,1850,0,3700,28686100,8608051,1850,35960000,15540000,8606200,2867500,5738700,2867500,0,0,0,2871200,10572317,10.5723
distribute_parallel_for_1050_1550_1900,1050,1900,0,3800,29461400,8840701,1900,36580000,15960000,8838800,2945000,5893800,2945000,0,0,0,2948800,10712058,10.7121
distribute_parallel_for_1050_1550_1950,1050,1950,0,3900,30236700,9073351,1950,37200000,16380000,9071400,3022500,6048900,3022500,0,0,0,3026400,11201425,11.2014
distribute_parallel_for_1050_1550_2000,1050,2000,0,4000,31012000,9306001,2000,37820000,16800000,9304000,3100000,6204000,3100000,0,0,0,3104000,11243020,11.2430
distribute_parallel_for_1050_1600_1050,1050,1050,0,2100,16806300,5043151,1050,26880000,8820000,5042100,1680000,3362100,1680000,0,0,0,1682100,6298735,6.2987
distribute_parallel_for_1050_1600_1100,1050,1100,0,2200,17606600,5283301,1100,27520000,9240000,5282200,1760000,3522200,1760000,0,0,0,1762200,6425809,6.4258
distribute_parallel_for_1050_1600_1150,1050,1150,0,2300,18406900,5523451,1150,28160000,9660000,5522300,1840000,3682300,1840000,0,0,0,1842300,6704814,6.7048
distribute_parallel_for_1050_1600_1200,1050,1200,0,2400,19207200,5763601,1200,28800000,10080000,5762400,1920000,3842400,1920000,0,0,0,1922400,7149392,7.1494
distribute_parallel_for_1050_1600_1250,1050,1250,0,2500,20007500,6003751,1250,29440000,10500000,6002500,2000000,4002500,2000000,0,0,0,2002500,7328990,7.3290
distribute_parallel_for_1050_1600_1300,1050,1300,0,2600,20807800,6243901,1300,30080000,10920000,6242600,2080000,4162600,2080000,0,0,0,2082600,7777139,7.7771
distribute_parallel_for_1050_1600_1350,1050,1350,0,2700,21608100,6484051,1350,30720000,11340000,6482700,2160000,4322700,2160000,0,0,0,2162700,7894310,7.8943
distribute_parallel_for_1050_1600_1400,1050,1400,0,2800,22408400,6724201,1400,31360000,11760000,6722800,2240000,4482800,2240000,0,0,0,2242800,8138854,8.1389
distribute_parallel_for_1050_1600_1450,1050,1450,0,2900,23208700,6964351,1450,32000000,12180000,6962900,2320000,4642900,2320000,0,0,0,2322900,8595349,8.5953
distribute_parallel_for_1050_1600_1500,1050,1500,0,3000,24009000,7204501,1500,32640000,12600000,7203000,2400000,4803000,2400000,0,0,0,2403000,8706952,8.7070
distribute_parallel_for_1050_1600_1550,1050,1550,0,3100,24809300,7444651,1550,33280000,13020000,7443100,2480000,4963100,2480000,0,0,0,2483100,9009122,9.0091
distribute_parallel_for_1050_1600_1600,1050,1600,0,3200,25609600,7684801,1600,33920000,13440000,7683200,2560000,5123200,2560000,0,0,0,2563200,9479936,9.4799
distribute_parallel_for_1050_1600_1650,1050,1650,0,3300,26409900,7924951,1650,34560000,13860000,7923300,2640000,5283300,2640000,0,0,0,2643300,9652707,9.6527
distribute_parallel_for_1050_1600_1700,1050,1700,0,3400,27210200,8165101,1700,35200000,14280000,8163400,2720000,5443400,2720000,0,0,0,2723400,9907397,9.9074
distribute_parallel_for_1050_1600_1750,1050,1750,0,3500,28010500,8405251,1750,35840000,14700000,8403500,2800000,5603500,2800000,0,0,0,2803500,10181683,10.1817
distribute_parallel_for_1050_1600_1800,1050,1800,0,3600,28810800,8645401,1800,36480000,15120000,8643600,2880000,5763600,2880000,0,0,0,2883600,10581304,10.5813
distribute_parallel_for_1050_1600_1850,1050,1850,0,3700,29611100,8885551,1850,37120000,15540000,8883700,2960000,5923700,2960000,0,0,0,2963700,10770095,10.7701
distribute_parallel_for_1050_1600_1900,1050,1900,0,3800,30411400,9125701,1900,37760000,15960000,9123800,3040000,6083800,3040000,0,0,0,3043800,11248750,11.2487
distribute_parallel_for_1050_1600_1950,1050,1950,0,3900,31211700,9365851,1950,38400000,16380000,9363900,3120000,6243900,3120000,0,0,0,3123900,11328148,11.3281
distribute_parallel_for_1050_1600_2000,1050,2000,0,4000,32012000,9606001,2000,39040000,16800000,9604000,3200000,6404000,3200000,0,0,0,3204000,11808951,11.8090
distribute_parallel_for_1050_1650_1050,1050,1050,0,2100,17331300,5200651,1050,27720000,8820000,5199600,1732500,3467100,1732500,0,0,0,1734600,6294535,6.2945
distribute_parallel_for_1050_1650_1100,1050,1100,0,2200,18156600,5448301,1100,28380000,9240000,5447200,1815000,3632200,1815000,0,0,0,1817200,6790321,6.7903
distribute_parallel_for_1050_1650_1150,1050,1150,0,2300,18981900,5695951,1150,29040000,9660000,5694800,1897500,3797300,1897500,0,0,0,1899800,6886367,6.8864
distribute_parallel_for_1050_1650_1200,1050,1200,0,2400,19807200,5943601,1200,29700000,10080000,5942400,1980000,3962400,1980000,0,0,0,1982400,7189446,7.1894
distribute_parallel_for_1050_1650_1250,1050,1250,0,2500,20632500,6191251,1250,30360000,10500000,6190000,2062500,4127500,2062500,0,0,0,2065000,7649221,7.6492
distribute_parallel_for_1050_1650_1300,1050,1300,0,2600,21457800,6438901,1300,31020000,10920000,6437600,2145000,4292600,2145000,0,0,0,2147600,7788762,7.7888
distribute_parallel_for_1050_1650_1350,1050,1350,0,2700,22283100,6686551,1350,31680000,11340000,6685200,2227500,4457700,2227500,0,0,0,2230200,8124008,8.1240
distribute_parallel_for_1050_1650_1400,1050,1400,0,2800,23108400,6934201,1400,32340000,11760000,6932800,2310000,4622800,2310000,0,0,0,2312800,8547878,8.5479
distribute_parallel_for_1050_1650_1450,1050,1450,0,2900,23933700,7181851,1450,33000000,12180000,7180400,2392500,4787900,2392500,0,0,0,2395400,8698125,8.6981
distribute_parallel_for_1050_1650_1500,1050,1500,0,3000,24759000,7429501,1500,33660000,12600000,7428000,2475000,4953000,2475000,0,0,0,2478000,9027487,9.0275
distribute_parallel_for_1050_1650_1550,1050,1550,0,3100,25584300,7677151,1550,34320000,13020000,7675600,2557500,5118100,2557500,0,0,0,2560600,9383279,9.3833
distribute_parallel_for_1050_1650_1600,1050,1600,0,3200,26409600,7924801,1600,34980000,13440000,7923200,2640000,5283200,2640000,0,0,0,2643200,9626155,9.6262
distribute_parallel_for_1050_1650_1650,1050,1650,0,3300,27234900,8172451,1650,35640000,13860000,8170800,2722500,5448300,2722500,0,0,0,2725800,9931889,9.9319
distribute_parallel_for_1050_1650_1700,1050,1700,0,3400,28060200,8420101,1700,36300000,14280000,8418400,2805000,5613400,2805000,0,0,0,2808400,10337895,10.3379
distribute_parallel_for_1050_1650_1750,1050,1750,0,3500,28885500,8667751,1750,36960000,14700000,8666000,2887500,5778500,2887500,0,0,0,2891000,10532160,10.5322
distribute_parallel_for_1050_1650_1800,1050,1800,0,3600,29710800,8915401,1800,37620000,15120000,8913600,2970000,5943600,2970000,0,0,0,2973600,10943587,10.9436
distribute_parallel_for_1050_1650_1850,1050,1850,0,3700,30536100,9163051,1850,38280000,15540000,9161200,3052500,6108700,3052500,0,0,0,3056200,11135008,11.1350
distribute_parallel_for_1050_1650_1900,1050,1900,0,3800,31361400,9410701,1900,38940000,15960000,9408800,3135000,6273800,3135000,0,0,0,3138800,11532438,11.5324
distribute_parallel_for_1050_1650_1950,1050,1950,0,3900,32186700,9658351,1950,39600000,16380000,9656400,3217500,6438900,3217500,0,0,0,3221400,11681705,11.6817
distribute_parallel_for_1050_1650_2000,1050,2000,0,4000,33012000,9906001,2000,40260000,16800000,9904000,3300000,6604000,3300000,0,0,0,3304000,12139441,12.1394
distribute_parallel_for_1050_1700_1050,1050,1050,0,2100,17856300,5358151,1050,28560000,8820000,5357100,1785000,3572100,1785000,0,0,0,1787100,6490302,6.4903
distribute_parallel_for_1050_1700_1100,1050,1100,0,2200,18706600,5613301,1100,29240000,9240000,5612200,1870000,3742200,1870000,0,0,0,1872200,6825132,6.8251
distribute_parallel_for_1050_1700_1150,1050,1150,0,2300,19556900,5868451,1150,29920000,9660000,5867300,1955000,3912300,1955000,0,0,0,1957300,7279111,7.2791
distribute_parallel_for_1050_1700_1200,1050,1200,0,2400,20407200,6123601,1200,30600000,10080000,6122400,2040000,4082400,2040000,0,0,0,2042400,7448210,7.4482
distribute_parallel_for_1050_1700_1250,1050,1250,0,2500,21257500,6378751,1250,31280000,10500000,6377500,2125000,4252500,2125000,0,0,0,2127500,7711322,7.7113
distribute_parallel_for_1050_1700_1300,1050,1300,0,2600,22107800,6633901,1300,31960000,10920000,6632600,2210000,4422600,2210000,0,0,0,2212600,8033530,8.0335
distribute_parallel_for_1050_1700_1350,1050,1350,0,2700,22958100,6889051,1350,32640000,11340000,6887700,2295000,4592700,2295000,0,0,0,2297700,8425187,8.4252
distribute_parallel_for_1050_1700_1400,1050,1400,0,2800,23808400,7144201,1400,33320000,11760000,7142800,2380000,4762800,2380000,0,0,0,2382800,8668535,8.6685
distribute_parallel_for_1050_1700_1450,1050,1450,0,2900,24658700,7399351,1450,34000000,12180000,7397900,2465000,4932900,2465000,0,0,0,2467900,9148519,9.1485
distribute_parallel_for_1050_1700_1500,1050,1500,0,3000,25509000,7654501,1500,34680000,12600000,7653000,2550000,5103000,2550000,0,0,0,2553000,9281621,9.2816
distribute_parallel_for_1050_1700_1550,1050,1550,0,3100,26359300,7909651,1550,35360000,13020000,7908100,2635000,5273100,2635000,0,0,0,2638100,9762167,9.7622
distribute_parallel_for_1050_1700_1600,1050,1600,0,3200,27209600,8164801,1600,36040000,13440000,8163200,2720000,5443200,2720000,0,0,0,2723200,9892480,9.8925
distribute_parallel_for_1050_1700_1650,1050,1650,0,3300,28059900,8419951,1650,36720000,13860000,8418300,2805000,5613300,2805000,0,0,0,2808300,10357367,10.3574
distribute_parallel_for_1050_1700_1700,1050,1700,0,3400,28910200,8675101,1700,37400000,14280000,8673400,2890000,5783400,2890000,0,0,0,2893400,10563684,10.5637
distribute_parallel_for_1050_1700_1750,1050,1750,0,3500,29760500,8930251,1750,38080000,14700000,8928500,2975000,5953500,2975000,0,0,0,2978500,10986659,10.9867
distribute_parallel_for_1050_1700_1800,1050,1800,0,3600,30610800,9185401,1800,38760000,15120000,9183600,3060000,6123600,3060000,0,0,0,3063600,11135105,11.1351
distribute_parallel_for_1050_1700_1850,1050,1850,0,3700,31461100,9440551,1850,39440000,15540000,9438700,3145000,6293700,3145000,0,0,0,3148700,11674231,11.6742
distribute_parallel_for_1050_1700_1900,1050,1900,0,3800,32311400,9695701,1900,40120000,15960000,9693800,3230000,6463800,3230000,0,0,0,3233800,11790897,11.7909
distribute_parallel_for_1050_1700_1950,1050,1950,0,3900,33161700,9950851,1950,40800000,16380000,9948900,3315000,6633900,3315000,0,0,0,3318900,12187811,12.1878
distribute_parallel_for_1050_1700_2000,1050,2000,0,4000,34012000,10206001,2000,41480000,16800000,10204000,3400000,6804000,3400000,0,0,0,3404000,12426910,12.4269
distribute_parallel_for_1050_1750_1050,1050,1050,0,2100,18381300,5515651,1050,29400000,8820000,5514600,1837500,3677100,1837500,0,0,0,1839600,6663012,6.6630
distribute_parallel_for_1050_1750_1100,1050,1100,0,2200,19256600,5778301,1100,30100000,9240000,5777200,1925000,3852200,1925000,0,0,0,1927200,6993336,6.9933
distribute_parallel_for_1050_1750_1150,1050,1150,0,2300,20131900,6040951,1150,30800000,9660000,6039800,2012500,4027300,2012500,0,0,0,2014800,7296306,7.2963
distribute_parallel_for_1050_1750_1200,1050,1200,0,2400,21007200,6303601,1200,31500000,10080000,6302400,2100000,4202400,2100000,0,0,0,2102400,7778367,7.7784
distribute_parallel_for_1050_1750_1250,1050,1250,0,2500,21882500,6566251,1250,32200000,10500000,6565000,2187500,4377500,2187500,0,0,0,2190000,7957623,7.9576
distribute_parallel_for_1050_1750_1300,1050,1300,0,2600,22757800,6828901,1300,32900000,10920000,6827600,2275000,4552600,2275000,0,0,0,2277600,8296174,8.2962
distribute_parallel_for_1050_1750_1350,1050,1350,0,2700,23633100,7091551,1350,33600000,11340000,7090200,2362500,4727700,2362500,0,0,0,2365200,8723802,8.7238
distribute_parallel_for_1050_1750_1400,1050,1400,0,2800,24508400,7354201,1400,34300000,11760000,7352800,2450000,4902800,2450000,0,0,0,2452800,8890807,8.8908
distribute_parallel_for_1050_1750_1450,1050,1450,0,2900,25383700,7616851,1450,35000000,12180000,7615400,2537500,5077900,2537500,0,0,0,2540400,9252531,9.2525
distribute_parallel_for_1050_1750_1500,1050,1500,0,3000,26259000,7879501,1500,35700000,12600000,7878000,2625000,5253000,2625000,0,0,0,2628000,9652739,9.6527
distribute_parallel_for_1050_1750_1550,1050,1550,0,3100,27134300,8142151,1550,36400000,13020000,8140600,2712500,5428100,2712500,0,0,0,2715600,9893502,9.8935
distribute_parallel_for_1050_1750_1600,1050,1600,0,3200,28009600,8404801,1600,37100000,13440000,8403200,2800000,5603200,2800000,0,0,0,2803200,10340684,10.3407
distribute_parallel_for_1050_1750_1650,1050,1650,0,3300,28884900,8667451,1650,37800000,13860000,8665800,2887500,5778300,2887500,0,0,0,2890800,10490860,10.4909
distribute_parallel_for_1050_1750_1700,1050,1700,0,3400,29760200,8930101,1700,38500000,14280000,8928400,2975000,5953400,2975000,0,0,0,2978400,11004354,11.0044
distribute_parallel_for_1050_1750_1750,1050,1750,0,3500,30635500,9192751,1750,39200000,14700000,9191000,3062500,6128500,3062500,0,0,0,3066000,11127455,11.1275
distribute_parallel_for_1050_1750_1800,1050,1800,0,3600,31510800,9455401,1800,39900000,15120000,9453600,3150000,6303600,3150000,0,0,0,3153600,11567669,11.5677
distribute_parallel_for_1050_1750_1850,1050,1850,0,3700,32386100,9718051,1850,40600000,15540000,9716200,3237500,6478700,3237500,0,0,0,3241200,11816357,11.8164
distribute_parallel_for_1050_1750_1900,1050,1900,0,3800,33261400,9980701,1900,41300000,15960000,9978800,3325000,6653800,3325000,0,0,0,3328800,12216914,12.2169
distribute_parallel_for_1050_1750_1950,1050,1950,0,3900,34136700,10243351,1950,42000000,16380000,10241400,3412500,6828900,3412500,0,0,0,3416400,12451566,12.4516
distribute_parallel_for_1050_1750_2000,1050,2000,0,4000,35012000,10506001,2000,42700000,16800000,10504000,3500000,7004000,3500000,0,0,0,3504000,12883893,12.8839
distribute_parallel_for_1050_1800_1050,1050,1050,0,2100,18906300,5673151,1050,30240000,8820000,5672100,1890000,3782100,1890000,0,0,0,1892100,6896654,6.8967
distribute_parallel_for_1050_1800_1100,1050,1100,0,2200,19806600,5943301,1100,30960000,9240000,5942200,1980000,3962200,1980000,0,0,0,1982200,7255869,7.2559
distribute_parallel_for_1050_1800_1150,1050,1150,0,2300,20706900,6213451,1150,31680000,9660000,6212300,2070000,4142300,2070000,0,0,0,2072300,7521658,7.5217
distribute_parallel_for_1050_1800_1200,1050,1200,0,2400,21607200,6483601,1200,32400000,10080000,6482400,2160000,4322400,2160000,0,0,0,2162400,7888351,7.8884
distribute_parallel_for_1050_1800_1250,1050,1250,0,2500,22507500,6753751,1250,33120000,10500000,6752500,2250000,4502500,2250000,0,0,0,2252500,8345980,8.3460
distribute_parallel_for_1050_1800_1300,1050,1300,0,2600,23407800,7023901,1300,33840000,10920000,7022600,2340000,4682600,2340000,0,0,0,2342600,8501655,8.5017
distribute_parallel_for_1050_1800_1350,1050,1350,0,2700,24308100,7294051,1350,34560000,11340000,7292700,2430000,4862700,2430000,0,0,0,2432700,9009698,9.0097
distribute_parallel_for_1050_1800_1400,1050,1400,0,2800,25208400,7564201,1400,35280000,11760000,7562800,2520000,5042800,2520000,0,0,0,2522800,9140250,9.1402
distribute_parallel_for_1050_1800_1450,1050,1450,0,2900,26108700,7834351,1450,36000000,12180000,7832900,2610000,5222900,2610000,0,0,0,2612900,9474224,9.4742
distribute_parallel_for_1050_1800_1500,1050,1500,0,3000,27009000,8104501,1500,36720000,12600000,8103000,2700000,5403000,2700000,0,0,0,2703000,9966726,9.9667
distribute_parallel_for_1050_1800_1550,1050,1550,0,3100,27909300,8374651,1550,37440000,13020000,8373100,2790000,5583100,2790000,0,0,0,2793100,10142831,10.1428
distribute_parallel_for_1050_1800_1600,1050,1600,0,3200,28809600,8644801,1600,38160000,13440000,8643200,2880000,5763200,2880000,0,0,0,2883200,10471079,10.4711
distribute_parallel_for_1050_1800_1650,1050,1650,0,3300,29709900,8914951,1650,38880000,13860000,8913300,2970000,5943300,2970000,0,0,0,2973300,10808077,10.8081
distribute_parallel_for_1050_1800_1700,1050,1700,0,3400,30610200,9185101,1700,39600000,14280000,9183400,3060000,6123400,3060000,0,0,0,3063400,11209542,11.2095
distribute_parallel_for_1050_1800_1750,1050,1750,0,3500,31510500,9455251,1750,40320000,14700000,9453500,3150000,6303500,3150000,0,0,0,3153500,11443731,11.4437
distribute_parallel_for_1050_1800_1800,1050,1800,0,3600,32410800,9725401,1800,41040000,15120000,9723600,3240000,6483600,3240000,0,0,0,3243600,12004904,12.0049
distribute_parallel_for_1050_1800_1850,1050,1850,0,3700,33311100,9995551,1850,41760000,15540000,9993700,3330000,6663700,3330000,0,0,0,3333700,12107571,12.1076
distribute_parallel_for_1050_1800_1900,1050,1900,0,3800,34211400,10265701,1900,42480000,15960000,10263800,3420000,6843800,3420000,0,0,0,3423800,12599059,12.5991
distribute_parallel_for_1050_1800_1950,1050,1950,0,3900,35111700,10535851,1950,43200000,16380000,10533900,3510000,7023900,3510000,0,0,0,3513900,12765871,12.7659
distribute_parallel_for_1050_1800_2000,1050,2000,0,4000,36012000,10806001,2000,43920000,16800000,10804000,3600000,7204000,3600000,0,0,0,3604000,13259692,13.2597
distribute_parallel_for_1050_1850_1050,1050,1050,0,2100,19431300,5830651,1050,31080000,8820000,5829600,1942500,3887100,1942500,0,0,0,1944600,7057520,7.0575
distribute_parallel_for_1050_1850_1100,1050,1100,0,2200,20356600,6108301,1100,31820000,9240000,6107200,2035000,4072200,2035000,0,0,0,2037200,7509565,7.5096
distribute_parallel_for_1050_1850_1150,1050,1150,0,2300,21281900,6385951,1150,32560000,9660000,6384800,2127500,4257300,2127500,0,0,0,2129800,7754111,7.7541
distribute_parallel_for_1050_1850_1200,1050,1200,0,2400,22207200,6663601,1200,33300000,10080000,6662400,2220000,4442400,2220000,0,0,0,2222400,8095202,8.0952
distribute_parallel_for_1050_1850_1250,1050,1250,0,2500,23132500,6941251,1250,34040000,10500000,6940000,2312500,4627500,2312500,0,0,0,2315000,8520959,8.5210
distribute_parallel_for_1050_1850_1300,1050,1300,0,2600,24057800,7218901,1300,34780000,10920000,7217600,2405000,4812600,2405000,0,0,0,2407600,8748548,8.7485
distribute_parallel_for_1050_1850_1350,1050,1350,0,2700,24983100,7496551,1350,35520000,11340000,7495200,2497500,4997700,2497500,0,0,0,2500200,9252814,9.2528
distribute_parallel_for_1050_1850_1400,1050,1400,0,2800,25908400,7774201,1400,36260000,11760000,7772800,2590000,5182800,2590000,0,0,0,2592800,9457371,9.4574
distribute_parallel_for_1050_1850_1450,1050,1450,0,2900,26833700,8051851,1450,37000000,12180000,8050400,2682500,5367900,2682500,0,0,0,2685400,9930111,9.9301
distribute_parallel_for_1050_1850_1500,1050,1500,0,3000,27759000,8329501,1500,37740000,12600000,8328000,2775000,5553000,2775000,0,0,0,2778000,10115491,10.1155
distribute_parallel_for_1050_1850_1550,1050,1550,0,3100,28684300,8607151,1550,38480000,13020000,8605600,2867500,5738100,2867500,0,0,0,2870600,10600879,10.6009
distribute_parallel_for_1050_1850_1600,1050,1600,0,3200,29609600,8884801,1600,39220000,13440000,8883200,2960000,5923200,2960000,0,0,0,2963200,10768904,10.7689
distribute_parallel_for_1050_1850_1650,1050,1650,0,3300,30534900,9162451,1650,39960000,13860000,9160800,3052500,6108300,3052500,0,0,0,3055800,11270570,11.2706
distribute_parallel_for_1050_1850_1700,1050,1700,0,3400,31460200,9440101,1700,40700000,14280000,9438400,3145000,6293400,3145000,0,0,0,3148400,11414804,11.4148
distribute_parallel_for_1050_1850_1750,1050,1750,0,3500,32385500,9717751,1750,41440000,14700000,9716000,3237500,6478500,3237500,0,0,0,3241000,11882481,11.8825
distribute_parallel_for_1050_1850_1800,1050,1800,0,3600,33310800,9995401,1800,42180000,15120000,9993600,3330000,6663600,3330000,0,0,0,3333600,12145457,12.1455
distribute_parallel_for_1050_1850_1850,1050,1850,0,3700,34236100,10273051,1850,42920000,15540000,10271200,3422500,6848700,3422500,0,0,0,3426200,12588862,12.5889
distribute_parallel_for_1050_1850_1900,1050,1900,0,3800,35161400,10550701,1900,43660000,15960000,10548800,3515000,7033800,3515000,0,0,0,3518800,12743205,12.7432
distribute_parallel_for_1050_1850_1950,1050,1950,0,3900,36086700,10828351,1950,44400000,16380000,10826400,3607500,7218900,3607500,0,0,0,3611400,13270099,13.2701
distribute_parallel_for_1050_1850_2000,1050,2000,0,4000,37012000,11106001,2000,45140000,16800000,11104000,3700000,7404000,3700000,0,0,0,3704000,13437456,13.4375
distribute_parallel_for_1050_1900_1050,1050,1050,0,2100,19956300,5988151,1050,31920000,8820000,5987100,1995000,3992100,1995000,0,0,0,1997100,7409756,7.4098
distribute_parallel_for_1050_1900_1100,1050,1100,0,2200,20906600,6273301,1100,32680000,9240000,6272200,2090000,4182200,2090000,0,0,0,2092200,7643088,7.6431
distribute_parallel_for_1050_1900_1150,1050,1150,0,2300,21856900,6558451,1150,33440000,9660000,6557300,2185000,4372300,2185000,0,0,0,2187300,8122678,8.1227
distribute_parallel_for_1050_1900_1200,1050,1200,0,2400,22807200,6843601,1200,34200000,10080000,6842400,2280000,4562400,2280000,0,0,0,2282400,8324161,8.3242
distribute_parallel_for_1050_1900_1250,1050,1250,0,2500,23757500,7128751,1250,34960000,10500000,7127500,2375000,4752500,2375000,0,0,0,2377500,8728653,8.7287
distribute_parallel_for_1050_1900_1300,1050,1300,0,2600,24707800,7413901,1300,35720000,10920000,7412600,2470000,4942600,2470000,0,0,0,2472600,9013306,9.0133
distribute_parallel_for_1050_1900_1350,1050,1350,0,2700,25658100,7699051,1350,36480000,11340000,7697700,2565000,5132700,2565000,0,0,0,2567700,9328915,9.3289
distribute_parallel_for_1050_1900_1400,1050,1400,0,2800,26608400,7984201,1400,37240000,11760000,7982800,2660000,5322800,2660000,0,0,0,2662800,9843602,9.8436
distribute_parallel_for_1050_1900_1450,1050,1450,0,2900,27558700,8269351,1450,38000000,12180000,8267900,2755000,5512900,2755000,0,0,0,2757900,10051620,10.0516
distribute_parallel_for_1050_1900_1500,1050,1500,0,3000,28509000,8554501,1500,38760000,12600000,8553000,2850000,5703000,2850000,0,0,0,2853000,10511959,10.5120
distribute_parallel_for_1050_1900_1550,1050,1550,0,3100,29459300,8839651,1550,39520000,13020000,8838100,2945000,5893100,2945000,0,0,0,2948100,10746684,10.7467
distribute_parallel_for_1050_1900_1600,1050,1600,0,3200,30409600,9124801,1600,40280000,13440000,9123200,3040000,6083200,3040000,0,0,0,3043200,11193953,11.1940
distribute_parallel_for_1050_1900_1650,1050,1650,0,3300,31359900,9409951,1650,41040000,13860000,9408300,3135000,6273300,3135000,0,0,0,3138300,11438999,11.4390
distribute_parallel_for_1050_1900_1700,1050,1700,0,3400,32310200,9695101,1700,41800000,14280000,9693400,3230000,6463400,3230000,0,0,0,3233400,11904676,11.9047
distribute_parallel_for_1050_1900_1750,1050,1750,0,3500,33260500,9980251,1750,42560000,14700000,9978500,3325000,6653500,3325000,0,0,0,3328500,12096798,12.0968
distribute_parallel_for_1050_1900_1800,1050,1800,0,3600,34210800,10265401,1800,43320000,15120000,10263600,3420000,6843600,3420000,0,0,0,3423600,12639518,12.6395
distribute_parallel_for_1050_1900_1850,1050,1850,0,3700,35161100,10550551,1850,44080000,15540000,10548700,3515000,7033700,3515000,0,0,0,3518700,12833904,12.8339
distribute_parallel_for_1050_1900_1900,1050,1900,0,3800,36111400,10835701,1900,44840000,15960000,10833800,3610000,7223800,3610000,0,0,0,3613800,13292994,13.2930
distribute_parallel_for_1050_1900_1950,1050,1950,0,3900,37061700,11120851,1950,45600000,16380000,11118900,3705000,7413900,3705000,0,0,0,3708900,13440296,13.4403
distribute_parallel_for_1050_1900_2000,1050,2000,0,4000,38012000,11406001,2000,46360000,16800000,11404000,3800000,7604000,3800000,0,0,0,3804000,13986057,13.9861
distribute_parallel_for_1050_1950_1050,1050,1050,0,2100,20481300,6145651,1050,32760000,8820000,6144600,2047500,4097100,2047500,0,0,0,2049600,7440312,7.4403
distribute_parallel_for_1050_1950_1100,1050,1100,0,2200,21456600,6438301,1100,33540000,9240000,6437200,2145000,4292200,2145000,0,0,0,2147200,7976932,7.9769
distribute_parallel_for_1050_1950_1150,1050,1150,0,2300,22431900,6730951,1150,34320000,9660000,6729800,2242500,4487300,2242500,0,0,0,2244800,8128150,8.1281
distribute_parallel_for_1050_1950_1200,1050,1200,0,2400,23407200,7023601,1200,35100000,10080000,7022400,2340000,4682400,2340000,0,0,0,2342400,8532894,8.5329
distribute_parallel_for_1050_1950_1250,1050,1250,0,2500,24382500,7316251,1250,35880000,10500000,7315000,2437500,4877500,2437500,0,0,0,2440000,9012005,9.0120
distribute_parallel_for_1050_1950_1300,1050,1300,0,2600,25357800,7608901,1300,36660000,10920000,7607600,2535000,5072600,2535000,0,0,0,2537600,9220235,9.2202
distribute_parallel_for_1050_1950_1350,1050,1350,0,2700,26333100,7901551,1350,37440000,11340000,7900200,2632500,5267700,2632500,0,0,0,2635200,9708850,9.7088
distribute_parallel_for_1050_1950_1400,1050,1400,0,2800,27308400,8194201,1400,38220000,11760000,8192800,2730000,5462800,2730000,0,0,0,2732800,9952359,9.9524
distribute_parallel_for_1050_1950_1450,1050,1450,0,2900,28283700,8486851,1450,39000000,12180000,8485400,2827500,5657900,2827500,0,0,0,2830400,10465435,10.4654
distribute_parallel_for_1050_1950_1500,1050,1500,0,3000,29259000,8779501,1500,39780000,12600000,8778000,2925000,5853000,2925000,0,0,0,2928000,10627483,10.6275
distribute_parallel_for_1050_1950_1550,1050,1550,0,3100,30234300,9072151,1550,40560000,13020000,9070600,3022500,6048100,3022500,0,0,0,3025600,11148850,11.1488
distribute_parallel_for_1050_1950_1600,1050,1600,0,3200,31209600,9364801,1600,41340000,13440000,9363200,3120000,6243200,3120000,0,0,0,3123200,11329584,11.3296
distribute_parallel_for_1050_1950_1650,1050,1650,0,3300,32184900,9657451,1650,42120000,13860000,9655800,3217500,6438300,3217500,0,0,0,3220800,11825394,11.8254
distribute_parallel_for_1050_1950_1700,1050,1700,0,3400,33160200,9950101,1700,42900000,14280000,9948400,3315000,6633400,3315000,0,0,0,3318400,12043812,12.0438
distribute_parallel_for_1050_1950_1750,1050,1750,0,3500,34135500,10242751,1750,43680000,14700000,10241000,3412500,6828500,3412500,0,0,0,3416000,12515619,12.5156
distribute_parallel_for_1050_1950_1800,1050,1800,0,3600,35110800,10535401,1800,44460000,15120000,10533600,3510000,7023600,3510000,0,0,0,3513600,12749670,12.7497
distribute_parallel_for_1050_1950_1850,1050,1850,0,3700,36086100,10828051,1850,45240000,15540000,10826200,3607500,7218700,3607500,0,0,0,3611200,13250255,13.2503
distribute_parallel_for_1050_1950_1900,1050,1900,0,3800,37061400,11120701,1900,46020000,15960000,11118800,3705000,7413800,3705000,0,0,0,3708800,13448992,13.4490
distribute_parallel_for_1050_1950_1950,1050,1950,0,3900,38036700,11413351,1950,46800000,16380000,11411400,3802500,7608900,3802500,0,0,0,3806400,14008247,14.0082
distribute_parallel_for_1050_1950_2000,1050,2000,0,4000,39012000,11706001,2000,47580000,16800000,11704000,3900000,7804000,3900000,0,0,0,3904000,14189926,14.1899
distribute_parallel_for_1050_2000_1050,1050,1050,0,2100,21006300,6303151,1050,33600000,8820000,6302100,2100000,4202100,2100000,0,0,0,2102100,7796659,7.7967
distribute_parallel_for_1050_2000_1100,1050,1100,0,2200,22006600,6603301,1100,34400000,9240000,6602200,2200000,4402200,2200000,0,0,0,2202200,8011797,8.0118
distribute_parallel_for_1050_2000_1150,1050,1150,0,2300,23006900,6903451,1150,35200000,9660000,6902300,2300000,4602300,2300000,0,0,0,2302300,8510072,8.5101
distribute_parallel_for_1050_2000_1200,1050,1200,0,2400,24007200,7203601,1200,36000000,10080000,7202400,2400000,4802400,2400000,0,0,0,2402400,8731964,8.7320
distribute_parallel_for_1050_2000_1250,1050,1250,0,2500,25007500,7503751,1250,36800000,10500000,7502500,2500000,5002500,2500000,0,0,0,2502500,9231859,9.2319
distribute_parallel_for_1050_2000_1300,1050,1300,0,2600,26007800,7803901,1300,37600000,10920000,7802600,2600000,5202600,2600000,0,0,0,2602600,9449326,9.4493
distribute_parallel_for_1050_2000_1350,1050,1350,0,2700,27008100,8104051,1350,38400000,11340000,8102700,2700000,5402700,2700000,0,0,0,2702700,9921042,9.9210
distribute_parallel_for_1050_2000_1400,1050,1400,0,2800,28008400,8404201,1400,39200000,11760000,8402800,2800000,5602800,2800000,0,0,0,2802800,10156815,10.1568
distribute_parallel_for_1050_2000_1450,1050,1450,0,2900,29008700,8704351,1450,40000000,12180000,8702900,2900000,5802900,2900000,0,0,0,2902900,10754848,10.7548
distribute_parallel_for_1050_2000_1500,1050,1500,0,3000,30009000,9004501,1500,40800000,12600000,9003000,3000000,6003000,3000000,0,0,0,3003000,10923000,10.9230
distribute_parallel_for_1050_2000_1550,1050,1550,0,3100,31009300,9304651,1550,41600000,13020000,9303100,3100000,6203100,3100000,0,0,0,3103100,11467736,11.4677
distribute_parallel_for_1050_2000_1600,1050,1600,0,3200,32009600,9604801,1600,42400000,13440000,9603200,3200000,6403200,3200000,0,0,0,3203200,11608889,11.6089
distribute_parallel_for_1050_2000_1650,1050,1650,0,3300,33009900,9904951,1650,43200000,13860000,9903300,3300000,6603300,3300000,0,0,0,3303300,12141797,12.1418
distribute_parallel_for_1050_2000_1700,1050,1700,0,3400,34010200,10205101,1700,44000000,14280000,10203400,3400000,6803400,3400000,0,0,0,3403400,12407366,12.4074
distribute_parallel_for_1050_2000_1750,1050,1750,0,3500,35010500,10505251,1750,44800000,14700000,10503500,3500000,7003500,3500000,0,0,0,3503500,12722439,12.7224
distribute_parallel_for_1050_2000_1800,1050,1800,0,3600,36010800,10805401,1800,45600000,15120000,10803600,3600000,7203600,3600000,0,0,0,3603600,13081253,13.0813
distribute_parallel_for_1050_2000_1850,1050,1850,0,3700,37011100,11105551,1850,46400000,15540000,11103700,3700000,7403700,3700000,0,0,0,3703700,13641674,13.6417
distribute_parallel_for_1050_2000_1900,1050,1900,0,3800,38011400,11405701,1900,47200000,15960000,11403800,3800000,7603800,3800000,0,0,0,3803800,13802757,13.8028
distribute_parallel_for_1050_2000_1950,1050,1950,0,3900,39011700,11705851,1950,48000000,16380000,11703900,3900000,7803900,3900000,0,0,0,3903900,14238425,14.2384
distribute_parallel_for_1050_2000_2000,1050,2000,0,4000,40012000,12006001,2000,48800000,16800000,12004000,4000000,8004000,4000000,0,0,0,4004000,14537755,14.5378
distribute_parallel_for_1100_1050_1050,1100,1050,0,2100,11031300,3310651,1050,18060000,9240000,3309600,1102500,2207100,1102500,0,0,0,1104600,3599770,3.5998
distribute_parallel_for_1100_1050_1100,1100,1100,0,2200,11556600,3468301,1100,18480000,9680000,3467200,1155000,2312200,1155000,0,0,0,1157200,3771116,3.7711
distribute_parallel_for_1100_1050_1150,1100,1150,0,2300,12081900,3625951,1150,18900000,10120000,3624800,1207500,2417300,1207500,0,0,0,1209800,3945938,3.9459
distribute_parallel_for_1100_1050_1200,1100,1200,0,2400,12607200,3783601,1200,19320000,10560000,3782400,1260000,2522400,1260000,0,0,0,1262400,4257587,4.2576
distribute_parallel_for_1100_1050_1250,1100,1250,0,2500,13132500,3941251,1250,19740000,11000000,3940000,1312500,2627500,1312500,0,0,0,1315000,4284867,4.2849
distribute_parallel_for_1100_1050_1300,1100,1300,0,2600,13657800,4098901,1300,20160000,11440000,4097600,1365000,2732600,1365000,0,0,0,1367600,4456568,4.4566
distribute_parallel_for_1100_1050_1350,1100,1350,0,2700,14183100,4256551,1350,20580000,11880000,4255200,1417500,2837700,1417500,0,0,0,1420200,4817638,4.8176
distribute_parallel_for_1100_1050_1400,1100,1400,0,2800,14708400,4414201,1400,21000000,12320000,4412800,1470000,2942800,1470000,0,0,0,1472800,4799108,4.7991
distribute_parallel_for_1100_1050_1450,1100,1450,0,2900,15233700,4571851,1450,21420000,12760000,4570400,1522500,3047900,1522500,0,0,0,1525400,4963848,4.9638
distribute_parallel_for_1100_1050_1500,1100,1500,0,3000,15759000,4729501,1500,21840000,13200000,4728000,1575000,3153000,1575000,0,0,0,1578000,5138232,5.1382
distribute_parallel_for_1100_1050_1550,1100,1550,0,3100,16284300,4887151,1550,22260000,13640000,4885600,1627500,3258100,1627500,0,0,0,1630600,5478373,5.4784
distribute_parallel_for_1100_1050_1600,1100,1600,0,3200,16809600,5044801,1600,22680000,14080000,5043200,1680000,3363200,1680000,0,0,0,1683200,5483677,5.4837
distribute_parallel_for_1100_1050_1650,1100,1650,0,3300,17334900,5202451,1650,23100000,14520000,5200800,1732500,3468300,1732500,0,0,0,1735800,5659528,5.6595
distribute_parallel_for_1100_1050_1700,1100,1700,0,3400,17860200,5360101,1700,23520000,14960000,5358400,1785000,3573400,1785000,0,0,0,1788400,5824214,5.8242
distribute_parallel_for_1100_1050_1750,1100,1750,0,3500,18385500,5517751,1750,23940000,15400000,5516000,1837500,3678500,1837500,0,0,0,1841000,6001200,6.0012
distribute_parallel_for_1100_1050_1800,1100,1800,0,3600,18910800,5675401,1800,24360000,15840000,5673600,1890000,3783600,1890000,0,0,0,1893600,6166965,6.1670
distribute_parallel_for_1100_1050_1850,1100,1850,0,3700,19436100,5833051,1850,24780000,16280000,5831200,1942500,3888700,1942500,0,0,0,1946200,6528662,6.5287
distribute_parallel_for_1100_1050_1900,1100,1900,0,3800,19961400,5990701,1900,25200000,16720000,5988800,1995000,3993800,1995000,0,0,0,1998800,6517265,6.5173
distribute_parallel_for_1100_1050_1950,1100,1950,0,3900,20486700,6148351,1950,25620000,17160000,6146400,2047500,4098900,2047500,0,0,0,2051400,6681258,6.6813
distribute_parallel_for_1100_1050_2000,1100,2000,0,4000,21012000,6306001,2000,26040000,17600000,6304000,2100000,4204000,2100000,0,0,0,2104000,6851245,6.8512
distribute_parallel_for_1100_1100_1050,1100,1050,0,2100,11556300,3468151,1050,18920000,9240000,3467100,1155000,2312100,1155000,0,0,0,1157100,3772848,3.7728
distribute_parallel_for_1100_1100_1100,1100,1100,0,2200,12106600,3633301,1100,19360000,9680000,3632200,1210000,2422200,1210000,0,0,0,1212200,3954545,3.9545
distribute_parallel_for_1100_1100_1150,1100,1150,0,2300,12656900,3798451,1150,19800000,10120000,3797300,1265000,2532300,1265000,0,0,0,1267300,4299248,4.2992
distribute_parallel_for_1100_1100_1200,1100,1200,0,2400,13207200,3963601,1200,20240000,10560000,3962400,1320000,2642400,1320000,0,0,0,1322400,4312659,4.3127
distribute_parallel_for_1100_1100_1250,1100,1250,0,2500,13757500,4128751,1250,20680000,11000000,4127500,1375000,2752500,1375000,0,0,0,1377500,4491559,4.4916
distribute_parallel_for_1100_1100_1300,1100,1300,0,2600,14307800,4293901,1300,21120000,11440000,4292600,1430000,2862600,1430000,0,0,0,1432600,4668623,4.6686
distribute_parallel_for_1100_1100_1350,1100,1350,0,2700,14858100,4459051,1350,21560000,11880000,4457700,1485000,2972700,1485000,0,0,0,1487700,5014969,5.0150
distribute_parallel_for_1100_1100_1400,1100,1400,0,2800,15408400,4624201,1400,22000000,12320000,4622800,1540000,3082800,1540000,0,0,0,1542800,5027931,5.0279
distribute_parallel_for_1100_1100_1450,1100,1450,0,2900,15958700,4789351,1450,22440000,12760000,4787900,1595000,3192900,1595000,0,0,0,1597900,5210717,5.2107
distribute_parallel_for_1100_1100_1500,1100,1500,0,3000,16509000,4954501,1500,22880000,13200000,4953000,1650000,3303000,1650000,0,0,0,1653000,5393683,5.3937
distribute_parallel_for_1100_1100_1550,1100,1550,0,3100,17059300,5119651,1550,23320000,13640000,5118100,1705000,3413100,1705000,0,0,0,1708100,5568060,5.5681
distribute_parallel_for_1100_1100_1600,1100,1600,0,3200,17609600,5284801,1600,23760000,14080000,5283200,1760000,3523200,1760000,0,0,0,1763200,5742578,5.7426
distribute_parallel_for_1100_1100_1650,1100,1650,0,3300,18159900,5449951,1650,24200000,14520000,5448300,1815000,3633300,1815000,0,0,0,1818300,5926619,5.9266
distribute_parallel_for_1100_1100_1700,1100,1700,0,3400,18710200,5615101,1700,24640000,14960000,5613400,1870000,3743400,1870000,0,0,0,1873400,6107476,6.1075
distribute_parallel_for_1100_1100_1750,1100,1750,0,3500,19260500,5780251,1750,25080000,15400000,5778500,1925000,3853500,1925000,0,0,0,1928500,6442241,6.4422
distribute_parallel_for_1100_1100_1800,1100,1800,0,3600,19810800,5945401,1800,25520000,15840000,5943600,1980000,3963600,1980000,0,0,0,1983600,6472045,6.4720
distribute_parallel_for_1100_1100_1850,1100,1850,0,3700,20361100,6110551,1850,25960000,16280000,6108700,2035000,4073700,2035000,0,0,0,2038700,6648433,6.6484
distribute_parallel_for_1100_1100_1900,1100,1900,0,3800,20911400,6275701,1900,26400000,16720000,6273800,2090000,4183800,2090000,0,0,0,2093800,6813820,6.8138
distribute_parallel_for_1100_1100_1950,1100,1950,0,3900,21461700,6440851,1950,26840000,17160000,6438900,2145000,4293900,2145000,0,0,0,2148900,7003070,7.0031
distribute_parallel_for_1100_1100_2000,1100,2000,0,4000,22012000,6606001,2000,27280000,17600000,6604000,2200000,4404000,2200000,0,0,0,2204000,7354541,7.3545
distribute_parallel_for_1100_1150_1050,1100,1050,0,2100,12081300,3625651,1050,19780000,9240000,3624600,1207500,2417100,1207500,0,0,0,1209600,3947959,3.9480
distribute_parallel_for_1100_1150_1100,1100,1100,0,2200,12656600,3798301,1100,20240000,9680000,3797200,1265000,2532200,1265000,0,0,0,1267200,4143102,4.1431
distribute_parallel_for_1100_1150_1150,1100,1150,0,2300,13231900,3970951,1150,20700000,10120000,3969800,1322500,2647300,1322500,0,0,0,1324800,4494654,4.4947
distribute_parallel_for_1100_1150_1200,1100,1200,0,2400,13807200,4143601,1200,21160000,10560000,4142400,1380000,2762400,1380000,0,0,0,1382400,4507002,4.5070
distribute_parallel_for_1100_1150_1250,1100,1250,0,2500,14382500,4316251,1250,21620000,11000000,4315000,1437500,2877500,1437500,0,0,0,1440000,4688780,4.6888
distribute_parallel_for_1100_1150_1300,1100,1300,0,2600,14957800,4488901,1300,22080000,11440000,4487600,1495000,2992600,1495000,0,0,0,1497600,4878813,4.8788
distribute_parallel_for_1100_1150_1350,1100,1350,0,2700,15533100,4661551,1350,22540000,11880000,4660200,1552500,3107700,1552500,0,0,0,1555200,5064901,5.0649
distribute_parallel_for_1100_1150_1400,1100,1400,0,2800,16108400,4834201,1400,23000000,12320000,4832800,1610000,3222800,1610000,0,0,0,1612800,5253785,5.2538
distribute_parallel_for_1100_1150_1450,1100,1450,0,2900,16683700,5006851,1450,23460000,12760000,5005400,1667500,3337900,1667500,0,0,0,1670400,5440650,5.4406
distribute_parallel_for_1100_1150_1500,1100,1500,0,3000,17259000,5179501,1500,23920000,13200000,5178000,1725000,3453000,1725000,0,0,0,1728000,5633573,5.6336
distribute_parallel_for_1100_1150_1550,1100,1550,0,3100,17834300,5352151,1550,24380000,13640000,5350600,1782500,3568100,1782500,0,0,0,1785600,5821514,5.8215
distribute_parallel_for_1100_1150_1600,1100,1600,0,3200,18409600,5524801,1600,24840000,14080000,5523200,1840000,3683200,1840000,0,0,0,1843200,6046991,6.0470
distribute_parallel_for_1100_1150_1650,1100,1650,0,3300,18984900,5697451,1650,25300000,14520000,5695800,1897500,3798300,1897500,0,0,0,1900800,6193162,6.1932
distribute_parallel_for_1100_1150_1700,1100,1700,0,3400,19560200,5870101,1700,25760000,14960000,5868400,1955000,3913400,1955000,0,0,0,1958400,6381082,6.3811
distribute_parallel_for_1100_1150_1750,1100,1750,0,3500,20135500,6042751,1750,26220000,15400000,6041000,2012500,4028500,2012500,0,0,0,2016000,6572308,6.5723
distribute_parallel_for_1100_1150_1800,1100,1800,0,3600,20710800,6215401,1800,26680000,15840000,6213600,2070000,4143600,2070000,0,0,0,2073600,6764598,6.7646
distribute_parallel_for_1100_1150_1850,1100,1850,0,3700,21286100,6388051,1850,27140000,16280000,6386200,2127500,4258700,2127500,0,0,0,2131200,6934929,6.9349
distribute_parallel_for_1100_1150_1900,1100,1900,0,3800,21861400,6560701,1900,27600000,16720000,6558800,2185000,4373800,2185000,0,0,0,2188800,7168554,7.1686
distribute_parallel_for_1100_1150_1950,1100,1950,0,3900,22436700,6733351,1950,28060000,17160000,6731400,2242500,4488900,2242500,0,0,0,2246400,7323562,7.3236
distribute_parallel_for_1100_1150_2000,1100,2000,0,4000,23012000,6906001,2000,28520000,17600000,6904000,2300000,4604000,2300000,0,0,0,2304000,7546840,7.5468
distribute_parallel_for_1100_1200_1050,1100,1050,0,2100,12606300,3783151,1050,20640000,9240000,3782100,1260000,2522100,1260000,0,0,0,1262100,4292361,4.2924
distribute_parallel_for_1100_1200_1100,1100,1100,0,2200,13206600,3963301,1100,21120000,9680000,3962200,1320000,2642200,1320000,0,0,0,1322200,4316554,4.3166
distribute_parallel_for_1100_1200_1150,1100,1150,0,2300,13806900,4143451,1150,21600000,10120000,4142300,1380000,2762300,1380000,0,0,0,1382300,4507301,4.5073
distribute_parallel_for_1100_1200_1200,1100,1200,0,2400,14407200,4323601,1200,22080000,10560000,4322400,1440000,2882400,1440000,0,0,0,1442400,4905241,4.9052
distribute_parallel_for_1100_1200_1250,1100,1250,0,2500,15007500,4503751,1250,22560000,11000000,4502500,1500000,3002500,1500000,0,0,0,1502500,4891716,4.8917
distribute_parallel_for_1100_1200_1300,1100,1300,0,2600,15607800,4683901,1300,23040000,11440000,4682600,1560000,3122600,1560000,0,0,0,1562600,5097209,5.0972
distribute_parallel_for_1100_1200_1350,1100,1350,0,2700,16208100,4864051,1350,23520000,11880000,4862700,1620000,3242700,1620000,0,0,0,1622700,5283035,5.2830
distribute_parallel_for_1100_1200_1400,1100,1400,0,2800,16808400,5044201,1400,24000000,12320000,5042800,1680000,3362800,1680000,0,0,0,1682800,5491803,5.4918
distribute_parallel_for_1100_1200_1450,1100,1450,0,2900,17408700,5224351,1450,24480000,12760000,5222900,1740000,3482900,1740000,0,0,0,1742900,5853928,5.8539
distribute_parallel_for_1100_1200_1500,1100,1500,0,3000,18009000,5404501,1500,24960000,13200000,5403000,1800000,3603000,1800000,0,0,0,1803000,5884754,5.8848
distribute_parallel_for_1100_1200_1550,1100,1550,0,3100,18609300,5584651,1550,25440000,13640000,5583100,1860000,3723100,1860000,0,0,0,1863100,6067022,6.0670
distribute_parallel_for_1100_1200_1600,1100,1600,0,3200,19209600,5764801,1600,25920000,14080000,5763200,1920000,3843200,1920000,0,0,0,1923200,6454692,6.4547
distribute_parallel_for_1100_1200_1650,1100,1650,0,3300,19809900,5944951,1650,26400000,14520000,5943300,1980000,3963300,1980000,0,0,0,1983300,6473981,6.4740
distribute_parallel_for_1100_1200_1700,1100,1700,0,3400,20410200,6125101,1700,26880000,14960000,6123400,2040000,4083400,2040000,0,0,0,2043400,6656718,6.6567
distribute_parallel_for_1100_1200_1750,1100,1750,0,3500,21010500,6305251,1750,27360000,15400000,6303500,2100000,4203500,2100000,0,0,0,2103500,7028985,7.0290
distribute_parallel_for_1100_1200_1800,1100,1800,0,3600,21610800,6485401,1800,27840000,15840000,6483600,2160000,4323600,2160000,0,0,0,2163600,7059809,7.0598
distribute_parallel_for_1100_1200_1850,1100,1850,0,3700,22211100,6665551,1850,28320000,16280000,6663700,2220000,4443700,2220000,0,0,0,2223700,7260311,7.2603
distribute_parallel_for_1100_1200_1900,1100,1900,0,3800,22811400,6845701,1900,28800000,16720000,6843800,2280000,4563800,2280000,0,0,0,2283800,7577420,7.5774
distribute_parallel_for_1100_1200_1950,1100,1950,0,3900,23411700,7025851,1950,29280000,17160000,7023900,2340000,4683900,2340000,0,0,0,2343900,7624021,7.6240
distribute_parallel_for_1100_1200_2000,1100,2000,0,4000,24012000,7206001,2000,29760000,17600000,7204000,2400000,4804000,2400000,0,0,0,2404000,7822607,7.8226
distribute_parallel_for_1100_1250_1050,1100,1050,0,2100,13131300,3940651,1050,21500000,9240000,3939600,1312500,2627100,1312500,0,0,0,1314600,4277653,4.2777
distribute_parallel_for_1100_1250_1100,1100,1100,0,2200,13756600,4128301,1100,22000000,9680000,4127200,1375000,2752200,1375000,0,0,0,1377200,4665339,4.6653
distribute_parallel_for_1100_1250_1150,1100,1150,0,2300,14381900,4315951,1150,22500000,10120000,4314800,1437500,2877300,1437500,0,0,0,1439800,4687869,4.6879
distribute_parallel_for_1100_1250_1200,1100,1200,0,2400,15007200,4503601,1200,23000000,10560000,4502400,1500000,3002400,1500000,0,0,0,1502400,4889807,4.8898
distribute_parallel_for_1100_1250_1250,1100,1250,0,2500,15632500,4691251,1250,23500000,11000000,4690000,1562500,3127500,1562500,0,0,0,1565000,5092802,5.0928
distribute_parallel_for_1100_1250_1300,1100,1300,0,2600,16257800,4878901,1300,24000000,11440000,4877600,1625000,3252600,1625000,0,0,0,1627600,5298180,5.2982
distribute_parallel_for_1100_1250_1350,1100,1350,0,2700,16883100,5066551,1350,24500000,11880000,5065200,1687500,3377700,1687500,0,0,0,1690200,5498376,5.4984
distribute_parallel_for_1100_1250_1400,1100,1400,0,2800,17508400,5254201,1400,25000000,12320000,5252800,1750000,3502800,1750000,0,0,0,1752800,5795974,5.7960
distribute_parallel_for_1100_1250_1450,1100,1450,0,2900,18133700,5441851,1450,25500000,12760000,5440400,1812500,3627900,1812500,0,0,0,1815400,5907119,5.9071
distribute_parallel_for_1100_1250_1500,1100,1500,0,3000,18759000,5629501,1500,26000000,13200000,5628000,1875000,3753000,1875000,0,0,0,1878000,6111308,6.1113
distribute_parallel_for_1100_1250_1550,1100,1550,0,3100,19384300,5817151,1550,26500000,13640000,5815600,1937500,3878100,1937500,0,0,0,1940600,6312440,6.3124
distribute_parallel_for_1100_1250_1600,1100,1600,0,3200,20009600,6004801,1600,27000000,14080000,6003200,2000000,4003200,2000000,0,0,0,2003200,6545097,6.5451
distribute_parallel_for_1100_1250_1650,1100,1650,0,3300,20634900,6192451,1650,27500000,14520000,6190800,2062500,4128300,2062500,0,0,0,2065800,6734519,6.7345
distribute_parallel_for_1100_1250_1700,1100,1700,0,3400,21260200,6380101,1700,28000000,14960000,6378400,2125000,4253400,2125000,0,0,0,2128400,6924467,6.9245
distribute_parallel_for_1100_1250_1750,1100,1750,0,3500,21885500,6567751,1750,28500000,15400000,6566000,2187500,4378500,2187500,0,0,0,2191000,7131404,7.1314
distribute_parallel_for_1100_1250_1800,1100,1800,0,3600,22510800,6755401,1800,29000000,15840000,6753600,2250000,4503600,2250000,0,0,0,2253600,7335290,7.3353
distribute_parallel_for_1100_1250_1850,1100,1850,0,3700,23136100,6943051,1850,29500000,16280000,6941200,2312500,4628700,2312500,0,0,0,2316200,7537909,7.5379
distribute_parallel_for_1100_1250_1900,1100,1900,0,3800,23761400,7130701,1900,30000000,16720000,7128800,2375000,4753800,2375000,0,0,0,2378800,7912253,7.9123
distribute_parallel_for_1100_1250_1950,1100,1950,0,3900,24386700,7318351,1950,30500000,17160000,7316400,2437500,4878900,2437500,0,0,0,2441400,7940863,7.9409
distribute_parallel_for_1100_1250_2000,1100,2000,0,4000,25012000,7506001,2000,31000000,17600000,7504000,2500000,5004000,2500000,0,0,0,2504000,8162903,8.1629
distribute_parallel_for_1100_1300_1050,1100,1050,0,2100,13656300,4098151,1050,22360000,9240000,4097100,1365000,2732100,1365000,0,0,0,1367100,4450485,4.4505
distribute_parallel_for_1100_1300_1100,1100,1100,0,2200,14306600,4293301,1100,22880000,9680000,4292200,1430000,2862200,1430000,0,0,0,1432200,4841442,4.8414
distribute_parallel_for_1100_1300_1150,1100,1150,0,2300,14956900,4488451,1150,23400000,10120000,4487300,1495000,2992300,1495000,0,0,0,1497300,4883379,4.8834
distribute_parallel_for_1100_1300_1200,1100,1200,0,2400,15607200,4683601,1200,23920000,10560000,4682400,1560000,3122400,1560000,0,0,0,1562400,5090304,5.0903
distribute_parallel_for_1100_1300_1250,1100,1250,0,2500,16257500,4878751,1250,24440000,11000000,4877500,1625000,3252500,1625000,0,0,0,1627500,5476019,5.4760
distribute_parallel_for_1100_1300_1300,1100,1300,0,2600,16907800,5073901,1300,24960000,11440000,5072600,1690000,3382600,1690000,0,0,0,1692600,5521725,5.5217
distribute_parallel_for_1100_1300_1350,1100,1350,0,2700,17558100,5269051,1350,25480000,11880000,5267700,1755000,3512700,1755000,0,0,0,1757700,5738031,5.7380
distribute_parallel_for_1100_1300_1400,1100,1400,0,2800,18208400,5464201,1400,26000000,12320000,5462800,1820000,3642800,1820000,0,0,0,1822800,6114922,6.1149
distribute_parallel_for_1100_1300_1450,1100,1450,0,2900,18858700,5659351,1450,26520000,12760000,5657900,1885000,3772900,1885000,0,0,0,1887900,6155281,6.1553
distribute_parallel_for_1100_1300_1500,1100,1500,0,3000,19509000,5854501,1500,27040000,13200000,5853000,1950000,3903000,1950000,0,0,0,1953000,6359246,6.3592
distribute_parallel_for_1100_1300_1550,1100,1550,0,3100,20159300,6049651,1550,27560000,13640000,6048100,2015000,4033100,2015000,0,0,0,2018100,6577084,6.5771
distribute_parallel_for_1100_1300_1600,1100,1600,0,3200,20809600,6244801,1600,28080000,14080000,6243200,2080000,4163200,2080000,0,0,0,2083200,6942468,6.9425
distribute_parallel_for_1100_1300_1650,1100,1650,0,3300,21459900,6439951,1650,28600000,14520000,6438300,2145000,4293300,2145000,0,0,0,2148300,6993007,6.9930
distribute_parallel_for_1100_1300_1700,1100,1700,0,3400,22110200,6635101,1700,29120000,14960000,6633400,2210000,4423400,2210000,0,0,0,2213400,7204861,7.2049
distribute_parallel_for_1100_1300_1750,1100,1750,0,3500,22760500,6830251,1750,29640000,15400000,6828500,2275000,4553500,2275000,0,0,0,2278500,7415943,7.4159
distribute_parallel_for_1100_1300_1800,1100,1800,0,3600,23410800,7025401,1800,30160000,15840000,7023600,2340000,4683600,2340000,0,0,0,2343600,7799557,7.7996
distribute_parallel_for_1100_1300_1850,1100,1850,0,3700,24061100,7220551,1850,30680000,16280000,7218700,2405000,4813700,2405000,0,0,0,2408700,7863049,7.8630
distribute_parallel_for_1100_1300_1900,1100,1900,0,3800,24711400,7415701,1900,31200000,16720000,7413800,2470000,4943800,2470000,0,0,0,2473800,8057993,8.0580
distribute_parallel_for_1100_1300_1950,1100,1950,0,3900,25361700,7610851,1950,31720000,17160000,7608900,2535000,5073900,2535000,0,0,0,2538900,8305294,8.3053
distribute_parallel_for_1100_1300_2000,1100,2000,0,4000,26012000,7806001,2000,32240000,17600000,7804000,2600000,5204000,2600000,0,0,0,2604000,8482906,8.4829
distribute_parallel_for_1100_1350_1050,1100,1050,0,2100,14181300,4255651,1050,23220000,9240000,4254600,1417500,2837100,1417500,0,0,0,1419600,4625103,4.6251
distribute_parallel_for_1100_1350_1100,1100,1100,0,2200,14856600,4458301,1100,23760000,9680000,4457200,1485000,2972200,1485000,0,0,0,1487200,4844071,4.8441
distribute_parallel_for_1100_1350_1150,1100,1150,0,2300,15531900,4660951,1150,24300000,10120000,4659800,1552500,3107300,1552500,0,0,0,1554800,5060215,5.0602
distribute_parallel_for_1100_1350_1200,1100,1200,0,2400,16207200,4863601,1200,24840000,10560000,4862400,1620000,3242400,1620000,0,0,0,1622400,5284059,5.2841
distribute_parallel_for_1100_1350_1250,1100,1250,0,2500,16882500,5066251,1250,25380000,11000000,5065000,1687500,3377500,1687500,0,0,0,1690000,5499935,5.4999
distribute_parallel_for_1100_1350_1300,1100,1300,0,2600,17557800,5268901,1300,25920000,11440000,5267600,1755000,3512600,1755000,0,0,0,1757600,5878835,5.8788
distribute_parallel_for_1100_1350_1350,1100,1350,0,2700,18233100,5471551,1350,26460000,11880000,5470200,1822500,3647700,1822500,0,0,0,1825200,5952311,5.9523
distribute_parallel_for_1100_1350_1400,1100,1400,0,2800,18908400,5674201,1400,27000000,12320000,5672800,1890000,3782800,1890000,0,0,0,1892800,6175035,6.1750
distribute_parallel_for_1100_1350_1450,1100,1450,0,2900,19583700,5876851,1450,27540000,12760000,5875400,1957500,3917900,1957500,0,0,0,1960400,6539214,6.5392
distribute_parallel_for_1100_1350_1500,1100,1500,0,3000,20259000,6079501,1500,28080000,13200000,6078000,2025000,4053000,2025000,0,0,0,2028000,6606276,6.6063
distribute_parallel_for_1100_1350_1550,1100,1550,0,3100,20934300,6282151,1550,28620000,13640000,6280600,2092500,4188100,2092500,0,0,0,2095600,6830589,6.8306
distribute_parallel_for_1100_1350_1600,1100,1600,0,3200,21609600,6484801,1600,29160000,14080000,6483200,2160000,4323200,2160000,0,0,0,2163200,7236456,7.2365
distribute_parallel_for_1100_1350_1650,1100,1650,0,3300,22284900,6687451,1650,29700000,14520000,6685800,2227500,4458300,2227500,0,0,0,2230800,7269765,7.2698
distribute_parallel_for_1100_1350_1700,1100,1700,0,3400,22960200,6890101,1700,30240000,14960000,6888400,2295000,4593400,2295000,0,0,0,2298400,7496880,7.4969
distribute_parallel_for_1100_1350_1750,1100,1750,0,3500,23635500,7092751,1750,30780000,15400000,7091000,2362500,4728500,2362500,0,0,0,2366000,7864855,7.8649
distribute_parallel_for_1100_1350_1800,1100,1800,0,3600,24310800,7295401,1800,31320000,15840000,7293600,2430000,4863600,2430000,0,0,0,2433600,7951059,7.9511
distribute_parallel_for_1100_1350_1850,1100,1850,0,3700,24986100,7498051,1850,31860000,16280000,7496200,2497500,4998700,2497500,0,0,0,2501200,8315800,8.3158
distribute_parallel_for_1100_1350_1900,1100,1900,0,3800,25661400,7700701,1900,32400000,16720000,7698800,2565000,5133800,2565000,0,0,0,2568800,8368279,8.3683
distribute_parallel_for_1100_1350_1950,1100,1950,0,3900,26336700,7903351,1950,32940000,17160000,7901400,2632500,5268900,2632500,0,0,0,2636400,8784482,8.7845
distribute_parallel_for_1100_1350_2000,1100,2000,0,4000,27012000,8106001,2000,33480000,17600000,8104000,2700000,5404000,2700000,0,0,0,2704000,8825302,8.8253
distribute_parallel_for_1100_1400_1050,1100,1050,0,2100,14706300,4413151,1050,24080000,9240000,4412100,1470000,2942100,1470000,0,0,0,1472100,4793089,4.7931
distribute_parallel_for_1100_1400_1100,1100,1100,0,2200,15406600,4623301,1100,24640000,9680000,4622200,1540000,3082200,1540000,0,0,0,1542200,5024297,5.0243
distribute_parallel_for_1100_1400_1150,1100,1150,0,2300,16106900,4833451,1150,25200000,10120000,4832300,1610000,3222300,1610000,0,0,0,1612300,5254862,5.2549
distribute_parallel_for_1100_1400_1200,1100,1200,0,2400,16807200,5043601,1200,25760000,10560000,5042400,1680000,3362400,1680000,0,0,0,1682400,5484875,5.4849
distribute_parallel_for_1100_1400_1250,1100,1250,0,2500,17507500,5253751,1250,26320000,11000000,5252500,1750000,3502500,1750000,0,0,0,1752500,5756274,5.7563
distribute_parallel_for_1100_1400_1300,1100,1300,0,2600,18207800,5463901,1300,26880000,11440000,5462600,1820000,3642600,1820000,0,0,0,1822600,5947772,5.9478
distribute_parallel_for_1100_1400_1350,1100,1350,0,2700,18908100,5674051,1350,27440000,11880000,5672700,1890000,3782700,1890000,0,0,0,1892700,6167106,6.1671
distribute_parallel_for_1100_1400_1400,1100,1400,0,2800,19608400,5884201,1400,28000000,12320000,5882800,1960000,3922800,1960000,0,0,0,1962800,6387729,6.3877
distribute_parallel_for_1100_1400_1450,1100,1450,0,2900,20308700,6094351,1450,28560000,12760000,6092900,2030000,4062900,2030000,0,0,0,2032900,6613907,6.6139
distribute_parallel_for_1100_1400_1500,1100,1500,0,3000,21009000,6304501,1500,29120000,13200000,6303000,2100000,4203000,2100000,0,0,0,2103000,6855972,6.8560
distribute_parallel_for_1100_1400_1550,1100,1550,0,3100,21709300,6514651,1550,29680000,13640000,6513100,2170000,4343100,2170000,0,0,0,2173100,7268883,7.2689
distribute_parallel_for_1100_1400_1600,1100,1600,0,3200,22409600,6724801,1600,30240000,14080000,6723200,2240000,4483200,2240000,0,0,0,2243200,7300456,7.3005
distribute_parallel_for_1100_1400_1650,1100,1650,0,3300,23109900,6934951,1650,30800000,14520000,6933300,2310000,4623300,2310000,0,0,0,2313300,7535427,7.5354
distribute_parallel_for_1100_1400_1700,1100,1700,0,3400,23810200,7145101,1700,31360000,14960000,7143400,2380000,4763400,2380000,0,0,0,2383400,7929407,7.9294
distribute_parallel_for_1100_1400_1750,1100,1750,0,3500,24510500,7355251,1750,31920000,15400000,7353500,2450000,4903500,2450000,0,0,0,2453500,8020252,8.0203
distribute_parallel_for_1100_1400_1800,1100,1800,0,3600,25210800,7565401,1800,32480000,15840000,7563600,2520000,5043600,2520000,0,0,0,2523600,8252032,8.2520
distribute_parallel_for_1100_1400_1850,1100,1850,0,3700,25911100,7775551,1850,33040000,16280000,7773700,2590000,5183700,2590000,0,0,0,2593700,8536648,8.5366
distribute_parallel_for_1100_1400_1900,1100,1900,0,3800,26611400,7985701,1900,33600000,16720000,7983800,2660000,5323800,2660000,0,0,0,2663800,8671118,8.6711
distribute_parallel_for_1100_1400_1950,1100,1950,0,3900,27311700,8195851,1950,34160000,17160000,8193900,2730000,5463900,2730000,0,0,0,2733900,8907507,8.9075
distribute_parallel_for_1100_1400_2000,1100,2000,0,4000,28012000,8406001,2000,34720000,17600000,8404000,2800000,5604000,2800000,0,0,0,2804000,9313735,9.3137
distribute_parallel_for_1100_1450_1050,1100,1050,0,2100,15231300,4570651,1050,24940000,9240000,4569600,1522500,3047100,1522500,0,0,0,1524600,4970661,4.9707
distribute_parallel_for_1100_1450_1100,1100,1100,0,2200,15956600,4788301,1100,25520000,9680000,4787200,1595000,3192200,1595000,0,0,0,1597200,5198935,5.1989
distribute_parallel_for_1100_1450_1150,1100,1150,0,2300,16681900,5005951,1150,26100000,10120000,5004800,1667500,3337300,1667500,0,0,0,1669800,5434832,5.4348
distribute_parallel_for_1100_1450_1200,1100,1200,0,2400,17407200,5223601,1200,26680000,10560000,5222400,1740000,3482400,1740000,0,0,0,1742400,5666796,5.6668
distribute_parallel_for_1100_1450_1250,1100,1250,0,2500,18132500,5441251,1250,27260000,11000000,5440000,1812500,3627500,1812500,0,0,0,1815000,5906862,5.9069
distribute_parallel_for_1100_1450_1300,1100,1300,0,2600,18857800,5658901,1300,27840000,11440000,5657600,1885000,3772600,1885000,0,0,0,1887600,6312535,6.3125
distribute_parallel_for_1100_1450_1350,1100,1350,0,2700,19583100,5876551,1350,28420000,11880000,5875200,1957500,3917700,1957500,0,0,0,1960200,6381152,6.3812
distribute_parallel_for_1100_1450_1400,1100,1400,0,2800,20308400,6094201,1400,29000000,12320000,6092800,2030000,4062800,2030000,0,0,0,2032800,6615218,6.6152
distribute_parallel_for_1100_1450_1450,1100,1450,0,2900,21033700,6311851,1450,29580000,12760000,6310400,2102500,4207900,2102500,0,0,0,2105400,7023282,7.0233
distribute_parallel_for_1100_1450_1500,1100,1500,0,3000,21759000,6529501,1500,30160000,13200000,6528000,2175000,4353000,2175000,0,0,0,2178000,7090430,7.0904
distribute_parallel_for_1100_1450_1550,1100,1550,0,3100,22484300,6747151,1550,30740000,13640000,6745600,2247500,4498100,2247500,0,0,0,2250600,7324788,7.3248
distribute_parallel_for_1100_1450_1600,1100,1600,0,3200,23209600,6964801,1600,31320000,14080000,6963200,2320000,4643200,2320000,0,0,0,2323200,7736030,7.7360
distribute_parallel_for_1100_1450_1650,1100,1650,0,3300,23934900,7182451,1650,31900000,14520000,7180800,2392500,4788300,2392500,0,0,0,2395800,7792089,7.7921
distribute_parallel_for_1100_1450_1700,1100,1700,0,3400,24660200,7400101,1700,32480000,14960000,7398400,2465000,4933400,2465000,0,0,0,2468400,8032054,8.0321
distribute_parallel_for_1100_1450_1750,1100,1750,0,3500,25385500,7617751,1750,33060000,15400000,7616000,2537500,5078500,2537500,0,0,0,2541000,8360879,8.3609
distribute_parallel_for_1100_1450_1800,1100,1800,0,3600,26110800,7835401,1800,33640000,15840000,7833600,2610000,5223600,2610000,0,0,0,2613600,8514347,8.5143
distribute_parallel_for_1100_1450_1850,1100,1850,0,3700,26836100,8053051,1850,34220000,16280000,8051200,2682500,5368700,2682500,0,0,0,2686200,8742072,8.7421
distribute_parallel_for_1100_1450_1900,1100,1900,0,3800,27561400,8270701,1900,34800000,16720000,8268800,2755000,5513800,2755000,0,0,0,2758800,9163530,9.1635
distribute_parallel_for_1100_1450_1950,1100,1950,0,3900,28286700,8488351,1950,35380000,17160000,8486400,2827500,5658900,2827500,0,0,0,2831400,9224398,9.2244
distribute_parallel_for_1100_1450_2000,1100,2000,0,4000,29012000,8706001,2000,35960000,17600000,8704000,2900000,5804000,2900000,0,0,0,2904000,9451440,9.4514
distribute_parallel_for_1100_1500_1050,1100,1050,0,2100,15756300,4728151,1050,25800000,9240000,4727100,1575000,3152100,1575000,0,0,0,1577100,5141873,5.1419
distribute_parallel_for_1100_1500_1100,1100,1100,0,2200,16506600,4953301,1100,26400000,9680000,4952200,1650000,3302200,1650000,0,0,0,1652200,5374364,5.3744
distribute_parallel_for_1100_1500_1150,1100,1150,0,2300,17256900,5178451,1150,27000000,10120000,5177300,1725000,3452300,1725000,0,0,0,1727300,5630116,5.6301
distribute_parallel_for_1100_1500_1200,1100,1200,0,2400,18007200,5403601,1200,27600000,10560000,5402400,1800000,3602400,1800000,0,0,0,1802400,6066682,6.0667
distribute_parallel_for_1100_1500_1250,1100,1250,0,2500,18757500,5628751,1250,28200000,11000000,5627500,1875000,3752500,1875000,0,0,0,1877500,6112195,6.1122
distribute_parallel_for_1100_1500_1300,1100,1300,0,2600,19507800,5853901,1300,28800000,11440000,5852600,1950000,3902600,1950000,0,0,0,1952600,6358888,6.3589
distribute_parallel_for_1100_1500_1350,1100,1350,0,2700,20258100,6079051,1350,29400000,11880000,6077700,2025000,4052700,2025000,0,0,0,2027700,6609480,6.6095
distribute_parallel_for_1100_1500_1400,1100,1400,0,2800,21008400,6304201,1400,30000000,12320000,6302800,2100000,4202800,2100000,0,0,0,2102800,6843534,6.8435
distribute_parallel_for_1100_1500_1450,1100,1450,0,2900,21758700,6529351,1450,30600000,12760000,6527900,2175000,4352900,2175000,0,0,0,2177900,7265144,7.2651
distribute_parallel_for_1100_1500_1500,1100,1500,0,3000,22509000,6754501,1500,31200000,13200000,6753000,2250000,4503000,2250000,0,0,0,2253000,7344229,7.3442
distribute_parallel_for_1100_1500_1550,1100,1550,0,3100,23259300,6979651,1550,31800000,13640000,6978100,2325000,4653100,2325000,0,0,0,2328100,7578959,7.5790
distribute_parallel_for_1100_1500_1600,1100,1600,0,3200,24009600,7204801,1600,32400000,14080000,7203200,2400000,4803200,2400000,0,0,0,2403200,8031056,8.0311
distribute_parallel_for_1100_1500_1650,1100,1650,0,3300,24759900,7429951,1650,33000000,14520000,7428300,2475000,4953300,2475000,0,0,0,2478300,8067036,8.0670
distribute_parallel_for_1100_1500_1700,1100,1700,0,3400,25510200,7655101,1700,33600000,14960000,7653400,2550000,5103400,2550000,0,0,0,2553400,8323127,8.3231
distribute_parallel_for_1100_1500_1750,1100,1750,0,3500,26260500,7880251,1750,34200000,15400000,7878500,2625000,5253500,2625000,0,0,0,2628500,8712445,8.7124
distribute_parallel_for_1100_1500_1800,1100,1800,0,3600,27010800,8105401,1800,34800000,15840000,8103600,2700000,5403600,2700000,0,0,0,2703600,8799534,8.7995
distribute_parallel_for_1100_1500_1850,1100,1850,0,3700,27761100,8330551,1850,35400000,16280000,8328700,2775000,5553700,2775000,0,0,0,2778700,9043346,9.0433
distribute_parallel_for_1100_1500_1900,1100,1900,0,3800,28511400,8555701,1900,36000000,16720000,8553800,2850000,5703800,2850000,0,0,0,2853800,9338375,9.3384
distribute_parallel_for_1100_1500_1950,1100,1950,0,3900,29261700,8780851,1950,36600000,17160000,8778900,2925000,5853900,2925000,0,0,0,2928900,9534384,9.5344
distribute_parallel_for_1100_1500_2000,1100,2000,0,4000,30012000,9006001,2000,37200000,17600000,9004000,3000000,6004000,3000000,0,0,0,3004000,9973116,9.9731
distribute_parallel_for_1100_1550_1050,1100,1050,0,2100,16281300,4885651,1050,26660000,9240000,4884600,1627500,3257100,1627500,0,0,0,1629600,5310823,5.3108
distribute_parallel_for_1100_1550_1100,1100,1100,0,2200,17056600,5118301,1100,27280000,9680000,5117200,1705000,3412200,1705000,0,0,0,1707200,5632718,5.6327
distribute_parallel_for_1100_1550_1150,1100,1150,0,2300,17831900,5350951,1150,27900000,10120000,5349800,1782500,3567300,1782500,0,0,0,1784800,6017264,6.0173
distribute_parallel_for_1100_1550_1200,1100,1200,0,2400,18607200,5583601,1200,28520000,10560000,5582400,1860000,3722400,1860000,0,0,0,1862400,6082124,6.0821
distribute_parallel_for_1100_1550_1250,1100,1250,0,2500,19382500,5816251,1250,29140000,11000000,5815000,1937500,3877500,1937500,0,0,0,1940000,6500615,6.5006
distribute_parallel_for_1100_1550_1300,1100,1300,0,2600,20157800,6048901,1300,29760000,11440000,6047600,2015000,4032600,2015000,0,0,0,2017600,6583219,6.5832
distribute_parallel_for_1100_1550_1350,1100,1350,0,2700,20933100,6281551,1350,30380000,11880000,6280200,2092500,4187700,2092500,0,0,0,2095200,6830913,6.8309
distribute_parallel_for_1100_1550_1400,1100,1400,0,2800,21708400,6514201,1400,31000000,12320000,6512800,2170000,4342800,2170000,0,0,0,2172800,7234484,7.2345
distribute_parallel_for_1100_1550_1450,1100,1450,0,2900,22483700,6746851,1450,31620000,12760000,6745400,2247500,4497900,2247500,0,0,0,2250400,7326832,7.3268
distribute_parallel_for_1100_1550_1500,1100,1500,0,3000,23259000,6979501,1500,32240000,13200000,6978000,2325000,4653000,2325000,0,0,0,2328000,7733391,7.7334
distribute_parallel_for_1100_1550_1550,1100,1550,0,3100,24034300,7212151,1550,32860000,13640000,7210600,2402500,4808100,2402500,0,0,0,2405600,7844482,7.8445
distribute_parallel_for_1100_1550_1600,1100,1600,0,3200,24809600,7444801,1600,33480000,14080000,7443200,2480000,4963200,2480000,0,0,0,2483200,8284777,8.2848
distribute_parallel_for_1100_1550_1650,1100,1650,0,3300,25584900,7677451,1650,34100000,14520000,7675800,2557500,5118300,2557500,0,0,0,2560800,8334494,8.3345
distribute_parallel_for_1100_1550_1700,1100,1700,0,3400,26360200,7910101,1700,34720000,14960000,7908400,2635000,5273400,2635000,0,0,0,2638400,8586157,8.5862
distribute_parallel_for_1100_1550_1750,1100,1750,0,3500,27135500,8142751,1750,35340000,15400000,8141000,2712500,5428500,2712500,0,0,0,2716000,9020742,9.0207
distribute_parallel_for_1100_1550_1800,1100,1800,0,3600,27910800,8375401,1800,35960000,15840000,8373600,2790000,5583600,2790000,0,0,0,2793600,9090842,9.0908
distribute_parallel_for_1100_1550_1850,1100,1850,0,3700,28686100,8608051,1850,36580000,16280000,8606200,2867500,5738700,2867500,0,0,0,2871200,9391813,9.3918
distribute_parallel_for_1100_1550_1900,1100,1900,0,3800,29461400,8840701,1900,37200000,16720000,8838800,2945000,5893800,2945000,0,0,0,2948800,9610603,9.6106
distribute_parallel_for_1100_1550_1950,1100,1950,0,3900,30236700,9073351,1950,37820000,17160000,9071400,3022500,6048900,3022500,0,0,0,3026400,10024048,10.0240
distribute_parallel_for_1100_1550_2000,1100,2000,0,4000,31012000,9306001,2000,38440000,17600000,9304000,3100000,6204000,3100000,0,0,0,3104000,10108206,10.1082
distribute_parallel_for_1100_1600_1050,1100,1050,0,2100,16806300,5043151,1050,27520000,9240000,5042100,1680000,3362100,1680000,0,0,0,1682100,5483903,5.4839
distribute_parallel_for_1100_1600_1100,1100,1100,0,2200,17606600,5283301,1100,28160000,9680000,5282200,1760000,3522200,1760000,0,0,0,1762200,5901979,5.9020
distribute_parallel_for_1100_1600_1150,1100,1150,0,2300,18406900,5523451,1150,28800000,10120000,5522300,1840000,3682300,1840000,0,0,0,1842300,5995240,5.9952
distribute_parallel_for_1100_1600_1200,1100,1200,0,2400,19207200,5763601,1200,29440000,10560000,5762400,1920000,3842400,1920000,0,0,0,1922400,6262343,6.2623
distribute_parallel_for_1100_1600_1250,1100,1250,0,2500,20007500,6003751,1250,30080000,11000000,6002500,2000000,4002500,2000000,0,0,0,2002500,6515903,6.5159
distribute_parallel_for_1100_1600_1300,1100,1300,0,2600,20807800,6243901,1300,30720000,11440000,6242600,2080000,4162600,2080000,0,0,0,2082600,6964131,6.9641
distribute_parallel_for_1100_1600_1350,1100,1350,0,2700,21608100,6484051,1350,31360000,11880000,6482700,2160000,4322700,2160000,0,0,0,2162700,7050086,7.0501
distribute_parallel_for_1100_1600_1400,1100,1400,0,2800,22408400,6724201,1400,32000000,12320000,6722800,2240000,4482800,2240000,0,0,0,2242800,7319921,7.3199
distribute_parallel_for_1100_1600_1450,1100,1450,0,2900,23208700,6964351,1450,32640000,12760000,6962900,2320000,4642900,2320000,0,0,0,2322900,7695253,7.6953
distribute_parallel_for_1100_1600_1500,1100,1500,0,3000,24009000,7204501,1500,33280000,13200000,7203000,2400000,4803000,2400000,0,0,0,2403000,7839946,7.8399
distribute_parallel_for_1100_1600_1550,1100,1550,0,3100,24809300,7444651,1550,33920000,13640000,7443100,2480000,4963100,2480000,0,0,0,2483100,8282044,8.2820
distribute_parallel_for_1100_1600_1600,1100,1600,0,3200,25609600,7684801,1600,34560000,14080000,7683200,2560000,5123200,2560000,0,0,0,2563200,8344904,8.3449
distribute_parallel_for_1100_1600_1650,1100,1650,0,3300,26409900,7924951,1650,35200000,14520000,7923300,2640000,5283300,2640000,0,0,0,2643300,8623454,8.6235
distribute_parallel_for_1100_1600_1700,1100,1700,0,3400,27210200,8165101,1700,35840000,14960000,8163400,2720000,5443400,2720000,0,0,0,2723400,8933321,8.9333
distribute_parallel_for_1100_1600_1750,1100,1750,0,3500,28010500,8405251,1750,36480000,15400000,8403500,2800000,5603500,2800000,0,0,0,2803500,9143099,9.1431
distribute_parallel_for_1100_1600_1800,1100,1800,0,3600,28810800,8645401,1800,37120000,15840000,8643600,2880000,5763600,2880000,0,0,0,2883600,9552982,9.5530
distribute_parallel_for_1100_1600_1850,1100,1850,0,3700,29611100,8885551,1850,37760000,16280000,8883700,2960000,5923700,2960000,0,0,0,2963700,9659610,9.6596
distribute_parallel_for_1100_1600_1900,1100,1900,0,3800,30411400,9125701,1900,38400000,16720000,9123800,3040000,6083800,3040000,0,0,0,3043800,9996197,9.9962
distribute_parallel_for_1100_1600_1950,1100,1950,0,3900,31211700,9365851,1950,39040000,17160000,9363900,3120000,6243900,3120000,0,0,0,3123900,10190397,10.1904
distribute_parallel_for_1100_1600_2000,1100,2000,0,4000,32012000,9606001,2000,39680000,17600000,9604000,3200000,6404000,3200000,0,0,0,3204000,10596052,10.5961
distribute_parallel_for_1100_1650_1050,1100,1050,0,2100,17331300,5200651,1050,28380000,9240000,5199600,1732500,3467100,1732500,0,0,0,1734600,5644708,5.6447
distribute_parallel_for_1100_1650_1100,1100,1100,0,2200,18156600,5448301,1100,29040000,9680000,5447200,1815000,3632200,1815000,0,0,0,1817200,6087439,6.0874
distribute_parallel_for_1100_1650_1150,1100,1150,0,2300,18981900,5695951,1150,29700000,10120000,5694800,1897500,3797300,1897500,0,0,0,1899800,6182336,6.1823
distribute_parallel_for_1100_1650_1200,1100,1200,0,2400,19807200,5943601,1200,30360000,10560000,5942400,1980000,3962400,1980000,0,0,0,1982400,6456891,6.4569
distribute_parallel_for_1100_1650_1250,1100,1250,0,2500,20632500,6191251,1250,31020000,11000000,6190000,2062500,4127500,2062500,0,0,0,2065000,6720499,6.7205
distribute_parallel_for_1100_1650_1300,1100,1300,0,2600,21457800,6438901,1300,31680000,11440000,6437600,2145000,4292600,2145000,0,0,0,2147600,7027663,7.0277
distribute_parallel_for_1100_1650_1350,1100,1350,0,2700,22283100,6686551,1350,32340000,11880000,6685200,2227500,4457700,2227500,0,0,0,2230200,7268011,7.2680
distribute_parallel_for_1100_1650_1400,1100,1400,0,2800,23108400,6934201,1400,33000000,12320000,6932800,2310000,4622800,2310000,0,0,0,2312800,7526972,7.5270
distribute_parallel_for_1100_1650_1450,1100,1450,0,2900,23933700,7181851,1450,33660000,12760000,7180400,2392500,4787900,2392500,0,0,0,2395400,7957958,7.9580
distribute_parallel_for_1100_1650_1500,1100,1500,0,3000,24759000,7429501,1500,34320000,13200000,7428000,2475000,4953000,2475000,0,0,0,2478000,8071856,8.0719
distribute_parallel_for_1100_1650_1550,1100,1550,0,3100,25584300,7677151,1550,34980000,13640000,7675600,2557500,5118100,2557500,0,0,0,2560600,8337343,8.3373
distribute_parallel_for_1100_1650_1600,1100,1600,0,3200,26409600,7924801,1600,35640000,14080000,7923200,2640000,5283200,2640000,0,0,0,2643200,8780536,8.7805
distribute_parallel_for_1100_1650_1650,1100,1650,0,3300,27234900,8172451,1650,36300000,14520000,8170800,2722500,5448300,2722500,0,0,0,2725800,8871450,8.8714
distribute_parallel_for_1100_1650_1700,1100,1700,0,3400,28060200,8420101,1700,36960000,14960000,8418400,2805000,5613400,2805000,0,0,0,2808400,9141124,9.1411
distribute_parallel_for_1100_1650_1750,1100,1750,0,3500,28885500,8667751,1750,37620000,15400000,8666000,2887500,5778500,2887500,0,0,0,2891000,9561147,9.5611
distribute_parallel_for_1100_1650_1800,1100,1800,0,3600,29710800,8915401,1800,38280000,15840000,8913600,2970000,5943600,2970000,0,0,0,2973600,9692148,9.6921
distribute_parallel_for_1100_1650_1850,1100,1850,0,3700,30536100,9163051,1850,38940000,16280000,9161200,3052500,6108700,3052500,0,0,0,3056200,10084316,10.0843
distribute_parallel_for_1100_1650_1900,1100,1900,0,3800,31361400,9410701,1900,39600000,16720000,9408800,3135000,6273800,3135000,0,0,0,3138800,10229627,10.2296
distribute_parallel_for_1100_1650_1950,1100,1950,0,3900,32186700,9658351,1950,40260000,17160000,9656400,3217500,6438900,3217500,0,0,0,3221400,10645601,10.6456
distribute_parallel_for_1100_1650_2000,1100,2000,0,4000,33012000,9906001,2000,40920000,17600000,9904000,3300000,6604000,3300000,0,0,0,3304000,10755235,10.7552
distribute_parallel_for_1100_1700_1050,1100,1050,0,2100,17856300,5358151,1050,29240000,9240000,5357100,1785000,3572100,1785000,0,0,0,1787100,5823488,5.8235
distribute_parallel_for_1100_1700_1100,1100,1100,0,2200,18706600,5613301,1100,29920000,9680000,5612200,1870000,3742200,1870000,0,0,0,1872200,6288137,6.2881
distribute_parallel_for_1100_1700_1150,1100,1150,0,2300,19556900,5868451,1150,30600000,10120000,5867300,1955000,3912300,1955000,0,0,0,1957300,6382792,6.3828
distribute_parallel_for_1100_1700_1200,1100,1200,0,2400,20407200,6123601,1200,31280000,10560000,6122400,2040000,4082400,2040000,0,0,0,2042400,6649834,6.6498
distribute_parallel_for_1100_1700_1250,1100,1250,0,2500,21257500,6378751,1250,31960000,11000000,6377500,2125000,4252500,2125000,0,0,0,2127500,7089912,7.0899
distribute_parallel_for_1100_1700_1300,1100,1300,0,2600,22107800,6633901,1300,32640000,11440000,6632600,2210000,4422600,2210000,0,0,0,2212600,7229976,7.2300
distribute_parallel_for_1100_1700_1350,1100,1350,0,2700,22958100,6889051,1350,33320000,11880000,6887700,2295000,4592700,2295000,0,0,0,2297700,7494302,7.4943
distribute_parallel_for_1100_1700_1400,1100,1400,0,2800,23808400,7144201,1400,34000000,12320000,7142800,2380000,4762800,2380000,0,0,0,2382800,7920841,7.9208
distribute_parallel_for_1100_1700_1450,1100,1450,0,2900,24658700,7399351,1450,34680000,12760000,7397900,2465000,4932900,2465000,0,0,0,2467900,8051940,8.0519
distribute_parallel_for_1100_1700_1500,1100,1500,0,3000,25509000,7654501,1500,35360000,13200000,7653000,2550000,5103000,2550000,0,0,0,2553000,8317387,8.3174
distribute_parallel_for_1100_1700_1550,1100,1550,0,3100,26359300,7909651,1550,36040000,13640000,7908100,2635000,5273100,2635000,0,0,0,2638100,8782096,8.7821
distribute_parallel_for_1100_1700_1600,1100,1600,0,3200,27209600,8164801,1600,36720000,14080000,8163200,2720000,5443200,2720000,0,0,0,2723200,8875830,8.8758
distribute_parallel_for_1100_1700_1650,1100,1650,0,3300,28059900,8419951,1650,37400000,14520000,8418300,2805000,5613300,2805000,0,0,0,2808300,9322220,9.3222
distribute_parallel_for_1100_1700_1700,1100,1700,0,3400,28910200,8675101,1700,38080000,14960000,8673400,2890000,5783400,2890000,0,0,0,2893400,9446887,9.4469
distribute_parallel_for_1100_1700_1750,1100,1750,0,3500,29760500,8930251,1750,38760000,15400000,8928500,2975000,5953500,2975000,0,0,0,2978500,9845954,9.8460
distribute_parallel_for_1100_1700_1800,1100,1800,0,3600,30610800,9185401,1800,39440000,15840000,9183600,3060000,6123600,3060000,0,0,0,3063600,10022216,10.0222
distribute_parallel_for_1100_1700_1850,1100,1850,0,3700,31461100,9440551,1850,40120000,16280000,9438700,3145000,6293700,3145000,0,0,0,3148700,10425631,10.4256
distribute_parallel_for_1100_1700_1900,1100,1900,0,3800,32311400,9695701,1900,40800000,16720000,9693800,3230000,6463800,3230000,0,0,0,3233800,10543808,10.5438
distribute_parallel_for_1100_1700_1950,1100,1950,0,3900,33161700,9950851,1950,41480000,17160000,9948900,3315000,6633900,3315000,0,0,0,3318900,11008983,11.0090
distribute_parallel_for_1100_1700_2000,1100,2000,0,4000,34012000,10206001,2000,42160000,17600000,10204000,3400000,6804000,3400000,0,0,0,3404000,11115467,11.1155
distribute_parallel_for_1100_1750_1050,1100,1050,0,2100,18381300,5515651,1050,30100000,9240000,5514600,1837500,3677100,1837500,0,0,0,1839600,5988109,5.9881
distribute_parallel_for_1100_1750_1100,1100,1100,0,2200,19256600,5778301,1100,30800000,9680000,5777200,1925000,3852200,1925000,0,0,0,1927200,6448514,6.4485
distribute_parallel_for_1100_1750_1150,1100,1150,0,2300,20131900,6040951,1150,31500000,10120000,6039800,2012500,4027300,2012500,0,0,0,2014800,6572164,6.5722
distribute_parallel_for_1100_1750_1200,1100,1200,0,2400,21007200,6303601,1200,32200000,10560000,6302400,2100000,4202400,2100000,0,0,0,2102400,6850394,6.8504
distribute_parallel_for_1100_1750_1250,1100,1250,0,2500,21882500,6566251,1250,32900000,11000000,6565000,2187500,4377500,2187500,0,0,0,2190000,7254302,7.2543
distribute_parallel_for_1100_1750_1300,1100,1300,0,2600,22757800,6828901,1300,33600000,11440000,6827600,2275000,4552600,2275000,0,0,0,2277600,7414470,7.4145
distribute_parallel_for_1100_1750_1350,1100,1350,0,2700,23633100,7091551,1350,34300000,11880000,7090200,2362500,4727700,2362500,0,0,0,2365200,7697556,7.6976
distribute_parallel_for_1100_1750_1400,1100,1400,0,2800,24508400,7354201,1400,35000000,12320000,7352800,2450000,4902800,2450000,0,0,0,2452800,8167311,8.1673
distribute_parallel_for_1100_1750_1450,1100,1450,0,2900,25383700,7616851,1450,35700000,12760000,7615400,2537500,5077900,2537500,0,0,0,2540400,8270279,8.2703
distribute_parallel_for_1100_1750_1500,1100,1500,0,3000,26259000,7879501,1500,36400000,13200000,7878000,2625000,5253000,2625000,0,0,0,2628000,8551491,8.5515
distribute_parallel_for_1100_1750_1550,1100,1550,0,3100,27134300,8142151,1550,37100000,13640000,8140600,2712500,5428100,2712500,0,0,0,2715600,9002820,9.0028
distribute_parallel_for_1100_1750_1600,1100,1600,0,3200,28009600,8404801,1600,37800000,14080000,8403200,2800000,5603200,2800000,0,0,0,2803200,9134791,9.1348
distribute_parallel_for_1100_1750_1650,1100,1650,0,3300,28884900,8667451,1650,38500000,14520000,8665800,2887500,5778300,2887500,0,0,0,2890800,9575023,9.5750
distribute_parallel_for_1100_1750_1700,1100,1700,0,3400,29760200,8930101,1700,39200000,14960000,8928400,2975000,5953400,2975000,0,0,0,2978400,9700288,9.7003
distribute_parallel_for_1100_1750_1750,1100,1750,0,3500,30635500,9192751,1750,39900000,15400000,9191000,3062500,6128500,3062500,0,0,0,3066000,10184998,10.1850
distribute_parallel_for_1100_1750_1800,1100,1800,0,3600,31510800,9455401,1800,40600000,15840000,9453600,3150000,6303600,3150000,0,0,0,3153600,10273491,10.2735
distribute_parallel_for_1100_1750_1850,1100,1850,0,3700,32386100,9718051,1850,41300000,16280000,9716200,3237500,6478700,3237500,0,0,0,3241200,10756128,10.7561
distribute_parallel_for_1100_1750_1900,1100,1900,0,3800,33261400,9980701,1900,42000000,16720000,9978800,3325000,6653800,3325000,0,0,0,3328800,10834340,10.8343
distribute_parallel_for_1100_1750_1950,1100,1950,0,3900,34136700,10243351,1950,42700000,17160000,10241400,3412500,6828900,3412500,0,0,0,3416400,11316430,11.3164
distribute_parallel_for_1100_1750_2000,1100,2000,0,4000,35012000,10506001,2000,43400000,17600000,10504000,3500000,7004000,3500000,0,0,0,3504000,11406202,11.4062
distribute_parallel_for_1100_1800_1050,1100,1050,0,2100,18906300,5673151,1050,30960000,9240000,5672100,1890000,3782100,1890000,0,0,0,1892100,6332216,6.3322
distribute_parallel_for_1100_1800_1100,1100,1100,0,2200,19806600,5943301,1100,31680000,9680000,5942200,1980000,3962200,1980000,0,0,0,1982200,6459348,6.4593
distribute_parallel_for_1100_1800_1150,1100,1150,0,2300,20706900,6213451,1150,32400000,10120000,6212300,2070000,4142300,2070000,0,0,0,2072300,6749780,6.7498
distribute_parallel_for_1100_1800_1200,1100,1200,0,2400,21607200,6483601,1200,33120000,10560000,6482400,2160000,4322400,2160000,0,0,0,2162400,7284803,7.2848
distribute_parallel_for_1100_1800_1250,1100,1250,0,2500,22507500,6753751,1250,33840000,11000000,6752500,2250000,4502500,2250000,0,0,0,2252500,7331106,7.3311
distribute_parallel_for_1100_1800_1300,1100,1300,0,2600,23407800,7023901,1300,34560000,11440000,7022600,2340000,4682600,2340000,0,0,0,2342600,7636541,7.6365
distribute_parallel_for_1100_1800_1350,1100,1350,0,2700,24308100,7294051,1350,35280000,11880000,7292700,2430000,4862700,2430000,0,0,0,2432700,8106835,8.1068
distribute_parallel_for_1100_1800_1400,1100,1400,0,2800,25208400,7564201,1400,36000000,12320000,7562800,2520000,5042800,2520000,0,0,0,2522800,8224111,8.2241
distribute_parallel_for_1100_1800_1450,1100,1450,0,2900,26108700,7834351,1450,36720000,12760000,7832900,2610000,5222900,2610000,0,0,0,2612900,8518994,8.5190
distribute_parallel_for_1100_1800_1500,1100,1500,0,3000,27009000,8104501,1500,37440000,13200000,8103000,2700000,5403000,2700000,0,0,0,2703000,8985580,8.9856
distribute_parallel_for_1100_1800_1550,1100,1550,0,3100,27909300,8374651,1550,38160000,13640000,8373100,2790000,5583100,2790000,0,0,0,2793100,9094195,9.0942
distribute_parallel_for_1100_1800_1600,1100,1600,0,3200,28809600,8644801,1600,38880000,14080000,8643200,2880000,5763200,2880000,0,0,0,2883200,9556032,9.5560
distribute_parallel_for_1100_1800_1650,1100,1650,0,3300,29709900,8914951,1650,39600000,14520000,8913300,2970000,5943300,2970000,0,0,0,2973300,9696261,9.6963
distribute_parallel_for_1100_1800_1700,1100,1700,0,3400,30610200,9185101,1700,40320000,14960000,9183400,3060000,6123400,3060000,0,0,0,3063400,10208882,10.2089
distribute_parallel_for_1100_1800_1750,1100,1750,0,3500,31510500,9455251,1750,41040000,15400000,9453500,3150000,6303500,3150000,0,0,0,3153500,10287023,10.2870
distribute_parallel_for_1100_1800_1800,1100,1800,0,3600,32410800,9725401,1800,41760000,15840000,9723600,3240000,6483600,3240000,0,0,0,3243600,10752486,10.7525
distribute_parallel_for_1100_1800_1850,1100,1850,0,3700,33311100,9995551,1850,42480000,16280000,9993700,3330000,6663700,3330000,0,0,0,3333700,10874863,10.8749
distribute_parallel_for_1100_1800_1900,1100,1900,0,3800,34211400,10265701,1900,43200000,16720000,10263800,3420000,6843800,3420000,0,0,0,3423800,11308330,11.3083
distribute_parallel_for_1100_1800_1950,1100,1950,0,3900,35111700,10535851,1950,43920000,17160000,10533900,3510000,7023900,3510000,0,0,0,3513900,11479270,11.4793
distribute_parallel_for_1100_1800_2000,1100,2000,0,4000,36012000,10806001,2000,44640000,17600000,10804000,3600000,7204000,3600000,0,0,0,3604000,11925871,11.9259
distribute_parallel_for_1100_1850_1050,1100,1050,0,2100,19431300,5830651,1050,31820000,9240000,5829600,1942500,3887100,1942500,0,0,0,1944600,6337976,6.3380
distribute_parallel_for_1100_1850_1100,1100,1100,0,2200,20356600,6108301,1100,32560000,9680000,6107200,2035000,4072200,2035000,0,0,0,2037200,6633738,6.6337
distribute_parallel_for_1100_1850_1150,1100,1150,0,2300,21281900,6385951,1150,33300000,10120000,6384800,2127500,4257300,2127500,0,0,0,2129800,7073477,7.0735
distribute_parallel_for_1100_1850_1200,1100,1200,0,2400,22207200,6663601,1200,34040000,10560000,6662400,2220000,4442400,2220000,0,0,0,2222400,7238162,7.2382
distribute_parallel_for_1100_1850_1250,1100,1250,0,2500,23132500,6941251,1250,34780000,11000000,6940000,2312500,4627500,2312500,0,0,0,2315000,7539998,7.5400
distribute_parallel_for_1100_1850_1300,1100,1300,0,2600,24057800,7218901,1300,35520000,11440000,7217600,2405000,4812600,2405000,0,0,0,2407600,8010805,8.0108
distribute_parallel_for_1100_1850_1350,1100,1350,0,2700,24983100,7496551,1350,36260000,11880000,7495200,2497500,4997700,2497500,0,0,0,2500200,8141458,8.1415
distribute_parallel_for_1100_1850_1400,1100,1400,0,2800,25908400,7774201,1400,37000000,12320000,7772800,2590000,5182800,2590000,0,0,0,2592800,8551434,8.5514
distribute_parallel_for_1100_1850_1450,1100,1450,0,2900,26833700,8051851,1450,37740000,12760000,8050400,2682500,5367900,2682500,0,0,0,2685400,8746461,8.7465
distribute_parallel_for_1100_1850_1500,1100,1500,0,3000,27759000,8329501,1500,38480000,13200000,8328000,2775000,5553000,2775000,0,0,0,2778000,9043704,9.0437
distribute_parallel_for_1100_1850_1550,1100,1550,0,3100,28684300,8607151,1550,39220000,13640000,8605600,2867500,5738100,2867500,0,0,0,2870600,9513245,9.5132
distribute_parallel_for_1100_1850_1600,1100,1600,0,3200,29609600,8884801,1600,39960000,14080000,8883200,2960000,5923200,2960000,0,0,0,2963200,9646126,9.6461
distribute_parallel_for_1100_1850_1650,1100,1650,0,3300,30534900,9162451,1650,40700000,14520000,9160800,3052500,6108300,3052500,0,0,0,3055800,10125731,10.1257
distribute_parallel_for_1100_1850_1700,1100,1700,0,3400,31460200,9440101,1700,41440000,14960000,9438400,3145000,6293400,3145000,0,0,0,3148400,10251052,10.2511
distribute_parallel_for_1100_1850_1750,1100,1750,0,3500,32385500,9717751,1750,42180000,15400000,9716000,3237500,6478500,3237500,0,0,0,3241000,10744433,10.7444
distribute_parallel_for_1100_1850_1800,1100,1800,0,3600,33310800,9995401,1800,42920000,15840000,9993600,3330000,6663600,3330000,0,0,0,3333600,10907610,10.9076
distribute_parallel_for_1100_1850_1850,1100,1850,0,3700,34236100,10273051,1850,43660000,16280000,10271200,3422500,6848700,3422500,0,0,0,3426200,11339253,11.3393
distribute_parallel_for_1100_1850_1900,1100,1900,0,3800,35161400,10550701,1900,44400000,16720000,10548800,3515000,7033800,3515000,0,0,0,3518800,11617202,11.6172
distribute_parallel_for_1100_1850_1950,1100,1950,0,3900,36086700,10828351,1950,45140000,17160000,10826400,3607500,7218900,3607500,0,0,0,3611400,11769892,11.7699
distribute_parallel_for_1100_1850_2000,1100,2000,0,4000,37012000,11106001,2000,45880000,17600000,11104000,3700000,7404000,3700000,0,0,0,3704000,12237845,12.2378
distribute_parallel_for_1100_1900_1050,1100,1050,0,2100,19956300,5988151,1050,32680000,9240000,5987100,1995000,3992100,1995000,0,0,0,1997100,6522394,6.5224
distribute_parallel_for_1100_1900_1100,1100,1100,0,2200,20906600,6273301,1100,33440000,9680000,6272200,2090000,4182200,2090000,0,0,0,2092200,7203704,7.2037
distribute_parallel_for_1100_1900_1150,1100,1150,0,2300,21856900,6558451,1150,34200000,10120000,6557300,2185000,4372300,2185000,0,0,0,2187300,7135641,7.1356
distribute_parallel_for_1100_1900_1200,1100,1200,0,2400,22807200,6843601,1200,34960000,10560000,6842400,2280000,4562400,2280000,0,0,0,2282400,7449568,7.4496
distribute_parallel_for_1100_1900_1250,1100,1250,0,2500,23757500,7128751,1250,35720000,11000000,7127500,2375000,4752500,2375000,0,0,0,2377500,7912007,7.9120
distribute_parallel_for_1100_1900_1300,1100,1300,0,2600,24707800,7413901,1300,36480000,11440000,7412600,2470000,4942600,2470000,0,0,0,2472600,8061176,8.0612
distribute_parallel_for_1100_1900_1350,1100,1350,0,2700,25658100,7699051,1350,37240000,11880000,7697700,2565000,5132700,2565000,0,0,0,2567700,8543464,8.5435
distribute_parallel_for_1100_1900_1400,1100,1400,0,2800,26608400,7984201,1400,38000000,12320000,7982800,2660000,5322800,2660000,0,0,0,2662800,8684436,8.6844
distribute_parallel_for_1100_1900_1450,1100,1450,0,2900,27558700,8269351,1450,38760000,12760000,8267900,2755000,5512900,2755000,0,0,0,2757900,9070131,9.0701
distribute_parallel_for_1100_1900_1500,1100,1500,0,3000,28509000,8554501,1500,39520000,13200000,8553000,2850000,5703000,2850000,0,0,0,2853000,9295518,9.2955
distribute_parallel_for_1100_1900_1550,1100,1550,0,3100,29459300,8839651,1550,40280000,13640000,8838100,2945000,5893100,2945000,0,0,0,2948100,9788478,9.7885
distribute_parallel_for_1100_1900_1600,1100,1600,0,3200,30409600,9124801,1600,41040000,14080000,9123200,3040000,6083200,3040000,0,0,0,3043200,9944228,9.9442
distribute_parallel_for_1100_1900_1650,1100,1650,0,3300,31359900,9409951,1650,41800000,14520000,9408300,3135000,6273300,3135000,0,0,0,3138300,10389786,10.3898
distribute_parallel_for_1100_1900_1700,1100,1700,0,3400,32310200,9695101,1700,42560000,14960000,9693400,3230000,6463400,3230000,0,0,0,3233400,10543834,10.5438
distribute_parallel_for_1100_1900_1750,1100,1750,0,3500,33260500,9980251,1750,43320000,15400000,9978500,3325000,6653500,3325000,0,0,0,3328500,11013524,11.0135
distribute_parallel_for_1100_1900_1800,1100,1800,0,3600,34210800,10265401,1800,44080000,15840000,10263600,3420000,6843600,3420000,0,0,0,3423600,11165698,11.1657
distribute_parallel_for_1100_1900_1850,1100,1850,0,3700,35161100,10550551,1850,44840000,16280000,10548700,3515000,7033700,3515000,0,0,0,3518700,11644762,11.6448
distribute_parallel_for_1100_1900_1900,1100,1900,0,3800,36111400,10835701,1900,45600000,16720000,10833800,3610000,7223800,3610000,0,0,0,3613800,11777138,11.7771
distribute_parallel_for_1100_1900_1950,1100,1950,0,3900,37061700,11120851,1950,46360000,17160000,11118900,3705000,7413900,3705000,0,0,0,3708900,12211736,12.2117
distribute_parallel_for_1100_1900_2000,1100,2000,0,4000,38012000,11406001,2000,47120000,17600000,11404000,3800000,7604000,3800000,0,0,0,3804000,12410597,12.4106
distribute_parallel_for_1100_1950_1050,1100,1050,0,2100,20481300,6145651,1050,33540000,9240000,6144600,2047500,4097100,2047500,0,0,0,2049600,6739746,6.7397
distribute_parallel_for_1100_1950_1100,1100,1100,0,2200,21456600,6438301,1100,34320000,9680000,6437200,2145000,4292200,2145000,0,0,0,2147200,6992468,6.9925
distribute_parallel_for_1100_1950_1150,1100,1150,0,2300,22431900,6730951,1150,35100000,10120000,6729800,2242500,4487300,2242500,0,0,0,2244800,7311750,7.3117
distribute_parallel_for_1100_1950_1200,1100,1200,0,2400,23407200,7023601,1200,35880000,10560000,7022400,2340000,4682400,2340000,0,0,0,2342400,7821745,7.8217
distribute_parallel_for_1100_1950_1250,1100,1250,0,2500,24382500,7316251,1250,36660000,11000000,7315000,2437500,4877500,2437500,0,0,0,2440000,7938984,7.9390
distribute_parallel_for_1100_1950_1300,1100,1300,0,2600,25357800,7608901,1300,37440000,11440000,7607600,2535000,5072600,2535000,0,0,0,2537600,8419149,8.4191
distribute_parallel_for_1100_1950_1350,1100,1350,0,2700,26333100,7901551,1350,38220000,11880000,7900200,2632500,5267700,2632500,0,0,0,2635200,8592851,8.5929
distribute_parallel_for_1100_1950_1400,1100,1400,0,2800,27308400,8194201,1400,39000000,12320000,8192800,2730000,5462800,2730000,0,0,0,2732800,9090964,9.0910
distribute_parallel_for_1100_1950_1450,1100,1450,0,2900,28283700,8486851,1450,39780000,12760000,8485400,2827500,5657900,2827500,0,0,0,2830400,9219657,9.2197
distribute_parallel_for_1100_1950_1500,1100,1500,0,3000,29259000,8779501,1500,40560000,13200000,8778000,2925000,5853000,2925000,0,0,0,2928000,9713323,9.7133
distribute_parallel_for_1100_1950_1550,1100,1550,0,3100,30234300,9072151,1550,41340000,13640000,9070600,3022500,6048100,3022500,0,0,0,3025600,9846953,9.8470
distribute_parallel_for_1100_1950_1600,1100,1600,0,3200,31209600,9364801,1600,42120000,14080000,9363200,3120000,6243200,3120000,0,0,0,3123200,10368692,10.3687
distribute_parallel_for_1100_1950_1650,1100,1650,0,3300,32184900,9657451,1650,42900000,14520000,9655800,3217500,6438300,3217500,0,0,0,3220800,10495118,10.4951
distribute_parallel_for_1100_1950_1700,1100,1700,0,3400,33160200,9950101,1700,43680000,14960000,9948400,3315000,6633400,3315000,0,0,0,3318400,11010394,11.0104
distribute_parallel_for_1100_1950_1750,1100,1750,0,3500,34135500,10242751,1750,44460000,15400000,10241000,3412500,6828500,3412500,0,0,0,3416000,11123843,11.1238
distribute_parallel_for_1100_1950_1800,1100,1800,0,3600,35110800,10535401,1800,45240000,15840000,10533600,3510000,7023600,3510000,0,0,0,3513600,11611426,11.6114
distribute_parallel_for_1100_1950_1850,1100,1850,0,3700,36086100,10828051,1850,46020000,16280000,10826200,3607500,7218700,3607500,0,0,0,3611200,11771365,11.7714
distribute_parallel_for_1100_1950_1900,1100,1900,0,3800,37061400,11120701,1900,46800000,16720000,11118800,3705000,7413800,3705000,0,0,0,3708800,12218329,12.2183
distribute_parallel_for_1100_1950_1950,1100,1950,0,3900,38036700,11413351,1950,47580000,17160000,11411400,3802500,7608900,3802500,0,0,0,3806400,12396304,12.3963
distribute_parallel_for_1100_1950_2000,1100,2000,0,4000,39012000,11706001,2000,48360000,17600000,11704000,3900000,7804000,3900000,0,0,0,3904000,12916564,12.9166
distribute_parallel_for_1100_2000_1050,1100,1050,0,2100,21006300,6303151,1050,34400000,9240000,6302100,2100000,4202100,2100000,0,0,0,2102100,6847713,6.8477
distribute_parallel_for_1100_2000_1100,1100,1100,0,2200,22006600,6603301,1100,35200000,9680000,6602200,2200000,4402200,2200000,0,0,0,2202200,7315963,7.3160
distribute_parallel_for_1100_2000_1150,1100,1150,0,2300,23006900,6903451,1150,36000000,10120000,6902300,2300000,4602300,2300000,0,0,0,2302300,7499657,7.4997
distribute_parallel_for_1100_2000_1200,1100,1200,0,2400,24007200,7203601,1200,36800000,10560000,7202400,2400000,4802400,2400000,0,0,0,2402400,7817401,7.8174
distribute_parallel_for_1100_2000_1250,1100,1250,0,2500,25007500,7503751,1250,37600000,11000000,7502500,2500000,5002500,2500000,0,0,0,2502500,8330280,8.3303
distribute_parallel_for_1100_2000_1300,1100,1300,0,2600,26007800,7803901,1300,38400000,11440000,7802600,2600000,5202600,2600000,0,0,0,2602600,8472444,8.4724
distribute_parallel_for_1100_2000_1350,1100,1350,0,2700,27008100,8104051,1350,39200000,11880000,8102700,2700000,5402700,2700000,0,0,0,2702700,9270129,9.2701
distribute_parallel_for_1100_2000_1400,1100,1400,0,2800,28008400,8404201,1400,40000000,12320000,8402800,2800000,5602800,2800000,0,0,0,2802800,9141505,9.1415
distribute_parallel_for_1100_2000_1450,1100,1450,0,2900,29008700,8704351,1450,40800000,12760000,8702900,2900000,5802900,2900000,0,0,0,2902900,9943621,9.9436
distribute_parallel_for_1100_2000_1500,1100,1500,0,3000,30009000,9004501,1500,41600000,13200000,9003000,3000000,6003000,3000000,0,0,0,3003000,9803879,9.8039
distribute_parallel_for_1100_2000_1550,1100,1550,0,3100,31009300,9304651,1550,42400000,13640000,9303100,3100000,6203100,3100000,0,0,0,3103100,10588020,10.5880
distribute_parallel_for_1100_2000_1600,1100,1600,0,3200,32009600,9604801,1600,43200000,14080000,9603200,3200000,6403200,3200000,0,0,0,3203200,10473336,10.4733
distribute_parallel_for_1100_2000_1650,1100,1650,0,3300,33009900,9904951,1650,44000000,14520000,9903300,3300000,6603300,3300000,0,0,0,3303300,10977172,10.9772
distribute_parallel_for_1100_2000_1700,1100,1700,0,3400,34010200,10205101,1700,44800000,14960000,10203400,3400000,6803400,3400000,0,0,0,3403400,11272536,11.2725
distribute_parallel_for_1100_2000_1750,1100,1750,0,3500,35010500,10505251,1750,45600000,15400000,10503500,3500000,7003500,3500000,0,0,0,3503500,11439614,11.4396
distribute_parallel_for_1100_2000_1800,1100,1800,0,3600,36010800,10805401,1800,46400000,15840000,10803600,3600000,7203600,3600000,0,0,0,3603600,11907434,11.9074
distribute_parallel_for_1100_2000_1850,1100,1850,0,3700,37011100,11105551,1850,47200000,16280000,11103700,3700000,7403700,3700000,0,0,0,3703700,12083751,12.0838
distribute_parallel_for_1100_2000_1900,1100,1900,0,3800,38011400,11405701,1900,48000000,16720000,11403800,3800000,7603800,3800000,0,0,0,3803800,12977998,12.9780
distribute_parallel_for_1100_2000_1950,1100,1950,0,3900,39011700,11705851,1950,48800000,17160000,11703900,3900000,7803900,3900000,0,0,0,3903900,12735636,12.7356
distribute_parallel_for_1100_2000_2000,1100,2000,0,4000,40012000,12006001,2000,49600000,17600000,12004000,4000000,8004000,4000000,0,0,0,4004000,13209027,13.2090
distribute_parallel_for_1150_1050_1050,1150,1050,0,2100,11031300,3310651,1050,18480000,9660000,3309600,1102500,2207100,1102500,0,0,0,1104600,3594897,3.5949
distribute_parallel_for_1150_1050_1100,1150,1100,0,2200,11556600,3468301,1100,18900000,10120000,3467200,1155000,2312200,1155000,0,0,0,1157200,3766310,3.7663
distribute_parallel_for_1150_1050_1150,1150,1150,0,2300,12081900,3625951,1150,19320000,10580000,3624800,1207500,2417300,1207500,0,0,0,1209800,4123664,4.1237
distribute_parallel_for_1150_1050_1200,1150,1200,0,2400,12607200,3783601,1200,19740000,11040000,3782400,1260000,2522400,1260000,0,0,0,1262400,4104178,4.1042
distribute_parallel_for_1150_1050_1250,1150,1250,0,2500,13132500,3941251,1250,20160000,11500000,3940000,1312500,2627500,1312500,0,0,0,1315000,4281262,4.2813
distribute_parallel_for_1150_1050_1300,1150,1300,0,2600,13657800,4098901,1300,20580000,11960000,4097600,1365000,2732600,1365000,0,0,0,1367600,4463575,4.4636
distribute_parallel_for_1150_1050_1350,1150,1350,0,2700,14183100,4256551,1350,21000000,12420000,4255200,1417500,2837700,1417500,0,0,0,1420200,4614501,4.6145
distribute_parallel_for_1150_1050_1400,1150,1400,0,2800,14708400,4414201,1400,21420000,12880000,4412800,1470000,2942800,1470000,0,0,0,1472800,4814208,4.8142
distribute_parallel_for_1150_1050_1450,1150,1450,0,2900,15233700,4571851,1450,21840000,13340000,4570400,1522500,3047900,1522500,0,0,0,1525400,4960051,4.9601
distribute_parallel_for_1150_1050_1500,1150,1500,0,3000,15759000,4729501,1500,22260000,13800000,4728000,1575000,3153000,1575000,0,0,0,1578000,5132142,5.1321
distribute_parallel_for_1150_1050_1550,1150,1550,0,3100,16284300,4887151,1550,22680000,14260000,4885600,1627500,3258100,1627500,0,0,0,1630600,5306982,5.3070
distribute_parallel_for_1150_1050_1600,1150,1600,0,3200,16809600,5044801,1600,23100000,14720000,5043200,1680000,3363200,1680000,0,0,0,1683200,5478797,5.4788
distribute_parallel_for_1150_1050_1650,1150,1650,0,3300,17334900,5202451,1650,23520000,15180000,5200800,1732500,3468300,1732500,0,0,0,1735800,5644758,5.6448
distribute_parallel_for_1150_1050_1700,1150,1700,0,3400,17860200,5360101,1700,23940000,15640000,5358400,1785000,3573400,1785000,0,0,0,1788400,5998692,5.9987
distribute_parallel_for_1150_1050_1750,1150,1750,0,3500,18385500,5517751,1750,24360000,16100000,5516000,1837500,3678500,1837500,0,0,0,1841000,5985231,5.9852
distribute_parallel_for_1150_1050_1800,1150,1800,0,3600,18910800,5675401,1800,24780000,16560000,5673600,1890000,3783600,1890000,0,0,0,1893600,6157954,6.1580
distribute_parallel_for_1150_1050_1850,1150,1850,0,3700,19436100,5833051,1850,25200000,17020000,5831200,1942500,3888700,1942500,0,0,0,1946200,6508015,6.5080
distribute_parallel_for_1150_1050_1900,1150,1900,0,3800,19961400,5990701,1900,25620000,17480000,5988800,1995000,3993800,1995000,0,0,0,1998800,6501973,6.5020
distribute_parallel_for_1150_1050_1950,1150,1950,0,3900,20486700,6148351,1950,26040000,17940000,6146400,2047500,4098900,2047500,0,0,0,2051400,6671514,6.6715
distribute_parallel_for_1150_1050_2000,1150,2000,0,4000,21012000,6306001,2000,26460000,18400000,6304000,2100000,4204000,2100000,0,0,0,2104000,6840689,6.8407
distribute_parallel_for_1150_1100_1050,1150,1050,0,2100,11556300,3468151,1050,19360000,9660000,3467100,1155000,2312100,1155000,0,0,0,1157100,3780793,3.7808
distribute_parallel_for_1150_1100_1100,1150,1100,0,2200,12106600,3633301,1100,19800000,10120000,3632200,1210000,2422200,1210000,0,0,0,1212200,3959778,3.9598
distribute_parallel_for_1150_1100_1150,1150,1150,0,2300,12656900,3798451,1150,20240000,10580000,3797300,1265000,2532300,1265000,0,0,0,1267300,4327858,4.3279
distribute_parallel_for_1150_1100_1200,1150,1200,0,2400,13207200,3963601,1200,20680000,11040000,3962400,1320000,2642400,1320000,0,0,0,1322400,4320416,4.3204
distribute_parallel_for_1150_1100_1250,1150,1250,0,2500,13757500,4128751,1250,21120000,11500000,4127500,1375000,2752500,1375000,0,0,0,1377500,4498116,4.4981
distribute_parallel_for_1150_1100_1300,1150,1300,0,2600,14307800,4293901,1300,21560000,11960000,4292600,1430000,2862600,1430000,0,0,0,1432600,4694944,4.6949
distribute_parallel_for_1150_1100_1350,1150,1350,0,2700,14858100,4459051,1350,22000000,12420000,4457700,1485000,2972700,1485000,0,0,0,1487700,4859184,4.8592
distribute_parallel_for_1150_1100_1400,1150,1400,0,2800,15408400,4624201,1400,22440000,12880000,4622800,1540000,3082800,1540000,0,0,0,1542800,5037787,5.0378
distribute_parallel_for_1150_1100_1450,1150,1450,0,2900,15958700,4789351,1450,22880000,13340000,4787900,1595000,3192900,1595000,0,0,0,1597900,5216345,5.2163
distribute_parallel_for_1150_1100_1500,1150,1500,0,3000,16509000,4954501,1500,23320000,13800000,4953000,1650000,3303000,1650000,0,0,0,1653000,5395214,5.3952
distribute_parallel_for_1150_1100_1550,1150,1550,0,3100,17059300,5119651,1550,23760000,14260000,5118100,1705000,3413100,1705000,0,0,0,1708100,5751754,5.7518
distribute_parallel_for_1150_1100_1600,1150,1600,0,3200,17609600,5284801,1600,24200000,14720000,5283200,1760000,3523200,1760000,0,0,0,1763200,5756328,5.7563
distribute_parallel_for_1150_1100_1650,1150,1650,0,3300,18159900,5449951,1650,24640000,15180000,5448300,1815000,3633300,1815000,0,0,0,1818300,5943264,5.9433
distribute_parallel_for_1150_1100_1700,1150,1700,0,3400,18710200,5615101,1700,25080000,15640000,5613400,1870000,3743400,1870000,0,0,0,1873400,6120712,6.1207
distribute_parallel_for_1150_1100_1750,1150,1750,0,3500,19260500,5780251,1750,25520000,16100000,5778500,1925000,3853500,1925000,0,0,0,1928500,6433704,6.4337
distribute_parallel_for_1150_1100_1800,1150,1800,0,3600,19810800,5945401,1800,25960000,16560000,5943600,1980000,3963600,1980000,0,0,0,1983600,6483390,6.4834
distribute_parallel_for_1150_1100_1850,1150,1850,0,3700,20361100,6110551,1850,26400000,17020000,6108700,2035000,4073700,2035000,0,0,0,2038700,6685924,6.6859
distribute_parallel_for_1150_1100_1900,1150,1900,0,3800,20911400,6275701,1900,26840000,17480000,6273800,2090000,4183800,2090000,0,0,0,2093800,7048343,7.0483
distribute_parallel_for_1150_1100_1950,1150,1950,0,3900,21461700,6440851,1950,27280000,17940000,6438900,2145000,4293900,2145000,0,0,0,2148900,7018774,7.0188
distribute_parallel_for_1150_1100_2000,1150,2000,0,4000,22012000,6606001,2000,27720000,18400000,6604000,2200000,4404000,2200000,0,0,0,2204000,7201357,7.2014
distribute_parallel_for_1150_1150_1050,1150,1050,0,2100,12081300,3625651,1050,20240000,9660000,3624600,1207500,2417100,1207500,0,0,0,1209600,3935082,3.9351
distribute_parallel_for_1150_1150_1100,1150,1100,0,2200,12656600,3798301,1100,20700000,10120000,3797200,1265000,2532200,1265000,0,0,0,1267200,4125850,4.1258
distribute_parallel_for_1150_1150_1150,1150,1150,0,2300,13231900,3970951,1150,21160000,10580000,3969800,1322500,2647300,1322500,0,0,0,1324800,4314747,4.3147
distribute_parallel_for_1150_1150_1200,1150,1200,0,2400,13807200,4143601,1200,21620000,11040000,4142400,1380000,2762400,1380000,0,0,0,1382400,4497368,4.4974
distribute_parallel_for_1150_1150_1250,1150,1250,0,2500,14382500,4316251,1250,22080000,11500000,4315000,1437500,2877500,1437500,0,0,0,1440000,4685617,4.6856
distribute_parallel_for_1150_1150_1300,1150,1300,0,2600,14957800,4488901,1300,22540000,11960000,4487600,1495000,2992600,1495000,0,0,0,1497600,5052660,5.0527
distribute_parallel_for_1150_1150_1350,1150,1350,0,2700,15533100,4661551,1350,23000000,12420000,4660200,1552500,3107700,1552500,0,0,0,1555200,5077572,5.0776
distribute_parallel_for_1150_1150_1400,1150,1400,0,2800,16108400,4834201,1400,23460000,12880000,4832800,1610000,3222800,1610000,0,0,0,1612800,5248720,5.2487
distribute_parallel_for_1150_1150_1450,1150,1450,0,2900,16683700,5006851,1450,23920000,13340000,5005400,1667500,3337900,1667500,0,0,0,1670400,5592773,5.5928
distribute_parallel_for_1150_1150_1500,1150,1500,0,3000,17259000,5179501,1500,24380000,13800000,5178000,1725000,3453000,1725000,0,0,0,1728000,5626863,5.6269
distribute_parallel_for_1150_1150_1550,1150,1550,0,3100,17834300,5352151,1550,24840000,14260000,5350600,1782500,3568100,1782500,0,0,0,1785600,5805038,5.8050
distribute_parallel_for_1150_1150_1600,1150,1600,0,3200,18409600,5524801,1600,25300000,14720000,5523200,1840000,3683200,1840000,0,0,0,1843200,5992879,5.9929
distribute_parallel_for_1150_1150_1650,1150,1650,0,3300,18984900,5697451,1650,25760000,15180000,5695800,1897500,3798300,1897500,0,0,0,1900800,6177659,6.1777
distribute_parallel_for_1150_1150_1700,1150,1700,0,3400,19560200,5870101,1700,26220000,15640000,5868400,1955000,3913400,1955000,0,0,0,1958400,6545709,6.5457
distribute_parallel_for_1150_1150_1750,1150,1750,0,3500,20135500,6042751,1750,26680000,16100000,6041000,2012500,4028500,2012500,0,0,0,2016000,6555880,6.5559
distribute_parallel_for_1150_1150_1800,1150,1800,0,3600,20710800,6215401,1800,27140000,16560000,6213600,2070000,4143600,2070000,0,0,0,2073600,6740828,6.7408
distribute_parallel_for_1150_1150_1850,1150,1850,0,3700,21286100,6388051,1850,27600000,17020000,6386200,2127500,4258700,2127500,0,0,0,2131200,7083125,7.0831
distribute_parallel_for_1150_1150_1900,1150,1900,0,3800,21861400,6560701,1900,28060000,17480000,6558800,2185000,4373800,2185000,0,0,0,2188800,7129114,7.1291
distribute_parallel_for_1150_1150_1950,1150,1950,0,3900,22436700,6733351,1950,28520000,17940000,6731400,2242500,4488900,2242500,0,0,0,2246400,7301126,7.3011
distribute_parallel_for_1150_1150_2000,1150,2000,0,4000,23012000,6906001,2000,28980000,18400000,6904000,2300000,4604000,2300000,0,0,0,2304000,7655767,7.6558
distribute_parallel_for_1150_1200_1050,1150,1050,0,2100,12606300,3783151,1050,21120000,9660000,3782100,1260000,2522100,1260000,0,0,0,1262100,4124590,4.1246
distribute_parallel_for_1150_1200_1100,1150,1100,0,2200,13206600,3963301,1100,21600000,10120000,3962200,1320000,2642200,1320000,0,0,0,1322200,4319877,4.3199
distribute_parallel_for_1150_1200_1150,1150,1150,0,2300,13806900,4143451,1150,22080000,10580000,4142300,1380000,2762300,1380000,0,0,0,1382300,4516179,4.5162
distribute_parallel_for_1150_1200_1200,1150,1200,0,2400,14407200,4323601,1200,22560000,11040000,4322400,1440000,2882400,1440000,0,0,0,1442400,4870348,4.8703
distribute_parallel_for_1150_1200_1250,1150,1250,0,2500,15007500,4503751,1250,23040000,11500000,4502500,1500000,3002500,1500000,0,0,0,1502500,4905802,4.9058
distribute_parallel_for_1150_1200_1300,1150,1300,0,2600,15607800,4683901,1300,23520000,11960000,4682600,1560000,3122600,1560000,0,0,0,1562600,5101406,5.1014
distribute_parallel_for_1150_1200_1350,1150,1350,0,2700,16208100,4864051,1350,24000000,12420000,4862700,1620000,3242700,1620000,0,0,0,1622700,5312262,5.3123
distribute_parallel_for_1150_1200_1400,1150,1400,0,2800,16808400,5044201,1400,24480000,12880000,5042800,1680000,3362800,1680000,0,0,0,1682800,5664474,5.6645
distribute_parallel_for_1150_1200_1450,1150,1450,0,2900,17408700,5224351,1450,24960000,13340000,5222900,1740000,3482900,1740000,0,0,0,1742900,5714545,5.7145
distribute_parallel_for_1150_1200_1500,1150,1500,0,3000,18009000,5404501,1500,25440000,13800000,5403000,1800000,3603000,1800000,0,0,0,1803000,5904932,5.9049
distribute_parallel_for_1150_1200_1550,1150,1550,0,3100,18609300,5584651,1550,25920000,14260000,5583100,1860000,3723100,1860000,0,0,0,1863100,6277979,6.2780
distribute_parallel_for_1150_1200_1600,1150,1600,0,3200,19209600,5764801,1600,26400000,14720000,5763200,1920000,3843200,1920000,0,0,0,1923200,6276946,6.2769
distribute_parallel_for_1150_1200_1650,1150,1650,0,3300,19809900,5944951,1650,26880000,15180000,5943300,1980000,3963300,1980000,0,0,0,1983300,6477073,6.4771
distribute_parallel_for_1150_1200_1700,1150,1700,0,3400,20410200,6125101,1700,27360000,15640000,6123400,2040000,4083400,2040000,0,0,0,2043400,6666967,6.6670
distribute_parallel_for_1150_1200_1750,1150,1750,0,3500,21010500,6305251,1750,27840000,16100000,6303500,2100000,4203500,2100000,0,0,0,2103500,6872873,6.8729
distribute_parallel_for_1150_1200_1800,1150,1800,0,3600,21610800,6485401,1800,28320000,16560000,6483600,2160000,4323600,2160000,0,0,0,2163600,7250181,7.2502
distribute_parallel_for_1150_1200_1850,1150,1850,0,3700,22211100,6665551,1850,28800000,17020000,6663700,2220000,4443700,2220000,0,0,0,2223700,7264293,7.2643
distribute_parallel_for_1150_1200_1900,1150,1900,0,3800,22811400,6845701,1900,29280000,17480000,6843800,2280000,4563800,2280000,0,0,0,2283800,7482752,7.4828
distribute_parallel_for_1150_1200_1950,1150,1950,0,3900,23411700,7025851,1950,29760000,17940000,7023900,2340000,4683900,2340000,0,0,0,2343900,7825175,7.8252
distribute_parallel_for_1150_1200_2000,1150,2000,0,4000,24012000,7206001,2000,30240000,18400000,7204000,2400000,4804000,2400000,0,0,0,2404000,7882151,7.8822
distribute_parallel_for_1150_1250_1050,1150,1050,0,2100,13131300,3940651,1050,22000000,9660000,3939600,1312500,2627100,1312500,0,0,0,1314600,4326396,4.3264
distribute_parallel_for_1150_1250_1100,1150,1100,0,2200,13756600,4128301,1100,22500000,10120000,4127200,1375000,2752200,1375000,0,0,0,1377200,4496660,4.4967
distribute_parallel_for_1150_1250_1150,1150,1150,0,2300,14381900,4315951,1150,23000000,10580000,4314800,1437500,2877300,1437500,0,0,0,1439800,4683534,4.6835
distribute_parallel_for_1150_1250_1200,1150,1200,0,2400,15007200,4503601,1200,23500000,11040000,4502400,1500000,3002400,1500000,0,0,0,1502400,4890933,4.8909
distribute_parallel_for_1150_1250_1250,1150,1250,0,2500,15632500,4691251,1250,24000000,11500000,4690000,1562500,3127500,1562500,0,0,0,1565000,5246808,5.2468
distribute_parallel_for_1150_1250_1300,1150,1300,0,2600,16257800,4878901,1300,24500000,11960000,4877600,1625000,3252600,1625000,0,0,0,1627600,5332641,5.3326
distribute_parallel_for_1150_1250_1350,1150,1350,0,2700,16883100,5066551,1350,25000000,12420000,5065200,1687500,3377700,1687500,0,0,0,1690200,5521147,5.5211
distribute_parallel_for_1150_1250_1400,1150,1400,0,2800,17508400,5254201,1400,25500000,12880000,5252800,1750000,3502800,1750000,0,0,0,1752800,5885428,5.8854
distribute_parallel_for_1150_1250_1450,1150,1450,0,2900,18133700,5441851,1450,26000000,13340000,5440400,1812500,3627900,1812500,0,0,0,1815400,5909339,5.9093
distribute_parallel_for_1150_1250_1500,1150,1500,0,3000,18759000,5629501,1500,26500000,13800000,5628000,1875000,3753000,1875000,0,0,0,1878000,6108391,6.1084
distribute_parallel_for_1150_1250_1550,1150,1550,0,3100,19384300,5817151,1550,27000000,14260000,5815600,1937500,3878100,1937500,0,0,0,1940600,6320615,6.3206
distribute_parallel_for_1150_1250_1600,1150,1600,0,3200,20009600,6004801,1600,27500000,14720000,6003200,2000000,4003200,2000000,0,0,0,2003200,6509821,6.5098
distribute_parallel_for_1150_1250_1650,1150,1650,0,3300,20634900,6192451,1650,28000000,15180000,6190800,2062500,4128300,2062500,0,0,0,2065800,6718463,6.7185
distribute_parallel_for_1150_1250_1700,1150,1700,0,3400,21260200,6380101,1700,28500000,15640000,6378400,2125000,4253400,2125000,0,0,0,2128400,6918896,6.9189
distribute_parallel_for_1150_1250_1750,1150,1750,0,3500,21885500,6567751,1750,29000000,16100000,6566000,2187500,4378500,2187500,0,0,0,2191000,7278789,7.2788
distribute_parallel_for_1150_1250_1800,1150,1800,0,3600,22510800,6755401,1800,29500000,16560000,6753600,2250000,4503600,2250000,0,0,0,2253600,7337502,7.3375
distribute_parallel_for_1150_1250_1850,1150,1850,0,3700,23136100,6943051,1850,30000000,17020000,6941200,2312500,4628700,2312500,0,0,0,2316200,7551597,7.5516
distribute_parallel_for_1150_1250_1900,1150,1900,0,3800,23761400,7130701,1900,30500000,17480000,7128800,2375000,4753800,2375000,0,0,0,2378800,7902067,7.9021
distribute_parallel_for_1150_1250_1950,1150,1950,0,3900,24386700,7318351,1950,31000000,17940000,7316400,2437500,4878900,2437500,0,0,0,2441400,7947089,7.9471
distribute_parallel_for_1150_1250_2000,1150,2000,0,4000,25012000,7506001,2000,31500000,18400000,7504000,2500000,5004000,2500000,0,0,0,2504000,8150061,8.1501
distribute_parallel_for_1150_1300_1050,1150,1050,0,2100,13656300,4098151,1050,22880000,9660000,4097100,1365000,2732100,1365000,0,0,0,1367100,4457412,4.4574
distribute_parallel_for_1150_1300_1100,1150,1100,0,2200,14306600,4293301,1100,23400000,10120000,4292200,1430000,2862200,1430000,0,0,0,1432200,4672780,4.6728
distribute_parallel_for_1150_1300_1150,1150,1150,0,2300,14956900,4488451,1150,23920000,10580000,4487300,1495000,2992300,1495000,0,0,0,1497300,4938685,4.9387
distribute_parallel_for_1150_1300_1200,1150,1200,0,2400,15607200,4683601,1200,24440000,11040000,4682400,1560000,3122400,1560000,0,0,0,1562400,5095476,5.0955
distribute_parallel_for_1150_1300_1250,1150,1250,0,2500,16257500,4878751,1250,24960000,11500000,4877500,1625000,3252500,1625000,0,0,0,1627500,5305719,5.3057
distribute_parallel_for_1150_1300_1300,1150,1300,0,2600,16907800,5073901,1300,25480000,11960000,5072600,1690000,3382600,1690000,0,0,0,1692600,5523229,5.5232
distribute_parallel_for_1150_1300_1350,1150,1350,0,2700,17558100,5269051,1350,26000000,12420000,5267700,1755000,3512700,1755000,0,0,0,1757700,5917920,5.9179
distribute_parallel_for_1150_1300_1400,1150,1400,0,2800,18208400,5464201,1400,26520000,12880000,5462800,1820000,3642800,1820000,0,0,0,1822800,5949877,5.9499
distribute_parallel_for_1150_1300_1450,1150,1450,0,2900,18858700,5659351,1450,27040000,13340000,5657900,1885000,3772900,1885000,0,0,0,1887900,6157255,6.1573
distribute_parallel_for_1150_1300_1500,1150,1500,0,3000,19509000,5854501,1500,27560000,13800000,5853000,1950000,3903000,1950000,0,0,0,1953000,6368469,6.3685
distribute_parallel_for_1150_1300_1550,1150,1550,0,3100,20159300,6049651,1550,28080000,14260000,6048100,2015000,4033100,2015000,0,0,0,2018100,6717293,6.7173
distribute_parallel_for_1150_1300_1600,1150,1600,0,3200,20809600,6244801,1600,28600000,14720000,6243200,2080000,4163200,2080000,0,0,0,2083200,6794899,6.7949
distribute_parallel_for_1150_1300_1650,1150,1650,0,3300,21459900,6439951,1650,29120000,15180000,6438300,2145000,4293300,2145000,0,0,0,2148300,7004805,7.0048
distribute_parallel_for_1150_1300_1700,1150,1700,0,3400,22110200,6635101,1700,29640000,15640000,6633400,2210000,4423400,2210000,0,0,0,2213400,7428713,7.4287
distribute_parallel_for_1150_1300_1750,1150,1750,0,3500,22760500,6830251,1750,30160000,16100000,6828500,2275000,4553500,2275000,0,0,0,2278500,7437966,7.4380
distribute_parallel_for_1150_1300_1800,1150,1800,0,3600,23410800,7025401,1800,30680000,16560000,7023600,2340000,4683600,2340000,0,0,0,2343600,7644043,7.6440
distribute_parallel_for_1150_1300_1850,1150,1850,0,3700,24061100,7220551,1850,31200000,17020000,7218700,2405000,4813700,2405000,0,0,0,2408700,8015577,8.0156
distribute_parallel_for_1150_1300_1900,1150,1900,0,3800,24711400,7415701,1900,31720000,17480000,7413800,2470000,4943800,2470000,0,0,0,2473800,8067503,8.0675
distribute_parallel_for_1150_1300_1950,1150,1950,0,3900,25361700,7610851,1950,32240000,17940000,7608900,2535000,5073900,2535000,0,0,0,2538900,8278660,8.2787
distribute_parallel_for_1150_1300_2000,1150,2000,0,4000,26012000,7806001,2000,32760000,18400000,7804000,2600000,5204000,2600000,0,0,0,2604000,8653902,8.6539
distribute_parallel_for_1150_1350_1050,1150,1050,0,2100,14181300,4255651,1050,23760000,9660000,4254600,1417500,2837100,1417500,0,0,0,1419600,4614481,4.6145
distribute_parallel_for_1150_1350_1100,1150,1100,0,2200,14856600,4458301,1100,24300000,10120000,4457200,1485000,2972200,1485000,0,0,0,1487200,4835850,4.8358
distribute_parallel_for_1150_1350_1150,1150,1150,0,2300,15531900,4660951,1150,24840000,10580000,4659800,1552500,3107300,1552500,0,0,0,1554800,5055337,5.0553
distribute_parallel_for_1150_1350_1200,1150,1200,0,2400,16207200,4863601,1200,25380000,11040000,4862400,1620000,3242400,1620000,0,0,0,1622400,5275236,5.2752
distribute_parallel_for_1150_1350_1250,1150,1250,0,2500,16882500,5066251,1250,25920000,11500000,5065000,1687500,3377500,1687500,0,0,0,1690000,5497582,5.4976
distribute_parallel_for_1150_1350_1300,1150,1300,0,2600,17557800,5268901,1300,26460000,11960000,5267600,1755000,3512600,1755000,0,0,0,1757600,5870691,5.8707
distribute_parallel_for_1150_1350_1350,1150,1350,0,2700,18233100,5471551,1350,27000000,12420000,5470200,1822500,3647700,1822500,0,0,0,1825200,5935277,5.9353
distribute_parallel_for_1150_1350_1400,1150,1400,0,2800,18908400,5674201,1400,27540000,12880000,5672800,1890000,3782800,1890000,0,0,0,1892800,6150436,6.1504
distribute_parallel_for_1150_1350_1450,1150,1450,0,2900,19583700,5876851,1450,28080000,13340000,5875400,1957500,3917900,1957500,0,0,0,1960400,6501776,6.5018
distribute_parallel_for_1150_1350_1500,1150,1500,0,3000,20259000,6079501,1500,28620000,13800000,6078000,2025000,4053000,2025000,0,0,0,2028000,6626910,6.6269
distribute_parallel_for_1150_1350_1550,1150,1550,0,3100,20934300,6282151,1550,29160000,14260000,6280600,2092500,4188100,2092500,0,0,0,2095600,6831825,6.8318
distribute_parallel_for_1150_1350_1600,1150,1600,0,3200,21609600,6484801,1600,29700000,14720000,6483200,2160000,4323200,2160000,0,0,0,2163200,7214666,7.2147
distribute_parallel_for_1150_1350_1650,1150,1650,0,3300,22284900,6687451,1650,30240000,15180000,6685800,2227500,4458300,2227500,0,0,0,2230800,7255195,7.2552
distribute_parallel_for_1150_1350_1700,1150,1700,0,3400,22960200,6890101,1700,30780000,15640000,6888400,2295000,4593400,2295000,0,0,0,2298400,7479941,7.4799
distribute_parallel_for_1150_1350_1750,1150,1750,0,3500,23635500,7092751,1750,31320000,16100000,7091000,2362500,4728500,2362500,0,0,0,2366000,7767411,7.7674
distribute_parallel_for_1150_1350_1800,1150,1800,0,3600,24310800,7295401,1800,31860000,16560000,7293600,2430000,4863600,2430000,0,0,0,2433600,7924925,7.9249
distribute_parallel_for_1150_1350_1850,1150,1850,0,3700,24986100,7498051,1850,32400000,17020000,7496200,2497500,4998700,2497500,0,0,0,2501200,8145523,8.1455
distribute_parallel_for_1150_1350_1900,1150,1900,0,3800,25661400,7700701,1900,32940000,17480000,7698800,2565000,5133800,2565000,0,0,0,2568800,8507652,8.5077
distribute_parallel_for_1150_1350_1950,1150,1950,0,3900,26336700,7903351,1950,33480000,17940000,7901400,2632500,5268900,2632500,0,0,0,2636400,8575499,8.5755
distribute_parallel_for_1150_1350_2000,1150,2000,0,4000,27012000,8106001,2000,34020000,18400000,8104000,2700000,5404000,2700000,0,0,0,2704000,8794840,8.7948
distribute_parallel_for_1150_1400_1050,1150,1050,0,2100,14706300,4413151,1050,24640000,9660000,4412100,1470000,2942100,1470000,0,0,0,1472100,4809451,4.8095
distribute_parallel_for_1150_1400_1100,1150,1100,0,2200,15406600,4623301,1100,25200000,10120000,4622200,1540000,3082200,1540000,0,0,0,1542200,5038980,5.0390
distribute_parallel_for_1150_1400_1150,1150,1150,0,2300,16106900,4833451,1150,25760000,10580000,4832300,1610000,3222300,1610000,0,0,0,1612300,5267546,5.2675
distribute_parallel_for_1150_1400_1200,1150,1200,0,2400,16807200,5043601,1200,26320000,11040000,5042400,1680000,3362400,1680000,0,0,0,1682400,5646965,5.6470
distribute_parallel_for_1150_1400_1250,1150,1250,0,2500,17507500,5253751,1250,26880000,11500000,5252500,1750000,3502500,1750000,0,0,0,1752500,5724280,5.7243
distribute_parallel_for_1150_1400_1300,1150,1300,0,2600,18207800,5463901,1300,27440000,11960000,5462600,1820000,3642600,1820000,0,0,0,1822600,5953811,5.9538
distribute_parallel_for_1150_1400_1350,1150,1350,0,2700,18908100,5674051,1350,28000000,12420000,5672700,1890000,3782700,1890000,0,0,0,1892700,6323621,6.3236
distribute_parallel_for_1150_1400_1400,1150,1400,0,2800,19608400,5884201,1400,28560000,12880000,5882800,1960000,3922800,1960000,0,0,0,1962800,6418028,6.4180
distribute_parallel_for_1150_1400_1450,1150,1450,0,2900,20308700,6094351,1450,29120000,13340000,6092900,2030000,4062900,2030000,0,0,0,2032900,6641423,6.6414
distribute_parallel_for_1150_1400_1500,1150,1500,0,3000,21009000,6304501,1500,29680000,13800000,6303000,2100000,4203000,2100000,0,0,0,2103000,6866595,6.8666
distribute_parallel_for_1150_1400_1550,1150,1550,0,3100,21709300,6514651,1550,30240000,14260000,6513100,2170000,4343100,2170000,0,0,0,2173100,7094210,7.0942
distribute_parallel_for_1150_1400_1600,1150,1600,0,3200,22409600,6724801,1600,30800000,14720000,6723200,2240000,4483200,2240000,0,0,0,2243200,7494311,7.4943
distribute_parallel_for_1150_1400_1650,1150,1650,0,3300,23109900,6934951,1650,31360000,15180000,6933300,2310000,4623300,2310000,0,0,0,2313300,7566867,7.5669
distribute_parallel_for_1150_1400_1700,1150,1700,0,3400,23810200,7145101,1700,31920000,15640000,7143400,2380000,4763400,2380000,0,0,0,2383400,7784802,7.7848
distribute_parallel_for_1150_1400_1750,1150,1750,0,3500,24510500,7355251,1750,32480000,16100000,7353500,2450000,4903500,2450000,0,0,0,2453500,8018969,8.0190
distribute_parallel_for_1150_1400_1800,1150,1800,0,3600,25210800,7565401,1800,33040000,16560000,7563600,2520000,5043600,2520000,0,0,0,2523600,8398217,8.3982
distribute_parallel_for_1150_1400_1850,1150,1850,0,3700,25911100,7775551,1850,33600000,17020000,7773700,2590000,5183700,2590000,0,0,0,2593700,8482555,8.4826
distribute_parallel_for_1150_1400_1900,1150,1900,0,3800,26611400,7985701,1900,34160000,17480000,7983800,2660000,5323800,2660000,0,0,0,2663800,8694591,8.6946
distribute_parallel_for_1150_1400_1950,1150,1950,0,3900,27311700,8195851,1950,34720000,17940000,8193900,2730000,5463900,2730000,0,0,0,2733900,9074741,9.0747
distribute_parallel_for_1150_1400_2000,1150,2000,0,4000,28012000,8406001,2000,35280000,18400000,8404000,2800000,5604000,2800000,0,0,0,2804000,9156200,9.1562
distribute_parallel_for_1150_1450_1050,1150,1050,0,2100,15231300,4570651,1050,25520000,9660000,4569600,1522500,3047100,1522500,0,0,0,1524600,4970356,4.9704
distribute_parallel_for_1150_1450_1100,1150,1100,0,2200,15956600,4788301,1100,26100000,10120000,4787200,1595000,3192200,1595000,0,0,0,1597200,5382938,5.3829
distribute_parallel_for_1150_1450_1150,1150,1150,0,2300,16681900,5005951,1150,26680000,10580000,5004800,1667500,3337300,1667500,0,0,0,1669800,5435626,5.4356
distribute_parallel_for_1150_1450_1200,1150,1200,0,2400,17407200,5223601,1200,27260000,11040000,5222400,1740000,3482400,1740000,0,0,0,1742400,5872776,5.8728
distribute_parallel_for_1150_1450_1250,1150,1250,0,2500,18132500,5441251,1250,27840000,11500000,5440000,1812500,3627500,1812500,0,0,0,1815000,5903255,5.9033
distribute_parallel_for_1150_1450_1300,1150,1300,0,2600,18857800,5658901,1300,28420000,11960000,5657600,1885000,3772600,1885000,0,0,0,1887600,6208919,6.2089
distribute_parallel_for_1150_1450_1350,1150,1350,0,2700,19583100,5876551,1350,29000000,12420000,5875200,1957500,3917700,1957500,0,0,0,1960200,6547812,6.5478
distribute_parallel_for_1150_1450_1400,1150,1400,0,2800,20308400,6094201,1400,29580000,12880000,6092800,2030000,4062800,2030000,0,0,0,2032800,6608400,6.6084
distribute_parallel_for_1150_1450_1450,1150,1450,0,2900,21033700,6311851,1450,30160000,13340000,6310400,2102500,4207900,2102500,0,0,0,2105400,6845084,6.8451
distribute_parallel_for_1150_1450_1500,1150,1500,0,3000,21759000,6529501,1500,30740000,13800000,6528000,2175000,4353000,2175000,0,0,0,2178000,7232315,7.2323
distribute_parallel_for_1150_1450_1550,1150,1550,0,3100,22484300,6747151,1550,31320000,14260000,6745600,2247500,4498100,2247500,0,0,0,2250600,7324863,7.3249
distribute_parallel_for_1150_1450_1600,1150,1600,0,3200,23209600,6964801,1600,31900000,14720000,6963200,2320000,4643200,2320000,0,0,0,2323200,7727143,7.7271
distribute_parallel_for_1150_1450_1650,1150,1650,0,3300,23934900,7182451,1650,32480000,15180000,7180800,2392500,4788300,2392500,0,0,0,2395800,7787608,7.7876
distribute_parallel_for_1150_1450_1700,1150,1700,0,3400,24660200,7400101,1700,33060000,15640000,7398400,2465000,4933400,2465000,0,0,0,2468400,8043988,8.0440
distribute_parallel_for_1150_1450_1750,1150,1750,0,3500,25385500,7617751,1750,33640000,16100000,7616000,2537500,5078500,2537500,0,0,0,2541000,8408636,8.4086
distribute_parallel_for_1150_1450_1800,1150,1800,0,3600,26110800,7835401,1800,34220000,16560000,7833600,2610000,5223600,2610000,0,0,0,2613600,8523647,8.5236
distribute_parallel_for_1150_1450_1850,1150,1850,0,3700,26836100,8053051,1850,34800000,17020000,8051200,2682500,5368700,2682500,0,0,0,2686200,8907228,8.9072
distribute_parallel_for_1150_1450_1900,1150,1900,0,3800,27561400,8270701,1900,35380000,17480000,8268800,2755000,5513800,2755000,0,0,0,2758800,8974433,8.9744
distribute_parallel_for_1150_1450_1950,1150,1950,0,3900,28286700,8488351,1950,35960000,17940000,8486400,2827500,5658900,2827500,0,0,0,2831400,9209929,9.2099
distribute_parallel_for_1150_1450_2000,1150,2000,0,4000,29012000,8706001,2000,36540000,18400000,8704000,2900000,5804000,2900000,0,0,0,2904000,9635032,9.6350
distribute_parallel_for_1150_1500_1050,1150,1050,0,2100,15756300,4728151,1050,26400000,9660000,4727100,1575000,3152100,1575000,0,0,0,1577100,5156198,5.1562
distribute_parallel_for_1150_1500_1100,1150,1100,0,2200,16506600,4953301,1100,27000000,10120000,4952200,1650000,3302200,1650000,0,0,0,1652200,5404834,5.4048
distribute_parallel_for_1150_1500_1150,1150,1150,0,2300,17256900,5178451,1150,27600000,10580000,5177300,1725000,3452300,1725000,0,0,0,1727300,5633627,5.6336
distribute_parallel_for_1150_1500_1200,1150,1200,0,2400,18007200,5403601,1200,28200000,11040000,5402400,1800000,3602400,1800000,0,0,0,1802400,6036716,6.0367
distribute_parallel_for_1150_1500_1250,1150,1250,0,2500,18757500,5628751,1250,28800000,11500000,5627500,1875000,3752500,1875000,0,0,0,1877500,6134708,6.1347
distribute_parallel_for_1150_1500_1300,1150,1300,0,2600,19507800,5853901,1300,29400000,11960000,5852600,1950000,3902600,1950000,0,0,0,1952600,6380034,6.3800
distribute_parallel_for_1150_1500_1350,1150,1350,0,2700,20258100,6079051,1350,30000000,12420000,6077700,2025000,4052700,2025000,0,0,0,2027700,6634306,6.6343
distribute_parallel_for_1150_1500_1400,1150,1400,0,2800,21008400,6304201,1400,30600000,12880000,6302800,2100000,4202800,2100000,0,0,0,2102800,6867848,6.8678
distribute_parallel_for_1150_1500_1450,1150,1450,0,2900,21758700,6529351,1450,31200000,13340000,6527900,2175000,4352900,2175000,0,0,0,2177900,7119474,7.1195
distribute_parallel_for_1150_1500_1500,1150,1500,0,3000,22509000,6754501,1500,31800000,13800000,6753000,2250000,4503000,2250000,0,0,0,2253000,7439439,7.4394
distribute_parallel_for_1150_1500_1550,1150,1550,0,3100,23259300,6979651,1550,32400000,14260000,6978100,2325000,4653100,2325000,0,0,0,2328100,7596525,7.5965
distribute_parallel_for_1150_1500_1600,1150,1600,0,3200,24009600,7204801,1600,33000000,14720000,7203200,2400000,4803200,2400000,0,0,0,2403200,8026559,8.0266
distribute_parallel_for_1150_1500_1650,1150,1650,0,3300,24759900,7429951,1650,33600000,15180000,7428300,2475000,4953300,2475000,0,0,0,2478300,8091862,8.0919
distribute_parallel_for_1150_1500_1700,1150,1700,0,3400,25510200,7655101,1700,34200000,15640000,7653400,2550000,5103400,2550000,0,0,0,2553400,8497306,8.4973
distribute_parallel_for_1150_1500_1750,1150,1750,0,3500,26260500,7880251,1750,34800000,16100000,7878500,2625000,5253500,2625000,0,0,0,2628500,8587362,8.5874
distribute_parallel_for_1150_1500_1800,1150,1800,0,3600,27010800,8105401,1800,35400000,16560000,8103600,2700000,5403600,2700000,0,0,0,2703600,8833533,8.8335
distribute_parallel_for_1150_1500_1850,1150,1850,0,3700,27761100,8330551,1850,36000000,17020000,8328700,2775000,5553700,2775000,0,0,0,2778700,9220137,9.2201
distribute_parallel_for_1150_1500_1900,1150,1900,0,3800,28511400,8555701,1900,36600000,17480000,8553800,2850000,5703800,2850000,0,0,0,2853800,9335089,9.3351
distribute_parallel_for_1200_1200_1200,1200,1200,0,2400,14407200,4323601,1200,23040000,11520000,4322400,1440000,2882400,1440000,0,0,0,1442400,4875940,4.8759
distribute_parallel_for_1200_1200_1700,1200,1700,0,3400,20410200,6125101,1700,27840000,16320000,6123400,2040000,4083400,2040000,0,0,0,2043400,6715328,6.7153
distribute_parallel_for_1200_1200_2200,1200,2200,0,4400,26413200,7926601,2200,32640000,21120000,7924400,2640000,5284400,2640000,0,0,0,2644400,8824475,8.8245
distribute_parallel_for_1200_1200_2700,1200,2700,0,5400,32416200,9728101,2700,37440000,25920000,9725400,3240000,6485400,3240000,0,0,0,3245400,11216103,11.2161
distribute_parallel_for_1200_1200_3200,1200,3200,0,6400,38419200,11529601,3200,42240000,30720000,11526400,3840000,7686400,3840000,0,0,0,3846400,12642671,12.6427
distribute_parallel_for_1200_1200_3700,1200,3700,0,7400,44422200,13331101,3700,47040000,35520000,13327400,4440000,8887400,4440000,0,0,0,4447400,14619513,14.6195
distribute_parallel_for_1200_1200_4200,1200,4200,0,8400,50425200,15132601,4200,51840000,40320000,15128400,5040000,10088400,5040000,0,0,0,5048400,17540856,17.5409
distribute_parallel_for_1200_1700_1200,1200,1200,0,2400,20407200,6123601,1200,32640000,11520000,6122400,2040000,4082400,2040000,0,0,0,2042400,6709489,6.7095
distribute_parallel_for_1200_1700_1700,1200,1700,0,3400,28910200,8675101,1700,39440000,16320000,8673400,2890000,5783400,2890000,0,0,0,2893400,10130403,10.1304
distribute_parallel_for_1200_1700_2200,1200,2200,0,4400,37413200,11226601,2200,46240000,21120000,11224400,3740000,7484400,3740000,0,0,0,3744400,12243857,12.2439
distribute_parallel_for_1200_1700_2700,1200,2700,0,5400,45916200,13778101,2700,53040000,25920000,13775400,4590000,9185400,4590000,0,0,0,4595400,15305950,15.3059
distribute_parallel_for_1200_1700_3200,1200,3200,0,6400,54419200,16329601,3200,59840000,30720000,16326400,5440000,10886400,5440000,0,0,0,5446400,17893382,17.8934
distribute_parallel_for_1200_1700_3700,1200,3700,0,7400,62922200,18881101,3700,66640000,35520000,18877400,6290000,12587400,6290000,0,0,0,6297400,21937019,21.9370
distribute_parallel_for_1200_1700_4200,1200,4200,0,8400,71425200,21432601,4200,73440000,40320000,21428400,7140000,14288400,7140000,0,0,0,7148400,23701861,23.7019
distribute_parallel_for_1200_2200_1200,1200,1200,0,2400,26407200,7923601,1200,42240000,11520000,7922400,2640000,5282400,2640000,0,0,0,2642400,8833080,8.8331
distribute_parallel_for_1200_2200_1700,1200,1700,0,3400,37410200,11225101,1700,51040000,16320000,11223400,3740000,7483400,3740000,0,0,0,3743400,12302527,12.3025
distribute_parallel_for_1200_2200_2200,1200,2200,0,4400,48413200,14526601,2200,59840000,21120000,14524400,4840000,9684400,4840000,0,0,0,4844400,16148848,16.1488
distribute_parallel_for_1200_2200_2700,1200,2700,0,5400,59416200,17828101,2700,68640000,25920000,17825400,5940000,11885400,5940000,0,0,0,5945400,20609725,20.6097
distribute_parallel_for_1200_2200_3200,1200,3200,0,6400,70419200,21129601,3200,77440000,30720000,21126400,7040000,14086400,7040000,0,0,0,7046400,23327581,23.3276
distribute_parallel_for_1200_2200_3700,1200,3700,0,7400,81422200,24431101,3700,86240000,35520000,24427400,8140000,16287400,8140000,0,0,0,8147400,26963303,26.9633
distribute_parallel_for_1200_2200_4200,1200,4200,0,8400,92425200,27732601,4200,95040000,40320000,27728400,9240000,18488400,9240000,0,0,0,9248400,30586840,30.5868
distribute_parallel_for_1200_2700_1200,1200,1200,0,2400,32407200,9723601,1200,51840000,11520000,9722400,3240000,6482400,3240000,0,0,0,3242400,10832515,10.8325
distribute_parallel_for_1200_2700_1700,1200,1700,0,3400,45910200,13775101,1700,62640000,16320000,13773400,4590000,9183400,4590000,0,0,0,4593400,15105793,15.1058
distribute_parallel_for_1200_2700_2200,1200,2200,0,4400,59413200,17826601,2200,73440000,21120000,17824400,5940000,11884400,5940000,0,0,0,5944400,20708467,20.7085
distribute_parallel_for_1200_2700_2700,1200,2700,0,5400,72916200,21878101,2700,84240000,25920000,21875400,7290000,14585400,7290000,0,0,0,7295400,25344476,25.3445
distribute_parallel_for_1200_2700_3200,1200,3200,0,6400,86419200,25929601,3200,95040000,30720000,25926400,8640000,17286400,8640000,0,0,0,8646400,28623301,28.6233
distribute_parallel_for_1200_2700_3700,1200,3700,0,7400,99922200,29981101,3700,105840000,35520000,29977400,9990000,19987400,9990000,0,0,0,9997400,34683870,34.6839
distribute_parallel_for_1200_2700_4200,1200,4200,0,8400,113425200,34032601,4200,116640000,40320000,34028400,11340000,22688400,11340000,0,0,0,11348400,37496439,37.4964
distribute_parallel_for_1200_3200_1200,1200,1200,0,2400,38407200,11523601,1200,61440000,11520000,11522400,3840000,7682400,3840000,0,0,0,3842400,12826482,12.8265
distribute_parallel_for_1200_3200_1700,1200,1700,0,3400,54410200,16325101,1700,74240000,16320000,16323400,5440000,10883400,5440000,0,0,0,5443400,18210495,18.2105
distribute_parallel_for_1200_3200_2200,1200,2200,0,4400,70413200,21126601,2200,87040000,21120000,21124400,7040000,14084400,7040000,0,0,0,7044400,23341814,23.3418
distribute_parallel_for_1200_3200_2700,1200,2700,0,5400,86416200,25928101,2700,99840000,25920000,25925400,8640000,17285400,8640000,0,0,0,8645400,28615019,28.6150
distribute_parallel_for_1200_3200_3200,1200,3200,0,6400,102419200,30729601,3200,112640000,30720000,30726400,10240000,20486400,10240000,0,0,0,10246400,33833207,33.8332
distribute_parallel_for_1200_3200_3700,1200,3700,0,7400,118422200,35531101,3700,125440000,35520000,35527400,11840000,23687400,11840000,0,0,0,11847400,41168698,41.1687
distribute_parallel_for_1200_3200_4200,1200,4200,0,8400,134425200,40332601,4200,138240000,40320000,40328400,13440000,26888400,13440000,0,0,0,13448400,44383081,44.3831
distribute_parallel_for_1200_3700_1200,1200,1200,0,2400,44407200,13323601,1200,71040000,11520000,13322400,4440000,8882400,4440000,0,0,0,4442400,14806771,14.8068
distribute_parallel_for_1200_3700_1700,1200,1700,0,3400,62910200,18875101,1700,85840000,16320000,18873400,6290000,12583400,6290000,0,0,0,6293400,21814312,21.8143
distribute_parallel_for_1200_3700_2200,1200,2200,0,4400,81413200,24426601,2200,100640000,21120000,24424400,8140000,16284400,8140000,0,0,0,8144400,26946403,26.9464
distribute_parallel_for_1200_3700_2700,1200,2700,0,5400,99916200,29978101,2700,115440000,25920000,29975400,9990000,19985400,9990000,0,0,0,9995400,33066497,33.0665
distribute_parallel_for_1200_3700_3200,1200,3200,0,6400,118419200,35529601,3200,130240000,30720000,35526400,11840000,23686400,11840000,0,0,0,11846400,39149765,39.1498
distribute_parallel_for_1200_3700_3700,1200,3700,0,7400,136922200,41081101,3700,145040000,35520000,41077400,13690000,27387400,13690000,0,0,0,13697400,45241690,45.2417
distribute_parallel_for_1200_3700_4200,1200,4200,0,8400,155425200,46632601,4200,159840000,40320000,46628400,15540000,31088400,15540000,0,0,0,15548400,53967470,53.9675
distribute_parallel_for_1250_1250_1250,1250,1250,0,2500,15632500,4691251,1250,25000000,12500000,4690000,1562500,3127500,1562500,0,0,0,1565000,5115020,5.1150
distribute_parallel_for_1250_1250_1750,1250,1750,0,3500,21885500,6567751,1750,30000000,17500000,6566000,2187500,4378500,2187500,0,0,0,2191000,7143026,7.1430
distribute_parallel_for_1250_1250_2250,1250,2250,0,4500,28138500,8444251,2250,35000000,22500000,8442000,2812500,5629500,2812500,0,0,0,2817000,9129437,9.1294
distribute_parallel_for_1250_1250_2750,1250,2750,0,5500,34391500,10320751,2750,40000000,27500000,10318000,3437500,6880500,3437500,0,0,0,3443000,11104643,11.1046
distribute_parallel_for_1250_1250_3250,1250,3250,0,6500,40644500,12197251,3250,45000000,32500000,12194000,4062500,8131500,4062500,0,0,0,4069000,13094679,13.0947
distribute_parallel_for_1250_1250_3750,1250,3750,0,7500,46897500,14073751,3750,50000000,37500000,14070000,4687500,9382500,4687500,0,0,0,4695000,15099747,15.0997
distribute_parallel_for_1250_1250_4250,1250,4250,0,8500,53150500,15950251,4250,55000000,42500000,15946000,5312500,10633500,5312500,0,0,0,5321000,16910157,16.9102
distribute_parallel_for_1250_1750_1250,1250,1250,0,2500,21882500,6566251,1250,35000000,12500000,6565000,2187500,4377500,2187500,0,0,0,2190000,7137473,7.1375
distribute_parallel_for_1250_1750_1750,1250,1750,0,3500,30635500,9192751,1750,42000000,17500000,9191000,3062500,6128500,3062500,0,0,0,3066000,9777104,9.7771
distribute_parallel_for_1250_1750_2250,1250,2250,0,4500,39388500,11819251,2250,49000000,22500000,11817000,3937500,7879500,3937500,0,0,0,3942000,12677284,12.6773
distribute_parallel_for_1250_1750_2750,1250,2750,0,5500,48141500,14445751,2750,56000000,27500000,14443000,4812500,9630500,4812500,0,0,0,4818000,15370050,15.3701
distribute_parallel_for_1250_1750_3250,1250,3250,0,6500,56894500,17072251,3250,63000000,32500000,17069000,5687500,11381500,5687500,0,0,0,5694000,18295420,18.2954
distribute_parallel_for_1250_1750_3750,1250,3750,0,7500,65647500,19698751,3750,70000000,37500000,19695000,6562500,13132500,6562500,0,0,0,6570000,20927843,20.9278
distribute_parallel_for_1250_1750_4250,1250,4250,0,8500,74400500,22325251,4250,77000000,42500000,22321000,7437500,14883500,7437500,0,0,0,7446000,23880075,23.8801
distribute_parallel_for_1250_2250_1250,1250,1250,0,2500,28132500,8441251,1250,45000000,12500000,8440000,2812500,5627500,2812500,0,0,0,2815000,9411979,9.4120
distribute_parallel_for_1250_2250_1750,1250,1750,0,3500,39385500,11817751,1750,54000000,17500000,11816000,3937500,7878500,3937500,0,0,0,3941000,12582174,12.5822
distribute_parallel_for_1250_2250_2250,1250,2250,0,4500,50638500,15194251,2250,63000000,22500000,15192000,5062500,10129500,5062500,0,0,0,5067000,16306201,16.3062
distribute_parallel_for_1250_2250_2750,1250,2750,0,5500,61891500,18570751,2750,72000000,27500000,18568000,6187500,12380500,6187500,0,0,0,6193000,19773619,19.7736
distribute_parallel_for_1250_2250_3250,1250,3250,0,6500,73144500,21947251,3250,81000000,32500000,21944000,7312500,14631500,7312500,0,0,0,7319000,23480121,23.4801
distribute_parallel_for_1250_2250_3750,1250,3750,0,7500,84397500,25323751,3750,90000000,37500000,25320000,8437500,16882500,8437500,0,0,0,8445000,27162763,27.1628
distribute_parallel_for_1250_2250_4250,1250,4250,0,8500,95650500,28700251,4250,99000000,42500000,28696000,9562500,19133500,9562500,0,0,0,9571000,30696176,30.6962
distribute_parallel_for_1250_2750_1250,1250,1250,0,2500,34382500,10316251,1250,55000000,12500000,10315000,3437500,6877500,3437500,0,0,0,3440000,11128017,11.1280
distribute_parallel_for_1250_2750_1750,1250,1750,0,3500,48135500,14442751,1750,66000000,17500000,14441000,4812500,9628500,4812500,0,0,0,4816000,15380483,15.3805
distribute_parallel_for_1250_2750_2250,1250,2250,0,4500,61888500,18569251,2250,77000000,22500000,18567000,6187500,12379500,6187500,0,0,0,6192000,19948267,19.9483
distribute_parallel_for_1250_2750_2750,1250,2750,0,5500,75641500,22695751,2750,88000000,27500000,22693000,7562500,15130500,7562500,0,0,0,7568000,24342318,24.3423
distribute_parallel_for_1250_2750_3250,1250,3250,0,6500,89394500,26822251,3250,99000000,32500000,26819000,8937500,17881500,8937500,0,0,0,8944000,28707419,28.7074
distribute_parallel_for_1250_2750_3750,1250,3750,0,7500,103147500,30948751,3750,110000000,37500000,30945000,10312500,20632500,10312500,0,0,0,10320000,33069203,33.0692
distribute_parallel_for_1250_2750_4250,1250,4250,0,8500,116900500,35075251,4250,121000000,42500000,35071000,11687500,23383500,11687500,0,0,0,11696000,37483420,37.4834
distribute_parallel_for_1250_3250_1250,1250,1250,0,2500,40632500,12191251,1250,65000000,12500000,12190000,4062500,8127500,4062500,0,0,0,4065000,13142615,13.1426
distribute_parallel_for_1250_3250_1750,1250,1750,0,3500,56885500,17067751,1750,78000000,17500000,17066000,5687500,11378500,5687500,0,0,0,5691000,18348297,18.3483
distribute_parallel_for_1250_3250_2250,1250,2250,0,4500,73138500,21944251,2250,91000000,22500000,21942000,7312500,14629500,7312500,0,0,0,7317000,23529246,23.5292
distribute_parallel_for_1250_3250_2750,1250,2750,0,5500,89391500,26820751,2750,104000000,27500000,26818000,8937500,17880500,8937500,0,0,0,8943000,28689175,28.6892
distribute_parallel_for_1250_3250_3250,1250,3250,0,6500,105644500,31697251,3250,117000000,32500000,31694000,10562500,21131500,10562500,0,0,0,10569000,33855488,33.8555
distribute_parallel_for_1250_3250_3750,1250,3750,0,7500,121897500,36573751,3750,130000000,37500000,36570000,12187500,24382500,12187500,0,0,0,12195000,39082019,39.0820
distribute_parallel_for_1250_3250_4250,1250,4250,0,8500,138150500,41450251,4250,143000000,42500000,41446000,13812500,27633500,13812500,0,0,0,13821000,44204664,44.2047
distribute_parallel_for_1250_3750_1250,1250,1250,0,2500,46882500,14066251,1250,75000000,12500000,14065000,4687500,9377500,4687500,0,0,0,4690000,15120291,15.1203
distribute_parallel_for_1250_3750_1750,1250,1750,0,3500,65635500,19692751,1750,90000000,17500000,19691000,6562500,13128500,6562500,0,0,0,6566000,21100405,21.1004
distribute_parallel_for_1250_3750_2250,1250,2250,0,4500,84388500,25319251,2250,105000000,22500000,25317000,8437500,16879500,8437500,0,0,0,8442000,27074995,27.0750
distribute_parallel_for_1250_3750_2750,1250,2750,0,5500,103141500,30945751,2750,120000000,27500000,30943000,10312500,20630500,10312500,0,0,0,10318000,33079007,33.0790
distribute_parallel_for_1250_3750_3250,1250,3250,0,6500,121894500,36572251,3250,135000000,32500000,36569000,12187500,24381500,12187500,0,0,0,12194000,39015291,39.0153
distribute_parallel_for_1250_3750_3750,1250,3750,0,7500,140647500,42198751,3750,150000000,37500000,42195000,14062500,28132500,14062500,0,0,0,14070000,44983863,44.9839
distribute_parallel_for_1250_3750_4250,1250,4250,0,8500,159400500,47825251,4250,165000000,42500000,47821000,15937500,31883500,15937500,0,0,0,15946000,50985082,50.9851
distribute_parallel_for_1250_4250_1250,1250,1250,0,2500,53132500,15941251,1250,85000000,12500000,15940000,5312500,10627500,5312500,0,0,0,5315000,17185101,17.1851
distribute_parallel_for_1250_4250_1750,1250,1750,0,3500,74385500,22317751,1750,102000000,17500000,22316000,7437500,14878500,7437500,0,0,0,7441000,23942079,23.9421
distribute_parallel_for_1250_4250_2250,1250,2250,0,4500,95638500,28694251,2250,119000000,22500000,28692000,9562500,19129500,9562500,0,0,0,9567000,30658157,30.6582
distribute_parallel_for_1250_4250_2750,1250,2750,0,5500,116891500,35070751,2750,136000000,27500000,35068000,11687500,23380500,11687500,0,0,0,11693000,37507451,37.5075
distribute_parallel_for_1250_4250_3250,1250,3250,0,6500,138144500,41447251,3250,153000000,32500000,41444000,13812500,27631500,13812500,0,0,0,13819000,44205683,44.2057
distribute_parallel_for_1250_4250_3750,1250,3750,0,7500,159397500,47823751,3750,170000000,37500000,47820000,15937500,31882500,15937500,0,0,0,15945000,51040259,51.0403
distribute_parallel_for_1250_4250_4250,1250,4250,0,8500,180650500,54200251,4250,187000000,42500000,54196000,18062500,36133500,18062500,0,0,0,18071000,57735411,57.7354
distribute_parallel_for_1400_1400_1400,1400,1400,0,2800,19608400,5884201,1400,31360000,15680000,5882800,1960000,3922800,1960000,0,0,0,1962800,6301394,6.3014
distribute_parallel_for_1400_1400_1900,1400,1900,0,3800,26611400,7985701,1900,36960000,21280000,7983800,2660000,5323800,2660000,0,0,0,2663800,9024655,9.0247
distribute_parallel_for_1400_1400_2400,1400,2400,0,4800,33614400,10087201,2400,42560000,26880000,10084800,3360000,6724800,3360000,0,0,0,3364800,10793196,10.7932
distribute_parallel_for_1400_1400_2900,1400,2900,0,5800,40617400,12188701,2900,48160000,32480000,12185800,4060000,8125800,4060000,0,0,0,4065800,13557901,13.5579
distribute_parallel_for_1400_1400_3400,1400,3400,0,6800,47620400,14290201,3400,53760000,38080000,14286800,4760000,9526800,4760000,0,0,0,4766800,15288867,15.2889
distribute_parallel_for_1400_1400_3900,1400,3900,0,7800,54623400,16391701,3900,59360000,43680000,16387800,5460000,10927800,5460000,0,0,0,5467800,18099518,18.0995
distribute_parallel_for_1400_1400_900,1400,900,0,1800,12605400,3782701,900,25760000,10080000,3781800,1260000,2521800,1260000,0,0,0,1261800,4049336,4.0493
distribute_parallel_for_1400_1900_1400,1400,1400,0,2800,26608400,7984201,1400,42560000,15680000,7982800,2660000,5322800,2660000,0,0,0,2662800,8932705,8.9327
distribute_parallel_for_1400_1900_1900,1400,1900,0,3800,36111400,10835701,1900,50160000,21280000,10833800,3610000,7223800,3610000,0,0,0,3613800,11612209,11.6122
distribute_parallel_for_1400_1900_2400,1400,2400,0,4800,45614400,13687201,2400,57760000,26880000,13684800,4560000,9124800,4560000,0,0,0,4564800,15192260,15.1923
distribute_parallel_for_1400_1900_2900,1400,2900,0,5800,55117400,16538701,2900,65360000,32480000,16535800,5510000,11025800,5510000,0,0,0,5515800,17720767,17.7208
distribute_parallel_for_1400_1900_3400,1400,3400,0,6800,64620400,19390201,3400,72960000,38080000,19386800,6460000,12926800,6460000,0,0,0,6466800,21460707,21.4607
distribute_parallel_for_1400_1900_3900,1400,3900,0,7800,74123400,22241701,3900,80560000,43680000,22237800,7410000,14827800,7410000,0,0,0,7417800,24420892,24.4209
distribute_parallel_for_1400_1900_900,1400,900,0,1800,17105400,5132701,900,34960000,10080000,5131800,1710000,3421800,1710000,0,0,0,1711800,5494389,5.4944
distribute_parallel_for_1400_2400_1400,1400,1400,0,2800,33608400,10084201,1400,53760000,15680000,10082800,3360000,6722800,3360000,0,0,0,3362800,10905159,10.9052
distribute_parallel_for_1400_2400_1900,1400,1900,0,3800,45611400,13685701,1900,63360000,21280000,13683800,4560000,9123800,4560000,0,0,0,4563800,15141602,15.1416
distribute_parallel_for_1400_2400_2400,1400,2400,0,4800,57614400,17287201,2400,72960000,26880000,17284800,5760000,11524800,5760000,0,0,0,5764800,19084002,19.0840
distribute_parallel_for_1400_2400_2900,1400,2900,0,5800,69617400,20888701,2900,82560000,32480000,20885800,6960000,13925800,6960000,0,0,0,6965800,22990704,22.9907
distribute_parallel_for_1400_2400_3400,1400,3400,0,6800,81620400,24490201,3400,92160000,38080000,24486800,8160000,16326800,8160000,0,0,0,8166800,26937797,26.9378
distribute_parallel_for_1400_2400_3900,1400,3900,0,7800,93623400,28091701,3900,101760000,43680000,28087800,9360000,18727800,9360000,0,0,0,9367800,30896444,30.8964
distribute_parallel_for_1400_2400_900,1400,900,0,1800,21605400,6482701,900,44160000,10080000,6481800,2160000,4321800,2160000,0,0,0,2161800,7237798,7.2378
distribute_parallel_for_1400_2900_1400,1400,1400,0,2800,40608400,12184201,1400,64960000,15680000,12182800,4060000,8122800,4060000,0,0,0,4062800,13091489,13.0915
distribute_parallel_for_1400_2900_1900,1400,1900,0,3800,55111400,16535701,1900,76560000,21280000,16533800,5510000,11023800,5510000,0,0,0,5513800,18275546,18.2755
distribute_parallel_for_1400_2900_2400,1400,2400,0,4800,69614400,20887201,2400,88160000,26880000,20884800,6960000,13924800,6960000,0,0,0,6964800,22997836,22.9978
distribute_parallel_for_1400_2900_2900,1400,2900,0,5800,84117400,25238701,2900,99760000,32480000,25235800,8410000,16825800,8410000,0,0,0,8415800,27792246,27.7922
distribute_parallel_for_1400_2900_3400,1400,3400,0,6800,98620400,29590201,3400,111360000,38080000,29586800,9860000,19726800,9860000,0,0,0,9866800,33512354,33.5124
distribute_parallel_for_1400_2900_3900,1400,3900,0,7800,113123400,33941701,3900,122960000,43680000,33937800,11310000,22627800,11310000,0,0,0,11317800,37220369,37.2204
distribute_parallel_for_1400_2900_900,1400,900,0,1800,26105400,7832701,900,53360000,10080000,7831800,2610000,5221800,2610000,0,0,0,2611800,8939057,8.9391
distribute_parallel_for_1400_3400_1400,1400,1400,0,2800,47608400,14284201,1400,76160000,15680000,14282800,4760000,9522800,4760000,0,0,0,4762800,15314744,15.3147
distribute_parallel_for_1400_3400_1900,1400,1900,0,3800,64611400,19385701,1900,89760000,21280000,19383800,6460000,12923800,6460000,0,0,0,6463800,21721955,21.7220
distribute_parallel_for_1400_3400_2400,1400,2400,0,4800,81614400,24487201,2400,103360000,26880000,24484800,8160000,16324800,8160000,0,0,0,8164800,26896137,26.8961
distribute_parallel_for_1400_3400_2900,1400,2900,0,5800,98617400,29588701,2900,116960000,32480000,29585800,9860000,19725800,9860000,0,0,0,9865800,32465894,32.4659
distribute_parallel_for_1400_3400_3400,1400,3400,0,6800,115620400,34690201,3400,130560000,38080000,34686800,11560000,23126800,11560000,0,0,0,11566800,39328942,39.3289
distribute_parallel_for_1400_3400_3900,1400,3900,0,7800,132623400,39791701,3900,144160000,43680000,39787800,13260000,26527800,13260000,0,0,0,13267800,44583195,44.5832
distribute_parallel_for_1400_3400_900,1400,900,0,1800,30605400,9182701,900,62560000,10080000,9181800,3060000,6121800,3060000,0,0,0,3061800,10498076,10.4981
distribute_parallel_for_1400_3900_1400,1400,1400,0,2800,54608400,16384201,1400,87360000,15680000,16382800,5460000,10922800,5460000,0,0,0,5462800,17563935,17.5639
distribute_parallel_for_1400_3900_1900,1400,1900,0,3800,74111400,22235701,1900,102960000,21280000,22233800,7410000,14823800,7410000,0,0,0,7413800,24423196,24.4232
distribute_parallel_for_1400_3900_2400,1400,2400,0,4800,93614400,28087201,2400,118560000,26880000,28084800,9360000,18724800,9360000,0,0,0,9364800,31443724,31.4437
distribute_parallel_for_1400_3900_2900,1400,2900,0,5800,113117400,33938701,2900,134160000,32480000,33935800,11310000,22625800,11310000,0,0,0,11315800,37199249,37.1992
distribute_parallel_for_1400_3900_3400,1400,3400,0,6800,132620400,39790201,3400,149760000,38080000,39786800,13260000,26526800,13260000,0,0,0,13266800,44364320,44.3643
distribute_parallel_for_1400_3900_3900,1400,3900,0,7800,152123400,45641701,3900,165360000,43680000,45637800,15210000,30427800,15210000,0,0,0,15217800,49991220,49.9912
distribute_parallel_for_1400_3900_900,1400,900,0,1800,35105400,10532701,900,71760000,10080000,10531800,3510000,7021800,3510000,0,0,0,3511800,11702997,11.7030
distribute_parallel_for_1400_900_1400,1400,1400,0,2800,12608400,3784201,1400,20160000,15680000,3782800,1260000,2522800,1260000,0,0,0,1262800,4356340,4.3563
distribute_parallel_for_1400_900_1900,1400,1900,0,3800,17111400,5135701,1900,23760000,21280000,5133800,1710000,3423800,1710000,0,0,0,1713800,5496325,5.4963
distribute_parallel_for_1400_900_2400,1400,2400,0,4800,21614400,6487201,2400,27360000,26880000,6484800,2160000,4324800,2160000,0,0,0,2164800,6952705,6.9527
distribute_parallel_for_1400_900_2900,1400,2900,0,5800,26117400,7838701,2900,30960000,32480000,7835800,2610000,5225800,2610000,0,0,0,2615800,8741998,8.7420
distribute_parallel_for_1400_900_3400,1400,3400,0,6800,30620400,9190201,3400,34560000,38080000,9186800,3060000,6126800,3060000,0,0,0,3066800,9853437,9.8534
distribute_parallel_for_1400_900_3900,1400,3900,0,7800,35123400,10541701,3900,38160000,43680000,10537800,3510000,7027800,3510000,0,0,0,3517800,11711184,11.7112
distribute_parallel_for_1400_900_900,1400,900,0,1800,8105400,2432701,900,16560000,10080000,2431800,810000,1621800,810000,0,0,0,811800,2608846,2.6088
distribute_parallel_for_1500_1000_1000,1500,1000,0,2000,10006000,3003001,1000,20000000,12000000,3002000,1000000,2002000,1000000,0,0,0,1002000,3487496,3.4875
distribute_parallel_for_1500_1000_1500,1500,1500,0,3000,15009000,4504501,1500,24000000,18000000,4503000,1500000,3003000,1500000,0,0,0,1503000,5089696,5.0897
distribute_parallel_for_1500_1000_2000,1500,2000,0,4000,20012000,6006001,2000,28000000,24000000,6004000,2000000,4004000,2000000,0,0,0,2004000,6615154,6.6152
distribute_parallel_for_1500_1000_2500,1500,2500,0,5000,25015000,7507501,2500,32000000,30000000,7505000,2500000,5005000,2500000,0,0,0,2505000,8191548,8.1915
distribute_parallel_for_1500_1000_3000,1500,3000,0,6000,30018000,9009001,3000,36000000,36000000,9006000,3000000,6006000,3000000,0,0,0,3006000,9702560,9.7026
distribute_parallel_for_1500_1000_3500,1500,3500,0,7000,35021000,10510501,3500,40000000,42000000,10507000,3500000,7007000,3500000,0,0,0,3507000,11777541,11.7775
distribute_parallel_for_1500_1000_4000,1500,4000,0,8000,40024000,12012001,4000,44000000,48000000,12008000,4000000,8008000,4000000,0,0,0,4008000,13401816,13.4018
distribute_parallel_for_1500_1500_1000,1500,1000,0,2000,15006000,4503001,1000,30000000,12000000,4502000,1500000,3002000,1500000,0,0,0,1502000,5099217,5.0992
distribute_parallel_for_1500_1500_1500,1500,1500,0,3000,22509000,6754501,1500,36000000,18000000,6753000,2250000,4503000,2250000,0,0,0,2253000,7408985,7.4090
distribute_parallel_for_1500_1500_2000,1500,2000,0,4000,30012000,9006001,2000,42000000,24000000,9004000,3000000,6004000,3000000,0,0,0,3004000,9815360,9.8154
distribute_parallel_for_1500_1500_2500,1500,2500,0,5000,37515000,11257501,2500,48000000,30000000,11255000,3750000,7505000,3750000,0,0,0,3755000,12265188,12.2652
distribute_parallel_for_1500_1500_3000,1500,3000,0,6000,45018000,13509001,3000,54000000,36000000,13506000,4500000,9006000,4500000,0,0,0,4506000,14721804,14.7218
distribute_parallel_for_1500_1500_3500,1500,3500,0,7000,52521000,15760501,3500,60000000,42000000,15757000,5250000,10507000,5250000,0,0,0,5257000,17586413,17.5864
distribute_parallel_for_1500_1500_4000,1500,4000,0,8000,60024000,18012001,4000,66000000,48000000,18008000,6000000,12008000,6000000,0,0,0,6008000,19554570,19.5546
distribute_parallel_for_1500_2000_1000,1500,1000,0,2000,20006000,6003001,1000,40000000,12000000,6002000,2000000,4002000,2000000,0,0,0,2002000,6603351,6.6034
distribute_parallel_for_1500_2000_1500,1500,1500,0,3000,30009000,9004501,1500,48000000,18000000,9003000,3000000,6003000,3000000,0,0,0,3003000,10213154,10.2132
distribute_parallel_for_1500_2000_2000,1500,2000,0,4000,40012000,12006001,2000,56000000,24000000,12004000,4000000,8004000,4000000,0,0,0,4004000,13060415,13.0604
distribute_parallel_for_1500_2000_2500,1500,2500,0,5000,50015000,15007501,2500,64000000,30000000,15005000,5000000,10005000,5000000,0,0,0,5005000,16692463,16.6925
distribute_parallel_for_1500_2000_3000,1500,3000,0,6000,60018000,18009001,3000,72000000,36000000,18006000,6000000,12006000,6000000,0,0,0,6006000,19958729,19.9587
distribute_parallel_for_1500_2000_3500,1500,3500,0,7000,70021000,21010501,3500,80000000,42000000,21007000,7000000,14007000,7000000,0,0,0,7007000,23286701,23.2867
distribute_parallel_for_1500_2000_4000,1500,4000,0,8000,80024000,24012001,4000,88000000,48000000,24008000,8000000,16008000,8000000,0,0,0,8008000,25896102,25.8961
distribute_parallel_for_1500_2500_1000,1500,1000,0,2000,25006000,7503001,1000,50000000,12000000,7502000,2500000,5002000,2500000,0,0,0,2502000,8213760,8.2138
distribute_parallel_for_1500_2500_1500,1500,1500,0,3000,37509000,11254501,1500,60000000,18000000,11253000,3750000,7503000,3750000,0,0,0,3753000,12283978,12.2840
distribute_parallel_for_1500_2500_2000,1500,2000,0,4000,50012000,15006001,2000,70000000,24000000,15004000,5000000,10004000,5000000,0,0,0,5004000,16335747,16.3357
distribute_parallel_for_1500_2500_2500,1500,2500,0,5000,62515000,18757501,2500,80000000,30000000,18755000,6250000,12505000,6250000,0,0,0,6255000,20793276,20.7933
distribute_parallel_for_1500_2500_3000,1500,3000,0,6000,75018000,22509001,3000,90000000,36000000,22506000,7500000,15006000,7500000,0,0,0,7506000,24400122,24.4001
distribute_parallel_for_1500_2500_3500,1500,3500,0,7000,87521000,26260501,3500,100000000,42000000,26257000,8750000,17507000,8750000,0,0,0,8757000,28431678,28.4317
distribute_parallel_for_1500_2500_4000,1500,4000,0,8000,100024000,30012001,4000,110000000,48000000,30008000,10000000,20008000,10000000,0,0,0,10008000,33216077,33.2161
distribute_parallel_for_1500_3000_1000,1500,1000,0,2000,30006000,9003001,1000,60000000,12000000,9002000,3000000,6002000,3000000,0,0,0,3002000,10102782,10.1028
distribute_parallel_for_1500_3000_1500,1500,1500,0,3000,45009000,13504501,1500,72000000,18000000,13503000,4500000,9003000,4500000,0,0,0,4503000,14713057,14.7131
distribute_parallel_for_1500_3000_2000,1500,2000,0,4000,60012000,18006001,2000,84000000,24000000,18004000,6000000,12004000,6000000,0,0,0,6004000,19978581,19.9786
distribute_parallel_for_1500_3000_2500,1500,2500,0,5000,75015000,22507501,2500,96000000,30000000,22505000,7500000,15005000,7500000,0,0,0,7505000,24362289,24.3623
distribute_parallel_for_1500_3000_3000,1500,3000,0,6000,90018000,27009001,3000,108000000,36000000,27006000,9000000,18006000,9000000,0,0,0,9006000,29944565,29.9446
distribute_parallel_for_1500_3000_3500,1500,3500,0,7000,105021000,31510501,3500,120000000,42000000,31507000,10500000,21007000,10500000,0,0,0,10507000,34870991,34.8710
distribute_parallel_for_1500_3000_4000,1500,4000,0,8000,120024000,36012001,4000,132000000,48000000,36008000,12000000,24008000,12000000,0,0,0,12008000,40137764,40.1378
distribute_parallel_for_1500_3500_1000,1500,1000,0,2000,35006000,10503001,1000,70000000,12000000,10502000,3500000,7002000,3500000,0,0,0,3502000,11483021,11.4830
distribute_parallel_for_1500_3500_1500,1500,1500,0,3000,52509000,15754501,1500,84000000,18000000,15753000,5250000,10503000,5250000,0,0,0,5253000,17123031,17.1230
distribute_parallel_for_1500_3500_2000,1500,2000,0,4000,70012000,21006001,2000,98000000,24000000,21004000,7000000,14004000,7000000,0,0,0,7004000,22778528,22.7785
distribute_parallel_for_1500_3500_2500,1500,2500,0,5000,87515000,26257501,2500,112000000,30000000,26255000,8750000,17505000,8750000,0,0,0,8755000,29207740,29.2077
distribute_parallel_for_1500_3500_3000,1500,3000,0,6000,105018000,31509001,3000,126000000,36000000,31506000,10500000,21006000,10500000,0,0,0,10506000,34113385,34.1134
distribute_parallel_for_1500_3500_3500,1500,3500,0,7000,122521000,36760501,3500,140000000,42000000,36757000,12250000,24507000,12250000,0,0,0,12257000,39712306,39.7123
distribute_parallel_for_1500_3500_4000,1500,4000,0,8000,140024000,42012001,4000,154000000,48000000,42008000,14000000,28008000,14000000,0,0,0,14008000,45372568,45.3726
distribute_parallel_for_1500_4000_1000,1500,1000,0,2000,40006000,12003001,1000,80000000,12000000,12002000,4000000,8002000,4000000,0,0,0,4002000,13073679,13.0737
distribute_parallel_for_1500_4000_1500,1500,1500,0,3000,60009000,18004501,1500,96000000,18000000,18003000,6000000,12003000,6000000,0,0,0,6003000,19550558,19.5506
distribute_parallel_for_1500_4000_2000,1500,2000,0,4000,80012000,24006001,2000,112000000,24000000,24004000,8000000,16004000,8000000,0,0,0,8004000,26583068,26.5831
distribute_parallel_for_1500_4000_2500,1500,2500,0,5000,100015000,30007501,2500,128000000,30000000,30005000,10000000,20005000,10000000,0,0,0,10005000,33190521,33.1905
distribute_parallel_for_1500_4000_3000,1500,3000,0,6000,120018000,36009001,3000,144000000,36000000,36006000,12000000,24006000,12000000,0,0,0,12006000,38994313,38.9943
distribute_parallel_for_1500_4000_3500,1500,3500,0,7000,140021000,42010501,3500,160000000,42000000,42007000,14000000,28007000,14000000,0,0,0,14007000,45482149,45.4821
distribute_parallel_for_1500_4000_4000,1500,4000,0,8000,160024000,48012001,4000,176000000,48000000,48008000,16000000,32008000,16000000,0,0,0,16008000,52002965,52.0030
distribute_parallel_for_1700_1200_1200,1700,1200,0,2400,14407200,4323601,1200,27840000,16320000,4322400,1440000,2882400,1440000,0,0,0,1442400,5068651,5.0687
distribute_parallel_for_1700_1200_1700,1700,1700,0,3400,20410200,6125101,1700,32640000,23120000,6123400,2040000,4083400,2040000,0,0,0,2043400,7159276,7.1593
distribute_parallel_for_1700_1200_2200,1700,2200,0,4400,26413200,7926601,2200,37440000,29920000,7924400,2640000,5284400,2640000,0,0,0,2644400,9117528,9.1175
distribute_parallel_for_1700_1200_2700,1700,2700,0,5400,32416200,9728101,2700,42240000,36720000,9725400,3240000,6485400,3240000,0,0,0,3245400,11590833,11.5908
distribute_parallel_for_1700_1200_3200,1700,3200,0,6400,38419200,11529601,3200,47040000,43520000,11526400,3840000,7686400,3840000,0,0,0,3846400,13164912,13.1649
distribute_parallel_for_1700_1200_3700,1700,3700,0,7400,44422200,13331101,3700,51840000,50320000,13327400,4440000,8887400,4440000,0,0,0,4447400,15935988,15.9360
distribute_parallel_for_1700_1200_4200,1700,4200,0,8400,50425200,15132601,4200,56640000,57120000,15128400,5040000,10088400,5040000,0,0,0,5048400,17427756,17.4278
distribute_parallel_for_1700_1700_1200,1700,1200,0,2400,20407200,6123601,1200,39440000,16320000,6122400,2040000,4082400,2040000,0,0,0,2042400,7068489,7.0685
distribute_parallel_for_1700_1700_1700,1700,1700,0,3400,28910200,8675101,1700,46240000,23120000,8673400,2890000,5783400,2890000,0,0,0,2893400,10127384,10.1274
distribute_parallel_for_1700_1700_2200,1700,2200,0,4400,37413200,11226601,2200,53040000,29920000,11224400,3740000,7484400,3740000,0,0,0,3744400,13208848,13.2088
distribute_parallel_for_1700_1700_2700,1700,2700,0,5400,45916200,13778101,2700,59840000,36720000,13775400,4590000,9185400,4590000,0,0,0,4595400,16005996,16.0060
distribute_parallel_for_1700_1700_3200,1700,3200,0,6400,54419200,16329601,3200,66640000,43520000,16326400,5440000,10886400,5440000,0,0,0,5446400,19566649,19.5666
distribute_parallel_for_1700_1700_3700,1700,3700,0,7400,62922200,18881101,3700,73440000,50320000,18877400,6290000,12587400,6290000,0,0,0,6297400,21763023,21.7630
distribute_parallel_for_1700_1700_4200,1700,4200,0,8400,71425200,21432601,4200,80240000,57120000,21428400,7140000,14288400,7140000,0,0,0,7148400,25617750,25.6178
distribute_parallel_for_1700_2200_1200,1700,1200,0,2400,26407200,7923601,1200,51040000,16320000,7922400,2640000,5282400,2640000,0,0,0,2642400,9285590,9.2856
distribute_parallel_for_1700_2200_1700,1700,1700,0,3400,37410200,11225101,1700,59840000,23120000,11223400,3740000,7483400,3740000,0,0,0,3743400,13237986,13.2380
distribute_parallel_for_1700_2200_2200,1700,2200,0,4400,48413200,14526601,2200,68640000,29920000,14524400,4840000,9684400,4840000,0,0,0,4844400,17296859,17.2969
distribute_parallel_for_1700_2200_2700,1700,2700,0,5400,59416200,17828101,2700,77440000,36720000,17825400,5940000,11885400,5940000,0,0,0,5945400,20959227,20.9592
distribute_parallel_for_1700_2200_3200,1700,3200,0,6400,70419200,21129601,3200,86240000,43520000,21126400,7040000,14086400,7040000,0,0,0,7046400,24768351,24.7684
distribute_parallel_for_1700_2200_3700,1700,3700,0,7400,81422200,24431101,3700,95040000,50320000,24427400,8140000,16287400,8140000,0,0,0,8147400,28187869,28.1879
distribute_parallel_for_1700_2200_4200,1700,4200,0,8400,92425200,27732601,4200,103840000,57120000,27728400,9240000,18488400,9240000,0,0,0,9248400,32046203,32.0462
distribute_parallel_for_1700_2700_1200,1700,1200,0,2400,32407200,9723601,1200,62640000,16320000,9722400,3240000,6482400,3240000,0,0,0,3242400,11391263,11.3913
distribute_parallel_for_1700_2700_1700,1700,1700,0,3400,45910200,13775101,1700,73440000,23120000,13773400,4590000,9183400,4590000,0,0,0,4593400,16216962,16.2170
distribute_parallel_for_1700_2700_2200,1700,2200,0,4400,59413200,17826601,2200,84240000,29920000,17824400,5940000,11884400,5940000,0,0,0,5944400,21076631,21.0766
distribute_parallel_for_1700_2700_2700,1700,2700,0,5400,72916200,21878101,2700,95040000,36720000,21875400,7290000,14585400,7290000,0,0,0,7295400,26068095,26.0681
distribute_parallel_for_1700_2700_3200,1700,3200,0,6400,86419200,25929601,3200,105840000,43520000,25926400,8640000,17286400,8640000,0,0,0,8646400,30021188,30.0212
distribute_parallel_for_1700_2700_3700,1700,3700,0,7400,99922200,29981101,3700,116640000,50320000,29977400,9990000,19987400,9990000,0,0,0,9997400,35107372,35.1074
distribute_parallel_for_1700_2700_4200,1700,4200,0,8400,113425200,34032601,4200,127440000,57120000,34028400,11340000,22688400,11340000,0,0,0,11348400,39405227,39.4052
distribute_parallel_for_1700_3200_1200,1700,1200,0,2400,38407200,11523601,1200,74240000,16320000,11522400,3840000,7682400,3840000,0,0,0,3842400,13477164,13.4772
distribute_parallel_for_1700_3200_1700,1700,1700,0,3400,54410200,16325101,1700,87040000,23120000,16323400,5440000,10883400,5440000,0,0,0,5443400,19178053,19.1781
distribute_parallel_for_1700_3200_2200,1700,2200,0,4400,70413200,21126601,2200,99840000,29920000,21124400,7040000,14084400,7040000,0,0,0,7044400,24823254,24.8233
distribute_parallel_for_1700_3200_2700,1700,2700,0,5400,86416200,25928101,2700,112640000,36720000,25925400,8640000,17285400,8640000,0,0,0,8645400,30519632,30.5196
distribute_parallel_for_1700_3200_3200,1700,3200,0,6400,102419200,30729601,3200,125440000,43520000,30726400,10240000,20486400,10240000,0,0,0,10246400,36518148,36.5181
distribute_parallel_for_1700_3200_3700,1700,3700,0,7400,118422200,35531101,3700,138240000,50320000,35527400,11840000,23687400,11840000,0,0,0,11847400,42076431,42.0764
distribute_parallel_for_1700_3200_4200,1700,4200,0,8400,134425200,40332601,4200,151040000,57120000,40328400,13440000,26888400,13440000,0,0,0,13448400,46566728,46.5667
distribute_parallel_for_1700_3700_1200,1700,1200,0,2400,44407200,13323601,1200,85840000,16320000,13322400,4440000,8882400,4440000,0,0,0,4442400,15371175,15.3712
distribute_parallel_for_1700_3700_1700,1700,1700,0,3400,62910200,18875101,1700,100640000,23120000,18873400,6290000,12583400,6290000,0,0,0,6293400,21921801,21.9218
distribute_parallel_for_1700_3700_2200,1700,2200,0,4400,81413200,24426601,2200,115440000,29920000,24424400,8140000,16284400,8140000,0,0,0,8144400,28327992,28.3280
distribute_parallel_for_1700_3700_2700,1700,2700,0,5400,99916200,29978101,2700,130240000,36720000,29975400,9990000,19985400,9990000,0,0,0,9995400,35766154,35.7662
distribute_parallel_for_1700_3700_3200,1700,3200,0,6400,118419200,35529601,3200,145040000,43520000,35526400,11840000,23686400,11840000,0,0,0,11846400,42228900,42.2289
distribute_parallel_for_1700_3700_3700,1700,3700,0,7400,136922200,41081101,3700,159840000,50320000,41077400,13690000,27387400,13690000,0,0,0,13697400,47459848,47.4598
distribute_parallel_for_1700_3700_4200,1700,4200,0,8400,155425200,46632601,4200,174640000,57120000,46628400,15540000,31088400,15540000,0,0,0,15548400,53896649,53.8966
distribute_parallel_for_1750_1250_1250,1750,1250,0,2500,15632500,4691251,1250,30000000,17500000,4690000,1562500,3127500,1562500,0,0,0,1565000,5621765,5.6218
distribute_parallel_for_1750_1250_1750,1750,1750,0,3500,21885500,6567751,1750,35000000,24500000,6566000,2187500,4378500,2187500,0,0,0,2191000,7709953,7.7100
distribute_parallel_for_1750_1250_2250,1750,2250,0,4500,28138500,8444251,2250,40000000,31500000,8442000,2812500,5629500,2812500,0,0,0,2817000,10022024,10.0220
distribute_parallel_for_1750_1250_2750,1750,2750,0,5500,34391500,10320751,2750,45000000,38500000,10318000,3437500,6880500,3437500,0,0,0,3443000,12147274,12.1473
distribute_parallel_for_1750_1250_3250,1750,3250,0,6500,40644500,12197251,3250,50000000,45500000,12194000,4062500,8131500,4062500,0,0,0,4069000,14430531,14.4305
distribute_parallel_for_1750_1250_3750,1750,3750,0,7500,46897500,14073751,3750,55000000,52500000,14070000,4687500,9382500,4687500,0,0,0,4695000,16504049,16.5040
distribute_parallel_for_1750_1250_4250,1750,4250,0,8500,53150500,15950251,4250,60000000,59500000,15946000,5312500,10633500,5312500,0,0,0,5321000,18792562,18.7926
distribute_parallel_for_1750_1750_1250,1750,1250,0,2500,21882500,6566251,1250,42000000,17500000,6565000,2187500,4377500,2187500,0,0,0,2190000,7801240,7.8012
distribute_parallel_for_1750_1750_1750,1750,1750,0,3500,30635500,9192751,1750,49000000,24500000,9191000,3062500,6128500,3062500,0,0,0,3066000,10604293,10.6043
distribute_parallel_for_1750_1750_2250,1750,2250,0,4500,39388500,11819251,2250,56000000,31500000,11817000,3937500,7879500,3937500,0,0,0,3942000,13940595,13.9406
distribute_parallel_for_1750_1750_2750,1750,2750,0,5500,48141500,14445751,2750,63000000,38500000,14443000,4812500,9630500,4812500,0,0,0,4818000,16947981,16.9480
distribute_parallel_for_1750_1750_3250,1750,3250,0,6500,56894500,17072251,3250,70000000,45500000,17069000,5687500,11381500,5687500,0,0,0,5694000,20010987,20.0110
distribute_parallel_for_1750_1750_3750,1750,3750,0,7500,65647500,19698751,3750,77000000,52500000,19695000,6562500,13132500,6562500,0,0,0,6570000,23224494,23.2245
distribute_parallel_for_1750_1750_4250,1750,4250,0,8500,74400500,22325251,4250,84000000,59500000,22321000,7437500,14883500,7437500,0,0,0,7446000,26209610,26.2096
distribute_parallel_for_1750_2250_1250,1750,1250,0,2500,28132500,8441251,1250,54000000,17500000,8440000,2812500,5627500,2812500,0,0,0,2815000,10111356,10.1114
distribute_parallel_for_1750_2250_1750,1750,1750,0,3500,39385500,11817751,1750,63000000,24500000,11816000,3937500,7878500,3937500,0,0,0,3941000,13691176,13.6912
distribute_parallel_for_1750_2250_2250,1750,2250,0,4500,50638500,15194251,2250,72000000,31500000,15192000,5062500,10129500,5062500,0,0,0,5067000,17887051,17.8871
distribute_parallel_for_1750_2250_2750,1750,2750,0,5500,61891500,18570751,2750,81000000,38500000,18568000,6187500,12380500,6187500,0,0,0,6193000,21803496,21.8035
distribute_parallel_for_1750_2250_3250,1750,3250,0,6500,73144500,21947251,3250,90000000,45500000,21944000,7312500,14631500,7312500,0,0,0,7319000,25866959,25.8670
distribute_parallel_for_1750_2250_3750,1750,3750,0,7500,84397500,25323751,3750,99000000,52500000,25320000,8437500,16882500,8437500,0,0,0,8445000,29773785,29.7738
distribute_parallel_for_1750_2250_4250,1750,4250,0,8500,95650500,28700251,4250,108000000,59500000,28696000,9562500,19133500,9562500,0,0,0,9571000,33582981,33.5830
distribute_parallel_for_1750_2750_1250,1750,1250,0,2500,34382500,10316251,1250,66000000,17500000,10315000,3437500,6877500,3437500,0,0,0,3440000,12151833,12.1518
distribute_parallel_for_1750_2750_1750,1750,1750,0,3500,48135500,14442751,1750,77000000,24500000,14441000,4812500,9628500,4812500,0,0,0,4816000,16975536,16.9755
distribute_parallel_for_1750_2750_2250,1750,2250,0,4500,61888500,18569251,2250,88000000,31500000,18567000,6187500,12379500,6187500,0,0,0,6192000,21781981,21.7820
distribute_parallel_for_1750_2750_2750,1750,2750,0,5500,75641500,22695751,2750,99000000,38500000,22693000,7562500,15130500,7562500,0,0,0,7568000,26715116,26.7151
distribute_parallel_for_1750_2750_3250,1750,3250,0,6500,89394500,26822251,3250,110000000,45500000,26819000,8937500,17881500,8937500,0,0,0,8944000,31199274,31.1993
distribute_parallel_for_1750_2750_3750,1750,3750,0,7500,103147500,30948751,3750,121000000,52500000,30945000,10312500,20632500,10312500,0,0,0,10320000,35795496,35.7955
distribute_parallel_for_1750_2750_4250,1750,4250,0,8500,116900500,35075251,4250,132000000,59500000,35071000,11687500,23383500,11687500,0,0,0,11696000,40984689,40.9847
distribute_parallel_for_1750_3250_1250,1750,1250,0,2500,40632500,12191251,1250,78000000,17500000,12190000,4062500,8127500,4062500,0,0,0,4065000,14396781,14.3968
distribute_parallel_for_1750_3250_1750,1750,1750,0,3500,56885500,17067751,1750,91000000,24500000,17066000,5687500,11378500,5687500,0,0,0,5691000,20246081,20.2461
distribute_parallel_for_1750_3250_2250,1750,2250,0,4500,73138500,21944251,2250,104000000,31500000,21942000,7312500,14629500,7312500,0,0,0,7317000,25807918,25.8079
distribute_parallel_for_1750_3250_2750,1750,2750,0,5500,89391500,26820751,2750,117000000,38500000,26818000,8937500,17880500,8937500,0,0,0,8943000,31565291,31.5653
distribute_parallel_for_1750_3250_3250,1750,3250,0,6500,105644500,31697251,3250,130000000,45500000,31694000,10562500,21131500,10562500,0,0,0,10569000,36803078,36.8031
distribute_parallel_for_1750_3250_3750,1750,3750,0,7500,121897500,36573751,3750,143000000,52500000,36570000,12187500,24382500,12187500,0,0,0,12195000,43124975,43.1250
distribute_parallel_for_1750_3250_4250,1750,4250,0,8500,138150500,41450251,4250,156000000,59500000,41446000,13812500,27633500,13812500,0,0,0,13821000,47999968,48.0000
distribute_parallel_for_1750_3750_1250,1750,1250,0,2500,46882500,14066251,1250,90000000,17500000,14065000,4687500,9377500,4687500,0,0,0,4690000,16439724,16.4397
distribute_parallel_for_1750_3750_1750,1750,1750,0,3500,65635500,19692751,1750,105000000,24500000,19691000,6562500,13128500,6562500,0,0,0,6566000,23164143,23.1641
distribute_parallel_for_1750_3750_2250,1750,2250,0,4500,84388500,25319251,2250,120000000,31500000,25317000,8437500,16879500,8437500,0,0,0,8442000,29745938,29.7459
distribute_parallel_for_1750_3750_2750,1750,2750,0,5500,103141500,30945751,2750,135000000,38500000,30943000,10312500,20630500,10312500,0,0,0,10318000,36332684,36.3327
distribute_parallel_for_1750_3750_3250,1750,3250,0,6500,121894500,36572251,3250,150000000,45500000,36569000,12187500,24381500,12187500,0,0,0,12194000,42107862,42.1079
distribute_parallel_for_1750_3750_3750,1750,3750,0,7500,140647500,42198751,3750,165000000,52500000,42195000,14062500,28132500,14062500,0,0,0,14070000,49590197,49.5902
distribute_parallel_for_1750_3750_4250,1750,4250,0,8500,159400500,47825251,4250,180000000,59500000,47821000,15937500,31883500,15937500,0,0,0,15946000,56098846,56.0988
distribute_parallel_for_1750_4250_1250,1750,1250,0,2500,53132500,15941251,1250,102000000,17500000,15940000,5312500,10627500,5312500,0,0,0,5315000,18708275,18.7083
distribute_parallel_for_1750_4250_1750,1750,1750,0,3500,74385500,22317751,1750,119000000,24500000,22316000,7437500,14878500,7437500,0,0,0,7441000,26159224,26.1592
distribute_parallel_for_1750_4250_2250,1750,2250,0,4500,95638500,28694251,2250,136000000,31500000,28692000,9562500,19129500,9562500,0,0,0,9567000,33715550,33.7156
distribute_parallel_for_1750_4250_2750,1750,2750,0,5500,116891500,35070751,2750,153000000,38500000,35068000,11687500,23380500,11687500,0,0,0,11693000,40455552,40.4556
distribute_parallel_for_1750_4250_3250,1750,3250,0,6500,138144500,41447251,3250,170000000,45500000,41444000,13812500,27631500,13812500,0,0,0,13819000,48041377,48.0414
distribute_parallel_for_1750_4250_3750,1750,3750,0,7500,159397500,47823751,3750,187000000,52500000,47820000,15937500,31882500,15937500,0,0,0,15945000,55035561,55.0356
distribute_parallel_for_1750_4250_4250,1750,4250,0,8500,180650500,54200251,4250,204000000,59500000,54196000,18062500,36133500,18062500,0,0,0,18071000,62838968,62.8390
distribute_parallel_for_1900_1400_1400,1900,1400,0,2800,19608400,5884201,1400,36960000,21280000,5882800,1960000,3922800,1960000,0,0,0,1962800,7353920,7.3539
distribute_parallel_for_1900_1400_1900,1900,1900,0,3800,26611400,7985701,1900,42560000,28880000,7983800,2660000,5323800,2660000,0,0,0,2663800,10104059,10.1041
distribute_parallel_for_1900_1400_2400,1900,2400,0,4800,33614400,10087201,2400,48160000,36480000,10084800,3360000,6724800,3360000,0,0,0,3364800,12533632,12.5336
distribute_parallel_for_1900_1400_2900,1900,2900,0,5800,40617400,12188701,2900,53760000,44080000,12185800,4060000,8125800,4060000,0,0,0,4065800,17397691,17.3977
distribute_parallel_for_1900_1400_3400,1900,3400,0,6800,47620400,14290201,3400,59360000,51680000,14286800,4760000,9526800,4760000,0,0,0,4766800,17807924,17.8079
distribute_parallel_for_1900_1400_3900,1900,3900,0,7800,54623400,16391701,3900,64960000,59280000,16387800,5460000,10927800,5460000,0,0,0,5467800,20129369,20.1294
distribute_parallel_for_1900_1400_900,1900,900,0,1800,12605400,3782701,900,31360000,13680000,3781800,1260000,2521800,1260000,0,0,0,1261800,4650635,4.6506
distribute_parallel_for_1900_1900_1400,1900,1400,0,2800,26608400,7984201,1400,50160000,21280000,7982800,2660000,5322800,2660000,0,0,0,2662800,9788580,9.7886
distribute_parallel_for_1900_1900_1900,1900,1900,0,3800,36111400,10835701,1900,57760000,28880000,10833800,3610000,7223800,3610000,0,0,0,3613800,13350221,13.3502
distribute_parallel_for_1900_1900_2400,1900,2400,0,4800,45614400,13687201,2400,65360000,36480000,13684800,4560000,9124800,4560000,0,0,0,4564800,19505916,19.5059
distribute_parallel_for_1900_1900_2900,1900,2900,0,5800,55117400,16538701,2900,72960000,44080000,16535800,5510000,11025800,5510000,0,0,0,5515800,20424164,20.4242
distribute_parallel_for_1900_1900_3400,1900,3400,0,6800,64620400,19390201,3400,80560000,51680000,19386800,6460000,12926800,6460000,0,0,0,6466800,23952178,23.9522
distribute_parallel_for_1900_1900_3900,1900,3900,0,7800,74123400,22241701,3900,88160000,59280000,22237800,7410000,14827800,7410000,0,0,0,7417800,27525171,27.5252
distribute_parallel_for_1900_1900_900,1900,900,0,1800,17105400,5132701,900,42560000,13680000,5131800,1710000,3421800,1710000,0,0,0,1711800,7298958,7.2990
distribute_parallel_for_1900_2400_1400,1900,1400,0,2800,33608400,10084201,1400,63360000,21280000,10082800,3360000,6722800,3360000,0,0,0,3362800,12362856,12.3629
distribute_parallel_for_1900_2400_1900,1900,1900,0,3800,45611400,13685701,1900,72960000,28880000,13683800,4560000,9123800,4560000,0,0,0,4563800,16893338,16.8933
distribute_parallel_for_1900_2400_2400,1900,2400,0,4800,57614400,17287201,2400,82560000,36480000,17284800,5760000,11524800,5760000,0,0,0,5764800,22016505,22.0165
distribute_parallel_for_1900_2400_2900,1900,2900,0,5800,69617400,20888701,2900,92160000,44080000,20885800,6960000,13925800,6960000,0,0,0,6965800,25906176,25.9062
distribute_parallel_for_1900_2400_3400,1900,3400,0,6800,81620400,24490201,3400,101760000,51680000,24486800,8160000,16326800,8160000,0,0,0,8166800,30296328,30.2963
distribute_parallel_for_1900_2400_3900,1900,3900,0,7800,93623400,28091701,3900,111360000,59280000,28087800,9360000,18727800,9360000,0,0,0,9367800,35062444,35.0624
distribute_parallel_for_1900_2400_900,1900,900,0,1800,21605400,6482701,900,53760000,13680000,6481800,2160000,4321800,2160000,0,0,0,2161800,8133510,8.1335
distribute_parallel_for_1900_2900_1400,1900,1400,0,2800,40608400,12184201,1400,76560000,21280000,12182800,4060000,8122800,4060000,0,0,0,4062800,17373680,17.3737
distribute_parallel_for_1900_2900_1900,1900,1900,0,3800,55111400,16535701,1900,88160000,28880000,16533800,5510000,11023800,5510000,0,0,0,5513800,20800177,20.8002
distribute_parallel_for_1900_2900_2400,1900,2400,0,4800,69614400,20887201,2400,99760000,36480000,20884800,6960000,13924800,6960000,0,0,0,6964800,25957787,25.9578
distribute_parallel_for_1900_2900_2900,1900,2900,0,5800,84117400,25238701,2900,111360000,44080000,25235800,8410000,16825800,8410000,0,0,0,8415800,31414489,31.4145
distribute_parallel_for_1900_2900_3400,1900,3400,0,6800,98620400,29590201,3400,122960000,51680000,29586800,9860000,19726800,9860000,0,0,0,9866800,36504847,36.5048
distribute_parallel_for_1900_2900_3900,1900,3900,0,7800,113123400,33941701,3900,134560000,59280000,33937800,11310000,22627800,11310000,0,0,0,11317800,42146252,42.1463
distribute_parallel_for_1900_2900_900,1900,900,0,1800,26105400,7832701,900,64960000,13680000,7831800,2610000,5221800,2610000,0,0,0,2611800,9787966,9.7880
distribute_parallel_for_1900_3400_1400,1900,1400,0,2800,47608400,14284201,1400,89760000,21280000,14282800,4760000,9522800,4760000,0,0,0,4762800,17810360,17.8104
distribute_parallel_for_1900_3400_1900,1900,1900,0,3800,64611400,19385701,1900,103360000,28880000,19383800,6460000,12923800,6460000,0,0,0,6463800,24010861,24.0109
distribute_parallel_for_1900_3400_2400,1900,2400,0,4800,81614400,24487201,2400,116960000,36480000,24484800,8160000,16324800,8160000,0,0,0,8164800,30287946,30.2879
distribute_parallel_for_1900_3400_2900,1900,2900,0,5800,98617400,29588701,2900,130560000,44080000,29585800,9860000,19725800,9860000,0,0,0,9865800,37052286,37.0523
distribute_parallel_for_1900_3400_3400,1900,3400,0,6800,115620400,34690201,3400,144160000,51680000,34686800,11560000,23126800,11560000,0,0,0,11566800,44365468,44.3655
distribute_parallel_for_1900_3400_3900,1900,3900,0,7800,132623400,39791701,3900,157760000,59280000,39787800,13260000,26527800,13260000,0,0,0,13267800,48587304,48.5873
distribute_parallel_for_1900_3400_900,1900,900,0,1800,30605400,9182701,900,76160000,13680000,9181800,3060000,6121800,3060000,0,0,0,3061800,11711329,11.7113
distribute_parallel_for_1900_3900_1400,1900,1400,0,2800,54608400,16384201,1400,102960000,21280000,16382800,5460000,10922800,5460000,0,0,0,5462800,20224654,20.2247
distribute_parallel_for_1900_3900_1900,1900,1900,0,3800,74111400,22235701,1900,118560000,28880000,22233800,7410000,14823800,7410000,0,0,0,7413800,27748903,27.7489
distribute_parallel_for_1900_3900_2400,1900,2400,0,4800,93614400,28087201,2400,134160000,36480000,28084800,9360000,18724800,9360000,0,0,0,9364800,35026224,35.0262
distribute_parallel_for_1900_3900_2900,1900,2900,0,5800,113117400,33938701,2900,149760000,44080000,33935800,11310000,22625800,11310000,0,0,0,11315800,42558551,42.5586
distribute_parallel_for_1900_3900_3400,1900,3400,0,6800,132620400,39790201,3400,165360000,51680000,39786800,13260000,26526800,13260000,0,0,0,13266800,49462773,49.4628
distribute_parallel_for_1900_3900_3900,1900,3900,0,7800,152123400,45641701,3900,180960000,59280000,45637800,15210000,30427800,15210000,0,0,0,15217800,56316384,56.3164
distribute_parallel_for_1900_3900_900,1900,900,0,1800,35105400,10532701,900,87360000,13680000,10531800,3510000,7021800,3510000,0,0,0,3511800,13038999,13.0390
distribute_parallel_for_1900_900_1400,1900,1400,0,2800,12608400,3784201,1400,23760000,21280000,3782800,1260000,2522800,1260000,0,0,0,1262800,4630899,4.6309
distribute_parallel_for_1900_900_1900,1900,1900,0,3800,17111400,5135701,1900,27360000,28880000,5133800,1710000,3423800,1710000,0,0,0,1713800,6334940,6.3349
distribute_parallel_for_1900_900_2400,1900,2400,0,4800,21614400,6487201,2400,30960000,36480000,6484800,2160000,4324800,2160000,0,0,0,2164800,7921470,7.9215
distribute_parallel_for_1900_900_2900,1900,2900,0,5800,26117400,7838701,2900,34560000,44080000,7835800,2610000,5225800,2610000,0,0,0,2615800,9698809,9.6988
distribute_parallel_for_1900_900_3400,1900,3400,0,6800,30620400,9190201,3400,38160000,51680000,9186800,3060000,6126800,3060000,0,0,0,3066800,11490947,11.4909
distribute_parallel_for_1900_900_3900,1900,3900,0,7800,35123400,10541701,3900,41760000,59280000,10537800,3510000,7027800,3510000,0,0,0,3517800,12962977,12.9630
distribute_parallel_for_1900_900_900,1900,900,0,1800,8105400,2432701,900,20160000,13680000,2431800,810000,1621800,810000,0,0,0,811800,2956026,2.9560
distribute_parallel_for_2000_1000_1000,2000,1000,0,2000,10006000,3003001,1000,24000000,16000000,3002000,1000000,2002000,1000000,0,0,0,1002000,4256386,4.2564
distribute_parallel_for_2000_1000_1500,2000,1500,0,3000,15009000,4504501,1500,28000000,24000000,4503000,1500000,3003000,1500000,0,0,0,1503000,5832856,5.8329
distribute_parallel_for_2000_1000_2000,2000,2000,0,4000,20012000,6006001,2000,32000000,32000000,6004000,2000000,4004000,2000000,0,0,0,2004000,7752955,7.7530
distribute_parallel_for_2000_1000_2500,2000,2500,0,5000,25015000,7507501,2500,36000000,40000000,7505000,2500000,5005000,2500000,0,0,0,2505000,9648407,9.6484
distribute_parallel_for_2000_1000_3000,2000,3000,0,6000,30018000,9009001,3000,40000000,48000000,9006000,3000000,6006000,3000000,0,0,0,3006000,11198662,11.1987
distribute_parallel_for_2000_1000_3500,2000,3500,0,7000,35021000,10510501,3500,44000000,56000000,10507000,3500000,7007000,3500000,0,0,0,3507000,14700384,14.7004
distribute_parallel_for_2000_1000_4000,2000,4000,0,8000,40024000,12012001,4000,48000000,64000000,12008000,4000000,8008000,4000000,0,0,0,4008000,16760274,16.7603
distribute_parallel_for_2000_1500_1000,2000,1000,0,2000,15006000,4503001,1000,36000000,16000000,4502000,1500000,3002000,1500000,0,0,0,1502000,6353427,6.3534
distribute_parallel_for_2000_1500_1500,2000,1500,0,3000,22509000,6754501,1500,42000000,24000000,6753000,2250000,4503000,2250000,0,0,0,2253000,8673376,8.6734
distribute_parallel_for_2000_1500_2000,2000,2000,0,4000,30012000,9006001,2000,48000000,32000000,9004000,3000000,6004000,3000000,0,0,0,3004000,11642322,11.6423
distribute_parallel_for_2000_1500_2500,2000,2500,0,5000,37515000,11257501,2500,54000000,40000000,11255000,3750000,7505000,3750000,0,0,0,3755000,15717801,15.7178
distribute_parallel_for_2000_1500_3000,2000,3000,0,6000,45018000,13509001,3000,60000000,48000000,13506000,4500000,9006000,4500000,0,0,0,4506000,16939202,16.9392
distribute_parallel_for_2000_1500_3500,2000,3500,0,7000,52521000,15760501,3500,66000000,56000000,15757000,5250000,10507000,5250000,0,0,0,5257000,21937693,21.9377
distribute_parallel_for_2000_1500_4000,2000,4000,0,8000,60024000,18012001,4000,72000000,64000000,18008000,6000000,12008000,6000000,0,0,0,6008000,25075187,25.0752
distribute_parallel_for_2000_2000_1000,2000,1000,0,2000,20006000,6003001,1000,48000000,16000000,6002000,2000000,4002000,2000000,0,0,0,2002000,7910352,7.9104
distribute_parallel_for_2000_2000_1500,2000,1500,0,3000,30009000,9004501,1500,56000000,24000000,9003000,3000000,6003000,3000000,0,0,0,3003000,11754155,11.7542
distribute_parallel_for_2000_2000_2000,2000,2000,0,4000,40012000,12006001,2000,64000000,32000000,12004000,4000000,8004000,4000000,0,0,0,4004000,15463911,15.4639
distribute_parallel_for_2000_2000_2500,2000,2500,0,5000,50015000,15007501,2500,72000000,40000000,15005000,5000000,10005000,5000000,0,0,0,5005000,19099916,19.0999
distribute_parallel_for_2000_2000_3000,2000,3000,0,6000,60018000,18009001,3000,80000000,48000000,18006000,6000000,12006000,6000000,0,0,0,6006000,25048280,25.0483
distribute_parallel_for_2000_2000_3500,2000,3500,0,7000,70021000,21010501,3500,88000000,56000000,21007000,7000000,14007000,7000000,0,0,0,7007000,29249268,29.2493
distribute_parallel_for_2000_2000_4000,2000,4000,0,8000,80024000,24012001,4000,96000000,64000000,24008000,8000000,16008000,8000000,0,0,0,8008000,33399853,33.3999
distribute_parallel_for_2000_2500_1000,2000,1000,0,2000,25006000,7503001,1000,60000000,16000000,7502000,2500000,5002000,2500000,0,0,0,2502000,10526757,10.5268
distribute_parallel_for_2000_2500_1500,2000,1500,0,3000,37509000,11254501,1500,70000000,24000000,11253000,3750000,7503000,3750000,0,0,0,3753000,15665837,15.6658
distribute_parallel_for_2000_2500_2000,2000,2000,0,4000,50012000,15006001,2000,80000000,32000000,15004000,5000000,10004000,5000000,0,0,0,5004000,19450664,19.4507
distribute_parallel_for_2000_2500_2500,2000,2500,0,5000,62515000,18757501,2500,90000000,40000000,18755000,6250000,12505000,6250000,0,0,0,6255000,26083501,26.0835
distribute_parallel_for_2000_2500_3000,2000,3000,0,6000,75018000,22509001,3000,100000000,48000000,22506000,7500000,15006000,7500000,0,0,0,7506000,31285665,31.2857
distribute_parallel_for_2000_2500_3500,2000,3500,0,7000,87521000,26260501,3500,110000000,56000000,26257000,8750000,17507000,8750000,0,0,0,8757000,36462083,36.4621
distribute_parallel_for_2000_2500_4000,2000,4000,0,8000,100024000,30012001,4000,120000000,64000000,30008000,10000000,20008000,10000000,0,0,0,10008000,41652692,41.6527
distribute_parallel_for_2000_3000_1000,2000,1000,0,2000,30006000,9003001,1000,72000000,16000000,9002000,3000000,6002000,3000000,0,0,0,3002000,12583363,12.5834
distribute_parallel_for_2000_3000_1500,2000,1500,0,3000,45009000,13504501,1500,84000000,24000000,13503000,4500000,9003000,4500000,0,0,0,4503000,18803085,18.8031
distribute_parallel_for_2000_3000_2000,2000,2000,0,4000,60012000,18006001,2000,96000000,32000000,18004000,6000000,12004000,6000000,0,0,0,6004000,25043791,25.0438
distribute_parallel_for_2000_3000_2500,2000,2500,0,5000,75015000,22507501,2500,108000000,40000000,22505000,7500000,15005000,7500000,0,0,0,7505000,31273304,31.2733
distribute_parallel_for_2000_3000_3000,2000,3000,0,6000,90018000,27009001,3000,120000000,48000000,27006000,9000000,18006000,9000000,0,0,0,9006000,34730171,34.7302
distribute_parallel_for_2000_3000_3500,2000,3500,0,7000,105021000,31510501,3500,132000000,56000000,31507000,10500000,21007000,10500000,0,0,0,10507000,43704200,43.7042
distribute_parallel_for_2000_3000_4000,2000,4000,0,8000,120024000,36012001,4000,144000000,64000000,36008000,12000000,24008000,12000000,0,0,0,12008000,49947437,49.9474
distribute_parallel_for_2000_3500_1000,2000,1000,0,2000,35006000,10503001,1000,84000000,16000000,10502000,3500000,7002000,3500000,0,0,0,3502000,14656679,14.6567
distribute_parallel_for_2000_3500_1500,2000,1500,0,3000,52509000,15754501,1500,98000000,24000000,15753000,5250000,10503000,5250000,0,0,0,5253000,21889795,21.8898
distribute_parallel_for_2000_3500_2000,2000,2000,0,4000,70012000,21006001,2000,112000000,32000000,21004000,7000000,14004000,7000000,0,0,0,7004000,29125640,29.1256
distribute_parallel_for_2000_3500_2500,2000,2500,0,5000,87515000,26257501,2500,126000000,40000000,26255000,8750000,17505000,8750000,0,0,0,8755000,36429946,36.4299
distribute_parallel_for_2000_3500_3000,2000,3000,0,6000,105018000,31509001,3000,140000000,48000000,31506000,10500000,21006000,10500000,0,0,0,10506000,43665424,43.6654
distribute_parallel_for_2000_3500_3500,2000,3500,0,7000,122521000,36760501,3500,154000000,56000000,36757000,12250000,24507000,12250000,0,0,0,12257000,51018044,51.0180
distribute_parallel_for_2000_3500_4000,2000,4000,0,8000,140024000,42012001,4000,168000000,64000000,42008000,14000000,28008000,14000000,0,0,0,14008000,58250360,58.2504
distribute_parallel_for_2000_4000_1000,2000,1000,0,2000,40006000,12003001,1000,96000000,16000000,12002000,4000000,8002000,4000000,0,0,0,4002000,16735986,16.7360
distribute_parallel_for_2000_4000_1500,2000,1500,0,3000,60009000,18004501,1500,112000000,24000000,18003000,6000000,12003000,6000000,0,0,0,6003000,25018763,25.0188
distribute_parallel_for_2000_4000_2000,2000,2000,0,4000,80012000,24006001,2000,128000000,32000000,24004000,8000000,16004000,8000000,0,0,0,8004000,33346498,33.3465
distribute_parallel_for_2000_4000_2500,2000,2500,0,5000,100015000,30007501,2500,144000000,40000000,30005000,10000000,20005000,10000000,0,0,0,10005000,41658867,41.6589
distribute_parallel_for_2000_4000_3000,2000,3000,0,6000,120018000,36009001,3000,160000000,48000000,36006000,12000000,24006000,12000000,0,0,0,12006000,49937010,49.9370
distribute_parallel_for_2000_4000_3500,2000,3500,0,7000,140021000,42010501,3500,176000000,56000000,42007000,14000000,28007000,14000000,0,0,0,14007000,58197825,58.1978
distribute_parallel_for_2000_4000_4000,2000,4000,0,8000,160024000,48012001,4000,192000000,64000000,48008000,16000000,32008000,16000000,0,0,0,16008000,66615674,66.6157
distribute_parallel_for_200_100_100,200,100,0,200,100600,30301,100,240000,160000,30200,10000,20200,10000,0,0,0,10200,31932,0.0319
distribute_parallel_for_200_100_200,200,200,0,400,201200,60601,200,320000,320000,60400,20000,40400,20000,0,0,0,20400,62578,0.0626
distribute_parallel_for_200_100_300,200,300,0,600,301800,90901,300,400000,480000,90600,30000,60600,30000,0,0,0,30600,103977,0.1040
distribute_parallel_for_200_100_400,200,400,0,800,402400,121201,400,480000,640000,120800,40000,80800,40000,0,0,0,40800,125288,0.1253
distribute_parallel_for_200_100_500,200,500,0,1000,503000,151501,500,560000,800000,151000,50000,101000,50000,0,0,0,51000,156334,0.1563
distribute_parallel_for_200_100_600,200,600,0,1200,603600,181801,600,640000,960000,181200,60000,121200,60000,0,0,0,61200,186992,0.1870
distribute_parallel_for_200_100_700,200,700,0,1400,704200,212101,700,720000,1120000,211400,70000,141400,70000,0,0,0,71400,217408,0.2174
distribute_parallel_for_200_100_800,200,800,0,1600,804800,242401,800,800000,1280000,241600,80000,161600,80000,0,0,0,81600,248261,0.2483
distribute_parallel_for_200_100_900,200,900,0,1800,905400,272701,900,880000,1440000,271800,90000,181800,90000,0,0,0,91800,280615,0.2806
distribute_parallel_for_200_200_100,200,100,0,200,200600,60301,100,480000,160000,60200,20000,40200,20000,0,0,0,20200,62398,0.0624
distribute_parallel_for_200_200_200,200,200,0,400,401200,120601,200,640000,320000,120400,40000,80400,40000,0,0,0,40400,124130,0.1241
distribute_parallel_for_200_200_300,200,300,0,600,601800,180901,300,800000,480000,180600,60000,120600,60000,0,0,0,60600,186182,0.1862
distribute_parallel_for_200_200_400,200,400,0,800,802400,241201,400,960000,640000,240800,80000,160800,80000,0,0,0,80800,247881,0.2479
distribute_parallel_for_200_200_500,200,500,0,1000,1003000,301501,500,1120000,800000,301000,100000,201000,100000,0,0,0,101000,309384,0.3094
distribute_parallel_for_200_200_600,200,600,0,1200,1203600,361801,600,1280000,960000,361200,120000,241200,120000,0,0,0,121200,370604,0.3706
distribute_parallel_for_200_200_700,200,700,0,1400,1404200,422101,700,1440000,1120000,421400,140000,281400,140000,0,0,0,141400,432398,0.4324
distribute_parallel_for_200_200_800,200,800,0,1600,1604800,482401,800,1600000,1280000,481600,160000,321600,160000,0,0,0,161600,493527,0.4935
distribute_parallel_for_200_200_900,200,900,0,1800,1805400,542701,900,1760000,1440000,541800,180000,361800,180000,0,0,0,181800,554813,0.5548
distribute_parallel_for_200_300_100,200,100,0,200,300600,90301,100,720000,160000,90200,30000,60200,30000,0,0,0,30200,93061,0.0931
distribute_parallel_for_200_300_200,200,200,0,400,601200,180601,200,960000,320000,180400,60000,120400,60000,0,0,0,60400,185689,0.1857
distribute_parallel_for_200_300_300,200,300,0,600,901800,270901,300,1200000,480000,270600,90000,180600,90000,0,0,0,90600,277361,0.2774
distribute_parallel_for_200_300_400,200,400,0,800,1202400,361201,400,1440000,640000,360800,120000,240800,120000,0,0,0,120800,370445,0.3704
distribute_parallel_for_200_300_500,200,500,0,1000,1503000,451501,500,1680000,800000,451000,150000,301000,150000,0,0,0,151000,463155,0.4632
distribute_parallel_for_200_300_600,200,600,0,1200,1803600,541801,600,1920000,960000,541200,180000,361200,180000,0,0,0,181200,553907,0.5539
distribute_parallel_for_200_300_700,200,700,0,1400,2104200,632101,700,2160000,1120000,631400,210000,421400,210000,0,0,0,211400,647088,0.6471
distribute_parallel_for_200_300_800,200,800,0,1600,2404800,722401,800,2400000,1280000,721600,240000,481600,240000,0,0,0,241600,737963,0.7380
distribute_parallel_for_200_300_900,200,900,0,1800,2705400,812701,900,2640000,1440000,811800,270000,541800,270000,0,0,0,271800,830391,0.8304
distribute_parallel_for_200_400_100,200,100,0,200,400600,120301,100,960000,160000,120200,40000,80200,40000,0,0,0,40200,124491,0.1245
distribute_parallel_for_200_400_200,200,200,0,400,801200,240601,200,1280000,320000,240400,80000,160400,80000,0,0,0,80400,246921,0.2469
distribute_parallel_for_200_400_300,200,300,0,600,1201800,360901,300,1600000,480000,360600,120000,240600,120000,0,0,0,120600,370499,0.3705
distribute_parallel_for_200_400_400,200,400,0,800,1602400,481201,400,1920000,640000,480800,160000,320800,160000,0,0,0,160800,493165,0.4932
distribute_parallel_for_200_400_500,200,500,0,1000,2003000,601501,500,2240000,800000,601000,200000,401000,200000,0,0,0,201000,618789,0.6188
distribute_parallel_for_200_400_600,200,600,0,1200,2403600,721801,600,2560000,960000,721200,240000,481200,240000,0,0,0,241200,738099,0.7381
distribute_parallel_for_200_400_700,200,700,0,1400,2804200,842101,700,2880000,1120000,841400,280000,561400,280000,0,0,0,281400,938469,0.9385
distribute_parallel_for_200_400_800,200,800,0,1600,3204800,962401,800,3200000,1280000,961600,320000,641600,320000,0,0,0,321600,1021649,1.0216
distribute_parallel_for_200_400_900,200,900,0,1800,3605400,1082701,900,3520000,1440000,1081800,360000,721800,360000,0,0,0,361800,1110910,1.1109
distribute_parallel_for_200_500_100,200,100,0,200,500600,150301,100,1200000,160000,150200,50000,100200,50000,0,0,0,50200,158926,0.1589
distribute_parallel_for_200_500_200,200,200,0,400,1001200,300601,200,1600000,320000,300400,100000,200400,100000,0,0,0,100400,318908,0.3189
distribute_parallel_for_200_500_300,200,300,0,600,1501800,450901,300,2000000,480000,450600,150000,300600,150000,0,0,0,150600,477024,0.4770
distribute_parallel_for_200_500_400,200,400,0,800,2002400,601201,400,2400000,640000,600800,200000,400800,200000,0,0,0,200800,615105,0.6151
distribute_parallel_for_200_500_500,200,500,0,1000,2503000,751501,500,2800000,800000,751000,250000,501000,250000,0,0,0,251000,770698,0.7707
distribute_parallel_for_200_500_600,200,600,0,1200,3003600,901801,600,3200000,960000,901200,300000,601200,300000,0,0,0,301200,922418,0.9224
distribute_parallel_for_200_500_700,200,700,0,1400,3504200,1052101,700,3600000,1120000,1051400,350000,701400,350000,0,0,0,351400,1080795,1.0808
distribute_parallel_for_200_500_800,200,800,0,1600,4004800,1202401,800,4000000,1280000,1201600,400000,801600,400000,0,0,0,401600,1231092,1.2311
distribute_parallel_for_200_500_900,200,900,0,1800,4505400,1352701,900,4400000,1440000,1351800,450000,901800,450000,0,0,0,451800,1382376,1.3824
distribute_parallel_for_200_600_100,200,100,0,200,600600,180301,100,1440000,160000,180200,60000,120200,60000,0,0,0,60200,186690,0.1867
distribute_parallel_for_200_600_200,200,200,0,400,1201200,360601,200,1920000,320000,360400,120000,240400,120000,0,0,0,120400,369856,0.3699
distribute_parallel_for_200_600_300,200,300,0,600,1801800,540901,300,2400000,480000,540600,180000,360600,180000,0,0,0,180600,553441,0.5534
distribute_parallel_for_200_600_400,200,400,0,800,2402400,721201,400,2880000,640000,720800,240000,480800,240000,0,0,0,240800,736719,0.7367
distribute_parallel_for_200_600_500,200,500,0,1000,3003000,901501,500,3360000,800000,901000,300000,601000,300000,0,0,0,301000,920238,0.9202
distribute_parallel_for_200_600_600,200,600,0,1200,3603600,1081801,600,3840000,960000,1081200,360000,721200,360000,0,0,0,361200,1104976,1.1050
distribute_parallel_for_200_600_700,200,700,0,1400,4204200,1262101,700,4320000,1120000,1261400,420000,841400,420000,0,0,0,421400,1289911,1.2899
distribute_parallel_for_200_600_800,200,800,0,1600,4804800,1442401,800,4800000,1280000,1441600,480000,961600,480000,0,0,0,481600,1474746,1.4747
distribute_parallel_for_200_600_900,200,900,0,1800,5405400,1622701,900,5280000,1440000,1621800,540000,1081800,540000,0,0,0,541800,1661747,1.6617
distribute_parallel_for_200_700_100,200,100,0,200,700600,210301,100,1680000,160000,210200,70000,140200,70000,0,0,0,70200,216935,0.2169
distribute_parallel_for_200_700_200,200,200,0,400,1401200,420601,200,2240000,320000,420400,140000,280400,140000,0,0,0,140400,430686,0.4307
distribute_parallel_for_200_700_300,200,300,0,600,2101800,630901,300,2800000,480000,630600,210000,420600,210000,0,0,0,210600,644830,0.6448
distribute_parallel_for_200_700_400,200,400,0,800,2802400,841201,400,3360000,640000,840800,280000,560800,280000,0,0,0,280800,892456,0.8925
distribute_parallel_for_200_700_500,200,500,0,1000,3503000,1051501,500,3920000,800000,1051000,350000,701000,350000,0,0,0,351000,1080816,1.0808
distribute_parallel_for_200_700_600,200,600,0,1200,4203600,1261801,600,4480000,960000,1261200,420000,841200,420000,0,0,0,421200,1295058,1.2951
distribute_parallel_for_200_700_700,200,700,0,1400,4904200,1472101,700,5040000,1120000,1471400,490000,981400,490000,0,0,0,491400,1513923,1.5139
distribute_parallel_for_200_700_800,200,800,0,1600,5604800,1682401,800,5600000,1280000,1681600,560000,1121600,560000,0,0,0,561600,1732781,1.7328
distribute_parallel_for_200_700_900,200,900,0,1800,6305400,1892701,900,6160000,1440000,1891800,630000,1261800,630000,0,0,0,631800,1949290,1.9493
distribute_parallel_for_200_800_100,200,100,0,200,800600,240301,100,1920000,160000,240200,80000,160200,80000,0,0,0,80200,247703,0.2477
distribute_parallel_for_200_800_200,200,200,0,400,1601200,480601,200,2560000,320000,480400,160000,320400,160000,0,0,0,160400,498048,0.4980
distribute_parallel_for_200_800_300,200,300,0,600,2401800,720901,300,3200000,480000,720600,240000,480600,240000,0,0,0,240600,750931,0.7509
distribute_parallel_for_200_800_400,200,400,0,800,3202400,961201,400,3840000,640000,960800,320000,640800,320000,0,0,0,320800,1000647,1.0006
distribute_parallel_for_200_800_500,200,500,0,1000,4003000,1201501,500,4480000,800000,1201000,400000,801000,400000,0,0,0,401000,1253754,1.2538
distribute_parallel_for_200_800_600,200,600,0,1200,4803600,1441801,600,5120000,960000,1441200,480000,961200,480000,0,0,0,481200,1505229,1.5052
distribute_parallel_for_200_800_700,200,700,0,1400,5604200,1682101,700,5760000,1120000,1681400,560000,1121400,560000,0,0,0,561400,1755734,1.7557
distribute_parallel_for_200_800_800,200,800,0,1600,6404800,1922401,800,6400000,1280000,1921600,640000,1281600,640000,0,0,0,641600,2005301,2.0053
distribute_parallel_for_200_800_900,200,900,0,1800,7205400,2162701,900,7040000,1440000,2161800,720000,1441800,720000,0,0,0,721800,2260636,2.2606
distribute_parallel_for_200_900_100,200,100,0,200,900600,270301,100,2160000,160000,270200,90000,180200,90000,0,0,0,90200,284817,0.2848
distribute_parallel_for_200_900_200,200,200,0,400,1801200,540601,200,2880000,320000,540400,180000,360400,180000,0,0,0,180400,572182,0.5722
distribute_parallel_for_200_900_300,200,300,0,600,2701800,810901,300,3600000,480000,810600,270000,540600,270000,0,0,0,270600,858614,0.8586
distribute_parallel_for_200_900_400,200,400,0,800,3602400,1081201,400,4320000,640000,1080800,360000,720800,360000,0,0,0,360800,1150079,1.1501
distribute_parallel_for_200_900_500,200,500,0,1000,4503000,1351501,500,5040000,800000,1351000,450000,901000,450000,0,0,0,451000,1436026,1.4360
distribute_parallel_for_200_900_600,200,600,0,1200,5403600,1621801,600,5760000,960000,1621200,540000,1081200,540000,0,0,0,541200,1720422,1.7204
distribute_parallel_for_200_900_700,200,700,0,1400,6304200,1892101,700,6480000,1120000,1891400,630000,1261400,630000,0,0,0,631400,2008258,2.0083
distribute_parallel_for_200_900_800,200,800,0,1600,7204800,2162401,800,7200000,1280000,2161600,720000,1441600,720000,0,0,0,721600,2296766,2.2968
distribute_parallel_for_200_900_900,200,900,0,1800,8105400,2432701,900,7920000,1440000,2431800,810000,1621800,810000,0,0,0,811800,2585232,2.5852
distribute_parallel_for_2150_2150_2150,2150,2150,0,4300,46237900,13873951,2150,73960000,36980000,13871800,4622500,9249300,4622500,0,0,0,4626800,17084609,17.0846
distribute_parallel_for_2150_2150_2250,2150,2250,0,4500,48388500,14519251,2250,75680000,38700000,14517000,4837500,9679500,4837500,0,0,0,4842000,17631409,17.6314
distribute_parallel_for_2150_2150_2350,2150,2350,0,4700,50539100,15164551,2350,77400000,40420000,15162200,5052500,10109700,5052500,0,0,0,5057200,21153762,21.1538
distribute_parallel_for_2150_2150_2450,2150,2450,0,4900,52689700,15809851,2450,79120000,42140000,15807400,5267500,10539900,5267500,0,0,0,5272400,19602045,19.6020
distribute_parallel_for_2150_2150_2550,2150,2550,0,5100,54840300,16455151,2550,80840000,43860000,16452600,5482500,10970100,5482500,0,0,0,5487600,20338514,20.3385
distribute_parallel_for_2150_2150_2650,2150,2650,0,5300,56990900,17100451,2650,82560000,45580000,17097800,5697500,11400300,5697500,0,0,0,5702800,20841041,20.8410
distribute_parallel_for_2150_2150_2750,2150,2750,0,5500,59141500,17745751,2750,84280000,47300000,17743000,5912500,11830500,5912500,0,0,0,5918000,21530491,21.5305
distribute_parallel_for_2150_2150_2850,2150,2850,0,5700,61292100,18391051,2850,86000000,49020000,18388200,6127500,12260700,6127500,0,0,0,6133200,25995724,25.9957
distribute_parallel_for_2150_2150_2950,2150,2950,0,5900,63442700,19036351,2950,87720000,50740000,19033400,6342500,12690900,6342500,0,0,0,6348400,27218774,27.2188
distribute_parallel_for_2150_2250_2150,2150,2150,0,4300,48387900,14518951,2150,77400000,36980000,14516800,4837500,9679300,4837500,0,0,0,4841800,17672482,17.6725
distribute_parallel_for_2150_2250_2250,2150,2250,0,4500,50638500,15194251,2250,79200000,38700000,15192000,5062500,10129500,5062500,0,0,0,5067000,21692182,21.6922
distribute_parallel_for_2150_2250_2350,2150,2350,0,4700,52889100,15869551,2350,81000000,40420000,15867200,5287500,10579700,5287500,0,0,0,5292200,22687445,22.6874
distribute_parallel_for_2150_2250_2450,2150,2450,0,4900,55139700,16544851,2450,82800000,42140000,16542400,5512500,11029900,5512500,0,0,0,5517400,20557200,20.5572
distribute_parallel_for_2150_2250_2550,2150,2550,0,5100,57390300,17220151,2550,84600000,43860000,17217600,5737500,11480100,5737500,0,0,0,5742600,24556522,24.5565
distribute_parallel_for_2150_2250_2650,2150,2650,0,5300,59640900,17895451,2650,86400000,45580000,17892800,5962500,11930300,5962500,0,0,0,5967800,21744398,21.7444
distribute_parallel_for_2150_2250_2750,2150,2750,0,5500,61891500,18570751,2750,88200000,47300000,18568000,6187500,12380500,6187500,0,0,0,6193000,23016008,23.0160
distribute_parallel_for_2150_2250_2850,2150,2850,0,5700,64142100,19246051,2850,90000000,49020000,19243200,6412500,12830700,6412500,0,0,0,6418200,23086834,23.0868
distribute_parallel_for_2150_2250_2950,2150,2950,0,5900,66392700,19921351,2950,91800000,50740000,19918400,6637500,13280900,6637500,0,0,0,6643400,24450794,24.4508
distribute_parallel_for_2150_2350_2150,2150,2150,0,4300,50537900,15163951,2150,80840000,36980000,15161800,5052500,10109300,5052500,0,0,0,5056800,19001043,19.0010
distribute_parallel_for_2150_2350_2250,2150,2250,0,4500,52888500,15869251,2250,82720000,38700000,15867000,5287500,10579500,5287500,0,0,0,5292000,19745961,19.7460
distribute_parallel_for_2150_2350_2350,2150,2350,0,4700,55239100,16574551,2350,84600000,40420000,16572200,5522500,11049700,5522500,0,0,0,5527200,23650575,23.6506
distribute_parallel_for_2150_2350_2450,2150,2450,0,4900,57589700,17279851,2450,86480000,42140000,17277400,5757500,11519900,5757500,0,0,0,5762400,24694879,24.6949
distribute_parallel_for_2150_2350_2550,2150,2550,0,5100,59940300,17985151,2550,88360000,43860000,17982600,5992500,11990100,5992500,0,0,0,5997600,22053396,22.0534
distribute_parallel_for_2150_2350_2650,2150,2650,0,5300,62290900,18690451,2650,90240000,45580000,18687800,6227500,12460300,6227500,0,0,0,6232800,26342918,26.3429
distribute_parallel_for_2150_2350_2750,2150,2750,0,5500,64641500,19395751,2750,92120000,47300000,19393000,6462500,12930500,6462500,0,0,0,6468000,24303604,24.3036
distribute_parallel_for_2150_2350_2850,2150,2850,0,5700,66992100,20101051,2850,94000000,49020000,20098200,6697500,13400700,6697500,0,0,0,6703200,24270850,24.2708
distribute_parallel_for_2150_2350_2950,2150,2950,0,5900,69342700,20806351,2950,95880000,50740000,20803400,6932500,13870900,6932500,0,0,0,6938400,25208858,25.2089
distribute_parallel_for_2150_2450_2150,2150,2150,0,4300,52687900,15808951,2150,84280000,36980000,15806800,5267500,10539300,5267500,0,0,0,5271800,19525471,19.5255
distribute_parallel_for_2150_2450_2250,2150,2250,0,4500,55138500,16544251,2250,86240000,38700000,16542000,5512500,11029500,5512500,0,0,0,5517000,20479669,20.4797
distribute_parallel_for_2150_2450_2350,2150,2350,0,4700,57589100,17279551,2350,88200000,40420000,17277200,5757500,11519700,5757500,0,0,0,5762200,21334638,21.3346
distribute_parallel_for_2150_2450_2450,2150,2450,0,4900,60039700,18014851,2450,90160000,42140000,18012400,6002500,12009900,6002500,0,0,0,6007400,22238924,22.2389
distribute_parallel_for_2150_2450_2550,2150,2550,0,5100,62490300,18750151,2550,92120000,43860000,18747600,6247500,12500100,6247500,0,0,0,6252600,26545942,26.5459
distribute_parallel_for_2150_2450_2650,2150,2650,0,5300,64940900,19485451,2650,94080000,45580000,19482800,6492500,12990300,6492500,0,0,0,6497800,24055250,24.0553
distribute_parallel_for_2150_2450_2750,2150,2750,0,5500,67391500,20220751,2750,96040000,47300000,20218000,6737500,13480500,6737500,0,0,0,6743000,24992196,24.9922
distribute_parallel_for_2150_2450_2850,2150,2850,0,5700,69842100,20956051,2850,98000000,49020000,20953200,6982500,13970700,6982500,0,0,0,6988200,25241502,25.2415
distribute_parallel_for_2150_2450_2950,2150,2950,0,5900,72292700,21691351,2950,99960000,50740000,21688400,7227500,14460900,7227500,0,0,0,7233400,30610982,30.6110
distribute_parallel_for_2150_2550_2150,2150,2150,0,4300,54837900,16453951,2150,87720000,36980000,16451800,5482500,10969300,5482500,0,0,0,5486800,20181239,20.1812
distribute_parallel_for_2150_2550_2250,2150,2250,0,4500,57388500,17219251,2250,89760000,38700000,17217000,5737500,11479500,5737500,0,0,0,5742000,24645073,24.6451
distribute_parallel_for_2150_2550_2350,2150,2350,0,4700,59939100,17984551,2350,91800000,40420000,17982200,5992500,11989700,5992500,0,0,0,5997200,21944426,21.9444
distribute_parallel_for_2150_2550_2450,2150,2450,0,4900,62489700,18749851,2450,93840000,42140000,18747400,6247500,12499900,6247500,0,0,0,6252400,22803298,22.8033
distribute_parallel_for_2150_2550_2550,2150,2550,0,5100,65040300,19515151,2550,95880000,43860000,19512600,6502500,13010100,6502500,0,0,0,6507600,23969974,23.9700
distribute_parallel_for_2150_2550_2650,2150,2650,0,5300,67590900,20280451,2650,97920000,45580000,20277800,6757500,13520300,6757500,0,0,0,6762800,24796546,24.7965
distribute_parallel_for_2150_2550_2750,2150,2750,0,5500,70141500,21045751,2750,99960000,47300000,21043000,7012500,14030500,7012500,0,0,0,7018000,25900233,25.9002
distribute_parallel_for_2150_2550_2850,2150,2850,0,5700,72692100,21811051,2850,102000000,49020000,21808200,7267500,14540700,7267500,0,0,0,7273200,26547783,26.5478
distribute_parallel_for_2150_2550_2950,2150,2950,0,5900,75242700,22576351,2950,104040000,50740000,22573400,7522500,15050900,7522500,0,0,0,7528400,27539450,27.5394
distribute_parallel_for_2150_2650_2150,2150,2150,0,4300,56987900,17098951,2150,91160000,36980000,17096800,5697500,11399300,5697500,0,0,0,5701800,20744046,20.7440
distribute_parallel_for_2150_2650_2250,2150,2250,0,4500,59638500,17894251,2250,93280000,38700000,17892000,5962500,11929500,5962500,0,0,0,5967000,22379819,22.3798
distribute_parallel_for_2150_2650_2350,2150,2350,0,4700,62289100,18689551,2350,95400000,40420000,18687200,6227500,12459700,6227500,0,0,0,6232200,23134469,23.1345
distribute_parallel_for_2150_2650_2450,2150,2450,0,4900,64939700,19484851,2450,97520000,42140000,19482400,6492500,12989900,6492500,0,0,0,6497400,24099436,24.0994
distribute_parallel_for_2150_2650_2550,2150,2550,0,5100,67590300,20280151,2550,99640000,43860000,20277600,6757500,13520100,6757500,0,0,0,6762600,24767649,24.7676
distribute_parallel_for_2150_2650_2650,2150,2650,0,5300,70240900,21075451,2650,101760000,45580000,21072800,7022500,14050300,7022500,0,0,0,7027800,25824387,25.8244
distribute_parallel_for_2150_2650_2750,2150,2750,0,5500,72891500,21870751,2750,103880000,47300000,21868000,7287500,14580500,7287500,0,0,0,7293000,31172378,31.1724
distribute_parallel_for_2150_2650_2850,2150,2850,0,5700,75542100,22666051,2850,106000000,49020000,22663200,7552500,15110700,7552500,0,0,0,7558200,28001871,28.0019
distribute_parallel_for_2150_2650_2950,2150,2950,0,5900,78192700,23461351,2950,108120000,50740000,23458400,7817500,15640900,7817500,0,0,0,7823400,33542855,33.5429
distribute_parallel_for_2150_2750_2150,2150,2150,0,4300,59137900,17743951,2150,94600000,36980000,17741800,5912500,11829300,5912500,0,0,0,5916800,21737413,21.7374
distribute_parallel_for_2150_2750_2250,2150,2250,0,4500,61888500,18569251,2250,96800000,38700000,18567000,6187500,12379500,6187500,0,0,0,6192000,22798608,22.7986
distribute_parallel_for_2150_2750_2350,2150,2350,0,4700,64639100,19394551,2350,99000000,40420000,19392200,6462500,12929700,6462500,0,0,0,6467200,23548325,23.5483
distribute_parallel_for_2150_2750_2450,2150,2450,0,4900,67389700,20219851,2450,101200000,42140000,20217400,6737500,13479900,6737500,0,0,0,6742400,24885674,24.8857
distribute_parallel_for_2150_2750_2550,2150,2550,0,5100,70140300,21045151,2550,103400000,43860000,21042600,7012500,14030100,7012500,0,0,0,7017600,26054042,26.0540
distribute_parallel_for_2150_2750_2650,2150,2650,0,5300,72890900,21870451,2650,105600000,45580000,21867800,7287500,14580300,7287500,0,0,0,7292800,27085172,27.0852
distribute_parallel_for_2150_2750_2750,2150,2750,0,5500,75641500,22695751,2750,107800000,47300000,22693000,7562500,15130500,7562500,0,0,0,7568000,27497882,27.4979
distribute_parallel_for_2150_2750_2850,2150,2850,0,5700,78392100,23521051,2850,110000000,49020000,23518200,7837500,15680700,7837500,0,0,0,7843200,28264304,28.2643
distribute_parallel_for_2150_2750_2950,2150,2950,0,5900,81142700,24346351,2950,112200000,50740000,24343400,8112500,16230900,8112500,0,0,0,8118400,29374359,29.3744
distribute_parallel_for_2150_2850_2150,2150,2150,0,4300,61287900,18388951,2150,98040000,36980000,18386800,6127500,12259300,6127500,0,0,0,6131800,26002008,26.0020
distribute_parallel_for_2150_2850_2250,2150,2250,0,4500,64138500,19244251,2250,100320000,38700000,19242000,6412500,12829500,6412500,0,0,0,6417000,23952427,23.9524
distribute_parallel_for_2150_2850_2350,2150,2350,0,4700,66989100,20099551,2350,102600000,40420000,20097200,6697500,13399700,6697500,0,0,0,6702200,24281768,24.2818
distribute_parallel_for_2150_2850_2450,2150,2450,0,4900,69839700,20954851,2450,104880000,42140000,20952400,6982500,13969900,6982500,0,0,0,6987400,25814770,25.8148
distribute_parallel_for_2150_2850_2550,2150,2550,0,5100,72690300,21810151,2550,107160000,43860000,21807600,7267500,14540100,7267500,0,0,0,7272600,30788979,30.7890
distribute_parallel_for_2150_2850_2650,2150,2650,0,5300,75540900,22665451,2650,109440000,45580000,22662800,7552500,15110300,7552500,0,0,0,7557800,32312033,32.3120
distribute_parallel_for_2150_2850_2750,2150,2750,0,5500,78391500,23520751,2750,111720000,47300000,23518000,7837500,15680500,7837500,0,0,0,7843000,28675883,28.6759
distribute_parallel_for_2150_2850_2850,2150,2850,0,5700,81242100,24376051,2850,114000000,49020000,24373200,8122500,16250700,8122500,0,0,0,8128200,29248840,29.2488
distribute_parallel_for_2150_2850_2950,2150,2950,0,5900,84092700,25231351,2950,116280000,50740000,25228400,8407500,16820900,8407500,0,0,0,8413400,31029425,31.0294
distribute_parallel_for_2150_2950_2150,2150,2150,0,4300,63437900,19033951,2150,101480000,36980000,19031800,6342500,12689300,6342500,0,0,0,6346800,23503622,23.5036
distribute_parallel_for_2150_2950_2250,2150,2250,0,4500,66388500,19919251,2250,103840000,38700000,19917000,6637500,13279500,6637500,0,0,0,6642000,24839686,24.8397
distribute_parallel_for_2150_2950_2350,2150,2350,0,4700,69339100,20804551,2350,106200000,40420000,20802200,6932500,13869700,6932500,0,0,0,6937200,27630307,27.6303
distribute_parallel_for_2150_2950_2450,2150,2450,0,4900,72289700,21689851,2450,108560000,42140000,21687400,7227500,14459900,7227500,0,0,0,7232400,30903432,30.9034
distribute_parallel_for_2150_2950_2550,2150,2550,0,5100,75240300,22575151,2550,110920000,43860000,22572600,7522500,15050100,7522500,0,0,0,7527600,27656300,27.6563
distribute_parallel_for_2150_2950_2650,2150,2650,0,5300,78190900,23460451,2650,113280000,45580000,23457800,7817500,15640300,7817500,0,0,0,7822800,28774748,28.7747
distribute_parallel_for_2150_2950_2750,2150,2750,0,5500,81141500,24345751,2750,115640000,47300000,24343000,8112500,16230500,8112500,0,0,0,8118000,30520662,30.5207
distribute_parallel_for_2150_2950_2850,2150,2850,0,5700,84092100,25231051,2850,118000000,49020000,25228200,8407500,16820700,8407500,0,0,0,8413200,35146554,35.1466
distribute_parallel_for_2150_2950_2950,2150,2950,0,5900,87042700,26116351,2950,120360000,50740000,26113400,8702500,17410900,8702500,0,0,0,8708400,31879741,31.8797
distribute_parallel_for_2200_1200_1200,2200,1200,0,2400,14407200,4323601,1200,32640000,21120000,4322400,1440000,2882400,1440000,0,0,0,1442400,6308422,6.3084
distribute_parallel_for_2200_1200_1700,2200,1700,0,3400,20410200,6125101,1700,37440000,29920000,6123400,2040000,4083400,2040000,0,0,0,2043400,7457968,7.4580
distribute_parallel_for_2200_1200_2200,2200,2200,0,4400,26413200,7926601,2200,42240000,38720000,7924400,2640000,5284400,2640000,0,0,0,2644400,11437980,11.4380
distribute_parallel_for_2200_1200_2700,2200,2700,0,5400,32416200,9728101,2700,47040000,47520000,9725400,3240000,6485400,3240000,0,0,0,3245400,11949167,11.9492
distribute_parallel_for_2200_1200_3200,2200,3200,0,6400,38419200,11529601,3200,51840000,56320000,11526400,3840000,7686400,3840000,0,0,0,3846400,14359674,14.3597
distribute_parallel_for_2200_1200_3700,2200,3700,0,7400,44422200,13331101,3700,56640000,65120000,13327400,4440000,8887400,4440000,0,0,0,4447400,19162601,19.1626
distribute_parallel_for_2200_1200_4200,2200,4200,0,8400,50425200,15132601,4200,61440000,73920000,15128400,5040000,10088400,5040000,0,0,0,5048400,21752132,21.7521
distribute_parallel_for_2200_1700_1200,2200,1200,0,2400,20407200,6123601,1200,46240000,21120000,6122400,2040000,4082400,2040000,0,0,0,2042400,8929375,8.9294
distribute_parallel_for_2200_1700_1700,2200,1700,0,3400,28910200,8675101,1700,53040000,29920000,8673400,2890000,5783400,2890000,0,0,0,2893400,10746478,10.7465
distribute_parallel_for_2200_1700_2200,2200,2200,0,4400,37413200,11226601,2200,59840000,38720000,11224400,3740000,7484400,3740000,0,0,0,3744400,16159679,16.1597
distribute_parallel_for_2200_1700_2700,2200,2700,0,5400,45916200,13778101,2700,66640000,47520000,13775400,4590000,9185400,4590000,0,0,0,4595400,19885007,19.8850
distribute_parallel_for_2200_1700_3200,2200,3200,0,6400,54419200,16329601,3200,73440000,56320000,16326400,5440000,10886400,5440000,0,0,0,5446400,23427677,23.4277
distribute_parallel_for_2200_1700_3700,2200,3700,0,7400,62922200,18881101,3700,80240000,65120000,18877400,6290000,12587400,6290000,0,0,0,6297400,27037969,27.0380
distribute_parallel_for_2200_1700_4200,2200,4200,0,8400,71425200,21432601,4200,87040000,73920000,21428400,7140000,14288400,7140000,0,0,0,7148400,30703211,30.7032
distribute_parallel_for_2200_2200_1200,2200,1200,0,2400,26407200,7923601,1200,59840000,21120000,7922400,2640000,5282400,2640000,0,0,0,2642400,11452377,11.4524
distribute_parallel_for_2200_2200_1700,2200,1700,0,3400,37410200,11225101,1700,68640000,29920000,11223400,3740000,7483400,3740000,0,0,0,3743400,16174449,16.1744
distribute_parallel_for_2200_2200_2200,2200,2200,0,4400,48413200,14526601,2200,77440000,38720000,14524400,4840000,9684400,4840000,0,0,0,4844400,20853516,20.8535
distribute_parallel_for_2200_2200_2700,2200,2700,0,5400,59416200,17828101,2700,86240000,47520000,17825400,5940000,11885400,5940000,0,0,0,5945400,25548014,25.5480
distribute_parallel_for_2200_2200_3200,2200,3200,0,6400,70419200,21129601,3200,95040000,56320000,21126400,7040000,14086400,7040000,0,0,0,7046400,29671917,29.6719
distribute_parallel_for_2200_2200_3700,2200,3700,0,7400,81422200,24431101,3700,103840000,65120000,24427400,8140000,16287400,8140000,0,0,0,8147400,34944866,34.9449
distribute_parallel_for_2200_2200_4200,2200,4200,0,8400,92425200,27732601,4200,112640000,73920000,27728400,9240000,18488400,9240000,0,0,0,9248400,39744640,39.7446
distribute_parallel_for_2200_2700_1200,2200,1200,0,2400,32407200,9723601,1200,73440000,21120000,9722400,3240000,6482400,3240000,0,0,0,3242400,14014547,14.0145
distribute_parallel_for_2200_2700_1700,2200,1700,0,3400,45910200,13775101,1700,84240000,29920000,13773400,4590000,9183400,4590000,0,0,0,4593400,19802921,19.8029
distribute_parallel_for_2200_2700_2200,2200,2200,0,4400,59413200,17826601,2200,95040000,38720000,17824400,5940000,11884400,5940000,0,0,0,5944400,25316649,25.3166
distribute_parallel_for_2200_2700_2700,2200,2700,0,5400,72916200,21878101,2700,105840000,47520000,21875400,7290000,14585400,7290000,0,0,0,7295400,31387169,31.3872
distribute_parallel_for_2200_2700_3200,2200,3200,0,6400,86419200,25929601,3200,116640000,56320000,25926400,8640000,17286400,8640000,0,0,0,8646400,37140452,37.1405
distribute_parallel_for_2200_2700_3700,2200,3700,0,7400,99922200,29981101,3700,127440000,65120000,29977400,9990000,19987400,9990000,0,0,0,9997400,42919168,42.9192
distribute_parallel_for_2200_2700_4200,2200,4200,0,8400,113425200,34032601,4200,138240000,73920000,34028400,11340000,22688400,11340000,0,0,0,11348400,48640793,48.6408
distribute_parallel_for_2200_3200_1200,2200,1200,0,2400,38407200,11523601,1200,87040000,21120000,11522400,3840000,7682400,3840000,0,0,0,3842400,16619356,16.6194
distribute_parallel_for_2200_3200_1700,2200,1700,0,3400,54410200,16325101,1700,99840000,29920000,16323400,5440000,10883400,5440000,0,0,0,5443400,23441955,23.4420
distribute_parallel_for_2200_3200_2200,2200,2200,0,4400,70413200,21126601,2200,112640000,38720000,21124400,7040000,14084400,7040000,0,0,0,7044400,30253440,30.2534
distribute_parallel_for_2200_3200_2700,2200,2700,0,5400,86416200,25928101,2700,125440000,47520000,25925400,8640000,17285400,8640000,0,0,0,8645400,37174695,37.1747
distribute_parallel_for_2200_3200_3200,2200,3200,0,6400,102419200,30729601,3200,138240000,56320000,30726400,10240000,20486400,10240000,0,0,0,10246400,43943548,43.9435
distribute_parallel_for_2200_3200_3700,2200,3700,0,7400,118422200,35531101,3700,151040000,65120000,35527400,11840000,23687400,11840000,0,0,0,11847400,50778108,50.7781
distribute_parallel_for_2200_3200_4200,2200,4200,0,8400,134425200,40332601,4200,163840000,73920000,40328400,13440000,26888400,13440000,0,0,0,13448400,57676626,57.6766
distribute_parallel_for_2200_3700_1200,2200,1200,0,2400,44407200,13323601,1200,100640000,21120000,13322400,4440000,8882400,4440000,0,0,0,4442400,19168601,19.1686
distribute_parallel_for_2200_3700_1700,2200,1700,0,3400,62910200,18875101,1700,115440000,29920000,18873400,6290000,12583400,6290000,0,0,0,6293400,27108253,27.1083
distribute_parallel_for_2200_3700_2200,2200,2200,0,4400,81413200,24426601,2200,130240000,38720000,24424400,8140000,16284400,8140000,0,0,0,8144400,35105910,35.1059
distribute_parallel_for_2200_3700_2700,2200,2700,0,5400,99916200,29978101,2700,145040000,47520000,29975400,9990000,19985400,9990000,0,0,0,9995400,42992874,42.9929
distribute_parallel_for_2200_3700_3200,2200,3200,0,6400,118419200,35529601,3200,159840000,56320000,35526400,11840000,23686400,11840000,0,0,0,11846400,50808364,50.8084
distribute_parallel_for_2200_3700_3700,2200,3700,0,7400,136922200,41081101,3700,174640000,65120000,41077400,13690000,27387400,13690000,0,0,0,13697400,58809618,58.8096
distribute_parallel_for_2200_3700_4200,2200,4200,0,8400,155425200,46632601,4200,189440000,73920000,46628400,15540000,31088400,15540000,0,0,0,15548400,56880477,56.8805
distribute_parallel_for_2250_1250_1250,2250,1250,0,2500,15632500,4691251,1250,35000000,22500000,4690000,1562500,3127500,1562500,0,0,0,1565000,5769583,5.7696
distribute_parallel_for_2250_1250_1750,2250,1750,0,3500,21885500,6567751,1750,40000000,31500000,6566000,2187500,4378500,2187500,0,0,0,2191000,7820271,7.8203
distribute_parallel_for_2250_1250_2250,2250,2250,0,4500,28138500,8444251,2250,45000000,40500000,8442000,2812500,5629500,2812500,0,0,0,2817000,10381432,10.3814
distribute_parallel_for_2250_1250_2750,2250,2750,0,5500,34391500,10320751,2750,50000000,49500000,10318000,3437500,6880500,3437500,0,0,0,3443000,12385286,12.3853
distribute_parallel_for_2250_1250_3250,2250,3250,0,6500,40644500,12197251,3250,55000000,58500000,12194000,4062500,8131500,4062500,0,0,0,4069000,15196745,15.1967
distribute_parallel_for_2250_1250_3750,2250,3750,0,7500,46897500,14073751,3750,60000000,67500000,14070000,4687500,9382500,4687500,0,0,0,4695000,17046569,17.0466
distribute_parallel_for_2250_1250_4250,2250,4250,0,8500,53150500,15950251,4250,65000000,76500000,15946000,5312500,10633500,5312500,0,0,0,5321000,19517928,19.5179
distribute_parallel_for_2250_1750_1250,2250,1250,0,2500,21882500,6566251,1250,49000000,22500000,6565000,2187500,4377500,2187500,0,0,0,2190000,8040513,8.0405
distribute_parallel_for_2250_1750_1750,2250,1750,0,3500,30635500,9192751,1750,56000000,31500000,9191000,3062500,6128500,3062500,0,0,0,3066000,11053531,11.0535
distribute_parallel_for_2250_1750_2250,2250,2250,0,4500,39388500,11819251,2250,63000000,40500000,11817000,3937500,7879500,3937500,0,0,0,3942000,14452691,14.4527
distribute_parallel_for_2250_1750_2750,2250,2750,0,5500,48141500,14445751,2750,70000000,49500000,14443000,4812500,9630500,4812500,0,0,0,4818000,17559524,17.5595
distribute_parallel_for_2250_1750_3250,2250,3250,0,6500,56894500,17072251,3250,77000000,58500000,17069000,5687500,11381500,5687500,0,0,0,5694000,23235198,23.2352
distribute_parallel_for_2250_1750_3750,2250,3750,0,7500,65647500,19698751,3750,84000000,67500000,19695000,6562500,13132500,6562500,0,0,0,6570000,27723208,27.7232
distribute_parallel_for_2250_1750_4250,2250,4250,0,8500,74400500,22325251,4250,91000000,76500000,22321000,7437500,14883500,7437500,0,0,0,7446000,27142980,27.1430
distribute_parallel_for_2250_2150_2150,2250,2150,0,4300,46237900,13873951,2150,75680000,38700000,13871800,4622500,9249300,4622500,0,0,0,4626800,19654282,19.6543
distribute_parallel_for_2250_2150_2250,2250,2250,0,4500,48388500,14519251,2250,77400000,40500000,14517000,4837500,9679500,4837500,0,0,0,4842000,17537318,17.5373
distribute_parallel_for_2250_2150_2350,2250,2350,0,4700,50539100,15164551,2350,79120000,42300000,15162200,5052500,10109700,5052500,0,0,0,5057200,21426872,21.4269
distribute_parallel_for_2250_2150_2450,2250,2450,0,4900,52689700,15809851,2450,80840000,44100000,15807400,5267500,10539900,5267500,0,0,0,5272400,19384014,19.3840
distribute_parallel_for_2250_2150_2550,2250,2550,0,5100,54840300,16455151,2550,82560000,45900000,16452600,5482500,10970100,5482500,0,0,0,5487600,20059413,20.0594
distribute_parallel_for_2250_2150_2650,2250,2650,0,5300,56990900,17100451,2650,84280000,47700000,17097800,5697500,11400300,5697500,0,0,0,5702800,20534542,20.5345
distribute_parallel_for_2250_2150_2750,2250,2750,0,5500,59141500,17745751,2750,86000000,49500000,17743000,5912500,11830500,5912500,0,0,0,5918000,21760343,21.7603
distribute_parallel_for_2250_2150_2850,2250,2850,0,5700,61292100,18391051,2850,87720000,51300000,18388200,6127500,12260700,6127500,0,0,0,6133200,22479959,22.4800
distribute_parallel_for_2250_2150_2950,2250,2950,0,5900,63442700,19036351,2950,89440000,53100000,19033400,6342500,12690900,6342500,0,0,0,6348400,23529454,23.5295
distribute_parallel_for_2250_2250_1250,2250,1250,0,2500,28132500,8441251,1250,63000000,22500000,8440000,2812500,5627500,2812500,0,0,0,2815000,10519259,10.5193
distribute_parallel_for_2250_2250_1750,2250,1750,0,3500,39385500,11817751,1750,72000000,31500000,11816000,3937500,7878500,3937500,0,0,0,3941000,16686827,16.6868
distribute_parallel_for_2250_2250_2150,2250,2150,0,4300,48387900,14518951,2150,79200000,38700000,14516800,4837500,9679300,4837500,0,0,0,4841800,20542964,20.5430
distribute_parallel_for_2250_2250_2250,2250,2250,0,4500,50638500,15194251,2250,81000000,40500000,15192000,5062500,10129500,5062500,0,0,0,5067000,18641934,18.6419
distribute_parallel_for_2250_2250_2350,2250,2350,0,4700,52889100,15869551,2350,82800000,42300000,15867200,5287500,10579700,5287500,0,0,0,5292200,19462546,19.4625
distribute_parallel_for_2250_2250_2450,2250,2450,0,4900,55139700,16544851,2450,84600000,44100000,16542400,5512500,11029900,5512500,0,0,0,5517400,23466999,23.4670
distribute_parallel_for_2250_2250_2550,2250,2550,0,5100,57390300,17220151,2550,86400000,45900000,17217600,5737500,11480100,5737500,0,0,0,5742600,24551550,24.5515
distribute_parallel_for_2250_2250_2650,2250,2650,0,5300,59640900,17895451,2650,88200000,47700000,17892800,5962500,11930300,5962500,0,0,0,5967800,21988940,21.9889
distribute_parallel_for_2250_2250_2750,2250,2750,0,5500,61891500,18570751,2750,90000000,49500000,18568000,6187500,12380500,6187500,0,0,0,6193000,22875886,22.8759
distribute_parallel_for_2250_2250_2850,2250,2850,0,5700,64142100,19246051,2850,91800000,51300000,19243200,6412500,12830700,6412500,0,0,0,6418200,23373715,23.3737
distribute_parallel_for_2250_2250_2950,2250,2950,0,5900,66392700,19921351,2950,93600000,53100000,19918400,6637500,13280900,6637500,0,0,0,6643400,28042331,28.0423
distribute_parallel_for_2250_2250_3250,2250,3250,0,6500,73144500,21947251,3250,99000000,58500000,21944000,7312500,14631500,7312500,0,0,0,7319000,26958709,26.9587
distribute_parallel_for_2250_2250_3750,2250,3750,0,7500,84397500,25323751,3750,108000000,67500000,25320000,8437500,16882500,8437500,0,0,0,8445000,35811034,35.8110
distribute_parallel_for_2250_2250_4250,2250,4250,0,8500,95650500,28700251,4250,117000000,76500000,28696000,9562500,19133500,9562500,0,0,0,9571000,34654331,34.6543
distribute_parallel_for_2250_2350_2150,2250,2150,0,4300,50537900,15163951,2150,82720000,38700000,15161800,5052500,10109300,5052500,0,0,0,5056800,18584136,18.5841
distribute_parallel_for_2250_2350_2250,2250,2250,0,4500,52888500,15869251,2250,84600000,40500000,15867000,5287500,10579500,5287500,0,0,0,5292000,19229998,19.2300
distribute_parallel_for_2250_2350_2350,2250,2350,0,4700,55239100,16574551,2350,86480000,42300000,16572200,5522500,11049700,5522500,0,0,0,5527200,23427421,23.4274
distribute_parallel_for_2250_2350_2450,2250,2450,0,4900,57589700,17279851,2450,88360000,44100000,17277400,5757500,11519900,5757500,0,0,0,5762400,20851531,20.8515
distribute_parallel_for_2250_2350_2550,2250,2550,0,5100,59940300,17985151,2550,90240000,45900000,17982600,5992500,11990100,5992500,0,0,0,5997600,22138955,22.1390
distribute_parallel_for_2250_2350_2650,2250,2650,0,5300,62290900,18690451,2650,92120000,47700000,18687800,6227500,12460300,6227500,0,0,0,6232800,26393912,26.3939
distribute_parallel_for_2250_2350_2750,2250,2750,0,5500,64641500,19395751,2750,94000000,49500000,19393000,6462500,12930500,6462500,0,0,0,6468000,27389496,27.3895
distribute_parallel_for_2250_2350_2850,2250,2850,0,5700,66992100,20101051,2850,95880000,51300000,20098200,6697500,13400700,6697500,0,0,0,6703200,28404160,28.4042
distribute_parallel_for_2250_2350_2950,2250,2950,0,5900,69342700,20806351,2950,97760000,53100000,20803400,6932500,13870900,6932500,0,0,0,6938400,24962121,24.9621
distribute_parallel_for_2250_2450_2150,2250,2150,0,4300,52687900,15808951,2150,86240000,38700000,15806800,5267500,10539300,5267500,0,0,0,5271800,19911354,19.9114
distribute_parallel_for_2250_2450_2250,2250,2250,0,4500,55138500,16544251,2250,88200000,40500000,16542000,5512500,11029500,5512500,0,0,0,5517000,23342632,23.3426
distribute_parallel_for_2250_2450_2350,2250,2350,0,4700,57589100,17279551,2350,90160000,42300000,17277200,5757500,11519700,5757500,0,0,0,5762200,21283350,21.2833
distribute_parallel_for_2250_2450_2450,2250,2450,0,4900,60039700,18014851,2450,92120000,44100000,18012400,6002500,12009900,6002500,0,0,0,6007400,22129001,22.1290
distribute_parallel_for_2250_2450_2550,2250,2550,0,5100,62490300,18750151,2550,94080000,45900000,18747600,6247500,12500100,6247500,0,0,0,6252600,22592093,22.5921
distribute_parallel_for_2250_2450_2650,2250,2650,0,5300,64940900,19485451,2650,96040000,47700000,19482800,6492500,12990300,6492500,0,0,0,6497800,23920877,23.9209
distribute_parallel_for_2250_2450_2750,2250,2750,0,5500,67391500,20220751,2750,98000000,49500000,20218000,6737500,13480500,6737500,0,0,0,6743000,24877843,24.8778
distribute_parallel_for_2250_2450_2850,2250,2850,0,5700,69842100,20956051,2850,99960000,51300000,20953200,6982500,13970700,6982500,0,0,0,6988200,25612251,25.6123
distribute_parallel_for_2250_2450_2950,2250,2950,0,5900,72292700,21691351,2950,101920000,53100000,21688400,7227500,14460900,7227500,0,0,0,7233400,30997849,30.9978
distribute_parallel_for_2250_2550_2150,2250,2150,0,4300,54837900,16453951,2150,89760000,38700000,16451800,5482500,10969300,5482500,0,0,0,5486800,20232574,20.2326
distribute_parallel_for_2250_2550_2250,2250,2250,0,4500,57388500,17219251,2250,91800000,40500000,17217000,5737500,11479500,5737500,0,0,0,5742000,21154062,21.1541
distribute_parallel_for_2250_2550_2350,2250,2350,0,4700,59939100,17984551,2350,93840000,42300000,17982200,5992500,11989700,5992500,0,0,0,5997200,21703391,21.7034
distribute_parallel_for_2250_2550_2450,2250,2450,0,4900,62489700,18749851,2450,95880000,44100000,18747400,6247500,12499900,6247500,0,0,0,6252400,26886156,26.8862
distribute_parallel_for_2250_2550_2550,2250,2550,0,5100,65040300,19515151,2550,97920000,45900000,19512600,6502500,13010100,6502500,0,0,0,6507600,24063166,24.0632
distribute_parallel_for_2250_2550_2650,2250,2650,0,5300,67590900,20280451,2650,99960000,47700000,20277800,6757500,13520300,6757500,0,0,0,6762800,24549441,24.5494
distribute_parallel_for_2250_2550_2750,2250,2750,0,5500,70141500,21045751,2750,102000000,49500000,21043000,7012500,14030500,7012500,0,0,0,7018000,25648374,25.6484
distribute_parallel_for_2250_2550_2850,2250,2850,0,5700,72692100,21811051,2850,104040000,51300000,21808200,7267500,14540700,7267500,0,0,0,7273200,26154293,26.1543
distribute_parallel_for_2250_2550_2950,2250,2950,0,5900,75242700,22576351,2950,106080000,53100000,22573400,7522500,15050900,7522500,0,0,0,7528400,27549504,27.5495
distribute_parallel_for_2250_2650_2150,2250,2150,0,4300,56987900,17098951,2150,93280000,38700000,17096800,5697500,11399300,5697500,0,0,0,5701800,24391568,24.3916
distribute_parallel_for_2250_2650_2250,2250,2250,0,4500,59638500,17894251,2250,95400000,40500000,17892000,5962500,11929500,5962500,0,0,0,5967000,21985753,21.9858
distribute_parallel_for_2250_2650_2350,2250,2350,0,4700,62289100,18689551,2350,97520000,42300000,18687200,6227500,12459700,6227500,0,0,0,6232200,23180238,23.1802
distribute_parallel_for_2250_2650_2450,2250,2450,0,4900,64939700,19484851,2450,99640000,44100000,19482400,6492500,12989900,6492500,0,0,0,6497400,23648822,23.6488
distribute_parallel_for_2250_2650_2550,2250,2550,0,5100,67590300,20280151,2550,101760000,45900000,20277600,6757500,13520100,6757500,0,0,0,6762600,26523309,26.5233
distribute_parallel_for_2250_2650_2650,2250,2650,0,5300,70240900,21075451,2650,103880000,47700000,21072800,7022500,14050300,7022500,0,0,0,7027800,25633282,25.6333
distribute_parallel_for_2250_2650_2750,2250,2750,0,5500,72891500,21870751,2750,106000000,49500000,21868000,7287500,14580500,7287500,0,0,0,7293000,30890055,30.8901
distribute_parallel_for_2250_2650_2850,2250,2850,0,5700,75542100,22666051,2850,108120000,51300000,22663200,7552500,15110700,7552500,0,0,0,7558200,27508904,27.5089
distribute_parallel_for_2250_2650_2950,2250,2950,0,5900,78192700,23461351,2950,110240000,53100000,23458400,7817500,15640900,7817500,0,0,0,7823400,28360120,28.3601
distribute_parallel_for_2250_2750_1250,2250,1250,0,2500,34382500,10316251,1250,77000000,22500000,10315000,3437500,6877500,3437500,0,0,0,3440000,14637694,14.6377
distribute_parallel_for_2250_2750_1750,2250,1750,0,3500,48135500,14442751,1750,88000000,31500000,14441000,4812500,9628500,4812500,0,0,0,4816000,17402331,17.4023
distribute_parallel_for_2250_2750_2150,2250,2150,0,4300,59137900,17743951,2150,96800000,38700000,17741800,5912500,11829300,5912500,0,0,0,5916800,25082569,25.0826
distribute_parallel_for_2250_2750_2250,2250,2250,0,4500,61888500,18569251,2250,99000000,40500000,18567000,6187500,12379500,6187500,0,0,0,6192000,22813319,22.8133
distribute_parallel_for_2250_2750_2350,2250,2350,0,4700,64639100,19394551,2350,101200000,42300000,19392200,6462500,12929700,6462500,0,0,0,6467200,23265739,23.2657
distribute_parallel_for_2250_2750_2450,2250,2450,0,4900,67389700,20219851,2450,103400000,44100000,20217400,6737500,13479900,6737500,0,0,0,6742400,24747860,24.7479
distribute_parallel_for_2250_2750_2550,2250,2550,0,5100,70140300,21045151,2550,105600000,45900000,21042600,7012500,14030100,7012500,0,0,0,7017600,26199798,26.1998
distribute_parallel_for_2250_2750_2650,2250,2650,0,5300,72890900,21870451,2650,107800000,47700000,21867800,7287500,14580300,7287500,0,0,0,7292800,26804326,26.8043
distribute_parallel_for_2250_2750_2750,2250,2750,0,5500,75641500,22695751,2750,110000000,49500000,22693000,7562500,15130500,7562500,0,0,0,7568000,27847886,27.8479
distribute_parallel_for_2250_2750_2850,2250,2850,0,5700,78392100,23521051,2850,112200000,51300000,23518200,7837500,15680700,7837500,0,0,0,7843200,28891023,28.8910
distribute_parallel_for_2250_2750_2950,2250,2950,0,5900,81142700,24346351,2950,114400000,53100000,24343400,8112500,16230900,8112500,0,0,0,8118400,29354624,29.3546
distribute_parallel_for_2250_2750_3250,2250,3250,0,6500,89394500,26822251,3250,121000000,58500000,26819000,8937500,17881500,8937500,0,0,0,8944000,37849680,37.8497
distribute_parallel_for_2250_2750_3750,2250,3750,0,7500,103147500,30948751,3750,132000000,67500000,30945000,10312500,20632500,10312500,0,0,0,10320000,43754555,43.7546
distribute_parallel_for_2250_2750_4250,2250,4250,0,8500,116900500,35075251,4250,143000000,76500000,35071000,11687500,23383500,11687500,0,0,0,11696000,49140950,49.1409
distribute_parallel_for_2250_2850_2150,2250,2150,0,4300,61287900,18388951,2150,100320000,38700000,18386800,6127500,12259300,6127500,0,0,0,6131800,24859655,24.8597
distribute_parallel_for_2250_2850_2250,2250,2250,0,4500,64138500,19244251,2250,102600000,40500000,19242000,6412500,12829500,6412500,0,0,0,6417000,23397626,23.3976
distribute_parallel_for_2250_2850_2350,2250,2350,0,4700,66989100,20099551,2350,104880000,42300000,20097200,6697500,13399700,6697500,0,0,0,6702200,24116694,24.1167
distribute_parallel_for_2250_2850_2450,2250,2450,0,4900,69839700,20954851,2450,107160000,44100000,20952400,6982500,13969900,6982500,0,0,0,6987400,26154393,26.1544
distribute_parallel_for_2250_2850_2550,2250,2550,0,5100,72690300,21810151,2550,109440000,45900000,21807600,7267500,14540100,7267500,0,0,0,7272600,30768730,30.7687
distribute_parallel_for_2250_2850_2650,2250,2650,0,5300,75540900,22665451,2650,111720000,47700000,22662800,7552500,15110300,7552500,0,0,0,7557800,27875309,27.8753
distribute_parallel_for_2250_2850_2750,2250,2750,0,5500,78391500,23520751,2750,114000000,49500000,23518000,7837500,15680500,7837500,0,0,0,7843000,33155890,33.1559
distribute_parallel_for_2250_2850_2850,2250,2850,0,5700,81242100,24376051,2850,116280000,51300000,24373200,8122500,16250700,8122500,0,0,0,8128200,34459763,34.4598
distribute_parallel_for_2250_2850_2950,2250,2950,0,5900,84092700,25231351,2950,118560000,53100000,25228400,8407500,16820900,8407500,0,0,0,8413400,30441815,30.4418
distribute_parallel_for_2250_2950_2150,2250,2150,0,4300,63437900,19033951,2150,103840000,38700000,19031800,6342500,12689300,6342500,0,0,0,6346800,26905505,26.9055
distribute_parallel_for_2250_2950_2250,2250,2250,0,4500,66388500,19919251,2250,106200000,40500000,19917000,6637500,13279500,6637500,0,0,0,6642000,25168863,25.1689
distribute_parallel_for_2250_2950_2350,2250,2350,0,4700,69339100,20804551,2350,108560000,42300000,20802200,6932500,13869700,6932500,0,0,0,6937200,29322920,29.3229
distribute_parallel_for_2250_2950_2450,2250,2450,0,4900,72289700,21689851,2450,110920000,44100000,21687400,7227500,14459900,7227500,0,0,0,7232400,26642461,26.6425
distribute_parallel_for_2250_2950_2550,2250,2550,0,5100,75240300,22575151,2550,113280000,45900000,22572600,7522500,15050100,7522500,0,0,0,7527600,31847131,31.8471
distribute_parallel_for_2250_2950_2650,2250,2650,0,5300,78190900,23460451,2650,115640000,47700000,23457800,7817500,15640300,7817500,0,0,0,7822800,33054310,33.0543
distribute_parallel_for_2250_2950_2750,2250,2750,0,5500,81141500,24345751,2750,118000000,49500000,24343000,8112500,16230500,8112500,0,0,0,8118000,29834396,29.8344
distribute_parallel_for_2250_2950_2850,2250,2850,0,5700,84092100,25231051,2850,120360000,51300000,25228200,8407500,16820700,8407500,0,0,0,8413200,35639285,35.6393
distribute_parallel_for_2250_2950_2950,2250,2950,0,5900,87042700,26116351,2950,122720000,53100000,26113400,8702500,17410900,8702500,0,0,0,8708400,31441120,31.4411
distribute_parallel_for_2250_3250_1250,2250,1250,0,2500,40632500,12191251,1250,91000000,22500000,12190000,4062500,8127500,4062500,0,0,0,4065000,17281494,17.2815
distribute_parallel_for_2250_3250_1750,2250,1750,0,3500,56885500,17067751,1750,104000000,31500000,17066000,5687500,11378500,5687500,0,0,0,5691000,20918625,20.9186
distribute_parallel_for_2250_3250_2250,2250,2250,0,4500,73138500,21944251,2250,117000000,40500000,21942000,7312500,14629500,7312500,0,0,0,7317000,28977992,28.9780
distribute_parallel_for_2250_3250_2750,2250,2750,0,5500,89391500,26820751,2750,130000000,49500000,26818000,8937500,17880500,8937500,0,0,0,8943000,32173498,32.1735
distribute_parallel_for_2250_3250_3250,2250,3250,0,6500,105644500,31697251,3250,143000000,58500000,31694000,10562500,21131500,10562500,0,0,0,10569000,37721960,37.7220
distribute_parallel_for_2250_3250_3750,2250,3750,0,7500,121897500,36573751,3750,156000000,67500000,36570000,12187500,24382500,12187500,0,0,0,12195000,44783884,44.7839
distribute_parallel_for_2250_3250_4250,2250,4250,0,8500,138150500,41450251,4250,169000000,76500000,41446000,13812500,27633500,13812500,0,0,0,13821000,50405478,50.4055
distribute_parallel_for_2250_3750_1250,2250,1250,0,2500,46882500,14066251,1250,105000000,22500000,14065000,4687500,9377500,4687500,0,0,0,4690000,19881206,19.8812
distribute_parallel_for_2250_3750_1750,2250,1750,0,3500,65635500,19692751,1750,120000000,31500000,19691000,6562500,13128500,6562500,0,0,0,6566000,24037440,24.0374
distribute_parallel_for_2250_3750_2250,2250,2250,0,4500,84388500,25319251,2250,135000000,40500000,25317000,8437500,16879500,8437500,0,0,0,8442000,35626473,35.6265
distribute_parallel_for_2250_3750_2750,2250,2750,0,5500,103141500,30945751,2750,150000000,49500000,30943000,10312500,20630500,10312500,0,0,0,10318000,43667751,43.6678
distribute_parallel_for_2250_3750_3250,2250,3250,0,6500,121894500,36572251,3250,165000000,58500000,36569000,12187500,24381500,12187500,0,0,0,12194000,51643124,51.6431
distribute_parallel_for_2250_3750_3750,2250,3750,0,7500,140647500,42198751,3750,180000000,67500000,42195000,14062500,28132500,14062500,0,0,0,14070000,59650842,59.6508
distribute_parallel_for_2250_3750_4250,2250,4250,0,8500,159400500,47825251,4250,195000000,76500000,47821000,15937500,31883500,15937500,0,0,0,15946000,58011300,58.0113
distribute_parallel_for_2250_4250_1250,2250,1250,0,2500,53132500,15941251,1250,119000000,22500000,15940000,5312500,10627500,5312500,0,0,0,5315000,21081769,21.0818
distribute_parallel_for_2250_4250_1750,2250,1750,0,3500,74385500,22317751,1750,136000000,31500000,22316000,7437500,14878500,7437500,0,0,0,7441000,27256061,27.2561
distribute_parallel_for_2250_4250_2250,2250,2250,0,4500,95638500,28694251,2250,153000000,40500000,28692000,9562500,19129500,9562500,0,0,0,9567000,40630608,40.6306
distribute_parallel_for_2250_4250_2750,2250,2750,0,5500,116891500,35070751,2750,170000000,49500000,35068000,11687500,23380500,11687500,0,0,0,11693000,49015064,49.0151
distribute_parallel_for_2250_4250_3250,2250,3250,0,6500,138144500,41447251,3250,187000000,58500000,41444000,13812500,27631500,13812500,0,0,0,13819000,58650692,58.6507
distribute_parallel_for_2250_4250_3750,2250,3750,0,7500,159397500,47823751,3750,204000000,67500000,47820000,15937500,31882500,15937500,0,0,0,15945000,67611718,67.6117
distribute_parallel_for_2250_4250_4250,2250,4250,0,8500,180650500,54200251,4250,221000000,76500000,54196000,18062500,36133500,18062500,0,0,0,18071000,75847680,75.8477
distribute_parallel_for_2350_2150_2150,2350,2150,0,4300,46237900,13873951,2150,77400000,40420000,13871800,4622500,9249300,4622500,0,0,0,4626800,17295673,17.2957
distribute_parallel_for_2350_2150_2250,2350,2250,0,4500,48388500,14519251,2250,79120000,42300000,14517000,4837500,9679500,4837500,0,0,0,4842000,17947052,17.9471
distribute_parallel_for_2350_2150_2350,2350,2350,0,4700,50539100,15164551,2350,80840000,44180000,15162200,5052500,10109700,5052500,0,0,0,5057200,18877809,18.8778
distribute_parallel_for_2350_2150_2450,2350,2450,0,4900,52689700,15809851,2450,82560000,46060000,15807400,5267500,10539900,5267500,0,0,0,5272400,19490816,19.4908
distribute_parallel_for_2350_2150_2550,2350,2550,0,5100,54840300,16455151,2550,84280000,47940000,16452600,5482500,10970100,5482500,0,0,0,5487600,23564535,23.5645
distribute_parallel_for_2350_2150_2650,2350,2650,0,5300,56990900,17100451,2650,86000000,49820000,17097800,5697500,11400300,5697500,0,0,0,5702800,20781261,20.7813
distribute_parallel_for_2350_2150_2750,2350,2750,0,5500,59141500,17745751,2750,87720000,51700000,17743000,5912500,11830500,5912500,0,0,0,5918000,21693088,21.6931
distribute_parallel_for_2350_2150_2850,2350,2850,0,5700,61292100,18391051,2850,89440000,53580000,18388200,6127500,12260700,6127500,0,0,0,6133200,22667869,22.6679
distribute_parallel_for_2350_2150_2950,2350,2950,0,5900,63442700,19036351,2950,91160000,55460000,19033400,6342500,12690900,6342500,0,0,0,6348400,23382111,23.3821
distribute_parallel_for_2350_2250_2150,2350,2150,0,4300,48387900,14518951,2150,81000000,40420000,14516800,4837500,9679300,4837500,0,0,0,4841800,17840577,17.8406
distribute_parallel_for_2350_2250_2250,2350,2250,0,4500,50638500,15194251,2250,82800000,42300000,15192000,5062500,10129500,5062500,0,0,0,5067000,18524080,18.5241
distribute_parallel_for_2350_2250_2350,2350,2350,0,4700,52889100,15869551,2350,84600000,44180000,15867200,5287500,10579700,5287500,0,0,0,5292200,19464198,19.4642
distribute_parallel_for_2350_2250_2450,2350,2450,0,4900,55139700,16544851,2450,86400000,46060000,16542400,5512500,11029900,5512500,0,0,0,5517400,21157593,21.1576
distribute_parallel_for_2350_2250_2550,2350,2550,0,5100,57390300,17220151,2550,88200000,47940000,17217600,5737500,11480100,5737500,0,0,0,5742600,20720897,20.7209
distribute_parallel_for_2350_2250_2650,2350,2650,0,5300,59640900,17895451,2650,90000000,49820000,17892800,5962500,11930300,5962500,0,0,0,5967800,25242638,25.2426
distribute_parallel_for_2350_2250_2750,2350,2750,0,5500,61891500,18570751,2750,91800000,51700000,18568000,6187500,12380500,6187500,0,0,0,6193000,26118046,26.1180
distribute_parallel_for_2350_2250_2850,2350,2850,0,5700,64142100,19246051,2850,93600000,53580000,19243200,6412500,12830700,6412500,0,0,0,6418200,23272169,23.2722
distribute_parallel_for_2350_2250_2950,2350,2950,0,5900,66392700,19921351,2950,95400000,55460000,19918400,6637500,13280900,6637500,0,0,0,6643400,24663512,24.6635
distribute_parallel_for_2350_2350_2150,2350,2150,0,4300,50537900,15163951,2150,84600000,40420000,15161800,5052500,10109300,5052500,0,0,0,5056800,18440501,18.4405
distribute_parallel_for_2350_2350_2250,2350,2250,0,4500,52888500,15869251,2250,86480000,42300000,15867000,5287500,10579500,5287500,0,0,0,5292000,19174144,19.1741
distribute_parallel_for_2350_2350_2350,2350,2350,0,4700,55239100,16574551,2350,88360000,44180000,16572200,5522500,11049700,5522500,0,0,0,5527200,20305239,20.3052
distribute_parallel_for_2350_2350_2450,2350,2450,0,4900,57589700,17279851,2450,90240000,46060000,17277400,5757500,11519900,5757500,0,0,0,5762400,20935887,20.9359
distribute_parallel_for_2350_2350_2550,2350,2550,0,5100,59940300,17985151,2550,92120000,47940000,17982600,5992500,11990100,5992500,0,0,0,5997600,21975156,21.9752
distribute_parallel_for_2350_2350_2650,2350,2650,0,5300,62290900,18690451,2650,94000000,49820000,18687800,6227500,12460300,6227500,0,0,0,6232800,22916149,22.9161
distribute_parallel_for_2350_2350_2750,2350,2750,0,5500,64641500,19395751,2750,95880000,51700000,19393000,6462500,12930500,6462500,0,0,0,6468000,23493184,23.4932
distribute_parallel_for_2350_2350_2850,2350,2850,0,5700,66992100,20101051,2850,97760000,53580000,20098200,6697500,13400700,6697500,0,0,0,6703200,24390092,24.3901
distribute_parallel_for_2350_2350_2950,2350,2950,0,5900,69342700,20806351,2950,99640000,55460000,20803400,6932500,13870900,6932500,0,0,0,6938400,25457848,25.4578
distribute_parallel_for_2350_2450_2150,2350,2150,0,4300,52687900,15808951,2150,88200000,40420000,15806800,5267500,10539300,5267500,0,0,0,5271800,19409007,19.4090
distribute_parallel_for_2350_2450_2250,2350,2250,0,4500,55138500,16544251,2250,90160000,42300000,16542000,5512500,11029500,5512500,0,0,0,5517000,23711199,23.7112
distribute_parallel_for_2350_2450_2350,2350,2350,0,4700,57589100,17279551,2350,92120000,44180000,17277200,5757500,11519700,5757500,0,0,0,5762200,20907714,20.9077
distribute_parallel_for_2350_2450_2450,2350,2450,0,4900,60039700,18014851,2450,94080000,46060000,18012400,6002500,12009900,6002500,0,0,0,6007400,22200396,22.2004
distribute_parallel_for_2350_2450_2550,2350,2550,0,5100,62490300,18750151,2550,96040000,47940000,18747600,6247500,12500100,6247500,0,0,0,6252600,26806473,26.8065
distribute_parallel_for_2350_2450_2650,2350,2650,0,5300,64940900,19485451,2650,98000000,49820000,19482800,6492500,12990300,6492500,0,0,0,6497800,23759104,23.7591
distribute_parallel_for_2350_2450_2750,2350,2750,0,5500,67391500,20220751,2750,99960000,51700000,20218000,6737500,13480500,6737500,0,0,0,6743000,25151213,25.1512
distribute_parallel_for_2350_2450_2850,2350,2850,0,5700,69842100,20956051,2850,101920000,53580000,20953200,6982500,13970700,6982500,0,0,0,6988200,25633008,25.6330
distribute_parallel_for_2350_2450_2950,2350,2950,0,5900,72292700,21691351,2950,103880000,55460000,21688400,7227500,14460900,7227500,0,0,0,7233400,30929614,30.9296
distribute_parallel_for_2350_2550_2150,2350,2150,0,4300,54837900,16453951,2150,91800000,40420000,16451800,5482500,10969300,5482500,0,0,0,5486800,20073694,20.0737
distribute_parallel_for_2350_2550_2250,2350,2250,0,4500,57388500,17219251,2250,93840000,42300000,17217000,5737500,11479500,5737500,0,0,0,5742000,20850608,20.8506
distribute_parallel_for_2350_2550_2350,2350,2350,0,4700,59939100,17984551,2350,95880000,44180000,17982200,5992500,11989700,5992500,0,0,0,5997200,21792163,21.7922
distribute_parallel_for_2350_2550_2450,2350,2450,0,4900,62489700,18749851,2450,97920000,46060000,18747400,6247500,12499900,6247500,0,0,0,6252400,23023098,23.0231
distribute_parallel_for_2350_2550_2550,2350,2550,0,5100,65040300,19515151,2550,99960000,47940000,19512600,6502500,13010100,6502500,0,0,0,6507600,24027396,24.0274
distribute_parallel_for_2350_2550_2650,2350,2650,0,5300,67590900,20280451,2650,102000000,49820000,20277800,6757500,13520300,6757500,0,0,0,6762800,25893633,25.8936
distribute_parallel_for_2350_2550_2750,2350,2750,0,5500,70141500,21045751,2750,104040000,51700000,21043000,7012500,14030500,7012500,0,0,0,7018000,25288095,25.2881
distribute_parallel_for_2350_2550_2850,2350,2850,0,5700,72692100,21811051,2850,106080000,53580000,21808200,7267500,14540700,7267500,0,0,0,7273200,26527385,26.5274
distribute_parallel_for_2350_2550_2950,2350,2950,0,5900,75242700,22576351,2950,108120000,55460000,22573400,7522500,15050900,7522500,0,0,0,7528400,27920827,27.9208
distribute_parallel_for_2350_2650_2150,2350,2150,0,4300,56987900,17098951,2150,95400000,40420000,17096800,5697500,11399300,5697500,0,0,0,5701800,21673755,21.6738
distribute_parallel_for_2350_2650_2250,2350,2250,0,4500,59638500,17894251,2250,97520000,42300000,17892000,5962500,11929500,5962500,0,0,0,5967000,21991691,21.9917
distribute_parallel_for_2350_2650_2350,2350,2350,0,4700,62289100,18689551,2350,99640000,44180000,18687200,6227500,12459700,6227500,0,0,0,6232200,22901679,22.9017
distribute_parallel_for_2350_2650_2450,2350,2450,0,4900,64939700,19484851,2450,101760000,46060000,19482400,6492500,12989900,6492500,0,0,0,6497400,24198598,24.1986
distribute_parallel_for_2350_2650_2550,2350,2550,0,5100,67590300,20280151,2550,103880000,47940000,20277600,6757500,13520100,6757500,0,0,0,6762600,25116240,25.1162
distribute_parallel_for_2350_2650_2650,2350,2650,0,5300,70240900,21075451,2650,106000000,49820000,21072800,7022500,14050300,7022500,0,0,0,7027800,25734729,25.7347
distribute_parallel_for_2350_2650_2750,2350,2750,0,5500,72891500,21870751,2750,108120000,51700000,21868000,7287500,14580500,7287500,0,0,0,7293000,30814515,30.8145
distribute_parallel_for_2350_2650_2850,2350,2850,0,5700,75542100,22666051,2850,110240000,53580000,22663200,7552500,15110700,7552500,0,0,0,7558200,27954960,27.9550
distribute_parallel_for_2350_2650_2950,2350,2950,0,5900,78192700,23461351,2950,112360000,55460000,23458400,7817500,15640900,7817500,0,0,0,7823400,28918397,28.9184
distribute_parallel_for_2350_2750_2150,2350,2150,0,4300,59137900,17743951,2150,99000000,40420000,17741800,5912500,11829300,5912500,0,0,0,5916800,21582614,21.5826
distribute_parallel_for_2350_2750_2250,2350,2250,0,4500,61888500,18569251,2250,101200000,42300000,18567000,6187500,12379500,6187500,0,0,0,6192000,22785114,22.7851
distribute_parallel_for_2350_2750_2350,2350,2350,0,4700,64639100,19394551,2350,103400000,44180000,19392200,6462500,12929700,6462500,0,0,0,6467200,23771484,23.7715
distribute_parallel_for_2350_2750_2450,2350,2450,0,4900,67389700,20219851,2450,105600000,46060000,20217400,6737500,13479900,6737500,0,0,0,6742400,24905920,24.9059
distribute_parallel_for_2350_2750_2550,2350,2550,0,5100,70140300,21045151,2550,107800000,47940000,21042600,7012500,14030100,7012500,0,0,0,7017600,25431138,25.4311
distribute_parallel_for_2350_2750_2650,2350,2650,0,5300,72890900,21870451,2650,110000000,49820000,21867800,7287500,14580300,7287500,0,0,0,7292800,26399155,26.3992
distribute_parallel_for_2350_2750_2750,2350,2750,0,5500,75641500,22695751,2750,112200000,51700000,22693000,7562500,15130500,7562500,0,0,0,7568000,28201502,28.2015
distribute_parallel_for_2350_2750_2850,2350,2850,0,5700,78392100,23521051,2850,114400000,53580000,23518200,7837500,15680700,7837500,0,0,0,7843200,32988067,32.9881
distribute_parallel_for_2350_2750_2950,2350,2950,0,5900,81142700,24346351,2950,116600000,55460000,24343400,8112500,16230900,8112500,0,0,0,8118400,29694583,29.6946
distribute_parallel_for_2350_2850_2150,2350,2150,0,4300,61287900,18388951,2150,102600000,40420000,18386800,6127500,12259300,6127500,0,0,0,6131800,25802178,25.8022
distribute_parallel_for_2350_2850_2250,2350,2250,0,4500,64138500,19244251,2250,104880000,42300000,19242000,6412500,12829500,6412500,0,0,0,6417000,23070418,23.0704
distribute_parallel_for_2350_2850_2350,2350,2350,0,4700,66989100,20099551,2350,107160000,44180000,20097200,6697500,13399700,6697500,0,0,0,6702200,25143840,25.1438
distribute_parallel_for_2350_2850_2450,2350,2450,0,4900,69839700,20954851,2450,109440000,46060000,20952400,6982500,13969900,6982500,0,0,0,6987400,25823105,25.8231
distribute_parallel_for_2350_2850_2550,2350,2550,0,5100,72690300,21810151,2550,111720000,47940000,21807600,7267500,14540100,7267500,0,0,0,7272600,31097084,31.0971
distribute_parallel_for_2350_2850_2650,2350,2650,0,5300,75540900,22665451,2650,114000000,49820000,22662800,7552500,15110300,7552500,0,0,0,7557800,30282979,30.2830
distribute_parallel_for_2350_2850_2750,2350,2750,0,5500,78391500,23520751,2750,116280000,51700000,23518000,7837500,15680500,7837500,0,0,0,7843000,28713462,28.7135
distribute_parallel_for_2350_2850_2850,2350,2850,0,5700,81242100,24376051,2850,118560000,53580000,24373200,8122500,16250700,8122500,0,0,0,8128200,30194833,30.1948
distribute_parallel_for_2350_2850_2950,2350,2950,0,5900,84092700,25231351,2950,120840000,55460000,25228400,8407500,16820900,8407500,0,0,0,8413400,30809110,30.8091
distribute_parallel_for_2350_2950_2150,2350,2150,0,4300,63437900,19033951,2150,106200000,40420000,19031800,6342500,12689300,6342500,0,0,0,6346800,24590865,24.5909
distribute_parallel_for_2350_2950_2250,2350,2250,0,4500,66388500,19919251,2250,108560000,42300000,19917000,6637500,13279500,6637500,0,0,0,6642000,24264862,24.2649
distribute_parallel_for_2350_2950_2350,2350,2350,0,4700,69339100,20804551,2350,110920000,44180000,20802200,6932500,13869700,6932500,0,0,0,6937200,29691016,29.6910
distribute_parallel_for_2350_2950_2450,2350,2450,0,4900,72289700,21689851,2450,113280000,46060000,21687400,7227500,14459900,7227500,0,0,0,7232400,26753712,26.7537
distribute_parallel_for_2350_2950_2550,2350,2550,0,5100,75240300,22575151,2550,115640000,47940000,22572600,7522500,15050100,7522500,0,0,0,7527600,27330922,27.3309
distribute_parallel_for_2350_2950_2650,2350,2650,0,5300,78190900,23460451,2650,118000000,49820000,23457800,7817500,15640300,7817500,0,0,0,7822800,28331437,28.3314
distribute_parallel_for_2350_2950_2750,2350,2750,0,5500,81141500,24345751,2750,120360000,51700000,24343000,8112500,16230500,8112500,0,0,0,8118000,29714040,29.7140
distribute_parallel_for_2350_2950_2850,2350,2850,0,5700,84092100,25231051,2850,122720000,53580000,25228200,8407500,16820700,8407500,0,0,0,8413200,30444057,30.4441
distribute_parallel_for_2350_2950_2950,2350,2950,0,5900,87042700,26116351,2950,125080000,55460000,26113400,8702500,17410900,8702500,0,0,0,8708400,32057071,32.0571
distribute_parallel_for_2400_1400_1400,2400,1400,0,2800,19608400,5884201,1400,42560000,26880000,5882800,1960000,3922800,1960000,0,0,0,1962800,7616856,7.6169
distribute_parallel_for_2400_1400_1900,2400,1900,0,3800,26611400,7985701,1900,48160000,36480000,7983800,2660000,5323800,2660000,0,0,0,2663800,9966671,9.9667
distribute_parallel_for_2400_1400_2400,2400,2400,0,4800,33614400,10087201,2400,53760000,46080000,10084800,3360000,6724800,3360000,0,0,0,3364800,12629793,12.6298
distribute_parallel_for_2400_1400_2900,2400,2900,0,5800,40617400,12188701,2900,59360000,55680000,12185800,4060000,8125800,4060000,0,0,0,4065800,15231265,15.2313
distribute_parallel_for_2400_1400_3400,2400,3400,0,6800,47620400,14290201,3400,64960000,65280000,14286800,4760000,9526800,4760000,0,0,0,4766800,18085691,18.0857
distribute_parallel_for_2400_1400_3900,2400,3900,0,7800,54623400,16391701,3900,70560000,74880000,16387800,5460000,10927800,5460000,0,0,0,5467800,20858398,20.8584
distribute_parallel_for_2400_1400_900,2400,900,0,1800,12605400,3782701,900,36960000,17280000,3781800,1260000,2521800,1260000,0,0,0,1261800,5512647,5.5126
distribute_parallel_for_2400_1900_1400,2400,1400,0,2800,26608400,7984201,1400,57760000,26880000,7982800,2660000,5322800,2660000,0,0,0,2662800,11329391,11.3294
distribute_parallel_for_2400_1900_1900,2400,1900,0,3800,36111400,10835701,1900,65360000,36480000,10833800,3610000,7223800,3610000,0,0,0,3613800,13484530,13.4845
distribute_parallel_for_2400_1900_2400,2400,2400,0,4800,45614400,13687201,2400,72960000,46080000,13684800,4560000,9124800,4560000,0,0,0,4564800,16949282,16.9493
distribute_parallel_for_2400_1900_2900,2400,2900,0,5800,55117400,16538701,2900,80560000,55680000,16535800,5510000,11025800,5510000,0,0,0,5515800,23154781,23.1548
distribute_parallel_for_2400_1900_3400,2400,3400,0,6800,64620400,19390201,3400,88160000,65280000,19386800,6460000,12926800,6460000,0,0,0,6466800,23793423,23.7934
distribute_parallel_for_2400_1900_3900,2400,3900,0,7800,74123400,22241701,3900,95760000,74880000,22237800,7410000,14827800,7410000,0,0,0,7417800,31828899,31.8289
distribute_parallel_for_2400_1900_900,2400,900,0,1800,17105400,5132701,900,50160000,17280000,5131800,1710000,3421800,1710000,0,0,0,1711800,7278059,7.2781
distribute_parallel_for_2400_2400_1400,2400,1400,0,2800,33608400,10084201,1400,72960000,26880000,10082800,3360000,6722800,3360000,0,0,0,3362800,12291111,12.2911
distribute_parallel_for_2400_2400_1900,2400,1900,0,3800,45611400,13685701,1900,82560000,36480000,13683800,4560000,9123800,4560000,0,0,0,4563800,17101598,17.1016
distribute_parallel_for_2400_2400_2400,2400,2400,0,4800,57614400,17287201,2400,92160000,46080000,17284800,5760000,11524800,5760000,0,0,0,5764800,24796048,24.7960
distribute_parallel_for_2400_2400_2900,2400,2900,0,5800,69617400,20888701,2900,101760000,55680000,20885800,6960000,13925800,6960000,0,0,0,6965800,28408636,28.4086
distribute_parallel_for_2400_2400_3400,2400,3400,0,6800,81620400,24490201,3400,111360000,65280000,24486800,8160000,16326800,8160000,0,0,0,8166800,29987989,29.9880
distribute_parallel_for_2400_2400_3900,2400,3900,0,7800,93623400,28091701,3900,120960000,74880000,28087800,9360000,18727800,9360000,0,0,0,9367800,40208698,40.2087
distribute_parallel_for_2400_2400_900,2400,900,0,1800,21605400,6482701,900,63360000,17280000,6481800,2160000,4321800,2160000,0,0,0,2161800,8310461,8.3105
distribute_parallel_for_2400_2900_1400,2400,1400,0,2800,40608400,12184201,1400,88160000,26880000,12182800,4060000,8122800,4060000,0,0,0,4062800,15021076,15.0211
distribute_parallel_for_2400_2900_1900,2400,1900,0,3800,55111400,16535701,1900,99760000,36480000,16533800,5510000,11023800,5510000,0,0,0,5513800,23274023,23.2740
distribute_parallel_for_2400_2900_2400,2400,2400,0,4800,69614400,20887201,2400,111360000,46080000,20884800,6960000,13924800,6960000,0,0,0,6964800,26523996,26.5240
distribute_parallel_for_2400_2900_2900,2400,2900,0,5800,84117400,25238701,2900,122960000,55680000,25235800,8410000,16825800,8410000,0,0,0,8415800,36221328,36.2213
distribute_parallel_for_2400_2900_3400,2400,3400,0,6800,98620400,29590201,3400,134560000,65280000,29586800,9860000,19726800,9860000,0,0,0,9866800,36488356,36.4884
distribute_parallel_for_2400_2900_3900,2400,3900,0,7800,113123400,33941701,3900,146160000,74880000,33937800,11310000,22627800,11310000,0,0,0,11317800,42004023,42.0040
distribute_parallel_for_2400_2900_900,2400,900,0,1800,26105400,7832701,900,76560000,17280000,7831800,2610000,5221800,2610000,0,0,0,2611800,11047678,11.0477
distribute_parallel_for_2400_3400_1400,2400,1400,0,2800,47608400,14284201,1400,103360000,26880000,14282800,4760000,9522800,4760000,0,0,0,4762800,17661953,17.6620
distribute_parallel_for_2400_3400_1900,2400,1900,0,3800,64611400,19385701,1900,116960000,36480000,19383800,6460000,12923800,6460000,0,0,0,6463800,26136211,26.1362
distribute_parallel_for_2400_3400_2400,2400,2400,0,4800,81614400,24487201,2400,130560000,46080000,24484800,8160000,16324800,8160000,0,0,0,8164800,35056360,35.0564
distribute_parallel_for_2400_3400_2900,2400,2900,0,5800,98617400,29588701,2900,144160000,55680000,29585800,9860000,19725800,9860000,0,0,0,9865800,35935199,35.9352
distribute_parallel_for_2400_3400_3400,2400,3400,0,6800,115620400,34690201,3400,157760000,65280000,34686800,11560000,23126800,11560000,0,0,0,11566800,43051200,43.0512
distribute_parallel_for_2400_3400_3900,2400,3900,0,7800,132623400,39791701,3900,171360000,74880000,39787800,13260000,26527800,13260000,0,0,0,13267800,56884345,56.8843
distribute_parallel_for_2400_3400_900,2400,900,0,1800,30605400,9182701,900,89760000,17280000,9181800,3060000,6121800,3060000,0,0,0,3061800,11534616,11.5346
distribute_parallel_for_2400_3900_1400,2400,1400,0,2800,54608400,16384201,1400,118560000,26880000,16382800,5460000,10922800,5460000,0,0,0,5462800,23537061,23.5371
distribute_parallel_for_2400_3900_1900,2400,1900,0,3800,74111400,22235701,1900,134160000,36480000,22233800,7410000,14823800,7410000,0,0,0,7413800,30190236,30.1902
distribute_parallel_for_2400_3900_2400,2400,2400,0,4800,93614400,28087201,2400,149760000,46080000,28084800,9360000,18724800,9360000,0,0,0,9364800,34640456,34.6405
distribute_parallel_for_2400_3900_2900,2400,2900,0,5800,113117400,33938701,2900,165360000,55680000,33935800,11310000,22625800,11310000,0,0,0,11315800,42120599,42.1206
distribute_parallel_for_2400_3900_3400,2400,3400,0,6800,132620400,39790201,3400,180960000,65280000,39786800,13260000,26526800,13260000,0,0,0,13266800,49206875,49.2069
distribute_parallel_for_2400_3900_3900,2400,3900,0,7800,152123400,45641701,3900,196560000,74880000,45637800,15210000,30427800,15210000,0,0,0,15217800,56528398,56.5284
distribute_parallel_for_2400_3900_900,2400,900,0,1800,35105400,10532701,900,102960000,17280000,10531800,3510000,7021800,3510000,0,0,0,3511800,13273818,13.2738
distribute_parallel_for_2400_900_1400,2400,1400,0,2800,12608400,3784201,1400,27360000,26880000,3782800,1260000,2522800,1260000,0,0,0,1262800,4606082,4.6061
distribute_parallel_for_2400_900_1900,2400,1900,0,3800,17111400,5135701,1900,30960000,36480000,5133800,1710000,3423800,1710000,0,0,0,1713800,7322493,7.3225
distribute_parallel_for_2400_900_2400,2400,2400,0,4800,21614400,6487201,2400,34560000,46080000,6484800,2160000,4324800,2160000,0,0,0,2164800,7896335,7.8963
distribute_parallel_for_2400_900_2900,2400,2900,0,5800,26117400,7838701,2900,38160000,55680000,7835800,2610000,5225800,2610000,0,0,0,2615800,10818703,10.8187
distribute_parallel_for_2400_900_3400,2400,3400,0,6800,30620400,9190201,3400,41760000,65280000,9186800,3060000,6126800,3060000,0,0,0,3066800,11478360,11.4784
distribute_parallel_for_2400_900_3900,2400,3900,0,7800,35123400,10541701,3900,45360000,74880000,10537800,3510000,7027800,3510000,0,0,0,3517800,15008795,15.0088
distribute_parallel_for_2400_900_900,2400,900,0,1800,8105400,2432701,900,23760000,17280000,2431800,810000,1621800,810000,0,0,0,811800,3197482,3.1975
distribute_parallel_for_2450_2150_2150,2450,2150,0,4300,46237900,13873951,2150,79120000,42140000,13871800,4622500,9249300,4622500,0,0,0,4626800,19617078,19.6171
distribute_parallel_for_2450_2150_2250,2450,2250,0,4500,48388500,14519251,2250,80840000,44100000,14517000,4837500,9679500,4837500,0,0,0,4842000,17524080,17.5241
distribute_parallel_for_2450_2150_2350,2450,2350,0,4700,50539100,15164551,2350,82560000,46060000,15162200,5052500,10109700,5052500,0,0,0,5057200,21645597,21.6456
distribute_parallel_for_2450_2150_2450,2450,2450,0,4900,52689700,15809851,2450,84280000,48020000,15807400,5267500,10539900,5267500,0,0,0,5272400,19475889,19.4759
distribute_parallel_for_2450_2150_2550,2450,2550,0,5100,54840300,16455151,2550,86000000,49980000,16452600,5482500,10970100,5482500,0,0,0,5487600,20020947,20.0209
distribute_parallel_for_2450_2150_2650,2450,2650,0,5300,56990900,17100451,2650,87720000,51940000,17097800,5697500,11400300,5697500,0,0,0,5702800,20921562,20.9216
distribute_parallel_for_2450_2150_2750,2450,2750,0,5500,59141500,17745751,2750,89440000,53900000,17743000,5912500,11830500,5912500,0,0,0,5918000,21506357,21.5064
distribute_parallel_for_2450_2150_2950,2450,2950,0,5900,63442700,19036351,2950,92880000,57820000,19033400,6342500,12690900,6342500,0,0,0,6348400,27215146,27.2151
distribute_parallel_for_2450_2250_2150,2450,2150,0,4300,48387900,14518951,2150,82800000,42140000,14516800,4837500,9679300,4837500,0,0,0,4841800,17830574,17.8306
distribute_parallel_for_2450_2250_2250,2450,2250,0,4500,50638500,15194251,2250,84600000,44100000,15192000,5062500,10129500,5062500,0,0,0,5067000,21740932,21.7409
distribute_parallel_for_2450_2250_2350,2450,2350,0,4700,52889100,15869551,2350,86400000,46060000,15867200,5287500,10579700,5287500,0,0,0,5292200,22592540,22.5925
distribute_parallel_for_2450_2250_2450,2450,2450,0,4900,55139700,16544851,2450,88200000,48020000,16542400,5512500,11029900,5512500,0,0,0,5517400,19983472,19.9835
distribute_parallel_for_2450_2250_2550,2450,2550,0,5100,57390300,17220151,2550,90000000,49980000,17217600,5737500,11480100,5737500,0,0,0,5742600,20988735,20.9887
distribute_parallel_for_2450_2250_2650,2450,2650,0,5300,59640900,17895451,2650,91800000,51940000,17892800,5962500,11930300,5962500,0,0,0,5967800,22223496,22.2235
distribute_parallel_for_2450_2250_2750,2450,2750,0,5500,61891500,18570751,2750,93600000,53900000,18568000,6187500,12380500,6187500,0,0,0,6193000,26452966,26.4530
distribute_parallel_for_2450_2250_2850,2450,2850,0,5700,64142100,19246051,2850,95400000,55860000,19243200,6412500,12830700,6412500,0,0,0,6418200,23684440,23.6844
distribute_parallel_for_2450_2250_2950,2450,2950,0,5900,66392700,19921351,2950,97200000,57820000,19918400,6637500,13280900,6637500,0,0,0,6643400,24044367,24.0444
distribute_parallel_for_2450_2350_2150,2450,2150,0,4300,50537900,15163951,2150,86480000,42140000,15161800,5052500,10109300,5052500,0,0,0,5056800,18861925,18.8619
distribute_parallel_for_2450_2350_2250,2450,2250,0,4500,52888500,15869251,2250,88360000,44100000,15867000,5287500,10579500,5287500,0,0,0,5292000,19239820,19.2398
distribute_parallel_for_2450_2350_2350,2450,2350,0,4700,55239100,16574551,2350,90240000,46060000,16572200,5522500,11049700,5522500,0,0,0,5527200,20442947,20.4429
distribute_parallel_for_2450_2350_2450,2450,2450,0,4900,57589700,17279851,2450,92120000,48020000,17277400,5757500,11519900,5757500,0,0,0,5762400,21157339,21.1573
distribute_parallel_for_2450_2350_2550,2450,2550,0,5100,59940300,17985151,2550,94000000,49980000,17982600,5992500,11990100,5992500,0,0,0,5997600,22067900,22.0679
distribute_parallel_for_2450_2350_2650,2450,2650,0,5300,62290900,18690451,2650,95880000,51940000,18687800,6227500,12460300,6227500,0,0,0,6232800,22555689,22.5557
distribute_parallel_for_2450_2350_2750,2450,2750,0,5500,64641500,19395751,2750,97760000,53900000,19393000,6462500,12930500,6462500,0,0,0,6468000,23481457,23.4815
distribute_parallel_for_2450_2350_2850,2450,2850,0,5700,66992100,20101051,2850,99640000,55860000,20098200,6697500,13400700,6697500,0,0,0,6703200,24826207,24.8262
distribute_parallel_for_2450_2350_2950,2450,2950,0,5900,69342700,20806351,2950,101520000,57820000,20803400,6932500,13870900,6932500,0,0,0,6938400,25309906,25.3099
distribute_parallel_for_2450_2450_2150,2450,2150,0,4300,52687900,15808951,2150,90160000,42140000,15806800,5267500,10539300,5267500,0,0,0,5271800,19413423,19.4134
distribute_parallel_for_2450_2450_2250,2450,2250,0,4500,55138500,16544251,2250,92120000,44100000,16542000,5512500,11029500,5512500,0,0,0,5517000,20099363,20.0994
distribute_parallel_for_2450_2450_2350,2450,2350,0,4700,57589100,17279551,2350,94080000,46060000,17277200,5757500,11519700,5757500,0,0,0,5762200,23267292,23.2673
distribute_parallel_for_2450_2450_2450,2450,2450,0,4900,60039700,18014851,2450,96040000,48020000,18012400,6002500,12009900,6002500,0,0,0,6007400,22127201,22.1272
distribute_parallel_for_2450_2450_2550,2450,2550,0,5100,62490300,18750151,2550,98000000,49980000,18747600,6247500,12500100,6247500,0,0,0,6252600,23154822,23.1548
distribute_parallel_for_2450_2450_2650,2450,2650,0,5300,64940900,19485451,2650,99960000,51940000,19482800,6492500,12990300,6492500,0,0,0,6497800,24364582,24.3646
distribute_parallel_for_2450_2450_2750,2450,2750,0,5500,67391500,20220751,2750,101920000,53900000,20218000,6737500,13480500,6737500,0,0,0,6743000,24491162,24.4912
distribute_parallel_for_2450_2450_2850,2450,2850,0,5700,69842100,20956051,2850,103880000,55860000,20953200,6982500,13970700,6982500,0,0,0,6988200,25738094,25.7381
distribute_parallel_for_2450_2450_2950,2450,2950,0,5900,72292700,21691351,2950,105840000,57820000,21688400,7227500,14460900,7227500,0,0,0,7233400,30950102,30.9501
distribute_parallel_for_2450_2550_2150,2450,2150,0,4300,54837900,16453951,2150,93840000,42140000,16451800,5482500,10969300,5482500,0,0,0,5486800,20387819,20.3878
distribute_parallel_for_2450_2550_2250,2450,2250,0,4500,57388500,17219251,2250,95880000,44100000,17217000,5737500,11479500,5737500,0,0,0,5742000,21120523,21.1205
distribute_parallel_for_2450_2550_2350,2450,2350,0,4700,59939100,17984551,2350,97920000,46060000,17982200,5992500,11989700,5992500,0,0,0,5997200,22021614,22.0216
distribute_parallel_for_2450_2550_2450,2450,2450,0,4900,62489700,18749851,2450,99960000,48020000,18747400,6247500,12499900,6247500,0,0,0,6252400,22996109,22.9961
distribute_parallel_for_2450_2550_2550,2450,2550,0,5100,65040300,19515151,2550,102000000,49980000,19512600,6502500,13010100,6502500,0,0,0,6507600,27918212,27.9182
distribute_parallel_for_2450_2550_2650,2450,2650,0,5300,67590900,20280451,2650,104040000,51940000,20277800,6757500,13520300,6757500,0,0,0,6762800,29059855,29.0599
distribute_parallel_for_2450_2550_2750,2450,2750,0,5500,70141500,21045751,2750,106080000,53900000,21043000,7012500,14030500,7012500,0,0,0,7018000,25512713,25.5127
distribute_parallel_for_2450_2550_2850,2450,2850,0,5700,72692100,21811051,2850,108120000,55860000,21808200,7267500,14540700,7267500,0,0,0,7273200,27098662,27.0987
distribute_parallel_for_2450_2550_2950,2450,2950,0,5900,75242700,22576351,2950,110160000,57820000,22573400,7522500,15050900,7522500,0,0,0,7528400,32271032,32.2710
distribute_parallel_for_2450_2650_2150,2450,2150,0,4300,56987900,17098951,2150,97520000,42140000,17096800,5697500,11399300,5697500,0,0,0,5701800,20933535,20.9335
distribute_parallel_for_2450_2650_2250,2450,2250,0,4500,59638500,17894251,2250,99640000,44100000,17892000,5962500,11929500,5962500,0,0,0,5967000,21927933,21.9279
distribute_parallel_for_2450_2650_2350,2450,2350,0,4700,62289100,18689551,2350,101760000,46060000,18687200,6227500,12459700,6227500,0,0,0,6232200,24686462,24.6865
distribute_parallel_for_2450_2650_2450,2450,2450,0,4900,64939700,19484851,2450,103880000,48020000,19482400,6492500,12989900,6492500,0,0,0,6497400,24073863,24.0739
distribute_parallel_for_2450_2650_2550,2450,2550,0,5100,67590300,20280151,2550,106000000,49980000,20277600,6757500,13520100,6757500,0,0,0,6762600,24484339,24.4843
distribute_parallel_for_2450_2650_2650,2450,2650,0,5300,70240900,21075451,2650,108120000,51940000,21072800,7022500,14050300,7022500,0,0,0,7027800,25983976,25.9840
distribute_parallel_for_2450_2650_2750,2450,2750,0,5500,72891500,21870751,2750,110240000,53900000,21868000,7287500,14580500,7287500,0,0,0,7293000,26682758,26.6828
distribute_parallel_for_2450_2650_2850,2450,2850,0,5700,75542100,22666051,2850,112360000,55860000,22663200,7552500,15110700,7552500,0,0,0,7558200,27413062,27.4131
distribute_parallel_for_2450_2650_2950,2450,2950,0,5900,78192700,23461351,2950,114480000,57820000,23458400,7817500,15640900,7817500,0,0,0,7823400,29128212,29.1282
distribute_parallel_for_2450_2750_2150,2450,2150,0,4300,59137900,17743951,2150,101200000,42140000,17741800,5912500,11829300,5912500,0,0,0,5916800,22103428,22.1034
distribute_parallel_for_2450_2750_2250,2450,2250,0,4500,61888500,18569251,2250,103400000,44100000,18567000,6187500,12379500,6187500,0,0,0,6192000,22800265,22.8003
distribute_parallel_for_2450_2750_2350,2450,2350,0,4700,64639100,19394551,2350,105600000,46060000,19392200,6462500,12929700,6462500,0,0,0,6467200,23950736,23.9507
distribute_parallel_for_2450_2750_2450,2450,2450,0,4900,67389700,20219851,2450,107800000,48020000,20217400,6737500,13479900,6737500,0,0,0,6742400,24899173,24.8992
distribute_parallel_for_2450_2750_2550,2450,2550,0,5100,70140300,21045151,2550,110000000,49980000,21042600,7012500,14030100,7012500,0,0,0,7017600,26244770,26.2448
distribute_parallel_for_2450_2750_2650,2450,2650,0,5300,72890900,21870451,2650,112200000,51940000,21867800,7287500,14580300,7287500,0,0,0,7292800,27329800,27.3298
distribute_parallel_for_2450_2750_2750,2450,2750,0,5500,75641500,22695751,2750,114400000,53900000,22693000,7562500,15130500,7562500,0,0,0,7568000,27936741,27.9367
distribute_parallel_for_2450_2750_2850,2450,2850,0,5700,78392100,23521051,2850,116600000,55860000,23518200,7837500,15680700,7837500,0,0,0,7843200,28705832,28.7058
distribute_parallel_for_2450_2750_2950,2450,2950,0,5900,81142700,24346351,2950,118800000,57820000,24343400,8112500,16230900,8112500,0,0,0,8118400,30357109,30.3571
distribute_parallel_for_2450_2850_2150,2450,2150,0,4300,61287900,18388951,2150,104880000,42140000,18386800,6127500,12259300,6127500,0,0,0,6131800,26183335,26.1833
distribute_parallel_for_2450_2850_2250,2450,2250,0,4500,64138500,19244251,2250,107160000,44100000,19242000,6412500,12829500,6412500,0,0,0,6417000,23319787,23.3198
distribute_parallel_for_2450_2850_2350,2450,2350,0,4700,66989100,20099551,2350,109440000,46060000,20097200,6697500,13399700,6697500,0,0,0,6702200,28448380,28.4484
distribute_parallel_for_2450_2850_2450,2450,2450,0,4900,69839700,20954851,2450,111720000,48020000,20952400,6982500,13969900,6982500,0,0,0,6987400,28162706,28.1627
distribute_parallel_for_2450_2850_2550,2450,2550,0,5100,72690300,21810151,2550,114000000,49980000,21807600,7267500,14540100,7267500,0,0,0,7272600,31106468,31.1065
distribute_parallel_for_2450_2850_2650,2450,2650,0,5300,75540900,22665451,2650,116280000,51940000,22662800,7552500,15110300,7552500,0,0,0,7557800,27978087,27.9781
distribute_parallel_for_2450_2850_2750,2450,2750,0,5500,78391500,23520751,2750,118560000,53900000,23518000,7837500,15680500,7837500,0,0,0,7843000,28948420,28.9484
distribute_parallel_for_2450_2850_2850,2450,2850,0,5700,81242100,24376051,2850,120840000,55860000,24373200,8122500,16250700,8122500,0,0,0,8128200,34737715,34.7377
distribute_parallel_for_2450_2850_2950,2450,2950,0,5900,84092700,25231351,2950,123120000,57820000,25228400,8407500,16820900,8407500,0,0,0,8413400,30826114,30.8261
distribute_parallel_for_2450_2950_2150,2450,2150,0,4300,63437900,19033951,2150,108560000,42140000,19031800,6342500,12689300,6342500,0,0,0,6346800,27159273,27.1593
distribute_parallel_for_2450_2950_2250,2450,2250,0,4500,66388500,19919251,2250,110920000,44100000,19917000,6637500,13279500,6637500,0,0,0,6642000,28417878,28.4179
distribute_parallel_for_2450_2950_2350,2450,2350,0,4700,69339100,20804551,2350,113280000,46060000,20802200,6932500,13869700,6932500,0,0,0,6937200,25801403,25.8014
distribute_parallel_for_2450_2950_2450,2450,2450,0,4900,72289700,21689851,2450,115640000,48020000,21687400,7227500,14459900,7227500,0,0,0,7232400,26511225,26.5112
distribute_parallel_for_2450_2950_2550,2450,2550,0,5100,75240300,22575151,2550,118000000,49980000,22572600,7522500,15050100,7522500,0,0,0,7527600,27888918,27.8889
distribute_parallel_for_2450_2950_2650,2450,2650,0,5300,78190900,23460451,2650,120360000,51940000,23457800,7817500,15640300,7817500,0,0,0,7822800,33486354,33.4864
distribute_parallel_for_2450_2950_2750,2450,2750,0,5500,81141500,24345751,2750,122720000,53900000,24343000,8112500,16230500,8112500,0,0,0,8118000,29791355,29.7914
distribute_parallel_for_2450_2950_2850,2450,2850,0,5700,84092100,25231051,2850,125080000,55860000,25228200,8407500,16820700,8407500,0,0,0,8413200,30264525,30.2645
distribute_parallel_for_2500_1000_1000,2500,1000,0,2000,10006000,3003001,1000,28000000,20000000,3002000,1000000,2002000,1000000,0,0,0,1002000,3740238,3.7402
distribute_parallel_for_2500_1000_1500,2500,1500,0,3000,15009000,4504501,1500,32000000,30000000,4503000,1500000,3003000,1500000,0,0,0,1503000,6513465,6.5135
distribute_parallel_for_2500_1000_2000,2500,2000,0,4000,20012000,6006001,2000,36000000,40000000,6004000,2000000,4004000,2000000,0,0,0,2004000,7428954,7.4290
distribute_parallel_for_2500_1000_2500,2500,2500,0,5000,25015000,7507501,2500,40000000,50000000,7505000,2500000,5005000,2500000,0,0,0,2505000,9691503,9.6915
distribute_parallel_for_2500_1000_3000,2500,3000,0,6000,30018000,9009001,3000,44000000,60000000,9006000,3000000,6006000,3000000,0,0,0,3006000,11036280,11.0363
distribute_parallel_for_2500_1000_3500,2500,3500,0,7000,35021000,10510501,3500,48000000,70000000,10507000,3500000,7007000,3500000,0,0,0,3507000,13074135,13.0741
distribute_parallel_for_2500_1000_4000,2500,4000,0,8000,40024000,12012001,4000,52000000,80000000,12008000,4000000,8008000,4000000,0,0,0,4008000,14793313,14.7933
distribute_parallel_for_2500_1500_1000,2500,1000,0,2000,15006000,4503001,1000,42000000,20000000,4502000,1500000,3002000,1500000,0,0,0,1502000,6513000,6.5130
distribute_parallel_for_2500_1500_1500,2500,1500,0,3000,22509000,6754501,1500,48000000,30000000,6753000,2250000,4503000,2250000,0,0,0,2253000,8207700,8.2077
distribute_parallel_for_2500_1500_2000,2500,2000,0,4000,30012000,9006001,2000,54000000,40000000,9004000,3000000,6004000,3000000,0,0,0,3004000,12791309,12.7913
distribute_parallel_for_2500_1500_2500,2500,2500,0,5000,37515000,11257501,2500,60000000,50000000,11255000,3750000,7505000,3750000,0,0,0,3755000,16022513,16.0225
distribute_parallel_for_2500_1500_3000,2500,3000,0,6000,45018000,13509001,3000,66000000,60000000,13506000,4500000,9006000,4500000,0,0,0,4506000,16628853,16.6289
distribute_parallel_for_2500_1500_3500,2500,3500,0,7000,52521000,15760501,3500,72000000,70000000,15757000,5250000,10507000,5250000,0,0,0,5257000,19338022,19.3380
distribute_parallel_for_2500_1500_4000,2500,4000,0,8000,60024000,18012001,4000,78000000,80000000,18008000,6000000,12008000,6000000,0,0,0,6008000,25571273,25.5713
distribute_parallel_for_2500_2000_1000,2500,1000,0,2000,20006000,6003001,1000,56000000,20000000,6002000,2000000,4002000,2000000,0,0,0,2002000,7508526,7.5085
distribute_parallel_for_2500_2000_1500,2500,1500,0,3000,30009000,9004501,1500,64000000,30000000,9003000,3000000,6003000,3000000,0,0,0,3003000,11077065,11.0771
distribute_parallel_for_2500_2000_2000,2500,2000,0,4000,40012000,12006001,2000,72000000,40000000,12004000,4000000,8004000,4000000,0,0,0,4004000,15003592,15.0036
distribute_parallel_for_2500_2000_2500,2500,2500,0,5000,50015000,15007501,2500,80000000,50000000,15005000,5000000,10005000,5000000,0,0,0,5005000,21277217,21.2772
distribute_parallel_for_2500_2000_3000,2500,3000,0,6000,60018000,18009001,3000,88000000,60000000,18006000,6000000,12006000,6000000,0,0,0,6006000,25675571,25.6756
distribute_parallel_for_2500_2000_3500,2500,3500,0,7000,70021000,21010501,3500,96000000,70000000,21007000,7000000,14007000,7000000,0,0,0,7007000,29463782,29.4638
distribute_parallel_for_2500_2000_4000,2500,4000,0,8000,80024000,24012001,4000,104000000,80000000,24008000,8000000,16008000,8000000,0,0,0,8008000,31072005,31.0720
distribute_parallel_for_2500_2500_1000,2500,1000,0,2000,25006000,7503001,1000,70000000,20000000,7502000,2500000,5002000,2500000,0,0,0,2502000,10757718,10.7577
distribute_parallel_for_2500_2500_1500,2500,1500,0,3000,37509000,11254501,1500,80000000,30000000,11253000,3750000,7503000,3750000,0,0,0,3753000,15881995,15.8820
distribute_parallel_for_2500_2500_2000,2500,2000,0,4000,50012000,15006001,2000,90000000,40000000,15004000,5000000,10004000,5000000,0,0,0,5004000,21415503,21.4155
distribute_parallel_for_2500_2500_2500,2500,2500,0,5000,62515000,18757501,2500,100000000,50000000,18755000,6250000,12505000,6250000,0,0,0,6255000,23420495,23.4205
distribute_parallel_for_2500_2500_3000,2500,3000,0,6000,75018000,22509001,3000,110000000,60000000,22506000,7500000,15006000,7500000,0,0,0,7506000,31460195,31.4602
distribute_parallel_for_2500_2500_3500,2500,3500,0,7000,87521000,26260501,3500,120000000,70000000,26257000,8750000,17507000,8750000,0,0,0,8757000,37387260,37.3873
distribute_parallel_for_2500_2500_4000,2500,4000,0,8000,100024000,30012001,4000,130000000,80000000,30008000,10000000,20008000,10000000,0,0,0,10008000,42711488,42.7115
distribute_parallel_for_2500_3000_1000,2500,1000,0,2000,30006000,9003001,1000,84000000,20000000,9002000,3000000,6002000,3000000,0,0,0,3002000,12879224,12.8792
distribute_parallel_for_2500_3000_1500,2500,1500,0,3000,45009000,13504501,1500,96000000,30000000,13503000,4500000,9003000,4500000,0,0,0,4503000,16651366,16.6514
distribute_parallel_for_2500_3000_2000,2500,2000,0,4000,60012000,18006001,2000,108000000,40000000,18004000,6000000,12004000,6000000,0,0,0,6004000,25119660,25.1197
distribute_parallel_for_2500_3000_2500,2500,2500,0,5000,75015000,22507501,2500,120000000,50000000,22505000,7500000,15005000,7500000,0,0,0,7505000,32023053,32.0231
distribute_parallel_for_2500_3000_3000,2500,3000,0,6000,90018000,27009001,3000,132000000,60000000,27006000,9000000,18006000,9000000,0,0,0,9006000,38136682,38.1367
distribute_parallel_for_2500_3000_3500,2500,3500,0,7000,105021000,31510501,3500,144000000,70000000,31507000,10500000,21007000,10500000,0,0,0,10507000,43869695,43.8697
distribute_parallel_for_2500_3000_4000,2500,4000,0,8000,120024000,36012001,4000,156000000,80000000,36008000,12000000,24008000,12000000,0,0,0,12008000,44193283,44.1933
distribute_parallel_for_2500_3500_1000,2500,1000,0,2000,35006000,10503001,1000,98000000,20000000,10502000,3500000,7002000,3500000,0,0,0,3502000,14935069,14.9351
distribute_parallel_for_2500_3500_1500,2500,1500,0,3000,52509000,15754501,1500,112000000,30000000,15753000,5250000,10503000,5250000,0,0,0,5253000,22479864,22.4799
distribute_parallel_for_2500_3500_2000,2500,2000,0,4000,70012000,21006001,2000,126000000,40000000,21004000,7000000,14004000,7000000,0,0,0,7004000,25944222,25.9442
distribute_parallel_for_2500_3500_2500,2500,2500,0,5000,87515000,26257501,2500,140000000,50000000,26255000,8750000,17505000,8750000,0,0,0,8755000,37341233,37.3412
distribute_parallel_for_2500_3500_3000,2500,3000,0,6000,105018000,31509001,3000,154000000,60000000,31506000,10500000,21006000,10500000,0,0,0,10506000,44793094,44.7931
distribute_parallel_for_2500_3500_3500,2500,3500,0,7000,122521000,36760501,3500,168000000,70000000,36757000,12250000,24507000,12250000,0,0,0,12257000,52271085,52.2711
distribute_parallel_for_2500_3500_4000,2500,4000,0,8000,140024000,42012001,4000,182000000,80000000,42008000,14000000,28008000,14000000,0,0,0,14008000,58853729,58.8537
distribute_parallel_for_2500_4000_1000,2500,1000,0,2000,40006000,12003001,1000,112000000,20000000,12002000,4000000,8002000,4000000,0,0,0,4002000,14770748,14.7707
distribute_parallel_for_2500_4000_1500,2500,1500,0,3000,60009000,18004501,1500,128000000,30000000,18003000,6000000,12003000,6000000,0,0,0,6003000,23128883,23.1289
distribute_parallel_for_2500_4000_2000,2500,2000,0,4000,80012000,24006001,2000,144000000,40000000,24004000,8000000,16004000,8000000,0,0,0,8004000,34197378,34.1974
distribute_parallel_for_2500_4000_2500,2500,2500,0,5000,100015000,30007501,2500,160000000,50000000,30005000,10000000,20005000,10000000,0,0,0,10005000,42665086,42.6651
distribute_parallel_for_2500_4000_3000,2500,3000,0,6000,120018000,36009001,3000,176000000,60000000,36006000,12000000,24006000,12000000,0,0,0,12006000,50294620,50.2946
distribute_parallel_for_2500_4000_3500,2500,3500,0,7000,140021000,42010501,3500,192000000,70000000,42007000,14000000,28007000,14000000,0,0,0,14007000,58751551,58.7516
distribute_parallel_for_2500_4000_4000,2500,4000,0,8000,160024000,48012001,4000,208000000,80000000,48008000,16000000,32008000,16000000,0,0,0,16008000,67171786,67.1718
distribute_parallel_for_2700_1200_1200,2700,1200,0,2400,14407200,4323601,1200,37440000,25920000,4322400,1440000,2882400,1440000,0,0,0,1442400,6320359,6.3204
distribute_parallel_for_2700_1200_1700,2700,1700,0,3400,20410200,6125101,1700,42240000,36720000,6123400,2040000,4083400,2040000,0,0,0,2043400,8615549,8.6155
distribute_parallel_for_2700_1200_2200,2700,2200,0,4400,26413200,7926601,2200,47040000,47520000,7924400,2640000,5284400,2640000,0,0,0,2644400,11449661,11.4497
distribute_parallel_for_2700_1200_2700,2700,2700,0,5400,32416200,9728101,2700,51840000,58320000,9725400,3240000,6485400,3240000,0,0,0,3245400,11941684,11.9417
distribute_parallel_for_2700_1200_3200,2700,3200,0,6400,38419200,11529601,3200,56640000,69120000,11526400,3840000,7686400,3840000,0,0,0,3846400,16642900,16.6429
distribute_parallel_for_2700_1200_3700,2700,3700,0,7400,44422200,13331101,3700,61440000,79920000,13327400,4440000,8887400,4440000,0,0,0,4447400,19110983,19.1110
distribute_parallel_for_2700_1200_4200,2700,4200,0,8400,50425200,15132601,4200,66240000,90720000,15128400,5040000,10088400,5040000,0,0,0,5048400,21118139,21.1181
distribute_parallel_for_2700_1700_1200,2700,1200,0,2400,20407200,6123601,1200,53040000,25920000,6122400,2040000,4082400,2040000,0,0,0,2042400,7819228,7.8192
distribute_parallel_for_2700_1700_1700,2700,1700,0,3400,28910200,8675101,1700,59840000,36720000,8673400,2890000,5783400,2890000,0,0,0,2893400,12399575,12.3996
distribute_parallel_for_2700_1700_2200,2700,2200,0,4400,37413200,11226601,2200,66640000,47520000,11224400,3740000,7484400,3740000,0,0,0,3744400,16171272,16.1713
distribute_parallel_for_2700_1700_2700,2700,2700,0,5400,45916200,13778101,2700,73440000,58320000,13775400,4590000,9185400,4590000,0,0,0,4595400,19800055,19.8001
distribute_parallel_for_2700_1700_3200,2700,3200,0,6400,54419200,16329601,3200,80240000,69120000,16326400,5440000,10886400,5440000,0,0,0,5446400,23444146,23.4441
distribute_parallel_for_2700_1700_3700,2700,3700,0,7400,62922200,18881101,3700,87040000,79920000,18877400,6290000,12587400,6290000,0,0,0,6297400,27063321,27.0633
distribute_parallel_for_2700_1700_4200,2700,4200,0,8400,71425200,21432601,4200,93840000,90720000,21428400,7140000,14288400,7140000,0,0,0,7148400,30728077,30.7281
distribute_parallel_for_2700_2200_1200,2700,1200,0,2400,26407200,7923601,1200,68640000,25920000,7922400,2640000,5282400,2640000,0,0,0,2642400,11466495,11.4665
distribute_parallel_for_2700_2200_1700,2700,1700,0,3400,37410200,11225101,1700,77440000,36720000,11223400,3740000,7483400,3740000,0,0,0,3743400,14060281,14.0603
distribute_parallel_for_2700_2200_2200,2700,2200,0,4400,48413200,14526601,2200,86240000,47520000,14524400,4840000,9684400,4840000,0,0,0,4844400,18123653,18.1237
distribute_parallel_for_2700_2200_2700,2700,2700,0,5400,59416200,17828101,2700,95040000,58320000,17825400,5940000,11885400,5940000,0,0,0,5945400,25577615,25.5776
distribute_parallel_for_2700_2200_3200,2700,3200,0,6400,70419200,21129601,3200,103840000,69120000,21126400,7040000,14086400,7040000,0,0,0,7046400,30276724,30.2767
distribute_parallel_for_2700_2200_3700,2700,3700,0,7400,81422200,24431101,3700,112640000,79920000,24427400,8140000,16287400,8140000,0,0,0,8147400,34974403,34.9744
distribute_parallel_for_2700_2200_4200,2700,4200,0,8400,92425200,27732601,4200,121440000,90720000,27728400,9240000,18488400,9240000,0,0,0,9248400,39714432,39.7144
distribute_parallel_for_2700_2700_1200,2700,1200,0,2400,32407200,9723601,1200,84240000,25920000,9722400,3240000,6482400,3240000,0,0,0,3242400,13981914,13.9819
distribute_parallel_for_2700_2700_1700,2700,1700,0,3400,45910200,13775101,1700,95040000,36720000,13773400,4590000,9183400,4590000,0,0,0,4593400,17256305,17.2563
distribute_parallel_for_2700_2700_2200,2700,2200,0,4400,59413200,17826601,2200,105840000,47520000,17824400,5940000,11884400,5940000,0,0,0,5944400,25576163,25.5762
distribute_parallel_for_2700_2700_2700,2700,2700,0,5400,72916200,21878101,2700,116640000,58320000,21875400,7290000,14585400,7290000,0,0,0,7295400,31312950,31.3130
distribute_parallel_for_2700_2700_3200,2700,3200,0,6400,86419200,25929601,3200,127440000,69120000,25926400,8640000,17286400,8640000,0,0,0,8646400,37098727,37.0987
distribute_parallel_for_2700_2700_3700,2700,3700,0,7400,99922200,29981101,3700,138240000,79920000,29977400,9990000,19987400,9990000,0,0,0,9997400,42915814,42.9158
distribute_parallel_for_2700_2700_4200,2700,4200,0,8400,113425200,34032601,4200,149040000,90720000,34028400,11340000,22688400,11340000,0,0,0,11348400,48688386,48.6884
distribute_parallel_for_2700_3200_1200,2700,1200,0,2400,38407200,11523601,1200,99840000,25920000,11522400,3840000,7682400,3840000,0,0,0,3842400,15230185,15.2302
distribute_parallel_for_2700_3200_1700,2700,1700,0,3400,54410200,16325101,1700,112640000,36720000,16323400,5440000,10883400,5440000,0,0,0,5443400,23421724,23.4217
distribute_parallel_for_2700_3200_2200,2700,2200,0,4400,70413200,21126601,2200,125440000,47520000,21124400,7040000,14084400,7040000,0,0,0,7044400,30265624,30.2656
distribute_parallel_for_2700_3200_2700,2700,2700,0,5400,86416200,25928101,2700,138240000,58320000,25925400,8640000,17285400,8640000,0,0,0,8645400,37160825,37.1608
distribute_parallel_for_2700_3200_3200,2700,3200,0,6400,102419200,30729601,3200,151040000,69120000,30726400,10240000,20486400,10240000,0,0,0,10246400,43962639,43.9626
distribute_parallel_for_2700_3200_3700,2700,3700,0,7400,118422200,35531101,3700,163840000,79920000,35527400,11840000,23687400,11840000,0,0,0,11847400,50871516,50.8715
distribute_parallel_for_2700_3200_4200,2700,4200,0,8400,134425200,40332601,4200,176640000,90720000,40328400,13440000,26888400,13440000,0,0,0,13448400,57631469,57.6315
distribute_parallel_for_2700_3700_1200,2700,1200,0,2400,44407200,13323601,1200,115440000,25920000,13322400,4440000,8882400,4440000,0,0,0,4442400,19183268,19.1833
distribute_parallel_for_2700_3700_1700,2700,1700,0,3400,62910200,18875101,1700,130240000,36720000,18873400,6290000,12583400,6290000,0,0,0,6293400,23586052,23.5861
distribute_parallel_for_2700_3700_2200,2700,2200,0,4400,81413200,24426601,2200,145040000,47520000,24424400,8140000,16284400,8140000,0,0,0,8144400,34961765,34.9618
distribute_parallel_for_2700_3700_2700,2700,2700,0,5400,99916200,29978101,2700,159840000,58320000,29975400,9990000,19985400,9990000,0,0,0,9995400,42895100,42.8951
distribute_parallel_for_2700_3700_3200,2700,3200,0,6400,118419200,35529601,3200,174640000,69120000,35526400,11840000,23686400,11840000,0,0,0,11846400,45635913,45.6359
distribute_parallel_for_2700_3700_3700,2700,3700,0,7400,136922200,41081101,3700,189440000,79920000,41077400,13690000,27387400,13690000,0,0,0,13697400,58877919,58.8779
distribute_parallel_for_2700_3700_4200,2700,4200,0,8400,155425200,46632601,4200,204240000,90720000,46628400,15540000,31088400,15540000,0,0,0,15548400,58452744,58.4527
distribute_parallel_for_2750_1250_1250,2750,1250,0,2500,15632500,4691251,1250,40000000,27500000,4690000,1562500,3127500,1562500,0,0,0,1565000,6698799,6.6988
distribute_parallel_for_2750_1250_1750,2750,1750,0,3500,21885500,6567751,1750,45000000,38500000,6566000,2187500,4378500,2187500,0,0,0,2191000,7792325,7.7923
distribute_parallel_for_2750_1250_2250,2750,2250,0,4500,28138500,8444251,2250,50000000,49500000,8442000,2812500,5629500,2812500,0,0,0,2817000,10346920,10.3469
distribute_parallel_for_2750_1250_2750,2750,2750,0,5500,34391500,10320751,2750,55000000,60500000,10318000,3437500,6880500,3437500,0,0,0,3443000,12476865,12.4769
distribute_parallel_for_2750_1250_3250,2750,3250,0,6500,40644500,12197251,3250,60000000,71500000,12194000,4062500,8131500,4062500,0,0,0,4069000,15304502,15.3045
distribute_parallel_for_2750_1250_3750,2750,3750,0,7500,46897500,14073751,3750,65000000,82500000,14070000,4687500,9382500,4687500,0,0,0,4695000,19893999,19.8940
distribute_parallel_for_2750_1250_4250,2750,4250,0,8500,53150500,15950251,4250,70000000,93500000,15946000,5312500,10633500,5312500,0,0,0,5321000,19497401,19.4974
distribute_parallel_for_2750_1750_1250,2750,1250,0,2500,21882500,6566251,1250,56000000,27500000,6565000,2187500,4377500,2187500,0,0,0,2190000,8056131,8.0561
distribute_parallel_for_2750_1750_1750,2750,1750,0,3500,30635500,9192751,1750,63000000,38500000,9191000,3062500,6128500,3062500,0,0,0,3066000,10837326,10.8373
distribute_parallel_for_2750_1750_2250,2750,2250,0,4500,39388500,11819251,2250,70000000,49500000,11817000,3937500,7879500,3937500,0,0,0,3942000,16593635,16.5936
distribute_parallel_for_2750_1750_2750,2750,2750,0,5500,48141500,14445751,2750,77000000,60500000,14443000,4812500,9630500,4812500,0,0,0,4818000,20230567,20.2306
distribute_parallel_for_2750_1750_3250,2750,3250,0,6500,56894500,17072251,3250,84000000,71500000,17069000,5687500,11381500,5687500,0,0,0,5694000,23876775,23.8768
distribute_parallel_for_2750_1750_3750,2750,3750,0,7500,65647500,19698751,3750,91000000,82500000,19695000,6562500,13132500,6562500,0,0,0,6570000,27591185,27.5912
distribute_parallel_for_2750_1750_4250,2750,4250,0,8500,74400500,22325251,4250,98000000,93500000,22321000,7437500,14883500,7437500,0,0,0,7446000,27335870,27.3359
distribute_parallel_for_2750_2250_1250,2750,1250,0,2500,28132500,8441251,1250,72000000,27500000,8440000,2812500,5627500,2812500,0,0,0,2815000,11908141,11.9081
distribute_parallel_for_2750_2250_1750,2750,1750,0,3500,39385500,11817751,1750,81000000,38500000,11816000,3937500,7878500,3937500,0,0,0,3941000,16609565,16.6096
distribute_parallel_for_2750_2250_2250,2750,2250,0,4500,50638500,15194251,2250,90000000,49500000,15192000,5062500,10129500,5062500,0,0,0,5067000,21243764,21.2438
distribute_parallel_for_2750_2250_2750,2750,2750,0,5500,61891500,18570751,2750,99000000,60500000,18568000,6187500,12380500,6187500,0,0,0,6193000,23116800,23.1168
distribute_parallel_for_2750_2250_3250,2750,3250,0,6500,73144500,21947251,3250,108000000,71500000,21944000,7312500,14631500,7312500,0,0,0,7319000,30799456,30.7995
distribute_parallel_for_2750_2250_3750,2750,3750,0,7500,84397500,25323751,3750,117000000,82500000,25320000,8437500,16882500,8437500,0,0,0,8445000,30987523,30.9875
distribute_parallel_for_2750_2250_4250,2750,4250,0,8500,95650500,28700251,4250,126000000,93500000,28696000,9562500,19133500,9562500,0,0,0,9571000,36947702,36.9477
distribute_parallel_for_2750_2750_1250,2750,1250,0,2500,34382500,10316251,1250,88000000,27500000,10315000,3437500,6877500,3437500,0,0,0,3440000,14548727,14.5487
distribute_parallel_for_2750_2750_1750,2750,1750,0,3500,48135500,14442751,1750,99000000,38500000,14441000,4812500,9628500,4812500,0,0,0,4816000,18326887,18.3269
distribute_parallel_for_2750_2750_2250,2750,2250,0,4500,61888500,18569251,2250,110000000,49500000,18567000,6187500,12379500,6187500,0,0,0,6192000,22599999,22.6000
distribute_parallel_for_2750_2750_2750,2750,2750,0,5500,75641500,22695751,2750,121000000,60500000,22693000,7562500,15130500,7562500,0,0,0,7568000,31780637,31.7806
distribute_parallel_for_2750_2750_3250,2750,3250,0,6500,89394500,26822251,3250,132000000,71500000,26819000,8937500,17881500,8937500,0,0,0,8944000,37534925,37.5349
distribute_parallel_for_2750_2750_3750,2750,3750,0,7500,103147500,30948751,3750,143000000,82500000,30945000,10312500,20632500,10312500,0,0,0,10320000,43287386,43.2874
distribute_parallel_for_2750_2750_4250,2750,4250,0,8500,116900500,35075251,4250,154000000,93500000,35071000,11687500,23383500,11687500,0,0,0,11696000,42291832,42.2918
distribute_parallel_for_2750_3250_1250,2750,1250,0,2500,40632500,12191251,1250,104000000,27500000,12190000,4062500,8127500,4062500,0,0,0,4065000,17049275,17.0493
distribute_parallel_for_2750_3250_1750,2750,1750,0,3500,56885500,17067751,1750,117000000,38500000,17066000,5687500,11378500,5687500,0,0,0,5691000,20530995,20.5310
distribute_parallel_for_2750_3250_2250,2750,2250,0,4500,73138500,21944251,2250,130000000,49500000,21942000,7312500,14629500,7312500,0,0,0,7317000,26610310,26.6103
distribute_parallel_for_2750_3250_2750,2750,2750,0,5500,89391500,26820751,2750,143000000,60500000,26818000,8937500,17880500,8937500,0,0,0,8943000,37566377,37.5664
distribute_parallel_for_2750_3250_3250,2750,3250,0,6500,105644500,31697251,3250,156000000,71500000,31694000,10562500,21131500,10562500,0,0,0,10569000,37847968,37.8480
distribute_parallel_for_2750_3250_3750,2750,3750,0,7500,121897500,36573751,3750,169000000,82500000,36570000,12187500,24382500,12187500,0,0,0,12195000,51173975,51.1740
distribute_parallel_for_2750_3250_4250,2750,4250,0,8500,138150500,41450251,4250,182000000,93500000,41446000,13812500,27633500,13812500,0,0,0,13821000,50739323,50.7393
distribute_parallel_for_2750_3750_1250,2750,1250,0,2500,46882500,14066251,1250,120000000,27500000,14065000,4687500,9377500,4687500,0,0,0,4690000,19778150,19.7782
distribute_parallel_for_2750_3750_1750,2750,1750,0,3500,65635500,19692751,1750,135000000,38500000,19691000,6562500,13128500,6562500,0,0,0,6566000,23953120,23.9531
distribute_parallel_for_2750_3750_2250,2750,2250,0,4500,84388500,25319251,2250,150000000,49500000,25317000,8437500,16879500,8437500,0,0,0,8442000,30569751,30.5698
distribute_parallel_for_2750_3750_2750,2750,2750,0,5500,103141500,30945751,2750,165000000,60500000,30943000,10312500,20630500,10312500,0,0,0,10318000,37730405,37.7304
distribute_parallel_for_2750_3750_3250,2750,3250,0,6500,121894500,36572251,3250,180000000,71500000,36569000,12187500,24381500,12187500,0,0,0,12194000,44057049,44.0570
distribute_parallel_for_2750_3750_3750,2750,3750,0,7500,140647500,42198751,3750,195000000,82500000,42195000,14062500,28132500,14062500,0,0,0,14070000,59152525,59.1525
distribute_parallel_for_2750_3750_4250,2750,4250,0,8500,159400500,47825251,4250,210000000,93500000,47821000,15937500,31883500,15937500,0,0,0,15946000,57374782,57.3748
distribute_parallel_for_2750_4250_1250,2750,1250,0,2500,53132500,15941251,1250,136000000,27500000,15940000,5312500,10627500,5312500,0,0,0,5315000,22397428,22.3974
distribute_parallel_for_2750_4250_1750,2750,1750,0,3500,74385500,22317751,1750,153000000,38500000,22316000,7437500,14878500,7437500,0,0,0,7441000,31255293,31.2553
distribute_parallel_for_2750_4250_2250,2750,2250,0,4500,95638500,28694251,2250,170000000,49500000,28692000,9562500,19129500,9562500,0,0,0,9567000,34765965,34.7660
distribute_parallel_for_2750_4250_2750,2750,2750,0,5500,116891500,35070751,2750,187000000,60500000,35068000,11687500,23380500,11687500,0,0,0,11693000,42334816,42.3348
distribute_parallel_for_2750_4250_3250,2750,3250,0,6500,138144500,41447251,3250,204000000,71500000,41444000,13812500,27631500,13812500,0,0,0,13819000,49736919,49.7369
distribute_parallel_for_2750_4250_3750,2750,3750,0,7500,159397500,47823751,3750,221000000,82500000,47820000,15937500,31882500,15937500,0,0,0,15945000,57598258,57.5983
distribute_parallel_for_2750_4250_4250,2750,4250,0,8500,180650500,54200251,4250,238000000,93500000,54196000,18062500,36133500,18062500,0,0,0,18071000,65366348,65.3663
distribute_parallel_for_2900_1400_1400,2900,1400,0,2800,19608400,5884201,1400,48160000,32480000,5882800,1960000,3922800,1960000,0,0,0,1962800,7312711,7.3127
distribute_parallel_for_2900_1400_1900,2900,1900,0,3800,26611400,7985701,1900,53760000,44080000,7983800,2660000,5323800,2660000,0,0,0,2663800,11163841,11.1638
distribute_parallel_for_2900_1400_2400,2900,2400,0,4800,33614400,10087201,2400,59360000,55680000,10084800,3360000,6724800,3360000,0,0,0,3364800,12597660,12.5977
distribute_parallel_for_2900_1400_2900,2900,2900,0,5800,40617400,12188701,2900,64960000,67280000,12185800,4060000,8125800,4060000,0,0,0,4065800,15141358,15.1414
distribute_parallel_for_2900_1400_3400,2900,3400,0,6800,47620400,14290201,3400,70560000,78880000,14286800,4760000,9526800,4760000,0,0,0,4766800,17741003,17.7410
distribute_parallel_for_2900_1400_3900,2900,3900,0,7800,54623400,16391701,3900,76160000,90480000,16387800,5460000,10927800,5460000,0,0,0,5467800,21134498,21.1345
distribute_parallel_for_2900_1400_900,2900,900,0,1800,12605400,3782701,900,42560000,20880000,3781800,1260000,2521800,1260000,0,0,0,1261800,5444788,5.4448
distribute_parallel_for_2900_1900_1400,2900,1400,0,2800,26608400,7984201,1400,65360000,32480000,7982800,2660000,5322800,2660000,0,0,0,2662800,11408365,11.4084
distribute_parallel_for_2900_1900_1900,2900,1900,0,3800,36111400,10835701,1900,72960000,44080000,10833800,3610000,7223800,3610000,0,0,0,3613800,13596554,13.5966
distribute_parallel_for_2900_1900_2400,2900,2400,0,4800,45614400,13687201,2400,80560000,55680000,13684800,4560000,9124800,4560000,0,0,0,4564800,16879584,16.8796
distribute_parallel_for_2900_1900_2900,2900,2900,0,5800,55117400,16538701,2900,88160000,67280000,16535800,5510000,11025800,5510000,0,0,0,5515800,22554343,22.5543
distribute_parallel_for_2900_1900_3400,2900,3400,0,6800,64620400,19390201,3400,95760000,78880000,19386800,6460000,12926800,6460000,0,0,0,6466800,24160876,24.1609
distribute_parallel_for_2900_1900_3900,2900,3900,0,7800,74123400,22241701,3900,103360000,90480000,22237800,7410000,14827800,7410000,0,0,0,7417800,30605470,30.6055
distribute_parallel_for_2900_1900_900,2900,900,0,1800,17105400,5132701,900,57760000,20880000,5131800,1710000,3421800,1710000,0,0,0,1711800,7211272,7.2113
distribute_parallel_for_2900_2400_1400,2900,1400,0,2800,33608400,10084201,1400,82560000,32480000,10082800,3360000,6722800,3360000,0,0,0,3362800,14357201,14.3572
distribute_parallel_for_2900_2400_1900,2900,1900,0,3800,45611400,13685701,1900,92160000,44080000,13683800,4560000,9123800,4560000,0,0,0,4563800,17871659,17.8717
distribute_parallel_for_2900_2400_2400,2900,2400,0,4800,57614400,17287201,2400,101760000,55680000,17284800,5760000,11524800,5760000,0,0,0,5764800,21570236,21.5702
distribute_parallel_for_2900_2400_2900,2900,2900,0,5800,69617400,20888701,2900,111360000,67280000,20885800,6960000,13925800,6960000,0,0,0,6965800,27692911,27.6929
distribute_parallel_for_2900_2400_3400,2900,3400,0,6800,81620400,24490201,3400,120960000,78880000,24486800,8160000,16326800,8160000,0,0,0,8166800,30087331,30.0873
distribute_parallel_for_2900_2400_3900,2900,3900,0,7800,93623400,28091701,3900,130560000,90480000,28087800,9360000,18727800,9360000,0,0,0,9367800,34455897,34.4559
distribute_parallel_for_2900_2400_900,2900,900,0,1800,21605400,6482701,900,72960000,20880000,6481800,2160000,4321800,2160000,0,0,0,2161800,8058955,8.0590
distribute_parallel_for_2900_2900_1400,2900,1400,0,2800,40608400,12184201,1400,99760000,32480000,12182800,4060000,8122800,4060000,0,0,0,4062800,15169297,15.1693
distribute_parallel_for_2900_2900_1900,2900,1900,0,3800,55111400,16535701,1900,111360000,44080000,16533800,5510000,11023800,5510000,0,0,0,5513800,20645147,20.6451
distribute_parallel_for_2900_2900_2400,2900,2400,0,4800,69614400,20887201,2400,122960000,55680000,20884800,6960000,13924800,6960000,0,0,0,6964800,25778454,25.7785
distribute_parallel_for_2900_2900_2900,2900,2900,0,5800,84117400,25238701,2900,134560000,67280000,25235800,8410000,16825800,8410000,0,0,0,8415800,31559312,31.5593
distribute_parallel_for_2900_2900_3400,2900,3400,0,6800,98620400,29590201,3400,146160000,78880000,29586800,9860000,19726800,9860000,0,0,0,9866800,36907554,36.9076
distribute_parallel_for_2900_2900_3900,2900,3900,0,7800,113123400,33941701,3900,157760000,90480000,33937800,11310000,22627800,11310000,0,0,0,11317800,42123915,42.1239
distribute_parallel_for_2900_2900_900,2900,900,0,1800,26105400,7832701,900,88160000,20880000,7831800,2610000,5221800,2610000,0,0,0,2611800,9683758,9.6838
distribute_parallel_for_2900_3400_1400,2900,1400,0,2800,47608400,14284201,1400,116960000,32480000,14282800,4760000,9522800,4760000,0,0,0,4762800,17712515,17.7125
distribute_parallel_for_2900_3400_1900,2900,1900,0,3800,64611400,19385701,1900,130560000,44080000,19383800,6460000,12923800,6460000,0,0,0,6463800,23971131,23.9711
distribute_parallel_for_2900_3400_2400,2900,2400,0,4800,81614400,24487201,2400,144160000,55680000,24484800,8160000,16324800,8160000,0,0,0,8164800,30328915,30.3289
distribute_parallel_for_2900_3400_2900,2900,2900,0,5800,98617400,29588701,2900,157760000,67280000,29585800,9860000,19725800,9860000,0,0,0,9865800,36710492,36.7105
distribute_parallel_for_2900_3400_3400,2900,3400,0,6800,115620400,34690201,3400,171360000,78880000,34686800,11560000,23126800,11560000,0,0,0,11566800,48698169,48.6982
distribute_parallel_for_2900_3400_3900,2900,3900,0,7800,132623400,39791701,3900,184960000,90480000,39787800,13260000,26527800,13260000,0,0,0,13267800,49158970,49.1590
distribute_parallel_for_2900_3400_900,2900,900,0,1800,30605400,9182701,900,103360000,20880000,9181800,3060000,6121800,3060000,0,0,0,3061800,13247353,13.2474
distribute_parallel_for_2900_3900_1400,2900,1400,0,2800,54608400,16384201,1400,134160000,32480000,16382800,5460000,10922800,5460000,0,0,0,5462800,23005984,23.0060
distribute_parallel_for_2900_3900_1900,2900,1900,0,3800,74111400,22235701,1900,149760000,44080000,22233800,7410000,14823800,7410000,0,0,0,7413800,28569798,28.5698
distribute_parallel_for_2900_3900_2400,2900,2400,0,4800,93614400,28087201,2400,165360000,55680000,28084800,9360000,18724800,9360000,0,0,0,9364800,34730466,34.7305
distribute_parallel_for_2900_3900_2900,2900,2900,0,5800,113117400,33938701,2900,180960000,67280000,33935800,11310000,22625800,11310000,0,0,0,11315800,44197487,44.1975
distribute_parallel_for_2900_3900_3400,2900,3400,0,6800,132620400,39790201,3400,196560000,78880000,39786800,13260000,26526800,13260000,0,0,0,13266800,49149815,49.1498
distribute_parallel_for_2900_3900_3900,2900,3900,0,7800,152123400,45641701,3900,212160000,90480000,45637800,15210000,30427800,15210000,0,0,0,15217800,56427886,56.4279
distribute_parallel_for_2900_3900_900,2900,900,0,1800,35105400,10532701,900,118560000,20880000,10531800,3510000,7021800,3510000,0,0,0,3511800,13700995,13.7010
distribute_parallel_for_2900_900_1400,2900,1400,0,2800,12608400,3784201,1400,30960000,32480000,3782800,1260000,2522800,1260000,0,0,0,1262800,5384160,5.3842
distribute_parallel_for_2900_900_1900,2900,1900,0,3800,17111400,5135701,1900,34560000,44080000,5133800,1710000,3423800,1710000,0,0,0,1713800,7302707,7.3027
distribute_parallel_for_2900_900_2400,2900,2400,0,4800,21614400,6487201,2400,38160000,55680000,6484800,2160000,4324800,2160000,0,0,0,2164800,8972047,8.9720
distribute_parallel_for_2900_900_2900,2900,2900,0,5800,26117400,7838701,2900,41760000,67280000,7835800,2610000,5225800,2610000,0,0,0,2615800,11171322,11.1713
distribute_parallel_for_2900_900_3400,2900,3400,0,6800,30620400,9190201,3400,45360000,78880000,9186800,3060000,6126800,3060000,0,0,0,3066800,11306525,11.3065
distribute_parallel_for_2900_900_3900,2900,3900,0,7800,35123400,10541701,3900,48960000,90480000,10537800,3510000,7027800,3510000,0,0,0,3517800,14252559,14.2526
distribute_parallel_for_2900_900_900,2900,900,0,1800,8105400,2432701,900,27360000,20880000,2431800,810000,1621800,810000,0,0,0,811800,3523247,3.5232
distribute_parallel_for_3000_1000_1000,3000,1000,0,2000,10006000,3003001,1000,32000000,24000000,3002000,1000000,2002000,1000000,0,0,0,1002000,3831562,3.8316
distribute_parallel_for_3000_1000_1500,3000,1500,0,3000,15009000,4504501,1500,36000000,36000000,4503000,1500000,3003000,1500000,0,0,0,1503000,5548133,5.5481
distribute_parallel_for_3000_1000_2000,3000,2000,0,4000,20012000,6006001,2000,40000000,48000000,6004000,2000000,4004000,2000000,0,0,0,2004000,7478189,7.4782
distribute_parallel_for_3000_1000_2500,3000,2500,0,5000,25015000,7507501,2500,44000000,60000000,7505000,2500000,5005000,2500000,0,0,0,2505000,9143474,9.1435
distribute_parallel_for_3000_1000_3000,3000,3000,0,6000,30018000,9009001,3000,48000000,72000000,9006000,3000000,6006000,3000000,0,0,0,3006000,12901732,12.9017
distribute_parallel_for_3000_1000_3500,3000,3500,0,7000,35021000,10510501,3500,52000000,84000000,10507000,3500000,7007000,3500000,0,0,0,3507000,12609542,12.6095
distribute_parallel_for_3000_1000_4000,3000,4000,0,8000,40024000,12012001,4000,56000000,96000000,12008000,4000000,8008000,4000000,0,0,0,4008000,17162336,17.1623
distribute_parallel_for_3000_1500_1000,3000,1000,0,2000,15006000,4503001,1000,48000000,24000000,4502000,1500000,3002000,1500000,0,0,0,1502000,5576723,5.5767
distribute_parallel_for_3000_1500_1500,3000,1500,0,3000,22509000,6754501,1500,54000000,36000000,6753000,2250000,4503000,2250000,0,0,0,2253000,8102765,8.1028
distribute_parallel_for_3000_1500_2000,3000,2000,0,4000,30012000,9006001,2000,60000000,48000000,9004000,3000000,6004000,3000000,0,0,0,3004000,10971502,10.9715
distribute_parallel_for_3000_1500_2500,3000,2500,0,5000,37515000,11257501,2500,66000000,60000000,11255000,3750000,7505000,3750000,0,0,0,3755000,13649848,13.6498
distribute_parallel_for_3000_1500_3000,3000,3000,0,6000,45018000,13509001,3000,72000000,72000000,13506000,4500000,9006000,4500000,0,0,0,4506000,19306938,19.3069
distribute_parallel_for_3000_1500_3500,3000,3500,0,7000,52521000,15760501,3500,78000000,84000000,15757000,5250000,10507000,5250000,0,0,0,5257000,22481901,22.4819
distribute_parallel_for_3000_1500_4000,3000,4000,0,8000,60024000,18012001,4000,84000000,96000000,18008000,6000000,12008000,6000000,0,0,0,6008000,25683495,25.6835
distribute_parallel_for_3000_2000_1000,3000,1000,0,2000,20006000,6003001,1000,64000000,24000000,6002000,2000000,4002000,2000000,0,0,0,2002000,7440033,7.4400
distribute_parallel_for_3000_2000_1500,3000,1500,0,3000,30009000,9004501,1500,72000000,36000000,9003000,3000000,6003000,3000000,0,0,0,3003000,10848467,10.8485
distribute_parallel_for_3000_2000_2000,3000,2000,0,4000,40012000,12006001,2000,80000000,48000000,12004000,4000000,8004000,4000000,0,0,0,4004000,14809737,14.8097
distribute_parallel_for_3000_2000_2500,3000,2500,0,5000,50015000,15007501,2500,88000000,60000000,15005000,5000000,10005000,5000000,0,0,0,5005000,21364739,21.3647
distribute_parallel_for_3000_2000_3000,3000,3000,0,6000,60018000,18009001,3000,96000000,72000000,18006000,6000000,12006000,6000000,0,0,0,6006000,22227714,22.2277
distribute_parallel_for_3000_2000_3500,3000,3500,0,7000,70021000,21010501,3500,104000000,84000000,21007000,7000000,14007000,7000000,0,0,0,7007000,29859223,29.8592
distribute_parallel_for_3000_2000_4000,3000,4000,0,8000,80024000,24012001,4000,112000000,96000000,24008000,8000000,16008000,8000000,0,0,0,8008000,34068817,34.0688
distribute_parallel_for_3000_2500_1000,3000,1000,0,2000,25006000,7503001,1000,80000000,24000000,7502000,2500000,5002000,2500000,0,0,0,2502000,9321641,9.3216
distribute_parallel_for_3000_2500_1500,3000,1500,0,3000,37509000,11254501,1500,90000000,36000000,11253000,3750000,7503000,3750000,0,0,0,3753000,16076260,16.0763
distribute_parallel_for_3000_2500_2000,3000,2000,0,4000,50012000,15006001,2000,100000000,48000000,15004000,5000000,10004000,5000000,0,0,0,5004000,21447466,21.4475
distribute_parallel_for_3000_2500_2500,3000,2500,0,5000,62515000,18757501,2500,110000000,60000000,18755000,6250000,12505000,6250000,0,0,0,6255000,26724567,26.7246
distribute_parallel_for_3000_2500_3000,3000,3000,0,6000,75018000,22509001,3000,120000000,72000000,22506000,7500000,15006000,7500000,0,0,0,7506000,32074804,32.0748
distribute_parallel_for_3000_2500_3500,3000,3500,0,7000,87521000,26260501,3500,130000000,84000000,26257000,8750000,17507000,8750000,0,0,0,8757000,31929575,31.9296
distribute_parallel_for_3000_2500_4000,3000,4000,0,8000,100024000,30012001,4000,140000000,96000000,30008000,10000000,20008000,10000000,0,0,0,10008000,36344298,36.3443
distribute_parallel_for_3000_3000_1000,3000,1000,0,2000,30006000,9003001,1000,96000000,24000000,9002000,3000000,6002000,3000000,0,0,0,3002000,12911421,12.9114
distribute_parallel_for_3000_3000_1500,3000,1500,0,3000,45009000,13504501,1500,108000000,36000000,13503000,4500000,9003000,4500000,0,0,0,4503000,19312220,19.3122
distribute_parallel_for_3000_3000_2000,3000,2000,0,4000,60012000,18006001,2000,120000000,48000000,18004000,6000000,12004000,6000000,0,0,0,6004000,21968821,21.9688
distribute_parallel_for_3000_3000_2500,3000,2500,0,5000,75015000,22507501,2500,132000000,60000000,22505000,7500000,15005000,7500000,0,0,0,7505000,27610541,27.6105
distribute_parallel_for_3000_3000_3000,3000,3000,0,6000,90018000,27009001,3000,144000000,72000000,27006000,9000000,18006000,9000000,0,0,0,9006000,33151309,33.1513
distribute_parallel_for_3000_3000_3500,3000,3500,0,7000,105021000,31510501,3500,156000000,84000000,31507000,10500000,21007000,10500000,0,0,0,10507000,38911065,38.9111
distribute_parallel_for_3000_3000_4000,3000,4000,0,8000,120024000,36012001,4000,168000000,96000000,36008000,12000000,24008000,12000000,0,0,0,12008000,43853041,43.8530
distribute_parallel_for_3000_3500_1000,3000,1000,0,2000,35006000,10503001,1000,112000000,24000000,10502000,3500000,7002000,3500000,0,0,0,3502000,14964087,14.9641
distribute_parallel_for_3000_3500_1500,3000,1500,0,3000,52509000,15754501,1500,126000000,36000000,15753000,5250000,10503000,5250000,0,0,0,5253000,22467606,22.4676
distribute_parallel_for_300_100_100,300,100,0,200,100600,30301,100,320000,240000,30200,10000,20200,10000,0,0,0,10200,32867,0.0329
distribute_parallel_for_300_100_200,300,200,0,400,201200,60601,200,400000,480000,60400,20000,40400,20000,0,0,0,20400,64698,0.0647
distribute_parallel_for_300_100_300,300,300,0,600,301800,90901,300,480000,720000,90600,30000,60600,30000,0,0,0,30600,97220,0.0972
distribute_parallel_for_300_100_400,300,400,0,800,402400,121201,400,560000,960000,120800,40000,80800,40000,0,0,0,40800,134498,0.1345
distribute_parallel_for_300_100_500,300,500,0,1000,503000,151501,500,640000,1200000,151000,50000,101000,50000,0,0,0,51000,160682,0.1607
distribute_parallel_for_300_100_600,300,600,0,1200,603600,181801,600,720000,1440000,181200,60000,121200,60000,0,0,0,61200,201348,0.2013
distribute_parallel_for_300_100_700,300,700,0,1400,704200,212101,700,800000,1680000,211400,70000,141400,70000,0,0,0,71400,236875,0.2369
distribute_parallel_for_300_100_800,300,800,0,1600,804800,242401,800,880000,1920000,241600,80000,161600,80000,0,0,0,81600,258449,0.2584
distribute_parallel_for_300_100_900,300,900,0,1800,905400,272701,900,960000,2160000,271800,90000,181800,90000,0,0,0,91800,287546,0.2875
distribute_parallel_for_300_200_100,300,100,0,200,200600,60301,100,640000,240000,60200,20000,40200,20000,0,0,0,20200,64238,0.0642
distribute_parallel_for_300_200_200,300,200,0,400,401200,120601,200,800000,480000,120400,40000,80400,40000,0,0,0,40400,128641,0.1286
distribute_parallel_for_300_200_300,300,300,0,600,601800,180901,300,960000,720000,180600,60000,120600,60000,0,0,0,60600,199944,0.1999
distribute_parallel_for_300_200_400,300,400,0,800,802400,241201,400,1120000,960000,240800,80000,160800,80000,0,0,0,80800,255804,0.2558
distribute_parallel_for_300_200_500,300,500,0,1000,1003000,301501,500,1280000,1200000,301000,100000,201000,100000,0,0,0,101000,319843,0.3198
distribute_parallel_for_300_200_600,300,600,0,1200,1203600,361801,600,1440000,1440000,361200,120000,241200,120000,0,0,0,121200,400097,0.4001
distribute_parallel_for_300_200_700,300,700,0,1400,1404200,422101,700,1600000,1680000,421400,140000,281400,140000,0,0,0,141400,466201,0.4662
distribute_parallel_for_300_200_800,300,800,0,1600,1604800,482401,800,1760000,1920000,481600,160000,321600,160000,0,0,0,161600,507818,0.5078
distribute_parallel_for_300_200_900,300,900,0,1800,1805400,542701,900,1920000,2160000,541800,180000,361800,180000,0,0,0,181800,570990,0.5710
distribute_parallel_for_300_300_100,300,100,0,200,300600,90301,100,960000,240000,90200,30000,60200,30000,0,0,0,30200,101323,0.1013
distribute_parallel_for_300_300_200,300,200,0,400,601200,180601,200,1200000,480000,180400,60000,120400,60000,0,0,0,60400,199914,0.1999
distribute_parallel_for_300_300_300,300,300,0,600,901800,270901,300,1440000,720000,270600,90000,180600,90000,0,0,0,90600,300707,0.3007
distribute_parallel_for_300_300_400,300,400,0,800,1202400,361201,400,1680000,960000,360800,120000,240800,120000,0,0,0,120800,406769,0.4068
distribute_parallel_for_300_300_500,300,500,0,1000,1503000,451501,500,1920000,1200000,451000,150000,301000,150000,0,0,0,151000,476029,0.4760
distribute_parallel_for_300_300_600,300,600,0,1200,1803600,541801,600,2160000,1440000,541200,180000,361200,180000,0,0,0,181200,596998,0.5970
distribute_parallel_for_300_300_700,300,700,0,1400,2104200,632101,700,2400000,1680000,631400,210000,421400,210000,0,0,0,211400,664870,0.6649
distribute_parallel_for_300_300_800,300,800,0,1600,2404800,722401,800,2640000,1920000,721600,240000,481600,240000,0,0,0,241600,759158,0.7592
distribute_parallel_for_300_300_900,300,900,0,1800,2705400,812701,900,2880000,2160000,811800,270000,541800,270000,0,0,0,271800,856775,0.8568
distribute_parallel_for_300_400_100,300,100,0,200,400600,120301,100,1280000,240000,120200,40000,80200,40000,0,0,0,40200,129535,0.1295
distribute_parallel_for_300_400_200,300,200,0,400,801200,240601,200,1600000,480000,240400,80000,160400,80000,0,0,0,80400,254693,0.2547
distribute_parallel_for_300_400_300,300,300,0,600,1201800,360901,300,1920000,720000,360600,120000,240600,120000,0,0,0,120600,380606,0.3806
distribute_parallel_for_300_400_400,300,400,0,800,1602400,481201,400,2240000,960000,480800,160000,320800,160000,0,0,0,160800,530675,0.5307
distribute_parallel_for_300_400_500,300,500,0,1000,2003000,601501,500,2560000,1200000,601000,200000,401000,200000,0,0,0,201000,662868,0.6629
distribute_parallel_for_300_400_600,300,600,0,1200,2403600,721801,600,2880000,1440000,721200,240000,481200,240000,0,0,0,241200,798028,0.7980
distribute_parallel_for_300_400_700,300,700,0,1400,2804200,842101,700,3200000,1680000,841400,280000,561400,280000,0,0,0,281400,886592,0.8866
distribute_parallel_for_300_400_800,300,800,0,1600,3204800,962401,800,3520000,1920000,961600,320000,641600,320000,0,0,0,321600,1062694,1.0627
distribute_parallel_for_300_400_900,300,900,0,1800,3605400,1082701,900,3840000,2160000,1081800,360000,721800,360000,0,0,0,361800,1196969,1.1970
distribute_parallel_for_300_500_100,300,100,0,200,500600,150301,100,1600000,240000,150200,50000,100200,50000,0,0,0,50200,168192,0.1682
distribute_parallel_for_300_500_200,300,200,0,400,1001200,300601,200,2000000,480000,300400,100000,200400,100000,0,0,0,100400,333611,0.3336
distribute_parallel_for_300_500_300,300,300,0,600,1501800,450901,300,2400000,720000,450600,150000,300600,150000,0,0,0,150600,475305,0.4753
distribute_parallel_for_300_500_400,300,400,0,800,2002400,601201,400,2800000,960000,600800,200000,400800,200000,0,0,0,200800,674341,0.6743
distribute_parallel_for_300_500_500,300,500,0,1000,2503000,751501,500,3200000,1200000,751000,250000,501000,250000,0,0,0,251000,845805,0.8458
distribute_parallel_for_300_500_600,300,600,0,1200,3003600,901801,600,3600000,1440000,901200,300000,601200,300000,0,0,0,301200,958643,0.9586
distribute_parallel_for_300_500_700,300,700,0,1400,3504200,1052101,700,4000000,1680000,1051400,350000,701400,350000,0,0,0,351400,1175158,1.1752
distribute_parallel_for_300_500_800,300,800,0,1600,4004800,1202401,800,4400000,1920000,1201600,400000,801600,400000,0,0,0,401600,1416606,1.4166
distribute_parallel_for_300_500_900,300,900,0,1800,4505400,1352701,900,4800000,2160000,1351800,450000,901800,450000,0,0,0,451800,1437248,1.4372
distribute_parallel_for_300_600_100,300,100,0,200,600600,180301,100,1920000,240000,180200,60000,120200,60000,0,0,0,60200,194768,0.1948
distribute_parallel_for_300_600_200,300,200,0,400,1201200,360601,200,2400000,480000,360400,120000,240400,120000,0,0,0,120400,384087,0.3841
distribute_parallel_for_300_600_300,300,300,0,600,1801800,540901,300,2880000,720000,540600,180000,360600,180000,0,0,0,180600,582921,0.5829
distribute_parallel_for_300_600_400,300,400,0,800,2402400,721201,400,3360000,960000,720800,240000,480800,240000,0,0,0,240800,773455,0.7735
distribute_parallel_for_300_600_500,300,500,0,1000,3003000,901501,500,3840000,1200000,901000,300000,601000,300000,0,0,0,301000,964130,0.9641
distribute_parallel_for_300_600_600,300,600,0,1200,3603600,1081801,600,4320000,1440000,1081200,360000,721200,360000,0,0,0,361200,1165848,1.1658
distribute_parallel_for_300_600_700,300,700,0,1400,4204200,1262101,700,4800000,1680000,1261400,420000,841400,420000,0,0,0,421400,1367224,1.3672
distribute_parallel_for_300_600_800,300,800,0,1600,4804800,1442401,800,5280000,1920000,1441600,480000,961600,480000,0,0,0,481600,1553355,1.5534
distribute_parallel_for_300_600_900,300,900,0,1800,5405400,1622701,900,5760000,2160000,1621800,540000,1081800,540000,0,0,0,541800,1860899,1.8609
distribute_parallel_for_300_700_100,300,100,0,200,700600,210301,100,2240000,240000,210200,70000,140200,70000,0,0,0,70200,236363,0.2364
distribute_parallel_for_300_700_200,300,200,0,400,1401200,420601,200,2800000,480000,420400,140000,280400,140000,0,0,0,140400,462293,0.4623
distribute_parallel_for_300_700_300,300,300,0,600,2101800,630901,300,3360000,720000,630600,210000,420600,210000,0,0,0,210600,908121,0.9081
distribute_parallel_for_300_700_400,300,400,0,800,2802400,841201,400,3920000,960000,840800,280000,560800,280000,0,0,0,280800,965817,0.9658
distribute_parallel_for_300_700_500,300,500,0,1000,3503000,1051501,500,4480000,1200000,1051000,350000,701000,350000,0,0,0,351000,1162218,1.1622
distribute_parallel_for_300_700_600,300,600,0,1200,4203600,1261801,600,5040000,1440000,1261200,420000,841200,420000,0,0,0,421200,1464429,1.4644
distribute_parallel_for_300_700_700,300,700,0,1400,4904200,1472101,700,5600000,1680000,1471400,490000,981400,490000,0,0,0,491400,1596142,1.5961
distribute_parallel_for_300_700_800,300,800,0,1600,5604800,1682401,800,6160000,1920000,1681600,560000,1121600,560000,0,0,0,561600,1836328,1.8363
distribute_parallel_for_300_700_900,300,900,0,1800,6305400,1892701,900,6720000,2160000,1891800,630000,1261800,630000,0,0,0,631800,2050509,2.0505
distribute_parallel_for_300_800_100,300,100,0,200,800600,240301,100,2560000,240000,240200,80000,160200,80000,0,0,0,80200,277617,0.2776
distribute_parallel_for_300_800_200,300,200,0,400,1601200,480601,200,3200000,480000,480400,160000,320400,160000,0,0,0,160400,530439,0.5304
distribute_parallel_for_300_800_300,300,300,0,600,2401800,720901,300,3840000,720000,720600,240000,480600,240000,0,0,0,240600,832339,0.8323
distribute_parallel_for_300_800_400,300,400,0,800,3202400,961201,400,4480000,960000,960800,320000,640800,320000,0,0,0,320800,1097382,1.0974
distribute_parallel_for_300_800_500,300,500,0,1000,4003000,1201501,500,5120000,1200000,1201000,400000,801000,400000,0,0,0,401000,1308255,1.3083
distribute_parallel_for_300_800_600,300,600,0,1200,4803600,1441801,600,5760000,1440000,1441200,480000,961200,480000,0,0,0,481200,1626535,1.6265
distribute_parallel_for_300_800_700,300,700,0,1400,5604200,1682101,700,6400000,1680000,1681400,560000,1121400,560000,0,0,0,561400,1929167,1.9292
distribute_parallel_for_300_800_800,300,800,0,1600,6404800,1922401,800,7040000,1920000,1921600,640000,1281600,640000,0,0,0,641600,2205190,2.2052
distribute_parallel_for_300_800_900,300,900,0,1800,7205400,2162701,900,7680000,2160000,2161800,720000,1441800,720000,0,0,0,721800,2481453,2.4815
distribute_parallel_for_300_900_100,300,100,0,200,900600,270301,100,2880000,240000,270200,90000,180200,90000,0,0,0,90200,289074,0.2891
distribute_parallel_for_300_900_200,300,200,0,400,1801200,540601,200,3600000,480000,540400,180000,360400,180000,0,0,0,180400,614725,0.6147
distribute_parallel_for_300_900_300,300,300,0,600,2701800,810901,300,4320000,720000,810600,270000,540600,270000,0,0,0,270600,874859,0.8749
distribute_parallel_for_300_900_400,300,400,0,800,3602400,1081201,400,5040000,960000,1080800,360000,720800,360000,0,0,0,360800,1174031,1.1740
distribute_parallel_for_300_900_500,300,500,0,1000,4503000,1351501,500,5760000,1200000,1351000,450000,901000,450000,0,0,0,451000,1551277,1.5513
distribute_parallel_for_300_900_600,300,600,0,1200,5403600,1621801,600,6480000,1440000,1621200,540000,1081200,540000,0,0,0,541200,1856826,1.8568
distribute_parallel_for_300_900_700,300,700,0,1400,6304200,1892101,700,7200000,1680000,1891400,630000,1261400,630000,0,0,0,631400,2041467,2.0415
distribute_parallel_for_300_900_800,300,800,0,1600,7204800,2162401,800,7920000,1920000,2161600,720000,1441600,720000,0,0,0,721600,2478617,2.4786
distribute_parallel_for_300_900_900,300,900,0,1800,8105400,2432701,900,8640000,2160000,2431800,810000,1621800,810000,0,0,0,811800,2634757,2.6348
distribute_parallel_for_3200_1200_1200,3200,1200,0,2400,14407200,4323601,1200,42240000,30720000,4322400,1440000,2882400,1440000,0,0,0,1442400,5626541,5.6265
distribute_parallel_for_3200_1200_1700,3200,1700,0,3400,20410200,6125101,1700,47040000,43520000,6123400,2040000,4083400,2040000,0,0,0,2043400,7648568,7.6486
distribute_parallel_for_3200_1200_2200,3200,2200,0,4400,26413200,7926601,2200,51840000,56320000,7924400,2640000,5284400,2640000,0,0,0,2644400,11437569,11.4376
distribute_parallel_for_3200_1200_2700,3200,2700,0,5400,32416200,9728101,2700,56640000,69120000,9725400,3240000,6485400,3240000,0,0,0,3245400,14000405,14.0004
distribute_parallel_for_3200_1200_3200,3200,3200,0,6400,38419200,11529601,3200,61440000,81920000,11526400,3840000,7686400,3840000,0,0,0,3846400,14272664,14.2727
distribute_parallel_for_3200_1200_3700,3200,3700,0,7400,44422200,13331101,3700,66240000,94720000,13327400,4440000,8887400,4440000,0,0,0,4447400,19211346,19.2113
distribute_parallel_for_3200_1200_4200,3200,4200,0,8400,50425200,15132601,4200,71040000,107520000,15128400,5040000,10088400,5040000,0,0,0,5048400,19001511,19.0015
distribute_parallel_for_3200_1700_1200,3200,1200,0,2400,20407200,6123601,1200,59840000,30720000,6122400,2040000,4082400,2040000,0,0,0,2042400,7639619,7.6396
distribute_parallel_for_3200_1700_1700,3200,1700,0,3400,28910200,8675101,1700,66640000,43520000,8673400,2890000,5783400,2890000,0,0,0,2893400,10825028,10.8250
distribute_parallel_for_3200_1700_2200,3200,2200,0,4400,37413200,11226601,2200,73440000,56320000,11224400,3740000,7484400,3740000,0,0,0,3744400,13976116,13.9761
distribute_parallel_for_3200_1700_2700,3200,2700,0,5400,45916200,13778101,2700,80240000,69120000,13775400,4590000,9185400,4590000,0,0,0,4595400,17087316,17.0873
distribute_parallel_for_3200_1700_3200,3200,3200,0,6400,54419200,16329601,3200,87040000,81920000,16326400,5440000,10886400,5440000,0,0,0,5446400,23429273,23.4293
distribute_parallel_for_3200_1700_3700,3200,3700,0,7400,62922200,18881101,3700,93840000,94720000,18877400,6290000,12587400,6290000,0,0,0,6297400,23480227,23.4802
distribute_parallel_for_3200_1700_4200,3200,4200,0,8400,71425200,21432601,4200,100640000,107520000,21428400,7140000,14288400,7140000,0,0,0,7148400,26905387,26.9054
distribute_parallel_for_3200_2200_1200,3200,1200,0,2400,26407200,7923601,1200,77440000,30720000,7922400,2640000,5282400,2640000,0,0,0,2642400,11481790,11.4818
distribute_parallel_for_3200_2200_1700,3200,1700,0,3400,37410200,11225101,1700,86240000,43520000,11223400,3740000,7483400,3740000,0,0,0,3743400,13854123,13.8541
distribute_parallel_for_3200_2200_2200,3200,2200,0,4400,48413200,14526601,2200,95040000,56320000,14524400,4840000,9684400,4840000,0,0,0,4844400,20870985,20.8710
distribute_parallel_for_3200_2200_2700,3200,2700,0,5400,59416200,17828101,2700,103840000,69120000,17825400,5940000,11885400,5940000,0,0,0,5945400,25554837,25.5548
distribute_parallel_for_3200_2200_3200,3200,3200,0,6400,70419200,21129601,3200,112640000,81920000,21126400,7040000,14086400,7040000,0,0,0,7046400,30111488,30.1115
distribute_parallel_for_3200_2200_3700,3200,3700,0,7400,81422200,24431101,3700,121440000,94720000,24427400,8140000,16287400,8140000,0,0,0,8147400,35027766,35.0278
distribute_parallel_for_3200_2200_4200,3200,4200,0,8400,92425200,27732601,4200,130240000,107520000,27728400,9240000,18488400,9240000,0,0,0,9248400,39645330,39.6453
distribute_parallel_for_3200_2700_1200,3200,1200,0,2400,32407200,9723601,1200,95040000,30720000,9722400,3240000,6482400,3240000,0,0,0,3242400,14028235,14.0282
distribute_parallel_for_3200_2700_1700,3200,1700,0,3400,45910200,13775101,1700,105840000,43520000,13773400,4590000,9183400,4590000,0,0,0,4593400,19745200,19.7452
distribute_parallel_for_3200_2700_2200,3200,2200,0,4400,59413200,17826601,2200,116640000,56320000,17824400,5940000,11884400,5940000,0,0,0,5944400,25047700,25.0477
distribute_parallel_for_3200_2700_2700,3200,2700,0,5400,72916200,21878101,2700,127440000,69120000,21875400,7290000,14585400,7290000,0,0,0,7295400,31355104,31.3551
distribute_parallel_for_3200_2700_3200,3200,3200,0,6400,86419200,25929601,3200,138240000,81920000,25926400,8640000,17286400,8640000,0,0,0,8646400,37150262,37.1503
distribute_parallel_for_3200_2700_3700,3200,3700,0,7400,99922200,29981101,3700,149040000,94720000,29977400,9990000,19987400,9990000,0,0,0,9997400,42918261,42.9183
distribute_parallel_for_3200_2700_4200,3200,4200,0,8400,113425200,34032601,4200,159840000,107520000,34028400,11340000,22688400,11340000,0,0,0,11348400,48657914,48.6579
distribute_parallel_for_3200_3200_1200,3200,1200,0,2400,38407200,11523601,1200,112640000,30720000,11522400,3840000,7682400,3840000,0,0,0,3842400,16603370,16.6034
distribute_parallel_for_3200_3200_1700,3200,1700,0,3400,54410200,16325101,1700,125440000,43520000,16323400,5440000,10883400,5440000,0,0,0,5443400,23485740,23.4857
distribute_parallel_for_3200_3200_2200,3200,2200,0,4400,70413200,21126601,2200,138240000,56320000,21124400,7040000,14084400,7040000,0,0,0,7044400,26357312,26.3573
distribute_parallel_for_3200_3200_2700,3200,2700,0,5400,86416200,25928101,2700,151040000,69120000,25925400,8640000,17285400,8640000,0,0,0,8645400,37127455,37.1275
distribute_parallel_for_3200_3200_3200,3200,3200,0,6400,102419200,30729601,3200,163840000,81920000,30726400,10240000,20486400,10240000,0,0,0,10246400,38362751,38.3628
distribute_parallel_for_3200_3200_3700,3200,3700,0,7400,118422200,35531101,3700,176640000,94720000,35527400,11840000,23687400,11840000,0,0,0,11847400,50767676,50.7677
distribute_parallel_for_3200_3200_4200,3200,4200,0,8400,134425200,40332601,4200,189440000,107520000,40328400,13440000,26888400,13440000,0,0,0,13448400,56667938,56.6679
distribute_parallel_for_3200_3700_1200,3200,1200,0,2400,44407200,13323601,1200,130240000,30720000,13322400,4440000,8882400,4440000,0,0,0,4442400,18459113,18.4591
distribute_parallel_for_3200_3700_1700,3200,1700,0,3400,62910200,18875101,1700,145040000,43520000,18873400,6290000,12583400,6290000,0,0,0,6293400,23398966,23.3990
distribute_parallel_for_3200_3700_2200,3200,2200,0,4400,81413200,24426601,2200,159840000,56320000,24424400,8140000,16284400,8140000,0,0,0,8144400,35008243,35.0082
distribute_parallel_for_3200_3700_2700,3200,2700,0,5400,99916200,29978101,2700,174640000,69120000,29975400,9990000,19985400,9990000,0,0,0,9995400,42898052,42.8981
distribute_parallel_for_3200_3700_3200,3200,3200,0,6400,118419200,35529601,3200,189440000,81920000,35526400,11840000,23686400,11840000,0,0,0,11846400,50160731,50.1607
distribute_parallel_for_3200_3700_3700,3200,3700,0,7400,136922200,41081101,3700,204240000,94720000,41077400,13690000,27387400,13690000,0,0,0,13697400,58760007,58.7600
distribute_parallel_for_3200_3700_4200,3200,4200,0,8400,155425200,46632601,4200,219040000,107520000,46628400,15540000,31088400,15540000,0,0,0,15548400,57994370,57.9944
distribute_parallel_for_3250_1250_1250,3250,1250,0,2500,15632500,4691251,1250,45000000,32500000,4690000,1562500,3127500,1562500,0,0,0,1565000,6297314,6.2973
distribute_parallel_for_3250_1250_1750,3250,1750,0,3500,21885500,6567751,1750,50000000,45500000,6566000,2187500,4378500,2187500,0,0,0,2191000,7926346,7.9263
distribute_parallel_for_3250_1250_2250,3250,2250,0,4500,28138500,8444251,2250,55000000,58500000,8442000,2812500,5629500,2812500,0,0,0,2817000,10380527,10.3805
distribute_parallel_for_3250_1250_2750,3250,2750,0,5500,34391500,10320751,2750,60000000,71500000,10318000,3437500,6880500,3437500,0,0,0,3443000,12513237,12.5132
distribute_parallel_for_3250_1250_3250,3250,3250,0,6500,40644500,12197251,3250,65000000,84500000,12194000,4062500,8131500,4062500,0,0,0,4069000,17195207,17.1952
distribute_parallel_for_3250_1250_3750,3250,3750,0,7500,46897500,14073751,3750,70000000,97500000,14070000,4687500,9382500,4687500,0,0,0,4695000,19786114,19.7861
distribute_parallel_for_3250_1250_4250,3250,4250,0,8500,53150500,15950251,4250,75000000,110500000,15946000,5312500,10633500,5312500,0,0,0,5321000,22495844,22.4958
distribute_parallel_for_3250_1750_1250,3250,1250,0,2500,21882500,6566251,1250,63000000,32500000,6565000,2187500,4377500,2187500,0,0,0,2190000,7988845,7.9888
distribute_parallel_for_3250_1750_1750,3250,1750,0,3500,30635500,9192751,1750,70000000,45500000,9191000,3062500,6128500,3062500,0,0,0,3066000,11069480,11.0695
distribute_parallel_for_3250_1750_2250,3250,2250,0,4500,39388500,11819251,2250,77000000,58500000,11817000,3937500,7879500,3937500,0,0,0,3942000,14207639,14.2076
distribute_parallel_for_3250_1750_2750,3250,2750,0,5500,48141500,14445751,2750,84000000,71500000,14443000,4812500,9630500,4812500,0,0,0,4818000,20353225,20.3532
distribute_parallel_for_3250_1750_3250,3250,3250,0,6500,56894500,17072251,3250,91000000,84500000,17069000,5687500,11381500,5687500,0,0,0,5694000,20473414,20.4734
distribute_parallel_for_3250_1750_3750,3250,3750,0,7500,65647500,19698751,3750,98000000,97500000,19695000,6562500,13132500,6562500,0,0,0,6570000,23668285,23.6683
distribute_parallel_for_3250_1750_4250,3250,4250,0,8500,74400500,22325251,4250,105000000,110500000,22321000,7437500,14883500,7437500,0,0,0,7446000,26933246,26.9332
distribute_parallel_for_3250_2250_1250,3250,1250,0,2500,28132500,8441251,1250,81000000,32500000,8440000,2812500,5627500,2812500,0,0,0,2815000,11769543,11.7695
distribute_parallel_for_3250_2250_1750,3250,1750,0,3500,39385500,11817751,1750,90000000,45500000,11816000,3937500,7878500,3937500,0,0,0,3941000,16682141,16.6821
distribute_parallel_for_3250_2250_2250,3250,2250,0,4500,50638500,15194251,2250,99000000,58500000,15192000,5062500,10129500,5062500,0,0,0,5067000,21115105,21.1151
distribute_parallel_for_3250_2250_2750,3250,2750,0,5500,61891500,18570751,2750,108000000,71500000,18568000,6187500,12380500,6187500,0,0,0,6193000,22320834,22.3208
distribute_parallel_for_3250_2250_3250,3250,3250,0,6500,73144500,21947251,3250,117000000,84500000,21944000,7312500,14631500,7312500,0,0,0,7319000,26123554,26.1236
distribute_parallel_for_3250_2250_3750,3250,3750,0,7500,84397500,25323751,3750,126000000,97500000,25320000,8437500,16882500,8437500,0,0,0,8445000,30638003,30.6380
distribute_parallel_for_3250_2250_4250,3250,4250,0,8500,95650500,28700251,4250,135000000,110500000,28696000,9562500,19133500,9562500,0,0,0,9571000,40154140,40.1541
distribute_parallel_for_3250_2750_1250,3250,1250,0,2500,34382500,10316251,1250,99000000,32500000,10315000,3437500,6877500,3437500,0,0,0,3440000,12641399,12.6414
distribute_parallel_for_3250_2750_1750,3250,1750,0,3500,48135500,14442751,1750,110000000,45500000,14441000,4812500,9628500,4812500,0,0,0,4816000,17461149,17.4611
distribute_parallel_for_3250_2750_2250,3250,2250,0,4500,61888500,18569251,2250,121000000,58500000,18567000,6187500,12379500,6187500,0,0,0,6192000,26077286,26.0773
distribute_parallel_for_3250_2750_2750,3250,2750,0,5500,75641500,22695751,2750,132000000,71500000,22693000,7562500,15130500,7562500,0,0,0,7568000,31830548,31.8305
distribute_parallel_for_3250_2750_3250,3250,3250,0,6500,89394500,26822251,3250,143000000,84500000,26819000,8937500,17881500,8937500,0,0,0,8944000,32986079,32.9861
distribute_parallel_for_3250_2750_3750,3250,3750,0,7500,103147500,30948751,3750,154000000,97500000,30945000,10312500,20632500,10312500,0,0,0,10320000,43370013,43.3700
distribute_parallel_for_3250_2750_4250,3250,4250,0,8500,116900500,35075251,4250,165000000,110500000,35071000,11687500,23383500,11687500,0,0,0,11696000,48781849,48.7818
distribute_parallel_for_3250_3250_1250,3250,1250,0,2500,40632500,12191251,1250,117000000,32500000,12190000,4062500,8127500,4062500,0,0,0,4065000,16016735,16.0167
distribute_parallel_for_3250_3250_1750,3250,1750,0,3500,56885500,17067751,1750,130000000,45500000,17066000,5687500,11378500,5687500,0,0,0,5691000,23837575,23.8376
distribute_parallel_for_3250_3250_2250,3250,2250,0,4500,73138500,21944251,2250,143000000,58500000,21942000,7312500,14629500,7312500,0,0,0,7317000,26543330,26.5433
distribute_parallel_for_3250_3250_2750,3250,2750,0,5500,89391500,26820751,2750,156000000,71500000,26818000,8937500,17880500,8937500,0,0,0,8943000,37805953,37.8060
distribute_parallel_for_3250_3250_3250,3250,3250,0,6500,105644500,31697251,3250,169000000,84500000,31694000,10562500,21131500,10562500,0,0,0,10569000,38552044,38.5520
distribute_parallel_for_3250_3250_3750,3250,3750,0,7500,121897500,36573751,3750,182000000,97500000,36570000,12187500,24382500,12187500,0,0,0,12195000,47212059,47.2121
distribute_parallel_for_3250_3250_4250,3250,4250,0,8500,138150500,41450251,4250,195000000,110500000,41446000,13812500,27633500,13812500,0,0,0,13821000,58081882,58.0819
distribute_parallel_for_3250_3750_1250,3250,1250,0,2500,46882500,14066251,1250,135000000,32500000,14065000,4687500,9377500,4687500,0,0,0,4690000,19794526,19.7945
distribute_parallel_for_3250_3750_1750,3250,1750,0,3500,65635500,19692751,1750,150000000,45500000,19691000,6562500,13128500,6562500,0,0,0,6566000,27683358,27.6834
distribute_parallel_for_3250_3750_2250,3250,2250,0,4500,84388500,25319251,2250,165000000,58500000,25317000,8437500,16879500,8437500,0,0,0,8442000,30530365,30.5304
distribute_parallel_for_3250_3750_2750,3250,2750,0,5500,103141500,30945751,2750,180000000,71500000,30943000,10312500,20630500,10312500,0,0,0,10318000,43363186,43.3632
distribute_parallel_for_3250_3750_3250,3250,3250,0,6500,121894500,36572251,3250,195000000,84500000,36569000,12187500,24381500,12187500,0,0,0,12194000,49997467,49.9975
distribute_parallel_for_3250_3750_3750,3250,3750,0,7500,140647500,42198751,3750,210000000,97500000,42195000,14062500,28132500,14062500,0,0,0,14070000,59155933,59.1559
distribute_parallel_for_3250_3750_4250,3250,4250,0,8500,159400500,47825251,4250,225000000,110500000,47821000,15937500,31883500,15937500,0,0,0,15946000,57579493,57.5795
distribute_parallel_for_3250_4250_1250,3250,1250,0,2500,53132500,15941251,1250,153000000,32500000,15940000,5312500,10627500,5312500,0,0,0,5315000,22438582,22.4386
distribute_parallel_for_3250_4250_1750,3250,1750,0,3500,74385500,22317751,1750,170000000,45500000,22316000,7437500,14878500,7437500,0,0,0,7441000,26973930,26.9739
distribute_parallel_for_3250_4250_2750,3250,2750,0,5500,116891500,35070751,2750,204000000,71500000,35068000,11687500,23380500,11687500,0,0,0,11693000,50470737,50.4707
distribute_parallel_for_3250_4250_3250,3250,3250,0,6500,138144500,41447251,3250,221000000,84500000,41444000,13812500,27631500,13812500,0,0,0,13819000,51072729,51.0727
distribute_parallel_for_3250_4250_3750,3250,3750,0,7500,159397500,47823751,3750,238000000,97500000,47820000,15937500,31882500,15937500,0,0,0,15945000,59700055,59.7001
distribute_parallel_for_3250_4250_4250,3250,4250,0,8500,180650500,54200251,4250,255000000,110500000,54196000,18062500,36133500,18062500,0,0,0,18071000,68836782,68.8368
distribute_parallel_for_3400_1400_1400,3400,1400,0,2800,19608400,5884201,1400,53760000,38080000,5882800,1960000,3922800,1960000,0,0,0,1962800,8111911,8.1119
distribute_parallel_for_3400_1400_1900,3400,1900,0,3800,26611400,7985701,1900,59360000,51680000,7983800,2660000,5323800,2660000,0,0,0,2663800,11012304,11.0123
distribute_parallel_for_3400_1400_2400,3400,2400,0,4800,33614400,10087201,2400,64960000,65280000,10084800,3360000,6724800,3360000,0,0,0,3364800,14137190,14.1372
distribute_parallel_for_3400_1400_2900,3400,2900,0,5800,40617400,12188701,2900,70560000,78880000,12185800,4060000,8125800,4060000,0,0,0,4065800,16899609,16.8996
distribute_parallel_for_3400_1400_3400,3400,3400,0,6800,47620400,14290201,3400,76160000,92480000,14286800,4760000,9526800,4760000,0,0,0,4766800,19840095,19.8401
distribute_parallel_for_3400_1400_3900,3400,3900,0,7800,54623400,16391701,3900,81760000,106080000,16387800,5460000,10927800,5460000,0,0,0,5467800,22774739,22.7747
distribute_parallel_for_3400_1400_900,3400,900,0,1800,12605400,3782701,900,48160000,24480000,3781800,1260000,2521800,1260000,0,0,0,1261800,5365903,5.3659
distribute_parallel_for_3400_1900_1400,3400,1400,0,2800,26608400,7984201,1400,72960000,38080000,7982800,2660000,5322800,2660000,0,0,0,2662800,11093671,11.0937
distribute_parallel_for_3400_1900_1900,3400,1900,0,3800,36111400,10835701,1900,80560000,51680000,10833800,3610000,7223800,3610000,0,0,0,3613800,15125816,15.1258
distribute_parallel_for_3400_1900_2400,3400,2400,0,4800,45614400,13687201,2400,88160000,65280000,13684800,4560000,9124800,4560000,0,0,0,4564800,19126889,19.1269
distribute_parallel_for_3400_1900_2900,3400,2900,0,5800,55117400,16538701,2900,95760000,78880000,16535800,5510000,11025800,5510000,0,0,0,5515800,23117855,23.1179
distribute_parallel_for_3400_1900_3400,3400,3400,0,6800,64620400,19390201,3400,103360000,92480000,19386800,6460000,12926800,6460000,0,0,0,6466800,26796884,26.7969
distribute_parallel_for_3400_1900_3900,3400,3900,0,7800,74123400,22241701,3900,110960000,106080000,22237800,7410000,14827800,7410000,0,0,0,7417800,30758844,30.7588
distribute_parallel_for_3400_1900_900,3400,900,0,1800,17105400,5132701,900,65360000,24480000,5131800,1710000,3421800,1710000,0,0,0,1711800,7258038,7.2580
distribute_parallel_for_3400_2400_1400,3400,1400,0,2800,33608400,10084201,1400,92160000,38080000,10082800,3360000,6722800,3360000,0,0,0,3362800,14003063,14.0031
distribute_parallel_for_3400_2400_1900,3400,1900,0,3800,45611400,13685701,1900,101760000,51680000,13683800,4560000,9123800,4560000,0,0,0,4563800,19019056,19.0191
distribute_parallel_for_3400_2400_2400,3400,2400,0,4800,57614400,17287201,2400,111360000,65280000,17284800,5760000,11524800,5760000,0,0,0,5764800,23974003,23.9740
distribute_parallel_for_3400_2400_2900,3400,2900,0,5800,69617400,20888701,2900,120960000,78880000,20885800,6960000,13925800,6960000,0,0,0,6965800,29197079,29.1971
distribute_parallel_for_3400_2400_3400,3400,3400,0,6800,81620400,24490201,3400,130560000,92480000,24486800,8160000,16326800,8160000,0,0,0,8166800,33676926,33.6769
distribute_parallel_for_3400_2400_3900,3400,3900,0,7800,93623400,28091701,3900,140160000,106080000,28087800,9360000,18727800,9360000,0,0,0,9367800,38845870,38.8459
distribute_parallel_for_3400_2400_900,3400,900,0,1800,21605400,6482701,900,82560000,24480000,6481800,2160000,4321800,2160000,0,0,0,2161800,9173453,9.1735
distribute_parallel_for_3400_2900_1400,3400,1400,0,2800,40608400,12184201,1400,111360000,38080000,12182800,4060000,8122800,4060000,0,0,0,4062800,16983722,16.9837
distribute_parallel_for_3400_2900_1900,3400,1900,0,3800,55111400,16535701,1900,122960000,51680000,16533800,5510000,11023800,5510000,0,0,0,5513800,22864976,22.8650
distribute_parallel_for_3400_2900_2400,3400,2400,0,4800,69614400,20887201,2400,134560000,65280000,20884800,6960000,13924800,6960000,0,0,0,6964800,29001064,29.0011
distribute_parallel_for_3400_2900_2900,3400,2900,0,5800,84117400,25238701,2900,146160000,78880000,25235800,8410000,16825800,8410000,0,0,0,8415800,34811310,34.8113
distribute_parallel_for_3400_2900_3400,3400,3400,0,6800,98620400,29590201,3400,157760000,92480000,29586800,9860000,19726800,9860000,0,0,0,9866800,40999339,40.9993
distribute_parallel_for_3400_2900_3900,3400,3900,0,7800,113123400,33941701,3900,169360000,106080000,33937800,11310000,22627800,11310000,0,0,0,11317800,46755577,46.7556
distribute_parallel_for_3400_2900_900,3400,900,0,1800,26105400,7832701,900,99760000,24480000,7831800,2610000,5221800,2610000,0,0,0,2611800,10888147,10.8881
distribute_parallel_for_3400_3400_1400,3400,1400,0,2800,47608400,14284201,1400,130560000,38080000,14282800,4760000,9522800,4760000,0,0,0,4762800,19913854,19.9139
distribute_parallel_for_3400_3400_1900,3400,1900,0,3800,64611400,19385701,1900,144160000,51680000,19383800,6460000,12923800,6460000,0,0,0,6463800,26761406,26.7614
distribute_parallel_for_3400_3400_2400,3400,2400,0,4800,81614400,24487201,2400,157760000,65280000,24484800,8160000,16324800,8160000,0,0,0,8164800,33804670,33.8047
distribute_parallel_for_3400_3400_2900,3400,2900,0,5800,98617400,29588701,2900,171360000,78880000,29585800,9860000,19725800,9860000,0,0,0,9865800,41012148,41.0121
distribute_parallel_for_3400_3400_3400,3400,3400,0,6800,115620400,34690201,3400,184960000,92480000,34686800,11560000,23126800,11560000,0,0,0,11566800,48175566,48.1756
distribute_parallel_for_3400_3400_3900,3400,3900,0,7800,132623400,39791701,3900,198560000,106080000,39787800,13260000,26527800,13260000,0,0,0,13267800,55050230,55.0502
distribute_parallel_for_3400_3400_900,3400,900,0,1800,30605400,9182701,900,116960000,24480000,9181800,3060000,6121800,3060000,0,0,0,3061800,12814412,12.8144
distribute_parallel_for_3400_3900_1400,3400,1400,0,2800,54608400,16384201,1400,149760000,38080000,16382800,5460000,10922800,5460000,0,0,0,5462800,22914379,22.9144
distribute_parallel_for_3400_3900_1900,3400,1900,0,3800,74111400,22235701,1900,165360000,51680000,22233800,7410000,14823800,7410000,0,0,0,7413800,30718006,30.7180
distribute_parallel_for_3400_3900_2400,3400,2400,0,4800,93614400,28087201,2400,180960000,65280000,28084800,9360000,18724800,9360000,0,0,0,9364800,38854602,38.8546
distribute_parallel_for_3400_3900_2900,3400,2900,0,5800,113117400,33938701,2900,196560000,78880000,33935800,11310000,22625800,11310000,0,0,0,11315800,46858542,46.8585
distribute_parallel_for_3400_3900_3400,3400,3400,0,6800,132620400,39790201,3400,212160000,92480000,39786800,13260000,26526800,13260000,0,0,0,13266800,55232490,55.2325
distribute_parallel_for_3400_3900_3900,3400,3900,0,7800,152123400,45641701,3900,227760000,106080000,45637800,15210000,30427800,15210000,0,0,0,15217800,63369509,63.3695
distribute_parallel_for_3400_3900_900,3400,900,0,1800,35105400,10532701,900,134160000,24480000,10531800,3510000,7021800,3510000,0,0,0,3511800,14826852,14.8269
distribute_parallel_for_3400_900_1400,3400,1400,0,2800,12608400,3784201,1400,34560000,38080000,3782800,1260000,2522800,1260000,0,0,0,1262800,5370937,5.3709
distribute_parallel_for_3400_900_1900,3400,1900,0,3800,17111400,5135701,1900,38160000,51680000,5133800,1710000,3423800,1710000,0,0,0,1713800,7001120,7.0011
distribute_parallel_for_3400_900_2400,3400,2400,0,4800,21614400,6487201,2400,41760000,65280000,6484800,2160000,4324800,2160000,0,0,0,2164800,9012597,9.0126
distribute_parallel_for_3400_900_2900,3400,2900,0,5800,26117400,7838701,2900,45360000,78880000,7835800,2610000,5225800,2610000,0,0,0,2615800,10634071,10.6341
distribute_parallel_for_3400_900_3400,3400,3400,0,6800,30620400,9190201,3400,48960000,92480000,9186800,3060000,6126800,3060000,0,0,0,3066800,12869978,12.8700
distribute_parallel_for_3400_900_3900,3400,3900,0,7800,35123400,10541701,3900,52560000,106080000,10537800,3510000,7027800,3510000,0,0,0,3517800,14593563,14.5936
distribute_parallel_for_3400_900_900,3400,900,0,1800,8105400,2432701,900,30960000,24480000,2431800,810000,1621800,810000,0,0,0,811800,3351383,3.3514
distribute_parallel_for_3700_1200_1200,3700,1200,0,2400,14407200,4323601,1200,47040000,35520000,4322400,1440000,2882400,1440000,0,0,0,1442400,6307322,6.3073
distribute_parallel_for_3700_1200_1700,3700,1700,0,3400,20410200,6125101,1700,51840000,50320000,6123400,2040000,4083400,2040000,0,0,0,2043400,8481960,8.4820
distribute_parallel_for_3700_1200_2200,3700,2200,0,4400,26413200,7926601,2200,56640000,65120000,7924400,2640000,5284400,2640000,0,0,0,2644400,11653123,11.6531
distribute_parallel_for_3700_1200_2700,3700,2700,0,5400,32416200,9728101,2700,61440000,79920000,9725400,3240000,6485400,3240000,0,0,0,3245400,15402465,15.4025
distribute_parallel_for_3700_1200_3200,3700,3200,0,6400,38419200,11529601,3200,66240000,94720000,11526400,3840000,7686400,3840000,0,0,0,3846400,16099667,16.0997
distribute_parallel_for_3700_1200_3700,3700,3700,0,7400,44422200,13331101,3700,71040000,109520000,13327400,4440000,8887400,4440000,0,0,0,4447400,19413537,19.4135
distribute_parallel_for_3700_1200_4200,3700,4200,0,8400,50425200,15132601,4200,75840000,124320000,15128400,5040000,10088400,5040000,0,0,0,5048400,21443439,21.4434
distribute_parallel_for_3700_1700_1200,3700,1200,0,2400,20407200,6123601,1200,66640000,35520000,6122400,2040000,4082400,2040000,0,0,0,2042400,9018660,9.0187
distribute_parallel_for_3700_1700_1700,3700,1700,0,3400,28910200,8675101,1700,73440000,50320000,8673400,2890000,5783400,2890000,0,0,0,2893400,12512958,12.5130
distribute_parallel_for_3700_1700_2200,3700,2200,0,4400,37413200,11226601,2200,80240000,65120000,11224400,3740000,7484400,3740000,0,0,0,3744400,16082880,16.0829
distribute_parallel_for_3700_1700_2700,3700,2700,0,5400,45916200,13778101,2700,87040000,79920000,13775400,4590000,9185400,4590000,0,0,0,4595400,19361748,19.3617
distribute_parallel_for_3700_1700_3200,3700,3200,0,6400,54419200,16329601,3200,93840000,94720000,16326400,5440000,10886400,5440000,0,0,0,5446400,23354201,23.3542
distribute_parallel_for_3700_1700_3700,3700,3700,0,7400,62922200,18881101,3700,100640000,109520000,18877400,6290000,12587400,6290000,0,0,0,6297400,26177286,26.1773
distribute_parallel_for_3700_1700_4200,3700,4200,0,8400,71425200,21432601,4200,107440000,124320000,21428400,7140000,14288400,7140000,0,0,0,7148400,30130040,30.1300
distribute_parallel_for_3700_2200_1200,3700,1200,0,2400,26407200,7923601,1200,86240000,35520000,7922400,2640000,5282400,2640000,0,0,0,2642400,11836025,11.8360
distribute_parallel_for_3700_2200_1700,3700,1700,0,3400,37410200,11225101,1700,95040000,50320000,11223400,3740000,7483400,3740000,0,0,0,3743400,18270873,18.2709
distribute_parallel_for_3700_2200_2200,3700,2200,0,4400,48413200,14526601,2200,103840000,65120000,14524400,4840000,9684400,4840000,0,0,0,4844400,20713420,20.7134
distribute_parallel_for_3700_2200_2700,3700,2700,0,5400,59416200,17828101,2700,112640000,79920000,17825400,5940000,11885400,5940000,0,0,0,5945400,26110003,26.1100
distribute_parallel_for_3700_2200_3200,3700,3200,0,6400,70419200,21129601,3200,121440000,94720000,21126400,7040000,14086400,7040000,0,0,0,7046400,34293532,34.2935
distribute_parallel_for_3700_2200_3700,3700,3700,0,7400,81422200,24431101,3700,130240000,109520000,24427400,8140000,16287400,8140000,0,0,0,8147400,35679247,35.6792
distribute_parallel_for_3700_2200_4200,3700,4200,0,8400,92425200,27732601,4200,139040000,124320000,27728400,9240000,18488400,9240000,0,0,0,9248400,39925527,39.9255
distribute_parallel_for_3700_2700_1200,3700,1200,0,2400,32407200,9723601,1200,105840000,35520000,9722400,3240000,6482400,3240000,0,0,0,3242400,13980711,13.9807
distribute_parallel_for_3700_2700_1700,3700,1700,0,3400,45910200,13775101,1700,116640000,50320000,13773400,4590000,9183400,4590000,0,0,0,4593400,19518310,19.5183
distribute_parallel_for_3700_2700_2200,3700,2200,0,4400,59413200,17826601,2200,127440000,65120000,17824400,5940000,11884400,5940000,0,0,0,5944400,25554658,25.5547
distribute_parallel_for_3700_2700_2700,3700,2700,0,5400,72916200,21878101,2700,138240000,79920000,21875400,7290000,14585400,7290000,0,0,0,7295400,30565917,30.5659
distribute_parallel_for_3700_2700_3200,3700,3200,0,6400,86419200,25929601,3200,149040000,94720000,25926400,8640000,17286400,8640000,0,0,0,8646400,37422971,37.4230
distribute_parallel_for_3700_2700_3700,3700,3700,0,7400,99922200,29981101,3700,159840000,109520000,29977400,9990000,19987400,9990000,0,0,0,9997400,43260494,43.2605
distribute_parallel_for_3700_2700_4200,3700,4200,0,8400,113425200,34032601,4200,170640000,124320000,34028400,11340000,22688400,11340000,0,0,0,11348400,47705920,47.7059
distribute_parallel_for_3700_3200_1200,3700,1200,0,2400,38407200,11523601,1200,125440000,35520000,11522400,3840000,7682400,3840000,0,0,0,3842400,16626722,16.6267
distribute_parallel_for_3700_3200_1700,3700,1700,0,3400,54410200,16325101,1700,138240000,50320000,16323400,5440000,10883400,5440000,0,0,0,5443400,24005668,24.0057
distribute_parallel_for_3700_3200_2200,3700,2200,0,4400,70413200,21126601,2200,151040000,65120000,21124400,7040000,14084400,7040000,0,0,0,7044400,30972427,30.9724
distribute_parallel_for_3700_3200_2700,3700,2700,0,5400,86416200,25928101,2700,163840000,79920000,25925400,8640000,17285400,8640000,0,0,0,8645400,37839396,37.8394
distribute_parallel_for_3700_3200_3200,3700,3200,0,6400,102419200,30729601,3200,176640000,94720000,30726400,10240000,20486400,10240000,0,0,0,10246400,44199074,44.1991
distribute_parallel_for_3700_3200_3700,3700,3700,0,7400,118422200,35531101,3700,189440000,109520000,35527400,11840000,23687400,11840000,0,0,0,11847400,51109143,51.1091
distribute_parallel_for_3700_3200_4200,3700,4200,0,8400,134425200,40332601,4200,202240000,124320000,40328400,13440000,26888400,13440000,0,0,0,13448400,57877708,57.8777
distribute_parallel_for_3700_3700_1200,3700,1200,0,2400,44407200,13323601,1200,145040000,35520000,13322400,4440000,8882400,4440000,0,0,0,4442400,18754786,18.7548
distribute_parallel_for_3700_3700_1700,3700,1700,0,3400,62910200,18875101,1700,159840000,50320000,18873400,6290000,12583400,6290000,0,0,0,6293400,26789733,26.7897
distribute_parallel_for_3700_3700_2200,3700,2200,0,4400,81413200,24426601,2200,174640000,65120000,24424400,8140000,16284400,8140000,0,0,0,8144400,39704973,39.7050
distribute_parallel_for_3700_3700_2700,3700,2700,0,5400,99916200,29978101,2700,189440000,79920000,29975400,9990000,19985400,9990000,0,0,0,9995400,42983342,42.9833
distribute_parallel_for_3700_3700_3200,3700,3200,0,6400,118419200,35529601,3200,204240000,94720000,35526400,11840000,23686400,11840000,0,0,0,11846400,50886500,50.8865
distribute_parallel_for_3700_3700_3700,3700,3700,0,7400,136922200,41081101,3700,219040000,109520000,41077400,13690000,27387400,13690000,0,0,0,13697400,62299989,62.3000
distribute_parallel_for_3700_3700_4200,3700,4200,0,8400,155425200,46632601,4200,233840000,124320000,46628400,15540000,31088400,15540000,0,0,0,15548400,65488467,65.4885
distribute_parallel_for_3750_1250_1250,3750,1250,0,2500,15632500,4691251,1250,50000000,37500000,4690000,1562500,3127500,1562500,0,0,0,1565000,7256360,7.2564
distribute_parallel_for_3750_1250_1750,3750,1750,0,3500,21885500,6567751,1750,55000000,52500000,6566000,2187500,4378500,2187500,0,0,0,2191000,9394966,9.3950
distribute_parallel_for_3750_1250_2250,3750,2250,0,4500,28138500,8444251,2250,60000000,67500000,8442000,2812500,5629500,2812500,0,0,0,2817000,11788983,11.7890
distribute_parallel_for_3750_1250_2750,3750,2750,0,5500,34391500,10320751,2750,65000000,82500000,10318000,3437500,6880500,3437500,0,0,0,3443000,14601278,14.6013
distribute_parallel_for_3750_1250_3250,3750,3250,0,6500,40644500,12197251,3250,70000000,97500000,12194000,4062500,8131500,4062500,0,0,0,4069000,17968263,17.9683
distribute_parallel_for_3750_1250_3750,3750,3750,0,7500,46897500,14073751,3750,75000000,112500000,14070000,4687500,9382500,4687500,0,0,0,4695000,19793218,19.7932
distribute_parallel_for_3750_1250_4250,3750,4250,0,8500,53150500,15950251,4250,80000000,127500000,15946000,5312500,10633500,5312500,0,0,0,5321000,22357938,22.3579
distribute_parallel_for_3750_1750_1250,3750,1250,0,2500,21882500,6566251,1250,70000000,37500000,6565000,2187500,4377500,2187500,0,0,0,2190000,9379889,9.3799
distribute_parallel_for_3750_1750_1750,3750,1750,0,3500,30635500,9192751,1750,77000000,52500000,9191000,3062500,6128500,3062500,0,0,0,3066000,13177128,13.1771
distribute_parallel_for_3750_1750_2250,3750,2250,0,4500,39388500,11819251,2250,84000000,67500000,11817000,3937500,7879500,3937500,0,0,0,3942000,16736276,16.7363
distribute_parallel_for_3750_1750_2750,3750,2750,0,5500,48141500,14445751,2750,91000000,82500000,14443000,4812500,9630500,4812500,0,0,0,4818000,20268823,20.2688
distribute_parallel_for_3750_1750_3250,3750,3250,0,6500,56894500,17072251,3250,98000000,97500000,17069000,5687500,11381500,5687500,0,0,0,5694000,24182529,24.1825
distribute_parallel_for_3750_1750_3750,3750,3750,0,7500,65647500,19698751,3750,105000000,112500000,19695000,6562500,13132500,6562500,0,0,0,6570000,27678975,27.6790
distribute_parallel_for_3750_1750_4250,3750,4250,0,8500,74400500,22325251,4250,112000000,127500000,22321000,7437500,14883500,7437500,0,0,0,7446000,31247536,31.2475
distribute_parallel_for_3750_2250_1250,3750,1250,0,2500,28132500,8441251,1250,90000000,37500000,8440000,2812500,5627500,2812500,0,0,0,2815000,11924650,11.9246
distribute_parallel_for_3750_2250_1750,3750,1750,0,3500,39385500,11817751,1750,99000000,52500000,11816000,3937500,7878500,3937500,0,0,0,3941000,16612157,16.6122
distribute_parallel_for_3750_2250_2250,3750,2250,0,4500,50638500,15194251,2250,108000000,67500000,15192000,5062500,10129500,5062500,0,0,0,5067000,21416958,21.4170
distribute_parallel_for_3750_2250_2750,3750,2750,0,5500,61891500,18570751,2750,117000000,82500000,18568000,6187500,12380500,6187500,0,0,0,6193000,26259688,26.2597
distribute_parallel_for_3750_2250_3250,3750,3250,0,6500,73144500,21947251,3250,126000000,97500000,21944000,7312500,14631500,7312500,0,0,0,7319000,30576324,30.5763
distribute_parallel_for_3750_2250_3750,3750,3750,0,7500,84397500,25323751,3750,135000000,112500000,25320000,8437500,16882500,8437500,0,0,0,8445000,35527490,35.5275
distribute_parallel_for_3750_2250_4250,3750,4250,0,8500,95650500,28700251,4250,144000000,127500000,28696000,9562500,19133500,9562500,0,0,0,9571000,39714340,39.7143
distribute_parallel_for_3750_2750_1250,3750,1250,0,2500,34382500,10316251,1250,110000000,37500000,10315000,3437500,6877500,3437500,0,0,0,3440000,14488243,14.4882
distribute_parallel_for_3750_2750_1750,3750,1750,0,3500,48135500,14442751,1750,121000000,52500000,14441000,4812500,9628500,4812500,0,0,0,4816000,21933908,21.9339
distribute_parallel_for_3750_2750_2250,3750,2250,0,4500,61888500,18569251,2250,132000000,67500000,18567000,6187500,12379500,6187500,0,0,0,6192000,25775712,25.7757
distribute_parallel_for_3750_2750_2750,3750,2750,0,5500,75641500,22695751,2750,143000000,82500000,22693000,7562500,15130500,7562500,0,0,0,7568000,31707488,31.7075
distribute_parallel_for_3750_2750_3250,3750,3250,0,6500,89394500,26822251,3250,154000000,97500000,26819000,8937500,17881500,8937500,0,0,0,8944000,37701264,37.7013
distribute_parallel_for_3750_2750_3750,3750,3750,0,7500,103147500,30948751,3750,165000000,112500000,30945000,10312500,20632500,10312500,0,0,0,10320000,42847826,42.8478
distribute_parallel_for_3750_2750_4250,3750,4250,0,8500,116900500,35075251,4250,176000000,127500000,35071000,11687500,23383500,11687500,0,0,0,11696000,48916152,48.9162
distribute_parallel_for_3750_3250_1250,3750,1250,0,2500,40632500,12191251,1250,130000000,37500000,12190000,4062500,8127500,4062500,0,0,0,4065000,17189899,17.1899
distribute_parallel_for_3750_3250_1750,3750,1750,0,3500,56885500,17067751,1750,143000000,52500000,17066000,5687500,11378500,5687500,0,0,0,5691000,24075322,24.0753
distribute_parallel_for_3750_3250_2250,3750,2250,0,4500,73138500,21944251,2250,156000000,67500000,21942000,7312500,14629500,7312500,0,0,0,7317000,31295060,31.2951
distribute_parallel_for_3750_3250_2750,3750,2750,0,5500,89391500,26820751,2750,169000000,82500000,26818000,8937500,17880500,8937500,0,0,0,8943000,37793807,37.7938
distribute_parallel_for_3750_3250_3250,3750,3250,0,6500,105644500,31697251,3250,182000000,97500000,31694000,10562500,21131500,10562500,0,0,0,10569000,44766979,44.7670
distribute_parallel_for_3750_3250_3750,3750,3750,0,7500,121897500,36573751,3750,195000000,112500000,36570000,12187500,24382500,12187500,0,0,0,12195000,52048858,52.0489
distribute_parallel_for_3750_3250_4250,3750,4250,0,8500,138150500,41450251,4250,208000000,127500000,41446000,13812500,27633500,13812500,0,0,0,13821000,58361936,58.3619
distribute_parallel_for_3750_3750_1250,3750,1250,0,2500,46882500,14066251,1250,150000000,37500000,14065000,4687500,9377500,4687500,0,0,0,4690000,19784690,19.7847
distribute_parallel_for_3750_3750_1750,3750,1750,0,3500,65635500,19692751,1750,165000000,52500000,19691000,6562500,13128500,6562500,0,0,0,6566000,28000678,28.0007
distribute_parallel_for_3750_3750_2250,3750,2250,0,4500,84388500,25319251,2250,180000000,67500000,25317000,8437500,16879500,8437500,0,0,0,8442000,35379077,35.3791
distribute_parallel_for_3750_3750_2750,3750,2750,0,5500,103141500,30945751,2750,195000000,82500000,30943000,10312500,20630500,10312500,0,0,0,10318000,43728901,43.7289
distribute_parallel_for_3750_3750_3250,3750,3250,0,6500,121894500,36572251,3250,210000000,97500000,36569000,12187500,24381500,12187500,0,0,0,12194000,57138395,57.1384
distribute_parallel_for_3750_3750_3750,3750,3750,0,7500,140647500,42198751,3750,225000000,112500000,42195000,14062500,28132500,14062500,0,0,0,14070000,59376221,59.3762
distribute_parallel_for_3750_3750_4250,3750,4250,0,8500,159400500,47825251,4250,240000000,127500000,47821000,15937500,31883500,15937500,0,0,0,15946000,69977128,69.9771
distribute_parallel_for_3900_1400_1400,3900,1400,0,2800,19608400,5884201,1400,59360000,43680000,5882800,1960000,3922800,1960000,0,0,0,1962800,8496784,8.4968
distribute_parallel_for_3900_1400_1900,3900,1900,0,3800,26611400,7985701,1900,64960000,59280000,7983800,2660000,5323800,2660000,0,0,0,2663800,11376099,11.3761
distribute_parallel_for_3900_1400_2400,3900,2400,0,4800,33614400,10087201,2400,70560000,74880000,10084800,3360000,6724800,3360000,0,0,0,3364800,16525104,16.5251
distribute_parallel_for_3900_1400_2900,3900,2900,0,5800,40617400,12188701,2900,76160000,90480000,12185800,4060000,8125800,4060000,0,0,0,4065800,17312765,17.3128
distribute_parallel_for_3900_1400_3400,3900,3400,0,6800,47620400,14290201,3400,81760000,106080000,14286800,4760000,9526800,4760000,0,0,0,4766800,20217925,20.2179
distribute_parallel_for_3900_1400_3900,3900,3900,0,7800,54623400,16391701,3900,87360000,121680000,16387800,5460000,10927800,5460000,0,0,0,5467800,22966619,22.9666
distribute_parallel_for_3900_1400_900,3900,900,0,1800,12605400,3782701,900,53760000,28080000,3781800,1260000,2521800,1260000,0,0,0,1261800,5400299,5.4003
distribute_parallel_for_3900_1900_1400,3900,1400,0,2800,26608400,7984201,1400,80560000,43680000,7982800,2660000,5322800,2660000,0,0,0,2662800,11229113,11.2291
distribute_parallel_for_3900_1900_1900,3900,1900,0,3800,36111400,10835701,1900,88160000,59280000,10833800,3610000,7223800,3610000,0,0,0,3613800,16825755,16.8258
distribute_parallel_for_3900_1900_2400,3900,2400,0,4800,45614400,13687201,2400,95760000,74880000,13684800,4560000,9124800,4560000,0,0,0,4564800,19338072,19.3381
distribute_parallel_for_3900_1900_2900,3900,2900,0,5800,55117400,16538701,2900,103360000,90480000,16535800,5510000,11025800,5510000,0,0,0,5515800,24251964,24.2520
distribute_parallel_for_3900_1900_3400,3900,3400,0,6800,64620400,19390201,3400,110960000,106080000,19386800,6460000,12926800,6460000,0,0,0,6466800,27077088,27.0771
distribute_parallel_for_3900_1900_3900,3900,3900,0,7800,74123400,22241701,3900,118560000,121680000,22237800,7410000,14827800,7410000,0,0,0,7417800,32002219,32.0022
distribute_parallel_for_3900_1900_900,3900,900,0,1800,17105400,5132701,900,72960000,28080000,5131800,1710000,3421800,1710000,0,0,0,1711800,7204051,7.2041
distribute_parallel_for_3900_2400_1400,3900,1400,0,2800,33608400,10084201,1400,101760000,43680000,10082800,3360000,6722800,3360000,0,0,0,3362800,14164224,14.1642
distribute_parallel_for_3900_2400_1900,3900,1900,0,3800,45611400,13685701,1900,111360000,59280000,13683800,4560000,9123800,4560000,0,0,0,4563800,19125264,19.1253
distribute_parallel_for_3900_2400_2400,3900,2400,0,4800,57614400,17287201,2400,120960000,74880000,17284800,5760000,11524800,5760000,0,0,0,5764800,23713316,23.7133
distribute_parallel_for_3900_2400_2900,3900,2900,0,5800,69617400,20888701,2900,130560000,90480000,20885800,6960000,13925800,6960000,0,0,0,6965800,29074762,29.0748
distribute_parallel_for_3900_2400_3400,3900,3400,0,6800,81620400,24490201,3400,140160000,106080000,24486800,8160000,16326800,8160000,0,0,0,8166800,34168307,34.1683
distribute_parallel_for_3900_2400_3900,3900,3900,0,7800,93623400,28091701,3900,149760000,121680000,28087800,9360000,18727800,9360000,0,0,0,9367800,39490983,39.4910
distribute_parallel_for_3900_2400_900,3900,900,0,1800,21605400,6482701,900,92160000,28080000,6481800,2160000,4321800,2160000,0,0,0,2161800,9191072,9.1911
distribute_parallel_for_3900_2900_1400,3900,1400,0,2800,40608400,12184201,1400,122960000,43680000,12182800,4060000,8122800,4060000,0,0,0,4062800,17036571,17.0366
distribute_parallel_for_3900_2900_1900,3900,1900,0,3800,55111400,16535701,1900,134560000,59280000,16533800,5510000,11023800,5510000,0,0,0,5513800,22722655,22.7227
distribute_parallel_for_3900_2900_2400,3900,2400,0,4800,69614400,20887201,2400,146160000,74880000,20884800,6960000,13924800,6960000,0,0,0,6964800,28703238,28.7032
distribute_parallel_for_3900_2900_2900,3900,2900,0,5800,84117400,25238701,2900,157760000,90480000,25235800,8410000,16825800,8410000,0,0,0,8415800,35167066,35.1671
distribute_parallel_for_3900_2900_3400,3900,3400,0,6800,98620400,29590201,3400,169360000,106080000,29586800,9860000,19726800,9860000,0,0,0,9866800,41402626,41.4026
distribute_parallel_for_3900_2900_3900,3900,3900,0,7800,113123400,33941701,3900,180960000,121680000,33937800,11310000,22627800,11310000,0,0,0,11317800,47075136,47.0751
distribute_parallel_for_3900_2900_900,3900,900,0,1800,26105400,7832701,900,111360000,28080000,7831800,2610000,5221800,2610000,0,0,0,2611800,10890529,10.8905
distribute_parallel_for_3900_3400_1400,3900,1400,0,2800,47608400,14284201,1400,144160000,43680000,14282800,4760000,9522800,4760000,0,0,0,4762800,20014351,20.0144
distribute_parallel_for_3900_3400_1900,3900,1900,0,3800,64611400,19385701,1900,157760000,59280000,19383800,6460000,12923800,6460000,0,0,0,6463800,26850100,26.8501
distribute_parallel_for_3900_3400_2400,3900,2400,0,4800,81614400,24487201,2400,171360000,74880000,24484800,8160000,16324800,8160000,0,0,0,8164800,33562948,33.5629
distribute_parallel_for_3900_3400_2900,3900,2900,0,5800,98617400,29588701,2900,184960000,90480000,29585800,9860000,19725800,9860000,0,0,0,9865800,40470617,40.4706
distribute_parallel_for_3900_3400_3400,3900,3400,0,6800,115620400,34690201,3400,198560000,106080000,34686800,11560000,23126800,11560000,0,0,0,11566800,48152300,48.1523
distribute_parallel_for_3900_3400_3900,3900,3900,0,7800,132623400,39791701,3900,212160000,121680000,39787800,13260000,26527800,13260000,0,0,0,13267800,55315713,55.3157
distribute_parallel_for_3900_3400_900,3900,900,0,1800,30605400,9182701,900,130560000,28080000,9181800,3060000,6121800,3060000,0,0,0,3061800,12888660,12.8887
distribute_parallel_for_3900_3900_1400,3900,1400,0,2800,54608400,16384201,1400,165360000,43680000,16382800,5460000,10922800,5460000,0,0,0,5462800,22718259,22.7183
distribute_parallel_for_3900_3900_1900,3900,1900,0,3800,74111400,22235701,1900,180960000,59280000,22233800,7410000,14823800,7410000,0,0,0,7413800,31285147,31.2851
distribute_parallel_for_3900_3900_2400,3900,2400,0,4800,93614400,28087201,2400,196560000,74880000,28084800,9360000,18724800,9360000,0,0,0,9364800,39084898,39.0849
distribute_parallel_for_3900_3900_2900,3900,2900,0,5800,113117400,33938701,2900,212160000,90480000,33935800,11310000,22625800,11310000,0,0,0,11315800,47663984,47.6640
distribute_parallel_for_3900_3900_3400,3900,3400,0,6800,132620400,39790201,3400,227760000,106080000,39786800,13260000,26526800,13260000,0,0,0,13266800,55176937,55.1769
distribute_parallel_for_3900_3900_3900,3900,3900,0,7800,152123400,45641701,3900,243360000,121680000,45637800,15210000,30427800,15210000,0,0,0,15217800,63368169,63.3682
distribute_parallel_for_3900_3900_900,3900,900,0,1800,35105400,10532701,900,149760000,28080000,10531800,3510000,7021800,3510000,0,0,0,3511800,14644236,14.6442
distribute_parallel_for_3900_900_1400,3900,1400,0,2800,12608400,3784201,1400,38160000,43680000,3782800,1260000,2522800,1260000,0,0,0,1262800,6082954,6.0830
distribute_parallel_for_3900_900_1900,3900,1900,0,3800,17111400,5135701,1900,41760000,59280000,5133800,1710000,3423800,1710000,0,0,0,1713800,7324164,7.3242
distribute_parallel_for_3900_900_2400,3900,2400,0,4800,21614400,6487201,2400,45360000,74880000,6484800,2160000,4324800,2160000,0,0,0,2164800,9035914,9.0359
distribute_parallel_for_3900_900_2900,3900,2900,0,5800,26117400,7838701,2900,48960000,90480000,7835800,2610000,5225800,2610000,0,0,0,2615800,10988445,10.9884
distribute_parallel_for_3900_900_3400,3900,3400,0,6800,30620400,9190201,3400,52560000,106080000,9186800,3060000,6126800,3060000,0,0,0,3066800,12898136,12.8981
distribute_parallel_for_3900_900_3900,3900,3900,0,7800,35123400,10541701,3900,56160000,121680000,10537800,3510000,7027800,3510000,0,0,0,3517800,14667792,14.6678
distribute_parallel_for_3900_900_900,3900,900,0,1800,8105400,2432701,900,34560000,28080000,2431800,810000,1621800,810000,0,0,0,811800,3465603,3.4656
distribute_parallel_for_400_100_100,400,100,0,200,100600,30301,100,400000,320000,30200,10000,20200,10000,0,0,0,10200,34388,0.0344
distribute_parallel_for_400_100_200,400,200,0,400,201200,60601,200,480000,640000,60400,20000,40400,20000,0,0,0,20400,67795,0.0678
distribute_parallel_for_400_100_300,400,300,0,600,301800,90901,300,560000,960000,90600,30000,60600,30000,0,0,0,30600,100661,0.1007
distribute_parallel_for_400_100_400,400,400,0,800,402400,121201,400,640000,1280000,120800,40000,80800,40000,0,0,0,40800,134993,0.1350
distribute_parallel_for_400_100_500,400,500,0,1000,503000,151501,500,720000,1600000,151000,50000,101000,50000,0,0,0,51000,257950,0.2580
distribute_parallel_for_400_100_600,400,600,0,1200,603600,181801,600,800000,1920000,181200,60000,121200,60000,0,0,0,61200,220183,0.2202
distribute_parallel_for_400_100_700,400,700,0,1400,704200,212101,700,880000,2240000,211400,70000,141400,70000,0,0,0,71400,232900,0.2329
distribute_parallel_for_400_100_800,400,800,0,1600,804800,242401,800,960000,2560000,241600,80000,161600,80000,0,0,0,81600,268935,0.2689
distribute_parallel_for_400_100_900,400,900,0,1800,905400,272701,900,1040000,2880000,271800,90000,181800,90000,0,0,0,91800,298478,0.2985
distribute_parallel_for_400_200_100,400,100,0,200,200600,60301,100,800000,320000,60200,20000,40200,20000,0,0,0,20200,68946,0.0689
distribute_parallel_for_400_200_200,400,200,0,400,401200,120601,200,960000,640000,120400,40000,80400,40000,0,0,0,40400,133167,0.1332
distribute_parallel_for_400_200_300,400,300,0,600,601800,180901,300,1120000,960000,180600,60000,120600,60000,0,0,0,60600,211077,0.2111
distribute_parallel_for_400_200_400,400,400,0,800,802400,241201,400,1280000,1280000,240800,80000,160800,80000,0,0,0,80800,265440,0.2654
distribute_parallel_for_400_200_500,400,500,0,1000,1003000,301501,500,1440000,1600000,301000,100000,201000,100000,0,0,0,101000,331055,0.3311
distribute_parallel_for_400_200_600,400,600,0,1200,1203600,361801,600,1600000,1920000,361200,120000,241200,120000,0,0,0,121200,396911,0.3969
distribute_parallel_for_400_200_700,400,700,0,1400,1404200,422101,700,1760000,2240000,421400,140000,281400,140000,0,0,0,141400,450487,0.4505
distribute_parallel_for_400_200_800,400,800,0,1600,1604800,482401,800,1920000,2560000,481600,160000,321600,160000,0,0,0,161600,516349,0.5163
distribute_parallel_for_400_200_900,400,900,0,1800,1805400,542701,900,2080000,2880000,541800,180000,361800,180000,0,0,0,181800,582290,0.5823
distribute_parallel_for_400_300_100,400,100,0,200,300600,90301,100,1200000,320000,90200,30000,60200,30000,0,0,0,30200,100361,0.1004
distribute_parallel_for_400_300_200,400,200,0,400,601200,180601,200,1440000,640000,180400,60000,120400,60000,0,0,0,60400,199038,0.1990
distribute_parallel_for_400_300_300,400,300,0,600,901800,270901,300,1680000,960000,270600,90000,180600,90000,0,0,0,90600,297620,0.2976
distribute_parallel_for_400_300_400,400,400,0,800,1202400,361201,400,1920000,1280000,360800,120000,240800,120000,0,0,0,120800,387968,0.3880
distribute_parallel_for_400_300_500,400,500,0,1000,1503000,451501,500,2160000,1600000,451000,150000,301000,150000,0,0,0,151000,494798,0.4948
distribute_parallel_for_400_300_600,400,600,0,1200,1803600,541801,600,2400000,1920000,541200,180000,361200,180000,0,0,0,181200,583809,0.5838
distribute_parallel_for_400_300_700,400,700,0,1400,2104200,632101,700,2640000,2240000,631400,210000,421400,210000,0,0,0,211400,679920,0.6799
distribute_parallel_for_400_300_800,400,800,0,1600,2404800,722401,800,2880000,2560000,721600,240000,481600,240000,0,0,0,241600,763357,0.7634
distribute_parallel_for_400_300_900,400,900,0,1800,2705400,812701,900,3120000,2880000,811800,270000,541800,270000,0,0,0,271800,864717,0.8647
distribute_parallel_for_400_400_100,400,100,0,200,400600,120301,100,1600000,320000,120200,40000,80200,40000,0,0,0,40200,133165,0.1332
distribute_parallel_for_400_400_200,400,200,0,400,801200,240601,200,1920000,640000,240400,80000,160400,80000,0,0,0,80400,259684,0.2597
distribute_parallel_for_400_400_300,400,300,0,600,1201800,360901,300,2240000,960000,360600,120000,240600,120000,0,0,0,120600,383486,0.3835
distribute_parallel_for_400_400_400,400,400,0,800,1602400,481201,400,2560000,1280000,480800,160000,320800,160000,0,0,0,160800,511292,0.5113
distribute_parallel_for_400_400_500,400,500,0,1000,2003000,601501,500,2880000,1600000,601000,200000,401000,200000,0,0,0,201000,640287,0.6403
distribute_parallel_for_400_400_600,400,600,0,1200,2403600,721801,600,3200000,1920000,721200,240000,481200,240000,0,0,0,241200,766801,0.7668
distribute_parallel_for_400_400_700,400,700,0,1400,2804200,842101,700,3520000,2240000,841400,280000,561400,280000,0,0,0,281400,901776,0.9018
distribute_parallel_for_400_400_800,400,800,0,1600,3204800,962401,800,3840000,2560000,961600,320000,641600,320000,0,0,0,321600,1024952,1.0250
distribute_parallel_for_400_400_900,400,900,0,1800,3605400,1082701,900,4160000,2880000,1081800,360000,721800,360000,0,0,0,361800,1158857,1.1589
distribute_parallel_for_400_500_100,400,100,0,200,500600,150301,100,2000000,320000,150200,50000,100200,50000,0,0,0,50200,164054,0.1641
distribute_parallel_for_400_500_200,400,200,0,400,1001200,300601,200,2400000,640000,300400,100000,200400,100000,0,0,0,100400,326344,0.3263
distribute_parallel_for_400_500_300,400,300,0,600,1501800,450901,300,2800000,960000,450600,150000,300600,150000,0,0,0,150600,487814,0.4878
distribute_parallel_for_400_500_400,400,400,0,800,2002400,601201,400,3200000,1280000,600800,200000,400800,200000,0,0,0,200800,649686,0.6497
distribute_parallel_for_400_500_500,400,500,0,1000,2503000,751501,500,3600000,1600000,751000,250000,501000,250000,0,0,0,251000,815037,0.8150
distribute_parallel_for_400_500_600,400,600,0,1200,3003600,901801,600,4000000,1920000,901200,300000,601200,300000,0,0,0,301200,975372,0.9754
distribute_parallel_for_400_500_700,400,700,0,1400,3504200,1052101,700,4400000,2240000,1051400,350000,701400,350000,0,0,0,351400,1137133,1.1371
distribute_parallel_for_400_500_800,400,800,0,1600,4004800,1202401,800,4800000,2560000,1201600,400000,801600,400000,0,0,0,401600,1299719,1.2997
distribute_parallel_for_400_500_900,400,900,0,1800,4505400,1352701,900,5200000,2880000,1351800,450000,901800,450000,0,0,0,451800,1465549,1.4655
distribute_parallel_for_400_600_100,400,100,0,200,600600,180301,100,2400000,320000,180200,60000,120200,60000,0,0,0,60200,196201,0.1962
distribute_parallel_for_400_600_200,400,200,0,400,1201200,360601,200,2880000,640000,360400,120000,240400,120000,0,0,0,120400,392624,0.3926
distribute_parallel_for_400_600_300,400,300,0,600,1801800,540901,300,3360000,960000,540600,180000,360600,180000,0,0,0,180600,586129,0.5861
distribute_parallel_for_400_600_400,400,400,0,800,2402400,721201,400,3840000,1280000,720800,240000,480800,240000,0,0,0,240800,782651,0.7827
distribute_parallel_for_400_600_500,400,500,0,1000,3003000,901501,500,4320000,1600000,901000,300000,601000,300000,0,0,0,301000,975356,0.9754
distribute_parallel_for_400_600_600,400,600,0,1200,3603600,1081801,600,4800000,1920000,1081200,360000,721200,360000,0,0,0,361200,1168554,1.1686
distribute_parallel_for_400_600_700,400,700,0,1400,4204200,1262101,700,5280000,2240000,1261400,420000,841400,420000,0,0,0,421400,1365569,1.3656
distribute_parallel_for_400_600_800,400,800,0,1600,4804800,1442401,800,5760000,2560000,1441600,480000,961600,480000,0,0,0,481600,1562433,1.5624
distribute_parallel_for_400_600_900,400,900,0,1800,5405400,1622701,900,6240000,2880000,1621800,540000,1081800,540000,0,0,0,541800,1751448,1.7514
distribute_parallel_for_400_700_100,400,100,0,200,700600,210301,100,2800000,320000,210200,70000,140200,70000,0,0,0,70200,228933,0.2289
distribute_parallel_for_400_700_200,400,200,0,400,1401200,420601,200,3360000,640000,420400,140000,280400,140000,0,0,0,140400,457578,0.4576
distribute_parallel_for_400_700_300,400,300,0,600,2101800,630901,300,3920000,960000,630600,210000,420600,210000,0,0,0,210600,684444,0.6844
distribute_parallel_for_400_700_400,400,400,0,800,2802400,841201,400,4480000,1280000,840800,280000,560800,280000,0,0,0,280800,913767,0.9138
distribute_parallel_for_400_700_500,400,500,0,1000,3503000,1051501,500,5040000,1600000,1051000,350000,701000,350000,0,0,0,351000,1139010,1.1390
distribute_parallel_for_400_700_600,400,600,0,1200,4203600,1261801,600,5600000,1920000,1261200,420000,841200,420000,0,0,0,421200,1369638,1.3696
distribute_parallel_for_400_700_700,400,700,0,1400,4904200,1472101,700,6160000,2240000,1471400,490000,981400,490000,0,0,0,491400,1594284,1.5943
distribute_parallel_for_400_700_800,400,800,0,1600,5604800,1682401,800,6720000,2560000,1681600,560000,1121600,560000,0,0,0,561600,1821105,1.8211
distribute_parallel_for_400_700_900,400,900,0,1800,6305400,1892701,900,7280000,2880000,1891800,630000,1261800,630000,0,0,0,631800,2046035,2.0460
distribute_parallel_for_400_800_100,400,100,0,200,800600,240301,100,3200000,320000,240200,80000,160200,80000,0,0,0,80200,260673,0.2607
distribute_parallel_for_400_800_200,400,200,0,400,1601200,480601,200,3840000,640000,480400,160000,320400,160000,0,0,0,160400,520143,0.5201
distribute_parallel_for_400_800_300,400,300,0,600,2401800,720901,300,4480000,960000,720600,240000,480600,240000,0,0,0,240600,780989,0.7810
distribute_parallel_for_400_800_400,400,400,0,800,3202400,961201,400,5120000,1280000,960800,320000,640800,320000,0,0,0,320800,1040314,1.0403
distribute_parallel_for_400_800_500,400,500,0,1000,4003000,1201501,500,5760000,1600000,1201000,400000,801000,400000,0,0,0,401000,1296190,1.2962
distribute_parallel_for_400_800_600,400,600,0,1200,4803600,1441801,600,6400000,1920000,1441200,480000,961200,480000,0,0,0,481200,1558860,1.5589
distribute_parallel_for_400_800_700,400,700,0,1400,5604200,1682101,700,7040000,2240000,1681400,560000,1121400,560000,0,0,0,561400,1818345,1.8183
distribute_parallel_for_400_800_800,400,800,0,1600,6404800,1922401,800,7680000,2560000,1921600,640000,1281600,640000,0,0,0,641600,2078564,2.0786
distribute_parallel_for_400_800_900,400,900,0,1800,7205400,2162701,900,8320000,2880000,2161800,720000,1441800,720000,0,0,0,721800,2334166,2.3342
distribute_parallel_for_400_900_100,400,100,0,200,900600,270301,100,3600000,320000,270200,90000,180200,90000,0,0,0,90200,298015,0.2980
distribute_parallel_for_400_900_200,400,200,0,400,1801200,540601,200,4320000,640000,540400,180000,360400,180000,0,0,0,180400,585582,0.5856
distribute_parallel_for_400_900_300,400,300,0,600,2701800,810901,300,5040000,960000,810600,270000,540600,270000,0,0,0,270600,877378,0.8774
distribute_parallel_for_400_900_400,400,400,0,800,3602400,1081201,400,5760000,1280000,1080800,360000,720800,360000,0,0,0,360800,1170626,1.1706
distribute_parallel_for_400_900_500,400,500,0,1000,4503000,1351501,500,6480000,1600000,1351000,450000,901000,450000,0,0,0,451000,1464617,1.4646
distribute_parallel_for_400_900_600,400,600,0,1200,5403600,1621801,600,7200000,1920000,1621200,540000,1081200,540000,0,0,0,541200,1750369,1.7504
distribute_parallel_for_400_900_700,400,700,0,1400,6304200,1892101,700,7920000,2240000,1891400,630000,1261400,630000,0,0,0,631400,2045896,2.0459
distribute_parallel_for_400_900_800,400,800,0,1600,7204800,2162401,800,8640000,2560000,2161600,720000,1441600,720000,0,0,0,721600,2335998,2.3360
distribute_parallel_for_400_900_900,400,900,0,1800,8105400,2432701,900,9360000,2880000,2431800,810000,1621800,810000,0,0,0,811800,2632010,2.6320
distribute_parallel_for_4500_4500_4500,4500,4500,0,9000,202527000,60763501,4500,324000000,162000000,60759000,20250000,40509000,20250000,0,0,0,20259000,85144174,85.1442
distribute_parallel_for_4500_4500_5000,4500,5000,0,10000,225030000,67515001,5000,342000000,180000000,67510000,22500000,45010000,22500000,0,0,0,22510000,94079669,94.0797
distribute_parallel_for_4500_4500_5500,4500,5500,0,11000,247533000,74266501,5500,360000000,198000000,74261000,24750000,49511000,24750000,0,0,0,24761000,104190865,104.1909
distribute_parallel_for_4500_4500_6000,4500,6000,0,12000,270036000,81018001,6000,378000000,216000000,81012000,27000000,54012000,27000000,0,0,0,27012000,112708171,112.7082
distribute_parallel_for_4500_5000_4500,4500,4500,0,9000,225027000,67513501,4500,360000000,162000000,67509000,22500000,45009000,22500000,0,0,0,22509000,94580999,94.5810
distribute_parallel_for_4500_5000_5000,4500,5000,0,10000,250030000,75015001,5000,380000000,180000000,75010000,25000000,50010000,25000000,0,0,0,25010000,105082308,105.0823
distribute_parallel_for_4500_5000_5500,4500,5500,0,11000,275033000,82516501,5500,400000000,198000000,82511000,27500000,55011000,27500000,0,0,0,27511000,115141194,115.1412
distribute_parallel_for_4500_5000_6000,4500,6000,0,12000,300036000,90018001,6000,420000000,216000000,90012000,30000000,60012000,30000000,0,0,0,30012000,126052925,126.0529
distribute_parallel_for_4500_5500_4500,4500,4500,0,9000,247527000,74263501,4500,396000000,162000000,74259000,24750000,49509000,24750000,0,0,0,24759000,103980380,103.9804
distribute_parallel_for_4500_5500_5000,4500,5000,0,10000,275030000,82515001,5000,418000000,180000000,82510000,27500000,55010000,27500000,0,0,0,27510000,124148528,124.1485
distribute_parallel_for_4500_5500_5500,4500,5500,0,11000,302533000,90766501,5500,440000000,198000000,90761000,30250000,60511000,30250000,0,0,0,30261000,127070226,127.0702
distribute_parallel_for_4500_5500_6000,4500,6000,0,12000,330036000,99018001,6000,462000000,216000000,99012000,33000000,66012000,33000000,0,0,0,33012000,138837585,138.8376
distribute_parallel_for_4500_6000_4500,4500,4500,0,9000,270027000,81013501,4500,432000000,162000000,81009000,27000000,54009000,27000000,0,0,0,27009000,113557564,113.5576
distribute_parallel_for_4500_6000_5000,4500,5000,0,10000,300030000,90015001,5000,456000000,180000000,90010000,30000000,60010000,30000000,0,0,0,30010000,126682620,126.6826
distribute_parallel_for_4500_6000_5500,4500,5500,0,11000,330033000,99016501,5500,480000000,198000000,99011000,33000000,66011000,33000000,0,0,0,33011000,137706351,137.7064
distribute_parallel_for_4500_6000_6000,4500,6000,0,12000,360036000,108018001,6000,504000000,216000000,108012000,36000000,72012000,36000000,0,0,0,36012000,151738743,151.7387
distribute_parallel_for_5000_4500_4500,5000,4500,0,9000,202527000,60763501,4500,342000000,180000000,60759000,20250000,40509000,20250000,0,0,0,20259000,87536703,87.5367
distribute_parallel_for_5000_4500_5000,5000,5000,0,10000,225030000,67515001,5000,360000000,200000000,67510000,22500000,45010000,22500000,0,0,0,22510000,97879330,97.8793
distribute_parallel_for_5000_4500_5500,5000,5500,0,11000,247533000,74266501,5500,378000000,220000000,74261000,24750000,49511000,24750000,0,0,0,24761000,109602234,109.6022
distribute_parallel_for_5000_4500_6000,5000,6000,0,12000,270036000,81018001,6000,396000000,240000000,81012000,27000000,54012000,27000000,0,0,0,27012000,116107323,116.1073
distribute_parallel_for_5000_5000_4500,5000,4500,0,9000,225027000,67513501,4500,380000000,180000000,67509000,22500000,45009000,22500000,0,0,0,22509000,96964757,96.9648
distribute_parallel_for_5000_5000_5000,5000,5000,0,10000,250030000,75015001,5000,400000000,200000000,75010000,25000000,50010000,25000000,0,0,0,25010000,107164402,107.1644
distribute_parallel_for_5000_5000_5500,5000,5500,0,11000,275033000,82516501,5500,420000000,220000000,82511000,27500000,55011000,27500000,0,0,0,27511000,117675604,117.6756
distribute_parallel_for_5000_5000_6000,5000,6000,0,12000,300036000,90018001,6000,440000000,240000000,90012000,30000000,60012000,30000000,0,0,0,30012000,130079207,130.0792
distribute_parallel_for_5000_5500_4500,5000,4500,0,9000,247527000,74263501,4500,418000000,180000000,74259000,24750000,49509000,24750000,0,0,0,24759000,106988091,106.9881
distribute_parallel_for_5000_5500_5000,5000,5000,0,10000,275030000,82515001,5000,440000000,200000000,82510000,27500000,55010000,27500000,0,0,0,27510000,119515557,119.5156
distribute_parallel_for_5000_5500_5500,5000,5500,0,11000,302533000,90766501,5500,462000000,220000000,90761000,30250000,60511000,30250000,0,0,0,30261000,129921348,129.9213
distribute_parallel_for_5000_5500_6000,5000,6000,0,12000,330036000,99018001,6000,484000000,240000000,99012000,33000000,66012000,33000000,0,0,0,33012000,141778304,141.7783
distribute_parallel_for_5000_6000_4500,5000,4500,0,9000,270027000,81013501,4500,456000000,180000000,81009000,27000000,54009000,27000000,0,0,0,27009000,118239468,118.2395
distribute_parallel_for_5000_6000_5000,5000,5000,0,10000,300030000,90015001,5000,480000000,200000000,90010000,30000000,60010000,30000000,0,0,0,30010000,129162159,129.1622
distribute_parallel_for_5000_6000_5500,5000,5500,0,11000,330033000,99016501,5500,504000000,220000000,99011000,33000000,66011000,33000000,0,0,0,33011000,145922813,145.9228
distribute_parallel_for_5000_6000_6000,5000,6000,0,12000,360036000,108018001,6000,528000000,240000000,108012000,36000000,72012000,36000000,0,0,0,36012000,155237130,155.2371
distribute_parallel_for_500_100_100,500,100,0,200,100600,30301,100,480000,400000,30200,10000,20200,10000,0,0,0,10200,32671,0.0327
distribute_parallel_for_500_100_200,500,200,0,400,201200,60601,200,560000,800000,60400,20000,40400,20000,0,0,0,20400,65152,0.0652
distribute_parallel_for_500_100_300,500,300,0,600,301800,90901,300,640000,1200000,90600,30000,60600,30000,0,0,0,30600,96658,0.0967
distribute_parallel_for_500_100_400,500,400,0,800,402400,121201,400,720000,1600000,120800,40000,80800,40000,0,0,0,40800,128099,0.1281
distribute_parallel_for_500_100_500,500,500,0,1000,503000,151501,500,800000,2000000,151000,50000,101000,50000,0,0,0,51000,160822,0.1608
distribute_parallel_for_500_100_600,500,600,0,1200,603600,181801,600,880000,2400000,181200,60000,121200,60000,0,0,0,61200,191089,0.1911
distribute_parallel_for_500_100_700,500,700,0,1400,704200,212101,700,960000,2800000,211400,70000,141400,70000,0,0,0,71400,222821,0.2228
distribute_parallel_for_500_100_800,500,800,0,1600,804800,242401,800,1040000,3200000,241600,80000,161600,80000,0,0,0,81600,254427,0.2544
distribute_parallel_for_500_100_900,500,900,0,1800,905400,272701,900,1120000,3600000,271800,90000,181800,90000,0,0,0,91800,286592,0.2866
distribute_parallel_for_500_200_100,500,100,0,200,200600,60301,100,960000,400000,60200,20000,40200,20000,0,0,0,20200,64571,0.0646
distribute_parallel_for_500_200_200,500,200,0,400,401200,120601,200,1120000,800000,120400,40000,80400,40000,0,0,0,40400,128347,0.1283
distribute_parallel_for_500_200_300,500,300,0,600,601800,180901,300,1280000,1200000,180600,60000,120600,60000,0,0,0,60600,192008,0.1920
distribute_parallel_for_500_200_400,500,400,0,800,802400,241201,400,1440000,1600000,240800,80000,160800,80000,0,0,0,80800,254731,0.2547
distribute_parallel_for_500_200_500,500,500,0,1000,1003000,301501,500,1600000,2000000,301000,100000,201000,100000,0,0,0,101000,316574,0.3166
distribute_parallel_for_500_200_600,500,600,0,1200,1203600,361801,600,1760000,2400000,361200,120000,241200,120000,0,0,0,121200,379996,0.3800
distribute_parallel_for_500_200_700,500,700,0,1400,1404200,422101,700,1920000,2800000,421400,140000,281400,140000,0,0,0,141400,444362,0.4444
distribute_parallel_for_500_200_800,500,800,0,1600,1604800,482401,800,2080000,3200000,481600,160000,321600,160000,0,0,0,161600,505161,0.5052
distribute_parallel_for_500_200_900,500,900,0,1800,1805400,542701,900,2240000,3600000,541800,180000,361800,180000,0,0,0,181800,567658,0.5677
distribute_parallel_for_500_300_100,500,100,0,200,300600,90301,100,1440000,400000,90200,30000,60200,30000,0,0,0,30200,96194,0.0962
distribute_parallel_for_500_300_200,500,200,0,400,601200,180601,200,1680000,800000,180400,60000,120400,60000,0,0,0,60400,190535,0.1905
distribute_parallel_for_500_300_300,500,300,0,600,901800,270901,300,1920000,1200000,270600,90000,180600,90000,0,0,0,90600,284669,0.2847
distribute_parallel_for_500_300_400,500,400,0,800,1202400,361201,400,2160000,1600000,360800,120000,240800,120000,0,0,0,120800,379989,0.3800
distribute_parallel_for_500_300_500,500,500,0,1000,1503000,451501,500,2400000,2000000,451000,150000,301000,150000,0,0,0,151000,473849,0.4738
distribute_parallel_for_500_300_600,500,600,0,1200,1803600,541801,600,2640000,2400000,541200,180000,361200,180000,0,0,0,181200,567901,0.5679
distribute_parallel_for_500_300_700,500,700,0,1400,2104200,632101,700,2880000,2800000,631400,210000,421400,210000,0,0,0,211400,662063,0.6621
distribute_parallel_for_500_300_800,500,800,0,1600,2404800,722401,800,3120000,3200000,721600,240000,481600,240000,0,0,0,241600,757885,0.7579
distribute_parallel_for_500_300_900,500,900,0,1800,2705400,812701,900,3360000,3600000,811800,270000,541800,270000,0,0,0,271800,853531,0.8535
distribute_parallel_for_500_400_100,500,100,0,200,400600,120301,100,1920000,400000,120200,40000,80200,40000,0,0,0,40200,128281,0.1283
distribute_parallel_for_500_400_200,500,200,0,400,801200,240601,200,2240000,800000,240400,80000,160400,80000,0,0,0,80400,258324,0.2583
distribute_parallel_for_500_400_300,500,300,0,600,1201800,360901,300,2560000,1200000,360600,120000,240600,120000,0,0,0,120600,390834,0.3908
distribute_parallel_for_500_400_400,500,400,0,800,1602400,481201,400,2880000,1600000,480800,160000,320800,160000,0,0,0,160800,522733,0.5227
distribute_parallel_for_500_400_500,500,500,0,1000,2003000,601501,500,3200000,2000000,601000,200000,401000,200000,0,0,0,201000,657758,0.6578
distribute_parallel_for_500_400_600,500,600,0,1200,2403600,721801,600,3520000,2400000,721200,240000,481200,240000,0,0,0,241200,793219,0.7932
distribute_parallel_for_500_400_700,500,700,0,1400,2804200,842101,700,3840000,2800000,841400,280000,561400,280000,0,0,0,281400,928222,0.9282
distribute_parallel_for_500_400_800,500,800,0,1600,3204800,962401,800,4160000,3200000,961600,320000,641600,320000,0,0,0,321600,1058413,1.0584
distribute_parallel_for_500_400_900,500,900,0,1800,3605400,1082701,900,4480000,3600000,1081800,360000,721800,360000,0,0,0,361800,1198118,1.1981
distribute_parallel_for_500_500_100,500,100,0,200,500600,150301,100,2400000,400000,150200,50000,100200,50000,0,0,0,50200,166484,0.1665
distribute_parallel_for_500_500_200,500,200,0,400,1001200,300601,200,2800000,800000,300400,100000,200400,100000,0,0,0,100400,330503,0.3305
distribute_parallel_for_500_500_300,500,300,0,600,1501800,450901,300,3200000,1200000,450600,150000,300600,150000,0,0,0,150600,497877,0.4979
distribute_parallel_for_500_500_400,500,400,0,800,2002400,601201,400,3600000,1600000,600800,200000,400800,200000,0,0,0,200800,660038,0.6600
distribute_parallel_for_500_500_500,500,500,0,1000,2503000,751501,500,4000000,2000000,751000,250000,501000,250000,0,0,0,251000,828695,0.8287
distribute_parallel_for_500_500_600,500,600,0,1200,3003600,901801,600,4400000,2400000,901200,300000,601200,300000,0,0,0,301200,993546,0.9935
distribute_parallel_for_500_500_700,500,700,0,1400,3504200,1052101,700,4800000,2800000,1051400,350000,701400,350000,0,0,0,351400,1163309,1.1633
distribute_parallel_for_500_500_800,500,800,0,1600,4004800,1202401,800,5200000,3200000,1201600,400000,801600,400000,0,0,0,401600,1326192,1.3262
distribute_parallel_for_500_500_900,500,900,0,1800,4505400,1352701,900,5600000,3600000,1351800,450000,901800,450000,0,0,0,451800,1493335,1.4933
distribute_parallel_for_500_600_100,500,100,0,200,600600,180301,100,2880000,400000,180200,60000,120200,60000,0,0,0,60200,195136,0.1951
distribute_parallel_for_500_600_200,500,200,0,400,1201200,360601,200,3360000,800000,360400,120000,240400,120000,0,0,0,120400,394281,0.3943
distribute_parallel_for_500_600_300,500,300,0,600,1801800,540901,300,3840000,1200000,540600,180000,360600,180000,0,0,0,180600,593805,0.5938
distribute_parallel_for_500_600_400,500,400,0,800,2402400,721201,400,4320000,1600000,720800,240000,480800,240000,0,0,0,240800,794482,0.7945
distribute_parallel_for_500_600_500,500,500,0,1000,3003000,901501,500,4800000,2000000,901000,300000,601000,300000,0,0,0,301000,999170,0.9992
distribute_parallel_for_500_600_600,500,600,0,1200,3603600,1081801,600,5280000,2400000,1081200,360000,721200,360000,0,0,0,361200,1196424,1.1964
distribute_parallel_for_500_600_700,500,700,0,1400,4204200,1262101,700,5760000,2800000,1261400,420000,841400,420000,0,0,0,421400,1397019,1.3970
distribute_parallel_for_500_600_800,500,800,0,1600,4804800,1442401,800,6240000,3200000,1441600,480000,961600,480000,0,0,0,481600,1597907,1.5979
distribute_parallel_for_500_600_900,500,900,0,1800,5405400,1622701,900,6720000,3600000,1621800,540000,1081800,540000,0,0,0,541800,1802003,1.8020
distribute_parallel_for_500_700_100,500,100,0,200,700600,210301,100,3360000,400000,210200,70000,140200,70000,0,0,0,70200,228352,0.2284
distribute_parallel_for_500_700_200,500,200,0,400,1401200,420601,200,3920000,800000,420400,140000,280400,140000,0,0,0,140400,462575,0.4626
distribute_parallel_for_500_700_300,500,300,0,600,2101800,630901,300,4480000,1200000,630600,210000,420600,210000,0,0,0,210600,696263,0.6963
distribute_parallel_for_500_700_400,500,400,0,800,2802400,841201,400,5040000,1600000,840800,280000,560800,280000,0,0,0,280800,932321,0.9323
distribute_parallel_for_500_700_500,500,500,0,1000,3503000,1051501,500,5600000,2000000,1051000,350000,701000,350000,0,0,0,351000,1166453,1.1665
distribute_parallel_for_500_700_600,500,600,0,1200,4203600,1261801,600,6160000,2400000,1261200,420000,841200,420000,0,0,0,421200,1401099,1.4011
distribute_parallel_for_500_700_700,500,700,0,1400,4904200,1472101,700,6720000,2800000,1471400,490000,981400,490000,0,0,0,491400,1634751,1.6348
distribute_parallel_for_500_700_800,500,800,0,1600,5604800,1682401,800,7280000,3200000,1681600,560000,1121600,560000,0,0,0,561600,1870934,1.8709
distribute_parallel_for_500_700_900,500,900,0,1800,6305400,1892701,900,7840000,3600000,1891800,630000,1261800,630000,0,0,0,631800,2100797,2.1008
distribute_parallel_for_500_800_100,500,100,0,200,800600,240301,100,3840000,400000,240200,80000,160200,80000,0,0,0,80200,261547,0.2615
distribute_parallel_for_500_800_200,500,200,0,400,1601200,480601,200,4480000,800000,480400,160000,320400,160000,0,0,0,160400,529306,0.5293
distribute_parallel_for_500_800_300,500,300,0,600,2401800,720901,300,5120000,1200000,720600,240000,480600,240000,0,0,0,240600,797454,0.7975
distribute_parallel_for_500_800_400,500,400,0,800,3202400,961201,400,5760000,1600000,960800,320000,640800,320000,0,0,0,320800,1067042,1.0670
distribute_parallel_for_500_800_500,500,500,0,1000,4003000,1201501,500,6400000,2000000,1201000,400000,801000,400000,0,0,0,401000,1330046,1.3300
distribute_parallel_for_500_800_600,500,600,0,1200,4803600,1441801,600,7040000,2400000,1441200,480000,961200,480000,0,0,0,481200,1599062,1.5991
distribute_parallel_for_500_800_700,500,700,0,1400,5604200,1682101,700,7680000,2800000,1681400,560000,1121400,560000,0,0,0,561400,1866413,1.8664
distribute_parallel_for_500_800_800,500,800,0,1600,6404800,1922401,800,8320000,3200000,1921600,640000,1281600,640000,0,0,0,641600,2135430,2.1354
distribute_parallel_for_500_800_900,500,900,0,1800,7205400,2162701,900,8960000,3600000,2161800,720000,1441800,720000,0,0,0,721800,2407286,2.4073
distribute_parallel_for_500_900_100,500,100,0,200,900600,270301,100,4320000,400000,270200,90000,180200,90000,0,0,0,90200,395459,0.3955
distribute_parallel_for_500_900_200,500,200,0,400,1801200,540601,200,5040000,800000,540400,180000,360400,180000,0,0,0,180400,595957,0.5960
distribute_parallel_for_500_900_300,500,300,0,600,2701800,810901,300,5760000,1200000,810600,270000,540600,270000,0,0,0,270600,898304,0.8983
distribute_parallel_for_500_900_400,500,400,0,800,3602400,1081201,400,6480000,1600000,1080800,360000,720800,360000,0,0,0,360800,1214452,1.2145
distribute_parallel_for_500_900_500,500,500,0,1000,4503000,1351501,500,7200000,2000000,1351000,450000,901000,450000,0,0,0,451000,1502233,1.5022
distribute_parallel_for_500_900_600,500,600,0,1200,5403600,1621801,600,7920000,2400000,1621200,540000,1081200,540000,0,0,0,541200,1808485,1.8085
distribute_parallel_for_500_900_700,500,700,0,1400,6304200,1892101,700,8640000,2800000,1891400,630000,1261400,630000,0,0,0,631400,2099228,2.0992
distribute_parallel_for_500_900_800,500,800,0,1600,7204800,2162401,800,9360000,3200000,2161600,720000,1441600,720000,0,0,0,721600,2400874,2.4009
distribute_parallel_for_500_900_900,500,900,0,1800,8105400,2432701,900,10080000,3600000,2431800,810000,1621800,810000,0,0,0,811800,2698366,2.6984
distribute_parallel_for_5500_4500_4500,5500,4500,0,9000,202527000,60763501,4500,360000000,198000000,60759000,20250000,40509000,20250000,0,0,0,20259000,92264381,92.2644
distribute_parallel_for_5500_4500_5000,5500,5000,0,10000,225030000,67515001,5000,378000000,220000000,67510000,22500000,45010000,22500000,0,0,0,22510000,102033013,102.0330
distribute_parallel_for_5500_4500_5500,5500,5500,0,11000,247533000,74266501,5500,396000000,242000000,74261000,24750000,49511000,24750000,0,0,0,24761000,112567176,112.5672
distribute_parallel_for_5500_4500_6000,5500,6000,0,12000,270036000,81018001,6000,414000000,264000000,81012000,27000000,54012000,27000000,0,0,0,27012000,122600395,122.6004
distribute_parallel_for_5500_5000_4500,5500,4500,0,9000,225027000,67513501,4500,400000000,198000000,67509000,22500000,45009000,22500000,0,0,0,22509000,102724900,102.7249
distribute_parallel_for_5500_5000_5000,5500,5000,0,10000,250030000,75015001,5000,420000000,220000000,75010000,25000000,50010000,25000000,0,0,0,25010000,114140994,114.1410
distribute_parallel_for_5500_5000_5500,5500,5500,0,11000,275033000,82516501,5500,440000000,242000000,82511000,27500000,55011000,27500000,0,0,0,27511000,123849283,123.8493
distribute_parallel_for_5500_5000_6000,5500,6000,0,12000,300036000,90018001,6000,460000000,264000000,90012000,30000000,60012000,30000000,0,0,0,30012000,136893129,136.8931
distribute_parallel_for_5500_5500_4500,5500,4500,0,9000,247527000,74263501,4500,440000000,198000000,74259000,24750000,49509000,24750000,0,0,0,24759000,112918499,112.9185
distribute_parallel_for_5500_5500_5000,5500,5000,0,10000,275030000,82515001,5000,462000000,220000000,82510000,27500000,55010000,27500000,0,0,0,27510000,125855287,125.8553
distribute_parallel_for_5500_5500_5500,5500,5500,0,11000,302533000,90766501,5500,484000000,242000000,90761000,30250000,60511000,30250000,0,0,0,30261000,137654545,137.6545
distribute_parallel_for_5500_5500_6000,5500,6000,0,12000,330036000,99018001,6000,506000000,264000000,99012000,33000000,66012000,33000000,0,0,0,33012000,150518360,150.5184
distribute_parallel_for_5500_6000_4500,5500,4500,0,9000,270027000,81013501,4500,480000000,198000000,81009000,27000000,54009000,27000000,0,0,0,27009000,123806225,123.8062
distribute_parallel_for_5500_6000_5000,5500,5000,0,10000,300030000,90015001,5000,504000000,220000000,90010000,30000000,60010000,30000000,0,0,0,30010000,136879914,136.8799
distribute_parallel_for_5500_6000_5500,5500,5500,0,11000,330033000,99016501,5500,528000000,242000000,99011000,33000000,66011000,33000000,0,0,0,33011000,150707709,150.7077
distribute_parallel_for_600_100_100,600,100,0,200,100600,30301,100,560000,480000,30200,10000,20200,10000,0,0,0,10200,37023,0.0370
distribute_parallel_for_600_100_200,600,200,0,400,201200,60601,200,640000,960000,60400,20000,40400,20000,0,0,0,20400,70787,0.0708
distribute_parallel_for_600_100_300,600,300,0,600,301800,90901,300,720000,1440000,90600,30000,60600,30000,0,0,0,30600,96474,0.0965
distribute_parallel_for_600_100_400,600,400,0,800,402400,121201,400,800000,1920000,120800,40000,80800,40000,0,0,0,40800,128238,0.1282
distribute_parallel_for_600_100_500,600,500,0,1000,503000,151501,500,880000,2400000,151000,50000,101000,50000,0,0,0,51000,159769,0.1598
distribute_parallel_for_600_100_600,600,600,0,1200,603600,181801,600,960000,2880000,181200,60000,121200,60000,0,0,0,61200,191324,0.1913
distribute_parallel_for_600_100_700,600,700,0,1400,704200,212101,700,1040000,3360000,211400,70000,141400,70000,0,0,0,71400,222834,0.2228
distribute_parallel_for_600_100_800,600,800,0,1600,804800,242401,800,1120000,3840000,241600,80000,161600,80000,0,0,0,81600,255179,0.2552
distribute_parallel_for_600_100_900,600,900,0,1800,905400,272701,900,1200000,4320000,271800,90000,181800,90000,0,0,0,91800,286848,0.2868
distribute_parallel_for_600_200_100,600,100,0,200,200600,60301,100,1120000,480000,60200,20000,40200,20000,0,0,0,20200,65057,0.0651
distribute_parallel_for_600_200_200,600,200,0,400,401200,120601,200,1280000,960000,120400,40000,80400,40000,0,0,0,40400,128975,0.1290
distribute_parallel_for_600_200_300,600,300,0,600,601800,180901,300,1440000,1440000,180600,60000,120600,60000,0,0,0,60600,190926,0.1909
distribute_parallel_for_600_200_400,600,400,0,800,802400,241201,400,1600000,1920000,240800,80000,160800,80000,0,0,0,80800,255105,0.2551
distribute_parallel_for_600_200_500,600,500,0,1000,1003000,301501,500,1760000,2400000,301000,100000,201000,100000,0,0,0,101000,318640,0.3186
distribute_parallel_for_600_200_600,600,600,0,1200,1203600,361801,600,1920000,2880000,361200,120000,241200,120000,0,0,0,121200,380477,0.3805
distribute_parallel_for_600_200_700,600,700,0,1400,1404200,422101,700,2080000,3360000,421400,140000,281400,140000,0,0,0,141400,443713,0.4437
distribute_parallel_for_600_200_800,600,800,0,1600,1604800,482401,800,2240000,3840000,481600,160000,321600,160000,0,0,0,161600,507050,0.5071
distribute_parallel_for_600_200_900,600,900,0,1800,1805400,542701,900,2400000,4320000,541800,180000,361800,180000,0,0,0,181800,568296,0.5683
distribute_parallel_for_600_300_100,600,100,0,200,300600,90301,100,1680000,480000,90200,30000,60200,30000,0,0,0,30200,96385,0.0964
distribute_parallel_for_600_300_200,600,200,0,400,601200,180601,200,1920000,960000,180400,60000,120400,60000,0,0,0,60400,192482,0.1925
distribute_parallel_for_600_300_300,600,300,0,600,901800,270901,300,2160000,1440000,270600,90000,180600,90000,0,0,0,90600,286970,0.2870
distribute_parallel_for_600_300_400,600,400,0,800,1202400,361201,400,2400000,1920000,360800,120000,240800,120000,0,0,0,120800,389008,0.3890
distribute_parallel_for_600_300_500,600,500,0,1000,1503000,451501,500,2640000,2400000,451000,150000,301000,150000,0,0,0,151000,486839,0.4868
distribute_parallel_for_600_300_600,600,600,0,1200,1803600,541801,600,2880000,2880000,541200,180000,361200,180000,0,0,0,181200,587164,0.5872
distribute_parallel_for_600_300_700,600,700,0,1400,2104200,632101,700,3120000,3360000,631400,210000,421400,210000,0,0,0,211400,680970,0.6810
distribute_parallel_for_600_300_800,600,800,0,1600,2404800,722401,800,3360000,3840000,721600,240000,481600,240000,0,0,0,241600,780737,0.7807
distribute_parallel_for_600_300_900,600,900,0,1800,2705400,812701,900,3600000,4320000,811800,270000,541800,270000,0,0,0,271800,880584,0.8806
distribute_parallel_for_600_400_100,600,100,0,200,400600,120301,100,2240000,480000,120200,40000,80200,40000,0,0,0,40200,129498,0.1295
distribute_parallel_for_600_400_200,600,200,0,400,801200,240601,200,2560000,960000,240400,80000,160400,80000,0,0,0,80400,257418,0.2574
distribute_parallel_for_600_400_300,600,300,0,600,1201800,360901,300,2880000,1440000,360600,120000,240600,120000,0,0,0,120600,392369,0.3924
distribute_parallel_for_600_400_400,600,400,0,800,1602400,481201,400,3200000,1920000,480800,160000,320800,160000,0,0,0,160800,525050,0.5251
distribute_parallel_for_600_400_500,600,500,0,1000,2003000,601501,500,3520000,2400000,601000,200000,401000,200000,0,0,0,201000,647514,0.6475
distribute_parallel_for_600_400_600,600,600,0,1200,2403600,721801,600,3840000,2880000,721200,240000,481200,240000,0,0,0,241200,800028,0.8000
distribute_parallel_for_600_400_700,600,700,0,1400,2804200,842101,700,4160000,3360000,841400,280000,561400,280000,0,0,0,281400,894744,0.8947
distribute_parallel_for_600_400_800,600,800,0,1600,3204800,962401,800,4480000,3840000,961600,320000,641600,320000,0,0,0,321600,1024263,1.0243
distribute_parallel_for_600_400_900,600,900,0,1800,3605400,1082701,900,4800000,4320000,1081800,360000,721800,360000,0,0,0,361800,1148553,1.1486
distribute_parallel_for_600_500_100,600,100,0,200,500600,150301,100,2800000,480000,150200,50000,100200,50000,0,0,0,50200,161489,0.1615
distribute_parallel_for_600_500_200,600,200,0,400,1001200,300601,200,3200000,960000,300400,100000,200400,100000,0,0,0,100400,330873,0.3309
distribute_parallel_for_600_500_300,600,300,0,600,1501800,450901,300,3600000,1440000,450600,150000,300600,150000,0,0,0,150600,488053,0.4881
distribute_parallel_for_600_500_400,600,400,0,800,2002400,601201,400,4000000,1920000,600800,200000,400800,200000,0,0,0,200800,640912,0.6409
distribute_parallel_for_600_500_500,600,500,0,1000,2503000,751501,500,4400000,2400000,751000,250000,501000,250000,0,0,0,251000,822332,0.8223
distribute_parallel_for_600_500_600,600,600,0,1200,3003600,901801,600,4800000,2880000,901200,300000,601200,300000,0,0,0,301200,992539,0.9925
distribute_parallel_for_600_500_700,600,700,0,1400,3504200,1052101,700,5200000,3360000,1051400,350000,701400,350000,0,0,0,351400,1161853,1.1619
distribute_parallel_for_600_500_800,600,800,0,1600,4004800,1202401,800,5600000,3840000,1201600,400000,801600,400000,0,0,0,401600,1331173,1.3312
distribute_parallel_for_600_500_900,600,900,0,1800,4505400,1352701,900,6000000,4320000,1351800,450000,901800,450000,0,0,0,451800,1444181,1.4442
distribute_parallel_for_600_600_100,600,100,0,200,600600,180301,100,3360000,480000,180200,60000,120200,60000,0,0,0,60200,193120,0.1931
distribute_parallel_for_600_600_200,600,200,0,400,1201200,360601,200,3840000,960000,360400,120000,240400,120000,0,0,0,120400,385029,0.3850
distribute_parallel_for_600_600_300,600,300,0,600,1801800,540901,300,4320000,1440000,540600,180000,360600,180000,0,0,0,180600,576237,0.5762
distribute_parallel_for_600_600_400,600,400,0,800,2402400,721201,400,4800000,1920000,720800,240000,480800,240000,0,0,0,240800,777963,0.7780
distribute_parallel_for_600_600_500,600,500,0,1000,3003000,901501,500,5280000,2400000,901000,300000,601000,300000,0,0,0,301000,1005413,1.0054
distribute_parallel_for_600_600_600,600,600,0,1200,3603600,1081801,600,5760000,2880000,1081200,360000,721200,360000,0,0,0,361200,1150529,1.1505
distribute_parallel_for_600_600_700,600,700,0,1400,4204200,1262101,700,6240000,3360000,1261400,420000,841400,420000,0,0,0,421400,1397437,1.3974
distribute_parallel_for_600_600_800,600,800,0,1600,4804800,1442401,800,6720000,3840000,1441600,480000,961600,480000,0,0,0,481600,1539640,1.5396
distribute_parallel_for_600_600_900,600,900,0,1800,5405400,1622701,900,7200000,4320000,1621800,540000,1081800,540000,0,0,0,541800,1738649,1.7386
distribute_parallel_for_600_700_100,600,100,0,200,700600,210301,100,3920000,480000,210200,70000,140200,70000,0,0,0,70200,228087,0.2281
distribute_parallel_for_600_700_200,600,200,0,400,1401200,420601,200,4480000,960000,420400,140000,280400,140000,0,0,0,140400,449414,0.4494
distribute_parallel_for_600_700_300,600,300,0,600,2101800,630901,300,5040000,1440000,630600,210000,420600,210000,0,0,0,210600,674411,0.6744
distribute_parallel_for_600_700_400,600,400,0,800,2802400,841201,400,5600000,1920000,840800,280000,560800,280000,0,0,0,280800,931165,0.9312
distribute_parallel_for_600_700_500,600,500,0,1000,3503000,1051501,500,6160000,2400000,1051000,350000,701000,350000,0,0,0,351000,1159254,1.1593
distribute_parallel_for_600_700_600,600,600,0,1200,4203600,1261801,600,6720000,2880000,1261200,420000,841200,420000,0,0,0,421200,1396027,1.3960
distribute_parallel_for_600_700_700,600,700,0,1400,4904200,1472101,700,7280000,3360000,1471400,490000,981400,490000,0,0,0,491400,1569692,1.5697
distribute_parallel_for_600_700_800,600,800,0,1600,5604800,1682401,800,7840000,3840000,1681600,560000,1121600,560000,0,0,0,561600,1790360,1.7904
distribute_parallel_for_600_700_900,600,900,0,1800,6305400,1892701,900,8400000,4320000,1891800,630000,1261800,630000,0,0,0,631800,2087721,2.0877
distribute_parallel_for_600_800_100,600,100,0,200,800600,240301,100,4480000,480000,240200,80000,160200,80000,0,0,0,80200,263543,0.2635
distribute_parallel_for_600_800_200,600,200,0,400,1601200,480601,200,5120000,960000,480400,160000,320400,160000,0,0,0,160400,527930,0.5279
distribute_parallel_for_600_800_300,600,300,0,600,2401800,720901,300,5760000,1440000,720600,240000,480600,240000,0,0,0,240600,795121,0.7951
distribute_parallel_for_600_800_400,600,400,0,800,3202400,961201,400,6400000,1920000,960800,320000,640800,320000,0,0,0,320800,1025508,1.0255
distribute_parallel_for_600_800_500,600,500,0,1000,4003000,1201501,500,7040000,2400000,1201000,400000,801000,400000,0,0,0,401000,1329156,1.3292
distribute_parallel_for_600_800_600,600,600,0,1200,4803600,1441801,600,7680000,2880000,1441200,480000,961200,480000,0,0,0,481200,1596617,1.5966
distribute_parallel_for_600_800_700,600,700,0,1400,5604200,1682101,700,8320000,3360000,1681400,560000,1121400,560000,0,0,0,561400,1863548,1.8635
distribute_parallel_for_600_800_800,600,800,0,1600,6404800,1922401,800,8960000,3840000,1921600,640000,1281600,640000,0,0,0,641600,2045662,2.0457
distribute_parallel_for_600_800_900,600,900,0,1800,7205400,2162701,900,9600000,4320000,2161800,720000,1441800,720000,0,0,0,721800,2415464,2.4155
distribute_parallel_for_600_900_100,600,100,0,200,900600,270301,100,5040000,480000,270200,90000,180200,90000,0,0,0,90200,301176,0.3012
distribute_parallel_for_600_900_200,600,200,0,400,1801200,540601,200,5760000,960000,540400,180000,360400,180000,0,0,0,180400,577342,0.5773
distribute_parallel_for_600_900_300,600,300,0,600,2701800,810901,300,6480000,1440000,810600,270000,540600,270000,0,0,0,270600,870042,0.8700
distribute_parallel_for_600_900_400,600,400,0,800,3602400,1081201,400,7200000,1920000,1080800,360000,720800,360000,0,0,0,360800,1198268,1.1983
distribute_parallel_for_600_900_500,600,500,0,1000,4503000,1351501,500,7920000,2400000,1351000,450000,901000,450000,0,0,0,451000,1503725,1.5037
distribute_parallel_for_600_900_600,600,600,0,1200,5403600,1621801,600,8640000,2880000,1621200,540000,1081200,540000,0,0,0,541200,1726048,1.7260
distribute_parallel_for_600_900_700,600,700,0,1400,6304200,1892101,700,9360000,3360000,1891400,630000,1261400,630000,0,0,0,631400,2100089,2.1001
distribute_parallel_for_600_900_800,600,800,0,1600,7204800,2162401,800,10080000,3840000,2161600,720000,1441600,720000,0,0,0,721600,2393695,2.3937
distribute_parallel_for_600_900_900,600,900,0,1800,8105400,2432701,900,10800000,4320000,2431800,810000,1621800,810000,0,0,0,811800,2700467,2.7005
distribute_parallel_for_6500_6500_6500,6500,6500,0,13000,422539000,126769501,6500,676000000,338000000,126763000,42250000,84513000,42250000,0,0,0,42263000,199976604,199.9766
distribute_parallel_for_6500_6500_7000,6500,7000,0,14000,455042000,136521001,7000,702000000,364000000,136514000,45500000,91014000,45500000,0,0,0,45514000,215765246,215.7652
distribute_parallel_for_6500_6500_7500,6500,7500,0,15000,487545000,146272501,7500,728000000,390000000,146265000,48750000,97515000,48750000,0,0,0,48765000,231217988,231.2180
distribute_parallel_for_6500_6500_8000,6500,8000,0,16000,520048000,156024001,8000,754000000,416000000,156016000,52000000,104016000,52000000,0,0,0,52016000,246393005,246.3930
distribute_parallel_for_6500_7000_6500,6500,6500,0,13000,455039000,136519501,6500,728000000,338000000,136513000,45500000,91013000,45500000,0,0,0,45513000,214976935,214.9769
distribute_parallel_for_6500_7000_7000,6500,7000,0,14000,490042000,147021001,7000,756000000,364000000,147014000,49000000,98014000,49000000,0,0,0,49014000,232316641,232.3166
distribute_parallel_for_6500_7000_7500,6500,7500,0,15000,525045000,157522501,7500,784000000,390000000,157515000,52500000,105015000,52500000,0,0,0,52515000,249276726,249.2767
distribute_parallel_for_6500_7000_8000,6500,8000,0,16000,560048000,168024001,8000,812000000,416000000,168016000,56000000,112016000,56000000,0,0,0,56016000,264372854,264.3729
distribute_parallel_for_6500_7500_6500,6500,6500,0,13000,487539000,146269501,6500,780000000,338000000,146263000,48750000,97513000,48750000,0,0,0,48763000,231223955,231.2240
distribute_parallel_for_6500_7500_7000,6500,7000,0,14000,525042000,157521001,7000,810000000,364000000,157514000,52500000,105014000,52500000,0,0,0,52514000,247674145,247.6741
distribute_parallel_for_6500_7500_7500,6500,7500,0,15000,562545000,168772501,7500,840000000,390000000,168765000,56250000,112515000,56250000,0,0,0,56265000,266708722,266.7087
distribute_parallel_for_6500_7500_8000,6500,8000,0,16000,600048000,180024001,8000,870000000,416000000,180016000,60000000,120016000,60000000,0,0,0,60016000,284721869,284.7219
distribute_parallel_for_6500_8000_6500,6500,6500,0,13000,520039000,156019501,6500,832000000,338000000,156013000,52000000,104013000,52000000,0,0,0,52013000,247054013,247.0540
distribute_parallel_for_6500_8000_7000,6500,7000,0,14000,560042000,168021001,7000,864000000,364000000,168014000,56000000,112014000,56000000,0,0,0,56014000,264666375,264.6664
distribute_parallel_for_6500_8000_7500,6500,7500,0,15000,600045000,180022501,7500,896000000,390000000,180015000,60000000,120015000,60000000,0,0,0,60015000,285102697,285.1027
distribute_parallel_for_6500_8000_8000,6500,8000,0,16000,640048000,192024001,8000,928000000,416000000,192016000,64000000,128016000,64000000,0,0,0,64016000,304756862,304.7569
distribute_parallel_for_7000_6500_6500,7000,6500,0,13000,422539000,126769501,6500,702000000,364000000,126763000,42250000,84513000,42250000,0,0,0,42263000,212664240,212.6642
distribute_parallel_for_7000_6500_7000,7000,7000,0,14000,455042000,136521001,7000,728000000,392000000,136514000,45500000,91014000,45500000,0,0,0,45514000,230942054,230.9421
distribute_parallel_for_7000_6500_7500,7000,7500,0,15000,487545000,146272501,7500,754000000,420000000,146265000,48750000,97515000,48750000,0,0,0,48765000,247677349,247.6773
distribute_parallel_for_7000_6500_8000,7000,8000,0,16000,520048000,156024001,8000,780000000,448000000,156016000,52000000,104016000,52000000,0,0,0,52016000,262008206,262.0082
distribute_parallel_for_7000_7000_6500,7000,6500,0,13000,455039000,136519501,6500,756000000,364000000,136513000,45500000,91013000,45500000,0,0,0,45513000,230775810,230.7758
distribute_parallel_for_700_100_100,700,100,0,200,100600,30301,100,640000,560000,30200,10000,20200,10000,0,0,0,10200,34640,0.0346
distribute_parallel_for_700_100_200,700,200,0,400,201200,60601,200,720000,1120000,60400,20000,40400,20000,0,0,0,20400,65223,0.0652
distribute_parallel_for_700_100_300,700,300,0,600,301800,90901,300,800000,1680000,90600,30000,60600,30000,0,0,0,30600,96664,0.0967
distribute_parallel_for_700_100_400,700,400,0,800,402400,121201,400,880000,2240000,120800,40000,80800,40000,0,0,0,40800,128683,0.1287
distribute_parallel_for_700_100_500,700,500,0,1000,503000,151501,500,960000,2800000,151000,50000,101000,50000,0,0,0,51000,164782,0.1648
distribute_parallel_for_700_100_600,700,600,0,1200,603600,181801,600,1040000,3360000,181200,60000,121200,60000,0,0,0,61200,192978,0.1930
distribute_parallel_for_700_100_700,700,700,0,1400,704200,212101,700,1120000,3920000,211400,70000,141400,70000,0,0,0,71400,225616,0.2256
distribute_parallel_for_700_100_800,700,800,0,1600,804800,242401,800,1200000,4480000,241600,80000,161600,80000,0,0,0,81600,263789,0.2638
distribute_parallel_for_700_100_900,700,900,0,1800,905400,272701,900,1280000,5040000,271800,90000,181800,90000,0,0,0,91800,287237,0.2872
distribute_parallel_for_700_200_100,700,100,0,200,200600,60301,100,1280000,560000,60200,20000,40200,20000,0,0,0,20200,66190,0.0662
distribute_parallel_for_700_200_200,700,200,0,400,401200,120601,200,1440000,1120000,120400,40000,80400,40000,0,0,0,40400,129588,0.1296
distribute_parallel_for_700_200_300,700,300,0,600,601800,180901,300,1600000,1680000,180600,60000,120600,60000,0,0,0,60600,192396,0.1924
distribute_parallel_for_700_200_400,700,400,0,800,802400,241201,400,1760000,2240000,240800,80000,160800,80000,0,0,0,80800,267183,0.2672
distribute_parallel_for_700_200_500,700,500,0,1000,1003000,301501,500,1920000,2800000,301000,100000,201000,100000,0,0,0,101000,336036,0.3360
distribute_parallel_for_700_200_600,700,600,0,1200,1203600,361801,600,2080000,3360000,361200,120000,241200,120000,0,0,0,121200,379203,0.3792
distribute_parallel_for_700_200_700,700,700,0,1400,1404200,422101,700,2240000,3920000,421400,140000,281400,140000,0,0,0,141400,442469,0.4425
distribute_parallel_for_700_200_800,700,800,0,1600,1604800,482401,800,2400000,4480000,481600,160000,321600,160000,0,0,0,161600,505375,0.5054
distribute_parallel_for_700_200_900,700,900,0,1800,1805400,542701,900,2560000,5040000,541800,180000,361800,180000,0,0,0,181800,586999,0.5870
distribute_parallel_for_700_300_100,700,100,0,200,300600,90301,100,1920000,560000,90200,30000,60200,30000,0,0,0,30200,101076,0.1011
distribute_parallel_for_700_300_200,700,200,0,400,601200,180601,200,2160000,1120000,180400,60000,120400,60000,0,0,0,60400,199050,0.1991
distribute_parallel_for_700_300_300,700,300,0,600,901800,270901,300,2400000,1680000,270600,90000,180600,90000,0,0,0,90600,298053,0.2981
distribute_parallel_for_700_300_400,700,400,0,800,1202400,361201,400,2640000,2240000,360800,120000,240800,120000,0,0,0,120800,398570,0.3986
distribute_parallel_for_700_300_500,700,500,0,1000,1503000,451501,500,2880000,2800000,451000,150000,301000,150000,0,0,0,151000,499549,0.4995
distribute_parallel_for_700_300_600,700,600,0,1200,1803600,541801,600,3120000,3360000,541200,180000,361200,180000,0,0,0,181200,591163,0.5912
distribute_parallel_for_700_300_700,700,700,0,1400,2104200,632101,700,3360000,3920000,631400,210000,421400,210000,0,0,0,211400,700422,0.7004
distribute_parallel_for_700_300_800,700,800,0,1600,2404800,722401,800,3600000,4480000,721600,240000,481600,240000,0,0,0,241600,789326,0.7893
distribute_parallel_for_700_300_900,700,900,0,1800,2705400,812701,900,3840000,5040000,811800,270000,541800,270000,0,0,0,271800,883912,0.8839
distribute_parallel_for_700_400_100,700,100,0,200,400600,120301,100,2560000,560000,120200,40000,80200,40000,0,0,0,40200,132468,0.1325
distribute_parallel_for_700_400_200,700,200,0,400,801200,240601,200,2880000,1120000,240400,80000,160400,80000,0,0,0,80400,263183,0.2632
distribute_parallel_for_700_400_300,700,300,0,600,1201800,360901,300,3200000,1680000,360600,120000,240600,120000,0,0,0,120600,401835,0.4018
distribute_parallel_for_700_400_400,700,400,0,800,1602400,481201,400,3520000,2240000,480800,160000,320800,160000,0,0,0,160800,535609,0.5356
distribute_parallel_for_700_400_500,700,500,0,1000,2003000,601501,500,3840000,2800000,601000,200000,401000,200000,0,0,0,201000,843363,0.8434
distribute_parallel_for_700_400_600,700,600,0,1200,2403600,721801,600,4160000,3360000,721200,240000,481200,240000,0,0,0,241200,786083,0.7861
distribute_parallel_for_700_400_700,700,700,0,1400,2804200,842101,700,4480000,3920000,841400,280000,561400,280000,0,0,0,281400,941565,0.9416
distribute_parallel_for_700_400_800,700,800,0,1600,3204800,962401,800,4800000,4480000,961600,320000,641600,320000,0,0,0,321600,1127860,1.1279
distribute_parallel_for_700_400_900,700,900,0,1800,3605400,1082701,900,5120000,5040000,1081800,360000,721800,360000,0,0,0,361800,1222888,1.2229
distribute_parallel_for_700_500_100,700,100,0,200,500600,150301,100,3200000,560000,150200,50000,100200,50000,0,0,0,50200,167169,0.1672
distribute_parallel_for_700_500_200,700,200,0,400,1001200,300601,200,3600000,1120000,300400,100000,200400,100000,0,0,0,100400,328412,0.3284
distribute_parallel_for_700_500_300,700,300,0,600,1501800,450901,300,4000000,1680000,450600,150000,300600,150000,0,0,0,150600,491056,0.4911
distribute_parallel_for_700_500_400,700,400,0,800,2002400,601201,400,4400000,2240000,600800,200000,400800,200000,0,0,0,200800,656036,0.6560
distribute_parallel_for_700_500_500,700,500,0,1000,2503000,751501,500,4800000,2800000,751000,250000,501000,250000,0,0,0,251000,816798,0.8168
distribute_parallel_for_700_500_600,700,600,0,1200,3003600,901801,600,5200000,3360000,901200,300000,601200,300000,0,0,0,301200,981014,0.9810
distribute_parallel_for_700_500_700,700,700,0,1400,3504200,1052101,700,5600000,3920000,1051400,350000,701400,350000,0,0,0,351400,1143480,1.1435
distribute_parallel_for_700_500_800,700,800,0,1600,4004800,1202401,800,6000000,4480000,1201600,400000,801600,400000,0,0,0,401600,1344232,1.3442
distribute_parallel_for_700_500_900,700,900,0,1800,4505400,1352701,900,6400000,5040000,1351800,450000,901800,450000,0,0,0,451800,1513482,1.5135
distribute_parallel_for_700_600_100,700,100,0,200,600600,180301,100,3840000,560000,180200,60000,120200,60000,0,0,0,60200,199150,0.1991
distribute_parallel_for_700_600_200,700,200,0,400,1201200,360601,200,4320000,1120000,360400,120000,240400,120000,0,0,0,120400,395358,0.3954
distribute_parallel_for_700_600_300,700,300,0,600,1801800,540901,300,4800000,1680000,540600,180000,360600,180000,0,0,0,180600,608338,0.6083
distribute_parallel_for_700_600_400,700,400,0,800,2402400,721201,400,5280000,2240000,720800,240000,480800,240000,0,0,0,240800,783766,0.7838
distribute_parallel_for_700_600_500,700,500,0,1000,3003000,901501,500,5760000,2800000,901000,300000,601000,300000,0,0,0,301000,1008976,1.0090
distribute_parallel_for_700_600_600,700,600,0,1200,3603600,1081801,600,6240000,3360000,1081200,360000,721200,360000,0,0,0,361200,1175339,1.1753
distribute_parallel_for_700_600_700,700,700,0,1400,4204200,1262101,700,6720000,3920000,1261400,420000,841400,420000,0,0,0,421400,1411987,1.4120
distribute_parallel_for_700_600_800,700,800,0,1600,4804800,1442401,800,7200000,4480000,1441600,480000,961600,480000,0,0,0,481600,1750188,1.7502
distribute_parallel_for_700_600_900,700,900,0,1800,5405400,1622701,900,7680000,5040000,1621800,540000,1081800,540000,0,0,0,541800,1816367,1.8164
distribute_parallel_for_700_700_100,700,100,0,200,700600,210301,100,4480000,560000,210200,70000,140200,70000,0,0,0,70200,234783,0.2348
distribute_parallel_for_700_700_200,700,200,0,400,1401200,420601,200,5040000,1120000,420400,140000,280400,140000,0,0,0,140400,464383,0.4644
distribute_parallel_for_700_700_300,700,300,0,600,2101800,630901,300,5600000,1680000,630600,210000,420600,210000,0,0,0,210600,703145,0.7031
distribute_parallel_for_700_700_400,700,400,0,800,2802400,841201,400,6160000,2240000,840800,280000,560800,280000,0,0,0,280800,913664,0.9137
distribute_parallel_for_700_700_500,700,500,0,1000,3503000,1051501,500,6720000,2800000,1051000,350000,701000,350000,0,0,0,351000,1180830,1.1808
distribute_parallel_for_700_700_600,700,600,0,1200,4203600,1261801,600,7280000,3360000,1261200,420000,841200,420000,0,0,0,421200,1428250,1.4283
distribute_parallel_for_700_700_700,700,700,0,1400,4904200,1472101,700,7840000,3920000,1471400,490000,981400,490000,0,0,0,491400,1596832,1.5968
distribute_parallel_for_700_700_800,700,800,0,1600,5604800,1682401,800,8400000,4480000,1681600,560000,1121600,560000,0,0,0,561600,2076033,2.0760
distribute_parallel_for_700_700_900,700,900,0,1800,6305400,1892701,900,8960000,5040000,1891800,630000,1261800,630000,0,0,0,631800,2134953,2.1350
distribute_parallel_for_700_800_100,700,100,0,200,800600,240301,100,5120000,560000,240200,80000,160200,80000,0,0,0,80200,273005,0.2730
distribute_parallel_for_700_800_200,700,200,0,400,1601200,480601,200,5760000,1120000,480400,160000,320400,160000,0,0,0,160400,527389,0.5274
distribute_parallel_for_700_800_300,700,300,0,600,2401800,720901,300,6400000,1680000,720600,240000,480600,240000,0,0,0,240600,806816,0.8068
distribute_parallel_for_700_800_400,700,400,0,800,3202400,961201,400,7040000,2240000,960800,320000,640800,320000,0,0,0,320800,1086589,1.0866
distribute_parallel_for_700_800_500,700,500,0,1000,4003000,1201501,500,7680000,2800000,1201000,400000,801000,400000,0,0,0,401000,1309181,1.3092
distribute_parallel_for_700_800_600,700,600,0,1200,4803600,1441801,600,8320000,3360000,1441200,480000,961200,480000,0,0,0,481200,1815582,1.8156
distribute_parallel_for_700_800_700,700,700,0,1400,5604200,1682101,700,8960000,3920000,1681400,560000,1121400,560000,0,0,0,561400,1902797,1.9028
distribute_parallel_for_700_800_800,700,800,0,1600,6404800,1922401,800,9600000,4480000,1921600,640000,1281600,640000,0,0,0,641600,2129506,2.1295
distribute_parallel_for_700_800_900,700,900,0,1800,7205400,2162701,900,10240000,5040000,2161800,720000,1441800,720000,0,0,0,721800,2443122,2.4431
distribute_parallel_for_700_900_100,700,100,0,200,900600,270301,100,5760000,560000,270200,90000,180200,90000,0,0,0,90200,316498,0.3165
distribute_parallel_for_700_900_200,700,200,0,400,1801200,540601,200,6480000,1120000,540400,180000,360400,180000,0,0,0,180400,613820,0.6138
distribute_parallel_for_700_900_300,700,300,0,600,2701800,810901,300,7200000,1680000,810600,270000,540600,270000,0,0,0,270600,919091,0.9191
distribute_parallel_for_700_900_400,700,400,0,800,3602400,1081201,400,7920000,2240000,1080800,360000,720800,360000,0,0,0,360800,1218374,1.2184
distribute_parallel_for_700_900_500,700,500,0,1000,4503000,1351501,500,8640000,2800000,1351000,450000,901000,450000,0,0,0,451000,1474035,1.4740
distribute_parallel_for_700_900_600,700,600,0,1200,5403600,1621801,600,9360000,3360000,1621200,540000,1081200,540000,0,0,0,541200,1761817,1.7618
distribute_parallel_for_700_900_700,700,700,0,1400,6304200,1892101,700,10080000,3920000,1891400,630000,1261400,630000,0,0,0,631400,2221898,2.2219
distribute_parallel_for_700_900_800,700,800,0,1600,7204800,2162401,800,10800000,4480000,2161600,720000,1441600,720000,0,0,0,721600,2427020,2.4270
distribute_parallel_for_700_900_900,700,900,0,1800,8105400,2432701,900,11520000,5040000,2431800,810000,1621800,810000,0,0,0,811800,2738469,2.7385
distribute_parallel_for_800_100_100,800,100,0,200,100600,30301,100,720000,640000,30200,10000,20200,10000,0,0,0,10200,102636,0.1026
distribute_parallel_for_800_100_200,800,200,0,400,201200,60601,200,800000,1280000,60400,20000,40400,20000,0,0,0,20400,72153,0.0722
distribute_parallel_for_800_100_300,800,300,0,600,301800,90901,300,880000,1920000,90600,30000,60600,30000,0,0,0,30600,113270,0.1133
distribute_parallel_for_800_100_400,800,400,0,800,402400,121201,400,960000,2560000,120800,40000,80800,40000,0,0,0,40800,146149,0.1461
distribute_parallel_for_800_100_500,800,500,0,1000,503000,151501,500,1040000,3200000,151000,50000,101000,50000,0,0,0,51000,190741,0.1907
distribute_parallel_for_800_100_600,800,600,0,1200,603600,181801,600,1120000,3840000,181200,60000,121200,60000,0,0,0,61200,210502,0.2105
distribute_parallel_for_800_100_700,800,700,0,1400,704200,212101,700,1200000,4480000,211400,70000,141400,70000,0,0,0,71400,357727,0.3577
distribute_parallel_for_800_100_800,800,800,0,1600,804800,242401,800,1280000,5120000,241600,80000,161600,80000,0,0,0,81600,282061,0.2821
distribute_parallel_for_800_100_900,800,900,0,1800,905400,272701,900,1360000,5760000,271800,90000,181800,90000,0,0,0,91800,306339,0.3063
distribute_parallel_for_800_200_100,800,100,0,200,200600,60301,100,1440000,640000,60200,20000,40200,20000,0,0,0,20200,69308,0.0693
distribute_parallel_for_800_200_200,800,200,0,400,401200,120601,200,1600000,1280000,120400,40000,80400,40000,0,0,0,40400,138720,0.1387
distribute_parallel_for_800_200_300,800,300,0,600,601800,180901,300,1760000,1920000,180600,60000,120600,60000,0,0,0,60600,212967,0.2130
distribute_parallel_for_800_200_400,800,400,0,800,802400,241201,400,1920000,2560000,240800,80000,160800,80000,0,0,0,80800,273288,0.2733
distribute_parallel_for_800_200_500,800,500,0,1000,1003000,301501,500,2080000,3200000,301000,100000,201000,100000,0,0,0,101000,340144,0.3401
distribute_parallel_for_800_200_600,800,600,0,1200,1203600,361801,600,2240000,3840000,361200,120000,241200,120000,0,0,0,121200,407363,0.4074
distribute_parallel_for_800_200_700,800,700,0,1400,1404200,422101,700,2400000,4480000,421400,140000,281400,140000,0,0,0,141400,475808,0.4758
distribute_parallel_for_800_200_800,800,800,0,1600,1604800,482401,800,2560000,5120000,481600,160000,321600,160000,0,0,0,161600,544063,0.5441
distribute_parallel_for_800_200_900,800,900,0,1800,1805400,542701,900,2720000,5760000,541800,180000,361800,180000,0,0,0,181800,611019,0.6110
distribute_parallel_for_800_300_100,800,100,0,200,300600,90301,100,2160000,640000,90200,30000,60200,30000,0,0,0,30200,104885,0.1049
distribute_parallel_for_800_300_200,800,200,0,400,601200,180601,200,2400000,1280000,180400,60000,120400,60000,0,0,0,60400,209043,0.2090
distribute_parallel_for_800_300_300,800,300,0,600,901800,270901,300,2640000,1920000,270600,90000,180600,90000,0,0,0,90600,315924,0.3159
distribute_parallel_for_800_300_400,800,400,0,800,1202400,361201,400,2880000,2560000,360800,120000,240800,120000,0,0,0,120800,418371,0.4184
distribute_parallel_for_800_300_500,800,500,0,1000,1503000,451501,500,3120000,3200000,451000,150000,301000,150000,0,0,0,151000,522732,0.5227
distribute_parallel_for_800_300_600,800,600,0,1200,1803600,541801,600,3360000,3840000,541200,180000,361200,180000,0,0,0,181200,625057,0.6251
distribute_parallel_for_800_300_700,800,700,0,1400,2104200,632101,700,3600000,4480000,631400,210000,421400,210000,0,0,0,211400,733390,0.7334
distribute_parallel_for_800_300_800,800,800,0,1600,2404800,722401,800,3840000,5120000,721600,240000,481600,240000,0,0,0,241600,834976,0.8350
distribute_parallel_for_800_300_900,800,900,0,1800,2705400,812701,900,4080000,5760000,811800,270000,541800,270000,0,0,0,271800,944150,0.9442
distribute_parallel_for_800_400_100,800,100,0,200,400600,120301,100,2880000,640000,120200,40000,80200,40000,0,0,0,40200,139421,0.1394
distribute_parallel_for_800_400_200,800,200,0,400,801200,240601,200,3200000,1280000,240400,80000,160400,80000,0,0,0,80400,279278,0.2793
distribute_parallel_for_800_400_300,800,300,0,600,1201800,360901,300,3520000,1920000,360600,120000,240600,120000,0,0,0,120600,417193,0.4172
distribute_parallel_for_800_400_400,800,400,0,800,1602400,481201,400,3840000,2560000,480800,160000,320800,160000,0,0,0,160800,557603,0.5576
distribute_parallel_for_800_400_500,800,500,0,1000,2003000,601501,500,4160000,3200000,601000,200000,401000,200000,0,0,0,201000,697744,0.6977
distribute_parallel_for_800_400_600,800,600,0,1200,2403600,721801,600,4480000,3840000,721200,240000,481200,240000,0,0,0,241200,837488,0.8375
distribute_parallel_for_800_400_700,800,700,0,1400,2804200,842101,700,4800000,4480000,841400,280000,561400,280000,0,0,0,281400,980481,0.9805
distribute_parallel_for_800_400_800,800,800,0,1600,3204800,962401,800,5120000,5120000,961600,320000,641600,320000,0,0,0,321600,1283113,1.2831
distribute_parallel_for_800_400_900,800,900,0,1800,3605400,1082701,900,5440000,5760000,1081800,360000,721800,360000,0,0,0,361800,1259235,1.2592
distribute_parallel_for_800_500_100,800,100,0,200,500600,150301,100,3600000,640000,150200,50000,100200,50000,0,0,0,50200,180547,0.1805
distribute_parallel_for_800_500_200,800,200,0,400,1001200,300601,200,4000000,1280000,300400,100000,200400,100000,0,0,0,100400,350640,0.3506
distribute_parallel_for_800_500_300,800,300,0,600,1501800,450901,300,4400000,1920000,450600,150000,300600,150000,0,0,0,150600,521569,0.5216
distribute_parallel_for_800_500_400,800,400,0,800,2002400,601201,400,4800000,2560000,600800,200000,400800,200000,0,0,0,200800,697396,0.6974
distribute_parallel_for_800_500_500,800,500,0,1000,2503000,751501,500,5200000,3200000,751000,250000,501000,250000,0,0,0,251000,876609,0.8766
distribute_parallel_for_800_500_600,800,600,0,1200,3003600,901801,600,5600000,3840000,901200,300000,601200,300000,0,0,0,301200,1046944,1.0469
distribute_parallel_for_800_500_700,800,700,0,1400,3504200,1052101,700,6000000,4480000,1051400,350000,701400,350000,0,0,0,351400,1221789,1.2218
distribute_parallel_for_800_500_800,800,800,0,1600,4004800,1202401,800,6400000,5120000,1201600,400000,801600,400000,0,0,0,401600,1389154,1.3892
distribute_parallel_for_800_500_900,800,900,0,1800,4505400,1352701,900,6800000,5760000,1351800,450000,901800,450000,0,0,0,451800,1570433,1.5704
distribute_parallel_for_800_600_100,800,100,0,200,600600,180301,100,4320000,640000,180200,60000,120200,60000,0,0,0,60200,209463,0.2095
distribute_parallel_for_800_600_200,800,200,0,400,1201200,360601,200,4800000,1280000,360400,120000,240400,120000,0,0,0,120400,418203,0.4182
distribute_parallel_for_800_600_300,800,300,0,600,1801800,540901,300,5280000,1920000,540600,180000,360600,180000,0,0,0,180600,627577,0.6276
distribute_parallel_for_800_600_400,800,400,0,800,2402400,721201,400,5760000,2560000,720800,240000,480800,240000,0,0,0,240800,836249,0.8362
distribute_parallel_for_800_600_500,800,500,0,1000,3003000,901501,500,6240000,3200000,901000,300000,601000,300000,0,0,0,301000,1048021,1.0480
distribute_parallel_for_800_600_600,800,600,0,1200,3603600,1081801,600,6720000,3840000,1081200,360000,721200,360000,0,0,0,361200,1250414,1.2504
distribute_parallel_for_800_600_700,800,700,0,1400,4204200,1262101,700,7200000,4480000,1261400,420000,841400,420000,0,0,0,421400,1458798,1.4588
distribute_parallel_for_800_600_800,800,800,0,1600,4804800,1442401,800,7680000,5120000,1441600,480000,961600,480000,0,0,0,481600,1679970,1.6800
distribute_parallel_for_800_600_900,800,900,0,1800,5405400,1622701,900,8160000,5760000,1621800,540000,1081800,540000,0,0,0,541800,1884614,1.8846
distribute_parallel_for_800_700_100,800,100,0,200,700600,210301,100,5040000,640000,210200,70000,140200,70000,0,0,0,70200,244492,0.2445
distribute_parallel_for_800_700_200,800,200,0,400,1401200,420601,200,5600000,1280000,420400,140000,280400,140000,0,0,0,140400,487658,0.4877
distribute_parallel_for_800_700_300,800,300,0,600,2101800,630901,300,6160000,1920000,630600,210000,420600,210000,0,0,0,210600,733156,0.7332
distribute_parallel_for_800_700_400,800,400,0,800,2802400,841201,400,6720000,2560000,840800,280000,560800,280000,0,0,0,280800,981917,0.9819
distribute_parallel_for_800_700_500,800,500,0,1000,3503000,1051501,500,7280000,3200000,1051000,350000,701000,350000,0,0,0,351000,1223394,1.2234
distribute_parallel_for_800_700_600,800,600,0,1200,4203600,1261801,600,7840000,3840000,1261200,420000,841200,420000,0,0,0,421200,1466236,1.4662
distribute_parallel_for_800_700_700,800,700,0,1400,4904200,1472101,700,8400000,4480000,1471400,490000,981400,490000,0,0,0,491400,1865005,1.8650
distribute_parallel_for_800_700_800,800,800,0,1600,5604800,1682401,800,8960000,5120000,1681600,560000,1121600,560000,0,0,0,561600,1944469,1.9445
distribute_parallel_for_800_700_900,800,900,0,1800,6305400,1892701,900,9520000,5760000,1891800,630000,1261800,630000,0,0,0,631800,2198458,2.1985
distribute_parallel_for_800_800_100,800,100,0,200,800600,240301,100,5760000,640000,240200,80000,160200,80000,0,0,0,80200,281374,0.2814
distribute_parallel_for_800_800_200,800,200,0,400,1601200,480601,200,6400000,1280000,480400,160000,320400,160000,0,0,0,160400,557057,0.5571
distribute_parallel_for_800_800_300,800,300,0,600,2401800,720901,300,7040000,1920000,720600,240000,480600,240000,0,0,0,240600,833987,0.8340
distribute_parallel_for_800_800_400,800,400,0,800,3202400,961201,400,7680000,2560000,960800,320000,640800,320000,0,0,0,320800,1118139,1.1181
distribute_parallel_for_800_800_500,800,500,0,1000,4003000,1201501,500,8320000,3200000,1201000,400000,801000,400000,0,0,0,401000,1395420,1.3954
distribute_parallel_for_800_800_600,800,600,0,1200,4803600,1441801,600,8960000,3840000,1441200,480000,961200,480000,0,0,0,481200,1669087,1.6691
distribute_parallel_for_800_800_700,800,700,0,1400,5604200,1682101,700,9600000,4480000,1681400,560000,1121400,560000,0,0,0,561400,1948288,1.9483
distribute_parallel_for_800_800_800,800,800,0,1600,6404800,1922401,800,10240000,5120000,1921600,640000,1281600,640000,0,0,0,641600,2224262,2.2243
distribute_parallel_for_800_800_900,800,900,0,1800,7205400,2162701,900,10880000,5760000,2161800,720000,1441800,720000,0,0,0,721800,2505817,2.5058
distribute_parallel_for_800_900_100,800,100,0,200,900600,270301,100,6480000,640000,270200,90000,180200,90000,0,0,0,90200,313133,0.3131
distribute_parallel_for_800_900_200,800,200,0,400,1801200,540601,200,7200000,1280000,540400,180000,360400,180000,0,0,0,180400,645303,0.6453
distribute_parallel_for_800_900_300,800,300,0,600,2701800,810901,300,7920000,1920000,810600,270000,540600,270000,0,0,0,270600,963631,0.9636
distribute_parallel_for_800_900_400,800,400,0,800,3602400,1081201,400,8640000,2560000,1080800,360000,720800,360000,0,0,0,360800,1247263,1.2473
distribute_parallel_for_800_900_500,800,500,0,1000,4503000,1351501,500,9360000,3200000,1351000,450000,901000,450000,0,0,0,451000,1565690,1.5657
distribute_parallel_for_800_900_600,800,600,0,1200,5403600,1621801,600,10080000,3840000,1621200,540000,1081200,540000,0,0,0,541200,1879032,1.8790
distribute_parallel_for_800_900_700,800,700,0,1400,6304200,1892101,700,10800000,4480000,1891400,630000,1261400,630000,0,0,0,631400,2196122,2.1961
distribute_parallel_for_800_900_800,800,800,0,1600,7204800,2162401,800,11520000,5120000,2161600,720000,1441600,720000,0,0,0,721600,2499062,2.4991
distribute_parallel_for_800_900_900,800,900,0,1800,8105400,2432701,900,12240000,5760000,2431800,810000,1621800,810000,0,0,0,811800,2808541,2.8085
distribute_parallel_for_900_100_100,900,100,0,200,100600,30301,100,800000,720000,30200,10000,20200,10000,0,0,0,10200,34472,0.0345
distribute_parallel_for_900_100_200,900,200,0,400,201200,60601,200,880000,1440000,60400,20000,40400,20000,0,0,0,20400,72760,0.0728
distribute_parallel_for_900_100_300,900,300,0,600,301800,90901,300,960000,2160000,90600,30000,60600,30000,0,0,0,30600,96941,0.0969
distribute_parallel_for_900_100_400,900,400,0,800,402400,121201,400,1040000,2880000,120800,40000,80800,40000,0,0,0,40800,129069,0.1291
distribute_parallel_for_900_100_500,900,500,0,1000,503000,151501,500,1120000,3600000,151000,50000,101000,50000,0,0,0,51000,161915,0.1619
distribute_parallel_for_900_100_600,900,600,0,1200,603600,181801,600,1200000,4320000,181200,60000,121200,60000,0,0,0,61200,193662,0.1937
distribute_parallel_for_900_100_700,900,700,0,1400,704200,212101,700,1280000,5040000,211400,70000,141400,70000,0,0,0,71400,224143,0.2241
distribute_parallel_for_900_100_800,900,800,0,1600,804800,242401,800,1360000,5760000,241600,80000,161600,80000,0,0,0,81600,255750,0.2557
distribute_parallel_for_900_100_900,900,900,0,1800,905400,272701,900,1440000,6480000,271800,90000,181800,90000,0,0,0,91800,287174,0.2872
distribute_parallel_for_900_1400_1400,900,1400,0,2800,19608400,5884201,1400,25760000,10080000,5882800,1960000,3922800,1960000,0,0,0,1962800,6429504,6.4295
distribute_parallel_for_900_1400_1900,900,1900,0,3800,26611400,7985701,1900,31360000,13680000,7983800,2660000,5323800,2660000,0,0,0,2663800,8722190,8.7222
distribute_parallel_for_900_1400_2400,900,2400,0,4800,33614400,10087201,2400,36960000,17280000,10084800,3360000,6724800,3360000,0,0,0,3364800,11168594,11.1686
distribute_parallel_for_900_1400_2900,900,2900,0,5800,40617400,12188701,2900,42560000,20880000,12185800,4060000,8125800,4060000,0,0,0,4065800,13310480,13.3105
distribute_parallel_for_900_1400_3400,900,3400,0,6800,47620400,14290201,3400,48160000,24480000,14286800,4760000,9526800,4760000,0,0,0,4766800,15763612,15.7636
distribute_parallel_for_900_1400_3900,900,3900,0,7800,54623400,16391701,3900,53760000,28080000,16387800,5460000,10927800,5460000,0,0,0,5467800,17888714,17.8887
distribute_parallel_for_900_1400_900,900,900,0,1800,12605400,3782701,900,20160000,6480000,3781800,1260000,2521800,1260000,0,0,0,1261800,4134341,4.1343
distribute_parallel_for_900_1900_1400,900,1400,0,2800,26608400,7984201,1400,34960000,10080000,7982800,2660000,5322800,2660000,0,0,0,2662800,8876705,8.8767
distribute_parallel_for_900_1900_1900,900,1900,0,3800,36111400,10835701,1900,42560000,13680000,10833800,3610000,7223800,3610000,0,0,0,3613800,11842748,11.8427
distribute_parallel_for_900_1900_2400,900,2400,0,4800,45614400,13687201,2400,50160000,17280000,13684800,4560000,9124800,4560000,0,0,0,4564800,15158393,15.1584
distribute_parallel_for_900_1900_2900,900,2900,0,5800,55117400,16538701,2900,57760000,20880000,16535800,5510000,11025800,5510000,0,0,0,5515800,18077316,18.0773
distribute_parallel_for_900_1900_3400,900,3400,0,6800,64620400,19390201,3400,65360000,24480000,19386800,6460000,12926800,6460000,0,0,0,6466800,21336710,21.3367
distribute_parallel_for_900_1900_3900,900,3900,0,7800,74123400,22241701,3900,72960000,28080000,22237800,7410000,14827800,7410000,0,0,0,7417800,24300398,24.3004
distribute_parallel_for_900_1900_900,900,900,0,1800,17105400,5132701,900,27360000,6480000,5131800,1710000,3421800,1710000,0,0,0,1711800,5607191,5.6072
distribute_parallel_for_900_200_100,900,100,0,200,200600,60301,100,1600000,720000,60200,20000,40200,20000,0,0,0,20200,65106,0.0651
distribute_parallel_for_900_200_200,900,200,0,400,401200,120601,200,1760000,1440000,120400,40000,80400,40000,0,0,0,40400,129400,0.1294
distribute_parallel_for_900_200_300,900,300,0,600,601800,180901,300,1920000,2160000,180600,60000,120600,60000,0,0,0,60600,192948,0.1929
distribute_parallel_for_900_200_400,900,400,0,800,802400,241201,400,2080000,2880000,240800,80000,160800,80000,0,0,0,80800,258082,0.2581
distribute_parallel_for_900_200_500,900,500,0,1000,1003000,301501,500,2240000,3600000,301000,100000,201000,100000,0,0,0,101000,322796,0.3228
distribute_parallel_for_900_200_600,900,600,0,1200,1203600,361801,600,2400000,4320000,361200,120000,241200,120000,0,0,0,121200,387536,0.3875
distribute_parallel_for_900_200_700,900,700,0,1400,1404200,422101,700,2560000,5040000,421400,140000,281400,140000,0,0,0,141400,453367,0.4534
distribute_parallel_for_900_200_800,900,800,0,1600,1604800,482401,800,2720000,5760000,481600,160000,321600,160000,0,0,0,161600,520194,0.5202
distribute_parallel_for_900_200_900,900,900,0,1800,1805400,542701,900,2880000,6480000,541800,180000,361800,180000,0,0,0,181800,586087,0.5861
distribute_parallel_for_900_2400_1400,900,1400,0,2800,33608400,10084201,1400,44160000,10080000,10082800,3360000,6722800,3360000,0,0,0,3362800,11032344,11.0323
distribute_parallel_for_900_2400_1900,900,1900,0,3800,45611400,13685701,1900,53760000,13680000,13683800,4560000,9123800,4560000,0,0,0,4563800,15145263,15.1453
distribute_parallel_for_900_2400_2400,900,2400,0,4800,57614400,17287201,2400,63360000,17280000,17284800,5760000,11524800,5760000,0,0,0,5764800,18919209,18.9192
distribute_parallel_for_900_2400_2900,900,2900,0,5800,69617400,20888701,2900,72960000,20880000,20885800,6960000,13925800,6960000,0,0,0,6965800,23052152,23.0522
distribute_parallel_for_900_2400_3400,900,3400,0,6800,81620400,24490201,3400,82560000,24480000,24486800,8160000,16326800,8160000,0,0,0,8166800,26958328,26.9583
distribute_parallel_for_900_2400_3900,900,3900,0,7800,93623400,28091701,3900,92160000,28080000,28087800,9360000,18727800,9360000,0,0,0,9367800,30911208,30.9112
distribute_parallel_for_900_2400_900,900,900,0,1800,21605400,6482701,900,34560000,6480000,6481800,2160000,4321800,2160000,0,0,0,2161800,7108144,7.1081
distribute_parallel_for_900_2900_1400,900,1400,0,2800,40608400,12184201,1400,53360000,10080000,12182800,4060000,8122800,4060000,0,0,0,4062800,13325620,13.3256
distribute_parallel_for_900_2900_1900,900,1900,0,3800,55111400,16535701,1900,64960000,13680000,16533800,5510000,11023800,5510000,0,0,0,5513800,18239134,18.2391
distribute_parallel_for_900_2900_2400,900,2400,0,4800,69614400,20887201,2400,76560000,17280000,20884800,6960000,13924800,6960000,0,0,0,6964800,22848343,22.8483
distribute_parallel_for_900_2900_2900,900,2900,0,5800,84117400,25238701,2900,88160000,20880000,25235800,8410000,16825800,8410000,0,0,0,8415800,27756163,27.7562
distribute_parallel_for_900_2900_3400,900,3400,0,6800,98620400,29590201,3400,99760000,24480000,29586800,9860000,19726800,9860000,0,0,0,9866800,32533723,32.5337
distribute_parallel_for_900_2900_3900,900,3900,0,7800,113123400,33941701,3900,111360000,28080000,33937800,11310000,22627800,11310000,0,0,0,11317800,37311425,37.3114
distribute_parallel_for_900_2900_900,900,900,0,1800,26105400,7832701,900,41760000,6480000,7831800,2610000,5221800,2610000,0,0,0,2611800,8597282,8.5973
distribute_parallel_for_900_300_100,900,100,0,200,300600,90301,100,2400000,720000,90200,30000,60200,30000,0,0,0,30200,100004,0.1000
distribute_parallel_for_900_300_200,900,200,0,400,601200,180601,200,2640000,1440000,180400,60000,120400,60000,0,0,0,60400,196515,0.1965
distribute_parallel_for_900_300_300,900,300,0,600,901800,270901,300,2880000,2160000,270600,90000,180600,90000,0,0,0,90600,294553,0.2946
distribute_parallel_for_900_300_400,900,400,0,800,1202400,361201,400,3120000,2880000,360800,120000,240800,120000,0,0,0,120800,434169,0.4342
distribute_parallel_for_900_300_500,900,500,0,1000,1503000,451501,500,3360000,3600000,451000,150000,301000,150000,0,0,0,151000,491601,0.4916
distribute_parallel_for_900_300_600,900,600,0,1200,1803600,541801,600,3600000,4320000,541200,180000,361200,180000,0,0,0,181200,590511,0.5905
distribute_parallel_for_900_300_700,900,700,0,1400,2104200,632101,700,3840000,5040000,631400,210000,421400,210000,0,0,0,211400,686748,0.6867
distribute_parallel_for_900_300_800,900,800,0,1600,2404800,722401,800,4080000,5760000,721600,240000,481600,240000,0,0,0,241600,784306,0.7843
distribute_parallel_for_900_300_900,900,900,0,1800,2705400,812701,900,4320000,6480000,811800,270000,541800,270000,0,0,0,271800,883106,0.8831
distribute_parallel_for_900_3400_1400,900,1400,0,2800,47608400,14284201,1400,62560000,10080000,14282800,4760000,9522800,4760000,0,0,0,4762800,15619320,15.6193
distribute_parallel_for_900_3400_1900,900,1900,0,3800,64611400,19385701,1900,76160000,13680000,19383800,6460000,12923800,6460000,0,0,0,6463800,21428634,21.4286
distribute_parallel_for_900_3400_2400,900,2400,0,4800,81614400,24487201,2400,89760000,17280000,24484800,8160000,16324800,8160000,0,0,0,8164800,26957580,26.9576
distribute_parallel_for_900_3400_2900,900,2900,0,5800,98617400,29588701,2900,103360000,20880000,29585800,9860000,19725800,9860000,0,0,0,9865800,32512290,32.5123
distribute_parallel_for_900_3400_3400,900,3400,0,6800,115620400,34690201,3400,116960000,24480000,34686800,11560000,23126800,11560000,0,0,0,11566800,38095655,38.0957
distribute_parallel_for_900_3400_3900,900,3900,0,7800,132623400,39791701,3900,130560000,28080000,39787800,13260000,26527800,13260000,0,0,0,13267800,43645217,43.6452
distribute_parallel_for_900_3400_900,900,900,0,1800,30605400,9182701,900,48960000,6480000,9181800,3060000,6121800,3060000,0,0,0,3061800,10105007,10.1050
distribute_parallel_for_900_3900_1400,900,1400,0,2800,54608400,16384201,1400,71760000,10080000,16382800,5460000,10922800,5460000,0,0,0,5462800,17912465,17.9125
distribute_parallel_for_900_3900_1900,900,1900,0,3800,74111400,22235701,1900,87360000,13680000,22233800,7410000,14823800,7410000,0,0,0,7413800,24463150,24.4631
distribute_parallel_for_900_3900_2400,900,2400,0,4800,93614400,28087201,2400,102960000,17280000,28084800,9360000,18724800,9360000,0,0,0,9364800,30942486,30.9425
distribute_parallel_for_900_3900_2900,900,2900,0,5800,113117400,33938701,2900,118560000,20880000,33935800,11310000,22625800,11310000,0,0,0,11315800,37411856,37.4119
distribute_parallel_for_900_3900_3400,900,3400,0,6800,132620400,39790201,3400,134160000,24480000,39786800,13260000,26526800,13260000,0,0,0,13266800,43778698,43.7787
distribute_parallel_for_900_3900_3900,900,3900,0,7800,152123400,45641701,3900,149760000,28080000,45637800,15210000,30427800,15210000,0,0,0,15217800,50206811,50.2068
distribute_parallel_for_900_3900_900,900,900,0,1800,35105400,10532701,900,56160000,6480000,10531800,3510000,7021800,3510000,0,0,0,3511800,11707975,11.7080
distribute_parallel_for_900_400_100,900,100,0,200,400600,120301,100,3200000,720000,120200,40000,80200,40000,0,0,0,40200,131461,0.1315
distribute_parallel_for_900_400_200,900,200,0,400,801200,240601,200,3520000,1440000,240400,80000,160400,80000,0,0,0,80400,261590,0.2616
distribute_parallel_for_900_400_300,900,300,0,600,1201800,360901,300,3840000,2160000,360600,120000,240600,120000,0,0,0,120600,393902,0.3939
distribute_parallel_for_900_400_400,900,400,0,800,1602400,481201,400,4160000,2880000,480800,160000,320800,160000,0,0,0,160800,533522,0.5335
distribute_parallel_for_900_400_500,900,500,0,1000,2003000,601501,500,4480000,3600000,601000,200000,401000,200000,0,0,0,201000,655514,0.6555
distribute_parallel_for_900_400_600,900,600,0,1200,2403600,721801,600,4800000,4320000,721200,240000,481200,240000,0,0,0,241200,784446,0.7844
distribute_parallel_for_900_400_700,900,700,0,1400,2804200,842101,700,5120000,5040000,841400,280000,561400,280000,0,0,0,281400,915184,0.9152
distribute_parallel_for_900_400_800,900,800,0,1600,3204800,962401,800,5440000,5760000,961600,320000,641600,320000,0,0,0,321600,1053335,1.0533
distribute_parallel_for_900_400_900,900,900,0,1800,3605400,1082701,900,5760000,6480000,1081800,360000,721800,360000,0,0,0,361800,1350812,1.3508
distribute_parallel_for_900_500_100,900,100,0,200,500600,150301,100,4000000,720000,150200,50000,100200,50000,0,0,0,50200,166985,0.1670
distribute_parallel_for_900_500_200,900,200,0,400,1001200,300601,200,4400000,1440000,300400,100000,200400,100000,0,0,0,100400,336458,0.3365
distribute_parallel_for_900_500_300,900,300,0,600,1501800,450901,300,4800000,2160000,450600,150000,300600,150000,0,0,0,150600,494438,0.4944
distribute_parallel_for_900_500_400,900,400,0,800,2002400,601201,400,5200000,2880000,600800,200000,400800,200000,0,0,0,200800,676998,0.6770
distribute_parallel_for_900_500_500,900,500,0,1000,2503000,751501,500,5600000,3600000,751000,250000,501000,250000,0,0,0,251000,827070,0.8271
distribute_parallel_for_900_500_600,900,600,0,1200,3003600,901801,600,6000000,4320000,901200,300000,601200,300000,0,0,0,301200,994169,0.9942
distribute_parallel_for_900_500_700,900,700,0,1400,3504200,1052101,700,6400000,5040000,1051400,350000,701400,350000,0,0,0,351400,1151970,1.1520
distribute_parallel_for_900_500_800,900,800,0,1600,4004800,1202401,800,6800000,5760000,1201600,400000,801600,400000,0,0,0,401600,1313425,1.3134
distribute_parallel_for_900_500_900,900,900,0,1800,4505400,1352701,900,7200000,6480000,1351800,450000,901800,450000,0,0,0,451800,1469719,1.4697
distribute_parallel_for_900_600_100,900,100,0,200,600600,180301,100,4800000,720000,180200,60000,120200,60000,0,0,0,60200,196518,0.1965
distribute_parallel_for_900_600_200,900,200,0,400,1201200,360601,200,5280000,1440000,360400,120000,240400,120000,0,0,0,120400,392308,0.3923
distribute_parallel_for_900_600_300,900,300,0,600,1801800,540901,300,5760000,2160000,540600,180000,360600,180000,0,0,0,180600,587172,0.5872
distribute_parallel_for_900_600_400,900,400,0,800,2402400,721201,400,6240000,2880000,720800,240000,480800,240000,0,0,0,240800,784602,0.7846
distribute_parallel_for_900_600_500,900,500,0,1000,3003000,901501,500,6720000,3600000,901000,300000,601000,300000,0,0,0,301000,979421,0.9794
distribute_parallel_for_900_600_600,900,600,0,1200,3603600,1081801,600,7200000,4320000,1081200,360000,721200,360000,0,0,0,361200,1176853,1.1769
distribute_parallel_for_900_600_700,900,700,0,1400,4204200,1262101,700,7680000,5040000,1261400,420000,841400,420000,0,0,0,421400,1370422,1.3704
distribute_parallel_for_900_600_800,900,800,0,1600,4804800,1442401,800,8160000,5760000,1441600,480000,961600,480000,0,0,0,481600,1566645,1.5666
distribute_parallel_for_900_600_900,900,900,0,1800,5405400,1622701,900,8640000,6480000,1621800,540000,1081800,540000,0,0,0,541800,1762544,1.7625
distribute_parallel_for_900_700_100,900,100,0,200,700600,210301,100,5600000,720000,210200,70000,140200,70000,0,0,0,70200,235921,0.2359
distribute_parallel_for_900_700_200,900,200,0,400,1401200,420601,200,6160000,1440000,420400,140000,280400,140000,0,0,0,140400,460541,0.4605
distribute_parallel_for_900_700_300,900,300,0,600,2101800,630901,300,6720000,2160000,630600,210000,420600,210000,0,0,0,210600,686192,0.6862
distribute_parallel_for_900_700_400,900,400,0,800,2802400,841201,400,7280000,2880000,840800,280000,560800,280000,0,0,0,280800,913318,0.9133
distribute_parallel_for_900_700_500,900,500,0,1000,3503000,1051501,500,7840000,3600000,1051000,350000,701000,350000,0,0,0,351000,1142600,1.1426
distribute_parallel_for_900_700_600,900,600,0,1200,4203600,1261801,600,8400000,4320000,1261200,420000,841200,420000,0,0,0,421200,1371558,1.3716
distribute_parallel_for_900_700_700,900,700,0,1400,4904200,1472101,700,8960000,5040000,1471400,490000,981400,490000,0,0,0,491400,1601122,1.6011
distribute_parallel_for_900_700_800,900,800,0,1600,5604800,1682401,800,9520000,5760000,1681600,560000,1121600,560000,0,0,0,561600,1830765,1.8308
distribute_parallel_for_900_700_900,900,900,0,1800,6305400,1892701,900,10080000,6480000,1891800,630000,1261800,630000,0,0,0,631800,2055970,2.0560
distribute_parallel_for_900_800_100,900,100,0,200,800600,240301,100,6400000,720000,240200,80000,160200,80000,0,0,0,80200,262582,0.2626
distribute_parallel_for_900_800_200,900,200,0,400,1601200,480601,200,7040000,1440000,480400,160000,320400,160000,0,0,0,160400,704194,0.7042
distribute_parallel_for_900_800_300,900,300,0,600,2401800,720901,300,7680000,2160000,720600,240000,480600,240000,0,0,0,240600,802359,0.8024
distribute_parallel_for_900_800_400,900,400,0,800,3202400,961201,400,8320000,2880000,960800,320000,640800,320000,0,0,0,320800,1044098,1.0441
distribute_parallel_for_900_800_500,900,500,0,1000,4003000,1201501,500,8960000,3600000,1201000,400000,801000,400000,0,0,0,401000,1308436,1.3084
distribute_parallel_for_900_800_600,900,600,0,1200,4803600,1441801,600,9600000,4320000,1441200,480000,961200,480000,0,0,0,481200,1573827,1.5738
distribute_parallel_for_900_800_700,900,700,0,1400,5604200,1682101,700,10240000,5040000,1681400,560000,1121400,560000,0,0,0,561400,1827405,1.8274
distribute_parallel_for_900_800_800,900,800,0,1600,6404800,1922401,800,10880000,5760000,1921600,640000,1281600,640000,0,0,0,641600,2088721,2.0887
distribute_parallel_for_900_800_900,900,900,0,1800,7205400,2162701,900,11520000,6480000,2161800,720000,1441800,720000,0,0,0,721800,2351826,2.3518
distribute_parallel_for_900_900_100,900,100,0,200,900600,270301,100,7200000,720000,270200,90000,180200,90000,0,0,0,90200,296480,0.2965
distribute_parallel_for_900_900_1400,900,1400,0,2800,12608400,3784201,1400,16560000,10080000,3782800,1260000,2522800,1260000,0,0,0,1262800,4302517,4.3025
distribute_parallel_for_900_900_1900,900,1900,0,3800,17111400,5135701,1900,20160000,13680000,5133800,1710000,3423800,1710000,0,0,0,1713800,5603840,5.6038
distribute_parallel_for_900_900_200,900,200,0,400,1801200,540601,200,7920000,1440000,540400,180000,360400,180000,0,0,0,180400,588807,0.5888
distribute_parallel_for_900_900_2400,900,2400,0,4800,21614400,6487201,2400,23760000,17280000,6484800,2160000,4324800,2160000,0,0,0,2164800,7075455,7.0755
distribute_parallel_for_900_900_2900,900,2900,0,5800,26117400,7838701,2900,27360000,20880000,7835800,2610000,5225800,2610000,0,0,0,2615800,8553430,8.5534
distribute_parallel_for_900_900_300,900,300,0,600,2701800,810901,300,8640000,2160000,810600,270000,540600,270000,0,0,0,270600,882799,0.8828
distribute_parallel_for_900_900_3400,900,3400,0,6800,30620400,9190201,3400,30960000,24480000,9186800,3060000,6126800,3060000,0,0,0,3066800,10038441,10.0384
distribute_parallel_for_900_900_3900,900,3900,0,7800,35123400,10541701,3900,34560000,28080000,10537800,3510000,7027800,3510000,0,0,0,3517800,11681739,11.6817
distribute_parallel_for_900_900_400,900,400,0,800,3602400,1081201,400,9360000,2880000,1080800,360000,720800,360000,0,0,0,360800,1173792,1.1738
distribute_parallel_for_900_900_500,900,500,0,1000,4503000,1351501,500,10080000,3600000,1351000,450000,901000,450000,0,0,0,451000,1475805,1.4758
distribute_parallel_for_900_900_600,900,600,0,1200,5403600,1621801,600,10800000,4320000,1621200,540000,1081200,540000,0,0,0,541200,1759345,1.7593
distribute_parallel_for_900_900_700,900,700,0,1400,6304200,1892101,700,11520000,5040000,1891400,630000,1261400,630000,0,0,0,631400,2055847,2.0558
distribute_parallel_for_900_900_800,900,800,0,1600,7204800,2162401,800,12240000,5760000,2161600,720000,1441600,720000,0,0,0,721600,2361028,2.3610
distribute_parallel_for_900_900_900,900,900,0,1800,8105400,2432701,900,12960000,6480000,2431800,810000,1621800,810000,0,0,0,811800,2639371,2.6394
Kernel2_2,99000000,0,99000000,0,5,0,0,0,792000004,396000000,0,1,1,0,0,0,1,1493152,1.493152
Kernel2_6,99000000,0,99000000,0,5,0,0,0,792000004,396000000,0,1,1,0,0,0,1,1260477,1.260477
Kernel2_0,99000000,0,99000000,0,5,0,0,0,792000004,396000000,0,1,1,0,0,0,1,2151690,2.15169
Kernel2_7,99000000,0,99000000,0,5,0,0,0,792000004,396000000,0,1,1,0,0,0,1,2775124,2.775124
Kernel2_1,99000000,0,99000000,0,5,0,0,0,792000004,396000000,0,1,1,0,0,0,1,3449986,3.449986
Kernel2_4,99000000,0,99000000,0,5,0,0,0,792000004,396000000,0,1,1,0,0,0,1,4402740,4.40274
Kernel2_5,99000000,0,99000000,0,5,0,0,0,792000004,396000000,0,1,1,0,0,0,1,5334602,5.334602
Kernel2_3,99000000,0,99000000,0,5,0,0,0,792000004,396000000,0,1,1,0,0,0,1,6439598,6.439598
