swap_distribute_parallel_for_1000_1000_1000,1000,1000,0,2000,10006000,3003001,1000,16000000,8000000,3002000,1000000,2002000,1000000,0,0,0,1002000,1592267,1.5923
swap_distribute_parallel_for_1000_1000_1500,1000,1500,0,3000,15009000,4504501,1500,20000000,12000000,4503000,1500000,3003000,1500000,0,0,0,1503000,1655741,1.6557
swap_distribute_parallel_for_1000_1000_2000,1000,2000,0,4000,20012000,6006001,2000,24000000,16000000,6004000,2000000,4004000,2000000,0,0,0,2004000,1622311,1.6223
swap_distribute_parallel_for_1000_1000_2500,1000,2500,0,5000,25015000,7507501,2500,28000000,20000000,7505000,2500000,5005000,2500000,0,0,0,2505000,1611717,1.6117
swap_distribute_parallel_for_1000_1000_3000,1000,3000,0,6000,30018000,9009001,3000,32000000,24000000,9006000,3000000,6006000,3000000,0,0,0,3006000,1672051,1.6721
swap_distribute_parallel_for_1000_1000_3500,1000,3500,0,7000,35021000,10510501,3500,36000000,28000000,10507000,3500000,7007000,3500000,0,0,0,3507000,1617010,1.6170
swap_distribute_parallel_for_1000_1000_4000,1000,4000,0,8000,40024000,12012001,4000,40000000,32000000,12008000,4000000,8008000,4000000,0,0,0,4008000,1629943,1.6299
swap_distribute_parallel_for_1000_1500_1000,1000,1000,0,2000,15006000,4503001,1000,24000000,8000000,4502000,1500000,3002000,1500000,0,0,0,1502000,2453046,2.4530
swap_distribute_parallel_for_1000_1500_1500,1000,1500,0,3000,22509000,6754501,1500,30000000,12000000,6753000,2250000,4503000,2250000,0,0,0,2253000,2396758,2.3968
swap_distribute_parallel_for_1000_1500_2000,1000,2000,0,4000,30012000,9006001,2000,36000000,16000000,9004000,3000000,6004000,3000000,0,0,0,3004000,2454682,2.4547
swap_distribute_parallel_for_1000_1500_2500,1000,2500,0,5000,37515000,11257501,2500,42000000,20000000,11255000,3750000,7505000,3750000,0,0,0,3755000,2409752,2.4098
swap_distribute_parallel_for_1000_1500_3000,1000,3000,0,6000,45018000,13509001,3000,48000000,24000000,13506000,4500000,9006000,4500000,0,0,0,4506000,2431240,2.4312
swap_distribute_parallel_for_1000_1500_3500,1000,3500,0,7000,52521000,15760501,3500,54000000,28000000,15757000,5250000,10507000,5250000,0,0,0,5257000,2415927,2.4159
swap_distribute_parallel_for_1000_1500_4000,1000,4000,0,8000,60024000,18012001,4000,60000000,32000000,18008000,6000000,12008000,6000000,0,0,0,6008000,2508031,2.5080
swap_distribute_parallel_for_1000_2000_1000,1000,1000,0,2000,20006000,6003001,1000,32000000,8000000,6002000,2000000,4002000,2000000,0,0,0,2002000,3321946,3.3219
swap_distribute_parallel_for_1000_2000_1500,1000,1500,0,3000,30009000,9004501,1500,40000000,12000000,9003000,3000000,6003000,3000000,0,0,0,3003000,3167509,3.1675
swap_distribute_parallel_for_1000_2000_2000,1000,2000,0,4000,40012000,12006001,2000,48000000,16000000,12004000,4000000,8004000,4000000,0,0,0,4004000,3255841,3.2558
swap_distribute_parallel_for_1000_2000_2500,1000,2500,0,5000,50015000,15007501,2500,56000000,20000000,15005000,5000000,10005000,5000000,0,0,0,5005000,3231252,3.2313
swap_distribute_parallel_for_1000_2000_3000,1000,3000,0,6000,60018000,18009001,3000,64000000,24000000,18006000,6000000,12006000,6000000,0,0,0,6006000,3241977,3.2420
swap_distribute_parallel_for_1000_2000_3500,1000,3500,0,7000,70021000,21010501,3500,72000000,28000000,21007000,7000000,14007000,7000000,0,0,0,7007000,3255126,3.2551
swap_distribute_parallel_for_1000_2000_4000,1000,4000,0,8000,80024000,24012001,4000,80000000,32000000,24008000,8000000,16008000,8000000,0,0,0,8008000,3488820,3.4888
swap_distribute_parallel_for_1000_2500_1000,1000,1000,0,2000,25006000,7503001,1000,40000000,8000000,7502000,2500000,5002000,2500000,0,0,0,2502000,4027480,4.0275
swap_distribute_parallel_for_1000_2500_1500,1000,1500,0,3000,37509000,11254501,1500,50000000,12000000,11253000,3750000,7503000,3750000,0,0,0,3753000,4065275,4.0653
swap_distribute_parallel_for_1000_2500_2000,1000,2000,0,4000,50012000,15006001,2000,60000000,16000000,15004000,5000000,10004000,5000000,0,0,0,5004000,4082595,4.0826
swap_distribute_parallel_for_1000_2500_2500,1000,2500,0,5000,62515000,18757501,2500,70000000,20000000,18755000,6250000,12505000,6250000,0,0,0,6255000,4017277,4.0173
swap_distribute_parallel_for_1000_2500_3000,1000,3000,0,6000,75018000,22509001,3000,80000000,24000000,22506000,7500000,15006000,7500000,0,0,0,7506000,4084788,4.0848
swap_distribute_parallel_for_1000_2500_3500,1000,3500,0,7000,87521000,26260501,3500,90000000,28000000,26257000,8750000,17507000,8750000,0,0,0,8757000,4072117,4.0721
swap_distribute_parallel_for_1000_2500_4000,1000,4000,0,8000,100024000,30012001,4000,100000000,32000000,30008000,10000000,20008000,10000000,0,0,0,10008000,4040068,4.0401
swap_distribute_parallel_for_1000_3000_1000,1000,1000,0,2000,30006000,9003001,1000,48000000,8000000,9002000,3000000,6002000,3000000,0,0,0,3002000,4890371,4.8904
swap_distribute_parallel_for_1000_3000_1500,1000,1500,0,3000,45009000,13504501,1500,60000000,12000000,13503000,4500000,9003000,4500000,0,0,0,4503000,4806174,4.8062
swap_distribute_parallel_for_1000_3000_2000,1000,2000,0,4000,60012000,18006001,2000,72000000,16000000,18004000,6000000,12004000,6000000,0,0,0,6004000,4870131,4.8701
swap_distribute_parallel_for_1000_3000_2500,1000,2500,0,5000,75015000,22507501,2500,84000000,20000000,22505000,7500000,15005000,7500000,0,0,0,7505000,5008711,5.0087
swap_distribute_parallel_for_1000_3000_3000,1000,3000,0,6000,90018000,27009001,3000,96000000,24000000,27006000,9000000,18006000,9000000,0,0,0,9006000,4878368,4.8784
swap_distribute_parallel_for_1000_3000_3500,1000,3500,0,7000,105021000,31510501,3500,108000000,28000000,31507000,10500000,21007000,10500000,0,0,0,10507000,4915123,4.9151
swap_distribute_parallel_for_1000_3000_4000,1000,4000,0,8000,120024000,36012001,4000,120000000,32000000,36008000,12000000,24008000,12000000,0,0,0,12008000,4838948,4.8389
swap_distribute_parallel_for_1000_3500_1000,1000,1000,0,2000,35006000,10503001,1000,56000000,8000000,10502000,3500000,7002000,3500000,0,0,0,3502000,5624929,5.6249
swap_distribute_parallel_for_1000_3500_1500,1000,1500,0,3000,52509000,15754501,1500,70000000,12000000,15753000,5250000,10503000,5250000,0,0,0,5253000,5555257,5.5553
swap_distribute_parallel_for_1000_3500_2000,1000,2000,0,4000,70012000,21006001,2000,84000000,16000000,21004000,7000000,14004000,7000000,0,0,0,7004000,5674353,5.6744
swap_distribute_parallel_for_1000_3500_2500,1000,2500,0,5000,87515000,26257501,2500,98000000,20000000,26255000,8750000,17505000,8750000,0,0,0,8755000,5671523,5.6715
swap_distribute_parallel_for_1000_3500_3000,1000,3000,0,6000,105018000,31509001,3000,112000000,24000000,31506000,10500000,21006000,10500000,0,0,0,10506000,5579453,5.5795
swap_distribute_parallel_for_1000_3500_3500,1000,3500,0,7000,122521000,36760501,3500,126000000,28000000,36757000,12250000,24507000,12250000,0,0,0,12257000,5757747,5.7577
swap_distribute_parallel_for_1000_3500_4000,1000,4000,0,8000,140024000,42012001,4000,140000000,32000000,42008000,14000000,28008000,14000000,0,0,0,14008000,5705099,5.7051
swap_distribute_parallel_for_1000_4000_1000,1000,1000,0,2000,40006000,12003001,1000,64000000,8000000,12002000,4000000,8002000,4000000,0,0,0,4002000,6478607,6.4786
swap_distribute_parallel_for_1000_4000_1500,1000,1500,0,3000,60009000,18004501,1500,80000000,12000000,18003000,6000000,12003000,6000000,0,0,0,6003000,6373039,6.3730
swap_distribute_parallel_for_1000_4000_2000,1000,2000,0,4000,80012000,24006001,2000,96000000,16000000,24004000,8000000,16004000,8000000,0,0,0,8004000,6449957,6.4500
swap_distribute_parallel_for_1000_4000_2500,1000,2500,0,5000,100015000,30007501,2500,112000000,20000000,30005000,10000000,20005000,10000000,0,0,0,10005000,6378271,6.3783
swap_distribute_parallel_for_1000_4000_3000,1000,3000,0,6000,120018000,36009001,3000,128000000,24000000,36006000,12000000,24006000,12000000,0,0,0,12006000,6407664,6.4077
swap_distribute_parallel_for_1000_4000_3500,1000,3500,0,7000,140021000,42010501,3500,144000000,28000000,42007000,14000000,28007000,14000000,0,0,0,14007000,6431125,6.4311
swap_distribute_parallel_for_1000_4000_4000,1000,4000,0,8000,160024000,48012001,4000,160000000,32000000,48008000,16000000,32008000,16000000,0,0,0,16008000,6495816,6.4958
swap_distribute_parallel_for_100_100_100,100,100,0,200,100600,30301,100,160000,80000,30200,10000,20200,10000,0,0,0,10200,32298,0.0323
swap_distribute_parallel_for_100_100_200,100,200,0,400,201200,60601,200,240000,160000,60400,20000,40400,20000,0,0,0,20400,24576,0.0246
swap_distribute_parallel_for_100_100_300,100,300,0,600,301800,90901,300,320000,240000,90600,30000,60600,30000,0,0,0,30600,16460,0.0165
swap_distribute_parallel_for_100_100_400,100,400,0,800,402400,121201,400,400000,320000,120800,40000,80800,40000,0,0,0,40800,24635,0.0246
swap_distribute_parallel_for_100_100_500,100,500,0,1000,503000,151501,500,480000,400000,151000,50000,101000,50000,0,0,0,51000,34538,0.0345
swap_distribute_parallel_for_100_100_600,100,600,0,1200,603600,181801,600,560000,480000,181200,60000,121200,60000,0,0,0,61200,17727,0.0177
swap_distribute_parallel_for_100_100_700,100,700,0,1400,704200,212101,700,640000,560000,211400,70000,141400,70000,0,0,0,71400,16188,0.0162
swap_distribute_parallel_for_100_100_800,100,800,0,1600,804800,242401,800,720000,640000,241600,80000,161600,80000,0,0,0,81600,28476,0.0285
swap_distribute_parallel_for_100_100_900,100,900,0,1800,905400,272701,900,800000,720000,271800,90000,181800,90000,0,0,0,91800,24038,0.0240
swap_distribute_parallel_for_100_200_100,100,100,0,200,200600,60301,100,320000,80000,60200,20000,40200,20000,0,0,0,20200,30082,0.0301
swap_distribute_parallel_for_100_200_200,100,200,0,400,401200,120601,200,480000,160000,120400,40000,80400,40000,0,0,0,40400,31213,0.0312
swap_distribute_parallel_for_100_200_300,100,300,0,600,601800,180901,300,640000,240000,180600,60000,120600,60000,0,0,0,60600,34777,0.0348
swap_distribute_parallel_for_100_200_400,100,400,0,800,802400,241201,400,800000,320000,240800,80000,160800,80000,0,0,0,80800,30605,0.0306
swap_distribute_parallel_for_100_200_500,100,500,0,1000,1003000,301501,500,960000,400000,301000,100000,201000,100000,0,0,0,101000,32489,0.0325
swap_distribute_parallel_for_100_200_600,100,600,0,1200,1203600,361801,600,1120000,480000,361200,120000,241200,120000,0,0,0,121200,30202,0.0302
swap_distribute_parallel_for_100_200_700,100,700,0,1400,1404200,422101,700,1280000,560000,421400,140000,281400,140000,0,0,0,141400,33327,0.0333
swap_distribute_parallel_for_100_200_800,100,800,0,1600,1604800,482401,800,1440000,640000,481600,160000,321600,160000,0,0,0,161600,31319,0.0313
swap_distribute_parallel_for_100_200_900,100,900,0,1800,1805400,542701,900,1600000,720000,541800,180000,361800,180000,0,0,0,181800,32306,0.0323
swap_distribute_parallel_for_100_300_100,100,100,0,200,300600,90301,100,480000,80000,90200,30000,60200,30000,0,0,0,30200,43467,0.0435
swap_distribute_parallel_for_100_300_200,100,200,0,400,601200,180601,200,720000,160000,180400,60000,120400,60000,0,0,0,60400,66218,0.0662
swap_distribute_parallel_for_100_300_300,100,300,0,600,901800,270901,300,960000,240000,270600,90000,180600,90000,0,0,0,90600,48115,0.0481
swap_distribute_parallel_for_100_300_400,100,400,0,800,1202400,361201,400,1200000,320000,360800,120000,240800,120000,0,0,0,120800,45471,0.0455
swap_distribute_parallel_for_100_300_500,100,500,0,1000,1503000,451501,500,1440000,400000,451000,150000,301000,150000,0,0,0,151000,44381,0.0444
swap_distribute_parallel_for_100_300_600,100,600,0,1200,1803600,541801,600,1680000,480000,541200,180000,361200,180000,0,0,0,181200,45318,0.0453
swap_distribute_parallel_for_100_300_700,100,700,0,1400,2104200,632101,700,1920000,560000,631400,210000,421400,210000,0,0,0,211400,45662,0.0457
swap_distribute_parallel_for_100_300_800,100,800,0,1600,2404800,722401,800,2160000,640000,721600,240000,481600,240000,0,0,0,241600,49556,0.0496
swap_distribute_parallel_for_100_300_900,100,900,0,1800,2705400,812701,900,2400000,720000,811800,270000,541800,270000,0,0,0,271800,46780,0.0468
swap_distribute_parallel_for_100_400_100,100,100,0,200,400600,120301,100,640000,80000,120200,40000,80200,40000,0,0,0,40200,57876,0.0579
swap_distribute_parallel_for_100_400_200,100,200,0,400,801200,240601,200,960000,160000,240400,80000,160400,80000,0,0,0,80400,58687,0.0587
swap_distribute_parallel_for_100_400_300,100,300,0,600,1201800,360901,300,1280000,240000,360600,120000,240600,120000,0,0,0,120600,59866,0.0599
swap_distribute_parallel_for_100_400_400,100,400,0,800,1602400,481201,400,1600000,320000,480800,160000,320800,160000,0,0,0,160800,68870,0.0689
swap_distribute_parallel_for_100_400_500,100,500,0,1000,2003000,601501,500,1920000,400000,601000,200000,401000,200000,0,0,0,201000,99350,0.0993
swap_distribute_parallel_for_100_400_600,100,600,0,1200,2403600,721801,600,2240000,480000,721200,240000,481200,240000,0,0,0,241200,74051,0.0741
swap_distribute_parallel_for_100_400_700,100,700,0,1400,2804200,842101,700,2560000,560000,841400,280000,561400,280000,0,0,0,281400,60517,0.0605
swap_distribute_parallel_for_100_400_800,100,800,0,1600,3204800,962401,800,2880000,640000,961600,320000,641600,320000,0,0,0,321600,81531,0.0815
swap_distribute_parallel_for_100_400_900,100,900,0,1800,3605400,1082701,900,3200000,720000,1081800,360000,721800,360000,0,0,0,361800,60039,0.0600
swap_distribute_parallel_for_100_500_100,100,100,0,200,500600,150301,100,800000,80000,150200,50000,100200,50000,0,0,0,50200,73379,0.0734
swap_distribute_parallel_for_100_500_200,100,200,0,400,1001200,300601,200,1200000,160000,300400,100000,200400,100000,0,0,0,100400,73210,0.0732
swap_distribute_parallel_for_100_500_300,100,300,0,600,1501800,450901,300,1600000,240000,450600,150000,300600,150000,0,0,0,150600,90027,0.0900
swap_distribute_parallel_for_100_500_400,100,400,0,800,2002400,601201,400,2000000,320000,600800,200000,400800,200000,0,0,0,200800,74978,0.0750
swap_distribute_parallel_for_100_500_500,100,500,0,1000,2503000,751501,500,2400000,400000,751000,250000,501000,250000,0,0,0,251000,75376,0.0754
swap_distribute_parallel_for_100_500_600,100,600,0,1200,3003600,901801,600,2800000,480000,901200,300000,601200,300000,0,0,0,301200,74188,0.0742
swap_distribute_parallel_for_100_500_700,100,700,0,1400,3504200,1052101,700,3200000,560000,1051400,350000,701400,350000,0,0,0,351400,74349,0.0743
swap_distribute_parallel_for_100_500_800,100,800,0,1600,4004800,1202401,800,3600000,640000,1201600,400000,801600,400000,0,0,0,401600,76577,0.0766
swap_distribute_parallel_for_100_500_900,100,900,0,1800,4505400,1352701,900,4000000,720000,1351800,450000,901800,450000,0,0,0,451800,76320,0.0763
swap_distribute_parallel_for_100_600_100,100,100,0,200,600600,180301,100,960000,80000,180200,60000,120200,60000,0,0,0,60200,86519,0.0865
swap_distribute_parallel_for_100_600_200,100,200,0,400,1201200,360601,200,1440000,160000,360400,120000,240400,120000,0,0,0,120400,86800,0.0868
swap_distribute_parallel_for_100_600_300,100,300,0,600,1801800,540901,300,1920000,240000,540600,180000,360600,180000,0,0,0,180600,89242,0.0892
swap_distribute_parallel_for_100_600_400,100,400,0,800,2402400,721201,400,2400000,320000,720800,240000,480800,240000,0,0,0,240800,111121,0.1111
swap_distribute_parallel_for_100_600_500,100,500,0,1000,3003000,901501,500,2880000,400000,901000,300000,601000,300000,0,0,0,301000,93586,0.0936
swap_distribute_parallel_for_100_600_600,100,600,0,1200,3603600,1081801,600,3360000,480000,1081200,360000,721200,360000,0,0,0,361200,90855,0.0909
swap_distribute_parallel_for_100_600_700,100,700,0,1400,4204200,1262101,700,3840000,560000,1261400,420000,841400,420000,0,0,0,421400,91840,0.0918
swap_distribute_parallel_for_100_600_800,100,800,0,1600,4804800,1442401,800,4320000,640000,1441600,480000,961600,480000,0,0,0,481600,100475,0.1005
swap_distribute_parallel_for_100_600_900,100,900,0,1800,5405400,1622701,900,4800000,720000,1621800,540000,1081800,540000,0,0,0,541800,110266,0.1103
swap_distribute_parallel_for_100_700_100,100,100,0,200,700600,210301,100,1120000,80000,210200,70000,140200,70000,0,0,0,70200,100778,0.1008
swap_distribute_parallel_for_100_700_200,100,200,0,400,1401200,420601,200,1680000,160000,420400,140000,280400,140000,0,0,0,140400,101627,0.1016
swap_distribute_parallel_for_100_700_300,100,300,0,600,2101800,630901,300,2240000,240000,630600,210000,420600,210000,0,0,0,210600,108744,0.1087
swap_distribute_parallel_for_100_700_400,100,400,0,800,2802400,841201,400,2800000,320000,840800,280000,560800,280000,0,0,0,280800,102780,0.1028
swap_distribute_parallel_for_100_700_500,100,500,0,1000,3503000,1051501,500,3360000,400000,1051000,350000,701000,350000,0,0,0,351000,120695,0.1207
swap_distribute_parallel_for_100_700_600,100,600,0,1200,4203600,1261801,600,3920000,480000,1261200,420000,841200,420000,0,0,0,421200,126273,0.1263
swap_distribute_parallel_for_100_700_700,100,700,0,1400,4904200,1472101,700,4480000,560000,1471400,490000,981400,490000,0,0,0,491400,116461,0.1165
swap_distribute_parallel_for_100_700_800,100,800,0,1600,5604800,1682401,800,5040000,640000,1681600,560000,1121600,560000,0,0,0,561600,135701,0.1357
swap_distribute_parallel_for_100_700_900,100,900,0,1800,6305400,1892701,900,5600000,720000,1891800,630000,1261800,630000,0,0,0,631800,121530,0.1215
swap_distribute_parallel_for_100_800_100,100,100,0,200,800600,240301,100,1280000,80000,240200,80000,160200,80000,0,0,0,80200,128192,0.1282
swap_distribute_parallel_for_100_800_200,100,200,0,400,1601200,480601,200,1920000,160000,480400,160000,320400,160000,0,0,0,160400,115496,0.1155
swap_distribute_parallel_for_100_800_300,100,300,0,600,2401800,720901,300,2560000,240000,720600,240000,480600,240000,0,0,0,240600,125720,0.1257
swap_distribute_parallel_for_100_800_400,100,400,0,800,3202400,961201,400,3200000,320000,960800,320000,640800,320000,0,0,0,320800,118528,0.1185
swap_distribute_parallel_for_100_800_500,100,500,0,1000,4003000,1201501,500,3840000,400000,1201000,400000,801000,400000,0,0,0,401000,126621,0.1266
swap_distribute_parallel_for_100_800_600,100,600,0,1200,4803600,1441801,600,4480000,480000,1441200,480000,961200,480000,0,0,0,481200,126974,0.1270
swap_distribute_parallel_for_100_800_700,100,700,0,1400,5604200,1682101,700,5120000,560000,1681400,560000,1121400,560000,0,0,0,561400,117937,0.1179
swap_distribute_parallel_for_100_800_800,100,800,0,1600,6404800,1922401,800,5760000,640000,1921600,640000,1281600,640000,0,0,0,641600,136334,0.1363
swap_distribute_parallel_for_100_800_900,100,900,0,1800,7205400,2162701,900,6400000,720000,2161800,720000,1441800,720000,0,0,0,721800,120162,0.1202
swap_distribute_parallel_for_100_900_100,100,100,0,200,900600,270301,100,1440000,80000,270200,90000,180200,90000,0,0,0,90200,132025,0.1320
swap_distribute_parallel_for_100_900_200,100,200,0,400,1801200,540601,200,2160000,160000,540400,180000,360400,180000,0,0,0,180400,130521,0.1305
swap_distribute_parallel_for_100_900_300,100,300,0,600,2701800,810901,300,2880000,240000,810600,270000,540600,270000,0,0,0,270600,130789,0.1308
swap_distribute_parallel_for_100_900_400,100,400,0,800,3602400,1081201,400,3600000,320000,1080800,360000,720800,360000,0,0,0,360800,152841,0.1528
swap_distribute_parallel_for_100_900_500,100,500,0,1000,4503000,1351501,500,4320000,400000,1351000,450000,901000,450000,0,0,0,451000,136769,0.1368
swap_distribute_parallel_for_100_900_600,100,600,0,1200,5403600,1621801,600,5040000,480000,1621200,540000,1081200,540000,0,0,0,541200,133481,0.1335
swap_distribute_parallel_for_100_900_700,100,700,0,1400,6304200,1892101,700,5760000,560000,1891400,630000,1261400,630000,0,0,0,631400,137642,0.1376
swap_distribute_parallel_for_100_900_800,100,800,0,1600,7204800,2162401,800,6480000,640000,2161600,720000,1441600,720000,0,0,0,721600,132612,0.1326
swap_distribute_parallel_for_100_900_900,100,900,0,1800,8105400,2432701,900,7200000,720000,2431800,810000,1621800,810000,0,0,0,811800,157627,0.1576
swap_distribute_parallel_for_1050_1050_1050,1050,1050,0,2100,11031300,3310651,1050,17640000,8820000,3309600,1102500,2207100,1102500,0,0,0,1104600,1759037,1.7590
swap_distribute_parallel_for_1050_1050_1100,1050,1100,0,2200,11556600,3468301,1100,18060000,9240000,3467200,1155000,2312200,1155000,0,0,0,1157200,1762403,1.7624
swap_distribute_parallel_for_1050_1050_1150,1050,1150,0,2300,12081900,3625951,1150,18480000,9660000,3624800,1207500,2417300,1207500,0,0,0,1209800,1761594,1.7616
swap_distribute_parallel_for_1050_1050_1200,1050,1200,0,2400,12607200,3783601,1200,18900000,10080000,3782400,1260000,2522400,1260000,0,0,0,1262400,1779820,1.7798
swap_distribute_parallel_for_1050_1050_1250,1050,1250,0,2500,13132500,3941251,1250,19320000,10500000,3940000,1312500,2627500,1312500,0,0,0,1315000,1778151,1.7782
swap_distribute_parallel_for_1050_1050_1300,1050,1300,0,2600,13657800,4098901,1300,19740000,10920000,4097600,1365000,2732600,1365000,0,0,0,1367600,1757062,1.7571
swap_distribute_parallel_for_1050_1050_1350,1050,1350,0,2700,14183100,4256551,1350,20160000,11340000,4255200,1417500,2837700,1417500,0,0,0,1420200,1795553,1.7956
swap_distribute_parallel_for_1050_1050_1400,1050,1400,0,2800,14708400,4414201,1400,20580000,11760000,4412800,1470000,2942800,1470000,0,0,0,1472800,1810487,1.8105
swap_distribute_parallel_for_1050_1050_1450,1050,1450,0,2900,15233700,4571851,1450,21000000,12180000,4570400,1522500,3047900,1522500,0,0,0,1525400,1761316,1.7613
swap_distribute_parallel_for_1050_1050_1500,1050,1500,0,3000,15759000,4729501,1500,21420000,12600000,4728000,1575000,3153000,1575000,0,0,0,1578000,1785259,1.7853
swap_distribute_parallel_for_1050_1050_1550,1050,1550,0,3100,16284300,4887151,1550,21840000,13020000,4885600,1627500,3258100,1627500,0,0,0,1630600,1755167,1.7552
swap_distribute_parallel_for_1050_1050_1600,1050,1600,0,3200,16809600,5044801,1600,22260000,13440000,5043200,1680000,3363200,1680000,0,0,0,1683200,1763417,1.7634
swap_distribute_parallel_for_1050_1050_1650,1050,1650,0,3300,17334900,5202451,1650,22680000,13860000,5200800,1732500,3468300,1732500,0,0,0,1735800,1771026,1.7710
swap_distribute_parallel_for_1050_1050_1700,1050,1700,0,3400,17860200,5360101,1700,23100000,14280000,5358400,1785000,3573400,1785000,0,0,0,1788400,1792304,1.7923
swap_distribute_parallel_for_1050_1050_1750,1050,1750,0,3500,18385500,5517751,1750,23520000,14700000,5516000,1837500,3678500,1837500,0,0,0,1841000,1840619,1.8406
swap_distribute_parallel_for_1050_1050_1800,1050,1800,0,3600,18910800,5675401,1800,23940000,15120000,5673600,1890000,3783600,1890000,0,0,0,1893600,1763628,1.7636
swap_distribute_parallel_for_1050_1050_1850,1050,1850,0,3700,19436100,5833051,1850,24360000,15540000,5831200,1942500,3888700,1942500,0,0,0,1946200,1822061,1.8221
swap_distribute_parallel_for_1050_1050_1900,1050,1900,0,3800,19961400,5990701,1900,24780000,15960000,5988800,1995000,3993800,1995000,0,0,0,1998800,1776052,1.7761
swap_distribute_parallel_for_1050_1050_1950,1050,1950,0,3900,20486700,6148351,1950,25200000,16380000,6146400,2047500,4098900,2047500,0,0,0,2051400,1774786,1.7748
swap_distribute_parallel_for_1050_1050_2000,1050,2000,0,4000,21012000,6306001,2000,25620000,16800000,6304000,2100000,4204000,2100000,0,0,0,2104000,1769370,1.7694
swap_distribute_parallel_for_1050_1100_1050,1050,1050,0,2100,11556300,3468151,1050,18480000,8820000,3467100,1155000,2312100,1155000,0,0,0,1157100,1859757,1.8598
swap_distribute_parallel_for_1050_1100_1100,1050,1100,0,2200,12106600,3633301,1100,18920000,9240000,3632200,1210000,2422200,1210000,0,0,0,1212200,1845921,1.8459
swap_distribute_parallel_for_1050_1100_1150,1050,1150,0,2300,12656900,3798451,1150,19360000,9660000,3797300,1265000,2532300,1265000,0,0,0,1267300,1862409,1.8624
swap_distribute_parallel_for_1050_1100_1200,1050,1200,0,2400,13207200,3963601,1200,19800000,10080000,3962400,1320000,2642400,1320000,0,0,0,1322400,1871913,1.8719
swap_distribute_parallel_for_1050_1100_1250,1050,1250,0,2500,13757500,4128751,1250,20240000,10500000,4127500,1375000,2752500,1375000,0,0,0,1377500,1853077,1.8531
swap_distribute_parallel_for_1050_1100_1300,1050,1300,0,2600,14307800,4293901,1300,20680000,10920000,4292600,1430000,2862600,1430000,0,0,0,1432600,1832886,1.8329
swap_distribute_parallel_for_1050_1100_1350,1050,1350,0,2700,14858100,4459051,1350,21120000,11340000,4457700,1485000,2972700,1485000,0,0,0,1487700,1855317,1.8553
swap_distribute_parallel_for_1050_1100_1400,1050,1400,0,2800,15408400,4624201,1400,21560000,11760000,4622800,1540000,3082800,1540000,0,0,0,1542800,1836058,1.8361
swap_distribute_parallel_for_1050_1100_1450,1050,1450,0,2900,15958700,4789351,1450,22000000,12180000,4787900,1595000,3192900,1595000,0,0,0,1597900,1874409,1.8744
swap_distribute_parallel_for_1050_1100_1500,1050,1500,0,3000,16509000,4954501,1500,22440000,12600000,4953000,1650000,3303000,1650000,0,0,0,1653000,1843092,1.8431
swap_distribute_parallel_for_1050_1100_1550,1050,1550,0,3100,17059300,5119651,1550,22880000,13020000,5118100,1705000,3413100,1705000,0,0,0,1708100,1889202,1.8892
swap_distribute_parallel_for_1050_1100_1600,1050,1600,0,3200,17609600,5284801,1600,23320000,13440000,5283200,1760000,3523200,1760000,0,0,0,1763200,1919565,1.9196
swap_distribute_parallel_for_1050_1100_1650,1050,1650,0,3300,18159900,5449951,1650,23760000,13860000,5448300,1815000,3633300,1815000,0,0,0,1818300,1899097,1.8991
swap_distribute_parallel_for_1050_1100_1700,1050,1700,0,3400,18710200,5615101,1700,24200000,14280000,5613400,1870000,3743400,1870000,0,0,0,1873400,1910248,1.9102
swap_distribute_parallel_for_1050_1100_1750,1050,1750,0,3500,19260500,5780251,1750,24640000,14700000,5778500,1925000,3853500,1925000,0,0,0,1928500,1855577,1.8556
swap_distribute_parallel_for_1050_1100_1800,1050,1800,0,3600,19810800,5945401,1800,25080000,15120000,5943600,1980000,3963600,1980000,0,0,0,1983600,1854490,1.8545
swap_distribute_parallel_for_1050_1100_1850,1050,1850,0,3700,20361100,6110551,1850,25520000,15540000,6108700,2035000,4073700,2035000,0,0,0,2038700,1869596,1.8696
swap_distribute_parallel_for_1050_1100_1900,1050,1900,0,3800,20911400,6275701,1900,25960000,15960000,6273800,2090000,4183800,2090000,0,0,0,2093800,1885908,1.8859
swap_distribute_parallel_for_1050_1100_1950,1050,1950,0,3900,21461700,6440851,1950,26400000,16380000,6438900,2145000,4293900,2145000,0,0,0,2148900,1914653,1.9147
swap_distribute_parallel_for_1050_1100_2000,1050,2000,0,4000,22012000,6606001,2000,26840000,16800000,6604000,2200000,4404000,2200000,0,0,0,2204000,1859465,1.8595
swap_distribute_parallel_for_1050_1150_1050,1050,1050,0,2100,12081300,3625651,1050,19320000,8820000,3624600,1207500,2417100,1207500,0,0,0,1209600,1937329,1.9373
swap_distribute_parallel_for_1050_1150_1100,1050,1100,0,2200,12656600,3798301,1100,19780000,9240000,3797200,1265000,2532200,1265000,0,0,0,1267200,2005614,2.0056
swap_distribute_parallel_for_1050_1150_1150,1050,1150,0,2300,13231900,3970951,1150,20240000,9660000,3969800,1322500,2647300,1322500,0,0,0,1324800,1924598,1.9246
swap_distribute_parallel_for_1050_1150_1200,1050,1200,0,2400,13807200,4143601,1200,20700000,10080000,4142400,1380000,2762400,1380000,0,0,0,1382400,1964774,1.9648
swap_distribute_parallel_for_1050_1150_1250,1050,1250,0,2500,14382500,4316251,1250,21160000,10500000,4315000,1437500,2877500,1437500,0,0,0,1440000,1926478,1.9265
swap_distribute_parallel_for_1050_1150_1300,1050,1300,0,2600,14957800,4488901,1300,21620000,10920000,4487600,1495000,2992600,1495000,0,0,0,1497600,1947321,1.9473
swap_distribute_parallel_for_1050_1150_1350,1050,1350,0,2700,15533100,4661551,1350,22080000,11340000,4660200,1552500,3107700,1552500,0,0,0,1555200,1957644,1.9576
swap_distribute_parallel_for_1050_1150_1400,1050,1400,0,2800,16108400,4834201,1400,22540000,11760000,4832800,1610000,3222800,1610000,0,0,0,1612800,1944668,1.9447
swap_distribute_parallel_for_1050_1150_1450,1050,1450,0,2900,16683700,5006851,1450,23000000,12180000,5005400,1667500,3337900,1667500,0,0,0,1670400,1931416,1.9314
swap_distribute_parallel_for_1050_1150_1500,1050,1500,0,3000,17259000,5179501,1500,23460000,12600000,5178000,1725000,3453000,1725000,0,0,0,1728000,1952680,1.9527
swap_distribute_parallel_for_1050_1150_1550,1050,1550,0,3100,17834300,5352151,1550,23920000,13020000,5350600,1782500,3568100,1782500,0,0,0,1785600,1947956,1.9480
swap_distribute_parallel_for_1050_1150_1600,1050,1600,0,3200,18409600,5524801,1600,24380000,13440000,5523200,1840000,3683200,1840000,0,0,0,1843200,1941209,1.9412
swap_distribute_parallel_for_1050_1150_1650,1050,1650,0,3300,18984900,5697451,1650,24840000,13860000,5695800,1897500,3798300,1897500,0,0,0,1900800,1928494,1.9285
swap_distribute_parallel_for_1050_1150_1700,1050,1700,0,3400,19560200,5870101,1700,25300000,14280000,5868400,1955000,3913400,1955000,0,0,0,1958400,1966387,1.9664
swap_distribute_parallel_for_1050_1150_1750,1050,1750,0,3500,20135500,6042751,1750,25760000,14700000,6041000,2012500,4028500,2012500,0,0,0,2016000,1922980,1.9230
swap_distribute_parallel_for_1050_1150_1800,1050,1800,0,3600,20710800,6215401,1800,26220000,15120000,6213600,2070000,4143600,2070000,0,0,0,2073600,1957187,1.9572
swap_distribute_parallel_for_1050_1150_1850,1050,1850,0,3700,21286100,6388051,1850,26680000,15540000,6386200,2127500,4258700,2127500,0,0,0,2131200,1931375,1.9314
swap_distribute_parallel_for_1050_1150_1900,1050,1900,0,3800,21861400,6560701,1900,27140000,15960000,6558800,2185000,4373800,2185000,0,0,0,2188800,1924582,1.9246
swap_distribute_parallel_for_1050_1150_1950,1050,1950,0,3900,22436700,6733351,1950,27600000,16380000,6731400,2242500,4488900,2242500,0,0,0,2246400,1912604,1.9126
swap_distribute_parallel_for_1050_1150_2000,1050,2000,0,4000,23012000,6906001,2000,28060000,16800000,6904000,2300000,4604000,2300000,0,0,0,2304000,1928425,1.9284
swap_distribute_parallel_for_1050_1200_1050,1050,1050,0,2100,12606300,3783151,1050,20160000,8820000,3782100,1260000,2522100,1260000,0,0,0,1262100,2105317,2.1053
swap_distribute_parallel_for_1050_1200_1100,1050,1100,0,2200,13206600,3963301,1100,20640000,9240000,3962200,1320000,2642200,1320000,0,0,0,1322200,1998107,1.9981
swap_distribute_parallel_for_1050_1200_1150,1050,1150,0,2300,13806900,4143451,1150,21120000,9660000,4142300,1380000,2762300,1380000,0,0,0,1382300,2032851,2.0329
swap_distribute_parallel_for_1050_1200_1200,1050,1200,0,2400,14407200,4323601,1200,21600000,10080000,4322400,1440000,2882400,1440000,0,0,0,1442400,2002579,2.0026
swap_distribute_parallel_for_1050_1200_1250,1050,1250,0,2500,15007500,4503751,1250,22080000,10500000,4502500,1500000,3002500,1500000,0,0,0,1502500,2017684,2.0177
swap_distribute_parallel_for_1050_1200_1300,1050,1300,0,2600,15607800,4683901,1300,22560000,10920000,4682600,1560000,3122600,1560000,0,0,0,1562600,2037908,2.0379
swap_distribute_parallel_for_1050_1200_1350,1050,1350,0,2700,16208100,4864051,1350,23040000,11340000,4862700,1620000,3242700,1620000,0,0,0,1622700,2076065,2.0761
swap_distribute_parallel_for_1050_1200_1400,1050,1400,0,2800,16808400,5044201,1400,23520000,11760000,5042800,1680000,3362800,1680000,0,0,0,1682800,2005551,2.0056
swap_distribute_parallel_for_1050_1200_1450,1050,1450,0,2900,17408700,5224351,1450,24000000,12180000,5222900,1740000,3482900,1740000,0,0,0,1742900,2018897,2.0189
swap_distribute_parallel_for_1050_1200_1500,1050,1500,0,3000,18009000,5404501,1500,24480000,12600000,5403000,1800000,3603000,1800000,0,0,0,1803000,2028880,2.0289
swap_distribute_parallel_for_1050_1200_1550,1050,1550,0,3100,18609300,5584651,1550,24960000,13020000,5583100,1860000,3723100,1860000,0,0,0,1863100,2093232,2.0932
swap_distribute_parallel_for_1050_1200_1600,1050,1600,0,3200,19209600,5764801,1600,25440000,13440000,5763200,1920000,3843200,1920000,0,0,0,1923200,2056742,2.0567
swap_distribute_parallel_for_1050_1200_1650,1050,1650,0,3300,19809900,5944951,1650,25920000,13860000,5943300,1980000,3963300,1980000,0,0,0,1983300,2094400,2.0944
swap_distribute_parallel_for_1050_1200_1700,1050,1700,0,3400,20410200,6125101,1700,26400000,14280000,6123400,2040000,4083400,2040000,0,0,0,2043400,2007632,2.0076
swap_distribute_parallel_for_1050_1200_1750,1050,1750,0,3500,21010500,6305251,1750,26880000,14700000,6303500,2100000,4203500,2100000,0,0,0,2103500,2089612,2.0896
swap_distribute_parallel_for_1050_1200_1800,1050,1800,0,3600,21610800,6485401,1800,27360000,15120000,6483600,2160000,4323600,2160000,0,0,0,2163600,2049264,2.0493
swap_distribute_parallel_for_1050_1200_1850,1050,1850,0,3700,22211100,6665551,1850,27840000,15540000,6663700,2220000,4443700,2220000,0,0,0,2223700,2012219,2.0122
swap_distribute_parallel_for_1050_1200_1900,1050,1900,0,3800,22811400,6845701,1900,28320000,15960000,6843800,2280000,4563800,2280000,0,0,0,2283800,2075490,2.0755
swap_distribute_parallel_for_1050_1200_1950,1050,1950,0,3900,23411700,7025851,1950,28800000,16380000,7023900,2340000,4683900,2340000,0,0,0,2343900,2020702,2.0207
swap_distribute_parallel_for_1050_1200_2000,1050,2000,0,4000,24012000,7206001,2000,29280000,16800000,7204000,2400000,4804000,2400000,0,0,0,2404000,2034246,2.0342
swap_distribute_parallel_for_1050_1250_1050,1050,1050,0,2100,13131300,3940651,1050,21000000,8820000,3939600,1312500,2627100,1312500,0,0,0,1314600,2206965,2.2070
swap_distribute_parallel_for_1050_1250_1100,1050,1100,0,2200,13756600,4128301,1100,21500000,9240000,4127200,1375000,2752200,1375000,0,0,0,1377200,2087978,2.0880
swap_distribute_parallel_for_1050_1250_1150,1050,1150,0,2300,14381900,4315951,1150,22000000,9660000,4314800,1437500,2877300,1437500,0,0,0,1439800,2107603,2.1076
swap_distribute_parallel_for_1050_1250_1200,1050,1200,0,2400,15007200,4503601,1200,22500000,10080000,4502400,1500000,3002400,1500000,0,0,0,1502400,2147701,2.1477
swap_distribute_parallel_for_1050_1250_1250,1050,1250,0,2500,15632500,4691251,1250,23000000,10500000,4690000,1562500,3127500,1562500,0,0,0,1565000,2135007,2.1350
swap_distribute_parallel_for_1050_1250_1300,1050,1300,0,2600,16257800,4878901,1300,23500000,10920000,4877600,1625000,3252600,1625000,0,0,0,1627600,2123422,2.1234
swap_distribute_parallel_for_1050_1250_1350,1050,1350,0,2700,16883100,5066551,1350,24000000,11340000,5065200,1687500,3377700,1687500,0,0,0,1690200,2121578,2.1216
swap_distribute_parallel_for_1050_1250_1400,1050,1400,0,2800,17508400,5254201,1400,24500000,11760000,5252800,1750000,3502800,1750000,0,0,0,1752800,2080255,2.0803
swap_distribute_parallel_for_1050_1250_1450,1050,1450,0,2900,18133700,5441851,1450,25000000,12180000,5440400,1812500,3627900,1812500,0,0,0,1815400,2117863,2.1179
swap_distribute_parallel_for_1050_1250_1500,1050,1500,0,3000,18759000,5629501,1500,25500000,12600000,5628000,1875000,3753000,1875000,0,0,0,1878000,2098303,2.0983
swap_distribute_parallel_for_1050_1250_1550,1050,1550,0,3100,19384300,5817151,1550,26000000,13020000,5815600,1937500,3878100,1937500,0,0,0,1940600,2097642,2.0976
swap_distribute_parallel_for_1050_1250_1600,1050,1600,0,3200,20009600,6004801,1600,26500000,13440000,6003200,2000000,4003200,2000000,0,0,0,2003200,2081580,2.0816
swap_distribute_parallel_for_1050_1250_1650,1050,1650,0,3300,20634900,6192451,1650,27000000,13860000,6190800,2062500,4128300,2062500,0,0,0,2065800,2095403,2.0954
swap_distribute_parallel_for_1050_1250_1700,1050,1700,0,3400,21260200,6380101,1700,27500000,14280000,6378400,2125000,4253400,2125000,0,0,0,2128400,2122960,2.1230
swap_distribute_parallel_for_1050_1250_1750,1050,1750,0,3500,21885500,6567751,1750,28000000,14700000,6566000,2187500,4378500,2187500,0,0,0,2191000,2155819,2.1558
swap_distribute_parallel_for_1050_1250_1800,1050,1800,0,3600,22510800,6755401,1800,28500000,15120000,6753600,2250000,4503600,2250000,0,0,0,2253600,2098858,2.0989
swap_distribute_parallel_for_1050_1250_1850,1050,1850,0,3700,23136100,6943051,1850,29000000,15540000,6941200,2312500,4628700,2312500,0,0,0,2316200,2174771,2.1748
swap_distribute_parallel_for_1050_1250_1900,1050,1900,0,3800,23761400,7130701,1900,29500000,15960000,7128800,2375000,4753800,2375000,0,0,0,2378800,2100033,2.1000
swap_distribute_parallel_for_1050_1250_1950,1050,1950,0,3900,24386700,7318351,1950,30000000,16380000,7316400,2437500,4878900,2437500,0,0,0,2441400,2113659,2.1137
swap_distribute_parallel_for_1050_1250_2000,1050,2000,0,4000,25012000,7506001,2000,30500000,16800000,7504000,2500000,5004000,2500000,0,0,0,2504000,2139252,2.1393
swap_distribute_parallel_for_1050_1300_1050,1050,1050,0,2100,13656300,4098151,1050,21840000,8820000,4097100,1365000,2732100,1365000,0,0,0,1367100,2198762,2.1988
swap_distribute_parallel_for_1050_1300_1100,1050,1100,0,2200,14306600,4293301,1100,22360000,9240000,4292200,1430000,2862200,1430000,0,0,0,1432200,2166117,2.1661
swap_distribute_parallel_for_1050_1300_1150,1050,1150,0,2300,14956900,4488451,1150,22880000,9660000,4487300,1495000,2992300,1495000,0,0,0,1497300,2243839,2.2438
swap_distribute_parallel_for_1050_1300_1200,1050,1200,0,2400,15607200,4683601,1200,23400000,10080000,4682400,1560000,3122400,1560000,0,0,0,1562400,2197338,2.1973
swap_distribute_parallel_for_1050_1300_1250,1050,1250,0,2500,16257500,4878751,1250,23920000,10500000,4877500,1625000,3252500,1625000,0,0,0,1627500,2188549,2.1885
swap_distribute_parallel_for_1050_1300_1300,1050,1300,0,2600,16907800,5073901,1300,24440000,10920000,5072600,1690000,3382600,1690000,0,0,0,1692600,2189582,2.1896
swap_distribute_parallel_for_1050_1300_1350,1050,1350,0,2700,17558100,5269051,1350,24960000,11340000,5267700,1755000,3512700,1755000,0,0,0,1757700,2217454,2.2175
swap_distribute_parallel_for_1050_1300_1400,1050,1400,0,2800,18208400,5464201,1400,25480000,11760000,5462800,1820000,3642800,1820000,0,0,0,1822800,2232405,2.2324
swap_distribute_parallel_for_1050_1300_1450,1050,1450,0,2900,18858700,5659351,1450,26000000,12180000,5657900,1885000,3772900,1885000,0,0,0,1887900,2223253,2.2233
swap_distribute_parallel_for_1050_1300_1500,1050,1500,0,3000,19509000,5854501,1500,26520000,12600000,5853000,1950000,3903000,1950000,0,0,0,1953000,2212453,2.2125
swap_distribute_parallel_for_1050_1300_1550,1050,1550,0,3100,20159300,6049651,1550,27040000,13020000,6048100,2015000,4033100,2015000,0,0,0,2018100,2194029,2.1940
swap_distribute_parallel_for_1050_1300_1600,1050,1600,0,3200,20809600,6244801,1600,27560000,13440000,6243200,2080000,4163200,2080000,0,0,0,2083200,2202316,2.2023
swap_distribute_parallel_for_1050_1300_1650,1050,1650,0,3300,21459900,6439951,1650,28080000,13860000,6438300,2145000,4293300,2145000,0,0,0,2148300,2237965,2.2380
swap_distribute_parallel_for_1050_1300_1700,1050,1700,0,3400,22110200,6635101,1700,28600000,14280000,6633400,2210000,4423400,2210000,0,0,0,2213400,2226553,2.2266
swap_distribute_parallel_for_1050_1300_1750,1050,1750,0,3500,22760500,6830251,1750,29120000,14700000,6828500,2275000,4553500,2275000,0,0,0,2278500,2219765,2.2198
swap_distribute_parallel_for_1050_1300_1800,1050,1800,0,3600,23410800,7025401,1800,29640000,15120000,7023600,2340000,4683600,2340000,0,0,0,2343600,2186478,2.1865
swap_distribute_parallel_for_1050_1300_1850,1050,1850,0,3700,24061100,7220551,1850,30160000,15540000,7218700,2405000,4813700,2405000,0,0,0,2408700,2207761,2.2078
swap_distribute_parallel_for_1050_1300_1900,1050,1900,0,3800,24711400,7415701,1900,30680000,15960000,7413800,2470000,4943800,2470000,0,0,0,2473800,2265405,2.2654
swap_distribute_parallel_for_1050_1300_1950,1050,1950,0,3900,25361700,7610851,1950,31200000,16380000,7608900,2535000,5073900,2535000,0,0,0,2538900,2183520,2.1835
swap_distribute_parallel_for_1050_1300_2000,1050,2000,0,4000,26012000,7806001,2000,31720000,16800000,7804000,2600000,5204000,2600000,0,0,0,2604000,2186807,2.1868
swap_distribute_parallel_for_1050_1350_1050,1050,1050,0,2100,14181300,4255651,1050,22680000,8820000,4254600,1417500,2837100,1417500,0,0,0,1419600,2287505,2.2875
swap_distribute_parallel_for_1050_1350_1100,1050,1100,0,2200,14856600,4458301,1100,23220000,9240000,4457200,1485000,2972200,1485000,0,0,0,1487200,2304544,2.3045
swap_distribute_parallel_for_1050_1350_1150,1050,1150,0,2300,15531900,4660951,1150,23760000,9660000,4659800,1552500,3107300,1552500,0,0,0,1554800,2281073,2.2811
swap_distribute_parallel_for_1050_1350_1200,1050,1200,0,2400,16207200,4863601,1200,24300000,10080000,4862400,1620000,3242400,1620000,0,0,0,1622400,2294884,2.2949
swap_distribute_parallel_for_1050_1350_1250,1050,1250,0,2500,16882500,5066251,1250,24840000,10500000,5065000,1687500,3377500,1687500,0,0,0,1690000,2306092,2.3061
swap_distribute_parallel_for_1050_1350_1300,1050,1300,0,2600,17557800,5268901,1300,25380000,10920000,5267600,1755000,3512600,1755000,0,0,0,1757600,2327333,2.3273
swap_distribute_parallel_for_1050_1350_1350,1050,1350,0,2700,18233100,5471551,1350,25920000,11340000,5470200,1822500,3647700,1822500,0,0,0,1825200,2279823,2.2798
swap_distribute_parallel_for_1050_1350_1400,1050,1400,0,2800,18908400,5674201,1400,26460000,11760000,5672800,1890000,3782800,1890000,0,0,0,1892800,2257197,2.2572
swap_distribute_parallel_for_1050_1350_1450,1050,1450,0,2900,19583700,5876851,1450,27000000,12180000,5875400,1957500,3917900,1957500,0,0,0,1960400,2288576,2.2886
swap_distribute_parallel_for_1050_1350_1500,1050,1500,0,3000,20259000,6079501,1500,27540000,12600000,6078000,2025000,4053000,2025000,0,0,0,2028000,2295178,2.2952
swap_distribute_parallel_for_1050_1350_1550,1050,1550,0,3100,20934300,6282151,1550,28080000,13020000,6280600,2092500,4188100,2092500,0,0,0,2095600,2385339,2.3853
swap_distribute_parallel_for_1050_1350_1600,1050,1600,0,3200,21609600,6484801,1600,28620000,13440000,6483200,2160000,4323200,2160000,0,0,0,2163200,2321593,2.3216
swap_distribute_parallel_for_1050_1350_1650,1050,1650,0,3300,22284900,6687451,1650,29160000,13860000,6685800,2227500,4458300,2227500,0,0,0,2230800,2249010,2.2490
swap_distribute_parallel_for_1050_1350_1700,1050,1700,0,3400,22960200,6890101,1700,29700000,14280000,6888400,2295000,4593400,2295000,0,0,0,2298400,2312130,2.3121
swap_distribute_parallel_for_1050_1350_1750,1050,1750,0,3500,23635500,7092751,1750,30240000,14700000,7091000,2362500,4728500,2362500,0,0,0,2366000,2299179,2.2992
swap_distribute_parallel_for_1050_1350_1800,1050,1800,0,3600,24310800,7295401,1800,30780000,15120000,7293600,2430000,4863600,2430000,0,0,0,2433600,2269173,2.2692
swap_distribute_parallel_for_1050_1350_1850,1050,1850,0,3700,24986100,7498051,1850,31320000,15540000,7496200,2497500,4998700,2497500,0,0,0,2501200,2299526,2.2995
swap_distribute_parallel_for_1050_1350_1900,1050,1900,0,3800,25661400,7700701,1900,31860000,15960000,7698800,2565000,5133800,2565000,0,0,0,2568800,2311424,2.3114
swap_distribute_parallel_for_1050_1350_1950,1050,1950,0,3900,26336700,7903351,1950,32400000,16380000,7901400,2632500,5268900,2632500,0,0,0,2636400,2295971,2.2960
swap_distribute_parallel_for_1050_1350_2000,1050,2000,0,4000,27012000,8106001,2000,32940000,16800000,8104000,2700000,5404000,2700000,0,0,0,2704000,2289767,2.2898
swap_distribute_parallel_for_1050_1400_1050,1050,1050,0,2100,14706300,4413151,1050,23520000,8820000,4412100,1470000,2942100,1470000,0,0,0,1472100,2362128,2.3621
swap_distribute_parallel_for_1050_1400_1100,1050,1100,0,2200,15406600,4623301,1100,24080000,9240000,4622200,1540000,3082200,1540000,0,0,0,1542200,2382205,2.3822
swap_distribute_parallel_for_1050_1400_1150,1050,1150,0,2300,16106900,4833451,1150,24640000,9660000,4832300,1610000,3222300,1610000,0,0,0,1612300,2351953,2.3520
swap_distribute_parallel_for_1050_1400_1200,1050,1200,0,2400,16807200,5043601,1200,25200000,10080000,5042400,1680000,3362400,1680000,0,0,0,1682400,2352639,2.3526
swap_distribute_parallel_for_1050_1400_1250,1050,1250,0,2500,17507500,5253751,1250,25760000,10500000,5252500,1750000,3502500,1750000,0,0,0,1752500,2384996,2.3850
swap_distribute_parallel_for_1050_1400_1300,1050,1300,0,2600,18207800,5463901,1300,26320000,10920000,5462600,1820000,3642600,1820000,0,0,0,1822600,2364652,2.3647
swap_distribute_parallel_for_1050_1400_1350,1050,1350,0,2700,18908100,5674051,1350,26880000,11340000,5672700,1890000,3782700,1890000,0,0,0,1892700,2344577,2.3446
swap_distribute_parallel_for_1050_1400_1400,1050,1400,0,2800,19608400,5884201,1400,27440000,11760000,5882800,1960000,3922800,1960000,0,0,0,1962800,2333408,2.3334
swap_distribute_parallel_for_1050_1400_1450,1050,1450,0,2900,20308700,6094351,1450,28000000,12180000,6092900,2030000,4062900,2030000,0,0,0,2032900,2348740,2.3487
swap_distribute_parallel_for_1050_1400_1500,1050,1500,0,3000,21009000,6304501,1500,28560000,12600000,6303000,2100000,4203000,2100000,0,0,0,2103000,2412448,2.4124
swap_distribute_parallel_for_1050_1400_1550,1050,1550,0,3100,21709300,6514651,1550,29120000,13020000,6513100,2170000,4343100,2170000,0,0,0,2173100,2344724,2.3447
swap_distribute_parallel_for_1050_1400_1600,1050,1600,0,3200,22409600,6724801,1600,29680000,13440000,6723200,2240000,4483200,2240000,0,0,0,2243200,2353480,2.3535
swap_distribute_parallel_for_1050_1400_1650,1050,1650,0,3300,23109900,6934951,1650,30240000,13860000,6933300,2310000,4623300,2310000,0,0,0,2313300,2343609,2.3436
swap_distribute_parallel_for_1050_1400_1700,1050,1700,0,3400,23810200,7145101,1700,30800000,14280000,7143400,2380000,4763400,2380000,0,0,0,2383400,2353648,2.3536
swap_distribute_parallel_for_1050_1400_1750,1050,1750,0,3500,24510500,7355251,1750,31360000,14700000,7353500,2450000,4903500,2450000,0,0,0,2453500,2371513,2.3715
swap_distribute_parallel_for_1050_1400_1800,1050,1800,0,3600,25210800,7565401,1800,31920000,15120000,7563600,2520000,5043600,2520000,0,0,0,2523600,2414887,2.4149
swap_distribute_parallel_for_1050_1400_1850,1050,1850,0,3700,25911100,7775551,1850,32480000,15540000,7773700,2590000,5183700,2590000,0,0,0,2593700,2352855,2.3529
swap_distribute_parallel_for_1050_1400_1900,1050,1900,0,3800,26611400,7985701,1900,33040000,15960000,7983800,2660000,5323800,2660000,0,0,0,2663800,2420941,2.4209
swap_distribute_parallel_for_1050_1400_1950,1050,1950,0,3900,27311700,8195851,1950,33600000,16380000,8193900,2730000,5463900,2730000,0,0,0,2733900,2351675,2.3517
swap_distribute_parallel_for_1050_1400_2000,1050,2000,0,4000,28012000,8406001,2000,34160000,16800000,8404000,2800000,5604000,2800000,0,0,0,2804000,2387119,2.3871
swap_distribute_parallel_for_1050_1450_1050,1050,1050,0,2100,15231300,4570651,1050,24360000,8820000,4569600,1522500,3047100,1522500,0,0,0,1524600,2429776,2.4298
swap_distribute_parallel_for_1050_1450_1100,1050,1100,0,2200,15956600,4788301,1100,24940000,9240000,4787200,1595000,3192200,1595000,0,0,0,1597200,2418922,2.4189
swap_distribute_parallel_for_1050_1450_1150,1050,1150,0,2300,16681900,5005951,1150,25520000,9660000,5004800,1667500,3337300,1667500,0,0,0,1669800,2412900,2.4129
swap_distribute_parallel_for_1050_1450_1200,1050,1200,0,2400,17407200,5223601,1200,26100000,10080000,5222400,1740000,3482400,1740000,0,0,0,1742400,2483186,2.4832
swap_distribute_parallel_for_1050_1450_1250,1050,1250,0,2500,18132500,5441251,1250,26680000,10500000,5440000,1812500,3627500,1812500,0,0,0,1815000,2447466,2.4475
swap_distribute_parallel_for_1050_1450_1300,1050,1300,0,2600,18857800,5658901,1300,27260000,10920000,5657600,1885000,3772600,1885000,0,0,0,1887600,2446157,2.4462
swap_distribute_parallel_for_1050_1450_1350,1050,1350,0,2700,19583100,5876551,1350,27840000,11340000,5875200,1957500,3917700,1957500,0,0,0,1960200,2421583,2.4216
swap_distribute_parallel_for_1050_1450_1400,1050,1400,0,2800,20308400,6094201,1400,28420000,11760000,6092800,2030000,4062800,2030000,0,0,0,2032800,2590717,2.5907
swap_distribute_parallel_for_1050_1450_1450,1050,1450,0,2900,21033700,6311851,1450,29000000,12180000,6310400,2102500,4207900,2102500,0,0,0,2105400,2468669,2.4687
swap_distribute_parallel_for_1050_1450_1500,1050,1500,0,3000,21759000,6529501,1500,29580000,12600000,6528000,2175000,4353000,2175000,0,0,0,2178000,2419108,2.4191
swap_distribute_parallel_for_1050_1450_1550,1050,1550,0,3100,22484300,6747151,1550,30160000,13020000,6745600,2247500,4498100,2247500,0,0,0,2250600,2472558,2.4726
swap_distribute_parallel_for_1050_1450_1600,1050,1600,0,3200,23209600,6964801,1600,30740000,13440000,6963200,2320000,4643200,2320000,0,0,0,2323200,2448575,2.4486
swap_distribute_parallel_for_1050_1450_1650,1050,1650,0,3300,23934900,7182451,1650,31320000,13860000,7180800,2392500,4788300,2392500,0,0,0,2395800,2428402,2.4284
swap_distribute_parallel_for_1050_1450_1700,1050,1700,0,3400,24660200,7400101,1700,31900000,14280000,7398400,2465000,4933400,2465000,0,0,0,2468400,2419566,2.4196
swap_distribute_parallel_for_1050_1450_1750,1050,1750,0,3500,25385500,7617751,1750,32480000,14700000,7616000,2537500,5078500,2537500,0,0,0,2541000,2419013,2.4190
swap_distribute_parallel_for_1050_1450_1800,1050,1800,0,3600,26110800,7835401,1800,33060000,15120000,7833600,2610000,5223600,2610000,0,0,0,2613600,2447167,2.4472
swap_distribute_parallel_for_1050_1450_1850,1050,1850,0,3700,26836100,8053051,1850,33640000,15540000,8051200,2682500,5368700,2682500,0,0,0,2686200,2439865,2.4399
swap_distribute_parallel_for_1050_1450_1900,1050,1900,0,3800,27561400,8270701,1900,34220000,15960000,8268800,2755000,5513800,2755000,0,0,0,2758800,2432265,2.4323
swap_distribute_parallel_for_1050_1450_1950,1050,1950,0,3900,28286700,8488351,1950,34800000,16380000,8486400,2827500,5658900,2827500,0,0,0,2831400,2493424,2.4934
swap_distribute_parallel_for_1050_1450_2000,1050,2000,0,4000,29012000,8706001,2000,35380000,16800000,8704000,2900000,5804000,2900000,0,0,0,2904000,2477772,2.4778
swap_distribute_parallel_for_1050_1500_1050,1050,1050,0,2100,15756300,4728151,1050,25200000,8820000,4727100,1575000,3152100,1575000,0,0,0,1577100,2517062,2.5171
swap_distribute_parallel_for_1050_1500_1100,1050,1100,0,2200,16506600,4953301,1100,25800000,9240000,4952200,1650000,3302200,1650000,0,0,0,1652200,2502615,2.5026
swap_distribute_parallel_for_1050_1500_1150,1050,1150,0,2300,17256900,5178451,1150,26400000,9660000,5177300,1725000,3452300,1725000,0,0,0,1727300,2536251,2.5363
swap_distribute_parallel_for_1050_1500_1200,1050,1200,0,2400,18007200,5403601,1200,27000000,10080000,5402400,1800000,3602400,1800000,0,0,0,1802400,2567041,2.5670
swap_distribute_parallel_for_1050_1500_1250,1050,1250,0,2500,18757500,5628751,1250,27600000,10500000,5627500,1875000,3752500,1875000,0,0,0,1877500,2557616,2.5576
swap_distribute_parallel_for_1050_1500_1300,1050,1300,0,2600,19507800,5853901,1300,28200000,10920000,5852600,1950000,3902600,1950000,0,0,0,1952600,2526180,2.5262
swap_distribute_parallel_for_1050_1500_1350,1050,1350,0,2700,20258100,6079051,1350,28800000,11340000,6077700,2025000,4052700,2025000,0,0,0,2027700,2514626,2.5146
swap_distribute_parallel_for_1050_1500_1400,1050,1400,0,2800,21008400,6304201,1400,29400000,11760000,6302800,2100000,4202800,2100000,0,0,0,2102800,2523924,2.5239
swap_distribute_parallel_for_1050_1500_1450,1050,1450,0,2900,21758700,6529351,1450,30000000,12180000,6527900,2175000,4352900,2175000,0,0,0,2177900,2650360,2.6504
swap_distribute_parallel_for_1050_1500_1500,1050,1500,0,3000,22509000,6754501,1500,30600000,12600000,6753000,2250000,4503000,2250000,0,0,0,2253000,2571725,2.5717
swap_distribute_parallel_for_1050_1500_1550,1050,1550,0,3100,23259300,6979651,1550,31200000,13020000,6978100,2325000,4653100,2325000,0,0,0,2328100,2696889,2.6969
swap_distribute_parallel_for_1050_1500_1600,1050,1600,0,3200,24009600,7204801,1600,31800000,13440000,7203200,2400000,4803200,2400000,0,0,0,2403200,2501230,2.5012
swap_distribute_parallel_for_1050_1500_1650,1050,1650,0,3300,24759900,7429951,1650,32400000,13860000,7428300,2475000,4953300,2475000,0,0,0,2478300,2524211,2.5242
swap_distribute_parallel_for_1050_1500_1700,1050,1700,0,3400,25510200,7655101,1700,33000000,14280000,7653400,2550000,5103400,2550000,0,0,0,2553400,2647809,2.6478
swap_distribute_parallel_for_1050_1500_1750,1050,1750,0,3500,26260500,7880251,1750,33600000,14700000,7878500,2625000,5253500,2625000,0,0,0,2628500,2557961,2.5580
swap_distribute_parallel_for_1050_1500_1800,1050,1800,0,3600,27010800,8105401,1800,34200000,15120000,8103600,2700000,5403600,2700000,0,0,0,2703600,2515057,2.5151
swap_distribute_parallel_for_1050_1500_1850,1050,1850,0,3700,27761100,8330551,1850,34800000,15540000,8328700,2775000,5553700,2775000,0,0,0,2778700,2636821,2.6368
swap_distribute_parallel_for_1050_1500_1900,1050,1900,0,3800,28511400,8555701,1900,35400000,15960000,8553800,2850000,5703800,2850000,0,0,0,2853800,2571522,2.5715
swap_distribute_parallel_for_1050_1500_1950,1050,1950,0,3900,29261700,8780851,1950,36000000,16380000,8778900,2925000,5853900,2925000,0,0,0,2928900,2544203,2.5442
swap_distribute_parallel_for_1050_1500_2000,1050,2000,0,4000,30012000,9006001,2000,36600000,16800000,9004000,3000000,6004000,3000000,0,0,0,3004000,2598270,2.5983
swap_distribute_parallel_for_1050_1550_1050,1050,1050,0,2100,16281300,4885651,1050,26040000,8820000,4884600,1627500,3257100,1627500,0,0,0,1629600,2594717,2.5947
swap_distribute_parallel_for_1050_1550_1100,1050,1100,0,2200,17056600,5118301,1100,26660000,9240000,5117200,1705000,3412200,1705000,0,0,0,1707200,2587732,2.5877
swap_distribute_parallel_for_1050_1550_1150,1050,1150,0,2300,17831900,5350951,1150,27280000,9660000,5349800,1782500,3567300,1782500,0,0,0,1784800,2623785,2.6238
swap_distribute_parallel_for_1050_1550_1200,1050,1200,0,2400,18607200,5583601,1200,27900000,10080000,5582400,1860000,3722400,1860000,0,0,0,1862400,2760352,2.7604
swap_distribute_parallel_for_1050_1550_1250,1050,1250,0,2500,19382500,5816251,1250,28520000,10500000,5815000,1937500,3877500,1937500,0,0,0,1940000,2587182,2.5872
swap_distribute_parallel_for_1050_1550_1300,1050,1300,0,2600,20157800,6048901,1300,29140000,10920000,6047600,2015000,4032600,2015000,0,0,0,2017600,2588924,2.5889
swap_distribute_parallel_for_1050_1550_1350,1050,1350,0,2700,20933100,6281551,1350,29760000,11340000,6280200,2092500,4187700,2092500,0,0,0,2095200,2629291,2.6293
swap_distribute_parallel_for_1050_1550_1400,1050,1400,0,2800,21708400,6514201,1400,30380000,11760000,6512800,2170000,4342800,2170000,0,0,0,2172800,2575714,2.5757
swap_distribute_parallel_for_1050_1550_1450,1050,1450,0,2900,22483700,6746851,1450,31000000,12180000,6745400,2247500,4497900,2247500,0,0,0,2250400,2634529,2.6345
swap_distribute_parallel_for_1050_1550_1500,1050,1500,0,3000,23259000,6979501,1500,31620000,12600000,6978000,2325000,4653000,2325000,0,0,0,2328000,2620510,2.6205
swap_distribute_parallel_for_1050_1550_1550,1050,1550,0,3100,24034300,7212151,1550,32240000,13020000,7210600,2402500,4808100,2402500,0,0,0,2405600,2634533,2.6345
swap_distribute_parallel_for_1050_1550_1600,1050,1600,0,3200,24809600,7444801,1600,32860000,13440000,7443200,2480000,4963200,2480000,0,0,0,2483200,2642118,2.6421
swap_distribute_parallel_for_1050_1550_1650,1050,1650,0,3300,25584900,7677451,1650,33480000,13860000,7675800,2557500,5118300,2557500,0,0,0,2560800,2602498,2.6025
swap_distribute_parallel_for_1050_1550_1700,1050,1700,0,3400,26360200,7910101,1700,34100000,14280000,7908400,2635000,5273400,2635000,0,0,0,2638400,2666119,2.6661
swap_distribute_parallel_for_1050_1550_1750,1050,1750,0,3500,27135500,8142751,1750,34720000,14700000,8141000,2712500,5428500,2712500,0,0,0,2716000,2610259,2.6103
swap_distribute_parallel_for_1050_1550_1800,1050,1800,0,3600,27910800,8375401,1800,35340000,15120000,8373600,2790000,5583600,2790000,0,0,0,2793600,2591170,2.5912
swap_distribute_parallel_for_1050_1550_1850,1050,1850,0,3700,28686100,8608051,1850,35960000,15540000,8606200,2867500,5738700,2867500,0,0,0,2871200,2682607,2.6826
swap_distribute_parallel_for_1050_1550_1900,1050,1900,0,3800,29461400,8840701,1900,36580000,15960000,8838800,2945000,5893800,2945000,0,0,0,2948800,2630044,2.6300
swap_distribute_parallel_for_1050_1550_1950,1050,1950,0,3900,30236700,9073351,1950,37200000,16380000,9071400,3022500,6048900,3022500,0,0,0,3026400,2639781,2.6398
swap_distribute_parallel_for_1050_1550_2000,1050,2000,0,4000,31012000,9306001,2000,37820000,16800000,9304000,3100000,6204000,3100000,0,0,0,3104000,2676172,2.6762
swap_distribute_parallel_for_1050_1600_1050,1050,1050,0,2100,16806300,5043151,1050,26880000,8820000,5042100,1680000,3362100,1680000,0,0,0,1682100,2686131,2.6861
swap_distribute_parallel_for_1050_1600_1100,1050,1100,0,2200,17606600,5283301,1100,27520000,9240000,5282200,1760000,3522200,1760000,0,0,0,1762200,2710088,2.7101
swap_distribute_parallel_for_1050_1600_1150,1050,1150,0,2300,18406900,5523451,1150,28160000,9660000,5522300,1840000,3682300,1840000,0,0,0,1842300,2657747,2.6577
swap_distribute_parallel_for_1050_1600_1200,1050,1200,0,2400,19207200,5763601,1200,28800000,10080000,5762400,1920000,3842400,1920000,0,0,0,1922400,2672336,2.6723
swap_distribute_parallel_for_1050_1600_1250,1050,1250,0,2500,20007500,6003751,1250,29440000,10500000,6002500,2000000,4002500,2000000,0,0,0,2002500,2688468,2.6885
swap_distribute_parallel_for_1050_1600_1300,1050,1300,0,2600,20807800,6243901,1300,30080000,10920000,6242600,2080000,4162600,2080000,0,0,0,2082600,2680953,2.6810
swap_distribute_parallel_for_1050_1600_1350,1050,1350,0,2700,21608100,6484051,1350,30720000,11340000,6482700,2160000,4322700,2160000,0,0,0,2162700,2697994,2.6980
swap_distribute_parallel_for_1050_1600_1400,1050,1400,0,2800,22408400,6724201,1400,31360000,11760000,6722800,2240000,4482800,2240000,0,0,0,2242800,2687951,2.6880
swap_distribute_parallel_for_1050_1600_1450,1050,1450,0,2900,23208700,6964351,1450,32000000,12180000,6962900,2320000,4642900,2320000,0,0,0,2322900,2702042,2.7020
swap_distribute_parallel_for_1050_1600_1500,1050,1500,0,3000,24009000,7204501,1500,32640000,12600000,7203000,2400000,4803000,2400000,0,0,0,2403000,2757365,2.7574
swap_distribute_parallel_for_1050_1600_1550,1050,1550,0,3100,24809300,7444651,1550,33280000,13020000,7443100,2480000,4963100,2480000,0,0,0,2483100,2695272,2.6953
swap_distribute_parallel_for_1050_1600_1600,1050,1600,0,3200,25609600,7684801,1600,33920000,13440000,7683200,2560000,5123200,2560000,0,0,0,2563200,2700038,2.7000
swap_distribute_parallel_for_1050_1600_1650,1050,1650,0,3300,26409900,7924951,1650,34560000,13860000,7923300,2640000,5283300,2640000,0,0,0,2643300,2707318,2.7073
swap_distribute_parallel_for_1050_1600_1700,1050,1700,0,3400,27210200,8165101,1700,35200000,14280000,8163400,2720000,5443400,2720000,0,0,0,2723400,2677302,2.6773
swap_distribute_parallel_for_1050_1600_1750,1050,1750,0,3500,28010500,8405251,1750,35840000,14700000,8403500,2800000,5603500,2800000,0,0,0,2803500,2714977,2.7150
swap_distribute_parallel_for_1050_1600_1800,1050,1800,0,3600,28810800,8645401,1800,36480000,15120000,8643600,2880000,5763600,2880000,0,0,0,2883600,2700161,2.7002
swap_distribute_parallel_for_1050_1600_1850,1050,1850,0,3700,29611100,8885551,1850,37120000,15540000,8883700,2960000,5923700,2960000,0,0,0,2963700,2717523,2.7175
swap_distribute_parallel_for_1050_1600_1900,1050,1900,0,3800,30411400,9125701,1900,37760000,15960000,9123800,3040000,6083800,3040000,0,0,0,3043800,2670597,2.6706
swap_distribute_parallel_for_1050_1600_1950,1050,1950,0,3900,31211700,9365851,1950,38400000,16380000,9363900,3120000,6243900,3120000,0,0,0,3123900,2795946,2.7959
swap_distribute_parallel_for_1050_1600_2000,1050,2000,0,4000,32012000,9606001,2000,39040000,16800000,9604000,3200000,6404000,3200000,0,0,0,3204000,2710614,2.7106
swap_distribute_parallel_for_1050_1650_1050,1050,1050,0,2100,17331300,5200651,1050,27720000,8820000,5199600,1732500,3467100,1732500,0,0,0,1734600,2793497,2.7935
swap_distribute_parallel_for_1050_1650_1100,1050,1100,0,2200,18156600,5448301,1100,28380000,9240000,5447200,1815000,3632200,1815000,0,0,0,1817200,2798405,2.7984
swap_distribute_parallel_for_1050_1650_1150,1050,1150,0,2300,18981900,5695951,1150,29040000,9660000,5694800,1897500,3797300,1897500,0,0,0,1899800,2866844,2.8668
swap_distribute_parallel_for_1050_1650_1200,1050,1200,0,2400,19807200,5943601,1200,29700000,10080000,5942400,1980000,3962400,1980000,0,0,0,1982400,2800913,2.8009
swap_distribute_parallel_for_1050_1650_1250,1050,1250,0,2500,20632500,6191251,1250,30360000,10500000,6190000,2062500,4127500,2062500,0,0,0,2065000,2775729,2.7757
swap_distribute_parallel_for_1050_1650_1300,1050,1300,0,2600,21457800,6438901,1300,31020000,10920000,6437600,2145000,4292600,2145000,0,0,0,2147600,2762231,2.7622
swap_distribute_parallel_for_1050_1650_1350,1050,1350,0,2700,22283100,6686551,1350,31680000,11340000,6685200,2227500,4457700,2227500,0,0,0,2230200,2760721,2.7607
swap_distribute_parallel_for_1050_1650_1400,1050,1400,0,2800,23108400,6934201,1400,32340000,11760000,6932800,2310000,4622800,2310000,0,0,0,2312800,2744248,2.7442
swap_distribute_parallel_for_1050_1650_1450,1050,1450,0,2900,23933700,7181851,1450,33000000,12180000,7180400,2392500,4787900,2392500,0,0,0,2395400,2782966,2.7830
swap_distribute_parallel_for_1050_1650_1500,1050,1500,0,3000,24759000,7429501,1500,33660000,12600000,7428000,2475000,4953000,2475000,0,0,0,2478000,2759421,2.7594
swap_distribute_parallel_for_1050_1650_1550,1050,1550,0,3100,25584300,7677151,1550,34320000,13020000,7675600,2557500,5118100,2557500,0,0,0,2560600,2854617,2.8546
swap_distribute_parallel_for_1050_1650_1600,1050,1600,0,3200,26409600,7924801,1600,34980000,13440000,7923200,2640000,5283200,2640000,0,0,0,2643200,2789997,2.7900
swap_distribute_parallel_for_1050_1650_1650,1050,1650,0,3300,27234900,8172451,1650,35640000,13860000,8170800,2722500,5448300,2722500,0,0,0,2725800,2804692,2.8047
swap_distribute_parallel_for_1050_1650_1700,1050,1700,0,3400,28060200,8420101,1700,36300000,14280000,8418400,2805000,5613400,2805000,0,0,0,2808400,2796086,2.7961
swap_distribute_parallel_for_1050_1650_1750,1050,1750,0,3500,28885500,8667751,1750,36960000,14700000,8666000,2887500,5778500,2887500,0,0,0,2891000,2774778,2.7748
swap_distribute_parallel_for_1050_1650_1800,1050,1800,0,3600,29710800,8915401,1800,37620000,15120000,8913600,2970000,5943600,2970000,0,0,0,2973600,2865633,2.8656
swap_distribute_parallel_for_1050_1650_1850,1050,1850,0,3700,30536100,9163051,1850,38280000,15540000,9161200,3052500,6108700,3052500,0,0,0,3056200,2819602,2.8196
swap_distribute_parallel_for_1050_1650_1900,1050,1900,0,3800,31361400,9410701,1900,38940000,15960000,9408800,3135000,6273800,3135000,0,0,0,3138800,2821862,2.8219
swap_distribute_parallel_for_1050_1650_1950,1050,1950,0,3900,32186700,9658351,1950,39600000,16380000,9656400,3217500,6438900,3217500,0,0,0,3221400,2812088,2.8121
swap_distribute_parallel_for_1050_1650_2000,1050,2000,0,4000,33012000,9906001,2000,40260000,16800000,9904000,3300000,6604000,3300000,0,0,0,3304000,2753639,2.7536
swap_distribute_parallel_for_1050_1700_1050,1050,1050,0,2100,17856300,5358151,1050,28560000,8820000,5357100,1785000,3572100,1785000,0,0,0,1787100,2866940,2.8669
swap_distribute_parallel_for_1050_1700_1100,1050,1100,0,2200,18706600,5613301,1100,29240000,9240000,5612200,1870000,3742200,1870000,0,0,0,1872200,2926186,2.9262
swap_distribute_parallel_for_1050_1700_1150,1050,1150,0,2300,19556900,5868451,1150,29920000,9660000,5867300,1955000,3912300,1955000,0,0,0,1957300,2832341,2.8323
swap_distribute_parallel_for_1050_1700_1200,1050,1200,0,2400,20407200,6123601,1200,30600000,10080000,6122400,2040000,4082400,2040000,0,0,0,2042400,2844658,2.8447
swap_distribute_parallel_for_1050_1700_1250,1050,1250,0,2500,21257500,6378751,1250,31280000,10500000,6377500,2125000,4252500,2125000,0,0,0,2127500,2864105,2.8641
swap_distribute_parallel_for_1050_1700_1300,1050,1300,0,2600,22107800,6633901,1300,31960000,10920000,6632600,2210000,4422600,2210000,0,0,0,2212600,2911672,2.9117
swap_distribute_parallel_for_1050_1700_1350,1050,1350,0,2700,22958100,6889051,1350,32640000,11340000,6887700,2295000,4592700,2295000,0,0,0,2297700,2869019,2.8690
swap_distribute_parallel_for_1050_1700_1400,1050,1400,0,2800,23808400,7144201,1400,33320000,11760000,7142800,2380000,4762800,2380000,0,0,0,2382800,2855864,2.8559
swap_distribute_parallel_for_1050_1700_1450,1050,1450,0,2900,24658700,7399351,1450,34000000,12180000,7397900,2465000,4932900,2465000,0,0,0,2467900,2907148,2.9071
swap_distribute_parallel_for_1050_1700_1500,1050,1500,0,3000,25509000,7654501,1500,34680000,12600000,7653000,2550000,5103000,2550000,0,0,0,2553000,2868708,2.8687
swap_distribute_parallel_for_1050_1700_1550,1050,1550,0,3100,26359300,7909651,1550,35360000,13020000,7908100,2635000,5273100,2635000,0,0,0,2638100,2859495,2.8595
swap_distribute_parallel_for_1050_1700_1600,1050,1600,0,3200,27209600,8164801,1600,36040000,13440000,8163200,2720000,5443200,2720000,0,0,0,2723200,2928743,2.9287
swap_distribute_parallel_for_1050_1700_1650,1050,1650,0,3300,28059900,8419951,1650,36720000,13860000,8418300,2805000,5613300,2805000,0,0,0,2808300,2901181,2.9012
swap_distribute_parallel_for_1050_1700_1700,1050,1700,0,3400,28910200,8675101,1700,37400000,14280000,8673400,2890000,5783400,2890000,0,0,0,2893400,2855934,2.8559
swap_distribute_parallel_for_1050_1700_1750,1050,1750,0,3500,29760500,8930251,1750,38080000,14700000,8928500,2975000,5953500,2975000,0,0,0,2978500,2851558,2.8516
swap_distribute_parallel_for_1050_1700_1800,1050,1800,0,3600,30610800,9185401,1800,38760000,15120000,9183600,3060000,6123600,3060000,0,0,0,3063600,2927153,2.9272
swap_distribute_parallel_for_1050_1700_1850,1050,1850,0,3700,31461100,9440551,1850,39440000,15540000,9438700,3145000,6293700,3145000,0,0,0,3148700,2862936,2.8629
swap_distribute_parallel_for_1050_1700_1900,1050,1900,0,3800,32311400,9695701,1900,40120000,15960000,9693800,3230000,6463800,3230000,0,0,0,3233800,2890761,2.8908
swap_distribute_parallel_for_1050_1700_1950,1050,1950,0,3900,33161700,9950851,1950,40800000,16380000,9948900,3315000,6633900,3315000,0,0,0,3318900,2868413,2.8684
swap_distribute_parallel_for_1050_1700_2000,1050,2000,0,4000,34012000,10206001,2000,41480000,16800000,10204000,3400000,6804000,3400000,0,0,0,3404000,2871329,2.8713
swap_distribute_parallel_for_1050_1750_1050,1050,1050,0,2100,18381300,5515651,1050,29400000,8820000,5514600,1837500,3677100,1837500,0,0,0,1839600,3002509,3.0025
swap_distribute_parallel_for_1050_1750_1100,1050,1100,0,2200,19256600,5778301,1100,30100000,9240000,5777200,1925000,3852200,1925000,0,0,0,1927200,2934856,2.9349
swap_distribute_parallel_for_1050_1750_1150,1050,1150,0,2300,20131900,6040951,1150,30800000,9660000,6039800,2012500,4027300,2012500,0,0,0,2014800,2939366,2.9394
swap_distribute_parallel_for_1050_1750_1200,1050,1200,0,2400,21007200,6303601,1200,31500000,10080000,6302400,2100000,4202400,2100000,0,0,0,2102400,2949534,2.9495
swap_distribute_parallel_for_1050_1750_1250,1050,1250,0,2500,21882500,6566251,1250,32200000,10500000,6565000,2187500,4377500,2187500,0,0,0,2190000,2945961,2.9460
swap_distribute_parallel_for_1050_1750_1300,1050,1300,0,2600,22757800,6828901,1300,32900000,10920000,6827600,2275000,4552600,2275000,0,0,0,2277600,2910787,2.9108
swap_distribute_parallel_for_1050_1750_1350,1050,1350,0,2700,23633100,7091551,1350,33600000,11340000,7090200,2362500,4727700,2362500,0,0,0,2365200,2943392,2.9434
swap_distribute_parallel_for_1050_1750_1400,1050,1400,0,2800,24508400,7354201,1400,34300000,11760000,7352800,2450000,4902800,2450000,0,0,0,2452800,3004176,3.0042
swap_distribute_parallel_for_1050_1750_1450,1050,1450,0,2900,25383700,7616851,1450,35000000,12180000,7615400,2537500,5077900,2537500,0,0,0,2540400,2922361,2.9224
swap_distribute_parallel_for_1050_1750_1500,1050,1500,0,3000,26259000,7879501,1500,35700000,12600000,7878000,2625000,5253000,2625000,0,0,0,2628000,2934586,2.9346
swap_distribute_parallel_for_1050_1750_1550,1050,1550,0,3100,27134300,8142151,1550,36400000,13020000,8140600,2712500,5428100,2712500,0,0,0,2715600,2940968,2.9410
swap_distribute_parallel_for_1050_1750_1600,1050,1600,0,3200,28009600,8404801,1600,37100000,13440000,8403200,2800000,5603200,2800000,0,0,0,2803200,2940813,2.9408
swap_distribute_parallel_for_1050_1750_1650,1050,1650,0,3300,28884900,8667451,1650,37800000,13860000,8665800,2887500,5778300,2887500,0,0,0,2890800,2937584,2.9376
swap_distribute_parallel_for_1050_1750_1700,1050,1700,0,3400,29760200,8930101,1700,38500000,14280000,8928400,2975000,5953400,2975000,0,0,0,2978400,2917231,2.9172
swap_distribute_parallel_for_1050_1750_1750,1050,1750,0,3500,30635500,9192751,1750,39200000,14700000,9191000,3062500,6128500,3062500,0,0,0,3066000,2965406,2.9654
swap_distribute_parallel_for_1050_1750_1800,1050,1800,0,3600,31510800,9455401,1800,39900000,15120000,9453600,3150000,6303600,3150000,0,0,0,3153600,2912052,2.9121
swap_distribute_parallel_for_1050_1750_1850,1050,1850,0,3700,32386100,9718051,1850,40600000,15540000,9716200,3237500,6478700,3237500,0,0,0,3241200,2942933,2.9429
swap_distribute_parallel_for_1050_1750_1900,1050,1900,0,3800,33261400,9980701,1900,41300000,15960000,9978800,3325000,6653800,3325000,0,0,0,3328800,3008205,3.0082
swap_distribute_parallel_for_1050_1750_1950,1050,1950,0,3900,34136700,10243351,1950,42000000,16380000,10241400,3412500,6828900,3412500,0,0,0,3416400,2955318,2.9553
swap_distribute_parallel_for_1050_1750_2000,1050,2000,0,4000,35012000,10506001,2000,42700000,16800000,10504000,3500000,7004000,3500000,0,0,0,3504000,3025527,3.0255
swap_distribute_parallel_for_1050_1800_1050,1050,1050,0,2100,18906300,5673151,1050,30240000,8820000,5672100,1890000,3782100,1890000,0,0,0,1892100,3006820,3.0068
swap_distribute_parallel_for_1050_1800_1100,1050,1100,0,2200,19806600,5943301,1100,30960000,9240000,5942200,1980000,3962200,1980000,0,0,0,1982200,3017921,3.0179
swap_distribute_parallel_for_1050_1800_1150,1050,1150,0,2300,20706900,6213451,1150,31680000,9660000,6212300,2070000,4142300,2070000,0,0,0,2072300,3029098,3.0291
swap_distribute_parallel_for_1050_1800_1200,1050,1200,0,2400,21607200,6483601,1200,32400000,10080000,6482400,2160000,4322400,2160000,0,0,0,2162400,3008848,3.0088
swap_distribute_parallel_for_1050_1800_1250,1050,1250,0,2500,22507500,6753751,1250,33120000,10500000,6752500,2250000,4502500,2250000,0,0,0,2252500,3042032,3.0420
swap_distribute_parallel_for_1050_1800_1300,1050,1300,0,2600,23407800,7023901,1300,33840000,10920000,7022600,2340000,4682600,2340000,0,0,0,2342600,2996594,2.9966
swap_distribute_parallel_for_1050_1800_1350,1050,1350,0,2700,24308100,7294051,1350,34560000,11340000,7292700,2430000,4862700,2430000,0,0,0,2432700,3116014,3.1160
swap_distribute_parallel_for_1050_1800_1400,1050,1400,0,2800,25208400,7564201,1400,35280000,11760000,7562800,2520000,5042800,2520000,0,0,0,2522800,3066304,3.0663
swap_distribute_parallel_for_1050_1800_1450,1050,1450,0,2900,26108700,7834351,1450,36000000,12180000,7832900,2610000,5222900,2610000,0,0,0,2612900,3015386,3.0154
swap_distribute_parallel_for_1050_1800_1500,1050,1500,0,3000,27009000,8104501,1500,36720000,12600000,8103000,2700000,5403000,2700000,0,0,0,2703000,2999797,2.9998
swap_distribute_parallel_for_1050_1800_1550,1050,1550,0,3100,27909300,8374651,1550,37440000,13020000,8373100,2790000,5583100,2790000,0,0,0,2793100,3017710,3.0177
swap_distribute_parallel_for_1050_1800_1600,1050,1600,0,3200,28809600,8644801,1600,38160000,13440000,8643200,2880000,5763200,2880000,0,0,0,2883200,3018065,3.0181
swap_distribute_parallel_for_1050_1800_1650,1050,1650,0,3300,29709900,8914951,1650,38880000,13860000,8913300,2970000,5943300,2970000,0,0,0,2973300,3039574,3.0396
swap_distribute_parallel_for_1050_1800_1700,1050,1700,0,3400,30610200,9185101,1700,39600000,14280000,9183400,3060000,6123400,3060000,0,0,0,3063400,2999205,2.9992
swap_distribute_parallel_for_1050_1800_1750,1050,1750,0,3500,31510500,9455251,1750,40320000,14700000,9453500,3150000,6303500,3150000,0,0,0,3153500,3002429,3.0024
swap_distribute_parallel_for_1050_1800_1800,1050,1800,0,3600,32410800,9725401,1800,41040000,15120000,9723600,3240000,6483600,3240000,0,0,0,3243600,3038364,3.0384
swap_distribute_parallel_for_1050_1800_1850,1050,1850,0,3700,33311100,9995551,1850,41760000,15540000,9993700,3330000,6663700,3330000,0,0,0,3333700,3115212,3.1152
swap_distribute_parallel_for_1050_1800_1900,1050,1900,0,3800,34211400,10265701,1900,42480000,15960000,10263800,3420000,6843800,3420000,0,0,0,3423800,3025892,3.0259
swap_distribute_parallel_for_1050_1800_1950,1050,1950,0,3900,35111700,10535851,1950,43200000,16380000,10533900,3510000,7023900,3510000,0,0,0,3513900,3005556,3.0056
swap_distribute_parallel_for_1050_1800_2000,1050,2000,0,4000,36012000,10806001,2000,43920000,16800000,10804000,3600000,7204000,3600000,0,0,0,3604000,3084587,3.0846
swap_distribute_parallel_for_1050_1850_1050,1050,1050,0,2100,19431300,5830651,1050,31080000,8820000,5829600,1942500,3887100,1942500,0,0,0,1944600,3132970,3.1330
swap_distribute_parallel_for_1050_1850_1100,1050,1100,0,2200,20356600,6108301,1100,31820000,9240000,6107200,2035000,4072200,2035000,0,0,0,2037200,3099206,3.0992
swap_distribute_parallel_for_1050_1850_1150,1050,1150,0,2300,21281900,6385951,1150,32560000,9660000,6384800,2127500,4257300,2127500,0,0,0,2129800,3080546,3.0805
swap_distribute_parallel_for_1050_1850_1200,1050,1200,0,2400,22207200,6663601,1200,33300000,10080000,6662400,2220000,4442400,2220000,0,0,0,2222400,3081643,3.0816
swap_distribute_parallel_for_1050_1850_1250,1050,1250,0,2500,23132500,6941251,1250,34040000,10500000,6940000,2312500,4627500,2312500,0,0,0,2315000,3171260,3.1713
swap_distribute_parallel_for_1050_1850_1300,1050,1300,0,2600,24057800,7218901,1300,34780000,10920000,7217600,2405000,4812600,2405000,0,0,0,2407600,3142337,3.1423
swap_distribute_parallel_for_1050_1850_1350,1050,1350,0,2700,24983100,7496551,1350,35520000,11340000,7495200,2497500,4997700,2497500,0,0,0,2500200,3105022,3.1050
swap_distribute_parallel_for_1050_1850_1400,1050,1400,0,2800,25908400,7774201,1400,36260000,11760000,7772800,2590000,5182800,2590000,0,0,0,2592800,3084847,3.0848
swap_distribute_parallel_for_1050_1850_1450,1050,1450,0,2900,26833700,8051851,1450,37000000,12180000,8050400,2682500,5367900,2682500,0,0,0,2685400,3086057,3.0861
swap_distribute_parallel_for_1050_1850_1500,1050,1500,0,3000,27759000,8329501,1500,37740000,12600000,8328000,2775000,5553000,2775000,0,0,0,2778000,3086181,3.0862
swap_distribute_parallel_for_1050_1850_1550,1050,1550,0,3100,28684300,8607151,1550,38480000,13020000,8605600,2867500,5738100,2867500,0,0,0,2870600,3101829,3.1018
swap_distribute_parallel_for_1050_1850_1600,1050,1600,0,3200,29609600,8884801,1600,39220000,13440000,8883200,2960000,5923200,2960000,0,0,0,2963200,3130626,3.1306
swap_distribute_parallel_for_1050_1850_1650,1050,1650,0,3300,30534900,9162451,1650,39960000,13860000,9160800,3052500,6108300,3052500,0,0,0,3055800,3144131,3.1441
swap_distribute_parallel_for_1050_1850_1700,1050,1700,0,3400,31460200,9440101,1700,40700000,14280000,9438400,3145000,6293400,3145000,0,0,0,3148400,3102805,3.1028
swap_distribute_parallel_for_1050_1850_1750,1050,1750,0,3500,32385500,9717751,1750,41440000,14700000,9716000,3237500,6478500,3237500,0,0,0,3241000,3084904,3.0849
swap_distribute_parallel_for_1050_1850_1800,1050,1800,0,3600,33310800,9995401,1800,42180000,15120000,9993600,3330000,6663600,3330000,0,0,0,3333600,3132306,3.1323
swap_distribute_parallel_for_1050_1850_1850,1050,1850,0,3700,34236100,10273051,1850,42920000,15540000,10271200,3422500,6848700,3422500,0,0,0,3426200,3084655,3.0847
swap_distribute_parallel_for_1050_1850_1900,1050,1900,0,3800,35161400,10550701,1900,43660000,15960000,10548800,3515000,7033800,3515000,0,0,0,3518800,3151228,3.1512
swap_distribute_parallel_for_1050_1850_1950,1050,1950,0,3900,36086700,10828351,1950,44400000,16380000,10826400,3607500,7218900,3607500,0,0,0,3611400,3100190,3.1002
swap_distribute_parallel_for_1050_1850_2000,1050,2000,0,4000,37012000,11106001,2000,45140000,16800000,11104000,3700000,7404000,3700000,0,0,0,3704000,3131735,3.1317
swap_distribute_parallel_for_1050_1900_1050,1050,1050,0,2100,19956300,5988151,1050,31920000,8820000,5987100,1995000,3992100,1995000,0,0,0,1997100,3153430,3.1534
swap_distribute_parallel_for_1050_1900_1100,1050,1100,0,2200,20906600,6273301,1100,32680000,9240000,6272200,2090000,4182200,2090000,0,0,0,2092200,3179043,3.1790
swap_distribute_parallel_for_1050_1900_1150,1050,1150,0,2300,21856900,6558451,1150,33440000,9660000,6557300,2185000,4372300,2185000,0,0,0,2187300,3205014,3.2050
swap_distribute_parallel_for_1050_1900_1200,1050,1200,0,2400,22807200,6843601,1200,34200000,10080000,6842400,2280000,4562400,2280000,0,0,0,2282400,3168914,3.1689
swap_distribute_parallel_for_1050_1900_1250,1050,1250,0,2500,23757500,7128751,1250,34960000,10500000,7127500,2375000,4752500,2375000,0,0,0,2377500,3235163,3.2352
swap_distribute_parallel_for_1050_1900_1300,1050,1300,0,2600,24707800,7413901,1300,35720000,10920000,7412600,2470000,4942600,2470000,0,0,0,2472600,3175041,3.1750
swap_distribute_parallel_for_1050_1900_1350,1050,1350,0,2700,25658100,7699051,1350,36480000,11340000,7697700,2565000,5132700,2565000,0,0,0,2567700,3209543,3.2095
swap_distribute_parallel_for_1050_1900_1400,1050,1400,0,2800,26608400,7984201,1400,37240000,11760000,7982800,2660000,5322800,2660000,0,0,0,2662800,3184649,3.1846
swap_distribute_parallel_for_1050_1900_1450,1050,1450,0,2900,27558700,8269351,1450,38000000,12180000,8267900,2755000,5512900,2755000,0,0,0,2757900,3248065,3.2481
swap_distribute_parallel_for_1050_1900_1500,1050,1500,0,3000,28509000,8554501,1500,38760000,12600000,8553000,2850000,5703000,2850000,0,0,0,2853000,3152442,3.1524
swap_distribute_parallel_for_1050_1900_1550,1050,1550,0,3100,29459300,8839651,1550,39520000,13020000,8838100,2945000,5893100,2945000,0,0,0,2948100,3179991,3.1800
swap_distribute_parallel_for_1050_1900_1600,1050,1600,0,3200,30409600,9124801,1600,40280000,13440000,9123200,3040000,6083200,3040000,0,0,0,3043200,3173773,3.1738
swap_distribute_parallel_for_1050_1900_1650,1050,1650,0,3300,31359900,9409951,1650,41040000,13860000,9408300,3135000,6273300,3135000,0,0,0,3138300,3239594,3.2396
swap_distribute_parallel_for_1050_1900_1700,1050,1700,0,3400,32310200,9695101,1700,41800000,14280000,9693400,3230000,6463400,3230000,0,0,0,3233400,3166128,3.1661
swap_distribute_parallel_for_1050_1900_1750,1050,1750,0,3500,33260500,9980251,1750,42560000,14700000,9978500,3325000,6653500,3325000,0,0,0,3328500,3229235,3.2292
swap_distribute_parallel_for_1050_1900_1800,1050,1800,0,3600,34210800,10265401,1800,43320000,15120000,10263600,3420000,6843600,3420000,0,0,0,3423600,3178482,3.1785
swap_distribute_parallel_for_1050_1900_1850,1050,1850,0,3700,35161100,10550551,1850,44080000,15540000,10548700,3515000,7033700,3515000,0,0,0,3518700,3235827,3.2358
swap_distribute_parallel_for_1050_1900_1900,1050,1900,0,3800,36111400,10835701,1900,44840000,15960000,10833800,3610000,7223800,3610000,0,0,0,3613800,3186296,3.1863
swap_distribute_parallel_for_1050_1900_1950,1050,1950,0,3900,37061700,11120851,1950,45600000,16380000,11118900,3705000,7413900,3705000,0,0,0,3708900,3182634,3.1826
swap_distribute_parallel_for_1050_1900_2000,1050,2000,0,4000,38012000,11406001,2000,46360000,16800000,11404000,3800000,7604000,3800000,0,0,0,3804000,3265009,3.2650
swap_distribute_parallel_for_1050_1950_1050,1050,1050,0,2100,20481300,6145651,1050,32760000,8820000,6144600,2047500,4097100,2047500,0,0,0,2049600,3234772,3.2348
swap_distribute_parallel_for_1050_1950_1100,1050,1100,0,2200,21456600,6438301,1100,33540000,9240000,6437200,2145000,4292200,2145000,0,0,0,2147200,3286107,3.2861
swap_distribute_parallel_for_1050_1950_1150,1050,1150,0,2300,22431900,6730951,1150,34320000,9660000,6729800,2242500,4487300,2242500,0,0,0,2244800,3285631,3.2856
swap_distribute_parallel_for_1050_1950_1200,1050,1200,0,2400,23407200,7023601,1200,35100000,10080000,7022400,2340000,4682400,2340000,0,0,0,2342400,3241691,3.2417
swap_distribute_parallel_for_1050_1950_1250,1050,1250,0,2500,24382500,7316251,1250,35880000,10500000,7315000,2437500,4877500,2437500,0,0,0,2440000,3310175,3.3102
swap_distribute_parallel_for_1050_1950_1300,1050,1300,0,2600,25357800,7608901,1300,36660000,10920000,7607600,2535000,5072600,2535000,0,0,0,2537600,3256022,3.2560
swap_distribute_parallel_for_1050_1950_1350,1050,1350,0,2700,26333100,7901551,1350,37440000,11340000,7900200,2632500,5267700,2632500,0,0,0,2635200,3267189,3.2672
swap_distribute_parallel_for_1050_1950_1400,1050,1400,0,2800,27308400,8194201,1400,38220000,11760000,8192800,2730000,5462800,2730000,0,0,0,2732800,3252647,3.2526
swap_distribute_parallel_for_1050_1950_1450,1050,1450,0,2900,28283700,8486851,1450,39000000,12180000,8485400,2827500,5657900,2827500,0,0,0,2830400,3272060,3.2721
swap_distribute_parallel_for_1050_1950_1500,1050,1500,0,3000,29259000,8779501,1500,39780000,12600000,8778000,2925000,5853000,2925000,0,0,0,2928000,3254130,3.2541
swap_distribute_parallel_for_1050_1950_1550,1050,1550,0,3100,30234300,9072151,1550,40560000,13020000,9070600,3022500,6048100,3022500,0,0,0,3025600,3266266,3.2663
swap_distribute_parallel_for_1050_1950_1600,1050,1600,0,3200,31209600,9364801,1600,41340000,13440000,9363200,3120000,6243200,3120000,0,0,0,3123200,3284840,3.2848
swap_distribute_parallel_for_1050_1950_1650,1050,1650,0,3300,32184900,9657451,1650,42120000,13860000,9655800,3217500,6438300,3217500,0,0,0,3220800,3275160,3.2752
swap_distribute_parallel_for_1050_1950_1700,1050,1700,0,3400,33160200,9950101,1700,42900000,14280000,9948400,3315000,6633400,3315000,0,0,0,3318400,3320680,3.3207
swap_distribute_parallel_for_1050_1950_1750,1050,1750,0,3500,34135500,10242751,1750,43680000,14700000,10241000,3412500,6828500,3412500,0,0,0,3416000,3319704,3.3197
swap_distribute_parallel_for_1050_1950_1800,1050,1800,0,3600,35110800,10535401,1800,44460000,15120000,10533600,3510000,7023600,3510000,0,0,0,3513600,3250422,3.2504
swap_distribute_parallel_for_1050_1950_1850,1050,1850,0,3700,36086100,10828051,1850,45240000,15540000,10826200,3607500,7218700,3607500,0,0,0,3611200,3307227,3.3072
swap_distribute_parallel_for_1050_1950_1900,1050,1900,0,3800,37061400,11120701,1900,46020000,15960000,11118800,3705000,7413800,3705000,0,0,0,3708800,3326852,3.3269
swap_distribute_parallel_for_1050_1950_1950,1050,1950,0,3900,38036700,11413351,1950,46800000,16380000,11411400,3802500,7608900,3802500,0,0,0,3806400,3280307,3.2803
swap_distribute_parallel_for_1050_1950_2000,1050,2000,0,4000,39012000,11706001,2000,47580000,16800000,11704000,3900000,7804000,3900000,0,0,0,3904000,3249991,3.2500
swap_distribute_parallel_for_1050_2000_1050,1050,1050,0,2100,21006300,6303151,1050,33600000,8820000,6302100,2100000,4202100,2100000,0,0,0,2102100,3412845,3.4128
swap_distribute_parallel_for_1050_2000_1100,1050,1100,0,2200,22006600,6603301,1100,34400000,9240000,6602200,2200000,4402200,2200000,0,0,0,2202200,3378348,3.3783
swap_distribute_parallel_for_1050_2000_1150,1050,1150,0,2300,23006900,6903451,1150,35200000,9660000,6902300,2300000,4602300,2300000,0,0,0,2302300,3371279,3.3713
swap_distribute_parallel_for_1050_2000_1200,1050,1200,0,2400,24007200,7203601,1200,36000000,10080000,7202400,2400000,4802400,2400000,0,0,0,2402400,3374941,3.3749
swap_distribute_parallel_for_1050_2000_1250,1050,1250,0,2500,25007500,7503751,1250,36800000,10500000,7502500,2500000,5002500,2500000,0,0,0,2502500,3341054,3.3411
swap_distribute_parallel_for_1050_2000_1300,1050,1300,0,2600,26007800,7803901,1300,37600000,10920000,7802600,2600000,5202600,2600000,0,0,0,2602600,3400743,3.4007
swap_distribute_parallel_for_1050_2000_1350,1050,1350,0,2700,27008100,8104051,1350,38400000,11340000,8102700,2700000,5402700,2700000,0,0,0,2702700,3421284,3.4213
swap_distribute_parallel_for_1050_2000_1400,1050,1400,0,2800,28008400,8404201,1400,39200000,11760000,8402800,2800000,5602800,2800000,0,0,0,2802800,3351676,3.3517
swap_distribute_parallel_for_1050_2000_1450,1050,1450,0,2900,29008700,8704351,1450,40000000,12180000,8702900,2900000,5802900,2900000,0,0,0,2902900,3331557,3.3316
swap_distribute_parallel_for_1050_2000_1500,1050,1500,0,3000,30009000,9004501,1500,40800000,12600000,9003000,3000000,6003000,3000000,0,0,0,3003000,3435195,3.4352
swap_distribute_parallel_for_1050_2000_1550,1050,1550,0,3100,31009300,9304651,1550,41600000,13020000,9303100,3100000,6203100,3100000,0,0,0,3103100,3412182,3.4122
swap_distribute_parallel_for_1050_2000_1600,1050,1600,0,3200,32009600,9604801,1600,42400000,13440000,9603200,3200000,6403200,3200000,0,0,0,3203200,3347162,3.3472
swap_distribute_parallel_for_1050_2000_1650,1050,1650,0,3300,33009900,9904951,1650,43200000,13860000,9903300,3300000,6603300,3300000,0,0,0,3303300,3381556,3.3816
swap_distribute_parallel_for_1050_2000_1700,1050,1700,0,3400,34010200,10205101,1700,44000000,14280000,10203400,3400000,6803400,3400000,0,0,0,3403400,3415715,3.4157
swap_distribute_parallel_for_1050_2000_1750,1050,1750,0,3500,35010500,10505251,1750,44800000,14700000,10503500,3500000,7003500,3500000,0,0,0,3503500,3360807,3.3608
swap_distribute_parallel_for_1050_2000_1800,1050,1800,0,3600,36010800,10805401,1800,45600000,15120000,10803600,3600000,7203600,3600000,0,0,0,3603600,3342682,3.3427
swap_distribute_parallel_for_1050_2000_1850,1050,1850,0,3700,37011100,11105551,1850,46400000,15540000,11103700,3700000,7403700,3700000,0,0,0,3703700,3373445,3.3734
swap_distribute_parallel_for_1050_2000_1900,1050,1900,0,3800,38011400,11405701,1900,47200000,15960000,11403800,3800000,7603800,3800000,0,0,0,3803800,3391949,3.3919
swap_distribute_parallel_for_1050_2000_1950,1050,1950,0,3900,39011700,11705851,1950,48000000,16380000,11703900,3900000,7803900,3900000,0,0,0,3903900,3349962,3.3500
swap_distribute_parallel_for_1050_2000_2000,1050,2000,0,4000,40012000,12006001,2000,48800000,16800000,12004000,4000000,8004000,4000000,0,0,0,4004000,3333560,3.3336
swap_distribute_parallel_for_1100_1050_1050,1100,1050,0,2100,11031300,3310651,1050,18060000,9240000,3309600,1102500,2207100,1102500,0,0,0,1104600,1873138,1.8731
swap_distribute_parallel_for_1100_1050_1100,1100,1100,0,2200,11556600,3468301,1100,18480000,9680000,3467200,1155000,2312200,1155000,0,0,0,1157200,1880129,1.8801
swap_distribute_parallel_for_1100_1050_1150,1100,1150,0,2300,12081900,3625951,1150,18900000,10120000,3624800,1207500,2417300,1207500,0,0,0,1209800,1882540,1.8825
swap_distribute_parallel_for_1100_1050_1200,1100,1200,0,2400,12607200,3783601,1200,19320000,10560000,3782400,1260000,2522400,1260000,0,0,0,1262400,1866062,1.8661
swap_distribute_parallel_for_1100_1050_1250,1100,1250,0,2500,13132500,3941251,1250,19740000,11000000,3940000,1312500,2627500,1312500,0,0,0,1315000,1840199,1.8402
swap_distribute_parallel_for_1100_1050_1300,1100,1300,0,2600,13657800,4098901,1300,20160000,11440000,4097600,1365000,2732600,1365000,0,0,0,1367600,1896455,1.8965
swap_distribute_parallel_for_1100_1050_1350,1100,1350,0,2700,14183100,4256551,1350,20580000,11880000,4255200,1417500,2837700,1417500,0,0,0,1420200,1841585,1.8416
swap_distribute_parallel_for_1100_1050_1400,1100,1400,0,2800,14708400,4414201,1400,21000000,12320000,4412800,1470000,2942800,1470000,0,0,0,1472800,1855376,1.8554
swap_distribute_parallel_for_1100_1050_1450,1100,1450,0,2900,15233700,4571851,1450,21420000,12760000,4570400,1522500,3047900,1522500,0,0,0,1525400,1866680,1.8667
swap_distribute_parallel_for_1100_1050_1500,1100,1500,0,3000,15759000,4729501,1500,21840000,13200000,4728000,1575000,3153000,1575000,0,0,0,1578000,1843483,1.8435
swap_distribute_parallel_for_1100_1050_1550,1100,1550,0,3100,16284300,4887151,1550,22260000,13640000,4885600,1627500,3258100,1627500,0,0,0,1630600,1835151,1.8352
swap_distribute_parallel_for_1100_1050_1600,1100,1600,0,3200,16809600,5044801,1600,22680000,14080000,5043200,1680000,3363200,1680000,0,0,0,1683200,1835639,1.8356
swap_distribute_parallel_for_1100_1050_1650,1100,1650,0,3300,17334900,5202451,1650,23100000,14520000,5200800,1732500,3468300,1732500,0,0,0,1735800,1850379,1.8504
swap_distribute_parallel_for_1100_1050_1700,1100,1700,0,3400,17860200,5360101,1700,23520000,14960000,5358400,1785000,3573400,1785000,0,0,0,1788400,1846517,1.8465
swap_distribute_parallel_for_1100_1050_1750,1100,1750,0,3500,18385500,5517751,1750,23940000,15400000,5516000,1837500,3678500,1837500,0,0,0,1841000,1865710,1.8657
swap_distribute_parallel_for_1100_1050_1800,1100,1800,0,3600,18910800,5675401,1800,24360000,15840000,5673600,1890000,3783600,1890000,0,0,0,1893600,1846668,1.8467
swap_distribute_parallel_for_1100_1050_1850,1100,1850,0,3700,19436100,5833051,1850,24780000,16280000,5831200,1942500,3888700,1942500,0,0,0,1946200,1953329,1.9533
swap_distribute_parallel_for_1100_1050_1900,1100,1900,0,3800,19961400,5990701,1900,25200000,16720000,5988800,1995000,3993800,1995000,0,0,0,1998800,1846681,1.8467
swap_distribute_parallel_for_1100_1050_1950,1100,1950,0,3900,20486700,6148351,1950,25620000,17160000,6146400,2047500,4098900,2047500,0,0,0,2051400,1884980,1.8850
swap_distribute_parallel_for_1100_1050_2000,1100,2000,0,4000,21012000,6306001,2000,26040000,17600000,6304000,2100000,4204000,2100000,0,0,0,2104000,1894208,1.8942
swap_distribute_parallel_for_1100_1100_1050,1100,1050,0,2100,11556300,3468151,1050,18920000,9240000,3467100,1155000,2312100,1155000,0,0,0,1157100,1927461,1.9275
swap_distribute_parallel_for_1100_1100_1100,1100,1100,0,2200,12106600,3633301,1100,19360000,9680000,3632200,1210000,2422200,1210000,0,0,0,1212200,1918310,1.9183
swap_distribute_parallel_for_1100_1100_1150,1100,1150,0,2300,12656900,3798451,1150,19800000,10120000,3797300,1265000,2532300,1265000,0,0,0,1267300,1998860,1.9989
swap_distribute_parallel_for_1100_1100_1200,1100,1200,0,2400,13207200,3963601,1200,20240000,10560000,3962400,1320000,2642400,1320000,0,0,0,1322400,1926640,1.9266
swap_distribute_parallel_for_1100_1100_1250,1100,1250,0,2500,13757500,4128751,1250,20680000,11000000,4127500,1375000,2752500,1375000,0,0,0,1377500,1944986,1.9450
swap_distribute_parallel_for_1100_1100_1300,1100,1300,0,2600,14307800,4293901,1300,21120000,11440000,4292600,1430000,2862600,1430000,0,0,0,1432600,1945561,1.9456
swap_distribute_parallel_for_1100_1100_1350,1100,1350,0,2700,14858100,4459051,1350,21560000,11880000,4457700,1485000,2972700,1485000,0,0,0,1487700,1995580,1.9956
swap_distribute_parallel_for_1100_1100_1400,1100,1400,0,2800,15408400,4624201,1400,22000000,12320000,4622800,1540000,3082800,1540000,0,0,0,1542800,1958181,1.9582
swap_distribute_parallel_for_1100_1100_1450,1100,1450,0,2900,15958700,4789351,1450,22440000,12760000,4787900,1595000,3192900,1595000,0,0,0,1597900,1986468,1.9865
swap_distribute_parallel_for_1100_1100_1500,1100,1500,0,3000,16509000,4954501,1500,22880000,13200000,4953000,1650000,3303000,1650000,0,0,0,1653000,1929013,1.9290
swap_distribute_parallel_for_1100_1100_1550,1100,1550,0,3100,17059300,5119651,1550,23320000,13640000,5118100,1705000,3413100,1705000,0,0,0,1708100,1984139,1.9841
swap_distribute_parallel_for_1100_1100_1600,1100,1600,0,3200,17609600,5284801,1600,23760000,14080000,5283200,1760000,3523200,1760000,0,0,0,1763200,1934304,1.9343
swap_distribute_parallel_for_1100_1100_1650,1100,1650,0,3300,18159900,5449951,1650,24200000,14520000,5448300,1815000,3633300,1815000,0,0,0,1818300,1972021,1.9720
swap_distribute_parallel_for_1100_1100_1700,1100,1700,0,3400,18710200,5615101,1700,24640000,14960000,5613400,1870000,3743400,1870000,0,0,0,1873400,1941361,1.9414
swap_distribute_parallel_for_1100_1100_1750,1100,1750,0,3500,19260500,5780251,1750,25080000,15400000,5778500,1925000,3853500,1925000,0,0,0,1928500,2063764,2.0638
swap_distribute_parallel_for_1100_1100_1800,1100,1800,0,3600,19810800,5945401,1800,25520000,15840000,5943600,1980000,3963600,1980000,0,0,0,1983600,1954410,1.9544
swap_distribute_parallel_for_1100_1100_1850,1100,1850,0,3700,20361100,6110551,1850,25960000,16280000,6108700,2035000,4073700,2035000,0,0,0,2038700,1952778,1.9528
swap_distribute_parallel_for_1100_1100_1900,1100,1900,0,3800,20911400,6275701,1900,26400000,16720000,6273800,2090000,4183800,2090000,0,0,0,2093800,1939224,1.9392
swap_distribute_parallel_for_1100_1100_1950,1100,1950,0,3900,21461700,6440851,1950,26840000,17160000,6438900,2145000,4293900,2145000,0,0,0,2148900,2008251,2.0083
swap_distribute_parallel_for_1100_1100_2000,1100,2000,0,4000,22012000,6606001,2000,27280000,17600000,6604000,2200000,4404000,2200000,0,0,0,2204000,1974322,1.9743
swap_distribute_parallel_for_1100_1150_1050,1100,1050,0,2100,12081300,3625651,1050,19780000,9240000,3624600,1207500,2417100,1207500,0,0,0,1209600,2040274,2.0403
swap_distribute_parallel_for_1100_1150_1100,1100,1100,0,2200,12656600,3798301,1100,20240000,9680000,3797200,1265000,2532200,1265000,0,0,0,1267200,2021510,2.0215
swap_distribute_parallel_for_1100_1150_1150,1100,1150,0,2300,13231900,3970951,1150,20700000,10120000,3969800,1322500,2647300,1322500,0,0,0,1324800,2005596,2.0056
swap_distribute_parallel_for_1100_1150_1200,1100,1200,0,2400,13807200,4143601,1200,21160000,10560000,4142400,1380000,2762400,1380000,0,0,0,1382400,2020618,2.0206
swap_distribute_parallel_for_1100_1150_1250,1100,1250,0,2500,14382500,4316251,1250,21620000,11000000,4315000,1437500,2877500,1437500,0,0,0,1440000,2079490,2.0795
swap_distribute_parallel_for_1100_1150_1300,1100,1300,0,2600,14957800,4488901,1300,22080000,11440000,4487600,1495000,2992600,1495000,0,0,0,1497600,2061732,2.0617
swap_distribute_parallel_for_1100_1150_1350,1100,1350,0,2700,15533100,4661551,1350,22540000,11880000,4660200,1552500,3107700,1552500,0,0,0,1555200,2046071,2.0461
swap_distribute_parallel_for_1100_1150_1400,1100,1400,0,2800,16108400,4834201,1400,23000000,12320000,4832800,1610000,3222800,1610000,0,0,0,1612800,2081944,2.0819
swap_distribute_parallel_for_1100_1150_1450,1100,1450,0,2900,16683700,5006851,1450,23460000,12760000,5005400,1667500,3337900,1667500,0,0,0,1670400,2012545,2.0125
swap_distribute_parallel_for_1100_1150_1500,1100,1500,0,3000,17259000,5179501,1500,23920000,13200000,5178000,1725000,3453000,1725000,0,0,0,1728000,2025423,2.0254
swap_distribute_parallel_for_1100_1150_1550,1100,1550,0,3100,17834300,5352151,1550,24380000,13640000,5350600,1782500,3568100,1782500,0,0,0,1785600,2036184,2.0362
swap_distribute_parallel_for_1100_1150_1600,1100,1600,0,3200,18409600,5524801,1600,24840000,14080000,5523200,1840000,3683200,1840000,0,0,0,1843200,2065042,2.0650
swap_distribute_parallel_for_1100_1150_1650,1100,1650,0,3300,18984900,5697451,1650,25300000,14520000,5695800,1897500,3798300,1897500,0,0,0,1900800,2056793,2.0568
swap_distribute_parallel_for_1100_1150_1700,1100,1700,0,3400,19560200,5870101,1700,25760000,14960000,5868400,1955000,3913400,1955000,0,0,0,1958400,2052895,2.0529
swap_distribute_parallel_for_1100_1150_1750,1100,1750,0,3500,20135500,6042751,1750,26220000,15400000,6041000,2012500,4028500,2012500,0,0,0,2016000,2070117,2.0701
swap_distribute_parallel_for_1100_1150_1800,1100,1800,0,3600,20710800,6215401,1800,26680000,15840000,6213600,2070000,4143600,2070000,0,0,0,2073600,2025353,2.0254
swap_distribute_parallel_for_1100_1150_1850,1100,1850,0,3700,21286100,6388051,1850,27140000,16280000,6386200,2127500,4258700,2127500,0,0,0,2131200,2033373,2.0334
swap_distribute_parallel_for_1100_1150_1900,1100,1900,0,3800,21861400,6560701,1900,27600000,16720000,6558800,2185000,4373800,2185000,0,0,0,2188800,2015160,2.0152
swap_distribute_parallel_for_1100_1150_1950,1100,1950,0,3900,22436700,6733351,1950,28060000,17160000,6731400,2242500,4488900,2242500,0,0,0,2246400,2054103,2.0541
swap_distribute_parallel_for_1100_1150_2000,1100,2000,0,4000,23012000,6906001,2000,28520000,17600000,6904000,2300000,4604000,2300000,0,0,0,2304000,2034464,2.0345
swap_distribute_parallel_for_1100_1200_1050,1100,1050,0,2100,12606300,3783151,1050,20640000,9240000,3782100,1260000,2522100,1260000,0,0,0,1262100,2108634,2.1086
swap_distribute_parallel_for_1100_1200_1100,1100,1100,0,2200,13206600,3963301,1100,21120000,9680000,3962200,1320000,2642200,1320000,0,0,0,1322200,2122472,2.1225
swap_distribute_parallel_for_1100_1200_1150,1100,1150,0,2300,13806900,4143451,1150,21600000,10120000,4142300,1380000,2762300,1380000,0,0,0,1382300,2101172,2.1012
swap_distribute_parallel_for_1100_1200_1200,1100,1200,0,2400,14407200,4323601,1200,22080000,10560000,4322400,1440000,2882400,1440000,0,0,0,1442400,2180982,2.1810
swap_distribute_parallel_for_1100_1200_1250,1100,1250,0,2500,15007500,4503751,1250,22560000,11000000,4502500,1500000,3002500,1500000,0,0,0,1502500,2121030,2.1210
swap_distribute_parallel_for_1100_1200_1300,1100,1300,0,2600,15607800,4683901,1300,23040000,11440000,4682600,1560000,3122600,1560000,0,0,0,1562600,2117928,2.1179
swap_distribute_parallel_for_1100_1200_1350,1100,1350,0,2700,16208100,4864051,1350,23520000,11880000,4862700,1620000,3242700,1620000,0,0,0,1622700,2110471,2.1105
swap_distribute_parallel_for_1100_1200_1400,1100,1400,0,2800,16808400,5044201,1400,24000000,12320000,5042800,1680000,3362800,1680000,0,0,0,1682800,2105742,2.1057
swap_distribute_parallel_for_1100_1200_1450,1100,1450,0,2900,17408700,5224351,1450,24480000,12760000,5222900,1740000,3482900,1740000,0,0,0,1742900,2138613,2.1386
swap_distribute_parallel_for_1100_1200_1500,1100,1500,0,3000,18009000,5404501,1500,24960000,13200000,5403000,1800000,3603000,1800000,0,0,0,1803000,2103810,2.1038
swap_distribute_parallel_for_1100_1200_1550,1100,1550,0,3100,18609300,5584651,1550,25440000,13640000,5583100,1860000,3723100,1860000,0,0,0,1863100,2153140,2.1531
swap_distribute_parallel_for_1100_1200_1600,1100,1600,0,3200,19209600,5764801,1600,25920000,14080000,5763200,1920000,3843200,1920000,0,0,0,1923200,2108399,2.1084
swap_distribute_parallel_for_1100_1200_1650,1100,1650,0,3300,19809900,5944951,1650,26400000,14520000,5943300,1980000,3963300,1980000,0,0,0,1983300,2125438,2.1254
swap_distribute_parallel_for_1100_1200_1700,1100,1700,0,3400,20410200,6125101,1700,26880000,14960000,6123400,2040000,4083400,2040000,0,0,0,2043400,2171483,2.1715
swap_distribute_parallel_for_1100_1200_1750,1100,1750,0,3500,21010500,6305251,1750,27360000,15400000,6303500,2100000,4203500,2100000,0,0,0,2103500,2122495,2.1225
swap_distribute_parallel_for_1100_1200_1800,1100,1800,0,3600,21610800,6485401,1800,27840000,15840000,6483600,2160000,4323600,2160000,0,0,0,2163600,2151550,2.1515
swap_distribute_parallel_for_1100_1200_1850,1100,1850,0,3700,22211100,6665551,1850,28320000,16280000,6663700,2220000,4443700,2220000,0,0,0,2223700,2208277,2.2083
swap_distribute_parallel_for_1100_1200_1900,1100,1900,0,3800,22811400,6845701,1900,28800000,16720000,6843800,2280000,4563800,2280000,0,0,0,2283800,2095649,2.0956
swap_distribute_parallel_for_1100_1200_1950,1100,1950,0,3900,23411700,7025851,1950,29280000,17160000,7023900,2340000,4683900,2340000,0,0,0,2343900,2132858,2.1329
swap_distribute_parallel_for_1100_1200_2000,1100,2000,0,4000,24012000,7206001,2000,29760000,17600000,7204000,2400000,4804000,2400000,0,0,0,2404000,2117893,2.1179
swap_distribute_parallel_for_1100_1250_1050,1100,1050,0,2100,13131300,3940651,1050,21500000,9240000,3939600,1312500,2627100,1312500,0,0,0,1314600,2236377,2.2364
swap_distribute_parallel_for_1100_1250_1100,1100,1100,0,2200,13756600,4128301,1100,22000000,9680000,4127200,1375000,2752200,1375000,0,0,0,1377200,2220267,2.2203
swap_distribute_parallel_for_1100_1250_1150,1100,1150,0,2300,14381900,4315951,1150,22500000,10120000,4314800,1437500,2877300,1437500,0,0,0,1439800,2333545,2.3335
swap_distribute_parallel_for_1100_1250_1200,1100,1200,0,2400,15007200,4503601,1200,23000000,10560000,4502400,1500000,3002400,1500000,0,0,0,1502400,2249233,2.2492
swap_distribute_parallel_for_1100_1250_1250,1100,1250,0,2500,15632500,4691251,1250,23500000,11000000,4690000,1562500,3127500,1562500,0,0,0,1565000,2195590,2.1956
swap_distribute_parallel_for_1100_1250_1300,1100,1300,0,2600,16257800,4878901,1300,24000000,11440000,4877600,1625000,3252600,1625000,0,0,0,1627600,2220953,2.2210
swap_distribute_parallel_for_1100_1250_1350,1100,1350,0,2700,16883100,5066551,1350,24500000,11880000,5065200,1687500,3377700,1687500,0,0,0,1690200,2235756,2.2358
swap_distribute_parallel_for_1100_1250_1400,1100,1400,0,2800,17508400,5254201,1400,25000000,12320000,5252800,1750000,3502800,1750000,0,0,0,1752800,2185141,2.1851
swap_distribute_parallel_for_1100_1250_1450,1100,1450,0,2900,18133700,5441851,1450,25500000,12760000,5440400,1812500,3627900,1812500,0,0,0,1815400,2194115,2.1941
swap_distribute_parallel_for_1100_1250_1500,1100,1500,0,3000,18759000,5629501,1500,26000000,13200000,5628000,1875000,3753000,1875000,0,0,0,1878000,2197883,2.1979
swap_distribute_parallel_for_1100_1250_1550,1100,1550,0,3100,19384300,5817151,1550,26500000,13640000,5815600,1937500,3878100,1937500,0,0,0,1940600,2200121,2.2001
swap_distribute_parallel_for_1100_1250_1600,1100,1600,0,3200,20009600,6004801,1600,27000000,14080000,6003200,2000000,4003200,2000000,0,0,0,2003200,2202897,2.2029
swap_distribute_parallel_for_1100_1250_1650,1100,1650,0,3300,20634900,6192451,1650,27500000,14520000,6190800,2062500,4128300,2062500,0,0,0,2065800,2186854,2.1869
swap_distribute_parallel_for_1100_1250_1700,1100,1700,0,3400,21260200,6380101,1700,28000000,14960000,6378400,2125000,4253400,2125000,0,0,0,2128400,2211439,2.2114
swap_distribute_parallel_for_1100_1250_1750,1100,1750,0,3500,21885500,6567751,1750,28500000,15400000,6566000,2187500,4378500,2187500,0,0,0,2191000,2241507,2.2415
swap_distribute_parallel_for_1100_1250_1800,1100,1800,0,3600,22510800,6755401,1800,29000000,15840000,6753600,2250000,4503600,2250000,0,0,0,2253600,2286805,2.2868
swap_distribute_parallel_for_1100_1250_1850,1100,1850,0,3700,23136100,6943051,1850,29500000,16280000,6941200,2312500,4628700,2312500,0,0,0,2316200,2193078,2.1931
swap_distribute_parallel_for_1100_1250_1900,1100,1900,0,3800,23761400,7130701,1900,30000000,16720000,7128800,2375000,4753800,2375000,0,0,0,2378800,2340398,2.3404
swap_distribute_parallel_for_1100_1250_1950,1100,1950,0,3900,24386700,7318351,1950,30500000,17160000,7316400,2437500,4878900,2437500,0,0,0,2441400,2230223,2.2302
swap_distribute_parallel_for_1100_1250_2000,1100,2000,0,4000,25012000,7506001,2000,31000000,17600000,7504000,2500000,5004000,2500000,0,0,0,2504000,2215101,2.2151
swap_distribute_parallel_for_1100_1300_1050,1100,1050,0,2100,13656300,4098151,1050,22360000,9240000,4097100,1365000,2732100,1365000,0,0,0,1367100,2270038,2.2700
swap_distribute_parallel_for_1100_1300_1100,1100,1100,0,2200,14306600,4293301,1100,22880000,9680000,4292200,1430000,2862200,1430000,0,0,0,1432200,2291450,2.2915
swap_distribute_parallel_for_1100_1300_1150,1100,1150,0,2300,14956900,4488451,1150,23400000,10120000,4487300,1495000,2992300,1495000,0,0,0,1497300,2281017,2.2810
swap_distribute_parallel_for_1100_1300_1200,1100,1200,0,2400,15607200,4683601,1200,23920000,10560000,4682400,1560000,3122400,1560000,0,0,0,1562400,2317742,2.3177
swap_distribute_parallel_for_1100_1300_1250,1100,1250,0,2500,16257500,4878751,1250,24440000,11000000,4877500,1625000,3252500,1625000,0,0,0,1627500,2289215,2.2892
swap_distribute_parallel_for_1100_1300_1300,1100,1300,0,2600,16907800,5073901,1300,24960000,11440000,5072600,1690000,3382600,1690000,0,0,0,1692600,2288115,2.2881
swap_distribute_parallel_for_1100_1300_1350,1100,1350,0,2700,17558100,5269051,1350,25480000,11880000,5267700,1755000,3512700,1755000,0,0,0,1757700,2271243,2.2712
swap_distribute_parallel_for_1100_1300_1400,1100,1400,0,2800,18208400,5464201,1400,26000000,12320000,5462800,1820000,3642800,1820000,0,0,0,1822800,2293565,2.2936
swap_distribute_parallel_for_1100_1300_1450,1100,1450,0,2900,18858700,5659351,1450,26520000,12760000,5657900,1885000,3772900,1885000,0,0,0,1887900,2316311,2.3163
swap_distribute_parallel_for_1100_1300_1500,1100,1500,0,3000,19509000,5854501,1500,27040000,13200000,5853000,1950000,3903000,1950000,0,0,0,1953000,2339869,2.3399
swap_distribute_parallel_for_1100_1300_1550,1100,1550,0,3100,20159300,6049651,1550,27560000,13640000,6048100,2015000,4033100,2015000,0,0,0,2018100,2337216,2.3372
swap_distribute_parallel_for_1100_1300_1600,1100,1600,0,3200,20809600,6244801,1600,28080000,14080000,6243200,2080000,4163200,2080000,0,0,0,2083200,2279629,2.2796
swap_distribute_parallel_for_1100_1300_1650,1100,1650,0,3300,21459900,6439951,1650,28600000,14520000,6438300,2145000,4293300,2145000,0,0,0,2148300,2292827,2.2928
swap_distribute_parallel_for_1100_1300_1700,1100,1700,0,3400,22110200,6635101,1700,29120000,14960000,6633400,2210000,4423400,2210000,0,0,0,2213400,2301491,2.3015
swap_distribute_parallel_for_1100_1300_1750,1100,1750,0,3500,22760500,6830251,1750,29640000,15400000,6828500,2275000,4553500,2275000,0,0,0,2278500,2308475,2.3085
swap_distribute_parallel_for_1100_1300_1800,1100,1800,0,3600,23410800,7025401,1800,30160000,15840000,7023600,2340000,4683600,2340000,0,0,0,2343600,2348107,2.3481
swap_distribute_parallel_for_1100_1300_1850,1100,1850,0,3700,24061100,7220551,1850,30680000,16280000,7218700,2405000,4813700,2405000,0,0,0,2408700,2302640,2.3026
swap_distribute_parallel_for_1100_1300_1900,1100,1900,0,3800,24711400,7415701,1900,31200000,16720000,7413800,2470000,4943800,2470000,0,0,0,2473800,2358677,2.3587
swap_distribute_parallel_for_1100_1300_1950,1100,1950,0,3900,25361700,7610851,1950,31720000,17160000,7608900,2535000,5073900,2535000,0,0,0,2538900,2316485,2.3165
swap_distribute_parallel_for_1100_1300_2000,1100,2000,0,4000,26012000,7806001,2000,32240000,17600000,7804000,2600000,5204000,2600000,0,0,0,2604000,2284478,2.2845
swap_distribute_parallel_for_1100_1350_1050,1100,1050,0,2100,14181300,4255651,1050,23220000,9240000,4254600,1417500,2837100,1417500,0,0,0,1419600,2379765,2.3798
swap_distribute_parallel_for_1100_1350_1100,1100,1100,0,2200,14856600,4458301,1100,23760000,9680000,4457200,1485000,2972200,1485000,0,0,0,1487200,2380876,2.3809
swap_distribute_parallel_for_1100_1350_1150,1100,1150,0,2300,15531900,4660951,1150,24300000,10120000,4659800,1552500,3107300,1552500,0,0,0,1554800,2362856,2.3629
swap_distribute_parallel_for_1100_1350_1200,1100,1200,0,2400,16207200,4863601,1200,24840000,10560000,4862400,1620000,3242400,1620000,0,0,0,1622400,2370074,2.3701
swap_distribute_parallel_for_1100_1350_1250,1100,1250,0,2500,16882500,5066251,1250,25380000,11000000,5065000,1687500,3377500,1687500,0,0,0,1690000,2368137,2.3681
swap_distribute_parallel_for_1100_1350_1300,1100,1300,0,2600,17557800,5268901,1300,25920000,11440000,5267600,1755000,3512600,1755000,0,0,0,1757600,2394943,2.3949
swap_distribute_parallel_for_1100_1350_1350,1100,1350,0,2700,18233100,5471551,1350,26460000,11880000,5470200,1822500,3647700,1822500,0,0,0,1825200,2376535,2.3765
swap_distribute_parallel_for_1100_1350_1400,1100,1400,0,2800,18908400,5674201,1400,27000000,12320000,5672800,1890000,3782800,1890000,0,0,0,1892800,2416639,2.4166
swap_distribute_parallel_for_1100_1350_1450,1100,1450,0,2900,19583700,5876851,1450,27540000,12760000,5875400,1957500,3917900,1957500,0,0,0,1960400,2362366,2.3624
swap_distribute_parallel_for_1100_1350_1500,1100,1500,0,3000,20259000,6079501,1500,28080000,13200000,6078000,2025000,4053000,2025000,0,0,0,2028000,2415535,2.4155
swap_distribute_parallel_for_1100_1350_1550,1100,1550,0,3100,20934300,6282151,1550,28620000,13640000,6280600,2092500,4188100,2092500,0,0,0,2095600,2387109,2.3871
swap_distribute_parallel_for_1100_1350_1600,1100,1600,0,3200,21609600,6484801,1600,29160000,14080000,6483200,2160000,4323200,2160000,0,0,0,2163200,2352214,2.3522
swap_distribute_parallel_for_1100_1350_1650,1100,1650,0,3300,22284900,6687451,1650,29700000,14520000,6685800,2227500,4458300,2227500,0,0,0,2230800,2398509,2.3985
swap_distribute_parallel_for_1100_1350_1700,1100,1700,0,3400,22960200,6890101,1700,30240000,14960000,6888400,2295000,4593400,2295000,0,0,0,2298400,2412995,2.4130
swap_distribute_parallel_for_1100_1350_1750,1100,1750,0,3500,23635500,7092751,1750,30780000,15400000,7091000,2362500,4728500,2362500,0,0,0,2366000,2393780,2.3938
swap_distribute_parallel_for_1100_1350_1800,1100,1800,0,3600,24310800,7295401,1800,31320000,15840000,7293600,2430000,4863600,2430000,0,0,0,2433600,2363983,2.3640
swap_distribute_parallel_for_1100_1350_1850,1100,1850,0,3700,24986100,7498051,1850,31860000,16280000,7496200,2497500,4998700,2497500,0,0,0,2501200,2393141,2.3931
swap_distribute_parallel_for_1100_1350_1900,1100,1900,0,3800,25661400,7700701,1900,32400000,16720000,7698800,2565000,5133800,2565000,0,0,0,2568800,2404362,2.4044
swap_distribute_parallel_for_1100_1350_1950,1100,1950,0,3900,26336700,7903351,1950,32940000,17160000,7901400,2632500,5268900,2632500,0,0,0,2636400,2454045,2.4540
swap_distribute_parallel_for_1100_1350_2000,1100,2000,0,4000,27012000,8106001,2000,33480000,17600000,8104000,2700000,5404000,2700000,0,0,0,2704000,2358966,2.3590
swap_distribute_parallel_for_1100_1400_1050,1100,1050,0,2100,14706300,4413151,1050,24080000,9240000,4412100,1470000,2942100,1470000,0,0,0,1472100,2447265,2.4473
swap_distribute_parallel_for_1100_1400_1100,1100,1100,0,2200,15406600,4623301,1100,24640000,9680000,4622200,1540000,3082200,1540000,0,0,0,1542200,2475480,2.4755
swap_distribute_parallel_for_1100_1400_1150,1100,1150,0,2300,16106900,4833451,1150,25200000,10120000,4832300,1610000,3222300,1610000,0,0,0,1612300,2485810,2.4858
swap_distribute_parallel_for_1100_1400_1200,1100,1200,0,2400,16807200,5043601,1200,25760000,10560000,5042400,1680000,3362400,1680000,0,0,0,1682400,2441714,2.4417
swap_distribute_parallel_for_1100_1400_1250,1100,1250,0,2500,17507500,5253751,1250,26320000,11000000,5252500,1750000,3502500,1750000,0,0,0,1752500,2467605,2.4676
swap_distribute_parallel_for_1100_1400_1300,1100,1300,0,2600,18207800,5463901,1300,26880000,11440000,5462600,1820000,3642600,1820000,0,0,0,1822600,2465695,2.4657
swap_distribute_parallel_for_1100_1400_1350,1100,1350,0,2700,18908100,5674051,1350,27440000,11880000,5672700,1890000,3782700,1890000,0,0,0,1892700,2500744,2.5007
swap_distribute_parallel_for_1100_1400_1400,1100,1400,0,2800,19608400,5884201,1400,28000000,12320000,5882800,1960000,3922800,1960000,0,0,0,1962800,2454567,2.4546
swap_distribute_parallel_for_1100_1400_1450,1100,1450,0,2900,20308700,6094351,1450,28560000,12760000,6092900,2030000,4062900,2030000,0,0,0,2032900,2489495,2.4895
swap_distribute_parallel_for_1100_1400_1500,1100,1500,0,3000,21009000,6304501,1500,29120000,13200000,6303000,2100000,4203000,2100000,0,0,0,2103000,2456411,2.4564
swap_distribute_parallel_for_1100_1400_1550,1100,1550,0,3100,21709300,6514651,1550,29680000,13640000,6513100,2170000,4343100,2170000,0,0,0,2173100,2552155,2.5522
swap_distribute_parallel_for_1100_1400_1600,1100,1600,0,3200,22409600,6724801,1600,30240000,14080000,6723200,2240000,4483200,2240000,0,0,0,2243200,2484758,2.4848
swap_distribute_parallel_for_1100_1400_1650,1100,1650,0,3300,23109900,6934951,1650,30800000,14520000,6933300,2310000,4623300,2310000,0,0,0,2313300,2461003,2.4610
swap_distribute_parallel_for_1100_1400_1700,1100,1700,0,3400,23810200,7145101,1700,31360000,14960000,7143400,2380000,4763400,2380000,0,0,0,2383400,2468694,2.4687
swap_distribute_parallel_for_1100_1400_1750,1100,1750,0,3500,24510500,7355251,1750,31920000,15400000,7353500,2450000,4903500,2450000,0,0,0,2453500,2473635,2.4736
swap_distribute_parallel_for_1100_1400_1800,1100,1800,0,3600,25210800,7565401,1800,32480000,15840000,7563600,2520000,5043600,2520000,0,0,0,2523600,2483460,2.4835
swap_distribute_parallel_for_1100_1400_1850,1100,1850,0,3700,25911100,7775551,1850,33040000,16280000,7773700,2590000,5183700,2590000,0,0,0,2593700,2504901,2.5049
swap_distribute_parallel_for_1100_1400_1900,1100,1900,0,3800,26611400,7985701,1900,33600000,16720000,7983800,2660000,5323800,2660000,0,0,0,2663800,2455636,2.4556
swap_distribute_parallel_for_1100_1400_1950,1100,1950,0,3900,27311700,8195851,1950,34160000,17160000,8193900,2730000,5463900,2730000,0,0,0,2733900,2459013,2.4590
swap_distribute_parallel_for_1100_1400_2000,1100,2000,0,4000,28012000,8406001,2000,34720000,17600000,8404000,2800000,5604000,2800000,0,0,0,2804000,2509802,2.5098
swap_distribute_parallel_for_1100_1450_1050,1100,1050,0,2100,15231300,4570651,1050,24940000,9240000,4569600,1522500,3047100,1522500,0,0,0,1524600,2548443,2.5484
swap_distribute_parallel_for_1100_1450_1100,1100,1100,0,2200,15956600,4788301,1100,25520000,9680000,4787200,1595000,3192200,1595000,0,0,0,1597200,2608010,2.6080
swap_distribute_parallel_for_1100_1450_1150,1100,1150,0,2300,16681900,5005951,1150,26100000,10120000,5004800,1667500,3337300,1667500,0,0,0,1669800,2549869,2.5499
swap_distribute_parallel_for_1100_1450_1200,1100,1200,0,2400,17407200,5223601,1200,26680000,10560000,5222400,1740000,3482400,1740000,0,0,0,1742400,2523572,2.5236
swap_distribute_parallel_for_1100_1450_1250,1100,1250,0,2500,18132500,5441251,1250,27260000,11000000,5440000,1812500,3627500,1812500,0,0,0,1815000,2603460,2.6035
swap_distribute_parallel_for_1100_1450_1300,1100,1300,0,2600,18857800,5658901,1300,27840000,11440000,5657600,1885000,3772600,1885000,0,0,0,1887600,2548868,2.5489
swap_distribute_parallel_for_1100_1450_1350,1100,1350,0,2700,19583100,5876551,1350,28420000,11880000,5875200,1957500,3917700,1957500,0,0,0,1960200,2531730,2.5317
swap_distribute_parallel_for_1100_1450_1400,1100,1400,0,2800,20308400,6094201,1400,29000000,12320000,6092800,2030000,4062800,2030000,0,0,0,2032800,2536272,2.5363
swap_distribute_parallel_for_1100_1450_1450,1100,1450,0,2900,21033700,6311851,1450,29580000,12760000,6310400,2102500,4207900,2102500,0,0,0,2105400,2567533,2.5675
swap_distribute_parallel_for_1100_1450_1500,1100,1500,0,3000,21759000,6529501,1500,30160000,13200000,6528000,2175000,4353000,2175000,0,0,0,2178000,2601719,2.6017
swap_distribute_parallel_for_1100_1450_1550,1100,1550,0,3100,22484300,6747151,1550,30740000,13640000,6745600,2247500,4498100,2247500,0,0,0,2250600,2561068,2.5611
swap_distribute_parallel_for_1100_1450_1600,1100,1600,0,3200,23209600,6964801,1600,31320000,14080000,6963200,2320000,4643200,2320000,0,0,0,2323200,2554304,2.5543
swap_distribute_parallel_for_1100_1450_1650,1100,1650,0,3300,23934900,7182451,1650,31900000,14520000,7180800,2392500,4788300,2392500,0,0,0,2395800,2607933,2.6079
swap_distribute_parallel_for_1100_1450_1700,1100,1700,0,3400,24660200,7400101,1700,32480000,14960000,7398400,2465000,4933400,2465000,0,0,0,2468400,2548545,2.5485
swap_distribute_parallel_for_1100_1450_1750,1100,1750,0,3500,25385500,7617751,1750,33060000,15400000,7616000,2537500,5078500,2537500,0,0,0,2541000,2565525,2.5655
swap_distribute_parallel_for_1100_1450_1800,1100,1800,0,3600,26110800,7835401,1800,33640000,15840000,7833600,2610000,5223600,2610000,0,0,0,2613600,2549420,2.5494
swap_distribute_parallel_for_1100_1450_1850,1100,1850,0,3700,26836100,8053051,1850,34220000,16280000,8051200,2682500,5368700,2682500,0,0,0,2686200,2554523,2.5545
swap_distribute_parallel_for_1100_1450_1900,1100,1900,0,3800,27561400,8270701,1900,34800000,16720000,8268800,2755000,5513800,2755000,0,0,0,2758800,2606667,2.6067
swap_distribute_parallel_for_1100_1450_1950,1100,1950,0,3900,28286700,8488351,1950,35380000,17160000,8486400,2827500,5658900,2827500,0,0,0,2831400,2840505,2.8405
swap_distribute_parallel_for_1100_1450_2000,1100,2000,0,4000,29012000,8706001,2000,35960000,17600000,8704000,2900000,5804000,2900000,0,0,0,2904000,2532881,2.5329
swap_distribute_parallel_for_1100_1500_1050,1100,1050,0,2100,15756300,4728151,1050,25800000,9240000,4727100,1575000,3152100,1575000,0,0,0,1577100,2633209,2.6332
swap_distribute_parallel_for_1100_1500_1100,1100,1100,0,2200,16506600,4953301,1100,26400000,9680000,4952200,1650000,3302200,1650000,0,0,0,1652200,2626582,2.6266
swap_distribute_parallel_for_1100_1500_1150,1100,1150,0,2300,17256900,5178451,1150,27000000,10120000,5177300,1725000,3452300,1725000,0,0,0,1727300,2679084,2.6791
swap_distribute_parallel_for_1100_1500_1200,1100,1200,0,2400,18007200,5403601,1200,27600000,10560000,5402400,1800000,3602400,1800000,0,0,0,1802400,2735677,2.7357
swap_distribute_parallel_for_1100_1500_1250,1100,1250,0,2500,18757500,5628751,1250,28200000,11000000,5627500,1875000,3752500,1875000,0,0,0,1877500,2640968,2.6410
swap_distribute_parallel_for_1100_1500_1300,1100,1300,0,2600,19507800,5853901,1300,28800000,11440000,5852600,1950000,3902600,1950000,0,0,0,1952600,2648449,2.6484
swap_distribute_parallel_for_1100_1500_1350,1100,1350,0,2700,20258100,6079051,1350,29400000,11880000,6077700,2025000,4052700,2025000,0,0,0,2027700,2646556,2.6466
swap_distribute_parallel_for_1100_1500_1400,1100,1400,0,2800,21008400,6304201,1400,30000000,12320000,6302800,2100000,4202800,2100000,0,0,0,2102800,2658847,2.6588
swap_distribute_parallel_for_1100_1500_1450,1100,1450,0,2900,21758700,6529351,1450,30600000,12760000,6527900,2175000,4352900,2175000,0,0,0,2177900,2713536,2.7135
swap_distribute_parallel_for_1100_1500_1500,1100,1500,0,3000,22509000,6754501,1500,31200000,13200000,6753000,2250000,4503000,2250000,0,0,0,2253000,2630068,2.6301
swap_distribute_parallel_for_1100_1500_1550,1100,1550,0,3100,23259300,6979651,1550,31800000,13640000,6978100,2325000,4653100,2325000,0,0,0,2328100,2643841,2.6438
swap_distribute_parallel_for_1100_1500_1600,1100,1600,0,3200,24009600,7204801,1600,32400000,14080000,7203200,2400000,4803200,2400000,0,0,0,2403200,2665103,2.6651
swap_distribute_parallel_for_1100_1500_1650,1100,1650,0,3300,24759900,7429951,1650,33000000,14520000,7428300,2475000,4953300,2475000,0,0,0,2478300,2610262,2.6103
swap_distribute_parallel_for_1100_1500_1700,1100,1700,0,3400,25510200,7655101,1700,33600000,14960000,7653400,2550000,5103400,2550000,0,0,0,2553400,2644446,2.6444
swap_distribute_parallel_for_1100_1500_1750,1100,1750,0,3500,26260500,7880251,1750,34200000,15400000,7878500,2625000,5253500,2625000,0,0,0,2628500,2714347,2.7143
swap_distribute_parallel_for_1100_1500_1800,1100,1800,0,3600,27010800,8105401,1800,34800000,15840000,8103600,2700000,5403600,2700000,0,0,0,2703600,2670866,2.6709
swap_distribute_parallel_for_1100_1500_1850,1100,1850,0,3700,27761100,8330551,1850,35400000,16280000,8328700,2775000,5553700,2775000,0,0,0,2778700,2651005,2.6510
swap_distribute_parallel_for_1100_1500_1900,1100,1900,0,3800,28511400,8555701,1900,36000000,16720000,8553800,2850000,5703800,2850000,0,0,0,2853800,2667929,2.6679
swap_distribute_parallel_for_1100_1500_1950,1100,1950,0,3900,29261700,8780851,1950,36600000,17160000,8778900,2925000,5853900,2925000,0,0,0,2928900,2753944,2.7539
swap_distribute_parallel_for_1100_1500_2000,1100,2000,0,4000,30012000,9006001,2000,37200000,17600000,9004000,3000000,6004000,3000000,0,0,0,3004000,2622499,2.6225
swap_distribute_parallel_for_1100_1550_1050,1100,1050,0,2100,16281300,4885651,1050,26660000,9240000,4884600,1627500,3257100,1627500,0,0,0,1629600,2817464,2.8175
swap_distribute_parallel_for_1100_1550_1100,1100,1100,0,2200,17056600,5118301,1100,27280000,9680000,5117200,1705000,3412200,1705000,0,0,0,1707200,2729027,2.7290
swap_distribute_parallel_for_1100_1550_1150,1100,1150,0,2300,17831900,5350951,1150,27900000,10120000,5349800,1782500,3567300,1782500,0,0,0,1784800,2762006,2.7620
swap_distribute_parallel_for_1100_1550_1200,1100,1200,0,2400,18607200,5583601,1200,28520000,10560000,5582400,1860000,3722400,1860000,0,0,0,1862400,2721601,2.7216
swap_distribute_parallel_for_1100_1550_1250,1100,1250,0,2500,19382500,5816251,1250,29140000,11000000,5815000,1937500,3877500,1937500,0,0,0,1940000,2709746,2.7097
swap_distribute_parallel_for_1100_1550_1300,1100,1300,0,2600,20157800,6048901,1300,29760000,11440000,6047600,2015000,4032600,2015000,0,0,0,2017600,2731970,2.7320
swap_distribute_parallel_for_1100_1550_1350,1100,1350,0,2700,20933100,6281551,1350,30380000,11880000,6280200,2092500,4187700,2092500,0,0,0,2095200,2757334,2.7573
swap_distribute_parallel_for_1100_1550_1400,1100,1400,0,2800,21708400,6514201,1400,31000000,12320000,6512800,2170000,4342800,2170000,0,0,0,2172800,2799461,2.7995
swap_distribute_parallel_for_1100_1550_1450,1100,1450,0,2900,22483700,6746851,1450,31620000,12760000,6745400,2247500,4497900,2247500,0,0,0,2250400,2720030,2.7200
swap_distribute_parallel_for_1100_1550_1500,1100,1500,0,3000,23259000,6979501,1500,32240000,13200000,6978000,2325000,4653000,2325000,0,0,0,2328000,2729416,2.7294
swap_distribute_parallel_for_1100_1550_1550,1100,1550,0,3100,24034300,7212151,1550,32860000,13640000,7210600,2402500,4808100,2402500,0,0,0,2405600,2719317,2.7193
swap_distribute_parallel_for_1100_1550_1600,1100,1600,0,3200,24809600,7444801,1600,33480000,14080000,7443200,2480000,4963200,2480000,0,0,0,2483200,2715410,2.7154
swap_distribute_parallel_for_1100_1550_1650,1100,1650,0,3300,25584900,7677451,1650,34100000,14520000,7675800,2557500,5118300,2557500,0,0,0,2560800,2757223,2.7572
swap_distribute_parallel_for_1100_1550_1700,1100,1700,0,3400,26360200,7910101,1700,34720000,14960000,7908400,2635000,5273400,2635000,0,0,0,2638400,2793357,2.7934
swap_distribute_parallel_for_1100_1550_1750,1100,1750,0,3500,27135500,8142751,1750,35340000,15400000,8141000,2712500,5428500,2712500,0,0,0,2716000,2727734,2.7277
swap_distribute_parallel_for_1100_1550_1800,1100,1800,0,3600,27910800,8375401,1800,35960000,15840000,8373600,2790000,5583600,2790000,0,0,0,2793600,2709384,2.7094
swap_distribute_parallel_for_1100_1550_1850,1100,1850,0,3700,28686100,8608051,1850,36580000,16280000,8606200,2867500,5738700,2867500,0,0,0,2871200,2771364,2.7714
swap_distribute_parallel_for_1100_1550_1900,1100,1900,0,3800,29461400,8840701,1900,37200000,16720000,8838800,2945000,5893800,2945000,0,0,0,2948800,2716898,2.7169
swap_distribute_parallel_for_1100_1550_1950,1100,1950,0,3900,30236700,9073351,1950,37820000,17160000,9071400,3022500,6048900,3022500,0,0,0,3026400,2726141,2.7261
swap_distribute_parallel_for_1100_1550_2000,1100,2000,0,4000,31012000,9306001,2000,38440000,17600000,9304000,3100000,6204000,3100000,0,0,0,3104000,2724621,2.7246
swap_distribute_parallel_for_1100_1600_1050,1100,1050,0,2100,16806300,5043151,1050,27520000,9240000,5042100,1680000,3362100,1680000,0,0,0,1682100,2815130,2.8151
swap_distribute_parallel_for_1100_1600_1100,1100,1100,0,2200,17606600,5283301,1100,28160000,9680000,5282200,1760000,3522200,1760000,0,0,0,1762200,2823001,2.8230
swap_distribute_parallel_for_1100_1600_1150,1100,1150,0,2300,18406900,5523451,1150,28800000,10120000,5522300,1840000,3682300,1840000,0,0,0,1842300,2855337,2.8553
swap_distribute_parallel_for_1100_1600_1200,1100,1200,0,2400,19207200,5763601,1200,29440000,10560000,5762400,1920000,3842400,1920000,0,0,0,1922400,2809683,2.8097
swap_distribute_parallel_for_1100_1600_1250,1100,1250,0,2500,20007500,6003751,1250,30080000,11000000,6002500,2000000,4002500,2000000,0,0,0,2002500,2795719,2.7957
swap_distribute_parallel_for_1100_1600_1300,1100,1300,0,2600,20807800,6243901,1300,30720000,11440000,6242600,2080000,4162600,2080000,0,0,0,2082600,2877630,2.8776
swap_distribute_parallel_for_1100_1600_1350,1100,1350,0,2700,21608100,6484051,1350,31360000,11880000,6482700,2160000,4322700,2160000,0,0,0,2162700,2843910,2.8439
swap_distribute_parallel_for_1100_1600_1400,1100,1400,0,2800,22408400,6724201,1400,32000000,12320000,6722800,2240000,4482800,2240000,0,0,0,2242800,2801205,2.8012
swap_distribute_parallel_for_1100_1600_1450,1100,1450,0,2900,23208700,6964351,1450,32640000,12760000,6962900,2320000,4642900,2320000,0,0,0,2322900,2835437,2.8354
swap_distribute_parallel_for_1100_1600_1500,1100,1500,0,3000,24009000,7204501,1500,33280000,13200000,7203000,2400000,4803000,2400000,0,0,0,2403000,2810521,2.8105
swap_distribute_parallel_for_1100_1600_1550,1100,1550,0,3100,24809300,7444651,1550,33920000,13640000,7443100,2480000,4963100,2480000,0,0,0,2483100,2835616,2.8356
swap_distribute_parallel_for_1100_1600_1600,1100,1600,0,3200,25609600,7684801,1600,34560000,14080000,7683200,2560000,5123200,2560000,0,0,0,2563200,2824826,2.8248
swap_distribute_parallel_for_1100_1600_1650,1100,1650,0,3300,26409900,7924951,1650,35200000,14520000,7923300,2640000,5283300,2640000,0,0,0,2643300,2804399,2.8044
swap_distribute_parallel_for_1100_1600_1700,1100,1700,0,3400,27210200,8165101,1700,35840000,14960000,8163400,2720000,5443400,2720000,0,0,0,2723400,2815948,2.8159
swap_distribute_parallel_for_1100_1600_1750,1100,1750,0,3500,28010500,8405251,1750,36480000,15400000,8403500,2800000,5603500,2800000,0,0,0,2803500,2820340,2.8203
swap_distribute_parallel_for_1100_1600_1800,1100,1800,0,3600,28810800,8645401,1800,37120000,15840000,8643600,2880000,5763600,2880000,0,0,0,2883600,2856219,2.8562
swap_distribute_parallel_for_1100_1600_1850,1100,1850,0,3700,29611100,8885551,1850,37760000,16280000,8883700,2960000,5923700,2960000,0,0,0,2963700,2834724,2.8347
swap_distribute_parallel_for_1100_1600_1900,1100,1900,0,3800,30411400,9125701,1900,38400000,16720000,9123800,3040000,6083800,3040000,0,0,0,3043800,2818257,2.8183
swap_distribute_parallel_for_1100_1600_1950,1100,1950,0,3900,31211700,9365851,1950,39040000,17160000,9363900,3120000,6243900,3120000,0,0,0,3123900,2872518,2.8725
swap_distribute_parallel_for_1100_1600_2000,1100,2000,0,4000,32012000,9606001,2000,39680000,17600000,9604000,3200000,6404000,3200000,0,0,0,3204000,2811513,2.8115
swap_distribute_parallel_for_1100_1650_1050,1100,1050,0,2100,17331300,5200651,1050,28380000,9240000,5199600,1732500,3467100,1732500,0,0,0,1734600,2959908,2.9599
swap_distribute_parallel_for_1100_1650_1100,1100,1100,0,2200,18156600,5448301,1100,29040000,9680000,5447200,1815000,3632200,1815000,0,0,0,1817200,3026871,3.0269
swap_distribute_parallel_for_1100_1650_1150,1100,1150,0,2300,18981900,5695951,1150,29700000,10120000,5694800,1897500,3797300,1897500,0,0,0,1899800,2890162,2.8902
swap_distribute_parallel_for_1100_1650_1200,1100,1200,0,2400,19807200,5943601,1200,30360000,10560000,5942400,1980000,3962400,1980000,0,0,0,1982400,2908944,2.9089
swap_distribute_parallel_for_1100_1650_1250,1100,1250,0,2500,20632500,6191251,1250,31020000,11000000,6190000,2062500,4127500,2062500,0,0,0,2065000,2944478,2.9445
swap_distribute_parallel_for_1100_1650_1300,1100,1300,0,2600,21457800,6438901,1300,31680000,11440000,6437600,2145000,4292600,2145000,0,0,0,2147600,2884188,2.8842
swap_distribute_parallel_for_1100_1650_1350,1100,1350,0,2700,22283100,6686551,1350,32340000,11880000,6685200,2227500,4457700,2227500,0,0,0,2230200,2921597,2.9216
swap_distribute_parallel_for_1100_1650_1400,1100,1400,0,2800,23108400,6934201,1400,33000000,12320000,6932800,2310000,4622800,2310000,0,0,0,2312800,2963676,2.9637
swap_distribute_parallel_for_1100_1650_1450,1100,1450,0,2900,23933700,7181851,1450,33660000,12760000,7180400,2392500,4787900,2392500,0,0,0,2395400,2976773,2.9768
swap_distribute_parallel_for_1100_1650_1500,1100,1500,0,3000,24759000,7429501,1500,34320000,13200000,7428000,2475000,4953000,2475000,0,0,0,2478000,2867302,2.8673
swap_distribute_parallel_for_1100_1650_1550,1100,1550,0,3100,25584300,7677151,1550,34980000,13640000,7675600,2557500,5118100,2557500,0,0,0,2560600,2943009,2.9430
swap_distribute_parallel_for_1100_1650_1600,1100,1600,0,3200,26409600,7924801,1600,35640000,14080000,7923200,2640000,5283200,2640000,0,0,0,2643200,2889571,2.8896
swap_distribute_parallel_for_1100_1650_1650,1100,1650,0,3300,27234900,8172451,1650,36300000,14520000,8170800,2722500,5448300,2722500,0,0,0,2725800,2994966,2.9950
swap_distribute_parallel_for_1100_1650_1700,1100,1700,0,3400,28060200,8420101,1700,36960000,14960000,8418400,2805000,5613400,2805000,0,0,0,2808400,3001733,3.0017
swap_distribute_parallel_for_1100_1650_1750,1100,1750,0,3500,28885500,8667751,1750,37620000,15400000,8666000,2887500,5778500,2887500,0,0,0,2891000,2897233,2.8972
swap_distribute_parallel_for_1100_1650_1800,1100,1800,0,3600,29710800,8915401,1800,38280000,15840000,8913600,2970000,5943600,2970000,0,0,0,2973600,2887361,2.8874
swap_distribute_parallel_for_1100_1650_1850,1100,1850,0,3700,30536100,9163051,1850,38940000,16280000,9161200,3052500,6108700,3052500,0,0,0,3056200,2983920,2.9839
swap_distribute_parallel_for_1100_1650_1900,1100,1900,0,3800,31361400,9410701,1900,39600000,16720000,9408800,3135000,6273800,3135000,0,0,0,3138800,2932538,2.9325
swap_distribute_parallel_for_1100_1650_1950,1100,1950,0,3900,32186700,9658351,1950,40260000,17160000,9656400,3217500,6438900,3217500,0,0,0,3221400,2961143,2.9611
swap_distribute_parallel_for_1100_1650_2000,1100,2000,0,4000,33012000,9906001,2000,40920000,17600000,9904000,3300000,6604000,3300000,0,0,0,3304000,2929693,2.9297
swap_distribute_parallel_for_1100_1700_1050,1100,1050,0,2100,17856300,5358151,1050,29240000,9240000,5357100,1785000,3572100,1785000,0,0,0,1787100,3018788,3.0188
swap_distribute_parallel_for_1100_1700_1100,1100,1100,0,2200,18706600,5613301,1100,29920000,9680000,5612200,1870000,3742200,1870000,0,0,0,1872200,3014894,3.0149
swap_distribute_parallel_for_1100_1700_1150,1100,1150,0,2300,19556900,5868451,1150,30600000,10120000,5867300,1955000,3912300,1955000,0,0,0,1957300,3037401,3.0374
swap_distribute_parallel_for_1100_1700_1200,1100,1200,0,2400,20407200,6123601,1200,31280000,10560000,6122400,2040000,4082400,2040000,0,0,0,2042400,3041535,3.0415
swap_distribute_parallel_for_1100_1700_1250,1100,1250,0,2500,21257500,6378751,1250,31960000,11000000,6377500,2125000,4252500,2125000,0,0,0,2127500,2970750,2.9707
swap_distribute_parallel_for_1100_1700_1300,1100,1300,0,2600,22107800,6633901,1300,32640000,11440000,6632600,2210000,4422600,2210000,0,0,0,2212600,2970326,2.9703
swap_distribute_parallel_for_1100_1700_1350,1100,1350,0,2700,22958100,6889051,1350,33320000,11880000,6887700,2295000,4592700,2295000,0,0,0,2297700,3003411,3.0034
swap_distribute_parallel_for_1100_1700_1400,1100,1400,0,2800,23808400,7144201,1400,34000000,12320000,7142800,2380000,4762800,2380000,0,0,0,2382800,3017778,3.0178
swap_distribute_parallel_for_1100_1700_1450,1100,1450,0,2900,24658700,7399351,1450,34680000,12760000,7397900,2465000,4932900,2465000,0,0,0,2467900,2976552,2.9766
swap_distribute_parallel_for_1100_1700_1500,1100,1500,0,3000,25509000,7654501,1500,35360000,13200000,7653000,2550000,5103000,2550000,0,0,0,2553000,2979944,2.9799
swap_distribute_parallel_for_1100_1700_1550,1100,1550,0,3100,26359300,7909651,1550,36040000,13640000,7908100,2635000,5273100,2635000,0,0,0,2638100,3032269,3.0323
swap_distribute_parallel_for_1100_1700_1600,1100,1600,0,3200,27209600,8164801,1600,36720000,14080000,8163200,2720000,5443200,2720000,0,0,0,2723200,3025187,3.0252
swap_distribute_parallel_for_1100_1700_1650,1100,1650,0,3300,28059900,8419951,1650,37400000,14520000,8418300,2805000,5613300,2805000,0,0,0,2808300,2994908,2.9949
swap_distribute_parallel_for_1100_1700_1700,1100,1700,0,3400,28910200,8675101,1700,38080000,14960000,8673400,2890000,5783400,2890000,0,0,0,2893400,3068687,3.0687
swap_distribute_parallel_for_1100_1700_1750,1100,1750,0,3500,29760500,8930251,1750,38760000,15400000,8928500,2975000,5953500,2975000,0,0,0,2978500,3027919,3.0279
swap_distribute_parallel_for_1100_1700_1800,1100,1800,0,3600,30610800,9185401,1800,39440000,15840000,9183600,3060000,6123600,3060000,0,0,0,3063600,2980132,2.9801
swap_distribute_parallel_for_1100_1700_1850,1100,1850,0,3700,31461100,9440551,1850,40120000,16280000,9438700,3145000,6293700,3145000,0,0,0,3148700,3116407,3.1164
swap_distribute_parallel_for_1100_1700_1900,1100,1900,0,3800,32311400,9695701,1900,40800000,16720000,9693800,3230000,6463800,3230000,0,0,0,3233800,3084200,3.0842
swap_distribute_parallel_for_1100_1700_1950,1100,1950,0,3900,33161700,9950851,1950,41480000,17160000,9948900,3315000,6633900,3315000,0,0,0,3318900,2993266,2.9933
swap_distribute_parallel_for_1100_1700_2000,1100,2000,0,4000,34012000,10206001,2000,42160000,17600000,10204000,3400000,6804000,3400000,0,0,0,3404000,3064172,3.0642
swap_distribute_parallel_for_1100_1750_1050,1100,1050,0,2100,18381300,5515651,1050,30100000,9240000,5514600,1837500,3677100,1837500,0,0,0,1839600,3099528,3.0995
swap_distribute_parallel_for_1100_1750_1100,1100,1100,0,2200,19256600,5778301,1100,30800000,9680000,5777200,1925000,3852200,1925000,0,0,0,1927200,3078931,3.0789
swap_distribute_parallel_for_1100_1750_1150,1100,1150,0,2300,20131900,6040951,1150,31500000,10120000,6039800,2012500,4027300,2012500,0,0,0,2014800,3102523,3.1025
swap_distribute_parallel_for_1100_1750_1200,1100,1200,0,2400,21007200,6303601,1200,32200000,10560000,6302400,2100000,4202400,2100000,0,0,0,2102400,3073620,3.0736
swap_distribute_parallel_for_1100_1750_1250,1100,1250,0,2500,21882500,6566251,1250,32900000,11000000,6565000,2187500,4377500,2187500,0,0,0,2190000,3075706,3.0757
swap_distribute_parallel_for_1100_1750_1300,1100,1300,0,2600,22757800,6828901,1300,33600000,11440000,6827600,2275000,4552600,2275000,0,0,0,2277600,3054596,3.0546
swap_distribute_parallel_for_1100_1750_1350,1100,1350,0,2700,23633100,7091551,1350,34300000,11880000,7090200,2362500,4727700,2362500,0,0,0,2365200,3073374,3.0734
swap_distribute_parallel_for_1100_1750_1400,1100,1400,0,2800,24508400,7354201,1400,35000000,12320000,7352800,2450000,4902800,2450000,0,0,0,2452800,3082736,3.0827
swap_distribute_parallel_for_1100_1750_1450,1100,1450,0,2900,25383700,7616851,1450,35700000,12760000,7615400,2537500,5077900,2537500,0,0,0,2540400,3083442,3.0834
swap_distribute_parallel_for_1100_1750_1500,1100,1500,0,3000,26259000,7879501,1500,36400000,13200000,7878000,2625000,5253000,2625000,0,0,0,2628000,3177249,3.1772
swap_distribute_parallel_for_1100_1750_1550,1100,1550,0,3100,27134300,8142151,1550,37100000,13640000,8140600,2712500,5428100,2712500,0,0,0,2715600,3055036,3.0550
swap_distribute_parallel_for_1100_1750_1600,1100,1600,0,3200,28009600,8404801,1600,37800000,14080000,8403200,2800000,5603200,2800000,0,0,0,2803200,3083748,3.0837
swap_distribute_parallel_for_1100_1750_1650,1100,1650,0,3300,28884900,8667451,1650,38500000,14520000,8665800,2887500,5778300,2887500,0,0,0,2890800,3263911,3.2639
swap_distribute_parallel_for_1100_1750_1700,1100,1700,0,3400,29760200,8930101,1700,39200000,14960000,8928400,2975000,5953400,2975000,0,0,0,2978400,3157196,3.1572
swap_distribute_parallel_for_1100_1750_1750,1100,1750,0,3500,30635500,9192751,1750,39900000,15400000,9191000,3062500,6128500,3062500,0,0,0,3066000,3099936,3.0999
swap_distribute_parallel_for_1100_1750_1800,1100,1800,0,3600,31510800,9455401,1800,40600000,15840000,9453600,3150000,6303600,3150000,0,0,0,3153600,3055199,3.0552
swap_distribute_parallel_for_1100_1750_1850,1100,1850,0,3700,32386100,9718051,1850,41300000,16280000,9716200,3237500,6478700,3237500,0,0,0,3241200,3073615,3.0736
swap_distribute_parallel_for_1100_1750_1900,1100,1900,0,3800,33261400,9980701,1900,42000000,16720000,9978800,3325000,6653800,3325000,0,0,0,3328800,3134249,3.1342
swap_distribute_parallel_for_1100_1750_1950,1100,1950,0,3900,34136700,10243351,1950,42700000,17160000,10241400,3412500,6828900,3412500,0,0,0,3416400,3128996,3.1290
swap_distribute_parallel_for_1100_1750_2000,1100,2000,0,4000,35012000,10506001,2000,43400000,17600000,10504000,3500000,7004000,3500000,0,0,0,3504000,3056841,3.0568
swap_distribute_parallel_for_1100_1800_1050,1100,1050,0,2100,18906300,5673151,1050,30960000,9240000,5672100,1890000,3782100,1890000,0,0,0,1892100,3174308,3.1743
swap_distribute_parallel_for_1100_1800_1100,1100,1100,0,2200,19806600,5943301,1100,31680000,9680000,5942200,1980000,3962200,1980000,0,0,0,1982200,3160326,3.1603
swap_distribute_parallel_for_1100_1800_1150,1100,1150,0,2300,20706900,6213451,1150,32400000,10120000,6212300,2070000,4142300,2070000,0,0,0,2072300,3171897,3.1719
swap_distribute_parallel_for_1100_1800_1200,1100,1200,0,2400,21607200,6483601,1200,33120000,10560000,6482400,2160000,4322400,2160000,0,0,0,2162400,3134000,3.1340
swap_distribute_parallel_for_1100_1800_1250,1100,1250,0,2500,22507500,6753751,1250,33840000,11000000,6752500,2250000,4502500,2250000,0,0,0,2252500,3171590,3.1716
swap_distribute_parallel_for_1100_1800_1300,1100,1300,0,2600,23407800,7023901,1300,34560000,11440000,7022600,2340000,4682600,2340000,0,0,0,2342600,3168654,3.1687
swap_distribute_parallel_for_1100_1800_1350,1100,1350,0,2700,24308100,7294051,1350,35280000,11880000,7292700,2430000,4862700,2430000,0,0,0,2432700,3163932,3.1639
swap_distribute_parallel_for_1100_1800_1400,1100,1400,0,2800,25208400,7564201,1400,36000000,12320000,7562800,2520000,5042800,2520000,0,0,0,2522800,3159027,3.1590
swap_distribute_parallel_for_1100_1800_1450,1100,1450,0,2900,26108700,7834351,1450,36720000,12760000,7832900,2610000,5222900,2610000,0,0,0,2612900,3160365,3.1604
swap_distribute_parallel_for_1100_1800_1500,1100,1500,0,3000,27009000,8104501,1500,37440000,13200000,8103000,2700000,5403000,2700000,0,0,0,2703000,3184837,3.1848
swap_distribute_parallel_for_1100_1800_1550,1100,1550,0,3100,27909300,8374651,1550,38160000,13640000,8373100,2790000,5583100,2790000,0,0,0,2793100,3187995,3.1880
swap_distribute_parallel_for_1100_1800_1600,1100,1600,0,3200,28809600,8644801,1600,38880000,14080000,8643200,2880000,5763200,2880000,0,0,0,2883200,3199500,3.1995
swap_distribute_parallel_for_1100_1800_1650,1100,1650,0,3300,29709900,8914951,1650,39600000,14520000,8913300,2970000,5943300,2970000,0,0,0,2973300,3209963,3.2100
swap_distribute_parallel_for_1100_1800_1700,1100,1700,0,3400,30610200,9185101,1700,40320000,14960000,9183400,3060000,6123400,3060000,0,0,0,3063400,3224080,3.2241
swap_distribute_parallel_for_1100_1800_1750,1100,1750,0,3500,31510500,9455251,1750,41040000,15400000,9453500,3150000,6303500,3150000,0,0,0,3153500,3169334,3.1693
swap_distribute_parallel_for_1100_1800_1800,1100,1800,0,3600,32410800,9725401,1800,41760000,15840000,9723600,3240000,6483600,3240000,0,0,0,3243600,3157828,3.1578
swap_distribute_parallel_for_1100_1800_1850,1100,1850,0,3700,33311100,9995551,1850,42480000,16280000,9993700,3330000,6663700,3330000,0,0,0,3333700,3160675,3.1607
swap_distribute_parallel_for_1100_1800_1900,1100,1900,0,3800,34211400,10265701,1900,43200000,16720000,10263800,3420000,6843800,3420000,0,0,0,3423800,3224531,3.2245
swap_distribute_parallel_for_1100_1800_1950,1100,1950,0,3900,35111700,10535851,1950,43920000,17160000,10533900,3510000,7023900,3510000,0,0,0,3513900,3183884,3.1839
swap_distribute_parallel_for_1100_1800_2000,1100,2000,0,4000,36012000,10806001,2000,44640000,17600000,10804000,3600000,7204000,3600000,0,0,0,3604000,3144910,3.1449
swap_distribute_parallel_for_1100_1850_1050,1100,1050,0,2100,19431300,5830651,1050,31820000,9240000,5829600,1942500,3887100,1942500,0,0,0,1944600,3282272,3.2823
swap_distribute_parallel_for_1100_1850_1100,1100,1100,0,2200,20356600,6108301,1100,32560000,9680000,6107200,2035000,4072200,2035000,0,0,0,2037200,3276052,3.2761
swap_distribute_parallel_for_1100_1850_1150,1100,1150,0,2300,21281900,6385951,1150,33300000,10120000,6384800,2127500,4257300,2127500,0,0,0,2129800,3298832,3.2988
swap_distribute_parallel_for_1100_1850_1200,1100,1200,0,2400,22207200,6663601,1200,34040000,10560000,6662400,2220000,4442400,2220000,0,0,0,2222400,3257149,3.2571
swap_distribute_parallel_for_1100_1850_1250,1100,1250,0,2500,23132500,6941251,1250,34780000,11000000,6940000,2312500,4627500,2312500,0,0,0,2315000,3256453,3.2565
swap_distribute_parallel_for_1100_1850_1300,1100,1300,0,2600,24057800,7218901,1300,35520000,11440000,7217600,2405000,4812600,2405000,0,0,0,2407600,3297875,3.2979
swap_distribute_parallel_for_1100_1850_1350,1100,1350,0,2700,24983100,7496551,1350,36260000,11880000,7495200,2497500,4997700,2497500,0,0,0,2500200,3244006,3.2440
swap_distribute_parallel_for_1100_1850_1400,1100,1400,0,2800,25908400,7774201,1400,37000000,12320000,7772800,2590000,5182800,2590000,0,0,0,2592800,3219096,3.2191
swap_distribute_parallel_for_1100_1850_1450,1100,1450,0,2900,26833700,8051851,1450,37740000,12760000,8050400,2682500,5367900,2682500,0,0,0,2685400,3279154,3.2792
swap_distribute_parallel_for_1100_1850_1500,1100,1500,0,3000,27759000,8329501,1500,38480000,13200000,8328000,2775000,5553000,2775000,0,0,0,2778000,3348879,3.3489
swap_distribute_parallel_for_1100_1850_1550,1100,1550,0,3100,28684300,8607151,1550,39220000,13640000,8605600,2867500,5738100,2867500,0,0,0,2870600,3282718,3.2827
swap_distribute_parallel_for_1100_1850_1600,1100,1600,0,3200,29609600,8884801,1600,39960000,14080000,8883200,2960000,5923200,2960000,0,0,0,2963200,3268257,3.2683
swap_distribute_parallel_for_1100_1850_1650,1100,1650,0,3300,30534900,9162451,1650,40700000,14520000,9160800,3052500,6108300,3052500,0,0,0,3055800,3290835,3.2908
swap_distribute_parallel_for_1100_1850_1700,1100,1700,0,3400,31460200,9440101,1700,41440000,14960000,9438400,3145000,6293400,3145000,0,0,0,3148400,3315184,3.3152
swap_distribute_parallel_for_1100_1850_1750,1100,1750,0,3500,32385500,9717751,1750,42180000,15400000,9716000,3237500,6478500,3237500,0,0,0,3241000,3255621,3.2556
swap_distribute_parallel_for_1100_1850_1800,1100,1800,0,3600,33310800,9995401,1800,42920000,15840000,9993600,3330000,6663600,3330000,0,0,0,3333600,3285782,3.2858
swap_distribute_parallel_for_1100_1850_1850,1100,1850,0,3700,34236100,10273051,1850,43660000,16280000,10271200,3422500,6848700,3422500,0,0,0,3426200,3256065,3.2561
swap_distribute_parallel_for_1100_1850_1900,1100,1900,0,3800,35161400,10550701,1900,44400000,16720000,10548800,3515000,7033800,3515000,0,0,0,3518800,3242449,3.2424
swap_distribute_parallel_for_1100_1850_1950,1100,1950,0,3900,36086700,10828351,1950,45140000,17160000,10826400,3607500,7218900,3607500,0,0,0,3611400,3303406,3.3034
swap_distribute_parallel_for_1100_1850_2000,1100,2000,0,4000,37012000,11106001,2000,45880000,17600000,11104000,3700000,7404000,3700000,0,0,0,3704000,3293680,3.2937
swap_distribute_parallel_for_1100_1900_1050,1100,1050,0,2100,19956300,5988151,1050,32680000,9240000,5987100,1995000,3992100,1995000,0,0,0,1997100,3319894,3.3199
swap_distribute_parallel_for_1100_1900_1100,1100,1100,0,2200,20906600,6273301,1100,33440000,9680000,6272200,2090000,4182200,2090000,0,0,0,2092200,3319954,3.3200
swap_distribute_parallel_for_1100_1900_1150,1100,1150,0,2300,21856900,6558451,1150,34200000,10120000,6557300,2185000,4372300,2185000,0,0,0,2187300,3315562,3.3156
swap_distribute_parallel_for_1100_1900_1200,1100,1200,0,2400,22807200,6843601,1200,34960000,10560000,6842400,2280000,4562400,2280000,0,0,0,2282400,3340257,3.3403
swap_distribute_parallel_for_1100_1900_1250,1100,1250,0,2500,23757500,7128751,1250,35720000,11000000,7127500,2375000,4752500,2375000,0,0,0,2377500,3395312,3.3953
swap_distribute_parallel_for_1100_1900_1300,1100,1300,0,2600,24707800,7413901,1300,36480000,11440000,7412600,2470000,4942600,2470000,0,0,0,2472600,3372231,3.3722
swap_distribute_parallel_for_1100_1900_1350,1100,1350,0,2700,25658100,7699051,1350,37240000,11880000,7697700,2565000,5132700,2565000,0,0,0,2567700,3434906,3.4349
swap_distribute_parallel_for_1100_1900_1400,1100,1400,0,2800,26608400,7984201,1400,38000000,12320000,7982800,2660000,5322800,2660000,0,0,0,2662800,3409212,3.4092
swap_distribute_parallel_for_1100_1900_1450,1100,1450,0,2900,27558700,8269351,1450,38760000,12760000,8267900,2755000,5512900,2755000,0,0,0,2757900,3417467,3.4175
swap_distribute_parallel_for_1100_1900_1500,1100,1500,0,3000,28509000,8554501,1500,39520000,13200000,8553000,2850000,5703000,2850000,0,0,0,2853000,3355170,3.3552
swap_distribute_parallel_for_1100_1900_1550,1100,1550,0,3100,29459300,8839651,1550,40280000,13640000,8838100,2945000,5893100,2945000,0,0,0,2948100,3380862,3.3809
swap_distribute_parallel_for_1100_1900_1600,1100,1600,0,3200,30409600,9124801,1600,41040000,14080000,9123200,3040000,6083200,3040000,0,0,0,3043200,3360010,3.3600
swap_distribute_parallel_for_1100_1900_1650,1100,1650,0,3300,31359900,9409951,1650,41800000,14520000,9408300,3135000,6273300,3135000,0,0,0,3138300,3375679,3.3757
swap_distribute_parallel_for_1100_1900_1700,1100,1700,0,3400,32310200,9695101,1700,42560000,14960000,9693400,3230000,6463400,3230000,0,0,0,3233400,3332094,3.3321
swap_distribute_parallel_for_1100_1900_1750,1100,1750,0,3500,33260500,9980251,1750,43320000,15400000,9978500,3325000,6653500,3325000,0,0,0,3328500,3425982,3.4260
swap_distribute_parallel_for_1100_1900_1800,1100,1800,0,3600,34210800,10265401,1800,44080000,15840000,10263600,3420000,6843600,3420000,0,0,0,3423600,3335134,3.3351
swap_distribute_parallel_for_1100_1900_1850,1100,1850,0,3700,35161100,10550551,1850,44840000,16280000,10548700,3515000,7033700,3515000,0,0,0,3518700,3415280,3.4153
swap_distribute_parallel_for_1100_1900_1900,1100,1900,0,3800,36111400,10835701,1900,45600000,16720000,10833800,3610000,7223800,3610000,0,0,0,3613800,3363523,3.3635
swap_distribute_parallel_for_1100_1900_1950,1100,1950,0,3900,37061700,11120851,1950,46360000,17160000,11118900,3705000,7413900,3705000,0,0,0,3708900,3390006,3.3900
swap_distribute_parallel_for_1100_1900_2000,1100,2000,0,4000,38012000,11406001,2000,47120000,17600000,11404000,3800000,7604000,3800000,0,0,0,3804000,3369152,3.3692
swap_distribute_parallel_for_1100_1950_1050,1100,1050,0,2100,20481300,6145651,1050,33540000,9240000,6144600,2047500,4097100,2047500,0,0,0,2049600,3420458,3.4205
swap_distribute_parallel_for_1100_1950_1100,1100,1100,0,2200,21456600,6438301,1100,34320000,9680000,6437200,2145000,4292200,2145000,0,0,0,2147200,3404276,3.4043
swap_distribute_parallel_for_1100_1950_1150,1100,1150,0,2300,22431900,6730951,1150,35100000,10120000,6729800,2242500,4487300,2242500,0,0,0,2244800,3429286,3.4293
swap_distribute_parallel_for_1100_1950_1200,1100,1200,0,2400,23407200,7023601,1200,35880000,10560000,7022400,2340000,4682400,2340000,0,0,0,2342400,3420707,3.4207
swap_distribute_parallel_for_1100_1950_1250,1100,1250,0,2500,24382500,7316251,1250,36660000,11000000,7315000,2437500,4877500,2437500,0,0,0,2440000,3409717,3.4097
swap_distribute_parallel_for_1100_1950_1300,1100,1300,0,2600,25357800,7608901,1300,37440000,11440000,7607600,2535000,5072600,2535000,0,0,0,2537600,3415030,3.4150
swap_distribute_parallel_for_1100_1950_1350,1100,1350,0,2700,26333100,7901551,1350,38220000,11880000,7900200,2632500,5267700,2632500,0,0,0,2635200,3419480,3.4195
swap_distribute_parallel_for_1100_1950_1400,1100,1400,0,2800,27308400,8194201,1400,39000000,12320000,8192800,2730000,5462800,2730000,0,0,0,2732800,3411859,3.4119
swap_distribute_parallel_for_1100_1950_1450,1100,1450,0,2900,28283700,8486851,1450,39780000,12760000,8485400,2827500,5657900,2827500,0,0,0,2830400,3445616,3.4456
swap_distribute_parallel_for_1100_1950_1500,1100,1500,0,3000,29259000,8779501,1500,40560000,13200000,8778000,2925000,5853000,2925000,0,0,0,2928000,3423953,3.4240
swap_distribute_parallel_for_1100_1950_1550,1100,1550,0,3100,30234300,9072151,1550,41340000,13640000,9070600,3022500,6048100,3022500,0,0,0,3025600,3428468,3.4285
swap_distribute_parallel_for_1100_1950_1600,1100,1600,0,3200,31209600,9364801,1600,42120000,14080000,9363200,3120000,6243200,3120000,0,0,0,3123200,3430257,3.4303
swap_distribute_parallel_for_1100_1950_1650,1100,1650,0,3300,32184900,9657451,1650,42900000,14520000,9655800,3217500,6438300,3217500,0,0,0,3220800,3467838,3.4678
swap_distribute_parallel_for_1100_1950_1700,1100,1700,0,3400,33160200,9950101,1700,43680000,14960000,9948400,3315000,6633400,3315000,0,0,0,3318400,3470456,3.4705
swap_distribute_parallel_for_1100_1950_1750,1100,1750,0,3500,34135500,10242751,1750,44460000,15400000,10241000,3412500,6828500,3412500,0,0,0,3416000,3504907,3.5049
swap_distribute_parallel_for_1100_1950_1800,1100,1800,0,3600,35110800,10535401,1800,45240000,15840000,10533600,3510000,7023600,3510000,0,0,0,3513600,3397595,3.3976
swap_distribute_parallel_for_1100_1950_1850,1100,1850,0,3700,36086100,10828051,1850,46020000,16280000,10826200,3607500,7218700,3607500,0,0,0,3611200,3446620,3.4466
swap_distribute_parallel_for_1100_1950_1900,1100,1900,0,3800,37061400,11120701,1900,46800000,16720000,11118800,3705000,7413800,3705000,0,0,0,3708800,3429412,3.4294
swap_distribute_parallel_for_1100_1950_1950,1100,1950,0,3900,38036700,11413351,1950,47580000,17160000,11411400,3802500,7608900,3802500,0,0,0,3806400,3446681,3.4467
swap_distribute_parallel_for_1100_1950_2000,1100,2000,0,4000,39012000,11706001,2000,48360000,17600000,11704000,3900000,7804000,3900000,0,0,0,3904000,3428547,3.4285
swap_distribute_parallel_for_1100_2000_1050,1100,1050,0,2100,21006300,6303151,1050,34400000,9240000,6302100,2100000,4202100,2100000,0,0,0,2102100,3519243,3.5192
swap_distribute_parallel_for_1100_2000_1100,1100,1100,0,2200,22006600,6603301,1100,35200000,9680000,6602200,2200000,4402200,2200000,0,0,0,2202200,3488025,3.4880
swap_distribute_parallel_for_1100_2000_1150,1100,1150,0,2300,23006900,6903451,1150,36000000,10120000,6902300,2300000,4602300,2300000,0,0,0,2302300,3490695,3.4907
swap_distribute_parallel_for_1100_2000_1200,1100,1200,0,2400,24007200,7203601,1200,36800000,10560000,7202400,2400000,4802400,2400000,0,0,0,2402400,3578821,3.5788
swap_distribute_parallel_for_1100_2000_1250,1100,1250,0,2500,25007500,7503751,1250,37600000,11000000,7502500,2500000,5002500,2500000,0,0,0,2502500,3594857,3.5949
swap_distribute_parallel_for_1100_2000_1300,1100,1300,0,2600,26007800,7803901,1300,38400000,11440000,7802600,2600000,5202600,2600000,0,0,0,2602600,3514552,3.5146
swap_distribute_parallel_for_1100_2000_1350,1100,1350,0,2700,27008100,8104051,1350,39200000,11880000,8102700,2700000,5402700,2700000,0,0,0,2702700,3566155,3.5662
swap_distribute_parallel_for_1100_2000_1400,1100,1400,0,2800,28008400,8404201,1400,40000000,12320000,8402800,2800000,5602800,2800000,0,0,0,2802800,3498865,3.4989
swap_distribute_parallel_for_1100_2000_1450,1100,1450,0,2900,29008700,8704351,1450,40800000,12760000,8702900,2900000,5802900,2900000,0,0,0,2902900,3537828,3.5378
swap_distribute_parallel_for_1100_2000_1500,1100,1500,0,3000,30009000,9004501,1500,41600000,13200000,9003000,3000000,6003000,3000000,0,0,0,3003000,3630201,3.6302
swap_distribute_parallel_for_1100_2000_1550,1100,1550,0,3100,31009300,9304651,1550,42400000,13640000,9303100,3100000,6203100,3100000,0,0,0,3103100,3521112,3.5211
swap_distribute_parallel_for_1100_2000_1600,1100,1600,0,3200,32009600,9604801,1600,43200000,14080000,9603200,3200000,6403200,3200000,0,0,0,3203200,3584721,3.5847
swap_distribute_parallel_for_1100_2000_1650,1100,1650,0,3300,33009900,9904951,1650,44000000,14520000,9903300,3300000,6603300,3300000,0,0,0,3303300,3520444,3.5204
swap_distribute_parallel_for_1100_2000_1700,1100,1700,0,3400,34010200,10205101,1700,44800000,14960000,10203400,3400000,6803400,3400000,0,0,0,3403400,3601864,3.6019
swap_distribute_parallel_for_1100_2000_1750,1100,1750,0,3500,35010500,10505251,1750,45600000,15400000,10503500,3500000,7003500,3500000,0,0,0,3503500,3514178,3.5142
swap_distribute_parallel_for_1100_2000_1800,1100,1800,0,3600,36010800,10805401,1800,46400000,15840000,10803600,3600000,7203600,3600000,0,0,0,3603600,3533451,3.5335
swap_distribute_parallel_for_1100_2000_1850,1100,1850,0,3700,37011100,11105551,1850,47200000,16280000,11103700,3700000,7403700,3700000,0,0,0,3703700,3544271,3.5443
swap_distribute_parallel_for_1100_2000_1900,1100,1900,0,3800,38011400,11405701,1900,48000000,16720000,11403800,3800000,7603800,3800000,0,0,0,3803800,3529812,3.5298
swap_distribute_parallel_for_1100_2000_1950,1100,1950,0,3900,39011700,11705851,1950,48800000,17160000,11703900,3900000,7803900,3900000,0,0,0,3903900,3614965,3.6150
swap_distribute_parallel_for_1100_2000_2000,1100,2000,0,4000,40012000,12006001,2000,49600000,17600000,12004000,4000000,8004000,4000000,0,0,0,4004000,3579706,3.5797
swap_distribute_parallel_for_1150_1050_1050,1150,1050,0,2100,11031300,3310651,1050,18480000,9660000,3309600,1102500,2207100,1102500,0,0,0,1104600,1984832,1.9848
swap_distribute_parallel_for_1150_1050_1100,1150,1100,0,2200,11556600,3468301,1100,18900000,10120000,3467200,1155000,2312200,1155000,0,0,0,1157200,1938662,1.9387
swap_distribute_parallel_for_1150_1050_1150,1150,1150,0,2300,12081900,3625951,1150,19320000,10580000,3624800,1207500,2417300,1207500,0,0,0,1209800,1912433,1.9124
swap_distribute_parallel_for_1150_1050_1200,1150,1200,0,2400,12607200,3783601,1200,19740000,11040000,3782400,1260000,2522400,1260000,0,0,0,1262400,1982276,1.9823
swap_distribute_parallel_for_1150_1050_1250,1150,1250,0,2500,13132500,3941251,1250,20160000,11500000,3940000,1312500,2627500,1312500,0,0,0,1315000,1924607,1.9246
swap_distribute_parallel_for_1150_1050_1300,1150,1300,0,2600,13657800,4098901,1300,20580000,11960000,4097600,1365000,2732600,1365000,0,0,0,1367600,1922080,1.9221
swap_distribute_parallel_for_1150_1050_1350,1150,1350,0,2700,14183100,4256551,1350,21000000,12420000,4255200,1417500,2837700,1417500,0,0,0,1420200,1925272,1.9253
swap_distribute_parallel_for_1150_1050_1400,1150,1400,0,2800,14708400,4414201,1400,21420000,12880000,4412800,1470000,2942800,1470000,0,0,0,1472800,1958811,1.9588
swap_distribute_parallel_for_1150_1050_1450,1150,1450,0,2900,15233700,4571851,1450,21840000,13340000,4570400,1522500,3047900,1522500,0,0,0,1525400,1923438,1.9234
swap_distribute_parallel_for_1150_1050_1500,1150,1500,0,3000,15759000,4729501,1500,22260000,13800000,4728000,1575000,3153000,1575000,0,0,0,1578000,1972117,1.9721
swap_distribute_parallel_for_1150_1050_1550,1150,1550,0,3100,16284300,4887151,1550,22680000,14260000,4885600,1627500,3258100,1627500,0,0,0,1630600,2010308,2.0103
swap_distribute_parallel_for_1150_1050_1600,1150,1600,0,3200,16809600,5044801,1600,23100000,14720000,5043200,1680000,3363200,1680000,0,0,0,1683200,1959683,1.9597
swap_distribute_parallel_for_1150_1050_1650,1150,1650,0,3300,17334900,5202451,1650,23520000,15180000,5200800,1732500,3468300,1732500,0,0,0,1735800,1952720,1.9527
swap_distribute_parallel_for_1150_1050_1700,1150,1700,0,3400,17860200,5360101,1700,23940000,15640000,5358400,1785000,3573400,1785000,0,0,0,1788400,1928938,1.9289
swap_distribute_parallel_for_1150_1050_1750,1150,1750,0,3500,18385500,5517751,1750,24360000,16100000,5516000,1837500,3678500,1837500,0,0,0,1841000,1997972,1.9980
swap_distribute_parallel_for_1150_1050_1800,1150,1800,0,3600,18910800,5675401,1800,24780000,16560000,5673600,1890000,3783600,1890000,0,0,0,1893600,1934852,1.9349
swap_distribute_parallel_for_1150_1050_1850,1150,1850,0,3700,19436100,5833051,1850,25200000,17020000,5831200,1942500,3888700,1942500,0,0,0,1946200,1942526,1.9425
swap_distribute_parallel_for_1150_1050_1900,1150,1900,0,3800,19961400,5990701,1900,25620000,17480000,5988800,1995000,3993800,1995000,0,0,0,1998800,1954472,1.9545
swap_distribute_parallel_for_1150_1050_1950,1150,1950,0,3900,20486700,6148351,1950,26040000,17940000,6146400,2047500,4098900,2047500,0,0,0,2051400,2002220,2.0022
swap_distribute_parallel_for_1150_1050_2000,1150,2000,0,4000,21012000,6306001,2000,26460000,18400000,6304000,2100000,4204000,2100000,0,0,0,2104000,1956689,1.9567
swap_distribute_parallel_for_1150_1100_1050,1150,1050,0,2100,11556300,3468151,1050,19360000,9660000,3467100,1155000,2312100,1155000,0,0,0,1157100,2026350,2.0263
swap_distribute_parallel_for_1150_1100_1100,1150,1100,0,2200,12106600,3633301,1100,19800000,10120000,3632200,1210000,2422200,1210000,0,0,0,1212200,2013293,2.0133
swap_distribute_parallel_for_1150_1100_1150,1150,1150,0,2300,12656900,3798451,1150,20240000,10580000,3797300,1265000,2532300,1265000,0,0,0,1267300,2011692,2.0117
swap_distribute_parallel_for_1150_1100_1200,1150,1200,0,2400,13207200,3963601,1200,20680000,11040000,3962400,1320000,2642400,1320000,0,0,0,1322400,2004089,2.0041
swap_distribute_parallel_for_1150_1100_1250,1150,1250,0,2500,13757500,4128751,1250,21120000,11500000,4127500,1375000,2752500,1375000,0,0,0,1377500,2065781,2.0658
swap_distribute_parallel_for_1150_1100_1300,1150,1300,0,2600,14307800,4293901,1300,21560000,11960000,4292600,1430000,2862600,1430000,0,0,0,1432600,2017790,2.0178
swap_distribute_parallel_for_1150_1100_1350,1150,1350,0,2700,14858100,4459051,1350,22000000,12420000,4457700,1485000,2972700,1485000,0,0,0,1487700,2018894,2.0189
swap_distribute_parallel_for_1150_1100_1400,1150,1400,0,2800,15408400,4624201,1400,22440000,12880000,4622800,1540000,3082800,1540000,0,0,0,1542800,2079953,2.0800
swap_distribute_parallel_for_1150_1100_1450,1150,1450,0,2900,15958700,4789351,1450,22880000,13340000,4787900,1595000,3192900,1595000,0,0,0,1597900,2027067,2.0271
swap_distribute_parallel_for_1150_1100_1500,1150,1500,0,3000,16509000,4954501,1500,23320000,13800000,4953000,1650000,3303000,1650000,0,0,0,1653000,2010713,2.0107
swap_distribute_parallel_for_1150_1100_1550,1150,1550,0,3100,17059300,5119651,1550,23760000,14260000,5118100,1705000,3413100,1705000,0,0,0,1708100,2094781,2.0948
swap_distribute_parallel_for_1150_1100_1600,1150,1600,0,3200,17609600,5284801,1600,24200000,14720000,5283200,1760000,3523200,1760000,0,0,0,1763200,2017510,2.0175
swap_distribute_parallel_for_1150_1100_1650,1150,1650,0,3300,18159900,5449951,1650,24640000,15180000,5448300,1815000,3633300,1815000,0,0,0,1818300,2102752,2.1028
swap_distribute_parallel_for_1150_1100_1700,1150,1700,0,3400,18710200,5615101,1700,25080000,15640000,5613400,1870000,3743400,1870000,0,0,0,1873400,2040752,2.0408
swap_distribute_parallel_for_1150_1100_1750,1150,1750,0,3500,19260500,5780251,1750,25520000,16100000,5778500,1925000,3853500,1925000,0,0,0,1928500,2028971,2.0290
swap_distribute_parallel_for_1150_1100_1800,1150,1800,0,3600,19810800,5945401,1800,25960000,16560000,5943600,1980000,3963600,1980000,0,0,0,1983600,2140543,2.1405
swap_distribute_parallel_for_1150_1100_1850,1150,1850,0,3700,20361100,6110551,1850,26400000,17020000,6108700,2035000,4073700,2035000,0,0,0,2038700,2046487,2.0465
swap_distribute_parallel_for_1150_1100_1900,1150,1900,0,3800,20911400,6275701,1900,26840000,17480000,6273800,2090000,4183800,2090000,0,0,0,2093800,2010685,2.0107
swap_distribute_parallel_for_1150_1100_1950,1150,1950,0,3900,21461700,6440851,1950,27280000,17940000,6438900,2145000,4293900,2145000,0,0,0,2148900,2028552,2.0286
swap_distribute_parallel_for_1150_1100_2000,1150,2000,0,4000,22012000,6606001,2000,27720000,18400000,6604000,2200000,4404000,2200000,0,0,0,2204000,2039033,2.0390
swap_distribute_parallel_for_1150_1150_1050,1150,1050,0,2100,12081300,3625651,1050,20240000,9660000,3624600,1207500,2417100,1207500,0,0,0,1209600,2096297,2.0963
swap_distribute_parallel_for_1150_1150_1100,1150,1100,0,2200,12656600,3798301,1100,20700000,10120000,3797200,1265000,2532200,1265000,0,0,0,1267200,2187453,2.1875
swap_distribute_parallel_for_1150_1150_1150,1150,1150,0,2300,13231900,3970951,1150,21160000,10580000,3969800,1322500,2647300,1322500,0,0,0,1324800,2128800,2.1288
swap_distribute_parallel_for_1150_1150_1200,1150,1200,0,2400,13807200,4143601,1200,21620000,11040000,4142400,1380000,2762400,1380000,0,0,0,1382400,2118236,2.1182
swap_distribute_parallel_for_1150_1150_1250,1150,1250,0,2500,14382500,4316251,1250,22080000,11500000,4315000,1437500,2877500,1437500,0,0,0,1440000,2104249,2.1042
swap_distribute_parallel_for_1200_1200_1200,1200,1200,0,2400,14407200,4323601,1200,23040000,11520000,4322400,1440000,2882400,1440000,0,0,0,1442400,2299459,2.2995
swap_distribute_parallel_for_1200_1200_1700,1200,1700,0,3400,20410200,6125101,1700,27840000,16320000,6123400,2040000,4083400,2040000,0,0,0,2043400,2320974,2.3210
swap_distribute_parallel_for_1200_1200_2200,1200,2200,0,4400,26413200,7926601,2200,32640000,21120000,7924400,2640000,5284400,2640000,0,0,0,2644400,2305695,2.3057
swap_distribute_parallel_for_1200_1200_2700,1200,2700,0,5400,32416200,9728101,2700,37440000,25920000,9725400,3240000,6485400,3240000,0,0,0,3245400,2323237,2.3232
swap_distribute_parallel_for_1200_1200_3200,1200,3200,0,6400,38419200,11529601,3200,42240000,30720000,11526400,3840000,7686400,3840000,0,0,0,3846400,2289288,2.2893
swap_distribute_parallel_for_1200_1200_3700,1200,3700,0,7400,44422200,13331101,3700,47040000,35520000,13327400,4440000,8887400,4440000,0,0,0,4447400,2338186,2.3382
swap_distribute_parallel_for_1200_1200_4200,1200,4200,0,8400,50425200,15132601,4200,51840000,40320000,15128400,5040000,10088400,5040000,0,0,0,5048400,2394556,2.3946
swap_distribute_parallel_for_1200_1700_1200,1200,1200,0,2400,20407200,6123601,1200,32640000,11520000,6122400,2040000,4082400,2040000,0,0,0,2042400,3288558,3.2886
swap_distribute_parallel_for_1200_1700_1700,1200,1700,0,3400,28910200,8675101,1700,39440000,16320000,8673400,2890000,5783400,2890000,0,0,0,2893400,3314064,3.3141
swap_distribute_parallel_for_1200_1700_2200,1200,2200,0,4400,37413200,11226601,2200,46240000,21120000,11224400,3740000,7484400,3740000,0,0,0,3744400,3278249,3.2782
swap_distribute_parallel_for_1200_1700_2700,1200,2700,0,5400,45916200,13778101,2700,53040000,25920000,13775400,4590000,9185400,4590000,0,0,0,4595400,3287020,3.2870
swap_distribute_parallel_for_1200_1700_3200,1200,3200,0,6400,54419200,16329601,3200,59840000,30720000,16326400,5440000,10886400,5440000,0,0,0,5446400,3285840,3.2858
swap_distribute_parallel_for_1200_1700_3700,1200,3700,0,7400,62922200,18881101,3700,66640000,35520000,18877400,6290000,12587400,6290000,0,0,0,6297400,3266636,3.2666
swap_distribute_parallel_for_1200_1700_4200,1200,4200,0,8400,71425200,21432601,4200,73440000,40320000,21428400,7140000,14288400,7140000,0,0,0,7148400,3290858,3.2909
swap_distribute_parallel_for_1200_2200_1200,1200,1200,0,2400,26407200,7923601,1200,42240000,11520000,7922400,2640000,5282400,2640000,0,0,0,2642400,4268070,4.2681
swap_distribute_parallel_for_1200_2200_1700,1200,1700,0,3400,37410200,11225101,1700,51040000,16320000,11223400,3740000,7483400,3740000,0,0,0,3743400,4187015,4.1870
swap_distribute_parallel_for_1200_2200_2200,1200,2200,0,4400,48413200,14526601,2200,59840000,21120000,14524400,4840000,9684400,4840000,0,0,0,4844400,4280326,4.2803
swap_distribute_parallel_for_1200_2200_2700,1200,2700,0,5400,59416200,17828101,2700,68640000,25920000,17825400,5940000,11885400,5940000,0,0,0,5945400,4254955,4.2550
swap_distribute_parallel_for_1200_2200_3200,1200,3200,0,6400,70419200,21129601,3200,77440000,30720000,21126400,7040000,14086400,7040000,0,0,0,7046400,4271171,4.2712
swap_distribute_parallel_for_1200_2200_3700,1200,3700,0,7400,81422200,24431101,3700,86240000,35520000,24427400,8140000,16287400,8140000,0,0,0,8147400,4329404,4.3294
swap_distribute_parallel_for_1200_2200_4200,1200,4200,0,8400,92425200,27732601,4200,95040000,40320000,27728400,9240000,18488400,9240000,0,0,0,9248400,4414598,4.4146
swap_distribute_parallel_for_1200_2700_1200,1200,1200,0,2400,32407200,9723601,1200,51840000,11520000,9722400,3240000,6482400,3240000,0,0,0,3242400,5158430,5.1584
swap_distribute_parallel_for_1200_2700_1700,1200,1700,0,3400,45910200,13775101,1700,62640000,16320000,13773400,4590000,9183400,4590000,0,0,0,4593400,5166529,5.1665
swap_distribute_parallel_for_1200_2700_2200,1200,2200,0,4400,59413200,17826601,2200,73440000,21120000,17824400,5940000,11884400,5940000,0,0,0,5944400,5225625,5.2256
swap_distribute_parallel_for_1200_2700_2700,1200,2700,0,5400,72916200,21878101,2700,84240000,25920000,21875400,7290000,14585400,7290000,0,0,0,7295400,5194627,5.1946
swap_distribute_parallel_for_1200_2700_3200,1200,3200,0,6400,86419200,25929601,3200,95040000,30720000,25926400,8640000,17286400,8640000,0,0,0,8646400,5173179,5.1732
swap_distribute_parallel_for_1200_2700_3700,1200,3700,0,7400,99922200,29981101,3700,105840000,35520000,29977400,9990000,19987400,9990000,0,0,0,9997400,5194759,5.1948
swap_distribute_parallel_for_1200_2700_4200,1200,4200,0,8400,113425200,34032601,4200,116640000,40320000,34028400,11340000,22688400,11340000,0,0,0,11348400,5259841,5.2598
swap_distribute_parallel_for_1200_3200_1200,1200,1200,0,2400,38407200,11523601,1200,61440000,11520000,11522400,3840000,7682400,3840000,0,0,0,3842400,6156220,6.1562
swap_distribute_parallel_for_1200_3200_1700,1200,1700,0,3400,54410200,16325101,1700,74240000,16320000,16323400,5440000,10883400,5440000,0,0,0,5443400,6152930,6.1529
swap_distribute_parallel_for_1200_3200_2200,1200,2200,0,4400,70413200,21126601,2200,87040000,21120000,21124400,7040000,14084400,7040000,0,0,0,7044400,6169901,6.1699
swap_distribute_parallel_for_1200_3200_2700,1200,2700,0,5400,86416200,25928101,2700,99840000,25920000,25925400,8640000,17285400,8640000,0,0,0,8645400,6218087,6.2181
swap_distribute_parallel_for_1200_3200_3200,1200,3200,0,6400,102419200,30729601,3200,112640000,30720000,30726400,10240000,20486400,10240000,0,0,0,10246400,6204923,6.2049
swap_distribute_parallel_for_1200_3200_3700,1200,3700,0,7400,118422200,35531101,3700,125440000,35520000,35527400,11840000,23687400,11840000,0,0,0,11847400,6201160,6.2012
swap_distribute_parallel_for_1200_3200_4200,1200,4200,0,8400,134425200,40332601,4200,138240000,40320000,40328400,13440000,26888400,13440000,0,0,0,13448400,6152833,6.1528
swap_distribute_parallel_for_1200_3700_1200,1200,1200,0,2400,44407200,13323601,1200,71040000,11520000,13322400,4440000,8882400,4440000,0,0,0,4442400,7138430,7.1384
swap_distribute_parallel_for_1200_3700_1700,1200,1700,0,3400,62910200,18875101,1700,85840000,16320000,18873400,6290000,12583400,6290000,0,0,0,6293400,7057062,7.0571
swap_distribute_parallel_for_1200_3700_2200,1200,2200,0,4400,81413200,24426601,2200,100640000,21120000,24424400,8140000,16284400,8140000,0,0,0,8144400,7164641,7.1646
swap_distribute_parallel_for_1200_3700_2700,1200,2700,0,5400,99916200,29978101,2700,115440000,25920000,29975400,9990000,19985400,9990000,0,0,0,9995400,7315629,7.3156
swap_distribute_parallel_for_1200_3700_3200,1200,3200,0,6400,118419200,35529601,3200,130240000,30720000,35526400,11840000,23686400,11840000,0,0,0,11846400,7204070,7.2041
swap_distribute_parallel_for_1200_3700_3700,1200,3700,0,7400,136922200,41081101,3700,145040000,35520000,41077400,13690000,27387400,13690000,0,0,0,13697400,7087520,7.0875
swap_distribute_parallel_for_1200_3700_4200,1200,4200,0,8400,155425200,46632601,4200,159840000,40320000,46628400,15540000,31088400,15540000,0,0,0,15548400,7172843,7.1728
swap_distribute_parallel_for_1250_1250_1250,1250,1250,0,2500,15632500,4691251,1250,25000000,12500000,4690000,1562500,3127500,1562500,0,0,0,1565000,2498069,2.4981
swap_distribute_parallel_for_1250_1250_1750,1250,1750,0,3500,21885500,6567751,1750,30000000,17500000,6566000,2187500,4378500,2187500,0,0,0,2191000,2512724,2.5127
swap_distribute_parallel_for_1250_1250_2250,1250,2250,0,4500,28138500,8444251,2250,35000000,22500000,8442000,2812500,5629500,2812500,0,0,0,2817000,2550257,2.5503
swap_distribute_parallel_for_1250_1250_2750,1250,2750,0,5500,34391500,10320751,2750,40000000,27500000,10318000,3437500,6880500,3437500,0,0,0,3443000,2631007,2.6310
swap_distribute_parallel_for_1250_1250_3250,1250,3250,0,6500,40644500,12197251,3250,45000000,32500000,12194000,4062500,8131500,4062500,0,0,0,4069000,2515712,2.5157
swap_distribute_parallel_for_1250_1250_3750,1250,3750,0,7500,46897500,14073751,3750,50000000,37500000,14070000,4687500,9382500,4687500,0,0,0,4695000,2514902,2.5149
swap_distribute_parallel_for_1250_1250_4250,1250,4250,0,8500,53150500,15950251,4250,55000000,42500000,15946000,5312500,10633500,5312500,0,0,0,5321000,2518175,2.5182
swap_distribute_parallel_for_1250_1750_1250,1250,1250,0,2500,21882500,6566251,1250,35000000,12500000,6565000,2187500,4377500,2187500,0,0,0,2190000,3497893,3.4979
swap_distribute_parallel_for_1250_1750_1750,1250,1750,0,3500,30635500,9192751,1750,42000000,17500000,9191000,3062500,6128500,3062500,0,0,0,3066000,3550324,3.5503
swap_distribute_parallel_for_1250_1750_2250,1250,2250,0,4500,39388500,11819251,2250,49000000,22500000,11817000,3937500,7879500,3937500,0,0,0,3942000,3595919,3.5959
swap_distribute_parallel_for_1250_1750_2750,1250,2750,0,5500,48141500,14445751,2750,56000000,27500000,14443000,4812500,9630500,4812500,0,0,0,4818000,3563207,3.5632
swap_distribute_parallel_for_1250_1750_3250,1250,3250,0,6500,56894500,17072251,3250,63000000,32500000,17069000,5687500,11381500,5687500,0,0,0,5694000,3751293,3.7513
swap_distribute_parallel_for_1250_1750_3750,1250,3750,0,7500,65647500,19698751,3750,70000000,37500000,19695000,6562500,13132500,6562500,0,0,0,6570000,3605006,3.6050
swap_distribute_parallel_for_1250_1750_4250,1250,4250,0,8500,74400500,22325251,4250,77000000,42500000,22321000,7437500,14883500,7437500,0,0,0,7446000,3562394,3.5624
swap_distribute_parallel_for_1250_2250_1250,1250,1250,0,2500,28132500,8441251,1250,45000000,12500000,8440000,2812500,5627500,2812500,0,0,0,2815000,4482709,4.4827
swap_distribute_parallel_for_1250_2250_1750,1250,1750,0,3500,39385500,11817751,1750,54000000,17500000,11816000,3937500,7878500,3937500,0,0,0,3941000,4501994,4.5020
swap_distribute_parallel_for_1250_2250_2250,1250,2250,0,4500,50638500,15194251,2250,63000000,22500000,15192000,5062500,10129500,5062500,0,0,0,5067000,4615778,4.6158
swap_distribute_parallel_for_1250_2250_2750,1250,2750,0,5500,61891500,18570751,2750,72000000,27500000,18568000,6187500,12380500,6187500,0,0,0,6193000,4509505,4.5095
swap_distribute_parallel_for_1250_2250_3250,1250,3250,0,6500,73144500,21947251,3250,81000000,32500000,21944000,7312500,14631500,7312500,0,0,0,7319000,4662514,4.6625
swap_distribute_parallel_for_1250_2250_3750,1250,3750,0,7500,84397500,25323751,3750,90000000,37500000,25320000,8437500,16882500,8437500,0,0,0,8445000,4541449,4.5414
swap_distribute_parallel_for_1250_2250_4250,1250,4250,0,8500,95650500,28700251,4250,99000000,42500000,28696000,9562500,19133500,9562500,0,0,0,9571000,4605343,4.6053
swap_distribute_parallel_for_1250_2750_1250,1250,1250,0,2500,34382500,10316251,1250,55000000,12500000,10315000,3437500,6877500,3437500,0,0,0,3440000,5601004,5.6010
swap_distribute_parallel_for_1250_2750_1750,1250,1750,0,3500,48135500,14442751,1750,66000000,17500000,14441000,4812500,9628500,4812500,0,0,0,4816000,5628878,5.6289
swap_distribute_parallel_for_1250_2750_2250,1250,2250,0,4500,61888500,18569251,2250,77000000,22500000,18567000,6187500,12379500,6187500,0,0,0,6192000,5497763,5.4978
swap_distribute_parallel_for_1250_2750_2750,1250,2750,0,5500,75641500,22695751,2750,88000000,27500000,22693000,7562500,15130500,7562500,0,0,0,7568000,5505251,5.5053
swap_distribute_parallel_for_1250_2750_3250,1250,3250,0,6500,89394500,26822251,3250,99000000,32500000,26819000,8937500,17881500,8937500,0,0,0,8944000,5586320,5.5863
swap_distribute_parallel_for_1250_2750_3750,1250,3750,0,7500,103147500,30948751,3750,110000000,37500000,30945000,10312500,20632500,10312500,0,0,0,10320000,5541574,5.5416
swap_distribute_parallel_for_1250_2750_4250,1250,4250,0,8500,116900500,35075251,4250,121000000,42500000,35071000,11687500,23383500,11687500,0,0,0,11696000,5705952,5.7060
swap_distribute_parallel_for_1250_3250_1250,1250,1250,0,2500,40632500,12191251,1250,65000000,12500000,12190000,4062500,8127500,4062500,0,0,0,4065000,6458275,6.4583
swap_distribute_parallel_for_1250_3250_1750,1250,1750,0,3500,56885500,17067751,1750,78000000,17500000,17066000,5687500,11378500,5687500,0,0,0,5691000,6572806,6.5728
swap_distribute_parallel_for_1250_3250_2250,1250,2250,0,4500,73138500,21944251,2250,91000000,22500000,21942000,7312500,14629500,7312500,0,0,0,7317000,6508840,6.5088
swap_distribute_parallel_for_1250_3250_2750,1250,2750,0,5500,89391500,26820751,2750,104000000,27500000,26818000,8937500,17880500,8937500,0,0,0,8943000,6542591,6.5426
swap_distribute_parallel_for_1250_3250_3250,1250,3250,0,6500,105644500,31697251,3250,117000000,32500000,31694000,10562500,21131500,10562500,0,0,0,10569000,6613142,6.6131
swap_distribute_parallel_for_1250_3250_3750,1250,3750,0,7500,121897500,36573751,3750,130000000,37500000,36570000,12187500,24382500,12187500,0,0,0,12195000,6550557,6.5506
swap_distribute_parallel_for_1250_3250_4250,1250,4250,0,8500,138150500,41450251,4250,143000000,42500000,41446000,13812500,27633500,13812500,0,0,0,13821000,6585530,6.5855
swap_distribute_parallel_for_1250_3750_1250,1250,1250,0,2500,46882500,14066251,1250,75000000,12500000,14065000,4687500,9377500,4687500,0,0,0,4690000,7475913,7.4759
swap_distribute_parallel_for_1250_3750_1750,1250,1750,0,3500,65635500,19692751,1750,90000000,17500000,19691000,6562500,13128500,6562500,0,0,0,6566000,7563614,7.5636
swap_distribute_parallel_for_1250_3750_2250,1250,2250,0,4500,84388500,25319251,2250,105000000,22500000,25317000,8437500,16879500,8437500,0,0,0,8442000,7569494,7.5695
swap_distribute_parallel_for_1250_3750_2750,1250,2750,0,5500,103141500,30945751,2750,120000000,27500000,30943000,10312500,20630500,10312500,0,0,0,10318000,7607067,7.6071
swap_distribute_parallel_for_1250_3750_3250,1250,3250,0,6500,121894500,36572251,3250,135000000,32500000,36569000,12187500,24381500,12187500,0,0,0,12194000,7665994,7.6660
swap_distribute_parallel_for_1250_3750_3750,1250,3750,0,7500,140647500,42198751,3750,150000000,37500000,42195000,14062500,28132500,14062500,0,0,0,14070000,7653652,7.6537
swap_distribute_parallel_for_1250_3750_4250,1250,4250,0,8500,159400500,47825251,4250,165000000,42500000,47821000,15937500,31883500,15937500,0,0,0,15946000,7599889,7.5999
swap_distribute_parallel_for_1250_4250_1250,1250,1250,0,2500,53132500,15941251,1250,85000000,12500000,15940000,5312500,10627500,5312500,0,0,0,5315000,8584847,8.5848
swap_distribute_parallel_for_1250_4250_1750,1250,1750,0,3500,74385500,22317751,1750,102000000,17500000,22316000,7437500,14878500,7437500,0,0,0,7441000,8627628,8.6276
swap_distribute_parallel_for_1250_4250_2250,1250,2250,0,4500,95638500,28694251,2250,119000000,22500000,28692000,9562500,19129500,9562500,0,0,0,9567000,8615831,8.6158
swap_distribute_parallel_for_1250_4250_2750,1250,2750,0,5500,116891500,35070751,2750,136000000,27500000,35068000,11687500,23380500,11687500,0,0,0,11693000,8595663,8.5957
swap_distribute_parallel_for_1250_4250_3250,1250,3250,0,6500,138144500,41447251,3250,153000000,32500000,41444000,13812500,27631500,13812500,0,0,0,13819000,8585267,8.5853
swap_distribute_parallel_for_1250_4250_3750,1250,3750,0,7500,159397500,47823751,3750,170000000,37500000,47820000,15937500,31882500,15937500,0,0,0,15945000,8705809,8.7058
swap_distribute_parallel_for_1250_4250_4250,1250,4250,0,8500,180650500,54200251,4250,187000000,42500000,54196000,18062500,36133500,18062500,0,0,0,18071000,8694325,8.6943
swap_distribute_parallel_for_1400_1400_1400,1400,1400,0,2800,19608400,5884201,1400,31360000,15680000,5882800,1960000,3922800,1960000,0,0,0,1962800,3128158,3.1282
swap_distribute_parallel_for_1400_1400_1900,1400,1900,0,3800,26611400,7985701,1900,36960000,21280000,7983800,2660000,5323800,2660000,0,0,0,2663800,3128799,3.1288
swap_distribute_parallel_for_1400_1400_2400,1400,2400,0,4800,33614400,10087201,2400,42560000,26880000,10084800,3360000,6724800,3360000,0,0,0,3364800,3135011,3.1350
swap_distribute_parallel_for_1400_1400_2900,1400,2900,0,5800,40617400,12188701,2900,48160000,32480000,12185800,4060000,8125800,4060000,0,0,0,4065800,3174393,3.1744
swap_distribute_parallel_for_1400_1400_3400,1400,3400,0,6800,47620400,14290201,3400,53760000,38080000,14286800,4760000,9526800,4760000,0,0,0,4766800,3246765,3.2468
swap_distribute_parallel_for_1400_1400_3900,1400,3900,0,7800,54623400,16391701,3900,59360000,43680000,16387800,5460000,10927800,5460000,0,0,0,5467800,3202579,3.2026
swap_distribute_parallel_for_1400_1400_900,1400,900,0,1800,12605400,3782701,900,25760000,10080000,3781800,1260000,2521800,1260000,0,0,0,1261800,3147841,3.1478
swap_distribute_parallel_for_1400_1900_1400,1400,1400,0,2800,26608400,7984201,1400,42560000,15680000,7982800,2660000,5322800,2660000,0,0,0,2662800,4208757,4.2088
swap_distribute_parallel_for_1400_1900_1900,1400,1900,0,3800,36111400,10835701,1900,50160000,21280000,10833800,3610000,7223800,3610000,0,0,0,3613800,4336621,4.3366
swap_distribute_parallel_for_1400_1900_2400,1400,2400,0,4800,45614400,13687201,2400,57760000,26880000,13684800,4560000,9124800,4560000,0,0,0,4564800,4360513,4.3605
swap_distribute_parallel_for_1400_1900_2900,1400,2900,0,5800,55117400,16538701,2900,65360000,32480000,16535800,5510000,11025800,5510000,0,0,0,5515800,4413947,4.4139
swap_distribute_parallel_for_1400_1900_3400,1400,3400,0,6800,64620400,19390201,3400,72960000,38080000,19386800,6460000,12926800,6460000,0,0,0,6466800,4402856,4.4029
swap_distribute_parallel_for_1400_1900_3900,1400,3900,0,7800,74123400,22241701,3900,80560000,43680000,22237800,7410000,14827800,7410000,0,0,0,7417800,4389179,4.3892
swap_distribute_parallel_for_1400_1900_900,1400,900,0,1800,17105400,5132701,900,34960000,10080000,5131800,1710000,3421800,1710000,0,0,0,1711800,4256526,4.2565
swap_distribute_parallel_for_1400_2400_1400,1400,1400,0,2800,33608400,10084201,1400,53760000,15680000,10082800,3360000,6722800,3360000,0,0,0,3362800,5334448,5.3344
swap_distribute_parallel_for_1400_2400_1900,1400,1900,0,3800,45611400,13685701,1900,63360000,21280000,13683800,4560000,9123800,4560000,0,0,0,4563800,5387087,5.3871
swap_distribute_parallel_for_1400_2400_2400,1400,2400,0,4800,57614400,17287201,2400,72960000,26880000,17284800,5760000,11524800,5760000,0,0,0,5764800,5399306,5.3993
swap_distribute_parallel_for_1400_2400_2900,1400,2900,0,5800,69617400,20888701,2900,82560000,32480000,20885800,6960000,13925800,6960000,0,0,0,6965800,5362245,5.3622
swap_distribute_parallel_for_1400_2400_3400,1400,3400,0,6800,81620400,24490201,3400,92160000,38080000,24486800,8160000,16326800,8160000,0,0,0,8166800,5404990,5.4050
swap_distribute_parallel_for_1400_2400_3900,1400,3900,0,7800,93623400,28091701,3900,101760000,43680000,28087800,9360000,18727800,9360000,0,0,0,9367800,5360406,5.3604
swap_distribute_parallel_for_1400_2400_900,1400,900,0,1800,21605400,6482701,900,44160000,10080000,6481800,2160000,4321800,2160000,0,0,0,2161800,5354871,5.3549
swap_distribute_parallel_for_1400_2900_1400,1400,1400,0,2800,40608400,12184201,1400,64960000,15680000,12182800,4060000,8122800,4060000,0,0,0,4062800,6452526,6.4525
swap_distribute_parallel_for_1400_2900_1900,1400,1900,0,3800,55111400,16535701,1900,76560000,21280000,16533800,5510000,11023800,5510000,0,0,0,5513800,6464473,6.4645
swap_distribute_parallel_for_1400_2900_2400,1400,2400,0,4800,69614400,20887201,2400,88160000,26880000,20884800,6960000,13924800,6960000,0,0,0,6964800,6572280,6.5723
swap_distribute_parallel_for_1400_2900_2900,1400,2900,0,5800,84117400,25238701,2900,99760000,32480000,25235800,8410000,16825800,8410000,0,0,0,8415800,6564816,6.5648
swap_distribute_parallel_for_1400_2900_3400,1400,3400,0,6800,98620400,29590201,3400,111360000,38080000,29586800,9860000,19726800,9860000,0,0,0,9866800,6583582,6.5836
swap_distribute_parallel_for_1400_2900_3900,1400,3900,0,7800,113123400,33941701,3900,122960000,43680000,33937800,11310000,22627800,11310000,0,0,0,11317800,6731978,6.7320
swap_distribute_parallel_for_1400_2900_900,1400,900,0,1800,26105400,7832701,900,53360000,10080000,7831800,2610000,5221800,2610000,0,0,0,2611800,6556080,6.5561
swap_distribute_parallel_for_1400_3400_1400,1400,1400,0,2800,47608400,14284201,1400,76160000,15680000,14282800,4760000,9522800,4760000,0,0,0,4762800,7573796,7.5738
swap_distribute_parallel_for_1400_3400_1900,1400,1900,0,3800,64611400,19385701,1900,89760000,21280000,19383800,6460000,12923800,6460000,0,0,0,6463800,7704659,7.7047
swap_distribute_parallel_for_1400_3400_2400,1400,2400,0,4800,81614400,24487201,2400,103360000,26880000,24484800,8160000,16324800,8160000,0,0,0,8164800,7571895,7.5719
swap_distribute_parallel_for_1400_3400_2900,1400,2900,0,5800,98617400,29588701,2900,116960000,32480000,29585800,9860000,19725800,9860000,0,0,0,9865800,7640285,7.6403
swap_distribute_parallel_for_1400_3400_3400,1400,3400,0,6800,115620400,34690201,3400,130560000,38080000,34686800,11560000,23126800,11560000,0,0,0,11566800,7553549,7.5535
swap_distribute_parallel_for_1400_3400_3900,1400,3900,0,7800,132623400,39791701,3900,144160000,43680000,39787800,13260000,26527800,13260000,0,0,0,13267800,7691606,7.6916
swap_distribute_parallel_for_1400_3400_900,1400,900,0,1800,30605400,9182701,900,62560000,10080000,9181800,3060000,6121800,3060000,0,0,0,3061800,7568772,7.5688
swap_distribute_parallel_for_1400_3900_1400,1400,1400,0,2800,54608400,16384201,1400,87360000,15680000,16382800,5460000,10922800,5460000,0,0,0,5462800,8687168,8.6872
swap_distribute_parallel_for_1400_3900_1900,1400,1900,0,3800,74111400,22235701,1900,102960000,21280000,22233800,7410000,14823800,7410000,0,0,0,7413800,8798677,8.7987
swap_distribute_parallel_for_1400_3900_2400,1400,2400,0,4800,93614400,28087201,2400,118560000,26880000,28084800,9360000,18724800,9360000,0,0,0,9364800,8912551,8.9126
swap_distribute_parallel_for_1400_3900_2900,1400,2900,0,5800,113117400,33938701,2900,134160000,32480000,33935800,11310000,22625800,11310000,0,0,0,11315800,8818642,8.8186
swap_distribute_parallel_for_1400_3900_3400,1400,3400,0,6800,132620400,39790201,3400,149760000,38080000,39786800,13260000,26526800,13260000,0,0,0,13266800,8889162,8.8892
swap_distribute_parallel_for_1400_3900_3900,1400,3900,0,7800,152123400,45641701,3900,165360000,43680000,45637800,15210000,30427800,15210000,0,0,0,15217800,8775310,8.7753
swap_distribute_parallel_for_1400_3900_900,1400,900,0,1800,35105400,10532701,900,71760000,10080000,10531800,3510000,7021800,3510000,0,0,0,3511800,8762899,8.7629
swap_distribute_parallel_for_1400_900_1400,1400,1400,0,2800,12608400,3784201,1400,20160000,15680000,3782800,1260000,2522800,1260000,0,0,0,1262800,2050255,2.0503
swap_distribute_parallel_for_1400_900_1900,1400,1900,0,3800,17111400,5135701,1900,23760000,21280000,5133800,1710000,3423800,1710000,0,0,0,1713800,2010970,2.0110
swap_distribute_parallel_for_1400_900_2400,1400,2400,0,4800,21614400,6487201,2400,27360000,26880000,6484800,2160000,4324800,2160000,0,0,0,2164800,2009418,2.0094
swap_distribute_parallel_for_1400_900_2900,1400,2900,0,5800,26117400,7838701,2900,30960000,32480000,7835800,2610000,5225800,2610000,0,0,0,2615800,2042707,2.0427
swap_distribute_parallel_for_1400_900_3400,1400,3400,0,6800,30620400,9190201,3400,34560000,38080000,9186800,3060000,6126800,3060000,0,0,0,3066800,2052230,2.0522
swap_distribute_parallel_for_1400_900_3900,1400,3900,0,7800,35123400,10541701,3900,38160000,43680000,10537800,3510000,7027800,3510000,0,0,0,3517800,2015583,2.0156
swap_distribute_parallel_for_1400_900_900,1400,900,0,1800,8105400,2432701,900,16560000,10080000,2431800,810000,1621800,810000,0,0,0,811800,1942145,1.9421
swap_distribute_parallel_for_1500_1000_1000,1500,1000,0,2000,10006000,3003001,1000,20000000,12000000,3002000,1000000,2002000,1000000,0,0,0,1002000,2431634,2.4316
swap_distribute_parallel_for_1500_1000_1500,1500,1500,0,3000,15009000,4504501,1500,24000000,18000000,4503000,1500000,3003000,1500000,0,0,0,1503000,2417490,2.4175
swap_distribute_parallel_for_1500_1000_2000,1500,2000,0,4000,20012000,6006001,2000,28000000,24000000,6004000,2000000,4004000,2000000,0,0,0,2004000,2445947,2.4459
swap_distribute_parallel_for_1500_1000_2500,1500,2500,0,5000,25015000,7507501,2500,32000000,30000000,7505000,2500000,5005000,2500000,0,0,0,2505000,2418734,2.4187
swap_distribute_parallel_for_1500_1000_3000,1500,3000,0,6000,30018000,9009001,3000,36000000,36000000,9006000,3000000,6006000,3000000,0,0,0,3006000,2438502,2.4385
swap_distribute_parallel_for_1500_1000_3500,1500,3500,0,7000,35021000,10510501,3500,40000000,42000000,10507000,3500000,7007000,3500000,0,0,0,3507000,2571059,2.5711
swap_distribute_parallel_for_1500_1000_4000,1500,4000,0,8000,40024000,12012001,4000,44000000,48000000,12008000,4000000,8008000,4000000,0,0,0,4008000,2499692,2.4997
swap_distribute_parallel_for_1500_1500_1000,1500,1000,0,2000,15006000,4503001,1000,30000000,12000000,4502000,1500000,3002000,1500000,0,0,0,1502000,3603444,3.6034
swap_distribute_parallel_for_1500_1500_1500,1500,1500,0,3000,22509000,6754501,1500,36000000,18000000,6753000,2250000,4503000,2250000,0,0,0,2253000,3654627,3.6546
swap_distribute_parallel_for_1500_1500_2000,1500,2000,0,4000,30012000,9006001,2000,42000000,24000000,9004000,3000000,6004000,3000000,0,0,0,3004000,3638217,3.6382
swap_distribute_parallel_for_1500_1500_2500,1500,2500,0,5000,37515000,11257501,2500,48000000,30000000,11255000,3750000,7505000,3750000,0,0,0,3755000,3669683,3.6697
swap_distribute_parallel_for_1500_1500_3000,1500,3000,0,6000,45018000,13509001,3000,54000000,36000000,13506000,4500000,9006000,4500000,0,0,0,4506000,3634782,3.6348
swap_distribute_parallel_for_1500_1500_3500,1500,3500,0,7000,52521000,15760501,3500,60000000,42000000,15757000,5250000,10507000,5250000,0,0,0,5257000,3676638,3.6766
swap_distribute_parallel_for_1500_1500_4000,1500,4000,0,8000,60024000,18012001,4000,66000000,48000000,18008000,6000000,12008000,6000000,0,0,0,6008000,3690352,3.6904
swap_distribute_parallel_for_1500_2000_1000,1500,1000,0,2000,20006000,6003001,1000,40000000,12000000,6002000,2000000,4002000,2000000,0,0,0,2002000,4802855,4.8029
swap_distribute_parallel_for_1500_2000_1500,1500,1500,0,3000,30009000,9004501,1500,48000000,18000000,9003000,3000000,6003000,3000000,0,0,0,3003000,4790923,4.7909
swap_distribute_parallel_for_1500_2000_2000,1500,2000,0,4000,40012000,12006001,2000,56000000,24000000,12004000,4000000,8004000,4000000,0,0,0,4004000,4923833,4.9238
swap_distribute_parallel_for_1500_2000_2500,1500,2500,0,5000,50015000,15007501,2500,64000000,30000000,15005000,5000000,10005000,5000000,0,0,0,5005000,4827285,4.8273
swap_distribute_parallel_for_1500_2000_3000,1500,3000,0,6000,60018000,18009001,3000,72000000,36000000,18006000,6000000,12006000,6000000,0,0,0,6006000,4837119,4.8371
swap_distribute_parallel_for_1500_2000_3500,1500,3500,0,7000,70021000,21010501,3500,80000000,42000000,21007000,7000000,14007000,7000000,0,0,0,7007000,4847339,4.8473
swap_distribute_parallel_for_1500_2000_4000,1500,4000,0,8000,80024000,24012001,4000,88000000,48000000,24008000,8000000,16008000,8000000,0,0,0,8008000,4896323,4.8963
swap_distribute_parallel_for_1500_2500_1000,1500,1000,0,2000,25006000,7503001,1000,50000000,12000000,7502000,2500000,5002000,2500000,0,0,0,2502000,6157330,6.1573
swap_distribute_parallel_for_1500_2500_1500,1500,1500,0,3000,37509000,11254501,1500,60000000,18000000,11253000,3750000,7503000,3750000,0,0,0,3753000,6047977,6.0480
swap_distribute_parallel_for_1500_2500_2000,1500,2000,0,4000,50012000,15006001,2000,70000000,24000000,15004000,5000000,10004000,5000000,0,0,0,5004000,6071902,6.0719
swap_distribute_parallel_for_1500_2500_2500,1500,2500,0,5000,62515000,18757501,2500,80000000,30000000,18755000,6250000,12505000,6250000,0,0,0,6255000,6160044,6.1600
swap_distribute_parallel_for_1500_2500_3000,1500,3000,0,6000,75018000,22509001,3000,90000000,36000000,22506000,7500000,15006000,7500000,0,0,0,7506000,6147718,6.1477
swap_distribute_parallel_for_1500_2500_3500,1500,3500,0,7000,87521000,26260501,3500,100000000,42000000,26257000,8750000,17507000,8750000,0,0,0,8757000,6106378,6.1064
swap_distribute_parallel_for_1500_2500_4000,1500,4000,0,8000,100024000,30012001,4000,110000000,48000000,30008000,10000000,20008000,10000000,0,0,0,10008000,6075212,6.0752
swap_distribute_parallel_for_1500_3000_1000,1500,1000,0,2000,30006000,9003001,1000,60000000,12000000,9002000,3000000,6002000,3000000,0,0,0,3002000,7201284,7.2013
swap_distribute_parallel_for_1500_3000_1500,1500,1500,0,3000,45009000,13504501,1500,72000000,18000000,13503000,4500000,9003000,4500000,0,0,0,4503000,7255216,7.2552
swap_distribute_parallel_for_1500_3000_2000,1500,2000,0,4000,60012000,18006001,2000,84000000,24000000,18004000,6000000,12004000,6000000,0,0,0,6004000,7207564,7.2076
swap_distribute_parallel_for_1500_3000_2500,1500,2500,0,5000,75015000,22507501,2500,96000000,30000000,22505000,7500000,15005000,7500000,0,0,0,7505000,7310094,7.3101
swap_distribute_parallel_for_1500_3000_3000,1500,3000,0,6000,90018000,27009001,3000,108000000,36000000,27006000,9000000,18006000,9000000,0,0,0,9006000,7162869,7.1629
swap_distribute_parallel_for_1500_3000_3500,1500,3500,0,7000,105021000,31510501,3500,120000000,42000000,31507000,10500000,21007000,10500000,0,0,0,10507000,7231077,7.2311
swap_distribute_parallel_for_1500_3000_4000,1500,4000,0,8000,120024000,36012001,4000,132000000,48000000,36008000,12000000,24008000,12000000,0,0,0,12008000,7161191,7.1612
swap_distribute_parallel_for_1500_3500_1000,1500,1000,0,2000,35006000,10503001,1000,70000000,12000000,10502000,3500000,7002000,3500000,0,0,0,3502000,8476823,8.4768
swap_distribute_parallel_for_1500_3500_1500,1500,1500,0,3000,52509000,15754501,1500,84000000,18000000,15753000,5250000,10503000,5250000,0,0,0,5253000,8398401,8.3984
swap_distribute_parallel_for_1500_3500_2000,1500,2000,0,4000,70012000,21006001,2000,98000000,24000000,21004000,7000000,14004000,7000000,0,0,0,7004000,8353715,8.3537
swap_distribute_parallel_for_1500_3500_2500,1500,2500,0,5000,87515000,26257501,2500,112000000,30000000,26255000,8750000,17505000,8750000,0,0,0,8755000,8430214,8.4302
swap_distribute_parallel_for_1500_3500_3000,1500,3000,0,6000,105018000,31509001,3000,126000000,36000000,31506000,10500000,21006000,10500000,0,0,0,10506000,8395175,8.3952
swap_distribute_parallel_for_1500_3500_3500,1500,3500,0,7000,122521000,36760501,3500,140000000,42000000,36757000,12250000,24507000,12250000,0,0,0,12257000,8531224,8.5312
swap_distribute_parallel_for_1500_3500_4000,1500,4000,0,8000,140024000,42012001,4000,154000000,48000000,42008000,14000000,28008000,14000000,0,0,0,14008000,8651913,8.6519
swap_distribute_parallel_for_1500_4000_1000,1500,1000,0,2000,40006000,12003001,1000,80000000,12000000,12002000,4000000,8002000,4000000,0,0,0,4002000,9576489,9.5765
swap_distribute_parallel_for_1500_4000_1500,1500,1500,0,3000,60009000,18004501,1500,96000000,18000000,18003000,6000000,12003000,6000000,0,0,0,6003000,9507565,9.5076
swap_distribute_parallel_for_1500_4000_2000,1500,2000,0,4000,80012000,24006001,2000,112000000,24000000,24004000,8000000,16004000,8000000,0,0,0,8004000,9679421,9.6794
swap_distribute_parallel_for_1500_4000_2500,1500,2500,0,5000,100015000,30007501,2500,128000000,30000000,30005000,10000000,20005000,10000000,0,0,0,10005000,9759385,9.7594
swap_distribute_parallel_for_1500_4000_3000,1500,3000,0,6000,120018000,36009001,3000,144000000,36000000,36006000,12000000,24006000,12000000,0,0,0,12006000,9649080,9.6491
swap_distribute_parallel_for_1500_4000_3500,1500,3500,0,7000,140021000,42010501,3500,160000000,42000000,42007000,14000000,28007000,14000000,0,0,0,14007000,9587451,9.5875
swap_distribute_parallel_for_1500_4000_4000,1500,4000,0,8000,160024000,48012001,4000,176000000,48000000,48008000,16000000,32008000,16000000,0,0,0,16008000,9877607,9.8776
swap_distribute_parallel_for_1700_1200_1200,1700,1200,0,2400,14407200,4323601,1200,27840000,16320000,4322400,1440000,2882400,1440000,0,0,0,1442400,3260416,3.2604
swap_distribute_parallel_for_1700_1200_1700,1700,1700,0,3400,20410200,6125101,1700,32640000,23120000,6123400,2040000,4083400,2040000,0,0,0,2043400,3276903,3.2769
swap_distribute_parallel_for_1700_1200_2200,1700,2200,0,4400,26413200,7926601,2200,37440000,29920000,7924400,2640000,5284400,2640000,0,0,0,2644400,3277828,3.2778
swap_distribute_parallel_for_1700_1200_2700,1700,2700,0,5400,32416200,9728101,2700,42240000,36720000,9725400,3240000,6485400,3240000,0,0,0,3245400,3264853,3.2649
swap_distribute_parallel_for_1700_1200_3200,1700,3200,0,6400,38419200,11529601,3200,47040000,43520000,11526400,3840000,7686400,3840000,0,0,0,3846400,3242256,3.2423
swap_distribute_parallel_for_1700_1200_3700,1700,3700,0,7400,44422200,13331101,3700,51840000,50320000,13327400,4440000,8887400,4440000,0,0,0,4447400,3330600,3.3306
swap_distribute_parallel_for_1700_1200_4200,1700,4200,0,8400,50425200,15132601,4200,56640000,57120000,15128400,5040000,10088400,5040000,0,0,0,5048400,3275161,3.2752
swap_distribute_parallel_for_1700_1700_1200,1700,1200,0,2400,20407200,6123601,1200,39440000,16320000,6122400,2040000,4082400,2040000,0,0,0,2042400,4688739,4.6887
swap_distribute_parallel_for_1700_1700_1700,1700,1700,0,3400,28910200,8675101,1700,46240000,23120000,8673400,2890000,5783400,2890000,0,0,0,2893400,4634687,4.6347
swap_distribute_parallel_for_1700_1700_2200,1700,2200,0,4400,37413200,11226601,2200,53040000,29920000,11224400,3740000,7484400,3740000,0,0,0,3744400,4629561,4.6296
swap_distribute_parallel_for_1700_1700_2700,1700,2700,0,5400,45916200,13778101,2700,59840000,36720000,13775400,4590000,9185400,4590000,0,0,0,4595400,4708529,4.7085
swap_distribute_parallel_for_1700_1700_3200,1700,3200,0,6400,54419200,16329601,3200,66640000,43520000,16326400,5440000,10886400,5440000,0,0,0,5446400,4704011,4.7040
swap_distribute_parallel_for_1700_1700_3700,1700,3700,0,7400,62922200,18881101,3700,73440000,50320000,18877400,6290000,12587400,6290000,0,0,0,6297400,4702069,4.7021
swap_distribute_parallel_for_1700_1700_4200,1700,4200,0,8400,71425200,21432601,4200,80240000,57120000,21428400,7140000,14288400,7140000,0,0,0,7148400,4757428,4.7574
swap_distribute_parallel_for_1700_2200_1200,1700,1200,0,2400,26407200,7923601,1200,51040000,16320000,7922400,2640000,5282400,2640000,0,0,0,2642400,6038611,6.0386
swap_distribute_parallel_for_1700_2200_1700,1700,1700,0,3400,37410200,11225101,1700,59840000,23120000,11223400,3740000,7483400,3740000,0,0,0,3743400,5951332,5.9513
swap_distribute_parallel_for_1700_2200_2200,1700,2200,0,4400,48413200,14526601,2200,68640000,29920000,14524400,4840000,9684400,4840000,0,0,0,4844400,5955095,5.9551
swap_distribute_parallel_for_1700_2200_2700,1700,2700,0,5400,59416200,17828101,2700,77440000,36720000,17825400,5940000,11885400,5940000,0,0,0,5945400,6106455,6.1065
swap_distribute_parallel_for_1700_2200_3200,1700,3200,0,6400,70419200,21129601,3200,86240000,43520000,21126400,7040000,14086400,7040000,0,0,0,7046400,6089604,6.0896
swap_distribute_parallel_for_1700_2200_3700,1700,3700,0,7400,81422200,24431101,3700,95040000,50320000,24427400,8140000,16287400,8140000,0,0,0,8147400,6120436,6.1204
swap_distribute_parallel_for_1700_2200_4200,1700,4200,0,8400,92425200,27732601,4200,103840000,57120000,27728400,9240000,18488400,9240000,0,0,0,9248400,5988878,5.9889
swap_distribute_parallel_for_1700_2700_1200,1700,1200,0,2400,32407200,9723601,1200,62640000,16320000,9722400,3240000,6482400,3240000,0,0,0,3242400,7341019,7.3410
swap_distribute_parallel_for_1700_2700_1700,1700,1700,0,3400,45910200,13775101,1700,73440000,23120000,13773400,4590000,9183400,4590000,0,0,0,4593400,7395322,7.3953
swap_distribute_parallel_for_1700_2700_2200,1700,2200,0,4400,59413200,17826601,2200,84240000,29920000,17824400,5940000,11884400,5940000,0,0,0,5944400,7303926,7.3039
swap_distribute_parallel_for_1700_2700_2700,1700,2700,0,5400,72916200,21878101,2700,95040000,36720000,21875400,7290000,14585400,7290000,0,0,0,7295400,7366913,7.3669
swap_distribute_parallel_for_1700_2700_3200,1700,3200,0,6400,86419200,25929601,3200,105840000,43520000,25926400,8640000,17286400,8640000,0,0,0,8646400,7409637,7.4096
swap_distribute_parallel_for_1700_2700_3700,1700,3700,0,7400,99922200,29981101,3700,116640000,50320000,29977400,9990000,19987400,9990000,0,0,0,9997400,7426733,7.4267
swap_distribute_parallel_for_1700_2700_4200,1700,4200,0,8400,113425200,34032601,4200,127440000,57120000,34028400,11340000,22688400,11340000,0,0,0,11348400,7402688,7.4027
swap_distribute_parallel_for_1700_3200_1200,1700,1200,0,2400,38407200,11523601,1200,74240000,16320000,11522400,3840000,7682400,3840000,0,0,0,3842400,8612710,8.6127
swap_distribute_parallel_for_1700_3200_1700,1700,1700,0,3400,54410200,16325101,1700,87040000,23120000,16323400,5440000,10883400,5440000,0,0,0,5443400,8725975,8.7260
swap_distribute_parallel_for_1700_3200_2200,1700,2200,0,4400,70413200,21126601,2200,99840000,29920000,21124400,7040000,14084400,7040000,0,0,0,7044400,8735064,8.7351
swap_distribute_parallel_for_1700_3200_2700,1700,2700,0,5400,86416200,25928101,2700,112640000,36720000,25925400,8640000,17285400,8640000,0,0,0,8645400,8926620,8.9266
swap_distribute_parallel_for_1700_3200_3200,1700,3200,0,6400,102419200,30729601,3200,125440000,43520000,30726400,10240000,20486400,10240000,0,0,0,10246400,8760818,8.7608
swap_distribute_parallel_for_1700_3200_3700,1700,3700,0,7400,118422200,35531101,3700,138240000,50320000,35527400,11840000,23687400,11840000,0,0,0,11847400,8819455,8.8195
swap_distribute_parallel_for_1700_3200_4200,1700,4200,0,8400,134425200,40332601,4200,151040000,57120000,40328400,13440000,26888400,13440000,0,0,0,13448400,8763483,8.7635
swap_distribute_parallel_for_1700_3700_1200,1700,1200,0,2400,44407200,13323601,1200,85840000,16320000,13322400,4440000,8882400,4440000,0,0,0,4442400,9994410,9.9944
swap_distribute_parallel_for_1700_3700_1700,1700,1700,0,3400,62910200,18875101,1700,100640000,23120000,18873400,6290000,12583400,6290000,0,0,0,6293400,10009228,10.0092
swap_distribute_parallel_for_1700_3700_2200,1700,2200,0,4400,81413200,24426601,2200,115440000,29920000,24424400,8140000,16284400,8140000,0,0,0,8144400,10189494,10.1895
swap_distribute_parallel_for_1700_3700_2700,1700,2700,0,5400,99916200,29978101,2700,130240000,36720000,29975400,9990000,19985400,9990000,0,0,0,9995400,10077225,10.0772
swap_distribute_parallel_for_1700_3700_3200,1700,3200,0,6400,118419200,35529601,3200,145040000,43520000,35526400,11840000,23686400,11840000,0,0,0,11846400,10026317,10.0263
swap_distribute_parallel_for_1700_3700_3700,1700,3700,0,7400,136922200,41081101,3700,159840000,50320000,41077400,13690000,27387400,13690000,0,0,0,13697400,10068839,10.0688
swap_distribute_parallel_for_1700_3700_4200,1700,4200,0,8400,155425200,46632601,4200,174640000,57120000,46628400,15540000,31088400,15540000,0,0,0,15548400,9993317,9.9933
swap_distribute_parallel_for_1750_1250_1250,1750,1250,0,2500,15632500,4691251,1250,30000000,17500000,4690000,1562500,3127500,1562500,0,0,0,1565000,3502044,3.5020
swap_distribute_parallel_for_1750_1250_1750,1750,1750,0,3500,21885500,6567751,1750,35000000,24500000,6566000,2187500,4378500,2187500,0,0,0,2191000,3519316,3.5193
swap_distribute_parallel_for_1750_1250_2250,1750,2250,0,4500,28138500,8444251,2250,40000000,31500000,8442000,2812500,5629500,2812500,0,0,0,2817000,3600587,3.6006
swap_distribute_parallel_for_1750_1250_2750,1750,2750,0,5500,34391500,10320751,2750,45000000,38500000,10318000,3437500,6880500,3437500,0,0,0,3443000,3500229,3.5002
swap_distribute_parallel_for_1750_1250_3250,1750,3250,0,6500,40644500,12197251,3250,50000000,45500000,12194000,4062500,8131500,4062500,0,0,0,4069000,3554404,3.5544
swap_distribute_parallel_for_1750_1250_3750,1750,3750,0,7500,46897500,14073751,3750,55000000,52500000,14070000,4687500,9382500,4687500,0,0,0,4695000,3533902,3.5339
swap_distribute_parallel_for_1750_1250_4250,1750,4250,0,8500,53150500,15950251,4250,60000000,59500000,15946000,5312500,10633500,5312500,0,0,0,5321000,3501557,3.5016
swap_distribute_parallel_for_1750_1750_1250,1750,1250,0,2500,21882500,6566251,1250,42000000,17500000,6565000,2187500,4377500,2187500,0,0,0,2190000,4897603,4.8976
swap_distribute_parallel_for_1750_1750_1750,1750,1750,0,3500,30635500,9192751,1750,49000000,24500000,9191000,3062500,6128500,3062500,0,0,0,3066000,5020451,5.0205
swap_distribute_parallel_for_1750_1750_2250,1750,2250,0,4500,39388500,11819251,2250,56000000,31500000,11817000,3937500,7879500,3937500,0,0,0,3942000,4963457,4.9635
swap_distribute_parallel_for_1750_1750_2750,1750,2750,0,5500,48141500,14445751,2750,63000000,38500000,14443000,4812500,9630500,4812500,0,0,0,4818000,5087831,5.0878
swap_distribute_parallel_for_1750_1750_3250,1750,3250,0,6500,56894500,17072251,3250,70000000,45500000,17069000,5687500,11381500,5687500,0,0,0,5694000,4971746,4.9717
swap_distribute_parallel_for_1750_1750_3750,1750,3750,0,7500,65647500,19698751,3750,77000000,52500000,19695000,6562500,13132500,6562500,0,0,0,6570000,4972812,4.9728
swap_distribute_parallel_for_1750_1750_4250,1750,4250,0,8500,74400500,22325251,4250,84000000,59500000,22321000,7437500,14883500,7437500,0,0,0,7446000,5011886,5.0119
swap_distribute_parallel_for_1750_2250_1250,1750,1250,0,2500,28132500,8441251,1250,54000000,17500000,8440000,2812500,5627500,2812500,0,0,0,2815000,6273737,6.2737
swap_distribute_parallel_for_1750_2250_1750,1750,1750,0,3500,39385500,11817751,1750,63000000,24500000,11816000,3937500,7878500,3937500,0,0,0,3941000,6309279,6.3093
swap_distribute_parallel_for_1750_2250_2250,1750,2250,0,4500,50638500,15194251,2250,72000000,31500000,15192000,5062500,10129500,5062500,0,0,0,5067000,6322953,6.3230
swap_distribute_parallel_for_1750_2250_2750,1750,2750,0,5500,61891500,18570751,2750,81000000,38500000,18568000,6187500,12380500,6187500,0,0,0,6193000,6515911,6.5159
swap_distribute_parallel_for_1750_2250_3250,1750,3250,0,6500,73144500,21947251,3250,90000000,45500000,21944000,7312500,14631500,7312500,0,0,0,7319000,6547733,6.5477
swap_distribute_parallel_for_1750_2250_3750,1750,3750,0,7500,84397500,25323751,3750,99000000,52500000,25320000,8437500,16882500,8437500,0,0,0,8445000,6394852,6.3949
swap_distribute_parallel_for_1750_2250_4250,1750,4250,0,8500,95650500,28700251,4250,108000000,59500000,28696000,9562500,19133500,9562500,0,0,0,9571000,6325409,6.3254
swap_distribute_parallel_for_1750_2750_1250,1750,1250,0,2500,34382500,10316251,1250,66000000,17500000,10315000,3437500,6877500,3437500,0,0,0,3440000,7695188,7.6952
swap_distribute_parallel_for_1750_2750_1750,1750,1750,0,3500,48135500,14442751,1750,77000000,24500000,14441000,4812500,9628500,4812500,0,0,0,4816000,7813301,7.8133
swap_distribute_parallel_for_1750_2750_2250,1750,2250,0,4500,61888500,18569251,2250,88000000,31500000,18567000,6187500,12379500,6187500,0,0,0,6192000,7744744,7.7447
swap_distribute_parallel_for_1750_2750_2750,1750,2750,0,5500,75641500,22695751,2750,99000000,38500000,22693000,7562500,15130500,7562500,0,0,0,7568000,7767018,7.7670
swap_distribute_parallel_for_1750_2750_3250,1750,3250,0,6500,89394500,26822251,3250,110000000,45500000,26819000,8937500,17881500,8937500,0,0,0,8944000,7932224,7.9322
swap_distribute_parallel_for_1750_2750_3750,1750,3750,0,7500,103147500,30948751,3750,121000000,52500000,30945000,10312500,20632500,10312500,0,0,0,10320000,7887219,7.8872
swap_distribute_parallel_for_1750_2750_4250,1750,4250,0,8500,116900500,35075251,4250,132000000,59500000,35071000,11687500,23383500,11687500,0,0,0,11696000,7839143,7.8391
swap_distribute_parallel_for_1750_3250_1250,1750,1250,0,2500,40632500,12191251,1250,78000000,17500000,12190000,4062500,8127500,4062500,0,0,0,4065000,9105201,9.1052
swap_distribute_parallel_for_1750_3250_1750,1750,1750,0,3500,56885500,17067751,1750,91000000,24500000,17066000,5687500,11378500,5687500,0,0,0,5691000,9317653,9.3177
swap_distribute_parallel_for_1750_3250_2250,1750,2250,0,4500,73138500,21944251,2250,104000000,31500000,21942000,7312500,14629500,7312500,0,0,0,7317000,9306258,9.3063
swap_distribute_parallel_for_1750_3250_2750,1750,2750,0,5500,89391500,26820751,2750,117000000,38500000,26818000,8937500,17880500,8937500,0,0,0,8943000,9174736,9.1747
swap_distribute_parallel_for_1750_3250_3250,1750,3250,0,6500,105644500,31697251,3250,130000000,45500000,31694000,10562500,21131500,10562500,0,0,0,10569000,9148663,9.1487
swap_distribute_parallel_for_1750_3250_3750,1750,3750,0,7500,121897500,36573751,3750,143000000,52500000,36570000,12187500,24382500,12187500,0,0,0,12195000,9104347,9.1043
swap_distribute_parallel_for_1750_3250_4250,1750,4250,0,8500,138150500,41450251,4250,156000000,59500000,41446000,13812500,27633500,13812500,0,0,0,13821000,9236486,9.2365
swap_distribute_parallel_for_1750_3750_1250,1750,1250,0,2500,46882500,14066251,1250,90000000,17500000,14065000,4687500,9377500,4687500,0,0,0,4690000,10482138,10.4821
swap_distribute_parallel_for_1750_3750_1750,1750,1750,0,3500,65635500,19692751,1750,105000000,24500000,19691000,6562500,13128500,6562500,0,0,0,6566000,10564780,10.5648
swap_distribute_parallel_for_1750_3750_2250,1750,2250,0,4500,84388500,25319251,2250,120000000,31500000,25317000,8437500,16879500,8437500,0,0,0,8442000,10470801,10.4708
swap_distribute_parallel_for_1750_3750_2750,1750,2750,0,5500,103141500,30945751,2750,135000000,38500000,30943000,10312500,20630500,10312500,0,0,0,10318000,10793759,10.7938
swap_distribute_parallel_for_1750_3750_3250,1750,3250,0,6500,121894500,36572251,3250,150000000,45500000,36569000,12187500,24381500,12187500,0,0,0,12194000,10467222,10.4672
swap_distribute_parallel_for_1750_3750_3750,1750,3750,0,7500,140647500,42198751,3750,165000000,52500000,42195000,14062500,28132500,14062500,0,0,0,14070000,10555868,10.5559
swap_distribute_parallel_for_1750_3750_4250,1750,4250,0,8500,159400500,47825251,4250,180000000,59500000,47821000,15937500,31883500,15937500,0,0,0,15946000,10608900,10.6089
swap_distribute_parallel_for_1750_4250_1250,1750,1250,0,2500,53132500,15941251,1250,102000000,17500000,15940000,5312500,10627500,5312500,0,0,0,5315000,11825986,11.8260
swap_distribute_parallel_for_1750_4250_1750,1750,1750,0,3500,74385500,22317751,1750,119000000,24500000,22316000,7437500,14878500,7437500,0,0,0,7441000,11917594,11.9176
swap_distribute_parallel_for_1750_4250_2250,1750,2250,0,4500,95638500,28694251,2250,136000000,31500000,28692000,9562500,19129500,9562500,0,0,0,9567000,11934624,11.9346
swap_distribute_parallel_for_1750_4250_2750,1750,2750,0,5500,116891500,35070751,2750,153000000,38500000,35068000,11687500,23380500,11687500,0,0,0,11693000,12021694,12.0217
swap_distribute_parallel_for_1750_4250_3250,1750,3250,0,6500,138144500,41447251,3250,170000000,45500000,41444000,13812500,27631500,13812500,0,0,0,13819000,12101000,12.1010
swap_distribute_parallel_for_1750_4250_3750,1750,3750,0,7500,159397500,47823751,3750,187000000,52500000,47820000,15937500,31882500,15937500,0,0,0,15945000,12004191,12.0042
swap_distribute_parallel_for_1750_4250_4250,1750,4250,0,8500,180650500,54200251,4250,204000000,59500000,54196000,18062500,36133500,18062500,0,0,0,18071000,12363372,12.3634
swap_distribute_parallel_for_1900_1400_1400,1900,1400,0,2800,19608400,5884201,1400,36960000,21280000,5882800,1960000,3922800,1960000,0,0,0,1962800,4234525,4.2345
swap_distribute_parallel_for_1900_1400_1900,1900,1900,0,3800,26611400,7985701,1900,42560000,28880000,7983800,2660000,5323800,2660000,0,0,0,2663800,4402408,4.4024
swap_distribute_parallel_for_1900_1400_2400,1900,2400,0,4800,33614400,10087201,2400,48160000,36480000,10084800,3360000,6724800,3360000,0,0,0,3364800,4326764,4.3268
swap_distribute_parallel_for_1900_1400_2900,1900,2900,0,5800,40617400,12188701,2900,53760000,44080000,12185800,4060000,8125800,4060000,0,0,0,4065800,4333087,4.3331
swap_distribute_parallel_for_1900_1400_3400,1900,3400,0,6800,47620400,14290201,3400,59360000,51680000,14286800,4760000,9526800,4760000,0,0,0,4766800,4223553,4.2236
swap_distribute_parallel_for_1900_1400_3900,1900,3900,0,7800,54623400,16391701,3900,64960000,59280000,16387800,5460000,10927800,5460000,0,0,0,5467800,4455299,4.4553
swap_distribute_parallel_for_1900_1400_900,1900,900,0,1800,12605400,3782701,900,31360000,13680000,3781800,1260000,2521800,1260000,0,0,0,1261800,4402624,4.4026
swap_distribute_parallel_for_1900_1900_1400,1900,1400,0,2800,26608400,7984201,1400,50160000,21280000,7982800,2660000,5322800,2660000,0,0,0,2662800,5760507,5.7605
swap_distribute_parallel_for_1900_1900_1900,1900,1900,0,3800,36111400,10835701,1900,57760000,28880000,10833800,3610000,7223800,3610000,0,0,0,3613800,5788054,5.7881
swap_distribute_parallel_for_1900_1900_2400,1900,2400,0,4800,45614400,13687201,2400,65360000,36480000,13684800,4560000,9124800,4560000,0,0,0,4564800,5812389,5.8124
swap_distribute_parallel_for_1900_1900_2900,1900,2900,0,5800,55117400,16538701,2900,72960000,44080000,16535800,5510000,11025800,5510000,0,0,0,5515800,5759690,5.7597
swap_distribute_parallel_for_1900_1900_3400,1900,3400,0,6800,64620400,19390201,3400,80560000,51680000,19386800,6460000,12926800,6460000,0,0,0,6466800,5806908,5.8069
swap_distribute_parallel_for_1900_1900_3900,1900,3900,0,7800,74123400,22241701,3900,88160000,59280000,22237800,7410000,14827800,7410000,0,0,0,7417800,5802495,5.8025
swap_distribute_parallel_for_1900_1900_900,1900,900,0,1800,17105400,5132701,900,42560000,13680000,5131800,1710000,3421800,1710000,0,0,0,1711800,5751941,5.7519
swap_distribute_parallel_for_1900_2400_1400,1900,1400,0,2800,33608400,10084201,1400,63360000,21280000,10082800,3360000,6722800,3360000,0,0,0,3362800,7273223,7.2732
swap_distribute_parallel_for_1900_2400_1900,1900,1900,0,3800,45611400,13685701,1900,72960000,28880000,13683800,4560000,9123800,4560000,0,0,0,4563800,7236115,7.2361
swap_distribute_parallel_for_1900_2400_2400,1900,2400,0,4800,57614400,17287201,2400,82560000,36480000,17284800,5760000,11524800,5760000,0,0,0,5764800,7359475,7.3595
swap_distribute_parallel_for_1900_2400_2900,1900,2900,0,5800,69617400,20888701,2900,92160000,44080000,20885800,6960000,13925800,6960000,0,0,0,6965800,7309776,7.3098
swap_distribute_parallel_for_1900_2400_3400,1900,3400,0,6800,81620400,24490201,3400,101760000,51680000,24486800,8160000,16326800,8160000,0,0,0,8166800,7386267,7.3863
swap_distribute_parallel_for_1900_2400_3900,1900,3900,0,7800,93623400,28091701,3900,111360000,59280000,28087800,9360000,18727800,9360000,0,0,0,9367800,7435963,7.4360
swap_distribute_parallel_for_1900_2400_900,1900,900,0,1800,21605400,6482701,900,53760000,13680000,6481800,2160000,4321800,2160000,0,0,0,2161800,7309140,7.3091
swap_distribute_parallel_for_1900_2900_1400,1900,1400,0,2800,40608400,12184201,1400,76560000,21280000,12182800,4060000,8122800,4060000,0,0,0,4062800,8856222,8.8562
swap_distribute_parallel_for_1900_2900_1900,1900,1900,0,3800,55111400,16535701,1900,88160000,28880000,16533800,5510000,11023800,5510000,0,0,0,5513800,8823948,8.8239
swap_distribute_parallel_for_1900_2900_2400,1900,2400,0,4800,69614400,20887201,2400,99760000,36480000,20884800,6960000,13924800,6960000,0,0,0,6964800,8820841,8.8208
swap_distribute_parallel_for_1900_2900_2900,1900,2900,0,5800,84117400,25238701,2900,111360000,44080000,25235800,8410000,16825800,8410000,0,0,0,8415800,8976807,8.9768
swap_distribute_parallel_for_1900_2900_3400,1900,3400,0,6800,98620400,29590201,3400,122960000,51680000,29586800,9860000,19726800,9860000,0,0,0,9866800,8870258,8.8703
swap_distribute_parallel_for_1900_2900_3900,1900,3900,0,7800,113123400,33941701,3900,134560000,59280000,33937800,11310000,22627800,11310000,0,0,0,11317800,9085281,9.0853
swap_distribute_parallel_for_1900_2900_900,1900,900,0,1800,26105400,7832701,900,64960000,13680000,7831800,2610000,5221800,2610000,0,0,0,2611800,8849145,8.8491
swap_distribute_parallel_for_1900_3400_1400,1900,1400,0,2800,47608400,14284201,1400,89760000,21280000,14282800,4760000,9522800,4760000,0,0,0,4762800,10325448,10.3254
swap_distribute_parallel_for_1900_3400_1900,1900,1900,0,3800,64611400,19385701,1900,103360000,28880000,19383800,6460000,12923800,6460000,0,0,0,6463800,10340399,10.3404
swap_distribute_parallel_for_1900_3400_2400,1900,2400,0,4800,81614400,24487201,2400,116960000,36480000,24484800,8160000,16324800,8160000,0,0,0,8164800,10482057,10.4821
swap_distribute_parallel_for_1900_3400_2900,1900,2900,0,5800,98617400,29588701,2900,130560000,44080000,29585800,9860000,19725800,9860000,0,0,0,9865800,10524611,10.5246
swap_distribute_parallel_for_1900_3400_3400,1900,3400,0,6800,115620400,34690201,3400,144160000,51680000,34686800,11560000,23126800,11560000,0,0,0,11566800,10345529,10.3455
swap_distribute_parallel_for_1900_3400_3900,1900,3900,0,7800,132623400,39791701,3900,157760000,59280000,39787800,13260000,26527800,13260000,0,0,0,13267800,10549892,10.5499
swap_distribute_parallel_for_1900_3400_900,1900,900,0,1800,30605400,9182701,900,76160000,13680000,9181800,3060000,6121800,3060000,0,0,0,3061800,10265228,10.2652
swap_distribute_parallel_for_1900_3900_1400,1900,1400,0,2800,54608400,16384201,1400,102960000,21280000,16382800,5460000,10922800,5460000,0,0,0,5462800,11934614,11.9346
swap_distribute_parallel_for_1900_3900_1900,1900,1900,0,3800,74111400,22235701,1900,118560000,28880000,22233800,7410000,14823800,7410000,0,0,0,7413800,11872106,11.8721
swap_distribute_parallel_for_1900_3900_2400,1900,2400,0,4800,93614400,28087201,2400,134160000,36480000,28084800,9360000,18724800,9360000,0,0,0,9364800,11874123,11.8741
swap_distribute_parallel_for_1900_3900_2900,1900,2900,0,5800,113117400,33938701,2900,149760000,44080000,33935800,11310000,22625800,11310000,0,0,0,11315800,11901401,11.9014
swap_distribute_parallel_for_1900_3900_3400,1900,3400,0,6800,132620400,39790201,3400,165360000,51680000,39786800,13260000,26526800,13260000,0,0,0,13266800,11770291,11.7703
swap_distribute_parallel_for_1900_3900_3900,1900,3900,0,7800,152123400,45641701,3900,180960000,59280000,45637800,15210000,30427800,15210000,0,0,0,15217800,11738386,11.7384
swap_distribute_parallel_for_1900_3900_900,1900,900,0,1800,35105400,10532701,900,87360000,13680000,10531800,3510000,7021800,3510000,0,0,0,3511800,11795130,11.7951
swap_distribute_parallel_for_1900_900_1400,1900,1400,0,2800,12608400,3784201,1400,23760000,21280000,3782800,1260000,2522800,1260000,0,0,0,1262800,2757432,2.7574
swap_distribute_parallel_for_1900_900_1900,1900,1900,0,3800,17111400,5135701,1900,27360000,28880000,5133800,1710000,3423800,1710000,0,0,0,1713800,2729951,2.7300
swap_distribute_parallel_for_1900_900_2400,1900,2400,0,4800,21614400,6487201,2400,30960000,36480000,6484800,2160000,4324800,2160000,0,0,0,2164800,2806096,2.8061
swap_distribute_parallel_for_1900_900_2900,1900,2900,0,5800,26117400,7838701,2900,34560000,44080000,7835800,2610000,5225800,2610000,0,0,0,2615800,2824676,2.8247
swap_distribute_parallel_for_1900_900_3400,1900,3400,0,6800,30620400,9190201,3400,38160000,51680000,9186800,3060000,6126800,3060000,0,0,0,3066800,2762025,2.7620
swap_distribute_parallel_for_1900_900_3900,1900,3900,0,7800,35123400,10541701,3900,41760000,59280000,10537800,3510000,7027800,3510000,0,0,0,3517800,2755892,2.7559
swap_distribute_parallel_for_1900_900_900,1900,900,0,1800,8105400,2432701,900,20160000,13680000,2431800,810000,1621800,810000,0,0,0,811800,2593585,2.5936
swap_distribute_parallel_for_2000_1000_1000,2000,1000,0,2000,10006000,3003001,1000,24000000,16000000,3002000,1000000,2002000,1000000,0,0,0,1002000,3243266,3.2433
swap_distribute_parallel_for_2000_1000_1500,2000,1500,0,3000,15009000,4504501,1500,28000000,24000000,4503000,1500000,3003000,1500000,0,0,0,1503000,3293209,3.2932
swap_distribute_parallel_for_2000_1000_2000,2000,2000,0,4000,20012000,6006001,2000,32000000,32000000,6004000,2000000,4004000,2000000,0,0,0,2004000,3378335,3.3783
swap_distribute_parallel_for_2000_1000_2500,2000,2500,0,5000,25015000,7507501,2500,36000000,40000000,7505000,2500000,5005000,2500000,0,0,0,2505000,3250024,3.2500
swap_distribute_parallel_for_2000_1000_3000,2000,3000,0,6000,30018000,9009001,3000,40000000,48000000,9006000,3000000,6006000,3000000,0,0,0,3006000,3194828,3.1948
swap_distribute_parallel_for_2000_1000_3500,2000,3500,0,7000,35021000,10510501,3500,44000000,56000000,10507000,3500000,7007000,3500000,0,0,0,3507000,3313485,3.3135
swap_distribute_parallel_for_2000_1000_4000,2000,4000,0,8000,40024000,12012001,4000,48000000,64000000,12008000,4000000,8008000,4000000,0,0,0,4008000,3282264,3.2823
swap_distribute_parallel_for_2000_1500_1000,2000,1000,0,2000,15006000,4503001,1000,36000000,16000000,4502000,1500000,3002000,1500000,0,0,0,1502000,4868622,4.8686
swap_distribute_parallel_for_2000_1500_1500,2000,1500,0,3000,22509000,6754501,1500,42000000,24000000,6753000,2250000,4503000,2250000,0,0,0,2253000,4792525,4.7925
swap_distribute_parallel_for_2000_1500_2000,2000,2000,0,4000,30012000,9006001,2000,48000000,32000000,9004000,3000000,6004000,3000000,0,0,0,3004000,4796138,4.7961
swap_distribute_parallel_for_2000_1500_2500,2000,2500,0,5000,37515000,11257501,2500,54000000,40000000,11255000,3750000,7505000,3750000,0,0,0,3755000,4857972,4.8580
swap_distribute_parallel_for_2000_1500_3000,2000,3000,0,6000,45018000,13509001,3000,60000000,48000000,13506000,4500000,9006000,4500000,0,0,0,4506000,4937235,4.9372
swap_distribute_parallel_for_2000_1500_3500,2000,3500,0,7000,52521000,15760501,3500,66000000,56000000,15757000,5250000,10507000,5250000,0,0,0,5257000,4960147,4.9601
swap_distribute_parallel_for_2000_1500_4000,2000,4000,0,8000,60024000,18012001,4000,72000000,64000000,18008000,6000000,12008000,6000000,0,0,0,6008000,4810967,4.8110
swap_distribute_parallel_for_2000_2000_1000,2000,1000,0,2000,20006000,6003001,1000,48000000,16000000,6002000,2000000,4002000,2000000,0,0,0,2002000,6416882,6.4169
swap_distribute_parallel_for_2000_2000_1500,2000,1500,0,3000,30009000,9004501,1500,56000000,24000000,9003000,3000000,6003000,3000000,0,0,0,3003000,6412956,6.4130
swap_distribute_parallel_for_2000_2000_2000,2000,2000,0,4000,40012000,12006001,2000,64000000,32000000,12004000,4000000,8004000,4000000,0,0,0,4004000,6367415,6.3674
swap_distribute_parallel_for_2000_2000_2500,2000,2500,0,5000,50015000,15007501,2500,72000000,40000000,15005000,5000000,10005000,5000000,0,0,0,5005000,6573636,6.5736
swap_distribute_parallel_for_2000_2000_3000,2000,3000,0,6000,60018000,18009001,3000,80000000,48000000,18006000,6000000,12006000,6000000,0,0,0,6006000,6457165,6.4572
swap_distribute_parallel_for_2000_2000_3500,2000,3500,0,7000,70021000,21010501,3500,88000000,56000000,21007000,7000000,14007000,7000000,0,0,0,7007000,6431882,6.4319
swap_distribute_parallel_for_2000_2000_4000,2000,4000,0,8000,80024000,24012001,4000,96000000,64000000,24008000,8000000,16008000,8000000,0,0,0,8008000,6456366,6.4564
swap_distribute_parallel_for_2000_2500_1000,2000,1000,0,2000,25006000,7503001,1000,60000000,16000000,7502000,2500000,5002000,2500000,0,0,0,2502000,8001014,8.0010
swap_distribute_parallel_for_2000_2500_1500,2000,1500,0,3000,37509000,11254501,1500,70000000,24000000,11253000,3750000,7503000,3750000,0,0,0,3753000,7947866,7.9479
swap_distribute_parallel_for_2000_2500_2000,2000,2000,0,4000,50012000,15006001,2000,80000000,32000000,15004000,5000000,10004000,5000000,0,0,0,5004000,8220602,8.2206
swap_distribute_parallel_for_2000_2500_2500,2000,2500,0,5000,62515000,18757501,2500,90000000,40000000,18755000,6250000,12505000,6250000,0,0,0,6255000,8075906,8.0759
swap_distribute_parallel_for_2000_2500_3000,2000,3000,0,6000,75018000,22509001,3000,100000000,48000000,22506000,7500000,15006000,7500000,0,0,0,7506000,8062398,8.0624
swap_distribute_parallel_for_2000_2500_3500,2000,3500,0,7000,87521000,26260501,3500,110000000,56000000,26257000,8750000,17507000,8750000,0,0,0,8757000,8067537,8.0675
swap_distribute_parallel_for_2000_2500_4000,2000,4000,0,8000,100024000,30012001,4000,120000000,64000000,30008000,10000000,20008000,10000000,0,0,0,10008000,8068932,8.0689
swap_distribute_parallel_for_2000_3000_1000,2000,1000,0,2000,30006000,9003001,1000,72000000,16000000,9002000,3000000,6002000,3000000,0,0,0,3002000,9616733,9.6167
swap_distribute_parallel_for_2000_3000_1500,2000,1500,0,3000,45009000,13504501,1500,84000000,24000000,13503000,4500000,9003000,4500000,0,0,0,4503000,9679969,9.6800
swap_distribute_parallel_for_2000_3000_2000,2000,2000,0,4000,60012000,18006001,2000,96000000,32000000,18004000,6000000,12004000,6000000,0,0,0,6004000,9552114,9.5521
swap_distribute_parallel_for_2000_3000_2500,2000,2500,0,5000,75015000,22507501,2500,108000000,40000000,22505000,7500000,15005000,7500000,0,0,0,7505000,9537967,9.5380
swap_distribute_parallel_for_2000_3000_3000,2000,3000,0,6000,90018000,27009001,3000,120000000,48000000,27006000,9000000,18006000,9000000,0,0,0,9006000,9567890,9.5679
swap_distribute_parallel_for_2000_3000_3500,2000,3500,0,7000,105021000,31510501,3500,132000000,56000000,31507000,10500000,21007000,10500000,0,0,0,10507000,9644775,9.6448
swap_distribute_parallel_for_2000_3000_4000,2000,4000,0,8000,120024000,36012001,4000,144000000,64000000,36008000,12000000,24008000,12000000,0,0,0,12008000,9733851,9.7339
swap_distribute_parallel_for_2000_3500_1000,2000,1000,0,2000,35006000,10503001,1000,84000000,16000000,10502000,3500000,7002000,3500000,0,0,0,3502000,11202832,11.2028
swap_distribute_parallel_for_2000_3500_1500,2000,1500,0,3000,52509000,15754501,1500,98000000,24000000,15753000,5250000,10503000,5250000,0,0,0,5253000,11160473,11.1605
swap_distribute_parallel_for_2000_3500_2000,2000,2000,0,4000,70012000,21006001,2000,112000000,32000000,21004000,7000000,14004000,7000000,0,0,0,7004000,11147799,11.1478
swap_distribute_parallel_for_2000_3500_2500,2000,2500,0,5000,87515000,26257501,2500,126000000,40000000,26255000,8750000,17505000,8750000,0,0,0,8755000,11315951,11.3160
swap_distribute_parallel_for_2000_3500_3000,2000,3000,0,6000,105018000,31509001,3000,140000000,48000000,31506000,10500000,21006000,10500000,0,0,0,10506000,11278416,11.2784
swap_distribute_parallel_for_2000_3500_3500,2000,3500,0,7000,122521000,36760501,3500,154000000,56000000,36757000,12250000,24507000,12250000,0,0,0,12257000,11108203,11.1082
swap_distribute_parallel_for_2000_3500_4000,2000,4000,0,8000,140024000,42012001,4000,168000000,64000000,42008000,14000000,28008000,14000000,0,0,0,14008000,11244250,11.2442
swap_distribute_parallel_for_2000_4000_1000,2000,1000,0,2000,40006000,12003001,1000,96000000,16000000,12002000,4000000,8002000,4000000,0,0,0,4002000,12715703,12.7157
swap_distribute_parallel_for_2000_4000_1500,2000,1500,0,3000,60009000,18004501,1500,112000000,24000000,18003000,6000000,12003000,6000000,0,0,0,6003000,12655810,12.6558
swap_distribute_parallel_for_2000_4000_2000,2000,2000,0,4000,80012000,24006001,2000,128000000,32000000,24004000,8000000,16004000,8000000,0,0,0,8004000,12845380,12.8454
swap_distribute_parallel_for_2000_4000_2500,2000,2500,0,5000,100015000,30007501,2500,144000000,40000000,30005000,10000000,20005000,10000000,0,0,0,10005000,12810831,12.8108
swap_distribute_parallel_for_2000_4000_3000,2000,3000,0,6000,120018000,36009001,3000,160000000,48000000,36006000,12000000,24006000,12000000,0,0,0,12006000,12825693,12.8257
swap_distribute_parallel_for_2000_4000_3500,2000,3500,0,7000,140021000,42010501,3500,176000000,56000000,42007000,14000000,28007000,14000000,0,0,0,14007000,12748822,12.7488
swap_distribute_parallel_for_2000_4000_4000,2000,4000,0,8000,160024000,48012001,4000,192000000,64000000,48008000,16000000,32008000,16000000,0,0,0,16008000,12950184,12.9502
swap_distribute_parallel_for_200_100_100,200,100,0,200,100600,30301,100,240000,160000,30200,10000,20200,10000,0,0,0,10200,28882,0.0289
swap_distribute_parallel_for_200_100_200,200,200,0,400,201200,60601,200,320000,320000,60400,20000,40400,20000,0,0,0,20400,45546,0.0455
swap_distribute_parallel_for_200_100_300,200,300,0,600,301800,90901,300,400000,480000,90600,30000,60600,30000,0,0,0,30600,33707,0.0337
swap_distribute_parallel_for_200_100_400,200,400,0,800,402400,121201,400,480000,640000,120800,40000,80800,40000,0,0,0,40800,32884,0.0329
swap_distribute_parallel_for_200_100_500,200,500,0,1000,503000,151501,500,560000,800000,151000,50000,101000,50000,0,0,0,51000,29683,0.0297
swap_distribute_parallel_for_200_100_600,200,600,0,1200,603600,181801,600,640000,960000,181200,60000,121200,60000,0,0,0,61200,29661,0.0297
swap_distribute_parallel_for_200_100_700,200,700,0,1400,704200,212101,700,720000,1120000,211400,70000,141400,70000,0,0,0,71400,29444,0.0294
swap_distribute_parallel_for_200_100_800,200,800,0,1600,804800,242401,800,800000,1280000,241600,80000,161600,80000,0,0,0,81600,31904,0.0319
swap_distribute_parallel_for_200_100_900,200,900,0,1800,905400,272701,900,880000,1440000,271800,90000,181800,90000,0,0,0,91800,81970,0.0820
swap_distribute_parallel_for_200_200_100,200,100,0,200,200600,60301,100,480000,160000,60200,20000,40200,20000,0,0,0,20200,67217,0.0672
swap_distribute_parallel_for_200_200_200,200,200,0,400,401200,120601,200,640000,320000,120400,40000,80400,40000,0,0,0,40400,58612,0.0586
swap_distribute_parallel_for_200_200_300,200,300,0,600,601800,180901,300,800000,480000,180600,60000,120600,60000,0,0,0,60600,73830,0.0738
swap_distribute_parallel_for_200_200_400,200,400,0,800,802400,241201,400,960000,640000,240800,80000,160800,80000,0,0,0,80800,58809,0.0588
swap_distribute_parallel_for_200_200_500,200,500,0,1000,1003000,301501,500,1120000,800000,301000,100000,201000,100000,0,0,0,101000,98570,0.0986
swap_distribute_parallel_for_200_200_600,200,600,0,1200,1203600,361801,600,1280000,960000,361200,120000,241200,120000,0,0,0,121200,59852,0.0599
swap_distribute_parallel_for_200_200_700,200,700,0,1400,1404200,422101,700,1440000,1120000,421400,140000,281400,140000,0,0,0,141400,70274,0.0703
swap_distribute_parallel_for_200_200_800,200,800,0,1600,1604800,482401,800,1600000,1280000,481600,160000,321600,160000,0,0,0,161600,73656,0.0737
swap_distribute_parallel_for_200_200_900,200,900,0,1800,1805400,542701,900,1760000,1440000,541800,180000,361800,180000,0,0,0,181800,80663,0.0807
swap_distribute_parallel_for_200_300_100,200,100,0,200,300600,90301,100,720000,160000,90200,30000,60200,30000,0,0,0,30200,95943,0.0959
swap_distribute_parallel_for_200_300_200,200,200,0,400,601200,180601,200,960000,320000,180400,60000,120400,60000,0,0,0,60400,88815,0.0888
swap_distribute_parallel_for_200_300_300,200,300,0,600,901800,270901,300,1200000,480000,270600,90000,180600,90000,0,0,0,90600,86920,0.0869
swap_distribute_parallel_for_200_300_400,200,400,0,800,1202400,361201,400,1440000,640000,360800,120000,240800,120000,0,0,0,120800,88215,0.0882
swap_distribute_parallel_for_200_300_500,200,500,0,1000,1503000,451501,500,1680000,800000,451000,150000,301000,150000,0,0,0,151000,110714,0.1107
swap_distribute_parallel_for_200_300_600,200,600,0,1200,1803600,541801,600,1920000,960000,541200,180000,361200,180000,0,0,0,181200,88293,0.0883
swap_distribute_parallel_for_200_300_700,200,700,0,1400,2104200,632101,700,2160000,1120000,631400,210000,421400,210000,0,0,0,211400,88856,0.0889
swap_distribute_parallel_for_200_300_800,200,800,0,1600,2404800,722401,800,2400000,1280000,721600,240000,481600,240000,0,0,0,241600,122899,0.1229
swap_distribute_parallel_for_200_300_900,200,900,0,1800,2705400,812701,900,2640000,1440000,811800,270000,541800,270000,0,0,0,271800,97839,0.0978
swap_distribute_parallel_for_200_400_100,200,100,0,200,400600,120301,100,960000,160000,120200,40000,80200,40000,0,0,0,40200,114531,0.1145
swap_distribute_parallel_for_200_400_200,200,200,0,400,801200,240601,200,1280000,320000,240400,80000,160400,80000,0,0,0,80400,115088,0.1151
swap_distribute_parallel_for_200_400_300,200,300,0,600,1201800,360901,300,1600000,480000,360600,120000,240600,120000,0,0,0,120600,115247,0.1152
swap_distribute_parallel_for_200_400_400,200,400,0,800,1602400,481201,400,1920000,640000,480800,160000,320800,160000,0,0,0,160800,117108,0.1171
swap_distribute_parallel_for_200_400_500,200,500,0,1000,2003000,601501,500,2240000,800000,601000,200000,401000,200000,0,0,0,201000,121887,0.1219
swap_distribute_parallel_for_200_400_600,200,600,0,1200,2403600,721801,600,2560000,960000,721200,240000,481200,240000,0,0,0,241200,116478,0.1165
swap_distribute_parallel_for_200_400_700,200,700,0,1400,2804200,842101,700,2880000,1120000,841400,280000,561400,280000,0,0,0,281400,120381,0.1204
swap_distribute_parallel_for_200_400_800,200,800,0,1600,3204800,962401,800,3200000,1280000,961600,320000,641600,320000,0,0,0,321600,170475,0.1705
swap_distribute_parallel_for_200_400_900,200,900,0,1800,3605400,1082701,900,3520000,1440000,1081800,360000,721800,360000,0,0,0,361800,117641,0.1176
swap_distribute_parallel_for_200_500_100,200,100,0,200,500600,150301,100,1200000,160000,150200,50000,100200,50000,0,0,0,50200,142735,0.1427
swap_distribute_parallel_for_200_500_200,200,200,0,400,1001200,300601,200,1600000,320000,300400,100000,200400,100000,0,0,0,100400,147374,0.1474
swap_distribute_parallel_for_200_500_300,200,300,0,600,1501800,450901,300,2000000,480000,450600,150000,300600,150000,0,0,0,150600,193853,0.1939
swap_distribute_parallel_for_200_500_400,200,400,0,800,2002400,601201,400,2400000,640000,600800,200000,400800,200000,0,0,0,200800,145798,0.1458
swap_distribute_parallel_for_200_500_500,200,500,0,1000,2503000,751501,500,2800000,800000,751000,250000,501000,250000,0,0,0,251000,144843,0.1448
swap_distribute_parallel_for_200_500_600,200,600,0,1200,3003600,901801,600,3200000,960000,901200,300000,601200,300000,0,0,0,301200,163166,0.1632
swap_distribute_parallel_for_200_500_700,200,700,0,1400,3504200,1052101,700,3600000,1120000,1051400,350000,701400,350000,0,0,0,351400,146281,0.1463
swap_distribute_parallel_for_200_500_800,200,800,0,1600,4004800,1202401,800,4000000,1280000,1201600,400000,801600,400000,0,0,0,401600,146605,0.1466
swap_distribute_parallel_for_200_500_900,200,900,0,1800,4505400,1352701,900,4400000,1440000,1351800,450000,901800,450000,0,0,0,451800,162086,0.1621
swap_distribute_parallel_for_200_600_100,200,100,0,200,600600,180301,100,1440000,160000,180200,60000,120200,60000,0,0,0,60200,170436,0.1704
swap_distribute_parallel_for_200_600_200,200,200,0,400,1201200,360601,200,1920000,320000,360400,120000,240400,120000,0,0,0,120400,178580,0.1786
swap_distribute_parallel_for_200_600_300,200,300,0,600,1801800,540901,300,2400000,480000,540600,180000,360600,180000,0,0,0,180600,173189,0.1732
swap_distribute_parallel_for_200_600_400,200,400,0,800,2402400,721201,400,2880000,640000,720800,240000,480800,240000,0,0,0,240800,185296,0.1853
swap_distribute_parallel_for_200_600_500,200,500,0,1000,3003000,901501,500,3360000,800000,901000,300000,601000,300000,0,0,0,301000,179561,0.1796
swap_distribute_parallel_for_200_600_600,200,600,0,1200,3603600,1081801,600,3840000,960000,1081200,360000,721200,360000,0,0,0,361200,176113,0.1761
swap_distribute_parallel_for_200_600_700,200,700,0,1400,4204200,1262101,700,4320000,1120000,1261400,420000,841400,420000,0,0,0,421400,186134,0.1861
swap_distribute_parallel_for_200_600_800,200,800,0,1600,4804800,1442401,800,4800000,1280000,1441600,480000,961600,480000,0,0,0,481600,179747,0.1797
swap_distribute_parallel_for_200_600_900,200,900,0,1800,5405400,1622701,900,5280000,1440000,1621800,540000,1081800,540000,0,0,0,541800,175197,0.1752
swap_distribute_parallel_for_200_700_100,200,100,0,200,700600,210301,100,1680000,160000,210200,70000,140200,70000,0,0,0,70200,198561,0.1986
swap_distribute_parallel_for_200_700_200,200,200,0,400,1401200,420601,200,2240000,320000,420400,140000,280400,140000,0,0,0,140400,214605,0.2146
swap_distribute_parallel_for_200_700_300,200,300,0,600,2101800,630901,300,2800000,480000,630600,210000,420600,210000,0,0,0,210600,231296,0.2313
swap_distribute_parallel_for_200_700_400,200,400,0,800,2802400,841201,400,3360000,640000,840800,280000,560800,280000,0,0,0,280800,245164,0.2452
swap_distribute_parallel_for_200_700_500,200,500,0,1000,3503000,1051501,500,3920000,800000,1051000,350000,701000,350000,0,0,0,351000,203567,0.2036
swap_distribute_parallel_for_200_700_600,200,600,0,1200,4203600,1261801,600,4480000,960000,1261200,420000,841200,420000,0,0,0,421200,206608,0.2066
swap_distribute_parallel_for_200_700_700,200,700,0,1400,4904200,1472101,700,5040000,1120000,1471400,490000,981400,490000,0,0,0,491400,220214,0.2202
swap_distribute_parallel_for_200_700_800,200,800,0,1600,5604800,1682401,800,5600000,1280000,1681600,560000,1121600,560000,0,0,0,561600,224212,0.2242
swap_distribute_parallel_for_200_700_900,200,900,0,1800,6305400,1892701,900,6160000,1440000,1891800,630000,1261800,630000,0,0,0,631800,205461,0.2055
swap_distribute_parallel_for_200_800_100,200,100,0,200,800600,240301,100,1920000,160000,240200,80000,160200,80000,0,0,0,80200,228322,0.2283
swap_distribute_parallel_for_200_800_200,200,200,0,400,1601200,480601,200,2560000,320000,480400,160000,320400,160000,0,0,0,160400,238063,0.2381
swap_distribute_parallel_for_200_800_300,200,300,0,600,2401800,720901,300,3200000,480000,720600,240000,480600,240000,0,0,0,240600,234415,0.2344
swap_distribute_parallel_for_200_800_400,200,400,0,800,3202400,961201,400,3840000,640000,960800,320000,640800,320000,0,0,0,320800,259085,0.2591
swap_distribute_parallel_for_200_800_500,200,500,0,1000,4003000,1201501,500,4480000,800000,1201000,400000,801000,400000,0,0,0,401000,229928,0.2299
swap_distribute_parallel_for_200_800_600,200,600,0,1200,4803600,1441801,600,5120000,960000,1441200,480000,961200,480000,0,0,0,481200,232418,0.2324
swap_distribute_parallel_for_200_800_700,200,700,0,1400,5604200,1682101,700,5760000,1120000,1681400,560000,1121400,560000,0,0,0,561400,262229,0.2622
swap_distribute_parallel_for_200_800_800,200,800,0,1600,6404800,1922401,800,6400000,1280000,1921600,640000,1281600,640000,0,0,0,641600,235350,0.2354
swap_distribute_parallel_for_200_800_900,200,900,0,1800,7205400,2162701,900,7040000,1440000,2161800,720000,1441800,720000,0,0,0,721800,250555,0.2506
swap_distribute_parallel_for_200_900_100,200,100,0,200,900600,270301,100,2160000,160000,270200,90000,180200,90000,0,0,0,90200,270730,0.2707
swap_distribute_parallel_for_200_900_200,200,200,0,400,1801200,540601,200,2880000,320000,540400,180000,360400,180000,0,0,0,180400,266023,0.2660
swap_distribute_parallel_for_200_900_300,200,300,0,600,2701800,810901,300,3600000,480000,810600,270000,540600,270000,0,0,0,270600,295145,0.2951
swap_distribute_parallel_for_200_900_400,200,400,0,800,3602400,1081201,400,4320000,640000,1080800,360000,720800,360000,0,0,0,360800,296907,0.2969
swap_distribute_parallel_for_200_900_500,200,500,0,1000,4503000,1351501,500,5040000,800000,1351000,450000,901000,450000,0,0,0,451000,261326,0.2613
swap_distribute_parallel_for_200_900_600,200,600,0,1200,5403600,1621801,600,5760000,960000,1621200,540000,1081200,540000,0,0,0,541200,267158,0.2672
swap_distribute_parallel_for_200_900_700,200,700,0,1400,6304200,1892101,700,6480000,1120000,1891400,630000,1261400,630000,0,0,0,631400,289092,0.2891
swap_distribute_parallel_for_200_900_800,200,800,0,1600,7204800,2162401,800,7200000,1280000,2161600,720000,1441600,720000,0,0,0,721600,272328,0.2723
swap_distribute_parallel_for_200_900_900,200,900,0,1800,8105400,2432701,900,7920000,1440000,2431800,810000,1621800,810000,0,0,0,811800,281712,0.2817
swap_distribute_parallel_for_2200_1200_1200,2200,1200,0,2400,14407200,4323601,1200,32640000,21120000,4322400,1440000,2882400,1440000,0,0,0,1442400,4332737,4.3327
swap_distribute_parallel_for_2200_1200_1700,2200,1700,0,3400,20410200,6125101,1700,37440000,29920000,6123400,2040000,4083400,2040000,0,0,0,2043400,4225523,4.2255
swap_distribute_parallel_for_2200_1200_2200,2200,2200,0,4400,26413200,7926601,2200,42240000,38720000,7924400,2640000,5284400,2640000,0,0,0,2644400,4238258,4.2383
swap_distribute_parallel_for_2200_1200_2700,2200,2700,0,5400,32416200,9728101,2700,47040000,47520000,9725400,3240000,6485400,3240000,0,0,0,3245400,4303257,4.3033
swap_distribute_parallel_for_2200_1200_3200,2200,3200,0,6400,38419200,11529601,3200,51840000,56320000,11526400,3840000,7686400,3840000,0,0,0,3846400,4321168,4.3212
swap_distribute_parallel_for_2200_1200_3700,2200,3700,0,7400,44422200,13331101,3700,56640000,65120000,13327400,4440000,8887400,4440000,0,0,0,4447400,4254637,4.2546
swap_distribute_parallel_for_2200_1200_4200,2200,4200,0,8400,50425200,15132601,4200,61440000,73920000,15128400,5040000,10088400,5040000,0,0,0,5048400,4267427,4.2674
swap_distribute_parallel_for_2200_1700_1200,2200,1200,0,2400,20407200,6123601,1200,46240000,21120000,6122400,2040000,4082400,2040000,0,0,0,2042400,5997226,5.9972
swap_distribute_parallel_for_2200_1700_1700,2200,1700,0,3400,28910200,8675101,1700,53040000,29920000,8673400,2890000,5783400,2890000,0,0,0,2893400,5969946,5.9699
swap_distribute_parallel_for_2200_1700_2200,2200,2200,0,4400,37413200,11226601,2200,59840000,38720000,11224400,3740000,7484400,3740000,0,0,0,3744400,6012529,6.0125
swap_distribute_parallel_for_2200_1700_2700,2200,2700,0,5400,45916200,13778101,2700,66640000,47520000,13775400,4590000,9185400,4590000,0,0,0,4595400,6052889,6.0529
swap_distribute_parallel_for_2200_1700_3200,2200,3200,0,6400,54419200,16329601,3200,73440000,56320000,16326400,5440000,10886400,5440000,0,0,0,5446400,5977320,5.9773
swap_distribute_parallel_for_2200_1700_3700,2200,3700,0,7400,62922200,18881101,3700,80240000,65120000,18877400,6290000,12587400,6290000,0,0,0,6297400,6018876,6.0189
swap_distribute_parallel_for_2200_1700_4200,2200,4200,0,8400,71425200,21432601,4200,87040000,73920000,21428400,7140000,14288400,7140000,0,0,0,7148400,5978388,5.9784
swap_distribute_parallel_for_2200_2200_1200,2200,1200,0,2400,26407200,7923601,1200,59840000,21120000,7922400,2640000,5282400,2640000,0,0,0,2642400,7787491,7.7875
swap_distribute_parallel_for_2200_2200_1700,2200,1700,0,3400,37410200,11225101,1700,68640000,29920000,11223400,3740000,7483400,3740000,0,0,0,3743400,7701679,7.7017
swap_distribute_parallel_for_2200_2200_2200,2200,2200,0,4400,48413200,14526601,2200,77440000,38720000,14524400,4840000,9684400,4840000,0,0,0,4844400,7788869,7.7889
swap_distribute_parallel_for_2200_2200_2700,2200,2700,0,5400,59416200,17828101,2700,86240000,47520000,17825400,5940000,11885400,5940000,0,0,0,5945400,7774164,7.7742
swap_distribute_parallel_for_2200_2200_3200,2200,3200,0,6400,70419200,21129601,3200,95040000,56320000,21126400,7040000,14086400,7040000,0,0,0,7046400,7905904,7.9059
swap_distribute_parallel_for_2200_2200_3700,2200,3700,0,7400,81422200,24431101,3700,103840000,65120000,24427400,8140000,16287400,8140000,0,0,0,8147400,7768927,7.7689
swap_distribute_parallel_for_2200_2200_4200,2200,4200,0,8400,92425200,27732601,4200,112640000,73920000,27728400,9240000,18488400,9240000,0,0,0,9248400,7737740,7.7377
swap_distribute_parallel_for_2200_2700_1200,2200,1200,0,2400,32407200,9723601,1200,73440000,21120000,9722400,3240000,6482400,3240000,0,0,0,3242400,9496785,9.4968
swap_distribute_parallel_for_2200_2700_1700,2200,1700,0,3400,45910200,13775101,1700,84240000,29920000,13773400,4590000,9183400,4590000,0,0,0,4593400,9489435,9.4894
swap_distribute_parallel_for_2200_2700_2200,2200,2200,0,4400,59413200,17826601,2200,95040000,38720000,17824400,5940000,11884400,5940000,0,0,0,5944400,9481492,9.4815
swap_distribute_parallel_for_2200_2700_2700,2200,2700,0,5400,72916200,21878101,2700,105840000,47520000,21875400,7290000,14585400,7290000,0,0,0,7295400,9488765,9.4888
swap_distribute_parallel_for_2200_2700_3200,2200,3200,0,6400,86419200,25929601,3200,116640000,56320000,25926400,8640000,17286400,8640000,0,0,0,8646400,9431009,9.4310
swap_distribute_parallel_for_2200_2700_3700,2200,3700,0,7400,99922200,29981101,3700,127440000,65120000,29977400,9990000,19987400,9990000,0,0,0,9997400,9559388,9.5594
swap_distribute_parallel_for_2200_2700_4200,2200,4200,0,8400,113425200,34032601,4200,138240000,73920000,34028400,11340000,22688400,11340000,0,0,0,11348400,9845741,9.8457
swap_distribute_parallel_for_2200_3200_1200,2200,1200,0,2400,38407200,11523601,1200,87040000,21120000,11522400,3840000,7682400,3840000,0,0,0,3842400,11281521,11.2815
swap_distribute_parallel_for_2200_3200_1700,2200,1700,0,3400,54410200,16325101,1700,99840000,29920000,16323400,5440000,10883400,5440000,0,0,0,5443400,11234173,11.2342
swap_distribute_parallel_for_2200_3200_2200,2200,2200,0,4400,70413200,21126601,2200,112640000,38720000,21124400,7040000,14084400,7040000,0,0,0,7044400,11379571,11.3796
swap_distribute_parallel_for_2200_3200_2700,2200,2700,0,5400,86416200,25928101,2700,125440000,47520000,25925400,8640000,17285400,8640000,0,0,0,8645400,11162605,11.1626
swap_distribute_parallel_for_2200_3200_3200,2200,3200,0,6400,102419200,30729601,3200,138240000,56320000,30726400,10240000,20486400,10240000,0,0,0,10246400,11203905,11.2039
swap_distribute_parallel_for_2200_3200_3700,2200,3700,0,7400,118422200,35531101,3700,151040000,65120000,35527400,11840000,23687400,11840000,0,0,0,11847400,11228360,11.2284
swap_distribute_parallel_for_2200_3200_4200,2200,4200,0,8400,134425200,40332601,4200,163840000,73920000,40328400,13440000,26888400,13440000,0,0,0,13448400,11244312,11.2443
swap_distribute_parallel_for_2200_3700_1200,2200,1200,0,2400,44407200,13323601,1200,100640000,21120000,13322400,4440000,8882400,4440000,0,0,0,4442400,13106301,13.1063
swap_distribute_parallel_for_2200_3700_1700,2200,1700,0,3400,62910200,18875101,1700,115440000,29920000,18873400,6290000,12583400,6290000,0,0,0,6293400,12916873,12.9169
swap_distribute_parallel_for_2200_3700_2200,2200,2200,0,4400,81413200,24426601,2200,130240000,38720000,24424400,8140000,16284400,8140000,0,0,0,8144400,13145806,13.1458
swap_distribute_parallel_for_2200_3700_2700,2200,2700,0,5400,99916200,29978101,2700,145040000,47520000,29975400,9990000,19985400,9990000,0,0,0,9995400,13170034,13.1700
swap_distribute_parallel_for_2200_3700_3200,2200,3200,0,6400,118419200,35529601,3200,159840000,56320000,35526400,11840000,23686400,11840000,0,0,0,11846400,12991008,12.9910
swap_distribute_parallel_for_2200_3700_3700,2200,3700,0,7400,136922200,41081101,3700,174640000,65120000,41077400,13690000,27387400,13690000,0,0,0,13697400,13015275,13.0153
swap_distribute_parallel_for_2200_3700_4200,2200,4200,0,8400,155425200,46632601,4200,189440000,73920000,46628400,15540000,31088400,15540000,0,0,0,15548400,12916644,12.9166
swap_distribute_parallel_for_2250_1250_1250,2250,1250,0,2500,15632500,4691251,1250,35000000,22500000,4690000,1562500,3127500,1562500,0,0,0,1565000,4599077,4.5991
swap_distribute_parallel_for_2250_1250_1750,2250,1750,0,3500,21885500,6567751,1750,40000000,31500000,6566000,2187500,4378500,2187500,0,0,0,2191000,4576703,4.5767
swap_distribute_parallel_for_2250_1250_2250,2250,2250,0,4500,28138500,8444251,2250,45000000,40500000,8442000,2812500,5629500,2812500,0,0,0,2817000,4518365,4.5184
swap_distribute_parallel_for_2250_1250_2750,2250,2750,0,5500,34391500,10320751,2750,50000000,49500000,10318000,3437500,6880500,3437500,0,0,0,3443000,4607062,4.6071
swap_distribute_parallel_for_2250_1250_3250,2250,3250,0,6500,40644500,12197251,3250,55000000,58500000,12194000,4062500,8131500,4062500,0,0,0,4069000,4519828,4.5198
swap_distribute_parallel_for_2250_1250_3750,2250,3750,0,7500,46897500,14073751,3750,60000000,67500000,14070000,4687500,9382500,4687500,0,0,0,4695000,4584875,4.5849
swap_distribute_parallel_for_2250_1250_4250,2250,4250,0,8500,53150500,15950251,4250,65000000,76500000,15946000,5312500,10633500,5312500,0,0,0,5321000,4700518,4.7005
swap_distribute_parallel_for_2250_1750_1250,2250,1250,0,2500,21882500,6566251,1250,49000000,22500000,6565000,2187500,4377500,2187500,0,0,0,2190000,6285190,6.2852
swap_distribute_parallel_for_2250_1750_1750,2250,1750,0,3500,30635500,9192751,1750,56000000,31500000,9191000,3062500,6128500,3062500,0,0,0,3066000,6319744,6.3197
swap_distribute_parallel_for_2250_1750_2250,2250,2250,0,4500,39388500,11819251,2250,63000000,40500000,11817000,3937500,7879500,3937500,0,0,0,3942000,6435501,6.4355
swap_distribute_parallel_for_2250_1750_2750,2250,2750,0,5500,48141500,14445751,2750,70000000,49500000,14443000,4812500,9630500,4812500,0,0,0,4818000,6424406,6.4244
swap_distribute_parallel_for_2250_1750_3250,2250,3250,0,6500,56894500,17072251,3250,77000000,58500000,17069000,5687500,11381500,5687500,0,0,0,5694000,6257518,6.2575
swap_distribute_parallel_for_2250_1750_3750,2250,3750,0,7500,65647500,19698751,3750,84000000,67500000,19695000,6562500,13132500,6562500,0,0,0,6570000,6331385,6.3314
swap_distribute_parallel_for_2250_1750_4250,2250,4250,0,8500,74400500,22325251,4250,91000000,76500000,22321000,7437500,14883500,7437500,0,0,0,7446000,6340921,6.3409
swap_distribute_parallel_for_2250_2250_1250,2250,1250,0,2500,28132500,8441251,1250,63000000,22500000,8440000,2812500,5627500,2812500,0,0,0,2815000,8133719,8.1337
swap_distribute_parallel_for_2250_2250_1750,2250,1750,0,3500,39385500,11817751,1750,72000000,31500000,11816000,3937500,7878500,3937500,0,0,0,3941000,8116520,8.1165
swap_distribute_parallel_for_2250_2250_2250,2250,2250,0,4500,50638500,15194251,2250,81000000,40500000,15192000,5062500,10129500,5062500,0,0,0,5067000,8100565,8.1006
swap_distribute_parallel_for_2250_2250_2750,2250,2750,0,5500,61891500,18570751,2750,90000000,49500000,18568000,6187500,12380500,6187500,0,0,0,6193000,8223348,8.2233
swap_distribute_parallel_for_2250_2250_3250,2250,3250,0,6500,73144500,21947251,3250,99000000,58500000,21944000,7312500,14631500,7312500,0,0,0,7319000,8122318,8.1223
swap_distribute_parallel_for_2250_2250_3750,2250,3750,0,7500,84397500,25323751,3750,108000000,67500000,25320000,8437500,16882500,8437500,0,0,0,8445000,8142011,8.1420
swap_distribute_parallel_for_2250_2250_4250,2250,4250,0,8500,95650500,28700251,4250,117000000,76500000,28696000,9562500,19133500,9562500,0,0,0,9571000,8415054,8.4151
swap_distribute_parallel_for_2250_2750_1250,2250,1250,0,2500,34382500,10316251,1250,77000000,22500000,10315000,3437500,6877500,3437500,0,0,0,3440000,9990395,9.9904
swap_distribute_parallel_for_2250_2750_1750,2250,1750,0,3500,48135500,14442751,1750,88000000,31500000,14441000,4812500,9628500,4812500,0,0,0,4816000,9940572,9.9406
swap_distribute_parallel_for_2250_2750_2250,2250,2250,0,4500,61888500,18569251,2250,99000000,40500000,18567000,6187500,12379500,6187500,0,0,0,6192000,9903978,9.9040
swap_distribute_parallel_for_2250_2750_2750,2250,2750,0,5500,75641500,22695751,2750,110000000,49500000,22693000,7562500,15130500,7562500,0,0,0,7568000,9949722,9.9497
swap_distribute_parallel_for_2250_2750_3250,2250,3250,0,6500,89394500,26822251,3250,121000000,58500000,26819000,8937500,17881500,8937500,0,0,0,8944000,9895997,9.8960
swap_distribute_parallel_for_2250_2750_3750,2250,3750,0,7500,103147500,30948751,3750,132000000,67500000,30945000,10312500,20632500,10312500,0,0,0,10320000,10042051,10.0421
swap_distribute_parallel_for_2250_2750_4250,2250,4250,0,8500,116900500,35075251,4250,143000000,76500000,35071000,11687500,23383500,11687500,0,0,0,11696000,10004649,10.0046
swap_distribute_parallel_for_2250_3250_1250,2250,1250,0,2500,40632500,12191251,1250,91000000,22500000,12190000,4062500,8127500,4062500,0,0,0,4065000,11665104,11.6651
swap_distribute_parallel_for_2250_3250_1750,2250,1750,0,3500,56885500,17067751,1750,104000000,31500000,17066000,5687500,11378500,5687500,0,0,0,5691000,11675574,11.6756
swap_distribute_parallel_for_2250_3250_2250,2250,2250,0,4500,73138500,21944251,2250,117000000,40500000,21942000,7312500,14629500,7312500,0,0,0,7317000,11915009,11.9150
swap_distribute_parallel_for_2250_3250_2750,2250,2750,0,5500,89391500,26820751,2750,130000000,49500000,26818000,8937500,17880500,8937500,0,0,0,8943000,11862031,11.8620
swap_distribute_parallel_for_2250_3250_3250,2250,3250,0,6500,105644500,31697251,3250,143000000,58500000,31694000,10562500,21131500,10562500,0,0,0,10569000,11656699,11.6567
swap_distribute_parallel_for_2250_3250_3750,2250,3750,0,7500,121897500,36573751,3750,156000000,67500000,36570000,12187500,24382500,12187500,0,0,0,12195000,11762567,11.7626
swap_distribute_parallel_for_2250_3250_4250,2250,4250,0,8500,138150500,41450251,4250,169000000,76500000,41446000,13812500,27633500,13812500,0,0,0,13821000,11799125,11.7991
swap_distribute_parallel_for_2250_3750_1250,2250,1250,0,2500,46882500,14066251,1250,105000000,22500000,14065000,4687500,9377500,4687500,0,0,0,4690000,13486123,13.4861
swap_distribute_parallel_for_2250_3750_1750,2250,1750,0,3500,65635500,19692751,1750,120000000,31500000,19691000,6562500,13128500,6562500,0,0,0,6566000,13461148,13.4611
swap_distribute_parallel_for_2250_3750_2250,2250,2250,0,4500,84388500,25319251,2250,135000000,40500000,25317000,8437500,16879500,8437500,0,0,0,8442000,13680234,13.6802
swap_distribute_parallel_for_2250_3750_2750,2250,2750,0,5500,103141500,30945751,2750,150000000,49500000,30943000,10312500,20630500,10312500,0,0,0,10318000,13544043,13.5440
swap_distribute_parallel_for_2250_3750_3250,2250,3250,0,6500,121894500,36572251,3250,165000000,58500000,36569000,12187500,24381500,12187500,0,0,0,12194000,13443699,13.4437
swap_distribute_parallel_for_2250_3750_3750,2250,3750,0,7500,140647500,42198751,3750,180000000,67500000,42195000,14062500,28132500,14062500,0,0,0,14070000,13540502,13.5405
swap_distribute_parallel_for_2250_3750_4250,2250,4250,0,8500,159400500,47825251,4250,195000000,76500000,47821000,15937500,31883500,15937500,0,0,0,15946000,13849425,13.8494
swap_distribute_parallel_for_2250_4250_1250,2250,1250,0,2500,53132500,15941251,1250,119000000,22500000,15940000,5312500,10627500,5312500,0,0,0,5315000,15212645,15.2126
swap_distribute_parallel_for_2250_4250_1750,2250,1750,0,3500,74385500,22317751,1750,136000000,31500000,22316000,7437500,14878500,7437500,0,0,0,7441000,15230279,15.2303
swap_distribute_parallel_for_2250_4250_2250,2250,2250,0,4500,95638500,28694251,2250,153000000,40500000,28692000,9562500,19129500,9562500,0,0,0,9567000,15317166,15.3172
swap_distribute_parallel_for_2250_4250_2750,2250,2750,0,5500,116891500,35070751,2750,170000000,49500000,35068000,11687500,23380500,11687500,0,0,0,11693000,15264986,15.2650
swap_distribute_parallel_for_2250_4250_3250,2250,3250,0,6500,138144500,41447251,3250,187000000,58500000,41444000,13812500,27631500,13812500,0,0,0,13819000,15298042,15.2980
swap_distribute_parallel_for_2250_4250_3750,2250,3750,0,7500,159397500,47823751,3750,204000000,67500000,47820000,15937500,31882500,15937500,0,0,0,15945000,15446413,15.4464
swap_distribute_parallel_for_2400_1400_1400,2400,1400,0,2800,19608400,5884201,1400,42560000,26880000,5882800,1960000,3922800,1960000,0,0,0,1962800,5368620,5.3686
swap_distribute_parallel_for_2400_1400_1900,2400,1900,0,3800,26611400,7985701,1900,48160000,36480000,7983800,2660000,5323800,2660000,0,0,0,2663800,5382096,5.3821
swap_distribute_parallel_for_2400_1400_2400,2400,2400,0,4800,33614400,10087201,2400,53760000,46080000,10084800,3360000,6724800,3360000,0,0,0,3364800,5346085,5.3461
swap_distribute_parallel_for_2400_1400_2900,2400,2900,0,5800,40617400,12188701,2900,59360000,55680000,12185800,4060000,8125800,4060000,0,0,0,4065800,5375342,5.3753
swap_distribute_parallel_for_2400_1400_3400,2400,3400,0,6800,47620400,14290201,3400,64960000,65280000,14286800,4760000,9526800,4760000,0,0,0,4766800,5617686,5.6177
swap_distribute_parallel_for_2400_1400_3900,2400,3900,0,7800,54623400,16391701,3900,70560000,74880000,16387800,5460000,10927800,5460000,0,0,0,5467800,5399170,5.3992
swap_distribute_parallel_for_2400_1400_900,2400,900,0,1800,12605400,3782701,900,36960000,17280000,3781800,1260000,2521800,1260000,0,0,0,1261800,5370798,5.3708
swap_distribute_parallel_for_2400_1900_1400,2400,1400,0,2800,26608400,7984201,1400,57760000,26880000,7982800,2660000,5322800,2660000,0,0,0,2662800,7263670,7.2637
swap_distribute_parallel_for_2400_1900_1900,2400,1900,0,3800,36111400,10835701,1900,65360000,36480000,10833800,3610000,7223800,3610000,0,0,0,3613800,7322483,7.3225
swap_distribute_parallel_for_2400_1900_2400,2400,2400,0,4800,45614400,13687201,2400,72960000,46080000,13684800,4560000,9124800,4560000,0,0,0,4564800,7336755,7.3368
swap_distribute_parallel_for_2400_1900_2900,2400,2900,0,5800,55117400,16538701,2900,80560000,55680000,16535800,5510000,11025800,5510000,0,0,0,5515800,7252380,7.2524
swap_distribute_parallel_for_2400_1900_3400,2400,3400,0,6800,64620400,19390201,3400,88160000,65280000,19386800,6460000,12926800,6460000,0,0,0,6466800,7283212,7.2832
swap_distribute_parallel_for_2400_1900_3900,2400,3900,0,7800,74123400,22241701,3900,95760000,74880000,22237800,7410000,14827800,7410000,0,0,0,7417800,7273324,7.2733
swap_distribute_parallel_for_2400_1900_900,2400,900,0,1800,17105400,5132701,900,50160000,17280000,5131800,1710000,3421800,1710000,0,0,0,1711800,7314455,7.3145
swap_distribute_parallel_for_2400_2400_1400,2400,1400,0,2800,33608400,10084201,1400,72960000,26880000,10082800,3360000,6722800,3360000,0,0,0,3362800,9119640,9.1196
swap_distribute_parallel_for_2400_2400_1900,2400,1900,0,3800,45611400,13685701,1900,82560000,36480000,13683800,4560000,9123800,4560000,0,0,0,4563800,9229532,9.2295
swap_distribute_parallel_for_2400_2400_2400,2400,2400,0,4800,57614400,17287201,2400,92160000,46080000,17284800,5760000,11524800,5760000,0,0,0,5764800,9201767,9.2018
swap_distribute_parallel_for_2400_2400_2900,2400,2900,0,5800,69617400,20888701,2900,101760000,55680000,20885800,6960000,13925800,6960000,0,0,0,6965800,9193009,9.1930
swap_distribute_parallel_for_2400_2400_3400,2400,3400,0,6800,81620400,24490201,3400,111360000,65280000,24486800,8160000,16326800,8160000,0,0,0,8166800,9196457,9.1965
swap_distribute_parallel_for_2400_2400_3900,2400,3900,0,7800,93623400,28091701,3900,120960000,74880000,28087800,9360000,18727800,9360000,0,0,0,9367800,9219885,9.2199
swap_distribute_parallel_for_2400_2400_900,2400,900,0,1800,21605400,6482701,900,63360000,17280000,6481800,2160000,4321800,2160000,0,0,0,2161800,9223228,9.2232
swap_distribute_parallel_for_2400_2900_1400,2400,1400,0,2800,40608400,12184201,1400,88160000,26880000,12182800,4060000,8122800,4060000,0,0,0,4062800,11076374,11.0764
swap_distribute_parallel_for_2400_2900_1900,2400,1900,0,3800,55111400,16535701,1900,99760000,36480000,16533800,5510000,11023800,5510000,0,0,0,5513800,11128992,11.1290
swap_distribute_parallel_for_2400_2900_2400,2400,2400,0,4800,69614400,20887201,2400,111360000,46080000,20884800,6960000,13924800,6960000,0,0,0,6964800,11221264,11.2213
swap_distribute_parallel_for_2400_2900_2900,2400,2900,0,5800,84117400,25238701,2900,122960000,55680000,25235800,8410000,16825800,8410000,0,0,0,8415800,11083839,11.0838
swap_distribute_parallel_for_2400_2900_3400,2400,3400,0,6800,98620400,29590201,3400,134560000,65280000,29586800,9860000,19726800,9860000,0,0,0,9866800,11275360,11.2754
swap_distribute_parallel_for_2400_2900_3900,2400,3900,0,7800,113123400,33941701,3900,146160000,74880000,33937800,11310000,22627800,11310000,0,0,0,11317800,11146116,11.1461
swap_distribute_parallel_for_2400_2900_900,2400,900,0,1800,26105400,7832701,900,76560000,17280000,7831800,2610000,5221800,2610000,0,0,0,2611800,11104619,11.1046
swap_distribute_parallel_for_2400_3400_1400,2400,1400,0,2800,47608400,14284201,1400,103360000,26880000,14282800,4760000,9522800,4760000,0,0,0,4762800,13126854,13.1269
swap_distribute_parallel_for_2400_3400_1900,2400,1900,0,3800,64611400,19385701,1900,116960000,36480000,19383800,6460000,12923800,6460000,0,0,0,6463800,13048244,13.0482
swap_distribute_parallel_for_2400_3400_2400,2400,2400,0,4800,81614400,24487201,2400,130560000,46080000,24484800,8160000,16324800,8160000,0,0,0,8164800,13013987,13.0140
swap_distribute_parallel_for_2400_3400_2900,2400,2900,0,5800,98617400,29588701,2900,144160000,55680000,29585800,9860000,19725800,9860000,0,0,0,9865800,13148859,13.1489
swap_distribute_parallel_for_2400_3400_3400,2400,3400,0,6800,115620400,34690201,3400,157760000,65280000,34686800,11560000,23126800,11560000,0,0,0,11566800,13004092,13.0041
swap_distribute_parallel_for_2400_3400_3900,2400,3900,0,7800,132623400,39791701,3900,171360000,74880000,39787800,13260000,26527800,13260000,0,0,0,13267800,13015012,13.0150
swap_distribute_parallel_for_2400_3400_900,2400,900,0,1800,30605400,9182701,900,89760000,17280000,9181800,3060000,6121800,3060000,0,0,0,3061800,13180248,13.1802
swap_distribute_parallel_for_2400_3900_1400,2400,1400,0,2800,54608400,16384201,1400,118560000,26880000,16382800,5460000,10922800,5460000,0,0,0,5462800,14905210,14.9052
swap_distribute_parallel_for_2400_3900_1900,2400,1900,0,3800,74111400,22235701,1900,134160000,36480000,22233800,7410000,14823800,7410000,0,0,0,7413800,14817941,14.8179
swap_distribute_parallel_for_2400_3900_2400,2400,2400,0,4800,93614400,28087201,2400,149760000,46080000,28084800,9360000,18724800,9360000,0,0,0,9364800,15067011,15.0670
swap_distribute_parallel_for_2400_3900_3400,2400,3400,0,6800,132620400,39790201,3400,180960000,65280000,39786800,13260000,26526800,13260000,0,0,0,13266800,15072274,15.0723
swap_distribute_parallel_for_2400_3900_3900,2400,3900,0,7800,152123400,45641701,3900,196560000,74880000,45637800,15210000,30427800,15210000,0,0,0,15217800,14984870,14.9849
swap_distribute_parallel_for_2400_3900_900,2400,900,0,1800,35105400,10532701,900,102960000,17280000,10531800,3510000,7021800,3510000,0,0,0,3511800,15092727,15.0927
swap_distribute_parallel_for_2400_900_1400,2400,1400,0,2800,12608400,3784201,1400,27360000,26880000,3782800,1260000,2522800,1260000,0,0,0,1262800,3524241,3.5242
swap_distribute_parallel_for_2400_900_1900,2400,1900,0,3800,17111400,5135701,1900,30960000,36480000,5133800,1710000,3423800,1710000,0,0,0,1713800,3499156,3.4992
swap_distribute_parallel_for_2400_900_2400,2400,2400,0,4800,21614400,6487201,2400,34560000,46080000,6484800,2160000,4324800,2160000,0,0,0,2164800,3473079,3.4731
swap_distribute_parallel_for_2400_900_2900,2400,2900,0,5800,26117400,7838701,2900,38160000,55680000,7835800,2610000,5225800,2610000,0,0,0,2615800,3523412,3.5234
swap_distribute_parallel_for_2400_900_3400,2400,3400,0,6800,30620400,9190201,3400,41760000,65280000,9186800,3060000,6126800,3060000,0,0,0,3066800,3621240,3.6212
swap_distribute_parallel_for_2400_900_3900,2400,3900,0,7800,35123400,10541701,3900,45360000,74880000,10537800,3510000,7027800,3510000,0,0,0,3517800,3577040,3.5770
swap_distribute_parallel_for_2400_900_900,2400,900,0,1800,8105400,2432701,900,23760000,17280000,2431800,810000,1621800,810000,0,0,0,811800,3359185,3.3592
swap_distribute_parallel_for_2500_1000_1000,2500,1000,0,2000,10006000,3003001,1000,28000000,20000000,3002000,1000000,2002000,1000000,0,0,0,1002000,3989431,3.9894
swap_distribute_parallel_for_2500_1000_1500,2500,1500,0,3000,15009000,4504501,1500,32000000,30000000,4503000,1500000,3003000,1500000,0,0,0,1503000,4048831,4.0488
swap_distribute_parallel_for_2500_1000_2000,2500,2000,0,4000,20012000,6006001,2000,36000000,40000000,6004000,2000000,4004000,2000000,0,0,0,2004000,4014098,4.0141
swap_distribute_parallel_for_2500_1000_2500,2500,2500,0,5000,25015000,7507501,2500,40000000,50000000,7505000,2500000,5005000,2500000,0,0,0,2505000,4096965,4.0970
swap_distribute_parallel_for_2500_1000_3000,2500,3000,0,6000,30018000,9009001,3000,44000000,60000000,9006000,3000000,6006000,3000000,0,0,0,3006000,3997419,3.9974
swap_distribute_parallel_for_2500_1000_3500,2500,3500,0,7000,35021000,10510501,3500,48000000,70000000,10507000,3500000,7007000,3500000,0,0,0,3507000,4062172,4.0622
swap_distribute_parallel_for_2500_1000_4000,2500,4000,0,8000,40024000,12012001,4000,52000000,80000000,12008000,4000000,8008000,4000000,0,0,0,4008000,4072615,4.0726
swap_distribute_parallel_for_2500_1500_1000,2500,1000,0,2000,15006000,4503001,1000,42000000,20000000,4502000,1500000,3002000,1500000,0,0,0,1502000,6026732,6.0267
swap_distribute_parallel_for_2500_1500_1500,2500,1500,0,3000,22509000,6754501,1500,48000000,30000000,6753000,2250000,4503000,2250000,0,0,0,2253000,6015642,6.0156
swap_distribute_parallel_for_2500_1500_2000,2500,2000,0,4000,30012000,9006001,2000,54000000,40000000,9004000,3000000,6004000,3000000,0,0,0,3004000,5994881,5.9949
swap_distribute_parallel_for_2500_1500_2500,2500,2500,0,5000,37515000,11257501,2500,60000000,50000000,11255000,3750000,7505000,3750000,0,0,0,3755000,5952305,5.9523
swap_distribute_parallel_for_2500_1500_3000,2500,3000,0,6000,45018000,13509001,3000,66000000,60000000,13506000,4500000,9006000,4500000,0,0,0,4506000,6010139,6.0101
swap_distribute_parallel_for_2500_1500_3500,2500,3500,0,7000,52521000,15760501,3500,72000000,70000000,15757000,5250000,10507000,5250000,0,0,0,5257000,5984263,5.9843
swap_distribute_parallel_for_2500_1500_4000,2500,4000,0,8000,60024000,18012001,4000,78000000,80000000,18008000,6000000,12008000,6000000,0,0,0,6008000,6077538,6.0775
swap_distribute_parallel_for_2500_2000_1000,2500,1000,0,2000,20006000,6003001,1000,56000000,20000000,6002000,2000000,4002000,2000000,0,0,0,2002000,8021973,8.0220
swap_distribute_parallel_for_2500_2000_1500,2500,1500,0,3000,30009000,9004501,1500,64000000,30000000,9003000,3000000,6003000,3000000,0,0,0,3003000,8047691,8.0477
swap_distribute_parallel_for_2500_2000_2000,2500,2000,0,4000,40012000,12006001,2000,72000000,40000000,12004000,4000000,8004000,4000000,0,0,0,4004000,7930465,7.9305
swap_distribute_parallel_for_2500_2000_2500,2500,2500,0,5000,50015000,15007501,2500,80000000,50000000,15005000,5000000,10005000,5000000,0,0,0,5005000,8086041,8.0860
swap_distribute_parallel_for_2500_2000_3000,2500,3000,0,6000,60018000,18009001,3000,88000000,60000000,18006000,6000000,12006000,6000000,0,0,0,6006000,8120437,8.1204
swap_distribute_parallel_for_2500_2000_3500,2500,3500,0,7000,70021000,21010501,3500,96000000,70000000,21007000,7000000,14007000,7000000,0,0,0,7007000,7950893,7.9509
swap_distribute_parallel_for_2500_2000_4000,2500,4000,0,8000,80024000,24012001,4000,104000000,80000000,24008000,8000000,16008000,8000000,0,0,0,8008000,8066483,8.0665
swap_distribute_parallel_for_2500_2500_1000,2500,1000,0,2000,25006000,7503001,1000,70000000,20000000,7502000,2500000,5002000,2500000,0,0,0,2502000,9996419,9.9964
swap_distribute_parallel_for_2500_2500_1500,2500,1500,0,3000,37509000,11254501,1500,80000000,30000000,11253000,3750000,7503000,3750000,0,0,0,3753000,10018668,10.0187
swap_distribute_parallel_for_2500_2500_2000,2500,2000,0,4000,50012000,15006001,2000,90000000,40000000,15004000,5000000,10004000,5000000,0,0,0,5004000,9963755,9.9638
swap_distribute_parallel_for_2500_2500_2500,2500,2500,0,5000,62515000,18757501,2500,100000000,50000000,18755000,6250000,12505000,6250000,0,0,0,6255000,10105100,10.1051
swap_distribute_parallel_for_2500_2500_3000,2500,3000,0,6000,75018000,22509001,3000,110000000,60000000,22506000,7500000,15006000,7500000,0,0,0,7506000,9949572,9.9496
swap_distribute_parallel_for_2500_2500_3500,2500,3500,0,7000,87521000,26260501,3500,120000000,70000000,26257000,8750000,17507000,8750000,0,0,0,8757000,10017696,10.0177
swap_distribute_parallel_for_2500_2500_4000,2500,4000,0,8000,100024000,30012001,4000,130000000,80000000,30008000,10000000,20008000,10000000,0,0,0,10008000,10189930,10.1899
swap_distribute_parallel_for_2500_3000_1000,2500,1000,0,2000,30006000,9003001,1000,84000000,20000000,9002000,3000000,6002000,3000000,0,0,0,3002000,11953944,11.9539
swap_distribute_parallel_for_2500_3000_1500,2500,1500,0,3000,45009000,13504501,1500,96000000,30000000,13503000,4500000,9003000,4500000,0,0,0,4503000,11936865,11.9369
swap_distribute_parallel_for_2500_3000_2000,2500,2000,0,4000,60012000,18006001,2000,108000000,40000000,18004000,6000000,12004000,6000000,0,0,0,6004000,11987283,11.9873
swap_distribute_parallel_for_2500_3000_2500,2500,2500,0,5000,75015000,22507501,2500,120000000,50000000,22505000,7500000,15005000,7500000,0,0,0,7505000,12251884,12.2519
swap_distribute_parallel_for_2500_3000_3000,2500,3000,0,6000,90018000,27009001,3000,132000000,60000000,27006000,9000000,18006000,9000000,0,0,0,9006000,11896949,11.8969
swap_distribute_parallel_for_2500_3000_3500,2500,3500,0,7000,105021000,31510501,3500,144000000,70000000,31507000,10500000,21007000,10500000,0,0,0,10507000,11941838,11.9418
swap_distribute_parallel_for_2500_3000_4000,2500,4000,0,8000,120024000,36012001,4000,156000000,80000000,36008000,12000000,24008000,12000000,0,0,0,12008000,12060632,12.0606
swap_distribute_parallel_for_2500_3500_1500,2500,1500,0,3000,52509000,15754501,1500,112000000,30000000,15753000,5250000,10503000,5250000,0,0,0,5253000,13902518,13.9025
swap_distribute_parallel_for_2500_3500_2000,2500,2000,0,4000,70012000,21006001,2000,126000000,40000000,21004000,7000000,14004000,7000000,0,0,0,7004000,14031941,14.0319
swap_distribute_parallel_for_2500_3500_2500,2500,2500,0,5000,87515000,26257501,2500,140000000,50000000,26255000,8750000,17505000,8750000,0,0,0,8755000,13942791,13.9428
swap_distribute_parallel_for_2500_3500_3000,2500,3000,0,6000,105018000,31509001,3000,154000000,60000000,31506000,10500000,21006000,10500000,0,0,0,10506000,13892602,13.8926
swap_distribute_parallel_for_2500_3500_3500,2500,3500,0,7000,122521000,36760501,3500,168000000,70000000,36757000,12250000,24507000,12250000,0,0,0,12257000,13991678,13.9917
swap_distribute_parallel_for_2500_3500_4000,2500,4000,0,8000,140024000,42012001,4000,182000000,80000000,42008000,14000000,28008000,14000000,0,0,0,14008000,14111104,14.1111
swap_distribute_parallel_for_2500_4000_1000,2500,1000,0,2000,40006000,12003001,1000,112000000,20000000,12002000,4000000,8002000,4000000,0,0,0,4002000,15955856,15.9559
swap_distribute_parallel_for_2500_4000_1500,2500,1500,0,3000,60009000,18004501,1500,128000000,30000000,18003000,6000000,12003000,6000000,0,0,0,6003000,16112713,16.1127
swap_distribute_parallel_for_2500_4000_2000,2500,2000,0,4000,80012000,24006001,2000,144000000,40000000,24004000,8000000,16004000,8000000,0,0,0,8004000,15909624,15.9096
swap_distribute_parallel_for_2500_4000_2500,2500,2500,0,5000,100015000,30007501,2500,160000000,50000000,30005000,10000000,20005000,10000000,0,0,0,10005000,16000447,16.0004
swap_distribute_parallel_for_2500_4000_3000,2500,3000,0,6000,120018000,36009001,3000,176000000,60000000,36006000,12000000,24006000,12000000,0,0,0,12006000,15969474,15.9695
swap_distribute_parallel_for_2500_4000_3500,2500,3500,0,7000,140021000,42010501,3500,192000000,70000000,42007000,14000000,28007000,14000000,0,0,0,14007000,16095292,16.0953
swap_distribute_parallel_for_2500_4000_4000,2500,4000,0,8000,160024000,48012001,4000,208000000,80000000,48008000,16000000,32008000,16000000,0,0,0,16008000,16243305,16.2433
swap_distribute_parallel_for_2700_1200_1200,2700,1200,0,2400,14407200,4323601,1200,37440000,25920000,4322400,1440000,2882400,1440000,0,0,0,1442400,5197364,5.1974
swap_distribute_parallel_for_2700_1200_1700,2700,1700,0,3400,20410200,6125101,1700,42240000,36720000,6123400,2040000,4083400,2040000,0,0,0,2043400,5191466,5.1915
swap_distribute_parallel_for_2700_1200_2200,2700,2200,0,4400,26413200,7926601,2200,47040000,47520000,7924400,2640000,5284400,2640000,0,0,0,2644400,5166883,5.1669
swap_distribute_parallel_for_2700_1200_2700,2700,2700,0,5400,32416200,9728101,2700,51840000,58320000,9725400,3240000,6485400,3240000,0,0,0,3245400,5183552,5.1836
swap_distribute_parallel_for_2700_1200_3200,2700,3200,0,6400,38419200,11529601,3200,56640000,69120000,11526400,3840000,7686400,3840000,0,0,0,3846400,5349024,5.3490
swap_distribute_parallel_for_2700_1200_3700,2700,3700,0,7400,44422200,13331101,3700,61440000,79920000,13327400,4440000,8887400,4440000,0,0,0,4447400,5314416,5.3144
swap_distribute_parallel_for_2700_1200_4200,2700,4200,0,8400,50425200,15132601,4200,66240000,90720000,15128400,5040000,10088400,5040000,0,0,0,5048400,5305158,5.3052
swap_distribute_parallel_for_2700_1700_1200,2700,1200,0,2400,20407200,6123601,1200,53040000,25920000,6122400,2040000,4082400,2040000,0,0,0,2042400,7320556,7.3206
swap_distribute_parallel_for_2700_1700_1700,2700,1700,0,3400,28910200,8675101,1700,59840000,36720000,8673400,2890000,5783400,2890000,0,0,0,2893400,7281038,7.2810
swap_distribute_parallel_for_2700_1700_2200,2700,2200,0,4400,37413200,11226601,2200,66640000,47520000,11224400,3740000,7484400,3740000,0,0,0,3744400,7414282,7.4143
swap_distribute_parallel_for_2700_1700_2700,2700,2700,0,5400,45916200,13778101,2700,73440000,58320000,13775400,4590000,9185400,4590000,0,0,0,4595400,7292486,7.2925
swap_distribute_parallel_for_2700_1700_3200,2700,3200,0,6400,54419200,16329601,3200,80240000,69120000,16326400,5440000,10886400,5440000,0,0,0,5446400,7306476,7.3065
swap_distribute_parallel_for_2700_1700_3700,2700,3700,0,7400,62922200,18881101,3700,87040000,79920000,18877400,6290000,12587400,6290000,0,0,0,6297400,7382232,7.3822
swap_distribute_parallel_for_2700_1700_4200,2700,4200,0,8400,71425200,21432601,4200,93840000,90720000,21428400,7140000,14288400,7140000,0,0,0,7148400,7321842,7.3218
swap_distribute_parallel_for_2700_2200_1200,2700,1200,0,2400,26407200,7923601,1200,68640000,25920000,7922400,2640000,5282400,2640000,0,0,0,2642400,9449762,9.4498
swap_distribute_parallel_for_2700_2200_1700,2700,1700,0,3400,37410200,11225101,1700,77440000,36720000,11223400,3740000,7483400,3740000,0,0,0,3743400,9426002,9.4260
swap_distribute_parallel_for_2700_2200_2200,2700,2200,0,4400,48413200,14526601,2200,86240000,47520000,14524400,4840000,9684400,4840000,0,0,0,4844400,9519981,9.5200
swap_distribute_parallel_for_2700_2200_2700,2700,2700,0,5400,59416200,17828101,2700,95040000,58320000,17825400,5940000,11885400,5940000,0,0,0,5945400,9468196,9.4682
swap_distribute_parallel_for_2700_2200_3200,2700,3200,0,6400,70419200,21129601,3200,103840000,69120000,21126400,7040000,14086400,7040000,0,0,0,7046400,9583322,9.5833
swap_distribute_parallel_for_2700_2200_3700,2700,3700,0,7400,81422200,24431101,3700,112640000,79920000,24427400,8140000,16287400,8140000,0,0,0,8147400,9731714,9.7317
swap_distribute_parallel_for_2700_2200_4200,2700,4200,0,8400,92425200,27732601,4200,121440000,90720000,27728400,9240000,18488400,9240000,0,0,0,9248400,9680870,9.6809
swap_distribute_parallel_for_2700_2700_1200,2700,1200,0,2400,32407200,9723601,1200,84240000,25920000,9722400,3240000,6482400,3240000,0,0,0,3242400,11592796,11.5928
swap_distribute_parallel_for_2700_2700_1700,2700,1700,0,3400,45910200,13775101,1700,95040000,36720000,13773400,4590000,9183400,4590000,0,0,0,4593400,11586318,11.5863
swap_distribute_parallel_for_2700_2700_2200,2700,2200,0,4400,59413200,17826601,2200,105840000,47520000,17824400,5940000,11884400,5940000,0,0,0,5944400,11645233,11.6452
swap_distribute_parallel_for_2700_2700_2700,2700,2700,0,5400,72916200,21878101,2700,116640000,58320000,21875400,7290000,14585400,7290000,0,0,0,7295400,11830938,11.8309
swap_distribute_parallel_for_2700_2700_3200,2700,3200,0,6400,86419200,25929601,3200,127440000,69120000,25926400,8640000,17286400,8640000,0,0,0,8646400,11645685,11.6457
swap_distribute_parallel_for_2700_2700_3700,2700,3700,0,7400,99922200,29981101,3700,138240000,79920000,29977400,9990000,19987400,9990000,0,0,0,9997400,11643567,11.6436
swap_distribute_parallel_for_2700_2700_4200,2700,4200,0,8400,113425200,34032601,4200,149040000,90720000,34028400,11340000,22688400,11340000,0,0,0,11348400,11693034,11.6930
swap_distribute_parallel_for_2700_3200_1200,2700,1200,0,2400,38407200,11523601,1200,99840000,25920000,11522400,3840000,7682400,3840000,0,0,0,3842400,13703719,13.7037
swap_distribute_parallel_for_2700_3200_1700,2700,1700,0,3400,54410200,16325101,1700,112640000,36720000,16323400,5440000,10883400,5440000,0,0,0,5443400,13738998,13.7390
swap_distribute_parallel_for_2700_3200_2200,2700,2200,0,4400,70413200,21126601,2200,125440000,47520000,21124400,7040000,14084400,7040000,0,0,0,7044400,13819681,13.8197
swap_distribute_parallel_for_2700_3200_2700,2700,2700,0,5400,86416200,25928101,2700,138240000,58320000,25925400,8640000,17285400,8640000,0,0,0,8645400,13830694,13.8307
swap_distribute_parallel_for_2700_3200_3200,2700,3200,0,6400,102419200,30729601,3200,151040000,69120000,30726400,10240000,20486400,10240000,0,0,0,10246400,13715982,13.7160
swap_distribute_parallel_for_2700_3200_3700,2700,3700,0,7400,118422200,35531101,3700,163840000,79920000,35527400,11840000,23687400,11840000,0,0,0,11847400,13748319,13.7483
swap_distribute_parallel_for_2700_3200_4200,2700,4200,0,8400,134425200,40332601,4200,176640000,90720000,40328400,13440000,26888400,13440000,0,0,0,13448400,13738746,13.7387
swap_distribute_parallel_for_2700_3700_1200,2700,1200,0,2400,44407200,13323601,1200,115440000,25920000,13322400,4440000,8882400,4440000,0,0,0,4442400,15857144,15.8571
swap_distribute_parallel_for_2700_3700_2200,2700,2200,0,4400,81413200,24426601,2200,145040000,47520000,24424400,8140000,16284400,8140000,0,0,0,8144400,16014901,16.0149
swap_distribute_parallel_for_2700_3700_2700,2700,2700,0,5400,99916200,29978101,2700,159840000,58320000,29975400,9990000,19985400,9990000,0,0,0,9995400,15853086,15.8531
swap_distribute_parallel_for_2700_3700_3200,2700,3200,0,6400,118419200,35529601,3200,174640000,69120000,35526400,11840000,23686400,11840000,0,0,0,11846400,16078150,16.0782
swap_distribute_parallel_for_2700_3700_3700,2700,3700,0,7400,136922200,41081101,3700,189440000,79920000,41077400,13690000,27387400,13690000,0,0,0,13697400,15870828,15.8708
swap_distribute_parallel_for_2700_3700_4200,2700,4200,0,8400,155425200,46632601,4200,204240000,90720000,46628400,15540000,31088400,15540000,0,0,0,15548400,15936896,15.9369
swap_distribute_parallel_for_2750_1250_1250,2750,1250,0,2500,15632500,4691251,1250,40000000,27500000,4690000,1562500,3127500,1562500,0,0,0,1565000,5473453,5.4735
swap_distribute_parallel_for_2750_1250_1750,2750,1750,0,3500,21885500,6567751,1750,45000000,38500000,6566000,2187500,4378500,2187500,0,0,0,2191000,5494612,5.4946
swap_distribute_parallel_for_2750_1250_2250,2750,2250,0,4500,28138500,8444251,2250,50000000,49500000,8442000,2812500,5629500,2812500,0,0,0,2817000,5578191,5.5782
swap_distribute_parallel_for_2750_1250_2750,2750,2750,0,5500,34391500,10320751,2750,55000000,60500000,10318000,3437500,6880500,3437500,0,0,0,3443000,5651574,5.6516
swap_distribute_parallel_for_2750_1250_3250,2750,3250,0,6500,40644500,12197251,3250,60000000,71500000,12194000,4062500,8131500,4062500,0,0,0,4069000,5460930,5.4609
swap_distribute_parallel_for_2750_1250_3750,2750,3750,0,7500,46897500,14073751,3750,65000000,82500000,14070000,4687500,9382500,4687500,0,0,0,4695000,5628262,5.6283
swap_distribute_parallel_for_2750_1250_4250,2750,4250,0,8500,53150500,15950251,4250,70000000,93500000,15946000,5312500,10633500,5312500,0,0,0,5321000,5540747,5.5407
swap_distribute_parallel_for_2750_1750_1250,2750,1250,0,2500,21882500,6566251,1250,56000000,27500000,6565000,2187500,4377500,2187500,0,0,0,2190000,7657241,7.6572
swap_distribute_parallel_for_2750_1750_1750,2750,1750,0,3500,30635500,9192751,1750,63000000,38500000,9191000,3062500,6128500,3062500,0,0,0,3066000,7689692,7.6897
swap_distribute_parallel_for_2750_1750_2250,2750,2250,0,4500,39388500,11819251,2250,70000000,49500000,11817000,3937500,7879500,3937500,0,0,0,3942000,7712585,7.7126
swap_distribute_parallel_for_2750_1750_2750,2750,2750,0,5500,48141500,14445751,2750,77000000,60500000,14443000,4812500,9630500,4812500,0,0,0,4818000,7804969,7.8050
swap_distribute_parallel_for_2750_1750_3250,2750,3250,0,6500,56894500,17072251,3250,84000000,71500000,17069000,5687500,11381500,5687500,0,0,0,5694000,7697126,7.6971
swap_distribute_parallel_for_2750_1750_3750,2750,3750,0,7500,65647500,19698751,3750,91000000,82500000,19695000,6562500,13132500,6562500,0,0,0,6570000,7802926,7.8029
swap_distribute_parallel_for_2750_1750_4250,2750,4250,0,8500,74400500,22325251,4250,98000000,93500000,22321000,7437500,14883500,7437500,0,0,0,7446000,7699088,7.6991
swap_distribute_parallel_for_2750_2250_1250,2750,1250,0,2500,28132500,8441251,1250,72000000,27500000,8440000,2812500,5627500,2812500,0,0,0,2815000,9835158,9.8352
swap_distribute_parallel_for_2750_2250_1750,2750,1750,0,3500,39385500,11817751,1750,81000000,38500000,11816000,3937500,7878500,3937500,0,0,0,3941000,9896254,9.8963
swap_distribute_parallel_for_2750_2250_2250,2750,2250,0,4500,50638500,15194251,2250,90000000,49500000,15192000,5062500,10129500,5062500,0,0,0,5067000,9838690,9.8387
swap_distribute_parallel_for_2750_2250_2750,2750,2750,0,5500,61891500,18570751,2750,99000000,60500000,18568000,6187500,12380500,6187500,0,0,0,6193000,9897109,9.8971
swap_distribute_parallel_for_2750_2250_3250,2750,3250,0,6500,73144500,21947251,3250,108000000,71500000,21944000,7312500,14631500,7312500,0,0,0,7319000,10040411,10.0404
swap_distribute_parallel_for_2750_2250_3750,2750,3750,0,7500,84397500,25323751,3750,117000000,82500000,25320000,8437500,16882500,8437500,0,0,0,8445000,9888228,9.8882
swap_distribute_parallel_for_2750_2250_4250,2750,4250,0,8500,95650500,28700251,4250,126000000,93500000,28696000,9562500,19133500,9562500,0,0,0,9571000,10002417,10.0024
swap_distribute_parallel_for_2750_2750_1250,2750,1250,0,2500,34382500,10316251,1250,88000000,27500000,10315000,3437500,6877500,3437500,0,0,0,3440000,12089830,12.0898
swap_distribute_parallel_for_2750_2750_1750,2750,1750,0,3500,48135500,14442751,1750,99000000,38500000,14441000,4812500,9628500,4812500,0,0,0,4816000,12059858,12.0599
swap_distribute_parallel_for_2750_2750_2250,2750,2250,0,4500,61888500,18569251,2250,110000000,49500000,18567000,6187500,12379500,6187500,0,0,0,6192000,12105745,12.1057
swap_distribute_parallel_for_2750_2750_2750,2750,2750,0,5500,75641500,22695751,2750,121000000,60500000,22693000,7562500,15130500,7562500,0,0,0,7568000,12050348,12.0503
swap_distribute_parallel_for_2750_2750_3250,2750,3250,0,6500,89394500,26822251,3250,132000000,71500000,26819000,8937500,17881500,8937500,0,0,0,8944000,12068572,12.0686
swap_distribute_parallel_for_2750_2750_3750,2750,3750,0,7500,103147500,30948751,3750,143000000,82500000,30945000,10312500,20632500,10312500,0,0,0,10320000,12084994,12.0850
swap_distribute_parallel_for_2750_2750_4250,2750,4250,0,8500,116900500,35075251,4250,154000000,93500000,35071000,11687500,23383500,11687500,0,0,0,11696000,12172979,12.1730
swap_distribute_parallel_for_2750_3250_1250,2750,1250,0,2500,40632500,12191251,1250,104000000,27500000,12190000,4062500,8127500,4062500,0,0,0,4065000,14330040,14.3300
swap_distribute_parallel_for_2750_3250_1750,2750,1750,0,3500,56885500,17067751,1750,117000000,38500000,17066000,5687500,11378500,5687500,0,0,0,5691000,14395468,14.3955
swap_distribute_parallel_for_2750_3250_2250,2750,2250,0,4500,73138500,21944251,2250,130000000,49500000,21942000,7312500,14629500,7312500,0,0,0,7317000,14257584,14.2576
swap_distribute_parallel_for_2750_3250_2750,2750,2750,0,5500,89391500,26820751,2750,143000000,60500000,26818000,8937500,17880500,8937500,0,0,0,8943000,14482255,14.4823
swap_distribute_parallel_for_2750_3250_3250,2750,3250,0,6500,105644500,31697251,3250,156000000,71500000,31694000,10562500,21131500,10562500,0,0,0,10569000,14263291,14.2633
swap_distribute_parallel_for_2750_3250_3750,2750,3750,0,7500,121897500,36573751,3750,169000000,82500000,36570000,12187500,24382500,12187500,0,0,0,12195000,14311166,14.3112
swap_distribute_parallel_for_2750_3250_4250,2750,4250,0,8500,138150500,41450251,4250,182000000,93500000,41446000,13812500,27633500,13812500,0,0,0,13821000,14591024,14.5910
swap_distribute_parallel_for_2750_3750_1250,2750,1250,0,2500,46882500,14066251,1250,120000000,27500000,14065000,4687500,9377500,4687500,0,0,0,4690000,16429489,16.4295
swap_distribute_parallel_for_2750_3750_1750,2750,1750,0,3500,65635500,19692751,1750,135000000,38500000,19691000,6562500,13128500,6562500,0,0,0,6566000,16402545,16.4025
swap_distribute_parallel_for_2750_3750_2250,2750,2250,0,4500,84388500,25319251,2250,150000000,49500000,25317000,8437500,16879500,8437500,0,0,0,8442000,16557855,16.5579
swap_distribute_parallel_for_2750_3750_2750,2750,2750,0,5500,103141500,30945751,2750,165000000,60500000,30943000,10312500,20630500,10312500,0,0,0,10318000,16498660,16.4987
swap_distribute_parallel_for_2750_3750_3250,2750,3250,0,6500,121894500,36572251,3250,180000000,71500000,36569000,12187500,24381500,12187500,0,0,0,12194000,16469065,16.4691
swap_distribute_parallel_for_2750_3750_3750,2750,3750,0,7500,140647500,42198751,3750,195000000,82500000,42195000,14062500,28132500,14062500,0,0,0,14070000,16578797,16.5788
swap_distribute_parallel_for_2750_3750_4250,2750,4250,0,8500,159400500,47825251,4250,210000000,93500000,47821000,15937500,31883500,15937500,0,0,0,15946000,16438440,16.4384
swap_distribute_parallel_for_2750_4250_1250,2750,1250,0,2500,53132500,15941251,1250,136000000,27500000,15940000,5312500,10627500,5312500,0,0,0,5315000,18519045,18.5190
swap_distribute_parallel_for_2750_4250_1750,2750,1750,0,3500,74385500,22317751,1750,153000000,38500000,22316000,7437500,14878500,7437500,0,0,0,7441000,18622575,18.6226
swap_distribute_parallel_for_2750_4250_2250,2750,2250,0,4500,95638500,28694251,2250,170000000,49500000,28692000,9562500,19129500,9562500,0,0,0,9567000,18644771,18.6448
swap_distribute_parallel_for_2750_4250_2750,2750,2750,0,5500,116891500,35070751,2750,187000000,60500000,35068000,11687500,23380500,11687500,0,0,0,11693000,18557375,18.5574
swap_distribute_parallel_for_2750_4250_3250,2750,3250,0,6500,138144500,41447251,3250,204000000,71500000,41444000,13812500,27631500,13812500,0,0,0,13819000,18861986,18.8620
swap_distribute_parallel_for_2750_4250_3750,2750,3750,0,7500,159397500,47823751,3750,221000000,82500000,47820000,15937500,31882500,15937500,0,0,0,15945000,18694337,18.6943
swap_distribute_parallel_for_2750_4250_4250,2750,4250,0,8500,180650500,54200251,4250,238000000,93500000,54196000,18062500,36133500,18062500,0,0,0,18071000,18618091,18.6181
swap_distribute_parallel_for_2900_1400_1400,2900,1400,0,2800,19608400,5884201,1400,48160000,32480000,5882800,1960000,3922800,1960000,0,0,0,1962800,6497999,6.4980
swap_distribute_parallel_for_2900_1400_1900,2900,1900,0,3800,26611400,7985701,1900,53760000,44080000,7983800,2660000,5323800,2660000,0,0,0,2663800,6459524,6.4595
swap_distribute_parallel_for_2900_1400_2400,2900,2400,0,4800,33614400,10087201,2400,59360000,55680000,10084800,3360000,6724800,3360000,0,0,0,3364800,6437718,6.4377
swap_distribute_parallel_for_2900_1400_2900,2900,2900,0,5800,40617400,12188701,2900,64960000,67280000,12185800,4060000,8125800,4060000,0,0,0,4065800,6563887,6.5639
swap_distribute_parallel_for_2900_1400_3400,2900,3400,0,6800,47620400,14290201,3400,70560000,78880000,14286800,4760000,9526800,4760000,0,0,0,4766800,6456664,6.4567
swap_distribute_parallel_for_2900_1400_3900,2900,3900,0,7800,54623400,16391701,3900,76160000,90480000,16387800,5460000,10927800,5460000,0,0,0,5467800,6549898,6.5499
swap_distribute_parallel_for_2900_1400_900,2900,900,0,1800,12605400,3782701,900,42560000,20880000,3781800,1260000,2521800,1260000,0,0,0,1261800,6639610,6.6396
swap_distribute_parallel_for_2900_1900_1400,2900,1400,0,2800,26608400,7984201,1400,65360000,32480000,7982800,2660000,5322800,2660000,0,0,0,2662800,8817539,8.8175
swap_distribute_parallel_for_2900_1900_1900,2900,1900,0,3800,36111400,10835701,1900,72960000,44080000,10833800,3610000,7223800,3610000,0,0,0,3613800,8769609,8.7696
swap_distribute_parallel_for_2900_1900_2400,2900,2400,0,4800,45614400,13687201,2400,80560000,55680000,13684800,4560000,9124800,4560000,0,0,0,4564800,8900081,8.9001
swap_distribute_parallel_for_2900_1900_2900,2900,2900,0,5800,55117400,16538701,2900,88160000,67280000,16535800,5510000,11025800,5510000,0,0,0,5515800,8839566,8.8396
swap_distribute_parallel_for_2900_1900_3400,2900,3400,0,6800,64620400,19390201,3400,95760000,78880000,19386800,6460000,12926800,6460000,0,0,0,6466800,8840340,8.8403
swap_distribute_parallel_for_2900_1900_3900,2900,3900,0,7800,74123400,22241701,3900,103360000,90480000,22237800,7410000,14827800,7410000,0,0,0,7417800,8836305,8.8363
swap_distribute_parallel_for_2900_1900_900,2900,900,0,1800,17105400,5132701,900,57760000,20880000,5131800,1710000,3421800,1710000,0,0,0,1711800,8807375,8.8074
swap_distribute_parallel_for_2900_2400_1400,2900,1400,0,2800,33608400,10084201,1400,82560000,32480000,10082800,3360000,6722800,3360000,0,0,0,3362800,10994114,10.9941
swap_distribute_parallel_for_2900_2400_1900,2900,1900,0,3800,45611400,13685701,1900,92160000,44080000,13683800,4560000,9123800,4560000,0,0,0,4563800,11045995,11.0460
swap_distribute_parallel_for_2900_2400_2400,2900,2400,0,4800,57614400,17287201,2400,101760000,55680000,17284800,5760000,11524800,5760000,0,0,0,5764800,11142398,11.1424
swap_distribute_parallel_for_2900_2400_2900,2900,2900,0,5800,69617400,20888701,2900,111360000,67280000,20885800,6960000,13925800,6960000,0,0,0,6965800,11255212,11.2552
swap_distribute_parallel_for_2900_2400_3400,2900,3400,0,6800,81620400,24490201,3400,120960000,78880000,24486800,8160000,16326800,8160000,0,0,0,8166800,11393924,11.3939
swap_distribute_parallel_for_2900_2400_3900,2900,3900,0,7800,93623400,28091701,3900,130560000,90480000,28087800,9360000,18727800,9360000,0,0,0,9367800,11225119,11.2251
swap_distribute_parallel_for_2900_2400_900,2900,900,0,1800,21605400,6482701,900,72960000,20880000,6481800,2160000,4321800,2160000,0,0,0,2161800,11114100,11.1141
swap_distribute_parallel_for_2900_2900_1400,2900,1400,0,2800,40608400,12184201,1400,99760000,32480000,12182800,4060000,8122800,4060000,0,0,0,4062800,13383326,13.3833
swap_distribute_parallel_for_2900_2900_1900,2900,1900,0,3800,55111400,16535701,1900,111360000,44080000,16533800,5510000,11023800,5510000,0,0,0,5513800,13362684,13.3627
swap_distribute_parallel_for_2900_2900_2400,2900,2400,0,4800,69614400,20887201,2400,122960000,55680000,20884800,6960000,13924800,6960000,0,0,0,6964800,13381048,13.3810
swap_distribute_parallel_for_2900_2900_2900,2900,2900,0,5800,84117400,25238701,2900,134560000,67280000,25235800,8410000,16825800,8410000,0,0,0,8415800,13460634,13.4606
swap_distribute_parallel_for_2900_2900_3400,2900,3400,0,6800,98620400,29590201,3400,146160000,78880000,29586800,9860000,19726800,9860000,0,0,0,9866800,13468975,13.4690
swap_distribute_parallel_for_2900_2900_3900,2900,3900,0,7800,113123400,33941701,3900,157760000,90480000,33937800,11310000,22627800,11310000,0,0,0,11317800,13528872,13.5289
swap_distribute_parallel_for_2900_2900_900,2900,900,0,1800,26105400,7832701,900,88160000,20880000,7831800,2610000,5221800,2610000,0,0,0,2611800,13370883,13.3709
swap_distribute_parallel_for_2900_3400_1400,2900,1400,0,2800,47608400,14284201,1400,116960000,32480000,14282800,4760000,9522800,4760000,0,0,0,4762800,15681969,15.6820
swap_distribute_parallel_for_2900_3400_1900,2900,1900,0,3800,64611400,19385701,1900,130560000,44080000,19383800,6460000,12923800,6460000,0,0,0,6463800,15764633,15.7646
swap_distribute_parallel_for_2900_3400_2400,2900,2400,0,4800,81614400,24487201,2400,144160000,55680000,24484800,8160000,16324800,8160000,0,0,0,8164800,15803800,15.8038
swap_distribute_parallel_for_2900_3400_2900,2900,2900,0,5800,98617400,29588701,2900,157760000,67280000,29585800,9860000,19725800,9860000,0,0,0,9865800,15892584,15.8926
swap_distribute_parallel_for_2900_3400_3400,2900,3400,0,6800,115620400,34690201,3400,171360000,78880000,34686800,11560000,23126800,11560000,0,0,0,11566800,15896076,15.8961
swap_distribute_parallel_for_2900_3400_3900,2900,3900,0,7800,132623400,39791701,3900,184960000,90480000,39787800,13260000,26527800,13260000,0,0,0,13267800,15743807,15.7438
swap_distribute_parallel_for_2900_3400_900,2900,900,0,1800,30605400,9182701,900,103360000,20880000,9181800,3060000,6121800,3060000,0,0,0,3061800,15656413,15.6564
swap_distribute_parallel_for_2900_3900_1400,2900,1400,0,2800,54608400,16384201,1400,134160000,32480000,16382800,5460000,10922800,5460000,0,0,0,5462800,17867513,17.8675
swap_distribute_parallel_for_2900_3900_1900,2900,1900,0,3800,74111400,22235701,1900,149760000,44080000,22233800,7410000,14823800,7410000,0,0,0,7413800,18019646,18.0196
swap_distribute_parallel_for_2900_3900_2400,2900,2400,0,4800,93614400,28087201,2400,165360000,55680000,28084800,9360000,18724800,9360000,0,0,0,9364800,17935215,17.9352
swap_distribute_parallel_for_2900_3900_2900,2900,2900,0,5800,113117400,33938701,2900,180960000,67280000,33935800,11310000,22625800,11310000,0,0,0,11315800,17976628,17.9766
swap_distribute_parallel_for_2900_3900_3400,2900,3400,0,6800,132620400,39790201,3400,196560000,78880000,39786800,13260000,26526800,13260000,0,0,0,13266800,18073833,18.0738
swap_distribute_parallel_for_2900_3900_3900,2900,3900,0,7800,152123400,45641701,3900,212160000,90480000,45637800,15210000,30427800,15210000,0,0,0,15217800,17978426,17.9784
swap_distribute_parallel_for_2900_3900_900,2900,900,0,1800,35105400,10532701,900,118560000,20880000,10531800,3510000,7021800,3510000,0,0,0,3511800,18078312,18.0783
swap_distribute_parallel_for_2900_900_1400,2900,1400,0,2800,12608400,3784201,1400,30960000,32480000,3782800,1260000,2522800,1260000,0,0,0,1262800,4154741,4.1547
swap_distribute_parallel_for_2900_900_1900,2900,1900,0,3800,17111400,5135701,1900,34560000,44080000,5133800,1710000,3423800,1710000,0,0,0,1713800,4193409,4.1934
swap_distribute_parallel_for_2900_900_2400,2900,2400,0,4800,21614400,6487201,2400,38160000,55680000,6484800,2160000,4324800,2160000,0,0,0,2164800,4404039,4.4040
swap_distribute_parallel_for_2900_900_2900,2900,2900,0,5800,26117400,7838701,2900,41760000,67280000,7835800,2610000,5225800,2610000,0,0,0,2615800,4288254,4.2883
swap_distribute_parallel_for_2900_900_3400,2900,3400,0,6800,30620400,9190201,3400,45360000,78880000,9186800,3060000,6126800,3060000,0,0,0,3066800,4226401,4.2264
swap_distribute_parallel_for_2900_900_3900,2900,3900,0,7800,35123400,10541701,3900,48960000,90480000,10537800,3510000,7027800,3510000,0,0,0,3517800,4227764,4.2278
swap_distribute_parallel_for_2900_900_900,2900,900,0,1800,8105400,2432701,900,27360000,20880000,2431800,810000,1621800,810000,0,0,0,811800,3996130,3.9961
swap_distribute_parallel_for_3000_1000_1000,3000,1000,0,2000,10006000,3003001,1000,32000000,24000000,3002000,1000000,2002000,1000000,0,0,0,1002000,4815394,4.8154
swap_distribute_parallel_for_3000_1000_1500,3000,1500,0,3000,15009000,4504501,1500,36000000,36000000,4503000,1500000,3003000,1500000,0,0,0,1503000,4811417,4.8114
swap_distribute_parallel_for_3000_1000_2000,3000,2000,0,4000,20012000,6006001,2000,40000000,48000000,6004000,2000000,4004000,2000000,0,0,0,2004000,5028950,5.0290
swap_distribute_parallel_for_3000_1000_2500,3000,2500,0,5000,25015000,7507501,2500,44000000,60000000,7505000,2500000,5005000,2500000,0,0,0,2505000,4878153,4.8782
swap_distribute_parallel_for_3000_1000_3000,3000,3000,0,6000,30018000,9009001,3000,48000000,72000000,9006000,3000000,6006000,3000000,0,0,0,3006000,4791616,4.7916
swap_distribute_parallel_for_3000_1000_3500,3000,3500,0,7000,35021000,10510501,3500,52000000,84000000,10507000,3500000,7007000,3500000,0,0,0,3507000,4929077,4.9291
swap_distribute_parallel_for_3000_1000_4000,3000,4000,0,8000,40024000,12012001,4000,56000000,96000000,12008000,4000000,8008000,4000000,0,0,0,4008000,5034249,5.0342
swap_distribute_parallel_for_3000_1500_1000,3000,1000,0,2000,15006000,4503001,1000,48000000,24000000,4502000,1500000,3002000,1500000,0,0,0,1502000,7175616,7.1756
swap_distribute_parallel_for_3000_1500_1500,3000,1500,0,3000,22509000,6754501,1500,54000000,36000000,6753000,2250000,4503000,2250000,0,0,0,2253000,7259478,7.2595
swap_distribute_parallel_for_3000_1500_2000,3000,2000,0,4000,30012000,9006001,2000,60000000,48000000,9004000,3000000,6004000,3000000,0,0,0,3004000,7171622,7.1716
swap_distribute_parallel_for_3000_1500_2500,3000,2500,0,5000,37515000,11257501,2500,66000000,60000000,11255000,3750000,7505000,3750000,0,0,0,3755000,7153284,7.1533
swap_distribute_parallel_for_3000_1500_3000,3000,3000,0,6000,45018000,13509001,3000,72000000,72000000,13506000,4500000,9006000,4500000,0,0,0,4506000,7377918,7.3779
swap_distribute_parallel_for_3000_1500_3500,3000,3500,0,7000,52521000,15760501,3500,78000000,84000000,15757000,5250000,10507000,5250000,0,0,0,5257000,7158955,7.1590
swap_distribute_parallel_for_3000_1500_4000,3000,4000,0,8000,60024000,18012001,4000,84000000,96000000,18008000,6000000,12008000,6000000,0,0,0,6008000,7345517,7.3455
swap_distribute_parallel_for_3000_2000_1000,3000,1000,0,2000,20006000,6003001,1000,64000000,24000000,6002000,2000000,4002000,2000000,0,0,0,2002000,9540843,9.5408
swap_distribute_parallel_for_3000_2000_1500,3000,1500,0,3000,30009000,9004501,1500,72000000,36000000,9003000,3000000,6003000,3000000,0,0,0,3003000,9603897,9.6039
swap_distribute_parallel_for_3000_2000_2000,3000,2000,0,4000,40012000,12006001,2000,80000000,48000000,12004000,4000000,8004000,4000000,0,0,0,4004000,9545831,9.5458
swap_distribute_parallel_for_3000_2000_2500,3000,2500,0,5000,50015000,15007501,2500,88000000,60000000,15005000,5000000,10005000,5000000,0,0,0,5005000,9566107,9.5661
swap_distribute_parallel_for_3000_2000_3000,3000,3000,0,6000,60018000,18009001,3000,96000000,72000000,18006000,6000000,12006000,6000000,0,0,0,6006000,9647296,9.6473
swap_distribute_parallel_for_3000_2000_3500,3000,3500,0,7000,70021000,21010501,3500,104000000,84000000,21007000,7000000,14007000,7000000,0,0,0,7007000,9572222,9.5722
swap_distribute_parallel_for_3000_2000_4000,3000,4000,0,8000,80024000,24012001,4000,112000000,96000000,24008000,8000000,16008000,8000000,0,0,0,8008000,9553036,9.5530
swap_distribute_parallel_for_3000_2500_1000,3000,1000,0,2000,25006000,7503001,1000,80000000,24000000,7502000,2500000,5002000,2500000,0,0,0,2502000,12022546,12.0225
swap_distribute_parallel_for_3000_2500_1500,3000,1500,0,3000,37509000,11254501,1500,90000000,36000000,11253000,3750000,7503000,3750000,0,0,0,3753000,12006281,12.0063
swap_distribute_parallel_for_3000_2500_2000,3000,2000,0,4000,50012000,15006001,2000,100000000,48000000,15004000,5000000,10004000,5000000,0,0,0,5004000,12076211,12.0762
swap_distribute_parallel_for_3000_2500_2500,3000,2500,0,5000,62515000,18757501,2500,110000000,60000000,18755000,6250000,12505000,6250000,0,0,0,6255000,12001619,12.0016
swap_distribute_parallel_for_3000_2500_3000,3000,3000,0,6000,75018000,22509001,3000,120000000,72000000,22506000,7500000,15006000,7500000,0,0,0,7506000,12109728,12.1097
swap_distribute_parallel_for_3000_2500_3500,3000,3500,0,7000,87521000,26260501,3500,130000000,84000000,26257000,8750000,17507000,8750000,0,0,0,8757000,12151023,12.1510
swap_distribute_parallel_for_3000_2500_4000,3000,4000,0,8000,100024000,30012001,4000,140000000,96000000,30008000,10000000,20008000,10000000,0,0,0,10008000,11997338,11.9973
swap_distribute_parallel_for_3000_3000_1000,3000,1000,0,2000,30006000,9003001,1000,96000000,24000000,9002000,3000000,6002000,3000000,0,0,0,3002000,14349453,14.3495
swap_distribute_parallel_for_3000_3000_1500,3000,1500,0,3000,45009000,13504501,1500,108000000,36000000,13503000,4500000,9003000,4500000,0,0,0,4503000,14344370,14.3444
swap_distribute_parallel_for_3000_3000_2000,3000,2000,0,4000,60012000,18006001,2000,120000000,48000000,18004000,6000000,12004000,6000000,0,0,0,6004000,14348633,14.3486
swap_distribute_parallel_for_3000_3000_2500,3000,2500,0,5000,75015000,22507501,2500,132000000,60000000,22505000,7500000,15005000,7500000,0,0,0,7505000,14280689,14.2807
swap_distribute_parallel_for_3000_3000_3000,3000,3000,0,6000,90018000,27009001,3000,144000000,72000000,27006000,9000000,18006000,9000000,0,0,0,9006000,14304668,14.3047
swap_distribute_parallel_for_3000_3000_3500,3000,3500,0,7000,105021000,31510501,3500,156000000,84000000,31507000,10500000,21007000,10500000,0,0,0,10507000,14483151,14.4832
swap_distribute_parallel_for_3000_3000_4000,3000,4000,0,8000,120024000,36012001,4000,168000000,96000000,36008000,12000000,24008000,12000000,0,0,0,12008000,14408742,14.4087
swap_distribute_parallel_for_3000_3500_1000,3000,1000,0,2000,35006000,10503001,1000,112000000,24000000,10502000,3500000,7002000,3500000,0,0,0,3502000,16710249,16.7102
swap_distribute_parallel_for_3000_3500_1500,3000,1500,0,3000,52509000,15754501,1500,126000000,36000000,15753000,5250000,10503000,5250000,0,0,0,5253000,16775666,16.7757
swap_distribute_parallel_for_3000_3500_2000,3000,2000,0,4000,70012000,21006001,2000,140000000,48000000,21004000,7000000,14004000,7000000,0,0,0,7004000,16654346,16.6543
swap_distribute_parallel_for_3000_3500_2500,3000,2500,0,5000,87515000,26257501,2500,154000000,60000000,26255000,8750000,17505000,8750000,0,0,0,8755000,16795005,16.7950
swap_distribute_parallel_for_3000_3500_3000,3000,3000,0,6000,105018000,31509001,3000,168000000,72000000,31506000,10500000,21006000,10500000,0,0,0,10506000,16663697,16.6637
swap_distribute_parallel_for_3000_3500_3500,3000,3500,0,7000,122521000,36760501,3500,182000000,84000000,36757000,12250000,24507000,12250000,0,0,0,12257000,16685906,16.6859
swap_distribute_parallel_for_3000_3500_4000,3000,4000,0,8000,140024000,42012001,4000,196000000,96000000,42008000,14000000,28008000,14000000,0,0,0,14008000,16787923,16.7879
swap_distribute_parallel_for_3000_4000_1000,3000,1000,0,2000,40006000,12003001,1000,128000000,24000000,12002000,4000000,8002000,4000000,0,0,0,4002000,19035472,19.0355
swap_distribute_parallel_for_3000_4000_1500,3000,1500,0,3000,60009000,18004501,1500,144000000,36000000,18003000,6000000,12003000,6000000,0,0,0,6003000,19181325,19.1813
swap_distribute_parallel_for_3000_4000_2000,3000,2000,0,4000,80012000,24006001,2000,160000000,48000000,24004000,8000000,16004000,8000000,0,0,0,8004000,19071422,19.0714
swap_distribute_parallel_for_3000_4000_2500,3000,2500,0,5000,100015000,30007501,2500,176000000,60000000,30005000,10000000,20005000,10000000,0,0,0,10005000,19105863,19.1059
swap_distribute_parallel_for_3000_4000_3000,3000,3000,0,6000,120018000,36009001,3000,192000000,72000000,36006000,12000000,24006000,12000000,0,0,0,12006000,19174263,19.1743
swap_distribute_parallel_for_3000_4000_3500,3000,3500,0,7000,140021000,42010501,3500,208000000,84000000,42007000,14000000,28007000,14000000,0,0,0,14007000,19186653,19.1867
swap_distribute_parallel_for_3000_4000_4000,3000,4000,0,8000,160024000,48012001,4000,224000000,96000000,48008000,16000000,32008000,16000000,0,0,0,16008000,19187474,19.1875
swap_distribute_parallel_for_300_100_100,300,100,0,200,100600,30301,100,320000,240000,30200,10000,20200,10000,0,0,0,10200,43032,0.0430
swap_distribute_parallel_for_300_100_200,300,200,0,400,201200,60601,200,400000,480000,60400,20000,40400,20000,0,0,0,20400,43430,0.0434
swap_distribute_parallel_for_300_100_300,300,300,0,600,301800,90901,300,480000,720000,90600,30000,60600,30000,0,0,0,30600,52110,0.0521
swap_distribute_parallel_for_300_100_400,300,400,0,800,402400,121201,400,560000,960000,120800,40000,80800,40000,0,0,0,40800,45922,0.0459
swap_distribute_parallel_for_300_100_500,300,500,0,1000,503000,151501,500,640000,1200000,151000,50000,101000,50000,0,0,0,51000,44876,0.0449
swap_distribute_parallel_for_300_100_600,300,600,0,1200,603600,181801,600,720000,1440000,181200,60000,121200,60000,0,0,0,61200,44162,0.0442
swap_distribute_parallel_for_300_100_700,300,700,0,1400,704200,212101,700,800000,1680000,211400,70000,141400,70000,0,0,0,71400,44933,0.0449
swap_distribute_parallel_for_300_100_800,300,800,0,1600,804800,242401,800,880000,1920000,241600,80000,161600,80000,0,0,0,81600,45217,0.0452
swap_distribute_parallel_for_300_100_900,300,900,0,1800,905400,272701,900,960000,2160000,271800,90000,181800,90000,0,0,0,91800,45625,0.0456
swap_distribute_parallel_for_300_200_100,300,100,0,200,200600,60301,100,640000,240000,60200,20000,40200,20000,0,0,0,20200,86579,0.0866
swap_distribute_parallel_for_300_200_200,300,200,0,400,401200,120601,200,800000,480000,120400,40000,80400,40000,0,0,0,40400,89310,0.0893
swap_distribute_parallel_for_300_200_300,300,300,0,600,601800,180901,300,960000,720000,180600,60000,120600,60000,0,0,0,60600,95010,0.0950
swap_distribute_parallel_for_300_200_400,300,400,0,800,802400,241201,400,1120000,960000,240800,80000,160800,80000,0,0,0,80800,87509,0.0875
swap_distribute_parallel_for_300_200_500,300,500,0,1000,1003000,301501,500,1280000,1200000,301000,100000,201000,100000,0,0,0,101000,95735,0.0957
swap_distribute_parallel_for_300_200_600,300,600,0,1200,1203600,361801,600,1440000,1440000,361200,120000,241200,120000,0,0,0,121200,133376,0.1334
swap_distribute_parallel_for_300_200_700,300,700,0,1400,1404200,422101,700,1600000,1680000,421400,140000,281400,140000,0,0,0,141400,95726,0.0957
swap_distribute_parallel_for_300_200_800,300,800,0,1600,1604800,482401,800,1760000,1920000,481600,160000,321600,160000,0,0,0,161600,92945,0.0929
swap_distribute_parallel_for_300_200_900,300,900,0,1800,1805400,542701,900,1920000,2160000,541800,180000,361800,180000,0,0,0,181800,88644,0.0886
swap_distribute_parallel_for_300_300_100,300,100,0,200,300600,90301,100,960000,240000,90200,30000,60200,30000,0,0,0,30200,135806,0.1358
swap_distribute_parallel_for_300_300_200,300,200,0,400,601200,180601,200,1200000,480000,180400,60000,120400,60000,0,0,0,60400,134826,0.1348
swap_distribute_parallel_for_300_300_300,300,300,0,600,901800,270901,300,1440000,720000,270600,90000,180600,90000,0,0,0,90600,154450,0.1545
swap_distribute_parallel_for_300_300_400,300,400,0,800,1202400,361201,400,1680000,960000,360800,120000,240800,120000,0,0,0,120800,133853,0.1339
swap_distribute_parallel_for_300_300_500,300,500,0,1000,1503000,451501,500,1920000,1200000,451000,150000,301000,150000,0,0,0,151000,134298,0.1343
swap_distribute_parallel_for_300_300_600,300,600,0,1200,1803600,541801,600,2160000,1440000,541200,180000,361200,180000,0,0,0,181200,141483,0.1415
swap_distribute_parallel_for_300_300_700,300,700,0,1400,2104200,632101,700,2400000,1680000,631400,210000,421400,210000,0,0,0,211400,133890,0.1339
swap_distribute_parallel_for_300_300_800,300,800,0,1600,2404800,722401,800,2640000,1920000,721600,240000,481600,240000,0,0,0,241600,137498,0.1375
swap_distribute_parallel_for_300_300_900,300,900,0,1800,2705400,812701,900,2880000,2160000,811800,270000,541800,270000,0,0,0,271800,180078,0.1801
swap_distribute_parallel_for_300_400_100,300,100,0,200,400600,120301,100,1280000,240000,120200,40000,80200,40000,0,0,0,40200,171029,0.1710
swap_distribute_parallel_for_300_400_200,300,200,0,400,801200,240601,200,1600000,480000,240400,80000,160400,80000,0,0,0,80400,180689,0.1807
swap_distribute_parallel_for_300_400_300,300,300,0,600,1201800,360901,300,1920000,720000,360600,120000,240600,120000,0,0,0,120600,219369,0.2194
swap_distribute_parallel_for_300_400_400,300,400,0,800,1602400,481201,400,2240000,960000,480800,160000,320800,160000,0,0,0,160800,202179,0.2022
swap_distribute_parallel_for_300_400_500,300,500,0,1000,2003000,601501,500,2560000,1200000,601000,200000,401000,200000,0,0,0,201000,175712,0.1757
swap_distribute_parallel_for_300_400_600,300,600,0,1200,2403600,721801,600,2880000,1440000,721200,240000,481200,240000,0,0,0,241200,176034,0.1760
swap_distribute_parallel_for_300_400_700,300,700,0,1400,2804200,842101,700,3200000,1680000,841400,280000,561400,280000,0,0,0,281400,180344,0.1803
swap_distribute_parallel_for_300_400_800,300,800,0,1600,3204800,962401,800,3520000,1920000,961600,320000,641600,320000,0,0,0,321600,179468,0.1795
swap_distribute_parallel_for_300_400_900,300,900,0,1800,3605400,1082701,900,3840000,2160000,1081800,360000,721800,360000,0,0,0,361800,199330,0.1993
swap_distribute_parallel_for_300_500_100,300,100,0,200,500600,150301,100,1600000,240000,150200,50000,100200,50000,0,0,0,50200,221368,0.2214
swap_distribute_parallel_for_300_500_200,300,200,0,400,1001200,300601,200,2000000,480000,300400,100000,200400,100000,0,0,0,100400,229273,0.2293
swap_distribute_parallel_for_300_500_300,300,300,0,600,1501800,450901,300,2400000,720000,450600,150000,300600,150000,0,0,0,150600,218381,0.2184
swap_distribute_parallel_for_300_500_400,300,400,0,800,2002400,601201,400,2800000,960000,600800,200000,400800,200000,0,0,0,200800,227382,0.2274
swap_distribute_parallel_for_300_500_500,300,500,0,1000,2503000,751501,500,3200000,1200000,751000,250000,501000,250000,0,0,0,251000,220223,0.2202
swap_distribute_parallel_for_300_500_600,300,600,0,1200,3003600,901801,600,3600000,1440000,901200,300000,601200,300000,0,0,0,301200,219088,0.2191
swap_distribute_parallel_for_300_500_700,300,700,0,1400,3504200,1052101,700,4000000,1680000,1051400,350000,701400,350000,0,0,0,351400,239255,0.2393
swap_distribute_parallel_for_300_500_800,300,800,0,1600,4004800,1202401,800,4400000,1920000,1201600,400000,801600,400000,0,0,0,401600,238032,0.2380
swap_distribute_parallel_for_300_500_900,300,900,0,1800,4505400,1352701,900,4800000,2160000,1351800,450000,901800,450000,0,0,0,451800,221250,0.2213
swap_distribute_parallel_for_300_600_100,300,100,0,200,600600,180301,100,1920000,240000,180200,60000,120200,60000,0,0,0,60200,255975,0.2560
swap_distribute_parallel_for_300_600_200,300,200,0,400,1201200,360601,200,2400000,480000,360400,120000,240400,120000,0,0,0,120400,258236,0.2582
swap_distribute_parallel_for_300_600_300,300,300,0,600,1801800,540901,300,2880000,720000,540600,180000,360600,180000,0,0,0,180600,271870,0.2719
swap_distribute_parallel_for_300_600_400,300,400,0,800,2402400,721201,400,3360000,960000,720800,240000,480800,240000,0,0,0,240800,314663,0.3147
swap_distribute_parallel_for_300_600_500,300,500,0,1000,3003000,901501,500,3840000,1200000,901000,300000,601000,300000,0,0,0,301000,271079,0.2711
swap_distribute_parallel_for_300_600_600,300,600,0,1200,3603600,1081801,600,4320000,1440000,1081200,360000,721200,360000,0,0,0,361200,261800,0.2618
swap_distribute_parallel_for_300_600_700,300,700,0,1400,4204200,1262101,700,4800000,1680000,1261400,420000,841400,420000,0,0,0,421400,272771,0.2728
swap_distribute_parallel_for_300_600_800,300,800,0,1600,4804800,1442401,800,5280000,1920000,1441600,480000,961600,480000,0,0,0,481600,265586,0.2656
swap_distribute_parallel_for_300_600_900,300,900,0,1800,5405400,1622701,900,5760000,2160000,1621800,540000,1081800,540000,0,0,0,541800,269979,0.2700
swap_distribute_parallel_for_300_700_100,300,100,0,200,700600,210301,100,2240000,240000,210200,70000,140200,70000,0,0,0,70200,298056,0.2981
swap_distribute_parallel_for_300_700_200,300,200,0,400,1401200,420601,200,2800000,480000,420400,140000,280400,140000,0,0,0,140400,304231,0.3042
swap_distribute_parallel_for_300_700_300,300,300,0,600,2101800,630901,300,3360000,720000,630600,210000,420600,210000,0,0,0,210600,303324,0.3033
swap_distribute_parallel_for_300_700_400,300,400,0,800,2802400,841201,400,3920000,960000,840800,280000,560800,280000,0,0,0,280800,309285,0.3093
swap_distribute_parallel_for_300_700_500,300,500,0,1000,3503000,1051501,500,4480000,1200000,1051000,350000,701000,350000,0,0,0,351000,324218,0.3242
swap_distribute_parallel_for_300_700_600,300,600,0,1200,4203600,1261801,600,5040000,1440000,1261200,420000,841200,420000,0,0,0,421200,303999,0.3040
swap_distribute_parallel_for_300_700_700,300,700,0,1400,4904200,1472101,700,5600000,1680000,1471400,490000,981400,490000,0,0,0,491400,312834,0.3128
swap_distribute_parallel_for_300_700_800,300,800,0,1600,5604800,1682401,800,6160000,1920000,1681600,560000,1121600,560000,0,0,0,561600,355647,0.3556
swap_distribute_parallel_for_300_700_900,300,900,0,1800,6305400,1892701,900,6720000,2160000,1891800,630000,1261800,630000,0,0,0,631800,336095,0.3361
swap_distribute_parallel_for_300_800_100,300,100,0,200,800600,240301,100,2560000,240000,240200,80000,160200,80000,0,0,0,80200,340501,0.3405
swap_distribute_parallel_for_300_800_200,300,200,0,400,1601200,480601,200,3200000,480000,480400,160000,320400,160000,0,0,0,160400,342779,0.3428
swap_distribute_parallel_for_300_800_300,300,300,0,600,2401800,720901,300,3840000,720000,720600,240000,480600,240000,0,0,0,240600,346444,0.3464
swap_distribute_parallel_for_300_800_400,300,400,0,800,3202400,961201,400,4480000,960000,960800,320000,640800,320000,0,0,0,320800,348424,0.3484
swap_distribute_parallel_for_300_800_500,300,500,0,1000,4003000,1201501,500,5120000,1200000,1201000,400000,801000,400000,0,0,0,401000,354857,0.3549
swap_distribute_parallel_for_300_800_600,300,600,0,1200,4803600,1441801,600,5760000,1440000,1441200,480000,961200,480000,0,0,0,481200,347113,0.3471
swap_distribute_parallel_for_300_800_700,300,700,0,1400,5604200,1682101,700,6400000,1680000,1681400,560000,1121400,560000,0,0,0,561400,359252,0.3593
swap_distribute_parallel_for_300_800_800,300,800,0,1600,6404800,1922401,800,7040000,1920000,1921600,640000,1281600,640000,0,0,0,641600,366505,0.3665
swap_distribute_parallel_for_300_800_900,300,900,0,1800,7205400,2162701,900,7680000,2160000,2161800,720000,1441800,720000,0,0,0,721800,349960,0.3500
swap_distribute_parallel_for_300_900_100,300,100,0,200,900600,270301,100,2880000,240000,270200,90000,180200,90000,0,0,0,90200,418112,0.4181
swap_distribute_parallel_for_300_900_200,300,200,0,400,1801200,540601,200,3600000,480000,540400,180000,360400,180000,0,0,0,180400,385145,0.3851
swap_distribute_parallel_for_300_900_300,300,300,0,600,2701800,810901,300,4320000,720000,810600,270000,540600,270000,0,0,0,270600,387723,0.3877
swap_distribute_parallel_for_300_900_400,300,400,0,800,3602400,1081201,400,5040000,960000,1080800,360000,720800,360000,0,0,0,360800,391113,0.3911
swap_distribute_parallel_for_300_900_500,300,500,0,1000,4503000,1351501,500,5760000,1200000,1351000,450000,901000,450000,0,0,0,451000,406252,0.4063
swap_distribute_parallel_for_300_900_600,300,600,0,1200,5403600,1621801,600,6480000,1440000,1621200,540000,1081200,540000,0,0,0,541200,393964,0.3940
swap_distribute_parallel_for_300_900_700,300,700,0,1400,6304200,1892101,700,7200000,1680000,1891400,630000,1261400,630000,0,0,0,631400,391480,0.3915
swap_distribute_parallel_for_300_900_800,300,800,0,1600,7204800,2162401,800,7920000,1920000,2161600,720000,1441600,720000,0,0,0,721600,398459,0.3985
swap_distribute_parallel_for_300_900_900,300,900,0,1800,8105400,2432701,900,8640000,2160000,2431800,810000,1621800,810000,0,0,0,811800,419528,0.4195
swap_distribute_parallel_for_3200_1200_1200,3200,1200,0,2400,14407200,4323601,1200,42240000,30720000,4322400,1440000,2882400,1440000,0,0,0,1442400,6131507,6.1315
swap_distribute_parallel_for_3200_1200_1700,3200,1700,0,3400,20410200,6125101,1700,47040000,43520000,6123400,2040000,4083400,2040000,0,0,0,2043400,6125247,6.1252
swap_distribute_parallel_for_3200_1200_2200,3200,2200,0,4400,26413200,7926601,2200,51840000,56320000,7924400,2640000,5284400,2640000,0,0,0,2644400,6144820,6.1448
swap_distribute_parallel_for_3200_1200_2700,3200,2700,0,5400,32416200,9728101,2700,56640000,69120000,9725400,3240000,6485400,3240000,0,0,0,3245400,6186821,6.1868
swap_distribute_parallel_for_3200_1200_3200,3200,3200,0,6400,38419200,11529601,3200,61440000,81920000,11526400,3840000,7686400,3840000,0,0,0,3846400,6226620,6.2266
swap_distribute_parallel_for_3200_1200_3700,3200,3700,0,7400,44422200,13331101,3700,66240000,94720000,13327400,4440000,8887400,4440000,0,0,0,4447400,6286553,6.2866
swap_distribute_parallel_for_3200_1200_4200,3200,4200,0,8400,50425200,15132601,4200,71040000,107520000,15128400,5040000,10088400,5040000,0,0,0,5048400,6130561,6.1306
swap_distribute_parallel_for_3200_1700_1200,3200,1200,0,2400,20407200,6123601,1200,59840000,30720000,6122400,2040000,4082400,2040000,0,0,0,2042400,8834901,8.8349
swap_distribute_parallel_for_3200_1700_1700,3200,1700,0,3400,28910200,8675101,1700,66640000,43520000,8673400,2890000,5783400,2890000,0,0,0,2893400,8725753,8.7258
swap_distribute_parallel_for_3200_1700_2200,3200,2200,0,4400,37413200,11226601,2200,73440000,56320000,11224400,3740000,7484400,3740000,0,0,0,3744400,8629157,8.6292
swap_distribute_parallel_for_3200_1700_2700,3200,2700,0,5400,45916200,13778101,2700,80240000,69120000,13775400,4590000,9185400,4590000,0,0,0,4595400,8709709,8.7097
swap_distribute_parallel_for_3200_1700_3200,3200,3200,0,6400,54419200,16329601,3200,87040000,81920000,16326400,5440000,10886400,5440000,0,0,0,5446400,8887788,8.8878
swap_distribute_parallel_for_3200_1700_3700,3200,3700,0,7400,62922200,18881101,3700,93840000,94720000,18877400,6290000,12587400,6290000,0,0,0,6297400,8668931,8.6689
swap_distribute_parallel_for_3200_1700_4200,3200,4200,0,8400,71425200,21432601,4200,100640000,107520000,21428400,7140000,14288400,7140000,0,0,0,7148400,8802651,8.8027
swap_distribute_parallel_for_3200_2200_1200,3200,1200,0,2400,26407200,7923601,1200,77440000,30720000,7922400,2640000,5282400,2640000,0,0,0,2642400,11186034,11.1860
swap_distribute_parallel_for_3200_2200_1700,3200,1700,0,3400,37410200,11225101,1700,86240000,43520000,11223400,3740000,7483400,3740000,0,0,0,3743400,11218379,11.2184
swap_distribute_parallel_for_3200_2200_2200,3200,2200,0,4400,48413200,14526601,2200,95040000,56320000,14524400,4840000,9684400,4840000,0,0,0,4844400,11238572,11.2386
swap_distribute_parallel_for_3200_2200_2700,3200,2700,0,5400,59416200,17828101,2700,103840000,69120000,17825400,5940000,11885400,5940000,0,0,0,5945400,11220946,11.2209
swap_distribute_parallel_for_3200_2200_3200,3200,3200,0,6400,70419200,21129601,3200,112640000,81920000,21126400,7040000,14086400,7040000,0,0,0,7046400,11292599,11.2926
swap_distribute_parallel_for_3200_2200_3700,3200,3700,0,7400,81422200,24431101,3700,121440000,94720000,24427400,8140000,16287400,8140000,0,0,0,8147400,11315589,11.3156
swap_distribute_parallel_for_3200_2200_4200,3200,4200,0,8400,92425200,27732601,4200,130240000,107520000,27728400,9240000,18488400,9240000,0,0,0,9248400,11457254,11.4573
swap_distribute_parallel_for_3200_2700_1200,3200,1200,0,2400,32407200,9723601,1200,95040000,30720000,9722400,3240000,6482400,3240000,0,0,0,3242400,13743268,13.7433
swap_distribute_parallel_for_3200_2700_1700,3200,1700,0,3400,45910200,13775101,1700,105840000,43520000,13773400,4590000,9183400,4590000,0,0,0,4593400,13825333,13.8253
swap_distribute_parallel_for_3200_2700_2200,3200,2200,0,4400,59413200,17826601,2200,116640000,56320000,17824400,5940000,11884400,5940000,0,0,0,5944400,13866795,13.8668
swap_distribute_parallel_for_3200_2700_2700,3200,2700,0,5400,72916200,21878101,2700,127440000,69120000,21875400,7290000,14585400,7290000,0,0,0,7295400,13826476,13.8265
swap_distribute_parallel_for_3200_2700_3200,3200,3200,0,6400,86419200,25929601,3200,138240000,81920000,25926400,8640000,17286400,8640000,0,0,0,8646400,13780382,13.7804
swap_distribute_parallel_for_3200_2700_3700,3200,3700,0,7400,99922200,29981101,3700,149040000,94720000,29977400,9990000,19987400,9990000,0,0,0,9997400,13747409,13.7474
swap_distribute_parallel_for_3200_2700_4200,3200,4200,0,8400,113425200,34032601,4200,159840000,107520000,34028400,11340000,22688400,11340000,0,0,0,11348400,13937684,13.9377
swap_distribute_parallel_for_3200_3200_1200,3200,1200,0,2400,38407200,11523601,1200,112640000,30720000,11522400,3840000,7682400,3840000,0,0,0,3842400,16236286,16.2363
swap_distribute_parallel_for_3200_3200_1700,3200,1700,0,3400,54410200,16325101,1700,125440000,43520000,16323400,5440000,10883400,5440000,0,0,0,5443400,16449308,16.4493
swap_distribute_parallel_for_3200_3200_2200,3200,2200,0,4400,70413200,21126601,2200,138240000,56320000,21124400,7040000,14084400,7040000,0,0,0,7044400,16395220,16.3952
swap_distribute_parallel_for_3200_3200_2700,3200,2700,0,5400,86416200,25928101,2700,151040000,69120000,25925400,8640000,17285400,8640000,0,0,0,8645400,16516434,16.5164
swap_distribute_parallel_for_3200_3200_3200,3200,3200,0,6400,102419200,30729601,3200,163840000,81920000,30726400,10240000,20486400,10240000,0,0,0,10246400,16324926,16.3249
swap_distribute_parallel_for_3200_3200_3700,3200,3700,0,7400,118422200,35531101,3700,176640000,94720000,35527400,11840000,23687400,11840000,0,0,0,11847400,16296966,16.2970
swap_distribute_parallel_for_3200_3200_4200,3200,4200,0,8400,134425200,40332601,4200,189440000,107520000,40328400,13440000,26888400,13440000,0,0,0,13448400,16586314,16.5863
swap_distribute_parallel_for_3200_3700_1200,3200,1200,0,2400,44407200,13323601,1200,130240000,30720000,13322400,4440000,8882400,4440000,0,0,0,4442400,18817880,18.8179
swap_distribute_parallel_for_3200_3700_1700,3200,1700,0,3400,62910200,18875101,1700,145040000,43520000,18873400,6290000,12583400,6290000,0,0,0,6293400,18747325,18.7473
swap_distribute_parallel_for_3200_3700_2200,3200,2200,0,4400,81413200,24426601,2200,159840000,56320000,24424400,8140000,16284400,8140000,0,0,0,8144400,18805262,18.8053
swap_distribute_parallel_for_3200_3700_2700,3200,2700,0,5400,99916200,29978101,2700,174640000,69120000,29975400,9990000,19985400,9990000,0,0,0,9995400,18900634,18.9006
swap_distribute_parallel_for_3200_3700_3200,3200,3200,0,6400,118419200,35529601,3200,189440000,81920000,35526400,11840000,23686400,11840000,0,0,0,11846400,18934954,18.9350
swap_distribute_parallel_for_3200_3700_3700,3200,3700,0,7400,136922200,41081101,3700,204240000,94720000,41077400,13690000,27387400,13690000,0,0,0,13697400,18856103,18.8561
swap_distribute_parallel_for_3200_3700_4200,3200,4200,0,8400,155425200,46632601,4200,219040000,107520000,46628400,15540000,31088400,15540000,0,0,0,15548400,19189398,19.1894
swap_distribute_parallel_for_3250_1250_1250,3250,1250,0,2500,15632500,4691251,1250,45000000,32500000,4690000,1562500,3127500,1562500,0,0,0,1565000,6498704,6.4987
swap_distribute_parallel_for_3250_1250_1750,3250,1750,0,3500,21885500,6567751,1750,50000000,45500000,6566000,2187500,4378500,2187500,0,0,0,2191000,6491059,6.4911
swap_distribute_parallel_for_3250_1250_2250,3250,2250,0,4500,28138500,8444251,2250,55000000,58500000,8442000,2812500,5629500,2812500,0,0,0,2817000,6529430,6.5294
swap_distribute_parallel_for_3250_1250_2750,3250,2750,0,5500,34391500,10320751,2750,60000000,71500000,10318000,3437500,6880500,3437500,0,0,0,3443000,6470032,6.4700
swap_distribute_parallel_for_3250_1250_3250,3250,3250,0,6500,40644500,12197251,3250,65000000,84500000,12194000,4062500,8131500,4062500,0,0,0,4069000,6701270,6.7013
swap_distribute_parallel_for_3250_1250_3750,3250,3750,0,7500,46897500,14073751,3750,70000000,97500000,14070000,4687500,9382500,4687500,0,0,0,4695000,6620100,6.6201
swap_distribute_parallel_for_3250_1250_4250,3250,4250,0,8500,53150500,15950251,4250,75000000,110500000,15946000,5312500,10633500,5312500,0,0,0,5321000,6484152,6.4842
swap_distribute_parallel_for_3250_1750_1250,3250,1250,0,2500,21882500,6566251,1250,63000000,32500000,6565000,2187500,4377500,2187500,0,0,0,2190000,9043061,9.0431
swap_distribute_parallel_for_3250_1750_1750,3250,1750,0,3500,30635500,9192751,1750,70000000,45500000,9191000,3062500,6128500,3062500,0,0,0,3066000,9152013,9.1520
swap_distribute_parallel_for_3250_1750_2250,3250,2250,0,4500,39388500,11819251,2250,77000000,58500000,11817000,3937500,7879500,3937500,0,0,0,3942000,9069138,9.0691
swap_distribute_parallel_for_3250_1750_2750,3250,2750,0,5500,48141500,14445751,2750,84000000,71500000,14443000,4812500,9630500,4812500,0,0,0,4818000,9171869,9.1719
swap_distribute_parallel_for_3250_1750_3250,3250,3250,0,6500,56894500,17072251,3250,91000000,84500000,17069000,5687500,11381500,5687500,0,0,0,5694000,9080310,9.0803
swap_distribute_parallel_for_3250_1750_3750,3250,3750,0,7500,65647500,19698751,3750,98000000,97500000,19695000,6562500,13132500,6562500,0,0,0,6570000,9362223,9.3622
swap_distribute_parallel_for_3250_1750_4250,3250,4250,0,8500,74400500,22325251,4250,105000000,110500000,22321000,7437500,14883500,7437500,0,0,0,7446000,9298842,9.2988
swap_distribute_parallel_for_3250_2250_1250,3250,1250,0,2500,28132500,8441251,1250,81000000,32500000,8440000,2812500,5627500,2812500,0,0,0,2815000,11673506,11.6735
swap_distribute_parallel_for_3250_2250_1750,3250,1750,0,3500,39385500,11817751,1750,90000000,45500000,11816000,3937500,7878500,3937500,0,0,0,3941000,11619707,11.6197
swap_distribute_parallel_for_3250_2250_2250,3250,2250,0,4500,50638500,15194251,2250,99000000,58500000,15192000,5062500,10129500,5062500,0,0,0,5067000,11595848,11.5958
swap_distribute_parallel_for_3250_2250_2750,3250,2750,0,5500,61891500,18570751,2750,108000000,71500000,18568000,6187500,12380500,6187500,0,0,0,6193000,11687040,11.6870
swap_distribute_parallel_for_3250_2250_3250,3250,3250,0,6500,73144500,21947251,3250,117000000,84500000,21944000,7312500,14631500,7312500,0,0,0,7319000,11713705,11.7137
swap_distribute_parallel_for_3250_2250_3750,3250,3750,0,7500,84397500,25323751,3750,126000000,97500000,25320000,8437500,16882500,8437500,0,0,0,8445000,11661266,11.6613
swap_distribute_parallel_for_3250_2250_4250,3250,4250,0,8500,95650500,28700251,4250,135000000,110500000,28696000,9562500,19133500,9562500,0,0,0,9571000,11779391,11.7794
swap_distribute_parallel_for_3250_2750_1250,3250,1250,0,2500,34382500,10316251,1250,99000000,32500000,10315000,3437500,6877500,3437500,0,0,0,3440000,14168760,14.1688
swap_distribute_parallel_for_3250_2750_1750,3250,1750,0,3500,48135500,14442751,1750,110000000,45500000,14441000,4812500,9628500,4812500,0,0,0,4816000,14370243,14.3702
swap_distribute_parallel_for_3250_2750_2250,3250,2250,0,4500,61888500,18569251,2250,121000000,58500000,18567000,6187500,12379500,6187500,0,0,0,6192000,14306180,14.3062
swap_distribute_parallel_for_3250_2750_2750,3250,2750,0,5500,75641500,22695751,2750,132000000,71500000,22693000,7562500,15130500,7562500,0,0,0,7568000,14458937,14.4589
swap_distribute_parallel_for_3250_2750_3250,3250,3250,0,6500,89394500,26822251,3250,143000000,84500000,26819000,8937500,17881500,8937500,0,0,0,8944000,14271293,14.2713
swap_distribute_parallel_for_3250_2750_3750,3250,3750,0,7500,103147500,30948751,3750,154000000,97500000,30945000,10312500,20632500,10312500,0,0,0,10320000,14197586,14.1976
swap_distribute_parallel_for_3250_2750_4250,3250,4250,0,8500,116900500,35075251,4250,165000000,110500000,35071000,11687500,23383500,11687500,0,0,0,11696000,14207775,14.2078
swap_distribute_parallel_for_3250_3250_1250,3250,1250,0,2500,40632500,12191251,1250,117000000,32500000,12190000,4062500,8127500,4062500,0,0,0,4065000,16777073,16.7771
swap_distribute_parallel_for_3250_3250_1750,3250,1750,0,3500,56885500,17067751,1750,130000000,45500000,17066000,5687500,11378500,5687500,0,0,0,5691000,16889148,16.8891
swap_distribute_parallel_for_3250_3250_2250,3250,2250,0,4500,73138500,21944251,2250,143000000,58500000,21942000,7312500,14629500,7312500,0,0,0,7317000,16809627,16.8096
swap_distribute_parallel_for_3250_3250_2750,3250,2750,0,5500,89391500,26820751,2750,156000000,71500000,26818000,8937500,17880500,8937500,0,0,0,8943000,16957162,16.9572
swap_distribute_parallel_for_3250_3250_3250,3250,3250,0,6500,105644500,31697251,3250,169000000,84500000,31694000,10562500,21131500,10562500,0,0,0,10569000,16800842,16.8008
swap_distribute_parallel_for_3250_3250_3750,3250,3750,0,7500,121897500,36573751,3750,182000000,97500000,36570000,12187500,24382500,12187500,0,0,0,12195000,16941291,16.9413
swap_distribute_parallel_for_3250_3250_4250,3250,4250,0,8500,138150500,41450251,4250,195000000,110500000,41446000,13812500,27633500,13812500,0,0,0,13821000,17353296,17.3533
swap_distribute_parallel_for_3250_3750_1250,3250,1250,0,2500,46882500,14066251,1250,135000000,32500000,14065000,4687500,9377500,4687500,0,0,0,4690000,19458458,19.4585
swap_distribute_parallel_for_3250_3750_1750,3250,1750,0,3500,65635500,19692751,1750,150000000,45500000,19691000,6562500,13128500,6562500,0,0,0,6566000,19675123,19.6751
swap_distribute_parallel_for_3250_3750_2250,3250,2250,0,4500,84388500,25319251,2250,165000000,58500000,25317000,8437500,16879500,8437500,0,0,0,8442000,19339430,19.3394
swap_distribute_parallel_for_3250_3750_2750,3250,2750,0,5500,103141500,30945751,2750,180000000,71500000,30943000,10312500,20630500,10312500,0,0,0,10318000,19356606,19.3566
swap_distribute_parallel_for_3250_3750_3250,3250,3250,0,6500,121894500,36572251,3250,195000000,84500000,36569000,12187500,24381500,12187500,0,0,0,12194000,19374857,19.3749
swap_distribute_parallel_for_3250_3750_3750,3250,3750,0,7500,140647500,42198751,3750,210000000,97500000,42195000,14062500,28132500,14062500,0,0,0,14070000,19631077,19.6311
swap_distribute_parallel_for_3250_3750_4250,3250,4250,0,8500,159400500,47825251,4250,225000000,110500000,47821000,15937500,31883500,15937500,0,0,0,15946000,19504936,19.5049
swap_distribute_parallel_for_3250_4250_1250,3250,1250,0,2500,53132500,15941251,1250,153000000,32500000,15940000,5312500,10627500,5312500,0,0,0,5315000,21915832,21.9158
swap_distribute_parallel_for_3250_4250_1750,3250,1750,0,3500,74385500,22317751,1750,170000000,45500000,22316000,7437500,14878500,7437500,0,0,0,7441000,22112009,22.1120
swap_distribute_parallel_for_3250_4250_2250,3250,2250,0,4500,95638500,28694251,2250,187000000,58500000,28692000,9562500,19129500,9562500,0,0,0,9567000,21885518,21.8855
swap_distribute_parallel_for_3250_4250_2750,3250,2750,0,5500,116891500,35070751,2750,204000000,71500000,35068000,11687500,23380500,11687500,0,0,0,11693000,22204187,22.2042
swap_distribute_parallel_for_3250_4250_3250,3250,3250,0,6500,138144500,41447251,3250,221000000,84500000,41444000,13812500,27631500,13812500,0,0,0,13819000,22195072,22.1951
swap_distribute_parallel_for_3250_4250_3750,3250,3750,0,7500,159397500,47823751,3750,238000000,97500000,47820000,15937500,31882500,15937500,0,0,0,15945000,22097372,22.0974
swap_distribute_parallel_for_3250_4250_4250,3250,4250,0,8500,180650500,54200251,4250,255000000,110500000,54196000,18062500,36133500,18062500,0,0,0,18071000,22287114,22.2871
swap_distribute_parallel_for_3400_1400_1400,3400,1400,0,2800,19608400,5884201,1400,53760000,38080000,5882800,1960000,3922800,1960000,0,0,0,1962800,7704940,7.7049
swap_distribute_parallel_for_3400_1400_1900,3400,1900,0,3800,26611400,7985701,1900,59360000,51680000,7983800,2660000,5323800,2660000,0,0,0,2663800,7574486,7.5745
swap_distribute_parallel_for_3400_1400_2400,3400,2400,0,4800,33614400,10087201,2400,64960000,65280000,10084800,3360000,6724800,3360000,0,0,0,3364800,7617848,7.6178
swap_distribute_parallel_for_3400_1400_2900,3400,2900,0,5800,40617400,12188701,2900,70560000,78880000,12185800,4060000,8125800,4060000,0,0,0,4065800,7686278,7.6863
swap_distribute_parallel_for_3400_1400_3400,3400,3400,0,6800,47620400,14290201,3400,76160000,92480000,14286800,4760000,9526800,4760000,0,0,0,4766800,7786685,7.7867
swap_distribute_parallel_for_3400_1400_3900,3400,3900,0,7800,54623400,16391701,3900,81760000,106080000,16387800,5460000,10927800,5460000,0,0,0,5467800,7651951,7.6520
swap_distribute_parallel_for_3400_1400_900,3400,900,0,1800,12605400,3782701,900,48160000,24480000,3781800,1260000,2521800,1260000,0,0,0,1261800,7602557,7.6026
swap_distribute_parallel_for_3400_1900_1400,3400,1400,0,2800,26608400,7984201,1400,72960000,38080000,7982800,2660000,5322800,2660000,0,0,0,2662800,10270561,10.2706
swap_distribute_parallel_for_3400_1900_1900,3400,1900,0,3800,36111400,10835701,1900,80560000,51680000,10833800,3610000,7223800,3610000,0,0,0,3613800,10407493,10.4075
swap_distribute_parallel_for_3400_1900_2400,3400,2400,0,4800,45614400,13687201,2400,88160000,65280000,13684800,4560000,9124800,4560000,0,0,0,4564800,10510061,10.5101
swap_distribute_parallel_for_3400_1900_2900,3400,2900,0,5800,55117400,16538701,2900,95760000,78880000,16535800,5510000,11025800,5510000,0,0,0,5515800,10522144,10.5221
swap_distribute_parallel_for_3400_1900_3400,3400,3400,0,6800,64620400,19390201,3400,103360000,92480000,19386800,6460000,12926800,6460000,0,0,0,6466800,10556572,10.5566
swap_distribute_parallel_for_3400_1900_3900,3400,3900,0,7800,74123400,22241701,3900,110960000,106080000,22237800,7410000,14827800,7410000,0,0,0,7417800,10384049,10.3840
swap_distribute_parallel_for_3400_1900_900,3400,900,0,1800,17105400,5132701,900,65360000,24480000,5131800,1710000,3421800,1710000,0,0,0,1711800,10338041,10.3380
swap_distribute_parallel_for_3400_2400_1400,3400,1400,0,2800,33608400,10084201,1400,92160000,38080000,10082800,3360000,6722800,3360000,0,0,0,3362800,12991636,12.9916
swap_distribute_parallel_for_3400_2400_1900,3400,1900,0,3800,45611400,13685701,1900,101760000,51680000,13683800,4560000,9123800,4560000,0,0,0,4563800,13021381,13.0214
swap_distribute_parallel_for_3400_2400_2400,3400,2400,0,4800,57614400,17287201,2400,111360000,65280000,17284800,5760000,11524800,5760000,0,0,0,5764800,12997954,12.9980
swap_distribute_parallel_for_3400_2400_2900,3400,2900,0,5800,69617400,20888701,2900,120960000,78880000,20885800,6960000,13925800,6960000,0,0,0,6965800,13059219,13.0592
swap_distribute_parallel_for_3400_2400_3400,3400,3400,0,6800,81620400,24490201,3400,130560000,92480000,24486800,8160000,16326800,8160000,0,0,0,8166800,13252436,13.2524
swap_distribute_parallel_for_3400_2400_3900,3400,3900,0,7800,93623400,28091701,3900,140160000,106080000,28087800,9360000,18727800,9360000,0,0,0,9367800,13237723,13.2377
swap_distribute_parallel_for_3400_2400_900,3400,900,0,1800,21605400,6482701,900,82560000,24480000,6481800,2160000,4321800,2160000,0,0,0,2161800,12945354,12.9454
swap_distribute_parallel_for_3400_2900_1400,3400,1400,0,2800,40608400,12184201,1400,111360000,38080000,12182800,4060000,8122800,4060000,0,0,0,4062800,15552083,15.5521
swap_distribute_parallel_for_3400_2900_1900,3400,1900,0,3800,55111400,16535701,1900,122960000,51680000,16533800,5510000,11023800,5510000,0,0,0,5513800,15676138,15.6761
swap_distribute_parallel_for_3400_2900_2400,3400,2400,0,4800,69614400,20887201,2400,134560000,65280000,20884800,6960000,13924800,6960000,0,0,0,6964800,15718858,15.7189
swap_distribute_parallel_for_3400_2900_2900,3400,2900,0,5800,84117400,25238701,2900,146160000,78880000,25235800,8410000,16825800,8410000,0,0,0,8415800,15680211,15.6802
swap_distribute_parallel_for_3400_2900_3400,3400,3400,0,6800,98620400,29590201,3400,157760000,92480000,29586800,9860000,19726800,9860000,0,0,0,9866800,16114457,16.1145
swap_distribute_parallel_for_3400_2900_3900,3400,3900,0,7800,113123400,33941701,3900,169360000,106080000,33937800,11310000,22627800,11310000,0,0,0,11317800,15757484,15.7575
swap_distribute_parallel_for_3400_2900_900,3400,900,0,1800,26105400,7832701,900,99760000,24480000,7831800,2610000,5221800,2610000,0,0,0,2611800,15895686,15.8957
swap_distribute_parallel_for_3400_3400_1400,3400,1400,0,2800,47608400,14284201,1400,130560000,38080000,14282800,4760000,9522800,4760000,0,0,0,4762800,18241882,18.2419
swap_distribute_parallel_for_3400_3400_1900,3400,1900,0,3800,64611400,19385701,1900,144160000,51680000,19383800,6460000,12923800,6460000,0,0,0,6463800,18362212,18.3622
swap_distribute_parallel_for_3400_3400_2400,3400,2400,0,4800,81614400,24487201,2400,157760000,65280000,24484800,8160000,16324800,8160000,0,0,0,8164800,18361415,18.3614
swap_distribute_parallel_for_3400_3400_2900,3400,2900,0,5800,98617400,29588701,2900,171360000,78880000,29585800,9860000,19725800,9860000,0,0,0,9865800,18432038,18.4320
swap_distribute_parallel_for_3400_3400_3400,3400,3400,0,6800,115620400,34690201,3400,184960000,92480000,34686800,11560000,23126800,11560000,0,0,0,11566800,18731792,18.7318
swap_distribute_parallel_for_3400_3400_3900,3400,3900,0,7800,132623400,39791701,3900,198560000,106080000,39787800,13260000,26527800,13260000,0,0,0,13267800,18351443,18.3514
swap_distribute_parallel_for_3400_3400_900,3400,900,0,1800,30605400,9182701,900,116960000,24480000,9181800,3060000,6121800,3060000,0,0,0,3061800,18416847,18.4168
swap_distribute_parallel_for_3400_3900_1400,3400,1400,0,2800,54608400,16384201,1400,149760000,38080000,16382800,5460000,10922800,5460000,0,0,0,5462800,21097549,21.0975
swap_distribute_parallel_for_3400_3900_1900,3400,1900,0,3800,74111400,22235701,1900,165360000,51680000,22233800,7410000,14823800,7410000,0,0,0,7413800,21090349,21.0903
swap_distribute_parallel_for_3400_3900_2400,3400,2400,0,4800,93614400,28087201,2400,180960000,65280000,28084800,9360000,18724800,9360000,0,0,0,9364800,21122822,21.1228
swap_distribute_parallel_for_3400_3900_2900,3400,2900,0,5800,113117400,33938701,2900,196560000,78880000,33935800,11310000,22625800,11310000,0,0,0,11315800,21347653,21.3477
swap_distribute_parallel_for_3400_3900_3400,3400,3400,0,6800,132620400,39790201,3400,212160000,92480000,39786800,13260000,26526800,13260000,0,0,0,13266800,21208870,21.2089
swap_distribute_parallel_for_3400_3900_3900,3400,3900,0,7800,152123400,45641701,3900,227760000,106080000,45637800,15210000,30427800,15210000,0,0,0,15217800,21377276,21.3773
swap_distribute_parallel_for_3400_3900_900,3400,900,0,1800,35105400,10532701,900,134160000,24480000,10531800,3510000,7021800,3510000,0,0,0,3511800,21093175,21.0932
swap_distribute_parallel_for_3400_900_1400,3400,1400,0,2800,12608400,3784201,1400,34560000,38080000,3782800,1260000,2522800,1260000,0,0,0,1262800,4877286,4.8773
swap_distribute_parallel_for_3400_900_1900,3400,1900,0,3800,17111400,5135701,1900,38160000,51680000,5133800,1710000,3423800,1710000,0,0,0,1713800,4895189,4.8952
swap_distribute_parallel_for_3400_900_2400,3400,2400,0,4800,21614400,6487201,2400,41760000,65280000,6484800,2160000,4324800,2160000,0,0,0,2164800,5125468,5.1255
swap_distribute_parallel_for_3400_900_2900,3400,2900,0,5800,26117400,7838701,2900,45360000,78880000,7835800,2610000,5225800,2610000,0,0,0,2615800,4972451,4.9725
swap_distribute_parallel_for_3400_900_3400,3400,3400,0,6800,30620400,9190201,3400,48960000,92480000,9186800,3060000,6126800,3060000,0,0,0,3066800,5008058,5.0081
swap_distribute_parallel_for_3400_900_3900,3400,3900,0,7800,35123400,10541701,3900,52560000,106080000,10537800,3510000,7027800,3510000,0,0,0,3517800,4894568,4.8946
swap_distribute_parallel_for_3400_900_900,3400,900,0,1800,8105400,2432701,900,30960000,24480000,2431800,810000,1621800,810000,0,0,0,811800,4709972,4.7100
swap_distribute_parallel_for_3500_1000_1000,3500,1000,0,2000,10006000,3003001,1000,36000000,28000000,3002000,1000000,2002000,1000000,0,0,0,1002000,5617473,5.6175
swap_distribute_parallel_for_3500_1000_1500,3500,1500,0,3000,15009000,4504501,1500,40000000,42000000,4503000,1500000,3003000,1500000,0,0,0,1503000,5604570,5.6046
swap_distribute_parallel_for_3500_1000_2000,3500,2000,0,4000,20012000,6006001,2000,44000000,56000000,6004000,2000000,4004000,2000000,0,0,0,2004000,5882667,5.8827
swap_distribute_parallel_for_3500_1000_2500,3500,2500,0,5000,25015000,7507501,2500,48000000,70000000,7505000,2500000,5005000,2500000,0,0,0,2505000,5565448,5.5654
swap_distribute_parallel_for_3500_1000_3000,3500,3000,0,6000,30018000,9009001,3000,52000000,84000000,9006000,3000000,6006000,3000000,0,0,0,3006000,5920740,5.9207
swap_distribute_parallel_for_3500_1000_3500,3500,3500,0,7000,35021000,10510501,3500,56000000,98000000,10507000,3500000,7007000,3500000,0,0,0,3507000,5629953,5.6300
swap_distribute_parallel_for_3500_1000_4000,3500,4000,0,8000,40024000,12012001,4000,60000000,112000000,12008000,4000000,8008000,4000000,0,0,0,4008000,5701069,5.7011
swap_distribute_parallel_for_3500_1500_1000,3500,1000,0,2000,15006000,4503001,1000,54000000,28000000,4502000,1500000,3002000,1500000,0,0,0,1502000,8402936,8.4029
swap_distribute_parallel_for_3500_1500_1500,3500,1500,0,3000,22509000,6754501,1500,60000000,42000000,6753000,2250000,4503000,2250000,0,0,0,2253000,8424074,8.4241
swap_distribute_parallel_for_3500_1500_2000,3500,2000,0,4000,30012000,9006001,2000,66000000,56000000,9004000,3000000,6004000,3000000,0,0,0,3004000,8418283,8.4183
swap_distribute_parallel_for_3500_1500_2500,3500,2500,0,5000,37515000,11257501,2500,72000000,70000000,11255000,3750000,7505000,3750000,0,0,0,3755000,8757766,8.7578
swap_distribute_parallel_for_3500_1500_3000,3500,3000,0,6000,45018000,13509001,3000,78000000,84000000,13506000,4500000,9006000,4500000,0,0,0,4506000,8391571,8.3916
swap_distribute_parallel_for_3500_1500_3500,3500,3500,0,7000,52521000,15760501,3500,84000000,98000000,15757000,5250000,10507000,5250000,0,0,0,5257000,8429941,8.4299
swap_distribute_parallel_for_3500_1500_4000,3500,4000,0,8000,60024000,18012001,4000,90000000,112000000,18008000,6000000,12008000,6000000,0,0,0,6008000,8717392,8.7174
swap_distribute_parallel_for_3500_2000_1000,3500,1000,0,2000,20006000,6003001,1000,72000000,28000000,6002000,2000000,4002000,2000000,0,0,0,2002000,11157051,11.1571
swap_distribute_parallel_for_3500_2000_1500,3500,1500,0,3000,30009000,9004501,1500,80000000,42000000,9003000,3000000,6003000,3000000,0,0,0,3003000,11091961,11.0920
swap_distribute_parallel_for_3500_2000_2000,3500,2000,0,4000,40012000,12006001,2000,88000000,56000000,12004000,4000000,8004000,4000000,0,0,0,4004000,11157505,11.1575
swap_distribute_parallel_for_3500_2000_2500,3500,2500,0,5000,50015000,15007501,2500,96000000,70000000,15005000,5000000,10005000,5000000,0,0,0,5005000,11120727,11.1207
swap_distribute_parallel_for_3500_2000_3000,3500,3000,0,6000,60018000,18009001,3000,104000000,84000000,18006000,6000000,12006000,6000000,0,0,0,6006000,11146693,11.1467
swap_distribute_parallel_for_3500_2000_3500,3500,3500,0,7000,70021000,21010501,3500,112000000,98000000,21007000,7000000,14007000,7000000,0,0,0,7007000,11191699,11.1917
swap_distribute_parallel_for_3500_2000_4000,3500,4000,0,8000,80024000,24012001,4000,120000000,112000000,24008000,8000000,16008000,8000000,0,0,0,8008000,11151967,11.1520
swap_distribute_parallel_for_3500_2500_1000,3500,1000,0,2000,25006000,7503001,1000,90000000,28000000,7502000,2500000,5002000,2500000,0,0,0,2502000,14006381,14.0064
swap_distribute_parallel_for_3500_2500_1500,3500,1500,0,3000,37509000,11254501,1500,100000000,42000000,11253000,3750000,7503000,3750000,0,0,0,3753000,13941667,13.9417
swap_distribute_parallel_for_3500_2500_2000,3500,2000,0,4000,50012000,15006001,2000,110000000,56000000,15004000,5000000,10004000,5000000,0,0,0,5004000,13886250,13.8863
swap_distribute_parallel_for_3500_2500_2500,3500,2500,0,5000,62515000,18757501,2500,120000000,70000000,18755000,6250000,12505000,6250000,0,0,0,6255000,13922828,13.9228
swap_distribute_parallel_for_3500_2500_3000,3500,3000,0,6000,75018000,22509001,3000,130000000,84000000,22506000,7500000,15006000,7500000,0,0,0,7506000,14010626,14.0106
swap_distribute_parallel_for_3500_2500_3500,3500,3500,0,7000,87521000,26260501,3500,140000000,98000000,26257000,8750000,17507000,8750000,0,0,0,8757000,14094171,14.0942
swap_distribute_parallel_for_3500_2500_4000,3500,4000,0,8000,100024000,30012001,4000,150000000,112000000,30008000,10000000,20008000,10000000,0,0,0,10008000,14072550,14.0725
swap_distribute_parallel_for_3500_3000_1000,3500,1000,0,2000,30006000,9003001,1000,108000000,28000000,9002000,3000000,6002000,3000000,0,0,0,3002000,16674928,16.6749
swap_distribute_parallel_for_3500_3000_1500,3500,1500,0,3000,45009000,13504501,1500,120000000,42000000,13503000,4500000,9003000,4500000,0,0,0,4503000,16795989,16.7960
swap_distribute_parallel_for_3500_3000_2000,3500,2000,0,4000,60012000,18006001,2000,132000000,56000000,18004000,6000000,12004000,6000000,0,0,0,6004000,16761045,16.7610
swap_distribute_parallel_for_3500_3000_2500,3500,2500,0,5000,75015000,22507501,2500,144000000,70000000,22505000,7500000,15005000,7500000,0,0,0,7505000,16836772,16.8368
swap_distribute_parallel_for_3500_3000_3000,3500,3000,0,6000,90018000,27009001,3000,156000000,84000000,27006000,9000000,18006000,9000000,0,0,0,9006000,16689801,16.6898
swap_distribute_parallel_for_3500_3000_3500,3500,3500,0,7000,105021000,31510501,3500,168000000,98000000,31507000,10500000,21007000,10500000,0,0,0,10507000,16686965,16.6870
swap_distribute_parallel_for_3500_3000_4000,3500,4000,0,8000,120024000,36012001,4000,180000000,112000000,36008000,12000000,24008000,12000000,0,0,0,12008000,16623982,16.6240
swap_distribute_parallel_for_3500_3500_1000,3500,1000,0,2000,35006000,10503001,1000,126000000,28000000,10502000,3500000,7002000,3500000,0,0,0,3502000,19442260,19.4423
swap_distribute_parallel_for_3500_3500_1500,3500,1500,0,3000,52509000,15754501,1500,140000000,42000000,15753000,5250000,10503000,5250000,0,0,0,5253000,19581950,19.5819
swap_distribute_parallel_for_3500_3500_2000,3500,2000,0,4000,70012000,21006001,2000,154000000,56000000,21004000,7000000,14004000,7000000,0,0,0,7004000,19585043,19.5850
swap_distribute_parallel_for_3500_3500_2500,3500,2500,0,5000,87515000,26257501,2500,168000000,70000000,26255000,8750000,17505000,8750000,0,0,0,8755000,19575220,19.5752
swap_distribute_parallel_for_3500_3500_3000,3500,3000,0,6000,105018000,31509001,3000,182000000,84000000,31506000,10500000,21006000,10500000,0,0,0,10506000,19541407,19.5414
swap_distribute_parallel_for_3500_3500_3500,3500,3500,0,7000,122521000,36760501,3500,196000000,98000000,36757000,12250000,24507000,12250000,0,0,0,12257000,19432572,19.4326
swap_distribute_parallel_for_3500_3500_4000,3500,4000,0,8000,140024000,42012001,4000,210000000,112000000,42008000,14000000,28008000,14000000,0,0,0,14008000,19540260,19.5403
swap_distribute_parallel_for_3500_4000_1000,3500,1000,0,2000,40006000,12003001,1000,144000000,28000000,12002000,4000000,8002000,4000000,0,0,0,4002000,22333633,22.3336
swap_distribute_parallel_for_3500_4000_1500,3500,1500,0,3000,60009000,18004501,1500,160000000,42000000,18003000,6000000,12003000,6000000,0,0,0,6003000,22388188,22.3882
swap_distribute_parallel_for_3500_4000_2000,3500,2000,0,4000,80012000,24006001,2000,176000000,56000000,24004000,8000000,16004000,8000000,0,0,0,8004000,22267400,22.2674
swap_distribute_parallel_for_3500_4000_2500,3500,2500,0,5000,100015000,30007501,2500,192000000,70000000,30005000,10000000,20005000,10000000,0,0,0,10005000,22240599,22.2406
swap_distribute_parallel_for_3500_4000_3000,3500,3000,0,6000,120018000,36009001,3000,208000000,84000000,36006000,12000000,24006000,12000000,0,0,0,12006000,22448074,22.4481
swap_distribute_parallel_for_3500_4000_3500,3500,3500,0,7000,140021000,42010501,3500,224000000,98000000,42007000,14000000,28007000,14000000,0,0,0,14007000,22423447,22.4234
swap_distribute_parallel_for_3500_4000_4000,3500,4000,0,8000,160024000,48012001,4000,240000000,112000000,48008000,16000000,32008000,16000000,0,0,0,16008000,22409211,22.4092
swap_distribute_parallel_for_3700_1200_1200,3700,1200,0,2400,14407200,4323601,1200,47040000,35520000,4322400,1440000,2882400,1440000,0,0,0,1442400,7149936,7.1499
swap_distribute_parallel_for_3700_1200_1700,3700,1700,0,3400,20410200,6125101,1700,51840000,50320000,6123400,2040000,4083400,2040000,0,0,0,2043400,7061297,7.0613
swap_distribute_parallel_for_3700_1200_2200,3700,2200,0,4400,26413200,7926601,2200,56640000,65120000,7924400,2640000,5284400,2640000,0,0,0,2644400,7156849,7.1568
swap_distribute_parallel_for_3700_1200_2700,3700,2700,0,5400,32416200,9728101,2700,61440000,79920000,9725400,3240000,6485400,3240000,0,0,0,3245400,7046066,7.0461
swap_distribute_parallel_for_3700_1200_3200,3700,3200,0,6400,38419200,11529601,3200,66240000,94720000,11526400,3840000,7686400,3840000,0,0,0,3846400,7296356,7.2964
swap_distribute_parallel_for_3700_1200_3700,3700,3700,0,7400,44422200,13331101,3700,71040000,109520000,13327400,4440000,8887400,4440000,0,0,0,4447400,7115866,7.1159
swap_distribute_parallel_for_3700_1200_4200,3700,4200,0,8400,50425200,15132601,4200,75840000,124320000,15128400,5040000,10088400,5040000,0,0,0,5048400,7181705,7.1817
swap_distribute_parallel_for_3700_1700_1200,3700,1200,0,2400,20407200,6123601,1200,66640000,35520000,6122400,2040000,4082400,2040000,0,0,0,2042400,9976524,9.9765
swap_distribute_parallel_for_3700_1700_1700,3700,1700,0,3400,28910200,8675101,1700,73440000,50320000,8673400,2890000,5783400,2890000,0,0,0,2893400,10098047,10.0980
swap_distribute_parallel_for_3700_1700_2200,3700,2200,0,4400,37413200,11226601,2200,80240000,65120000,11224400,3740000,7484400,3740000,0,0,0,3744400,10053343,10.0533
swap_distribute_parallel_for_3700_1700_2700,3700,2700,0,5400,45916200,13778101,2700,87040000,79920000,13775400,4590000,9185400,4590000,0,0,0,4595400,10022043,10.0220
swap_distribute_parallel_for_3700_1700_3200,3700,3200,0,6400,54419200,16329601,3200,93840000,94720000,16326400,5440000,10886400,5440000,0,0,0,5446400,10057510,10.0575
swap_distribute_parallel_for_3700_1700_3700,3700,3700,0,7400,62922200,18881101,3700,100640000,109520000,18877400,6290000,12587400,6290000,0,0,0,6297400,9996974,9.9970
swap_distribute_parallel_for_3700_1700_4200,3700,4200,0,8400,71425200,21432601,4200,107440000,124320000,21428400,7140000,14288400,7140000,0,0,0,7148400,10180327,10.1803
swap_distribute_parallel_for_3700_2200_1200,3700,1200,0,2400,26407200,7923601,1200,86240000,35520000,7922400,2640000,5282400,2640000,0,0,0,2642400,12984764,12.9848
swap_distribute_parallel_for_3700_2200_1700,3700,1700,0,3400,37410200,11225101,1700,95040000,50320000,11223400,3740000,7483400,3740000,0,0,0,3743400,12893463,12.8935
swap_distribute_parallel_for_3700_2200_2200,3700,2200,0,4400,48413200,14526601,2200,103840000,65120000,14524400,4840000,9684400,4840000,0,0,0,4844400,13064788,13.0648
swap_distribute_parallel_for_3700_2200_2700,3700,2700,0,5400,59416200,17828101,2700,112640000,79920000,17825400,5940000,11885400,5940000,0,0,0,5945400,13034679,13.0347
swap_distribute_parallel_for_3700_2200_3200,3700,3200,0,6400,70419200,21129601,3200,121440000,94720000,21126400,7040000,14086400,7040000,0,0,0,7046400,12976843,12.9768
swap_distribute_parallel_for_3700_2200_3700,3700,3700,0,7400,81422200,24431101,3700,130240000,109520000,24427400,8140000,16287400,8140000,0,0,0,8147400,13217068,13.2171
swap_distribute_parallel_for_3700_2200_4200,3700,4200,0,8400,92425200,27732601,4200,139040000,124320000,27728400,9240000,18488400,9240000,0,0,0,9248400,12962795,12.9628
swap_distribute_parallel_for_3700_2700_1200,3700,1200,0,2400,32407200,9723601,1200,105840000,35520000,9722400,3240000,6482400,3240000,0,0,0,3242400,15879629,15.8796
swap_distribute_parallel_for_3700_2700_1700,3700,1700,0,3400,45910200,13775101,1700,116640000,50320000,13773400,4590000,9183400,4590000,0,0,0,4593400,15868980,15.8690
swap_distribute_parallel_for_3700_2700_2200,3700,2200,0,4400,59413200,17826601,2200,127440000,65120000,17824400,5940000,11884400,5940000,0,0,0,5944400,15980986,15.9810
swap_distribute_parallel_for_3700_2700_2700,3700,2700,0,5400,72916200,21878101,2700,138240000,79920000,21875400,7290000,14585400,7290000,0,0,0,7295400,15924623,15.9246
swap_distribute_parallel_for_3700_2700_3200,3700,3200,0,6400,86419200,25929601,3200,149040000,94720000,25926400,8640000,17286400,8640000,0,0,0,8646400,15988129,15.9881
swap_distribute_parallel_for_3700_2700_3700,3700,3700,0,7400,99922200,29981101,3700,159840000,109520000,29977400,9990000,19987400,9990000,0,0,0,9997400,15969460,15.9695
swap_distribute_parallel_for_3700_2700_4200,3700,4200,0,8400,113425200,34032601,4200,170640000,124320000,34028400,11340000,22688400,11340000,0,0,0,11348400,16048940,16.0489
swap_distribute_parallel_for_3700_3200_1200,3700,1200,0,2400,38407200,11523601,1200,125440000,35520000,11522400,3840000,7682400,3840000,0,0,0,3842400,18961089,18.9611
swap_distribute_parallel_for_3700_3200_1700,3700,1700,0,3400,54410200,16325101,1700,138240000,50320000,16323400,5440000,10883400,5440000,0,0,0,5443400,18760218,18.7602
swap_distribute_parallel_for_3700_3200_2200,3700,2200,0,4400,70413200,21126601,2200,151040000,65120000,21124400,7040000,14084400,7040000,0,0,0,7044400,18854069,18.8541
swap_distribute_parallel_for_3700_3200_2700,3700,2700,0,5400,86416200,25928101,2700,163840000,79920000,25925400,8640000,17285400,8640000,0,0,0,8645400,18777544,18.7775
swap_distribute_parallel_for_3700_3200_3200,3700,3200,0,6400,102419200,30729601,3200,176640000,94720000,30726400,10240000,20486400,10240000,0,0,0,10246400,18851293,18.8513
swap_distribute_parallel_for_3700_3200_3700,3700,3700,0,7400,118422200,35531101,3700,189440000,109520000,35527400,11840000,23687400,11840000,0,0,0,11847400,18893932,18.8939
swap_distribute_parallel_for_3700_3200_4200,3700,4200,0,8400,134425200,40332601,4200,202240000,124320000,40328400,13440000,26888400,13440000,0,0,0,13448400,18770845,18.7708
swap_distribute_parallel_for_3700_3700_1200,3700,1200,0,2400,44407200,13323601,1200,145040000,35520000,13322400,4440000,8882400,4440000,0,0,0,4442400,21848460,21.8485
swap_distribute_parallel_for_3700_3700_1700,3700,1700,0,3400,62910200,18875101,1700,159840000,50320000,18873400,6290000,12583400,6290000,0,0,0,6293400,21700750,21.7007
swap_distribute_parallel_for_3700_3700_2200,3700,2200,0,4400,81413200,24426601,2200,174640000,65120000,24424400,8140000,16284400,8140000,0,0,0,8144400,21818715,21.8187
swap_distribute_parallel_for_3700_3700_2700,3700,2700,0,5400,99916200,29978101,2700,189440000,79920000,29975400,9990000,19985400,9990000,0,0,0,9995400,21693539,21.6935
swap_distribute_parallel_for_3700_3700_3200,3700,3200,0,6400,118419200,35529601,3200,204240000,94720000,35526400,11840000,23686400,11840000,0,0,0,11846400,21855600,21.8556
swap_distribute_parallel_for_3700_3700_3700,3700,3700,0,7400,136922200,41081101,3700,219040000,109520000,41077400,13690000,27387400,13690000,0,0,0,13697400,21874084,21.8741
swap_distribute_parallel_for_3700_3700_4200,3700,4200,0,8400,155425200,46632601,4200,233840000,124320000,46628400,15540000,31088400,15540000,0,0,0,15548400,21753652,21.7537
swap_distribute_parallel_for_3750_1250_1250,3750,1250,0,2500,15632500,4691251,1250,50000000,37500000,4690000,1562500,3127500,1562500,0,0,0,1565000,7533263,7.5333
swap_distribute_parallel_for_3750_1250_1750,3750,1750,0,3500,21885500,6567751,1750,55000000,52500000,6566000,2187500,4378500,2187500,0,0,0,2191000,7635845,7.6358
swap_distribute_parallel_for_3750_1250_2250,3750,2250,0,4500,28138500,8444251,2250,60000000,67500000,8442000,2812500,5629500,2812500,0,0,0,2817000,7513523,7.5135
swap_distribute_parallel_for_3750_1250_2750,3750,2750,0,5500,34391500,10320751,2750,65000000,82500000,10318000,3437500,6880500,3437500,0,0,0,3443000,7487495,7.4875
swap_distribute_parallel_for_3750_1250_3250,3750,3250,0,6500,40644500,12197251,3250,70000000,97500000,12194000,4062500,8131500,4062500,0,0,0,4069000,7484010,7.4840
swap_distribute_parallel_for_3750_1250_3750,3750,3750,0,7500,46897500,14073751,3750,75000000,112500000,14070000,4687500,9382500,4687500,0,0,0,4695000,7534586,7.5346
swap_distribute_parallel_for_3750_1250_4250,3750,4250,0,8500,53150500,15950251,4250,80000000,127500000,15946000,5312500,10633500,5312500,0,0,0,5321000,7450805,7.4508
swap_distribute_parallel_for_3750_1750_1250,3750,1250,0,2500,21882500,6566251,1250,70000000,37500000,6565000,2187500,4377500,2187500,0,0,0,2190000,10420827,10.4208
swap_distribute_parallel_for_3750_1750_1750,3750,1750,0,3500,30635500,9192751,1750,77000000,52500000,9191000,3062500,6128500,3062500,0,0,0,3066000,10512007,10.5120
swap_distribute_parallel_for_3750_1750_2250,3750,2250,0,4500,39388500,11819251,2250,84000000,67500000,11817000,3937500,7879500,3937500,0,0,0,3942000,10433658,10.4337
swap_distribute_parallel_for_3750_1750_2750,3750,2750,0,5500,48141500,14445751,2750,91000000,82500000,14443000,4812500,9630500,4812500,0,0,0,4818000,10554262,10.5543
swap_distribute_parallel_for_3750_1750_3250,3750,3250,0,6500,56894500,17072251,3250,98000000,97500000,17069000,5687500,11381500,5687500,0,0,0,5694000,10674663,10.6747
swap_distribute_parallel_for_3750_1750_3750,3750,3750,0,7500,65647500,19698751,3750,105000000,112500000,19695000,6562500,13132500,6562500,0,0,0,6570000,10779307,10.7793
swap_distribute_parallel_for_3750_1750_4250,3750,4250,0,8500,74400500,22325251,4250,112000000,127500000,22321000,7437500,14883500,7437500,0,0,0,7446000,10681617,10.6816
swap_distribute_parallel_for_3750_2250_1250,3750,1250,0,2500,28132500,8441251,1250,90000000,37500000,8440000,2812500,5627500,2812500,0,0,0,2815000,13575178,13.5752
swap_distribute_parallel_for_3900_1400_1400,3900,1400,0,2800,19608400,5884201,1400,59360000,43680000,5882800,1960000,3922800,1960000,0,0,0,1962800,8657525,8.6575
swap_distribute_parallel_for_3900_1400_1900,3900,1900,0,3800,26611400,7985701,1900,64960000,59280000,7983800,2660000,5323800,2660000,0,0,0,2663800,8745767,8.7458
swap_distribute_parallel_for_3900_1400_2400,3900,2400,0,4800,33614400,10087201,2400,70560000,74880000,10084800,3360000,6724800,3360000,0,0,0,3364800,8707865,8.7079
swap_distribute_parallel_for_3900_1400_2900,3900,2900,0,5800,40617400,12188701,2900,76160000,90480000,12185800,4060000,8125800,4060000,0,0,0,4065800,8690416,8.6904
swap_distribute_parallel_for_3900_1400_3400,3900,3400,0,6800,47620400,14290201,3400,81760000,106080000,14286800,4760000,9526800,4760000,0,0,0,4766800,8675765,8.6758
swap_distribute_parallel_for_3900_1400_3900,3900,3900,0,7800,54623400,16391701,3900,87360000,121680000,16387800,5460000,10927800,5460000,0,0,0,5467800,8939904,8.9399
swap_distribute_parallel_for_3900_1400_900,3900,900,0,1800,12605400,3782701,900,53760000,28080000,3781800,1260000,2521800,1260000,0,0,0,1261800,8781015,8.7810
swap_distribute_parallel_for_3900_1900_1400,3900,1400,0,2800,26608400,7984201,1400,80560000,43680000,7982800,2660000,5322800,2660000,0,0,0,2662800,11683436,11.6834
swap_distribute_parallel_for_3900_1900_1900,3900,1900,0,3800,36111400,10835701,1900,88160000,59280000,10833800,3610000,7223800,3610000,0,0,0,3613800,11959739,11.9597
swap_distribute_parallel_for_3900_1900_2400,3900,2400,0,4800,45614400,13687201,2400,95760000,74880000,13684800,4560000,9124800,4560000,0,0,0,4564800,11866304,11.8663
swap_distribute_parallel_for_3900_1900_2900,3900,2900,0,5800,55117400,16538701,2900,103360000,90480000,16535800,5510000,11025800,5510000,0,0,0,5515800,11796706,11.7967
swap_distribute_parallel_for_3900_1900_3400,3900,3400,0,6800,64620400,19390201,3400,110960000,106080000,19386800,6460000,12926800,6460000,0,0,0,6466800,11800706,11.8007
swap_distribute_parallel_for_3900_1900_3900,3900,3900,0,7800,74123400,22241701,3900,118560000,121680000,22237800,7410000,14827800,7410000,0,0,0,7417800,11890506,11.8905
swap_distribute_parallel_for_3900_1900_900,3900,900,0,1800,17105400,5132701,900,72960000,28080000,5131800,1710000,3421800,1710000,0,0,0,1711800,11756840,11.7568
swap_distribute_parallel_for_3900_2400_1400,3900,1400,0,2800,33608400,10084201,1400,101760000,43680000,10082800,3360000,6722800,3360000,0,0,0,3362800,15164741,15.1647
swap_distribute_parallel_for_3900_2400_1900,3900,1900,0,3800,45611400,13685701,1900,111360000,59280000,13683800,4560000,9123800,4560000,0,0,0,4563800,14877265,14.8773
swap_distribute_parallel_for_3900_2400_2400,3900,2400,0,4800,57614400,17287201,2400,120960000,74880000,17284800,5760000,11524800,5760000,0,0,0,5764800,15050444,15.0504
swap_distribute_parallel_for_3900_2400_2900,3900,2900,0,5800,69617400,20888701,2900,130560000,90480000,20885800,6960000,13925800,6960000,0,0,0,6965800,15088009,15.0880
swap_distribute_parallel_for_3900_2400_3400,3900,3400,0,6800,81620400,24490201,3400,140160000,106080000,24486800,8160000,16326800,8160000,0,0,0,8166800,14878502,14.8785
swap_distribute_parallel_for_3900_2400_3900,3900,3900,0,7800,93623400,28091701,3900,149760000,121680000,28087800,9360000,18727800,9360000,0,0,0,9367800,14875313,14.8753
swap_distribute_parallel_for_3900_2400_900,3900,900,0,1800,21605400,6482701,900,92160000,28080000,6481800,2160000,4321800,2160000,0,0,0,2161800,14863524,14.8635
swap_distribute_parallel_for_3900_2900_1400,3900,1400,0,2800,40608400,12184201,1400,122960000,43680000,12182800,4060000,8122800,4060000,0,0,0,4062800,18006874,18.0069
swap_distribute_parallel_for_3900_2900_1900,3900,1900,0,3800,55111400,16535701,1900,134560000,59280000,16533800,5510000,11023800,5510000,0,0,0,5513800,18120491,18.1205
swap_distribute_parallel_for_3900_2900_2400,3900,2400,0,4800,69614400,20887201,2400,146160000,74880000,20884800,6960000,13924800,6960000,0,0,0,6964800,18141193,18.1412
swap_distribute_parallel_for_3900_2900_2900,3900,2900,0,5800,84117400,25238701,2900,157760000,90480000,25235800,8410000,16825800,8410000,0,0,0,8415800,18050011,18.0500
swap_distribute_parallel_for_3900_2900_3400,3900,3400,0,6800,98620400,29590201,3400,169360000,106080000,29586800,9860000,19726800,9860000,0,0,0,9866800,18106772,18.1068
swap_distribute_parallel_for_3900_2900_900,3900,900,0,1800,26105400,7832701,900,111360000,28080000,7831800,2610000,5221800,2610000,0,0,0,2611800,17949946,17.9499
swap_distribute_parallel_for_3900_900_1400,3900,1400,0,2800,12608400,3784201,1400,38160000,43680000,3782800,1260000,2522800,1260000,0,0,0,1262800,5629289,5.6293
swap_distribute_parallel_for_3900_900_1900,3900,1900,0,3800,17111400,5135701,1900,41760000,59280000,5133800,1710000,3423800,1710000,0,0,0,1713800,5618554,5.6186
swap_distribute_parallel_for_3900_900_2400,3900,2400,0,4800,21614400,6487201,2400,45360000,74880000,6484800,2160000,4324800,2160000,0,0,0,2164800,5672128,5.6721
swap_distribute_parallel_for_3900_900_2900,3900,2900,0,5800,26117400,7838701,2900,48960000,90480000,7835800,2610000,5225800,2610000,0,0,0,2615800,5631119,5.6311
swap_distribute_parallel_for_3900_900_3400,3900,3400,0,6800,30620400,9190201,3400,52560000,106080000,9186800,3060000,6126800,3060000,0,0,0,3066800,5632645,5.6326
swap_distribute_parallel_for_3900_900_3900,3900,3900,0,7800,35123400,10541701,3900,56160000,121680000,10537800,3510000,7027800,3510000,0,0,0,3517800,5615988,5.6160
swap_distribute_parallel_for_3900_900_900,3900,900,0,1800,8105400,2432701,900,34560000,28080000,2431800,810000,1621800,810000,0,0,0,811800,5382780,5.3828
swap_distribute_parallel_for_4000_1000_1000,4000,1000,0,2000,10006000,3003001,1000,40000000,32000000,3002000,1000000,2002000,1000000,0,0,0,1002000,6376261,6.3763
swap_distribute_parallel_for_4000_1000_1500,4000,1500,0,3000,15009000,4504501,1500,44000000,48000000,4503000,1500000,3003000,1500000,0,0,0,1503000,6421458,6.4215
swap_distribute_parallel_for_4000_1000_2000,4000,2000,0,4000,20012000,6006001,2000,48000000,64000000,6004000,2000000,4004000,2000000,0,0,0,2004000,6392790,6.3928
swap_distribute_parallel_for_4000_1000_2500,4000,2500,0,5000,25015000,7507501,2500,52000000,80000000,7505000,2500000,5005000,2500000,0,0,0,2505000,6391805,6.3918
swap_distribute_parallel_for_4000_1000_3000,4000,3000,0,6000,30018000,9009001,3000,56000000,96000000,9006000,3000000,6006000,3000000,0,0,0,3006000,6478486,6.4785
swap_distribute_parallel_for_4000_1000_3500,4000,3500,0,7000,35021000,10510501,3500,60000000,112000000,10507000,3500000,7007000,3500000,0,0,0,3507000,6366861,6.3669
swap_distribute_parallel_for_4000_1000_4000,4000,4000,0,8000,40024000,12012001,4000,64000000,128000000,12008000,4000000,8008000,4000000,0,0,0,4008000,6634588,6.6346
swap_distribute_parallel_for_4000_1500_1000,4000,1000,0,2000,15006000,4503001,1000,60000000,32000000,4502000,1500000,3002000,1500000,0,0,0,1502000,9571170,9.5712
swap_distribute_parallel_for_4000_1500_1500,4000,1500,0,3000,22509000,6754501,1500,66000000,48000000,6753000,2250000,4503000,2250000,0,0,0,2253000,9577718,9.5777
swap_distribute_parallel_for_4000_1500_2000,4000,2000,0,4000,30012000,9006001,2000,72000000,64000000,9004000,3000000,6004000,3000000,0,0,0,3004000,9555218,9.5552
swap_distribute_parallel_for_4000_1500_2500,4000,2500,0,5000,37515000,11257501,2500,78000000,80000000,11255000,3750000,7505000,3750000,0,0,0,3755000,9539407,9.5394
swap_distribute_parallel_for_4000_1500_3000,4000,3000,0,6000,45018000,13509001,3000,84000000,96000000,13506000,4500000,9006000,4500000,0,0,0,4506000,9563367,9.5634
swap_distribute_parallel_for_4000_1500_3500,4000,3500,0,7000,52521000,15760501,3500,90000000,112000000,15757000,5250000,10507000,5250000,0,0,0,5257000,9584236,9.5842
swap_distribute_parallel_for_400_100_100,400,100,0,200,100600,30301,100,400000,320000,30200,10000,20200,10000,0,0,0,10200,99455,0.0995
swap_distribute_parallel_for_400_100_200,400,200,0,400,201200,60601,200,480000,640000,60400,20000,40400,20000,0,0,0,20400,60871,0.0609
swap_distribute_parallel_for_400_100_300,400,300,0,600,301800,90901,300,560000,960000,90600,30000,60600,30000,0,0,0,30600,57135,0.0571
swap_distribute_parallel_for_400_100_400,400,400,0,800,402400,121201,400,640000,1280000,120800,40000,80800,40000,0,0,0,40800,56616,0.0566
swap_distribute_parallel_for_400_100_500,400,500,0,1000,503000,151501,500,720000,1600000,151000,50000,101000,50000,0,0,0,51000,58786,0.0588
swap_distribute_parallel_for_400_100_600,400,600,0,1200,603600,181801,600,800000,1920000,181200,60000,121200,60000,0,0,0,61200,58555,0.0586
swap_distribute_parallel_for_400_100_700,400,700,0,1400,704200,212101,700,880000,2240000,211400,70000,141400,70000,0,0,0,71400,58522,0.0585
swap_distribute_parallel_for_400_100_800,400,800,0,1600,804800,242401,800,960000,2560000,241600,80000,161600,80000,0,0,0,81600,61620,0.0616
swap_distribute_parallel_for_400_100_900,400,900,0,1800,905400,272701,900,1040000,2880000,271800,90000,181800,90000,0,0,0,91800,62364,0.0624
swap_distribute_parallel_for_400_200_100,400,100,0,200,200600,60301,100,800000,320000,60200,20000,40200,20000,0,0,0,20200,114909,0.1149
swap_distribute_parallel_for_400_200_200,400,200,0,400,401200,120601,200,960000,640000,120400,40000,80400,40000,0,0,0,40400,120930,0.1209
swap_distribute_parallel_for_400_200_300,400,300,0,600,601800,180901,300,1120000,960000,180600,60000,120600,60000,0,0,0,60600,125797,0.1258
swap_distribute_parallel_for_400_200_400,400,400,0,800,802400,241201,400,1280000,1280000,240800,80000,160800,80000,0,0,0,80800,128564,0.1286
swap_distribute_parallel_for_400_200_500,400,500,0,1000,1003000,301501,500,1440000,1600000,301000,100000,201000,100000,0,0,0,101000,118397,0.1184
swap_distribute_parallel_for_400_200_600,400,600,0,1200,1203600,361801,600,1600000,1920000,361200,120000,241200,120000,0,0,0,121200,128648,0.1286
swap_distribute_parallel_for_400_200_700,400,700,0,1400,1404200,422101,700,1760000,2240000,421400,140000,281400,140000,0,0,0,141400,134304,0.1343
swap_distribute_parallel_for_400_200_800,400,800,0,1600,1604800,482401,800,1920000,2560000,481600,160000,321600,160000,0,0,0,161600,123818,0.1238
swap_distribute_parallel_for_400_200_900,400,900,0,1800,1805400,542701,900,2080000,2880000,541800,180000,361800,180000,0,0,0,181800,123296,0.1233
swap_distribute_parallel_for_400_300_100,400,100,0,200,300600,90301,100,1200000,320000,90200,30000,60200,30000,0,0,0,30200,170922,0.1709
swap_distribute_parallel_for_400_300_200,400,200,0,400,601200,180601,200,1440000,640000,180400,60000,120400,60000,0,0,0,60400,171748,0.1717
swap_distribute_parallel_for_400_300_300,400,300,0,600,901800,270901,300,1680000,960000,270600,90000,180600,90000,0,0,0,90600,183182,0.1832
swap_distribute_parallel_for_400_300_400,400,400,0,800,1202400,361201,400,1920000,1280000,360800,120000,240800,120000,0,0,0,120800,174267,0.1743
swap_distribute_parallel_for_400_300_500,400,500,0,1000,1503000,451501,500,2160000,1600000,451000,150000,301000,150000,0,0,0,151000,175271,0.1753
swap_distribute_parallel_for_400_300_600,400,600,0,1200,1803600,541801,600,2400000,1920000,541200,180000,361200,180000,0,0,0,181200,213486,0.2135
swap_distribute_parallel_for_400_300_700,400,700,0,1400,2104200,632101,700,2640000,2240000,631400,210000,421400,210000,0,0,0,211400,179406,0.1794
swap_distribute_parallel_for_400_300_800,400,800,0,1600,2404800,722401,800,2880000,2560000,721600,240000,481600,240000,0,0,0,241600,179244,0.1792
swap_distribute_parallel_for_400_300_900,400,900,0,1800,2705400,812701,900,3120000,2880000,811800,270000,541800,270000,0,0,0,271800,176042,0.1760
swap_distribute_parallel_for_400_400_100,400,100,0,200,400600,120301,100,1600000,320000,120200,40000,80200,40000,0,0,0,40200,227112,0.2271
swap_distribute_parallel_for_400_400_200,400,200,0,400,801200,240601,200,1920000,640000,240400,80000,160400,80000,0,0,0,80400,244523,0.2445
swap_distribute_parallel_for_400_400_300,400,300,0,600,1201800,360901,300,2240000,960000,360600,120000,240600,120000,0,0,0,120600,230873,0.2309
swap_distribute_parallel_for_400_400_400,400,400,0,800,1602400,481201,400,2560000,1280000,480800,160000,320800,160000,0,0,0,160800,240626,0.2406
swap_distribute_parallel_for_400_400_500,400,500,0,1000,2003000,601501,500,2880000,1600000,601000,200000,401000,200000,0,0,0,201000,272126,0.2721
swap_distribute_parallel_for_400_400_600,400,600,0,1200,2403600,721801,600,3200000,1920000,721200,240000,481200,240000,0,0,0,241200,251174,0.2512
swap_distribute_parallel_for_400_400_700,400,700,0,1400,2804200,842101,700,3520000,2240000,841400,280000,561400,280000,0,0,0,281400,258533,0.2585
swap_distribute_parallel_for_400_400_800,400,800,0,1600,3204800,962401,800,3840000,2560000,961600,320000,641600,320000,0,0,0,321600,239179,0.2392
swap_distribute_parallel_for_400_400_900,400,900,0,1800,3605400,1082701,900,4160000,2880000,1081800,360000,721800,360000,0,0,0,361800,236735,0.2367
swap_distribute_parallel_for_400_500_100,400,100,0,200,500600,150301,100,2000000,320000,150200,50000,100200,50000,0,0,0,50200,284935,0.2849
swap_distribute_parallel_for_400_500_200,400,200,0,400,1001200,300601,200,2400000,640000,300400,100000,200400,100000,0,0,0,100400,286858,0.2869
swap_distribute_parallel_for_400_500_300,400,300,0,600,1501800,450901,300,2800000,960000,450600,150000,300600,150000,0,0,0,150600,292686,0.2927
swap_distribute_parallel_for_400_500_400,400,400,0,800,2002400,601201,400,3200000,1280000,600800,200000,400800,200000,0,0,0,200800,288812,0.2888
swap_distribute_parallel_for_400_500_500,400,500,0,1000,2503000,751501,500,3600000,1600000,751000,250000,501000,250000,0,0,0,251000,288705,0.2887
swap_distribute_parallel_for_400_500_600,400,600,0,1200,3003600,901801,600,4000000,1920000,901200,300000,601200,300000,0,0,0,301200,302518,0.3025
swap_distribute_parallel_for_400_500_700,400,700,0,1400,3504200,1052101,700,4400000,2240000,1051400,350000,701400,350000,0,0,0,351400,306854,0.3069
swap_distribute_parallel_for_400_500_800,400,800,0,1600,4004800,1202401,800,4800000,2560000,1201600,400000,801600,400000,0,0,0,401600,298138,0.2981
swap_distribute_parallel_for_400_500_900,400,900,0,1800,4505400,1352701,900,5200000,2880000,1351800,450000,901800,450000,0,0,0,451800,292238,0.2922
swap_distribute_parallel_for_400_600_100,400,100,0,200,600600,180301,100,2400000,320000,180200,60000,120200,60000,0,0,0,60200,346758,0.3468
swap_distribute_parallel_for_400_600_200,400,200,0,400,1201200,360601,200,2880000,640000,360400,120000,240400,120000,0,0,0,120400,343761,0.3438
swap_distribute_parallel_for_400_600_300,400,300,0,600,1801800,540901,300,3360000,960000,540600,180000,360600,180000,0,0,0,180600,344470,0.3445
swap_distribute_parallel_for_400_600_400,400,400,0,800,2402400,721201,400,3840000,1280000,720800,240000,480800,240000,0,0,0,240800,390534,0.3905
swap_distribute_parallel_for_400_600_500,400,500,0,1000,3003000,901501,500,4320000,1600000,901000,300000,601000,300000,0,0,0,301000,348212,0.3482
swap_distribute_parallel_for_400_600_600,400,600,0,1200,3603600,1081801,600,4800000,1920000,1081200,360000,721200,360000,0,0,0,361200,384422,0.3844
swap_distribute_parallel_for_400_600_700,400,700,0,1400,4204200,1262101,700,5280000,2240000,1261400,420000,841400,420000,0,0,0,421400,393132,0.3931
swap_distribute_parallel_for_400_600_800,400,800,0,1600,4804800,1442401,800,5760000,2560000,1441600,480000,961600,480000,0,0,0,481600,449961,0.4500
swap_distribute_parallel_for_400_600_900,400,900,0,1800,5405400,1622701,900,6240000,2880000,1621800,540000,1081800,540000,0,0,0,541800,352467,0.3525
swap_distribute_parallel_for_400_700_100,400,100,0,200,700600,210301,100,2800000,320000,210200,70000,140200,70000,0,0,0,70200,402941,0.4029
swap_distribute_parallel_for_400_700_200,400,200,0,400,1401200,420601,200,3360000,640000,420400,140000,280400,140000,0,0,0,140400,400973,0.4010
swap_distribute_parallel_for_400_700_300,400,300,0,600,2101800,630901,300,3920000,960000,630600,210000,420600,210000,0,0,0,210600,426891,0.4269
swap_distribute_parallel_for_400_700_400,400,400,0,800,2802400,841201,400,4480000,1280000,840800,280000,560800,280000,0,0,0,280800,577324,0.5773
swap_distribute_parallel_for_400_700_500,400,500,0,1000,3503000,1051501,500,5040000,1600000,1051000,350000,701000,350000,0,0,0,351000,409641,0.4096
swap_distribute_parallel_for_400_700_600,400,600,0,1200,4203600,1261801,600,5600000,1920000,1261200,420000,841200,420000,0,0,0,421200,412595,0.4126
swap_distribute_parallel_for_400_700_700,400,700,0,1400,4904200,1472101,700,6160000,2240000,1471400,490000,981400,490000,0,0,0,491400,418936,0.4189
swap_distribute_parallel_for_400_700_800,400,800,0,1600,5604800,1682401,800,6720000,2560000,1681600,560000,1121600,560000,0,0,0,561600,410252,0.4103
swap_distribute_parallel_for_400_700_900,400,900,0,1800,6305400,1892701,900,7280000,2880000,1891800,630000,1261800,630000,0,0,0,631800,404830,0.4048
swap_distribute_parallel_for_400_800_100,400,100,0,200,800600,240301,100,3200000,320000,240200,80000,160200,80000,0,0,0,80200,458133,0.4581
swap_distribute_parallel_for_400_800_200,400,200,0,400,1601200,480601,200,3840000,640000,480400,160000,320400,160000,0,0,0,160400,471532,0.4715
swap_distribute_parallel_for_400_800_300,400,300,0,600,2401800,720901,300,4480000,960000,720600,240000,480600,240000,0,0,0,240600,471424,0.4714
swap_distribute_parallel_for_400_800_400,400,400,0,800,3202400,961201,400,5120000,1280000,960800,320000,640800,320000,0,0,0,320800,462223,0.4622
swap_distribute_parallel_for_400_800_500,400,500,0,1000,4003000,1201501,500,5760000,1600000,1201000,400000,801000,400000,0,0,0,401000,502598,0.5026
swap_distribute_parallel_for_400_800_600,400,600,0,1200,4803600,1441801,600,6400000,1920000,1441200,480000,961200,480000,0,0,0,481200,460416,0.4604
swap_distribute_parallel_for_400_800_700,400,700,0,1400,5604200,1682101,700,7040000,2240000,1681400,560000,1121400,560000,0,0,0,561400,492405,0.4924
swap_distribute_parallel_for_400_800_800,400,800,0,1600,6404800,1922401,800,7680000,2560000,1921600,640000,1281600,640000,0,0,0,641600,462811,0.4628
swap_distribute_parallel_for_400_800_900,400,900,0,1800,7205400,2162701,900,8320000,2880000,2161800,720000,1441800,720000,0,0,0,721800,463011,0.4630
swap_distribute_parallel_for_400_900_100,400,100,0,200,900600,270301,100,3600000,320000,270200,90000,180200,90000,0,0,0,90200,511590,0.5116
swap_distribute_parallel_for_400_900_200,400,200,0,400,1801200,540601,200,4320000,640000,540400,180000,360400,180000,0,0,0,180400,521500,0.5215
swap_distribute_parallel_for_400_900_300,400,300,0,600,2701800,810901,300,5040000,960000,810600,270000,540600,270000,0,0,0,270600,535762,0.5358
swap_distribute_parallel_for_400_900_400,400,400,0,800,3602400,1081201,400,5760000,1280000,1080800,360000,720800,360000,0,0,0,360800,517742,0.5177
swap_distribute_parallel_for_400_900_500,400,500,0,1000,4503000,1351501,500,6480000,1600000,1351000,450000,901000,450000,0,0,0,451000,520182,0.5202
swap_distribute_parallel_for_400_900_600,400,600,0,1200,5403600,1621801,600,7200000,1920000,1621200,540000,1081200,540000,0,0,0,541200,517856,0.5179
swap_distribute_parallel_for_400_900_700,400,700,0,1400,6304200,1892101,700,7920000,2240000,1891400,630000,1261400,630000,0,0,0,631400,524363,0.5244
swap_distribute_parallel_for_400_900_800,400,800,0,1600,7204800,2162401,800,8640000,2560000,2161600,720000,1441600,720000,0,0,0,721600,574780,0.5748
swap_distribute_parallel_for_400_900_900,400,900,0,1800,8105400,2432701,900,9360000,2880000,2431800,810000,1621800,810000,0,0,0,811800,614874,0.6149
swap_distribute_parallel_for_500_100_100,500,100,0,200,100600,30301,100,480000,400000,30200,10000,20200,10000,0,0,0,10200,67287,0.0673
swap_distribute_parallel_for_500_100_200,500,200,0,400,201200,60601,200,560000,800000,60400,20000,40400,20000,0,0,0,20400,73125,0.0731
swap_distribute_parallel_for_500_100_300,500,300,0,600,301800,90901,300,640000,1200000,90600,30000,60600,30000,0,0,0,30600,70669,0.0707
swap_distribute_parallel_for_500_100_400,500,400,0,800,402400,121201,400,720000,1600000,120800,40000,80800,40000,0,0,0,40800,71950,0.0720
swap_distribute_parallel_for_500_100_500,500,500,0,1000,503000,151501,500,800000,2000000,151000,50000,101000,50000,0,0,0,51000,78688,0.0787
swap_distribute_parallel_for_500_100_600,500,600,0,1200,603600,181801,600,880000,2400000,181200,60000,121200,60000,0,0,0,61200,80517,0.0805
swap_distribute_parallel_for_500_100_700,500,700,0,1400,704200,212101,700,960000,2800000,211400,70000,141400,70000,0,0,0,71400,72930,0.0729
swap_distribute_parallel_for_500_100_800,500,800,0,1600,804800,242401,800,1040000,3200000,241600,80000,161600,80000,0,0,0,81600,73948,0.0739
swap_distribute_parallel_for_500_100_900,500,900,0,1800,905400,272701,900,1120000,3600000,271800,90000,181800,90000,0,0,0,91800,73905,0.0739
swap_distribute_parallel_for_500_200_100,500,100,0,200,200600,60301,100,960000,400000,60200,20000,40200,20000,0,0,0,20200,143512,0.1435
swap_distribute_parallel_for_500_200_200,500,200,0,400,401200,120601,200,1120000,800000,120400,40000,80400,40000,0,0,0,40400,145138,0.1451
swap_distribute_parallel_for_500_200_300,500,300,0,600,601800,180901,300,1280000,1200000,180600,60000,120600,60000,0,0,0,60600,218268,0.2183
swap_distribute_parallel_for_500_200_400,500,400,0,800,802400,241201,400,1440000,1600000,240800,80000,160800,80000,0,0,0,80800,145424,0.1454
swap_distribute_parallel_for_500_200_500,500,500,0,1000,1003000,301501,500,1600000,2000000,301000,100000,201000,100000,0,0,0,101000,145399,0.1454
swap_distribute_parallel_for_500_200_600,500,600,0,1200,1203600,361801,600,1760000,2400000,361200,120000,241200,120000,0,0,0,121200,145517,0.1455
swap_distribute_parallel_for_500_200_700,500,700,0,1400,1404200,422101,700,1920000,2800000,421400,140000,281400,140000,0,0,0,141400,159588,0.1596
swap_distribute_parallel_for_500_200_800,500,800,0,1600,1604800,482401,800,2080000,3200000,481600,160000,321600,160000,0,0,0,161600,153071,0.1531
swap_distribute_parallel_for_500_200_900,500,900,0,1800,1805400,542701,900,2240000,3600000,541800,180000,361800,180000,0,0,0,181800,162723,0.1627
swap_distribute_parallel_for_500_300_100,500,100,0,200,300600,90301,100,1440000,400000,90200,30000,60200,30000,0,0,0,30200,225489,0.2255
swap_distribute_parallel_for_500_300_200,500,200,0,400,601200,180601,200,1680000,800000,180400,60000,120400,60000,0,0,0,60400,234833,0.2348
swap_distribute_parallel_for_500_300_300,500,300,0,600,901800,270901,300,1920000,1200000,270600,90000,180600,90000,0,0,0,90600,217788,0.2178
swap_distribute_parallel_for_500_300_400,500,400,0,800,1202400,361201,400,2160000,1600000,360800,120000,240800,120000,0,0,0,120800,225938,0.2259
swap_distribute_parallel_for_500_300_500,500,500,0,1000,1503000,451501,500,2400000,2000000,451000,150000,301000,150000,0,0,0,151000,243145,0.2431
swap_distribute_parallel_for_500_300_600,500,600,0,1200,1803600,541801,600,2640000,2400000,541200,180000,361200,180000,0,0,0,181200,227982,0.2280
swap_distribute_parallel_for_500_300_700,500,700,0,1400,2104200,632101,700,2880000,2800000,631400,210000,421400,210000,0,0,0,211400,222875,0.2229
swap_distribute_parallel_for_500_300_800,500,800,0,1600,2404800,722401,800,3120000,3200000,721600,240000,481600,240000,0,0,0,241600,218174,0.2182
swap_distribute_parallel_for_500_300_900,500,900,0,1800,2705400,812701,900,3360000,3600000,811800,270000,541800,270000,0,0,0,271800,226961,0.2270
swap_distribute_parallel_for_500_400_100,500,100,0,200,400600,120301,100,1920000,400000,120200,40000,80200,40000,0,0,0,40200,289293,0.2893
swap_distribute_parallel_for_500_400_200,500,200,0,400,801200,240601,200,2240000,800000,240400,80000,160400,80000,0,0,0,80400,287276,0.2873
swap_distribute_parallel_for_500_400_300,500,300,0,600,1201800,360901,300,2560000,1200000,360600,120000,240600,120000,0,0,0,120600,304133,0.3041
swap_distribute_parallel_for_500_400_400,500,400,0,800,1602400,481201,400,2880000,1600000,480800,160000,320800,160000,0,0,0,160800,312271,0.3123
swap_distribute_parallel_for_500_400_500,500,500,0,1000,2003000,601501,500,3200000,2000000,601000,200000,401000,200000,0,0,0,201000,295303,0.2953
swap_distribute_parallel_for_500_400_600,500,600,0,1200,2403600,721801,600,3520000,2400000,721200,240000,481200,240000,0,0,0,241200,317850,0.3179
swap_distribute_parallel_for_500_400_700,500,700,0,1400,2804200,842101,700,3840000,2800000,841400,280000,561400,280000,0,0,0,281400,331488,0.3315
swap_distribute_parallel_for_500_400_800,500,800,0,1600,3204800,962401,800,4160000,3200000,961600,320000,641600,320000,0,0,0,321600,320477,0.3205
swap_distribute_parallel_for_500_400_900,500,900,0,1800,3605400,1082701,900,4480000,3600000,1081800,360000,721800,360000,0,0,0,361800,290115,0.2901
swap_distribute_parallel_for_500_500_100,500,100,0,200,500600,150301,100,2400000,400000,150200,50000,100200,50000,0,0,0,50200,354850,0.3548
swap_distribute_parallel_for_500_500_200,500,200,0,400,1001200,300601,200,2800000,800000,300400,100000,200400,100000,0,0,0,100400,369024,0.3690
swap_distribute_parallel_for_500_500_300,500,300,0,600,1501800,450901,300,3200000,1200000,450600,150000,300600,150000,0,0,0,150600,365556,0.3656
swap_distribute_parallel_for_500_500_400,500,400,0,800,2002400,601201,400,3600000,1600000,600800,200000,400800,200000,0,0,0,200800,365287,0.3653
swap_distribute_parallel_for_500_500_500,500,500,0,1000,2503000,751501,500,4000000,2000000,751000,250000,501000,250000,0,0,0,251000,372264,0.3723
swap_distribute_parallel_for_500_500_600,500,600,0,1200,3003600,901801,600,4400000,2400000,901200,300000,601200,300000,0,0,0,301200,382282,0.3823
swap_distribute_parallel_for_500_500_700,500,700,0,1400,3504200,1052101,700,4800000,2800000,1051400,350000,701400,350000,0,0,0,351400,377960,0.3780
swap_distribute_parallel_for_500_500_800,500,800,0,1600,4004800,1202401,800,5200000,3200000,1201600,400000,801600,400000,0,0,0,401600,369967,0.3700
swap_distribute_parallel_for_500_500_900,500,900,0,1800,4505400,1352701,900,5600000,3600000,1351800,450000,901800,450000,0,0,0,451800,393064,0.3931
swap_distribute_parallel_for_500_600_100,500,100,0,200,600600,180301,100,2880000,400000,180200,60000,120200,60000,0,0,0,60200,437391,0.4374
swap_distribute_parallel_for_500_600_200,500,200,0,400,1201200,360601,200,3360000,800000,360400,120000,240400,120000,0,0,0,120400,433495,0.4335
swap_distribute_parallel_for_500_600_300,500,300,0,600,1801800,540901,300,3840000,1200000,540600,180000,360600,180000,0,0,0,180600,433633,0.4336
swap_distribute_parallel_for_500_600_400,500,400,0,800,2402400,721201,400,4320000,1600000,720800,240000,480800,240000,0,0,0,240800,430066,0.4301
swap_distribute_parallel_for_500_600_500,500,500,0,1000,3003000,901501,500,4800000,2000000,901000,300000,601000,300000,0,0,0,301000,478949,0.4789
swap_distribute_parallel_for_500_600_600,500,600,0,1200,3603600,1081801,600,5280000,2400000,1081200,360000,721200,360000,0,0,0,361200,448286,0.4483
swap_distribute_parallel_for_500_600_700,500,700,0,1400,4204200,1262101,700,5760000,2800000,1261400,420000,841400,420000,0,0,0,421400,434301,0.4343
swap_distribute_parallel_for_500_600_800,500,800,0,1600,4804800,1442401,800,6240000,3200000,1441600,480000,961600,480000,0,0,0,481600,485518,0.4855
swap_distribute_parallel_for_500_600_900,500,900,0,1800,5405400,1622701,900,6720000,3600000,1621800,540000,1081800,540000,0,0,0,541800,511590,0.5116
swap_distribute_parallel_for_500_700_100,500,100,0,200,700600,210301,100,3360000,400000,210200,70000,140200,70000,0,0,0,70200,503836,0.5038
swap_distribute_parallel_for_500_700_200,500,200,0,400,1401200,420601,200,3920000,800000,420400,140000,280400,140000,0,0,0,140400,526000,0.5260
swap_distribute_parallel_for_500_700_300,500,300,0,600,2101800,630901,300,4480000,1200000,630600,210000,420600,210000,0,0,0,210600,515276,0.5153
swap_distribute_parallel_for_500_700_400,500,400,0,800,2802400,841201,400,5040000,1600000,840800,280000,560800,280000,0,0,0,280800,500283,0.5003
swap_distribute_parallel_for_500_700_500,500,500,0,1000,3503000,1051501,500,5600000,2000000,1051000,350000,701000,350000,0,0,0,351000,525139,0.5251
swap_distribute_parallel_for_500_700_600,500,600,0,1200,4203600,1261801,600,6160000,2400000,1261200,420000,841200,420000,0,0,0,421200,515273,0.5153
swap_distribute_parallel_for_500_700_700,500,700,0,1400,4904200,1472101,700,6720000,2800000,1471400,490000,981400,490000,0,0,0,491400,512612,0.5126
swap_distribute_parallel_for_500_700_800,500,800,0,1600,5604800,1682401,800,7280000,3200000,1681600,560000,1121600,560000,0,0,0,561600,504285,0.5043
swap_distribute_parallel_for_500_700_900,500,900,0,1800,6305400,1892701,900,7840000,3600000,1891800,630000,1261800,630000,0,0,0,631800,532961,0.5330
swap_distribute_parallel_for_500_800_100,500,100,0,200,800600,240301,100,3840000,400000,240200,80000,160200,80000,0,0,0,80200,599077,0.5991
swap_distribute_parallel_for_500_800_200,500,200,0,400,1601200,480601,200,4480000,800000,480400,160000,320400,160000,0,0,0,160400,570967,0.5710
swap_distribute_parallel_for_500_800_300,500,300,0,600,2401800,720901,300,5120000,1200000,720600,240000,480600,240000,0,0,0,240600,581705,0.5817
swap_distribute_parallel_for_500_800_400,500,400,0,800,3202400,961201,400,5760000,1600000,960800,320000,640800,320000,0,0,0,320800,583095,0.5831
swap_distribute_parallel_for_500_800_500,500,500,0,1000,4003000,1201501,500,6400000,2000000,1201000,400000,801000,400000,0,0,0,401000,589922,0.5899
swap_distribute_parallel_for_500_800_600,500,600,0,1200,4803600,1441801,600,7040000,2400000,1441200,480000,961200,480000,0,0,0,481200,574207,0.5742
swap_distribute_parallel_for_500_800_700,500,700,0,1400,5604200,1682101,700,7680000,2800000,1681400,560000,1121400,560000,0,0,0,561400,586688,0.5867
swap_distribute_parallel_for_500_800_800,500,800,0,1600,6404800,1922401,800,8320000,3200000,1921600,640000,1281600,640000,0,0,0,641600,588449,0.5884
swap_distribute_parallel_for_500_800_900,500,900,0,1800,7205400,2162701,900,8960000,3600000,2161800,720000,1441800,720000,0,0,0,721800,580038,0.5800
swap_distribute_parallel_for_500_900_100,500,100,0,200,900600,270301,100,4320000,400000,270200,90000,180200,90000,0,0,0,90200,649070,0.6491
swap_distribute_parallel_for_500_900_200,500,200,0,400,1801200,540601,200,5040000,800000,540400,180000,360400,180000,0,0,0,180400,650659,0.6507
swap_distribute_parallel_for_500_900_300,500,300,0,600,2701800,810901,300,5760000,1200000,810600,270000,540600,270000,0,0,0,270600,647254,0.6473
swap_distribute_parallel_for_500_900_400,500,400,0,800,3602400,1081201,400,6480000,1600000,1080800,360000,720800,360000,0,0,0,360800,643443,0.6434
swap_distribute_parallel_for_500_900_500,500,500,0,1000,4503000,1351501,500,7200000,2000000,1351000,450000,901000,450000,0,0,0,451000,648709,0.6487
swap_distribute_parallel_for_500_900_600,500,600,0,1200,5403600,1621801,600,7920000,2400000,1621200,540000,1081200,540000,0,0,0,541200,670587,0.6706
swap_distribute_parallel_for_500_900_700,500,700,0,1400,6304200,1892101,700,8640000,2800000,1891400,630000,1261400,630000,0,0,0,631400,648845,0.6488
swap_distribute_parallel_for_500_900_800,500,800,0,1600,7204800,2162401,800,9360000,3200000,2161600,720000,1441600,720000,0,0,0,721600,708101,0.7081
swap_distribute_parallel_for_500_900_900,500,900,0,1800,8105400,2432701,900,10080000,3600000,2431800,810000,1621800,810000,0,0,0,811800,710352,0.7104
swap_distribute_parallel_for_600_100_100,600,100,0,200,100600,30301,100,560000,480000,30200,10000,20200,10000,0,0,0,10200,80036,0.0800
swap_distribute_parallel_for_600_100_200,600,200,0,400,201200,60601,200,640000,960000,60400,20000,40400,20000,0,0,0,20400,84041,0.0840
swap_distribute_parallel_for_600_100_300,600,300,0,600,301800,90901,300,720000,1440000,90600,30000,60600,30000,0,0,0,30600,85646,0.0856
swap_distribute_parallel_for_600_100_400,600,400,0,800,402400,121201,400,800000,1920000,120800,40000,80800,40000,0,0,0,40800,111272,0.1113
swap_distribute_parallel_for_600_100_500,600,500,0,1000,503000,151501,500,880000,2400000,151000,50000,101000,50000,0,0,0,51000,104387,0.1044
swap_distribute_parallel_for_600_100_600,600,600,0,1200,603600,181801,600,960000,2880000,181200,60000,121200,60000,0,0,0,61200,90643,0.0906
swap_distribute_parallel_for_600_100_700,600,700,0,1400,704200,212101,700,1040000,3360000,211400,70000,141400,70000,0,0,0,71400,90503,0.0905
swap_distribute_parallel_for_600_100_800,600,800,0,1600,804800,242401,800,1120000,3840000,241600,80000,161600,80000,0,0,0,81600,85652,0.0857
swap_distribute_parallel_for_600_100_900,600,900,0,1800,905400,272701,900,1200000,4320000,271800,90000,181800,90000,0,0,0,91800,89093,0.0891
swap_distribute_parallel_for_600_200_100,600,100,0,200,200600,60301,100,1120000,480000,60200,20000,40200,20000,0,0,0,20200,171548,0.1715
swap_distribute_parallel_for_600_200_200,600,200,0,400,401200,120601,200,1280000,960000,120400,40000,80400,40000,0,0,0,40400,173781,0.1738
swap_distribute_parallel_for_600_200_300,600,300,0,600,601800,180901,300,1440000,1440000,180600,60000,120600,60000,0,0,0,60600,176932,0.1769
swap_distribute_parallel_for_600_200_400,600,400,0,800,802400,241201,400,1600000,1920000,240800,80000,160800,80000,0,0,0,80800,177881,0.1779
swap_distribute_parallel_for_600_200_500,600,500,0,1000,1003000,301501,500,1760000,2400000,301000,100000,201000,100000,0,0,0,101000,179636,0.1796
swap_distribute_parallel_for_600_200_600,600,600,0,1200,1203600,361801,600,1920000,2880000,361200,120000,241200,120000,0,0,0,121200,174134,0.1741
swap_distribute_parallel_for_600_200_700,600,700,0,1400,1404200,422101,700,2080000,3360000,421400,140000,281400,140000,0,0,0,141400,173837,0.1738
swap_distribute_parallel_for_600_200_800,600,800,0,1600,1604800,482401,800,2240000,3840000,481600,160000,321600,160000,0,0,0,161600,243478,0.2435
swap_distribute_parallel_for_600_200_900,600,900,0,1800,1805400,542701,900,2400000,4320000,541800,180000,361800,180000,0,0,0,181800,199509,0.1995
swap_distribute_parallel_for_600_300_100,600,100,0,200,300600,90301,100,1680000,480000,90200,30000,60200,30000,0,0,0,30200,257744,0.2577
swap_distribute_parallel_for_600_300_200,600,200,0,400,601200,180601,200,1920000,960000,180400,60000,120400,60000,0,0,0,60400,259441,0.2594
swap_distribute_parallel_for_600_300_300,600,300,0,600,901800,270901,300,2160000,1440000,270600,90000,180600,90000,0,0,0,90600,302519,0.3025
swap_distribute_parallel_for_600_300_400,600,400,0,800,1202400,361201,400,2400000,1920000,360800,120000,240800,120000,0,0,0,120800,260723,0.2607
swap_distribute_parallel_for_600_300_500,600,500,0,1000,1503000,451501,500,2640000,2400000,451000,150000,301000,150000,0,0,0,151000,278878,0.2789
swap_distribute_parallel_for_600_300_600,600,600,0,1200,1803600,541801,600,2880000,2880000,541200,180000,361200,180000,0,0,0,181200,265137,0.2651
swap_distribute_parallel_for_600_300_700,600,700,0,1400,2104200,632101,700,3120000,3360000,631400,210000,421400,210000,0,0,0,211400,276401,0.2764
swap_distribute_parallel_for_600_300_800,600,800,0,1600,2404800,722401,800,3360000,3840000,721600,240000,481600,240000,0,0,0,241600,260434,0.2604
swap_distribute_parallel_for_600_300_900,600,900,0,1800,2705400,812701,900,3600000,4320000,811800,270000,541800,270000,0,0,0,271800,261367,0.2614
swap_distribute_parallel_for_600_400_100,600,100,0,200,400600,120301,100,2240000,480000,120200,40000,80200,40000,0,0,0,40200,340831,0.3408
swap_distribute_parallel_for_600_400_200,600,200,0,400,801200,240601,200,2560000,960000,240400,80000,160400,80000,0,0,0,80400,354342,0.3543
swap_distribute_parallel_for_600_400_300,600,300,0,600,1201800,360901,300,2880000,1440000,360600,120000,240600,120000,0,0,0,120600,344819,0.3448
swap_distribute_parallel_for_600_400_400,600,400,0,800,1602400,481201,400,3200000,1920000,480800,160000,320800,160000,0,0,0,160800,361593,0.3616
swap_distribute_parallel_for_600_400_500,600,500,0,1000,2003000,601501,500,3520000,2400000,601000,200000,401000,200000,0,0,0,201000,357740,0.3577
swap_distribute_parallel_for_600_400_600,600,600,0,1200,2403600,721801,600,3840000,2880000,721200,240000,481200,240000,0,0,0,241200,346927,0.3469
swap_distribute_parallel_for_600_400_700,600,700,0,1400,2804200,842101,700,4160000,3360000,841400,280000,561400,280000,0,0,0,281400,348154,0.3482
swap_distribute_parallel_for_600_400_800,600,800,0,1600,3204800,962401,800,4480000,3840000,961600,320000,641600,320000,0,0,0,321600,350257,0.3503
swap_distribute_parallel_for_600_400_900,600,900,0,1800,3605400,1082701,900,4800000,4320000,1081800,360000,721800,360000,0,0,0,361800,361158,0.3612
swap_distribute_parallel_for_600_500_100,600,100,0,200,500600,150301,100,2800000,480000,150200,50000,100200,50000,0,0,0,50200,436574,0.4366
swap_distribute_parallel_for_600_500_200,600,200,0,400,1001200,300601,200,3200000,960000,300400,100000,200400,100000,0,0,0,100400,435760,0.4358
swap_distribute_parallel_for_600_500_300,600,300,0,600,1501800,450901,300,3600000,1440000,450600,150000,300600,150000,0,0,0,150600,431097,0.4311
swap_distribute_parallel_for_600_500_400,600,400,0,800,2002400,601201,400,4000000,1920000,600800,200000,400800,200000,0,0,0,200800,434003,0.4340
swap_distribute_parallel_for_600_500_500,600,500,0,1000,2503000,751501,500,4400000,2400000,751000,250000,501000,250000,0,0,0,251000,433447,0.4334
swap_distribute_parallel_for_600_500_600,600,600,0,1200,3003600,901801,600,4800000,2880000,901200,300000,601200,300000,0,0,0,301200,438216,0.4382
swap_distribute_parallel_for_600_500_700,600,700,0,1400,3504200,1052101,700,5200000,3360000,1051400,350000,701400,350000,0,0,0,351400,432949,0.4329
swap_distribute_parallel_for_600_500_800,600,800,0,1600,4004800,1202401,800,5600000,3840000,1201600,400000,801600,400000,0,0,0,401600,465295,0.4653
swap_distribute_parallel_for_600_500_900,600,900,0,1800,4505400,1352701,900,6000000,4320000,1351800,450000,901800,450000,0,0,0,451800,446726,0.4467
swap_distribute_parallel_for_600_600_100,600,100,0,200,600600,180301,100,3360000,480000,180200,60000,120200,60000,0,0,0,60200,511894,0.5119
swap_distribute_parallel_for_600_600_200,600,200,0,400,1201200,360601,200,3840000,960000,360400,120000,240400,120000,0,0,0,120400,530638,0.5306
swap_distribute_parallel_for_600_600_300,600,300,0,600,1801800,540901,300,4320000,1440000,540600,180000,360600,180000,0,0,0,180600,580022,0.5800
swap_distribute_parallel_for_600_600_400,600,400,0,800,2402400,721201,400,4800000,1920000,720800,240000,480800,240000,0,0,0,240800,549624,0.5496
swap_distribute_parallel_for_600_600_500,600,500,0,1000,3003000,901501,500,5280000,2400000,901000,300000,601000,300000,0,0,0,301000,518077,0.5181
swap_distribute_parallel_for_600_600_600,600,600,0,1200,3603600,1081801,600,5760000,2880000,1081200,360000,721200,360000,0,0,0,361200,517589,0.5176
swap_distribute_parallel_for_600_600_700,600,700,0,1400,4204200,1262101,700,6240000,3360000,1261400,420000,841400,420000,0,0,0,421400,535347,0.5353
swap_distribute_parallel_for_600_600_800,600,800,0,1600,4804800,1442401,800,6720000,3840000,1441600,480000,961600,480000,0,0,0,481600,521540,0.5215
swap_distribute_parallel_for_600_600_900,600,900,0,1800,5405400,1622701,900,7200000,4320000,1621800,540000,1081800,540000,0,0,0,541800,570768,0.5708
swap_distribute_parallel_for_600_700_100,600,100,0,200,700600,210301,100,3920000,480000,210200,70000,140200,70000,0,0,0,70200,597000,0.5970
swap_distribute_parallel_for_600_700_200,600,200,0,400,1401200,420601,200,4480000,960000,420400,140000,280400,140000,0,0,0,140400,598764,0.5988
swap_distribute_parallel_for_600_700_300,600,300,0,600,2101800,630901,300,5040000,1440000,630600,210000,420600,210000,0,0,0,210600,604575,0.6046
swap_distribute_parallel_for_600_700_400,600,400,0,800,2802400,841201,400,5600000,1920000,840800,280000,560800,280000,0,0,0,280800,620589,0.6206
swap_distribute_parallel_for_600_700_500,600,500,0,1000,3503000,1051501,500,6160000,2400000,1051000,350000,701000,350000,0,0,0,351000,642126,0.6421
swap_distribute_parallel_for_600_700_600,600,600,0,1200,4203600,1261801,600,6720000,2880000,1261200,420000,841200,420000,0,0,0,421200,604179,0.6042
swap_distribute_parallel_for_600_700_700,600,700,0,1400,4904200,1472101,700,7280000,3360000,1471400,490000,981400,490000,0,0,0,491400,636008,0.6360
swap_distribute_parallel_for_600_700_800,600,800,0,1600,5604800,1682401,800,7840000,3840000,1681600,560000,1121600,560000,0,0,0,561600,619796,0.6198
swap_distribute_parallel_for_600_700_900,600,900,0,1800,6305400,1892701,900,8400000,4320000,1891800,630000,1261800,630000,0,0,0,631800,603009,0.6030
swap_distribute_parallel_for_600_800_100,600,100,0,200,800600,240301,100,4480000,480000,240200,80000,160200,80000,0,0,0,80200,680717,0.6807
swap_distribute_parallel_for_600_800_200,600,200,0,400,1601200,480601,200,5120000,960000,480400,160000,320400,160000,0,0,0,160400,692448,0.6924
swap_distribute_parallel_for_600_800_300,600,300,0,600,2401800,720901,300,5760000,1440000,720600,240000,480600,240000,0,0,0,240600,696847,0.6968
swap_distribute_parallel_for_600_800_400,600,400,0,800,3202400,961201,400,6400000,1920000,960800,320000,640800,320000,0,0,0,320800,695445,0.6954
swap_distribute_parallel_for_600_800_500,600,500,0,1000,4003000,1201501,500,7040000,2400000,1201000,400000,801000,400000,0,0,0,401000,690018,0.6900
swap_distribute_parallel_for_600_800_600,600,600,0,1200,4803600,1441801,600,7680000,2880000,1441200,480000,961200,480000,0,0,0,481200,706727,0.7067
swap_distribute_parallel_for_600_800_700,600,700,0,1400,5604200,1682101,700,8320000,3360000,1681400,560000,1121400,560000,0,0,0,561400,709062,0.7091
swap_distribute_parallel_for_600_800_800,600,800,0,1600,6404800,1922401,800,8960000,3840000,1921600,640000,1281600,640000,0,0,0,641600,695076,0.6951
swap_distribute_parallel_for_600_800_900,600,900,0,1800,7205400,2162701,900,9600000,4320000,2161800,720000,1441800,720000,0,0,0,721800,705473,0.7055
swap_distribute_parallel_for_600_900_100,600,100,0,200,900600,270301,100,5040000,480000,270200,90000,180200,90000,0,0,0,90200,784247,0.7842
swap_distribute_parallel_for_600_900_200,600,200,0,400,1801200,540601,200,5760000,960000,540400,180000,360400,180000,0,0,0,180400,772326,0.7723
swap_distribute_parallel_for_600_900_300,600,300,0,600,2701800,810901,300,6480000,1440000,810600,270000,540600,270000,0,0,0,270600,775535,0.7755
swap_distribute_parallel_for_600_900_400,600,400,0,800,3602400,1081201,400,7200000,1920000,1080800,360000,720800,360000,0,0,0,360800,768946,0.7689
swap_distribute_parallel_for_600_900_500,600,500,0,1000,4503000,1351501,500,7920000,2400000,1351000,450000,901000,450000,0,0,0,451000,784505,0.7845
swap_distribute_parallel_for_600_900_600,600,600,0,1200,5403600,1621801,600,8640000,2880000,1621200,540000,1081200,540000,0,0,0,541200,806236,0.8062
swap_distribute_parallel_for_600_900_700,600,700,0,1400,6304200,1892101,700,9360000,3360000,1891400,630000,1261400,630000,0,0,0,631400,799555,0.7996
swap_distribute_parallel_for_600_900_800,600,800,0,1600,7204800,2162401,800,10080000,3840000,2161600,720000,1441600,720000,0,0,0,721600,784135,0.7841
swap_distribute_parallel_for_600_900_900,600,900,0,1800,8105400,2432701,900,10800000,4320000,2431800,810000,1621800,810000,0,0,0,811800,830376,0.8304
swap_distribute_parallel_for_700_100_100,700,100,0,200,100600,30301,100,640000,560000,30200,10000,20200,10000,0,0,0,10200,92485,0.0925
swap_distribute_parallel_for_700_100_200,700,200,0,400,201200,60601,200,720000,1120000,60400,20000,40400,20000,0,0,0,20400,115780,0.1158
swap_distribute_parallel_for_700_100_300,700,300,0,600,301800,90901,300,800000,1680000,90600,30000,60600,30000,0,0,0,30600,137198,0.1372
swap_distribute_parallel_for_700_100_400,700,400,0,800,402400,121201,400,880000,2240000,120800,40000,80800,40000,0,0,0,40800,108465,0.1085
swap_distribute_parallel_for_700_100_500,700,500,0,1000,503000,151501,500,960000,2800000,151000,50000,101000,50000,0,0,0,51000,100281,0.1003
swap_distribute_parallel_for_700_100_600,700,600,0,1200,603600,181801,600,1040000,3360000,181200,60000,121200,60000,0,0,0,61200,100100,0.1001
swap_distribute_parallel_for_700_100_700,700,700,0,1400,704200,212101,700,1120000,3920000,211400,70000,141400,70000,0,0,0,71400,99877,0.0999
swap_distribute_parallel_for_700_100_800,700,800,0,1600,804800,242401,800,1200000,4480000,241600,80000,161600,80000,0,0,0,81600,99179,0.0992
swap_distribute_parallel_for_700_100_900,700,900,0,1800,905400,272701,900,1280000,5040000,271800,90000,181800,90000,0,0,0,91800,116841,0.1168
swap_distribute_parallel_for_700_200_100,700,100,0,200,200600,60301,100,1280000,560000,60200,20000,40200,20000,0,0,0,20200,199285,0.1993
swap_distribute_parallel_for_700_200_200,700,200,0,400,401200,120601,200,1440000,1120000,120400,40000,80400,40000,0,0,0,40400,201940,0.2019
swap_distribute_parallel_for_700_200_300,700,300,0,600,601800,180901,300,1600000,1680000,180600,60000,120600,60000,0,0,0,60600,231404,0.2314
swap_distribute_parallel_for_700_200_400,700,400,0,800,802400,241201,400,1760000,2240000,240800,80000,160800,80000,0,0,0,80800,206577,0.2066
swap_distribute_parallel_for_700_200_500,700,500,0,1000,1003000,301501,500,1920000,2800000,301000,100000,201000,100000,0,0,0,101000,229821,0.2298
swap_distribute_parallel_for_700_200_600,700,600,0,1200,1203600,361801,600,2080000,3360000,361200,120000,241200,120000,0,0,0,121200,210527,0.2105
swap_distribute_parallel_for_700_200_700,700,700,0,1400,1404200,422101,700,2240000,3920000,421400,140000,281400,140000,0,0,0,141400,204299,0.2043
swap_distribute_parallel_for_700_200_800,700,800,0,1600,1604800,482401,800,2400000,4480000,481600,160000,321600,160000,0,0,0,161600,203614,0.2036
swap_distribute_parallel_for_700_200_900,700,900,0,1800,1805400,542701,900,2560000,5040000,541800,180000,361800,180000,0,0,0,181800,208406,0.2084
swap_distribute_parallel_for_700_300_100,700,100,0,200,300600,90301,100,1920000,560000,90200,30000,60200,30000,0,0,0,30200,300261,0.3003
swap_distribute_parallel_for_700_300_200,700,200,0,400,601200,180601,200,2160000,1120000,180400,60000,120400,60000,0,0,0,60400,307260,0.3073
swap_distribute_parallel_for_700_300_300,700,300,0,600,901800,270901,300,2400000,1680000,270600,90000,180600,90000,0,0,0,90600,318698,0.3187
swap_distribute_parallel_for_700_300_400,700,400,0,800,1202400,361201,400,2640000,2240000,360800,120000,240800,120000,0,0,0,120800,329666,0.3297
swap_distribute_parallel_for_700_300_500,700,500,0,1000,1503000,451501,500,2880000,2800000,451000,150000,301000,150000,0,0,0,151000,303750,0.3038
swap_distribute_parallel_for_700_300_600,700,600,0,1200,1803600,541801,600,3120000,3360000,541200,180000,361200,180000,0,0,0,181200,345169,0.3452
swap_distribute_parallel_for_700_300_700,700,700,0,1400,2104200,632101,700,3360000,3920000,631400,210000,421400,210000,0,0,0,211400,323994,0.3240
swap_distribute_parallel_for_700_300_800,700,800,0,1600,2404800,722401,800,3600000,4480000,721600,240000,481600,240000,0,0,0,241600,369452,0.3695
swap_distribute_parallel_for_700_300_900,700,900,0,1800,2705400,812701,900,3840000,5040000,811800,270000,541800,270000,0,0,0,271800,304368,0.3044
swap_distribute_parallel_for_700_400_100,700,100,0,200,400600,120301,100,2560000,560000,120200,40000,80200,40000,0,0,0,40200,397430,0.3974
swap_distribute_parallel_for_700_400_200,700,200,0,400,801200,240601,200,2880000,1120000,240400,80000,160400,80000,0,0,0,80400,406609,0.4066
swap_distribute_parallel_for_700_400_300,700,300,0,600,1201800,360901,300,3200000,1680000,360600,120000,240600,120000,0,0,0,120600,403785,0.4038
swap_distribute_parallel_for_700_400_400,700,400,0,800,1602400,481201,400,3520000,2240000,480800,160000,320800,160000,0,0,0,160800,401595,0.4016
swap_distribute_parallel_for_700_400_500,700,500,0,1000,2003000,601501,500,3840000,2800000,601000,200000,401000,200000,0,0,0,201000,413095,0.4131
swap_distribute_parallel_for_700_400_600,700,600,0,1200,2403600,721801,600,4160000,3360000,721200,240000,481200,240000,0,0,0,241200,415333,0.4153
swap_distribute_parallel_for_700_400_700,700,700,0,1400,2804200,842101,700,4480000,3920000,841400,280000,561400,280000,0,0,0,281400,414320,0.4143
swap_distribute_parallel_for_700_400_800,700,800,0,1600,3204800,962401,800,4800000,4480000,961600,320000,641600,320000,0,0,0,321600,405377,0.4054
swap_distribute_parallel_for_700_400_900,700,900,0,1800,3605400,1082701,900,5120000,5040000,1081800,360000,721800,360000,0,0,0,361800,440748,0.4407
swap_distribute_parallel_for_700_500_100,700,100,0,200,500600,150301,100,3200000,560000,150200,50000,100200,50000,0,0,0,50200,497719,0.4977
swap_distribute_parallel_for_700_500_200,700,200,0,400,1001200,300601,200,3600000,1120000,300400,100000,200400,100000,0,0,0,100400,499453,0.4995
swap_distribute_parallel_for_700_500_300,700,300,0,600,1501800,450901,300,4000000,1680000,450600,150000,300600,150000,0,0,0,150600,521344,0.5213
swap_distribute_parallel_for_700_500_400,700,400,0,800,2002400,601201,400,4400000,2240000,600800,200000,400800,200000,0,0,0,200800,500820,0.5008
swap_distribute_parallel_for_700_500_500,700,500,0,1000,2503000,751501,500,4800000,2800000,751000,250000,501000,250000,0,0,0,251000,503888,0.5039
swap_distribute_parallel_for_700_500_600,700,600,0,1200,3003600,901801,600,5200000,3360000,901200,300000,601200,300000,0,0,0,301200,510524,0.5105
swap_distribute_parallel_for_700_500_700,700,700,0,1400,3504200,1052101,700,5600000,3920000,1051400,350000,701400,350000,0,0,0,351400,523659,0.5237
swap_distribute_parallel_for_700_500_800,700,800,0,1600,4004800,1202401,800,6000000,4480000,1201600,400000,801600,400000,0,0,0,401600,529499,0.5295
swap_distribute_parallel_for_700_500_900,700,900,0,1800,4505400,1352701,900,6400000,5040000,1351800,450000,901800,450000,0,0,0,451800,512260,0.5123
swap_distribute_parallel_for_700_600_100,700,100,0,200,600600,180301,100,3840000,560000,180200,60000,120200,60000,0,0,0,60200,604939,0.6049
swap_distribute_parallel_for_700_600_200,700,200,0,400,1201200,360601,200,4320000,1120000,360400,120000,240400,120000,0,0,0,120400,597824,0.5978
swap_distribute_parallel_for_700_600_300,700,300,0,600,1801800,540901,300,4800000,1680000,540600,180000,360600,180000,0,0,0,180600,599365,0.5994
swap_distribute_parallel_for_700_600_400,700,400,0,800,2402400,721201,400,5280000,2240000,720800,240000,480800,240000,0,0,0,240800,608318,0.6083
swap_distribute_parallel_for_700_600_500,700,500,0,1000,3003000,901501,500,5760000,2800000,901000,300000,601000,300000,0,0,0,301000,617231,0.6172
swap_distribute_parallel_for_700_600_600,700,600,0,1200,3603600,1081801,600,6240000,3360000,1081200,360000,721200,360000,0,0,0,361200,625644,0.6256
swap_distribute_parallel_for_700_600_700,700,700,0,1400,4204200,1262101,700,6720000,3920000,1261400,420000,841400,420000,0,0,0,421400,605872,0.6059
swap_distribute_parallel_for_700_600_800,700,800,0,1600,4804800,1442401,800,7200000,4480000,1441600,480000,961600,480000,0,0,0,481600,603783,0.6038
swap_distribute_parallel_for_700_600_900,700,900,0,1800,5405400,1622701,900,7680000,5040000,1621800,540000,1081800,540000,0,0,0,541800,606077,0.6061
swap_distribute_parallel_for_700_700_100,700,100,0,200,700600,210301,100,4480000,560000,210200,70000,140200,70000,0,0,0,70200,703134,0.7031
swap_distribute_parallel_for_700_700_200,700,200,0,400,1401200,420601,200,5040000,1120000,420400,140000,280400,140000,0,0,0,140400,701000,0.7010
swap_distribute_parallel_for_700_700_300,700,300,0,600,2101800,630901,300,5600000,1680000,630600,210000,420600,210000,0,0,0,210600,726884,0.7269
swap_distribute_parallel_for_700_700_400,700,400,0,800,2802400,841201,400,6160000,2240000,840800,280000,560800,280000,0,0,0,280800,810464,0.8105
swap_distribute_parallel_for_700_700_500,700,500,0,1000,3503000,1051501,500,6720000,2800000,1051000,350000,701000,350000,0,0,0,351000,710444,0.7104
swap_distribute_parallel_for_700_700_600,700,600,0,1200,4203600,1261801,600,7280000,3360000,1261200,420000,841200,420000,0,0,0,421200,712050,0.7120
swap_distribute_parallel_for_700_700_700,700,700,0,1400,4904200,1472101,700,7840000,3920000,1471400,490000,981400,490000,0,0,0,491400,710703,0.7107
swap_distribute_parallel_for_700_700_800,700,800,0,1600,5604800,1682401,800,8400000,4480000,1681600,560000,1121600,560000,0,0,0,561600,708991,0.7090
swap_distribute_parallel_for_700_700_900,700,900,0,1800,6305400,1892701,900,8960000,5040000,1891800,630000,1261800,630000,0,0,0,631800,706351,0.7064
swap_distribute_parallel_for_700_800_100,700,100,0,200,800600,240301,100,5120000,560000,240200,80000,160200,80000,0,0,0,80200,801526,0.8015
swap_distribute_parallel_for_700_800_200,700,200,0,400,1601200,480601,200,5760000,1120000,480400,160000,320400,160000,0,0,0,160400,802825,0.8028
swap_distribute_parallel_for_700_800_300,700,300,0,600,2401800,720901,300,6400000,1680000,720600,240000,480600,240000,0,0,0,240600,803744,0.8037
swap_distribute_parallel_for_700_800_400,700,400,0,800,3202400,961201,400,7040000,2240000,960800,320000,640800,320000,0,0,0,320800,848844,0.8488
swap_distribute_parallel_for_700_800_500,700,500,0,1000,4003000,1201501,500,7680000,2800000,1201000,400000,801000,400000,0,0,0,401000,840199,0.8402
swap_distribute_parallel_for_700_800_600,700,600,0,1200,4803600,1441801,600,8320000,3360000,1441200,480000,961200,480000,0,0,0,481200,846758,0.8468
swap_distribute_parallel_for_700_800_700,700,700,0,1400,5604200,1682101,700,8960000,3920000,1681400,560000,1121400,560000,0,0,0,561400,809381,0.8094
swap_distribute_parallel_for_700_800_800,700,800,0,1600,6404800,1922401,800,9600000,4480000,1921600,640000,1281600,640000,0,0,0,641600,812363,0.8124
swap_distribute_parallel_for_700_800_900,700,900,0,1800,7205400,2162701,900,10240000,5040000,2161800,720000,1441800,720000,0,0,0,721800,810855,0.8109
swap_distribute_parallel_for_700_900_100,700,100,0,200,900600,270301,100,5760000,560000,270200,90000,180200,90000,0,0,0,90200,901650,0.9016
swap_distribute_parallel_for_700_900_200,700,200,0,400,1801200,540601,200,6480000,1120000,540400,180000,360400,180000,0,0,0,180400,905899,0.9059
swap_distribute_parallel_for_700_900_300,700,300,0,600,2701800,810901,300,7200000,1680000,810600,270000,540600,270000,0,0,0,270600,930900,0.9309
swap_distribute_parallel_for_700_900_400,700,400,0,800,3602400,1081201,400,7920000,2240000,1080800,360000,720800,360000,0,0,0,360800,914145,0.9141
swap_distribute_parallel_for_700_900_500,700,500,0,1000,4503000,1351501,500,8640000,2800000,1351000,450000,901000,450000,0,0,0,451000,944756,0.9448
swap_distribute_parallel_for_700_900_600,700,600,0,1200,5403600,1621801,600,9360000,3360000,1621200,540000,1081200,540000,0,0,0,541200,903311,0.9033
swap_distribute_parallel_for_700_900_700,700,700,0,1400,6304200,1892101,700,10080000,3920000,1891400,630000,1261400,630000,0,0,0,631400,908041,0.9080
swap_distribute_parallel_for_700_900_800,700,800,0,1600,7204800,2162401,800,10800000,4480000,2161600,720000,1441600,720000,0,0,0,721600,922616,0.9226
swap_distribute_parallel_for_700_900_900,700,900,0,1800,8105400,2432701,900,11520000,5040000,2431800,810000,1621800,810000,0,0,0,811800,969729,0.9697
swap_distribute_parallel_for_800_100_100,800,100,0,200,100600,30301,100,720000,640000,30200,10000,20200,10000,0,0,0,10200,105493,0.1055
swap_distribute_parallel_for_800_100_200,800,200,0,400,201200,60601,200,800000,1280000,60400,20000,40400,20000,0,0,0,20400,113393,0.1134
swap_distribute_parallel_for_800_100_300,800,300,0,600,301800,90901,300,880000,1920000,90600,30000,60600,30000,0,0,0,30600,113159,0.1132
swap_distribute_parallel_for_800_100_400,800,400,0,800,402400,121201,400,960000,2560000,120800,40000,80800,40000,0,0,0,40800,128065,0.1281
swap_distribute_parallel_for_800_100_500,800,500,0,1000,503000,151501,500,1040000,3200000,151000,50000,101000,50000,0,0,0,51000,132262,0.1323
swap_distribute_parallel_for_800_100_600,800,600,0,1200,603600,181801,600,1120000,3840000,181200,60000,121200,60000,0,0,0,61200,116672,0.1167
swap_distribute_parallel_for_800_100_700,800,700,0,1400,704200,212101,700,1200000,4480000,211400,70000,141400,70000,0,0,0,71400,148798,0.1488
swap_distribute_parallel_for_800_100_800,800,800,0,1600,804800,242401,800,1280000,5120000,241600,80000,161600,80000,0,0,0,81600,127028,0.1270
swap_distribute_parallel_for_800_100_900,800,900,0,1800,905400,272701,900,1360000,5760000,271800,90000,181800,90000,0,0,0,91800,114194,0.1142
swap_distribute_parallel_for_800_200_100,800,100,0,200,200600,60301,100,1440000,640000,60200,20000,40200,20000,0,0,0,20200,229316,0.2293
swap_distribute_parallel_for_800_200_200,800,200,0,400,401200,120601,200,1600000,1280000,120400,40000,80400,40000,0,0,0,40400,233634,0.2336
swap_distribute_parallel_for_800_200_300,800,300,0,600,601800,180901,300,1760000,1920000,180600,60000,120600,60000,0,0,0,60600,236041,0.2360
swap_distribute_parallel_for_800_200_400,800,400,0,800,802400,241201,400,1920000,2560000,240800,80000,160800,80000,0,0,0,80800,234039,0.2340
swap_distribute_parallel_for_800_200_500,800,500,0,1000,1003000,301501,500,2080000,3200000,301000,100000,201000,100000,0,0,0,101000,247901,0.2479
swap_distribute_parallel_for_800_200_600,800,600,0,1200,1203600,361801,600,2240000,3840000,361200,120000,241200,120000,0,0,0,121200,237749,0.2377
swap_distribute_parallel_for_800_200_700,800,700,0,1400,1404200,422101,700,2400000,4480000,421400,140000,281400,140000,0,0,0,141400,237543,0.2375
swap_distribute_parallel_for_800_200_800,800,800,0,1600,1604800,482401,800,2560000,5120000,481600,160000,321600,160000,0,0,0,161600,268786,0.2688
swap_distribute_parallel_for_800_200_900,800,900,0,1800,1805400,542701,900,2720000,5760000,541800,180000,361800,180000,0,0,0,181800,238910,0.2389
swap_distribute_parallel_for_800_300_100,800,100,0,200,300600,90301,100,2160000,640000,90200,30000,60200,30000,0,0,0,30200,345661,0.3457
swap_distribute_parallel_for_800_300_200,800,200,0,400,601200,180601,200,2400000,1280000,180400,60000,120400,60000,0,0,0,60400,345039,0.3450
swap_distribute_parallel_for_800_300_300,800,300,0,600,901800,270901,300,2640000,1920000,270600,90000,180600,90000,0,0,0,90600,393997,0.3940
swap_distribute_parallel_for_800_300_400,800,400,0,800,1202400,361201,400,2880000,2560000,360800,120000,240800,120000,0,0,0,120800,347157,0.3472
swap_distribute_parallel_for_800_300_500,800,500,0,1000,1503000,451501,500,3120000,3200000,451000,150000,301000,150000,0,0,0,151000,360576,0.3606
swap_distribute_parallel_for_800_300_600,800,600,0,1200,1803600,541801,600,3360000,3840000,541200,180000,361200,180000,0,0,0,181200,373076,0.3731
swap_distribute_parallel_for_800_300_700,800,700,0,1400,2104200,632101,700,3600000,4480000,631400,210000,421400,210000,0,0,0,211400,347222,0.3472
swap_distribute_parallel_for_800_300_800,800,800,0,1600,2404800,722401,800,3840000,5120000,721600,240000,481600,240000,0,0,0,241600,355186,0.3552
swap_distribute_parallel_for_800_300_900,800,900,0,1800,2705400,812701,900,4080000,5760000,811800,270000,541800,270000,0,0,0,271800,352631,0.3526
swap_distribute_parallel_for_800_400_100,800,100,0,200,400600,120301,100,2880000,640000,120200,40000,80200,40000,0,0,0,40200,481741,0.4817
swap_distribute_parallel_for_800_400_200,800,200,0,400,801200,240601,200,3200000,1280000,240400,80000,160400,80000,0,0,0,80400,457124,0.4571
swap_distribute_parallel_for_800_400_300,800,300,0,600,1201800,360901,300,3520000,1920000,360600,120000,240600,120000,0,0,0,120600,458825,0.4588
swap_distribute_parallel_for_800_400_400,800,400,0,800,1602400,481201,400,3840000,2560000,480800,160000,320800,160000,0,0,0,160800,459790,0.4598
swap_distribute_parallel_for_800_400_500,800,500,0,1000,2003000,601501,500,4160000,3200000,601000,200000,401000,200000,0,0,0,201000,486713,0.4867
swap_distribute_parallel_for_800_400_600,800,600,0,1200,2403600,721801,600,4480000,3840000,721200,240000,481200,240000,0,0,0,241200,462064,0.4621
swap_distribute_parallel_for_800_400_700,800,700,0,1400,2804200,842101,700,4800000,4480000,841400,280000,561400,280000,0,0,0,281400,472620,0.4726
swap_distribute_parallel_for_800_400_800,800,800,0,1600,3204800,962401,800,5120000,5120000,961600,320000,641600,320000,0,0,0,321600,467031,0.4670
swap_distribute_parallel_for_800_400_900,800,900,0,1800,3605400,1082701,900,5440000,5760000,1081800,360000,721800,360000,0,0,0,361800,523106,0.5231
swap_distribute_parallel_for_800_500_100,800,100,0,200,500600,150301,100,3600000,640000,150200,50000,100200,50000,0,0,0,50200,583440,0.5834
swap_distribute_parallel_for_800_500_200,800,200,0,400,1001200,300601,200,4000000,1280000,300400,100000,200400,100000,0,0,0,100400,591434,0.5914
swap_distribute_parallel_for_800_500_300,800,300,0,600,1501800,450901,300,4400000,1920000,450600,150000,300600,150000,0,0,0,150600,571397,0.5714
swap_distribute_parallel_for_800_500_400,800,400,0,800,2002400,601201,400,4800000,2560000,600800,200000,400800,200000,0,0,0,200800,587464,0.5875
swap_distribute_parallel_for_800_500_500,800,500,0,1000,2503000,751501,500,5200000,3200000,751000,250000,501000,250000,0,0,0,251000,599141,0.5991
swap_distribute_parallel_for_800_500_600,800,600,0,1200,3003600,901801,600,5600000,3840000,901200,300000,601200,300000,0,0,0,301200,582188,0.5822
swap_distribute_parallel_for_800_500_700,800,700,0,1400,3504200,1052101,700,6000000,4480000,1051400,350000,701400,350000,0,0,0,351400,574137,0.5741
swap_distribute_parallel_for_800_500_800,800,800,0,1600,4004800,1202401,800,6400000,5120000,1201600,400000,801600,400000,0,0,0,401600,573097,0.5731
swap_distribute_parallel_for_800_500_900,800,900,0,1800,4505400,1352701,900,6800000,5760000,1351800,450000,901800,450000,0,0,0,451800,580860,0.5809
swap_distribute_parallel_for_800_600_100,800,100,0,200,600600,180301,100,4320000,640000,180200,60000,120200,60000,0,0,0,60200,734617,0.7346
swap_distribute_parallel_for_800_600_200,800,200,0,400,1201200,360601,200,4800000,1280000,360400,120000,240400,120000,0,0,0,120400,684215,0.6842
swap_distribute_parallel_for_800_600_300,800,300,0,600,1801800,540901,300,5280000,1920000,540600,180000,360600,180000,0,0,0,180600,685104,0.6851
swap_distribute_parallel_for_800_600_400,800,400,0,800,2402400,721201,400,5760000,2560000,720800,240000,480800,240000,0,0,0,240800,685425,0.6854
swap_distribute_parallel_for_800_600_500,800,500,0,1000,3003000,901501,500,6240000,3200000,901000,300000,601000,300000,0,0,0,301000,747459,0.7475
swap_distribute_parallel_for_800_600_600,800,600,0,1200,3603600,1081801,600,6720000,3840000,1081200,360000,721200,360000,0,0,0,361200,691212,0.6912
swap_distribute_parallel_for_800_600_700,800,700,0,1400,4204200,1262101,700,7200000,4480000,1261400,420000,841400,420000,0,0,0,421400,695935,0.6959
swap_distribute_parallel_for_800_600_800,800,800,0,1600,4804800,1442401,800,7680000,5120000,1441600,480000,961600,480000,0,0,0,481600,690807,0.6908
swap_distribute_parallel_for_800_600_900,800,900,0,1800,5405400,1622701,900,8160000,5760000,1621800,540000,1081800,540000,0,0,0,541800,700620,0.7006
swap_distribute_parallel_for_800_700_100,800,100,0,200,700600,210301,100,5040000,640000,210200,70000,140200,70000,0,0,0,70200,809891,0.8099
swap_distribute_parallel_for_800_700_200,800,200,0,400,1401200,420601,200,5600000,1280000,420400,140000,280400,140000,0,0,0,140400,802623,0.8026
swap_distribute_parallel_for_800_700_300,800,300,0,600,2101800,630901,300,6160000,1920000,630600,210000,420600,210000,0,0,0,210600,803470,0.8035
swap_distribute_parallel_for_800_700_400,800,400,0,800,2802400,841201,400,6720000,2560000,840800,280000,560800,280000,0,0,0,280800,799597,0.7996
swap_distribute_parallel_for_800_700_500,800,500,0,1000,3503000,1051501,500,7280000,3200000,1051000,350000,701000,350000,0,0,0,351000,827981,0.8280
swap_distribute_parallel_for_800_700_600,800,600,0,1200,4203600,1261801,600,7840000,3840000,1261200,420000,841200,420000,0,0,0,421200,809556,0.8096
swap_distribute_parallel_for_800_700_700,800,700,0,1400,4904200,1472101,700,8400000,4480000,1471400,490000,981400,490000,0,0,0,491400,824585,0.8246
swap_distribute_parallel_for_800_700_800,800,800,0,1600,5604800,1682401,800,8960000,5120000,1681600,560000,1121600,560000,0,0,0,561600,812993,0.8130
swap_distribute_parallel_for_800_700_900,800,900,0,1800,6305400,1892701,900,9520000,5760000,1891800,630000,1261800,630000,0,0,0,631800,810904,0.8109
swap_distribute_parallel_for_800_800_100,800,100,0,200,800600,240301,100,5760000,640000,240200,80000,160200,80000,0,0,0,80200,917014,0.9170
swap_distribute_parallel_for_800_800_200,800,200,0,400,1601200,480601,200,6400000,1280000,480400,160000,320400,160000,0,0,0,160400,915794,0.9158
swap_distribute_parallel_for_800_800_300,800,300,0,600,2401800,720901,300,7040000,1920000,720600,240000,480600,240000,0,0,0,240600,917740,0.9177
swap_distribute_parallel_for_800_800_400,800,400,0,800,3202400,961201,400,7680000,2560000,960800,320000,640800,320000,0,0,0,320800,910908,0.9109
swap_distribute_parallel_for_800_800_500,800,500,0,1000,4003000,1201501,500,8320000,3200000,1201000,400000,801000,400000,0,0,0,401000,1031521,1.0315
swap_distribute_parallel_for_800_800_600,800,600,0,1200,4803600,1441801,600,8960000,3840000,1441200,480000,961200,480000,0,0,0,481200,957761,0.9578
swap_distribute_parallel_for_800_800_700,800,700,0,1400,5604200,1682101,700,9600000,4480000,1681400,560000,1121400,560000,0,0,0,561400,919047,0.9190
swap_distribute_parallel_for_800_800_800,800,800,0,1600,6404800,1922401,800,10240000,5120000,1921600,640000,1281600,640000,0,0,0,641600,989115,0.9891
swap_distribute_parallel_for_800_800_900,800,900,0,1800,7205400,2162701,900,10880000,5760000,2161800,720000,1441800,720000,0,0,0,721800,954419,0.9544
swap_distribute_parallel_for_800_900_100,800,100,0,200,900600,270301,100,6480000,640000,270200,90000,180200,90000,0,0,0,90200,1029057,1.0291
swap_distribute_parallel_for_800_900_200,800,200,0,400,1801200,540601,200,7200000,1280000,540400,180000,360400,180000,0,0,0,180400,1041274,1.0413
swap_distribute_parallel_for_800_900_300,800,300,0,600,2701800,810901,300,7920000,1920000,810600,270000,540600,270000,0,0,0,270600,1045671,1.0457
swap_distribute_parallel_for_800_900_400,800,400,0,800,3602400,1081201,400,8640000,2560000,1080800,360000,720800,360000,0,0,0,360800,1077874,1.0779
swap_distribute_parallel_for_800_900_500,800,500,0,1000,4503000,1351501,500,9360000,3200000,1351000,450000,901000,450000,0,0,0,451000,1084789,1.0848
swap_distribute_parallel_for_800_900_600,800,600,0,1200,5403600,1621801,600,10080000,3840000,1621200,540000,1081200,540000,0,0,0,541200,1029943,1.0299
swap_distribute_parallel_for_800_900_700,800,700,0,1400,6304200,1892101,700,10800000,4480000,1891400,630000,1261400,630000,0,0,0,631400,1047445,1.0474
swap_distribute_parallel_for_800_900_800,800,800,0,1600,7204800,2162401,800,11520000,5120000,2161600,720000,1441600,720000,0,0,0,721600,1035528,1.0355
swap_distribute_parallel_for_800_900_900,800,900,0,1800,8105400,2432701,900,12240000,5760000,2431800,810000,1621800,810000,0,0,0,811800,1105365,1.1054
swap_distribute_parallel_for_900_100_100,900,100,0,200,100600,30301,100,800000,720000,30200,10000,20200,10000,0,0,0,10200,144398,0.1444
swap_distribute_parallel_for_900_100_200,900,200,0,400,201200,60601,200,880000,1440000,60400,20000,40400,20000,0,0,0,20400,156534,0.1565
swap_distribute_parallel_for_900_100_300,900,300,0,600,301800,90901,300,960000,2160000,90600,30000,60600,30000,0,0,0,30600,146401,0.1464
swap_distribute_parallel_for_900_100_400,900,400,0,800,402400,121201,400,1040000,2880000,120800,40000,80800,40000,0,0,0,40800,128595,0.1286
swap_distribute_parallel_for_900_100_500,900,500,0,1000,503000,151501,500,1120000,3600000,151000,50000,101000,50000,0,0,0,51000,134601,0.1346
swap_distribute_parallel_for_900_100_600,900,600,0,1200,603600,181801,600,1200000,4320000,181200,60000,121200,60000,0,0,0,61200,134751,0.1348
swap_distribute_parallel_for_900_100_700,900,700,0,1400,704200,212101,700,1280000,5040000,211400,70000,141400,70000,0,0,0,71400,128022,0.1280
swap_distribute_parallel_for_900_100_800,900,800,0,1600,804800,242401,800,1360000,5760000,241600,80000,161600,80000,0,0,0,81600,168014,0.1680
swap_distribute_parallel_for_900_100_900,900,900,0,1800,905400,272701,900,1440000,6480000,271800,90000,181800,90000,0,0,0,91800,155141,0.1551
swap_distribute_parallel_for_900_1400_1400,900,1400,0,2800,19608400,5884201,1400,25760000,10080000,5882800,1960000,3922800,1960000,0,0,0,1962800,2028096,2.0281
swap_distribute_parallel_for_900_1400_1900,900,1900,0,3800,26611400,7985701,1900,31360000,13680000,7983800,2660000,5323800,2660000,0,0,0,2663800,2027509,2.0275
swap_distribute_parallel_for_900_1400_2400,900,2400,0,4800,33614400,10087201,2400,36960000,17280000,10084800,3360000,6724800,3360000,0,0,0,3364800,2030444,2.0304
swap_distribute_parallel_for_900_1400_2900,900,2900,0,5800,40617400,12188701,2900,42560000,20880000,12185800,4060000,8125800,4060000,0,0,0,4065800,2097964,2.0980
swap_distribute_parallel_for_900_1400_3400,900,3400,0,6800,47620400,14290201,3400,48160000,24480000,14286800,4760000,9526800,4760000,0,0,0,4766800,2025902,2.0259
swap_distribute_parallel_for_900_1400_3900,900,3900,0,7800,54623400,16391701,3900,53760000,28080000,16387800,5460000,10927800,5460000,0,0,0,5467800,2013392,2.0134
swap_distribute_parallel_for_900_1400_900,900,900,0,1800,12605400,3782701,900,20160000,6480000,3781800,1260000,2521800,1260000,0,0,0,1261800,2013768,2.0138
swap_distribute_parallel_for_900_1900_1400,900,1400,0,2800,26608400,7984201,1400,34960000,10080000,7982800,2660000,5322800,2660000,0,0,0,2662800,2777069,2.7771
swap_distribute_parallel_for_900_1900_1900,900,1900,0,3800,36111400,10835701,1900,42560000,13680000,10833800,3610000,7223800,3610000,0,0,0,3613800,2830424,2.8304
swap_distribute_parallel_for_900_1900_2400,900,2400,0,4800,45614400,13687201,2400,50160000,17280000,13684800,4560000,9124800,4560000,0,0,0,4564800,2777478,2.7775
swap_distribute_parallel_for_900_1900_2900,900,2900,0,5800,55117400,16538701,2900,57760000,20880000,16535800,5510000,11025800,5510000,0,0,0,5515800,2770216,2.7702
swap_distribute_parallel_for_900_1900_3400,900,3400,0,6800,64620400,19390201,3400,65360000,24480000,19386800,6460000,12926800,6460000,0,0,0,6466800,2804295,2.8043
swap_distribute_parallel_for_900_1900_3900,900,3900,0,7800,74123400,22241701,3900,72960000,28080000,22237800,7410000,14827800,7410000,0,0,0,7417800,2773017,2.7730
swap_distribute_parallel_for_900_1900_900,900,900,0,1800,17105400,5132701,900,27360000,6480000,5131800,1710000,3421800,1710000,0,0,0,1711800,2752752,2.7528
swap_distribute_parallel_for_900_200_100,900,100,0,200,200600,60301,100,1600000,720000,60200,20000,40200,20000,0,0,0,20200,258548,0.2585
swap_distribute_parallel_for_900_200_200,900,200,0,400,401200,120601,200,1760000,1440000,120400,40000,80400,40000,0,0,0,40400,260246,0.2602
swap_distribute_parallel_for_900_200_300,900,300,0,600,601800,180901,300,1920000,2160000,180600,60000,120600,60000,0,0,0,60600,259616,0.2596
swap_distribute_parallel_for_900_200_400,900,400,0,800,802400,241201,400,2080000,2880000,240800,80000,160800,80000,0,0,0,80800,275463,0.2755
swap_distribute_parallel_for_900_200_500,900,500,0,1000,1003000,301501,500,2240000,3600000,301000,100000,201000,100000,0,0,0,101000,276712,0.2767
swap_distribute_parallel_for_900_200_600,900,600,0,1200,1203600,361801,600,2400000,4320000,361200,120000,241200,120000,0,0,0,121200,262712,0.2627
swap_distribute_parallel_for_900_200_700,900,700,0,1400,1404200,422101,700,2560000,5040000,421400,140000,281400,140000,0,0,0,141400,264600,0.2646
swap_distribute_parallel_for_900_200_800,900,800,0,1600,1604800,482401,800,2720000,5760000,481600,160000,321600,160000,0,0,0,161600,260675,0.2607
swap_distribute_parallel_for_900_200_900,900,900,0,1800,1805400,542701,900,2880000,6480000,541800,180000,361800,180000,0,0,0,181800,297658,0.2977
swap_distribute_parallel_for_900_2400_1400,900,1400,0,2800,33608400,10084201,1400,44160000,10080000,10082800,3360000,6722800,3360000,0,0,0,3362800,3470709,3.4707
swap_distribute_parallel_for_900_2400_1900,900,1900,0,3800,45611400,13685701,1900,53760000,13680000,13683800,4560000,9123800,4560000,0,0,0,4563800,3441576,3.4416
swap_distribute_parallel_for_900_2400_2400,900,2400,0,4800,57614400,17287201,2400,63360000,17280000,17284800,5760000,11524800,5760000,0,0,0,5764800,3464835,3.4648
swap_distribute_parallel_for_900_2400_2900,900,2900,0,5800,69617400,20888701,2900,72960000,20880000,20885800,6960000,13925800,6960000,0,0,0,6965800,3561630,3.5616
swap_distribute_parallel_for_900_2400_3400,900,3400,0,6800,81620400,24490201,3400,82560000,24480000,24486800,8160000,16326800,8160000,0,0,0,8166800,3494870,3.4949
swap_distribute_parallel_for_900_2400_3900,900,3900,0,7800,93623400,28091701,3900,92160000,28080000,28087800,9360000,18727800,9360000,0,0,0,9367800,3491068,3.4911
swap_distribute_parallel_for_900_2400_900,900,900,0,1800,21605400,6482701,900,34560000,6480000,6481800,2160000,4321800,2160000,0,0,0,2161800,3455412,3.4554
swap_distribute_parallel_for_900_2900_1400,900,1400,0,2800,40608400,12184201,1400,53360000,10080000,12182800,4060000,8122800,4060000,0,0,0,4062800,4133009,4.1330
swap_distribute_parallel_for_900_2900_1900,900,1900,0,3800,55111400,16535701,1900,64960000,13680000,16533800,5510000,11023800,5510000,0,0,0,5513800,4179040,4.1790
swap_distribute_parallel_for_900_2900_2400,900,2400,0,4800,69614400,20887201,2400,76560000,17280000,20884800,6960000,13924800,6960000,0,0,0,6964800,4210039,4.2100
swap_distribute_parallel_for_900_2900_2900,900,2900,0,5800,84117400,25238701,2900,88160000,20880000,25235800,8410000,16825800,8410000,0,0,0,8415800,4192176,4.1922
swap_distribute_parallel_for_900_2900_3400,900,3400,0,6800,98620400,29590201,3400,99760000,24480000,29586800,9860000,19726800,9860000,0,0,0,9866800,4143430,4.1434
swap_distribute_parallel_for_900_2900_3900,900,3900,0,7800,113123400,33941701,3900,111360000,28080000,33937800,11310000,22627800,11310000,0,0,0,11317800,4237230,4.2372
swap_distribute_parallel_for_900_2900_900,900,900,0,1800,26105400,7832701,900,41760000,6480000,7831800,2610000,5221800,2610000,0,0,0,2611800,4166353,4.1664
swap_distribute_parallel_for_900_300_100,900,100,0,200,300600,90301,100,2400000,720000,90200,30000,60200,30000,0,0,0,30200,384555,0.3846
swap_distribute_parallel_for_900_300_200,900,200,0,400,601200,180601,200,2640000,1440000,180400,60000,120400,60000,0,0,0,60400,388220,0.3882
swap_distribute_parallel_for_900_300_300,900,300,0,600,901800,270901,300,2880000,2160000,270600,90000,180600,90000,0,0,0,90600,402406,0.4024
swap_distribute_parallel_for_900_300_400,900,400,0,800,1202400,361201,400,3120000,2880000,360800,120000,240800,120000,0,0,0,120800,403234,0.4032
swap_distribute_parallel_for_900_300_500,900,500,0,1000,1503000,451501,500,3360000,3600000,451000,150000,301000,150000,0,0,0,151000,390248,0.3902
swap_distribute_parallel_for_900_300_600,900,600,0,1200,1803600,541801,600,3600000,4320000,541200,180000,361200,180000,0,0,0,181200,391415,0.3914
swap_distribute_parallel_for_900_300_700,900,700,0,1400,2104200,632101,700,3840000,5040000,631400,210000,421400,210000,0,0,0,211400,390858,0.3909
swap_distribute_parallel_for_900_300_800,900,800,0,1600,2404800,722401,800,4080000,5760000,721600,240000,481600,240000,0,0,0,241600,389523,0.3895
swap_distribute_parallel_for_900_300_900,900,900,0,1800,2705400,812701,900,4320000,6480000,811800,270000,541800,270000,0,0,0,271800,398231,0.3982
swap_distribute_parallel_for_900_3400_1400,900,1400,0,2800,47608400,14284201,1400,62560000,10080000,14282800,4760000,9522800,4760000,0,0,0,4762800,4895039,4.8950
swap_distribute_parallel_for_900_3400_1900,900,1900,0,3800,64611400,19385701,1900,76160000,13680000,19383800,6460000,12923800,6460000,0,0,0,6463800,4912548,4.9125
swap_distribute_parallel_for_900_3400_2400,900,2400,0,4800,81614400,24487201,2400,89760000,17280000,24484800,8160000,16324800,8160000,0,0,0,8164800,5076634,5.0766
swap_distribute_parallel_for_900_3400_2900,900,2900,0,5800,98617400,29588701,2900,103360000,20880000,29585800,9860000,19725800,9860000,0,0,0,9865800,4901215,4.9012
swap_distribute_parallel_for_900_3400_3400,900,3400,0,6800,115620400,34690201,3400,116960000,24480000,34686800,11560000,23126800,11560000,0,0,0,11566800,4945140,4.9451
swap_distribute_parallel_for_900_3400_3900,900,3900,0,7800,132623400,39791701,3900,130560000,28080000,39787800,13260000,26527800,13260000,0,0,0,13267800,5054666,5.0547
swap_distribute_parallel_for_900_3400_900,900,900,0,1800,30605400,9182701,900,48960000,6480000,9181800,3060000,6121800,3060000,0,0,0,3061800,4942327,4.9423
swap_distribute_parallel_for_900_3900_1400,900,1400,0,2800,54608400,16384201,1400,71760000,10080000,16382800,5460000,10922800,5460000,0,0,0,5462800,5563813,5.5638
swap_distribute_parallel_for_900_3900_1900,900,1900,0,3800,74111400,22235701,1900,87360000,13680000,22233800,7410000,14823800,7410000,0,0,0,7413800,5628171,5.6282
swap_distribute_parallel_for_900_3900_2400,900,2400,0,4800,93614400,28087201,2400,102960000,17280000,28084800,9360000,18724800,9360000,0,0,0,9364800,5589706,5.5897
swap_distribute_parallel_for_900_3900_2900,900,2900,0,5800,113117400,33938701,2900,118560000,20880000,33935800,11310000,22625800,11310000,0,0,0,11315800,5603558,5.6036
swap_distribute_parallel_for_900_3900_3400,900,3400,0,6800,132620400,39790201,3400,134160000,24480000,39786800,13260000,26526800,13260000,0,0,0,13266800,5698991,5.6990
swap_distribute_parallel_for_900_3900_3900,900,3900,0,7800,152123400,45641701,3900,149760000,28080000,45637800,15210000,30427800,15210000,0,0,0,15217800,5614225,5.6142
swap_distribute_parallel_for_900_3900_900,900,900,0,1800,35105400,10532701,900,56160000,6480000,10531800,3510000,7021800,3510000,0,0,0,3511800,5597281,5.5973
swap_distribute_parallel_for_900_400_100,900,100,0,200,400600,120301,100,3200000,720000,120200,40000,80200,40000,0,0,0,40200,518257,0.5183
swap_distribute_parallel_for_900_400_200,900,200,0,400,801200,240601,200,3520000,1440000,240400,80000,160400,80000,0,0,0,80400,525243,0.5252
swap_distribute_parallel_for_900_400_300,900,300,0,600,1201800,360901,300,3840000,2160000,360600,120000,240600,120000,0,0,0,120600,534070,0.5341
swap_distribute_parallel_for_900_400_400,900,400,0,800,1602400,481201,400,4160000,2880000,480800,160000,320800,160000,0,0,0,160800,596786,0.5968
swap_distribute_parallel_for_900_400_500,900,500,0,1000,2003000,601501,500,4480000,3600000,601000,200000,401000,200000,0,0,0,201000,521874,0.5219
swap_distribute_parallel_for_900_400_600,900,600,0,1200,2403600,721801,600,4800000,4320000,721200,240000,481200,240000,0,0,0,241200,523788,0.5238
swap_distribute_parallel_for_900_400_700,900,700,0,1400,2804200,842101,700,5120000,5040000,841400,280000,561400,280000,0,0,0,281400,518365,0.5184
swap_distribute_parallel_for_900_400_800,900,800,0,1600,3204800,962401,800,5440000,5760000,961600,320000,641600,320000,0,0,0,321600,519146,0.5191
swap_distribute_parallel_for_900_400_900,900,900,0,1800,3605400,1082701,900,5760000,6480000,1081800,360000,721800,360000,0,0,0,361800,525104,0.5251
swap_distribute_parallel_for_900_500_100,900,100,0,200,500600,150301,100,4000000,720000,150200,50000,100200,50000,0,0,0,50200,663848,0.6638
swap_distribute_parallel_for_900_500_200,900,200,0,400,1001200,300601,200,4400000,1440000,300400,100000,200400,100000,0,0,0,100400,672856,0.6729
swap_distribute_parallel_for_900_500_300,900,300,0,600,1501800,450901,300,4800000,2160000,450600,150000,300600,150000,0,0,0,150600,690989,0.6910
swap_distribute_parallel_for_900_500_400,900,400,0,800,2002400,601201,400,5200000,2880000,600800,200000,400800,200000,0,0,0,200800,689596,0.6896
swap_distribute_parallel_for_900_500_500,900,500,0,1000,2503000,751501,500,5600000,3600000,751000,250000,501000,250000,0,0,0,251000,668852,0.6689
swap_distribute_parallel_for_900_500_600,900,600,0,1200,3003600,901801,600,6000000,4320000,901200,300000,601200,300000,0,0,0,301200,650942,0.6509
swap_distribute_parallel_for_900_500_700,900,700,0,1400,3504200,1052101,700,6400000,5040000,1051400,350000,701400,350000,0,0,0,351400,647143,0.6471
swap_distribute_parallel_for_900_500_800,900,800,0,1600,4004800,1202401,800,6800000,5760000,1201600,400000,801600,400000,0,0,0,401600,645282,0.6453
swap_distribute_parallel_for_900_500_900,900,900,0,1800,4505400,1352701,900,7200000,6480000,1351800,450000,901800,450000,0,0,0,451800,647302,0.6473
swap_distribute_parallel_for_900_600_100,900,100,0,200,600600,180301,100,4800000,720000,180200,60000,120200,60000,0,0,0,60200,772735,0.7727
swap_distribute_parallel_for_900_600_200,900,200,0,400,1201200,360601,200,5280000,1440000,360400,120000,240400,120000,0,0,0,120400,772919,0.7729
swap_distribute_parallel_for_900_600_300,900,300,0,600,1801800,540901,300,5760000,2160000,540600,180000,360600,180000,0,0,0,180600,774590,0.7746
swap_distribute_parallel_for_900_600_400,900,400,0,800,2402400,721201,400,6240000,2880000,720800,240000,480800,240000,0,0,0,240800,786061,0.7861
swap_distribute_parallel_for_900_600_500,900,500,0,1000,3003000,901501,500,6720000,3600000,901000,300000,601000,300000,0,0,0,301000,785742,0.7857
swap_distribute_parallel_for_900_600_600,900,600,0,1200,3603600,1081801,600,7200000,4320000,1081200,360000,721200,360000,0,0,0,361200,774130,0.7741
swap_distribute_parallel_for_900_600_700,900,700,0,1400,4204200,1262101,700,7680000,5040000,1261400,420000,841400,420000,0,0,0,421400,781674,0.7817
swap_distribute_parallel_for_900_600_800,900,800,0,1600,4804800,1442401,800,8160000,5760000,1441600,480000,961600,480000,0,0,0,481600,780706,0.7807
swap_distribute_parallel_for_900_600_900,900,900,0,1800,5405400,1622701,900,8640000,6480000,1621800,540000,1081800,540000,0,0,0,541800,777001,0.7770
swap_distribute_parallel_for_900_700_100,900,100,0,200,700600,210301,100,5600000,720000,210200,70000,140200,70000,0,0,0,70200,915905,0.9159
swap_distribute_parallel_for_900_700_200,900,200,0,400,1401200,420601,200,6160000,1440000,420400,140000,280400,140000,0,0,0,140400,928046,0.9280
swap_distribute_parallel_for_900_700_300,900,300,0,600,2101800,630901,300,6720000,2160000,630600,210000,420600,210000,0,0,0,210600,910465,0.9105
swap_distribute_parallel_for_900_700_400,900,400,0,800,2802400,841201,400,7280000,2880000,840800,280000,560800,280000,0,0,0,280800,898941,0.8989
swap_distribute_parallel_for_900_700_500,900,500,0,1000,3503000,1051501,500,7840000,3600000,1051000,350000,701000,350000,0,0,0,351000,906300,0.9063
swap_distribute_parallel_for_900_700_600,900,600,0,1200,4203600,1261801,600,8400000,4320000,1261200,420000,841200,420000,0,0,0,421200,921558,0.9216
swap_distribute_parallel_for_900_700_700,900,700,0,1400,4904200,1472101,700,8960000,5040000,1471400,490000,981400,490000,0,0,0,491400,904683,0.9047
swap_distribute_parallel_for_900_700_800,900,800,0,1600,5604800,1682401,800,9520000,5760000,1681600,560000,1121600,560000,0,0,0,561600,936963,0.9370
swap_distribute_parallel_for_900_700_900,900,900,0,1800,6305400,1892701,900,10080000,6480000,1891800,630000,1261800,630000,0,0,0,631800,952561,0.9526
swap_distribute_parallel_for_900_800_100,900,100,0,200,800600,240301,100,6400000,720000,240200,80000,160200,80000,0,0,0,80200,1029476,1.0295
swap_distribute_parallel_for_900_800_200,900,200,0,400,1601200,480601,200,7040000,1440000,480400,160000,320400,160000,0,0,0,160400,1036889,1.0369
swap_distribute_parallel_for_900_800_300,900,300,0,600,2401800,720901,300,7680000,2160000,720600,240000,480600,240000,0,0,0,240600,1024477,1.0245
swap_distribute_parallel_for_900_800_400,900,400,0,800,3202400,961201,400,8320000,2880000,960800,320000,640800,320000,0,0,0,320800,1024419,1.0244
swap_distribute_parallel_for_900_800_500,900,500,0,1000,4003000,1201501,500,8960000,3600000,1201000,400000,801000,400000,0,0,0,401000,1046980,1.0470
swap_distribute_parallel_for_900_800_600,900,600,0,1200,4803600,1441801,600,9600000,4320000,1441200,480000,961200,480000,0,0,0,481200,1042496,1.0425
swap_distribute_parallel_for_900_800_700,900,700,0,1400,5604200,1682101,700,10240000,5040000,1681400,560000,1121400,560000,0,0,0,561400,1039985,1.0400
swap_distribute_parallel_for_900_800_800,900,800,0,1600,6404800,1922401,800,10880000,5760000,1921600,640000,1281600,640000,0,0,0,641600,1030753,1.0308
swap_distribute_parallel_for_900_800_900,900,900,0,1800,7205400,2162701,900,11520000,6480000,2161800,720000,1441800,720000,0,0,0,721800,1031760,1.0318
swap_distribute_parallel_for_900_900_100,900,100,0,200,900600,270301,100,7200000,720000,270200,90000,180200,90000,0,0,0,90200,1167902,1.1679
swap_distribute_parallel_for_900_900_1400,900,1400,0,2800,12608400,3784201,1400,16560000,10080000,3782800,1260000,2522800,1260000,0,0,0,1262800,1330833,1.3308
swap_distribute_parallel_for_900_900_1900,900,1900,0,3800,17111400,5135701,1900,20160000,13680000,5133800,1710000,3423800,1710000,0,0,0,1713800,1308514,1.3085
swap_distribute_parallel_for_900_900_200,900,200,0,400,1801200,540601,200,7920000,1440000,540400,180000,360400,180000,0,0,0,180400,1165456,1.1655
swap_distribute_parallel_for_900_900_2400,900,2400,0,4800,21614400,6487201,2400,23760000,17280000,6484800,2160000,4324800,2160000,0,0,0,2164800,1331286,1.3313
swap_distribute_parallel_for_900_900_2900,900,2900,0,5800,26117400,7838701,2900,27360000,20880000,7835800,2610000,5225800,2610000,0,0,0,2615800,1395406,1.3954
swap_distribute_parallel_for_900_900_300,900,300,0,600,2701800,810901,300,8640000,2160000,810600,270000,540600,270000,0,0,0,270600,1173865,1.1739
swap_distribute_parallel_for_900_900_3400,900,3400,0,6800,30620400,9190201,3400,30960000,24480000,9186800,3060000,6126800,3060000,0,0,0,3066800,1402859,1.4029
swap_distribute_parallel_for_900_900_3900,900,3900,0,7800,35123400,10541701,3900,34560000,28080000,10537800,3510000,7027800,3510000,0,0,0,3517800,1397106,1.3971
swap_distribute_parallel_for_900_900_400,900,400,0,800,3602400,1081201,400,9360000,2880000,1080800,360000,720800,360000,0,0,0,360800,1219051,1.2191
swap_distribute_parallel_for_900_900_500,900,500,0,1000,4503000,1351501,500,10080000,3600000,1351000,450000,901000,450000,0,0,0,451000,1184365,1.1844
swap_distribute_parallel_for_900_900_600,900,600,0,1200,5403600,1621801,600,10800000,4320000,1621200,540000,1081200,540000,0,0,0,541200,1160243,1.1602
swap_distribute_parallel_for_900_900_700,900,700,0,1400,6304200,1892101,700,11520000,5040000,1891400,630000,1261400,630000,0,0,0,631400,1174844,1.1748
swap_distribute_parallel_for_900_900_800,900,800,0,1600,7204800,2162401,800,12240000,5760000,2161600,720000,1441600,720000,0,0,0,721600,1179256,1.1793
swap_distribute_parallel_for_900_900_900,900,900,0,1800,8105400,2432701,900,12960000,6480000,2431800,810000,1621800,810000,0,0,0,811800,1257449,1.2574
