distribute_parallel_for_split_1000_1000_1000,1000,1000,0,2000,10006000,3003001,1000,16000000,8000000,3002000,1000000,2002000,1000000,0,0,0,1002000,53983,0.0540
distribute_parallel_for_split_1000_1000_1500,1000,1500,0,3000,15009000,4504501,1500,20000000,12000000,4503000,1500000,3003000,1500000,0,0,0,1503000,152988,0.1530
distribute_parallel_for_split_1000_1000_2000,1000,2000,0,4000,20012000,6006001,2000,24000000,16000000,6004000,2000000,4004000,2000000,0,0,0,2004000,97743,0.0977
distribute_parallel_for_split_1000_1000_2500,1000,2500,0,5000,25015000,7507501,2500,28000000,20000000,7505000,2500000,5005000,2500000,0,0,0,2505000,95577,0.0956
distribute_parallel_for_split_1000_1000_3000,1000,3000,0,6000,30018000,9009001,3000,32000000,24000000,9006000,3000000,6006000,3000000,0,0,0,3006000,169195,0.1692
distribute_parallel_for_split_1000_1000_3500,1000,3500,0,7000,35021000,10510501,3500,36000000,28000000,10507000,3500000,7007000,3500000,0,0,0,3507000,137365,0.1374
distribute_parallel_for_split_1000_1000_4000,1000,4000,0,8000,40024000,12012001,4000,40000000,32000000,12008000,4000000,8008000,4000000,0,0,0,4008000,177230,0.1772
distribute_parallel_for_split_1000_1500_1000,1000,1000,0,2000,15006000,4503001,1000,24000000,8000000,4502000,1500000,3002000,1500000,0,0,0,1502000,66535,0.0665
distribute_parallel_for_split_1000_1500_1500,1000,1500,0,3000,22509000,6754501,1500,30000000,12000000,6753000,2250000,4503000,2250000,0,0,0,2253000,90556,0.0906
distribute_parallel_for_split_1000_1500_2000,1000,2000,0,4000,30012000,9006001,2000,36000000,16000000,9004000,3000000,6004000,3000000,0,0,0,3004000,243166,0.2432
distribute_parallel_for_split_1000_1500_2500,1000,2500,0,5000,37515000,11257501,2500,42000000,20000000,11255000,3750000,7505000,3750000,0,0,0,3755000,152238,0.1522
distribute_parallel_for_split_1000_1500_3000,1000,3000,0,6000,45018000,13509001,3000,48000000,24000000,13506000,4500000,9006000,4500000,0,0,0,4506000,193596,0.1936
distribute_parallel_for_split_1000_1500_3500,1000,3500,0,7000,52521000,15760501,3500,54000000,28000000,15757000,5250000,10507000,5250000,0,0,0,5257000,261489,0.2615
distribute_parallel_for_split_1000_1500_4000,1000,4000,0,8000,60024000,18012001,4000,60000000,32000000,18008000,6000000,12008000,6000000,0,0,0,6008000,370499,0.3705
distribute_parallel_for_split_1000_2000_1000,1000,1000,0,2000,20006000,6003001,1000,32000000,8000000,6002000,2000000,4002000,2000000,0,0,0,2002000,191989,0.1920
distribute_parallel_for_split_1000_2000_1500,1000,1500,0,3000,30009000,9004501,1500,40000000,12000000,9003000,3000000,6003000,3000000,0,0,0,3003000,120816,0.1208
distribute_parallel_for_split_1000_2000_2000,1000,2000,0,4000,40012000,12006001,2000,48000000,16000000,12004000,4000000,8004000,4000000,0,0,0,4004000,282151,0.2822
distribute_parallel_for_split_1000_2000_2500,1000,2500,0,5000,50015000,15007501,2500,56000000,20000000,15005000,5000000,10005000,5000000,0,0,0,5005000,194476,0.1945
distribute_parallel_for_split_1000_2000_3000,1000,3000,0,6000,60018000,18009001,3000,64000000,24000000,18006000,6000000,12006000,6000000,0,0,0,6006000,262945,0.2629
distribute_parallel_for_split_1000_2000_3500,1000,3500,0,7000,70021000,21010501,3500,72000000,28000000,21007000,7000000,14007000,7000000,0,0,0,7007000,637093,0.6371
distribute_parallel_for_split_1000_2000_4000,1000,4000,0,8000,80024000,24012001,4000,80000000,32000000,24008000,8000000,16008000,8000000,0,0,0,8008000,545020,0.5450
distribute_parallel_for_split_1000_2500_1000,1000,1000,0,2000,25006000,7503001,1000,40000000,8000000,7502000,2500000,5002000,2500000,0,0,0,2502000,121189,0.1212
distribute_parallel_for_split_1000_2500_1500,1000,1500,0,3000,37509000,11254501,1500,50000000,12000000,11253000,3750000,7503000,3750000,0,0,0,3753000,161587,0.1616
distribute_parallel_for_split_1000_2500_2000,1000,2000,0,4000,50012000,15006001,2000,60000000,16000000,15004000,5000000,10004000,5000000,0,0,0,5004000,429306,0.4293
distribute_parallel_for_split_1000_2500_2500,1000,2500,0,5000,62515000,18757501,2500,70000000,20000000,18755000,6250000,12505000,6250000,0,0,0,6255000,260124,0.2601
distribute_parallel_for_split_1000_2500_3000,1000,3000,0,6000,75018000,22509001,3000,80000000,24000000,22506000,7500000,15006000,7500000,0,0,0,7506000,313560,0.3136
distribute_parallel_for_split_1000_2500_3500,1000,3500,0,7000,87521000,26260501,3500,90000000,28000000,26257000,8750000,17507000,8750000,0,0,0,8757000,456869,0.4569
distribute_parallel_for_split_1000_2500_4000,1000,4000,0,8000,100024000,30012001,4000,100000000,32000000,30008000,10000000,20008000,10000000,0,0,0,10008000,367603,0.3676
distribute_parallel_for_split_1000_3000_1000,1000,1000,0,2000,30006000,9003001,1000,48000000,8000000,9002000,3000000,6002000,3000000,0,0,0,3002000,220273,0.2203
distribute_parallel_for_split_1000_3000_1500,1000,1500,0,3000,45009000,13504501,1500,60000000,12000000,13503000,4500000,9003000,4500000,0,0,0,4503000,252625,0.2526
distribute_parallel_for_split_1000_3000_2000,1000,2000,0,4000,60012000,18006001,2000,72000000,16000000,18004000,6000000,12004000,6000000,0,0,0,6004000,319180,0.3192
distribute_parallel_for_split_1000_3000_2500,1000,2500,0,5000,75015000,22507501,2500,84000000,20000000,22505000,7500000,15005000,7500000,0,0,0,7505000,623112,0.6231
distribute_parallel_for_split_1000_3000_3000,1000,3000,0,6000,90018000,27009001,3000,96000000,24000000,27006000,9000000,18006000,9000000,0,0,0,9006000,427397,0.4274
distribute_parallel_for_split_1000_3000_3500,1000,3500,0,7000,105021000,31510501,3500,108000000,28000000,31507000,10500000,21007000,10500000,0,0,0,10507000,646435,0.6464
distribute_parallel_for_split_1000_3000_4000,1000,4000,0,8000,120024000,36012001,4000,120000000,32000000,36008000,12000000,24008000,12000000,0,0,0,12008000,519774,0.5198
distribute_parallel_for_split_1000_3500_1000,1000,1000,0,2000,35006000,10503001,1000,56000000,8000000,10502000,3500000,7002000,3500000,0,0,0,3502000,231571,0.2316
distribute_parallel_for_split_1000_3500_1500,1000,1500,0,3000,52509000,15754501,1500,70000000,12000000,15753000,5250000,10503000,5250000,0,0,0,5253000,217141,0.2171
distribute_parallel_for_split_1000_3500_2000,1000,2000,0,4000,70012000,21006001,2000,84000000,16000000,21004000,7000000,14004000,7000000,0,0,0,7004000,424595,0.4246
distribute_parallel_for_split_1000_3500_2500,1000,2500,0,5000,87515000,26257501,2500,98000000,20000000,26255000,8750000,17505000,8750000,0,0,0,8755000,467849,0.4678
distribute_parallel_for_split_1000_3500_3000,1000,3000,0,6000,105018000,31509001,3000,112000000,24000000,31506000,10500000,21006000,10500000,0,0,0,10506000,375573,0.3756
distribute_parallel_for_split_1000_3500_3500,1000,3500,0,7000,122521000,36760501,3500,126000000,28000000,36757000,12250000,24507000,12250000,0,0,0,12257000,923345,0.9233
distribute_parallel_for_split_1000_3500_4000,1000,4000,0,8000,140024000,42012001,4000,140000000,32000000,42008000,14000000,28008000,14000000,0,0,0,14008000,942068,0.9421
distribute_parallel_for_split_1000_4000_1000,1000,1000,0,2000,40006000,12003001,1000,64000000,8000000,12002000,4000000,8002000,4000000,0,0,0,4002000,400156,0.4002
distribute_parallel_for_split_1000_4000_1500,1000,1500,0,3000,60009000,18004501,1500,80000000,12000000,18003000,6000000,12003000,6000000,0,0,0,6003000,280353,0.2804
distribute_parallel_for_split_1000_4000_2000,1000,2000,0,4000,80012000,24006001,2000,96000000,16000000,24004000,8000000,16004000,8000000,0,0,0,8004000,323249,0.3232
distribute_parallel_for_split_1000_4000_2500,1000,2500,0,5000,100015000,30007501,2500,112000000,20000000,30005000,10000000,20005000,10000000,0,0,0,10005000,448338,0.4483
distribute_parallel_for_split_1000_4000_3000,1000,3000,0,6000,120018000,36009001,3000,128000000,24000000,36006000,12000000,24006000,12000000,0,0,0,12006000,439072,0.4391
distribute_parallel_for_split_1000_4000_3500,1000,3500,0,7000,140021000,42010501,3500,144000000,28000000,42007000,14000000,28007000,14000000,0,0,0,14007000,572433,0.5724
distribute_parallel_for_split_1000_4000_4000,1000,4000,0,8000,160024000,48012001,4000,160000000,32000000,48008000,16000000,32008000,16000000,0,0,0,16008000,1013622,1.0136
distribute_parallel_for_split_100_100_100,100,100,0,200,100600,30301,100,160000,80000,30200,10000,20200,10000,0,0,0,10200,14321,0.0143
distribute_parallel_for_split_100_100_200,100,200,0,400,201200,60601,200,240000,160000,60400,20000,40400,20000,0,0,0,20400,7798,0.0078
distribute_parallel_for_split_100_100_300,100,300,0,600,301800,90901,300,320000,240000,90600,30000,60600,30000,0,0,0,30600,3160,0.0032
distribute_parallel_for_split_100_100_400,100,400,0,800,402400,121201,400,400000,320000,120800,40000,80800,40000,0,0,0,40800,9381,0.0094
distribute_parallel_for_split_100_100_500,100,500,0,1000,503000,151501,500,480000,400000,151000,50000,101000,50000,0,0,0,51000,9323,0.0093
distribute_parallel_for_split_100_100_600,100,600,0,1200,603600,181801,600,560000,480000,181200,60000,121200,60000,0,0,0,61200,5728,0.0057
distribute_parallel_for_split_100_100_700,100,700,0,1400,704200,212101,700,640000,560000,211400,70000,141400,70000,0,0,0,71400,12226,0.0122
distribute_parallel_for_split_100_100_800,100,800,0,1600,804800,242401,800,720000,640000,241600,80000,161600,80000,0,0,0,81600,17833,0.0178
distribute_parallel_for_split_100_100_900,100,900,0,1800,905400,272701,900,800000,720000,271800,90000,181800,90000,0,0,0,91800,7841,0.0078
distribute_parallel_for_split_100_200_100,100,100,0,200,200600,60301,100,320000,80000,60200,20000,40200,20000,0,0,0,20200,6620,0.0066
distribute_parallel_for_split_100_200_200,100,200,0,400,401200,120601,200,480000,160000,120400,40000,80400,40000,0,0,0,40400,5628,0.0056
distribute_parallel_for_split_100_200_300,100,300,0,600,601800,180901,300,640000,240000,180600,60000,120600,60000,0,0,0,60600,21164,0.0212
distribute_parallel_for_split_100_200_400,100,400,0,800,802400,241201,400,800000,320000,240800,80000,160800,80000,0,0,0,80800,10397,0.0104
distribute_parallel_for_split_100_200_500,100,500,0,1000,1003000,301501,500,960000,400000,301000,100000,201000,100000,0,0,0,101000,7543,0.0075
distribute_parallel_for_split_100_200_600,100,600,0,1200,1203600,361801,600,1120000,480000,361200,120000,241200,120000,0,0,0,121200,7884,0.0079
distribute_parallel_for_split_100_200_700,100,700,0,1400,1404200,422101,700,1280000,560000,421400,140000,281400,140000,0,0,0,141400,12173,0.0122
distribute_parallel_for_split_100_200_800,100,800,0,1600,1604800,482401,800,1440000,640000,481600,160000,321600,160000,0,0,0,161600,8826,0.0088
distribute_parallel_for_split_100_200_900,100,900,0,1800,1805400,542701,900,1600000,720000,541800,180000,361800,180000,0,0,0,181800,17839,0.0178
distribute_parallel_for_split_100_300_100,100,100,0,200,300600,90301,100,480000,80000,90200,30000,60200,30000,0,0,0,30200,3756,0.0038
distribute_parallel_for_split_100_300_200,100,200,0,400,601200,180601,200,720000,160000,180400,60000,120400,60000,0,0,0,60400,4150,0.0042
distribute_parallel_for_split_100_300_300,100,300,0,600,901800,270901,300,960000,240000,270600,90000,180600,90000,0,0,0,90600,24871,0.0249
distribute_parallel_for_split_100_300_400,100,400,0,800,1202400,361201,400,1200000,320000,360800,120000,240800,120000,0,0,0,120800,7761,0.0078
distribute_parallel_for_split_100_300_500,100,500,0,1000,1503000,451501,500,1440000,400000,451000,150000,301000,150000,0,0,0,151000,5515,0.0055
distribute_parallel_for_split_100_300_600,100,600,0,1200,1803600,541801,600,1680000,480000,541200,180000,361200,180000,0,0,0,181200,6897,0.0069
distribute_parallel_for_split_100_300_700,100,700,0,1400,2104200,632101,700,1920000,560000,631400,210000,421400,210000,0,0,0,211400,7687,0.0077
distribute_parallel_for_split_100_300_800,100,800,0,1600,2404800,722401,800,2160000,640000,721600,240000,481600,240000,0,0,0,241600,48712,0.0487
distribute_parallel_for_split_100_300_900,100,900,0,1800,2705400,812701,900,2400000,720000,811800,270000,541800,270000,0,0,0,271800,25046,0.0250
distribute_parallel_for_split_100_400_100,100,100,0,200,400600,120301,100,640000,80000,120200,40000,80200,40000,0,0,0,40200,4175,0.0042
distribute_parallel_for_split_100_400_200,100,200,0,400,801200,240601,200,960000,160000,240400,80000,160400,80000,0,0,0,80400,5068,0.0051
distribute_parallel_for_split_100_400_300,100,300,0,600,1201800,360901,300,1280000,240000,360600,120000,240600,120000,0,0,0,120600,9909,0.0099
distribute_parallel_for_split_100_400_400,100,400,0,800,1602400,481201,400,1600000,320000,480800,160000,320800,160000,0,0,0,160800,15959,0.0160
distribute_parallel_for_split_100_400_500,100,500,0,1000,2003000,601501,500,1920000,400000,601000,200000,401000,200000,0,0,0,201000,46904,0.0469
distribute_parallel_for_split_100_400_600,100,600,0,1200,2403600,721801,600,2240000,480000,721200,240000,481200,240000,0,0,0,241200,10106,0.0101
distribute_parallel_for_split_100_400_700,100,700,0,1400,2804200,842101,700,2560000,560000,841400,280000,561400,280000,0,0,0,281400,11650,0.0117
distribute_parallel_for_split_100_400_800,100,800,0,1600,3204800,962401,800,2880000,640000,961600,320000,641600,320000,0,0,0,321600,56888,0.0569
distribute_parallel_for_split_100_400_900,100,900,0,1800,3605400,1082701,900,3200000,720000,1081800,360000,721800,360000,0,0,0,361800,10017,0.0100
distribute_parallel_for_split_100_500_100,100,100,0,200,500600,150301,100,800000,80000,150200,50000,100200,50000,0,0,0,50200,32431,0.0324
distribute_parallel_for_split_100_500_200,100,200,0,400,1001200,300601,200,1200000,160000,300400,100000,200400,100000,0,0,0,100400,5989,0.0060
distribute_parallel_for_split_100_500_300,100,300,0,600,1501800,450901,300,1600000,240000,450600,150000,300600,150000,0,0,0,150600,24066,0.0241
distribute_parallel_for_split_100_500_400,100,400,0,800,2002400,601201,400,2000000,320000,600800,200000,400800,200000,0,0,0,200800,44225,0.0442
distribute_parallel_for_split_100_500_500,100,500,0,1000,2503000,751501,500,2400000,400000,751000,250000,501000,250000,0,0,0,251000,11750,0.0118
distribute_parallel_for_split_100_500_600,100,600,0,1200,3003600,901801,600,2800000,480000,901200,300000,601200,300000,0,0,0,301200,9386,0.0094
distribute_parallel_for_split_100_500_700,100,700,0,1400,3504200,1052101,700,3200000,560000,1051400,350000,701400,350000,0,0,0,351400,11530,0.0115
distribute_parallel_for_split_100_500_800,100,800,0,1600,4004800,1202401,800,3600000,640000,1201600,400000,801600,400000,0,0,0,401600,20318,0.0203
distribute_parallel_for_split_100_500_900,100,900,0,1800,4505400,1352701,900,4000000,720000,1351800,450000,901800,450000,0,0,0,451800,14924,0.0149
distribute_parallel_for_split_100_600_100,100,100,0,200,600600,180301,100,960000,80000,180200,60000,120200,60000,0,0,0,60200,5369,0.0054
distribute_parallel_for_split_100_600_200,100,200,0,400,1201200,360601,200,1440000,160000,360400,120000,240400,120000,0,0,0,120400,5980,0.0060
distribute_parallel_for_split_100_600_300,100,300,0,600,1801800,540901,300,1920000,240000,540600,180000,360600,180000,0,0,0,180600,27310,0.0273
distribute_parallel_for_split_100_600_400,100,400,0,800,2402400,721201,400,2400000,320000,720800,240000,480800,240000,0,0,0,240800,43589,0.0436
distribute_parallel_for_split_100_600_500,100,500,0,1000,3003000,901501,500,2880000,400000,901000,300000,601000,300000,0,0,0,301000,50193,0.0502
distribute_parallel_for_split_100_600_600,100,600,0,1200,3603600,1081801,600,3360000,480000,1081200,360000,721200,360000,0,0,0,361200,11017,0.0110
distribute_parallel_for_split_100_600_700,100,700,0,1400,4204200,1262101,700,3840000,560000,1261400,420000,841400,420000,0,0,0,421400,13547,0.0135
distribute_parallel_for_split_100_600_800,100,800,0,1600,4804800,1442401,800,4320000,640000,1441600,480000,961600,480000,0,0,0,481600,88350,0.0883
distribute_parallel_for_split_100_600_900,100,900,0,1800,5405400,1622701,900,4800000,720000,1621800,540000,1081800,540000,0,0,0,541800,70284,0.0703
distribute_parallel_for_split_100_700_100,100,100,0,200,700600,210301,100,1120000,80000,210200,70000,140200,70000,0,0,0,70200,6060,0.0061
distribute_parallel_for_split_100_700_200,100,200,0,400,1401200,420601,200,1680000,160000,420400,140000,280400,140000,0,0,0,140400,6705,0.0067
distribute_parallel_for_split_100_700_300,100,300,0,600,2101800,630901,300,2240000,240000,630600,210000,420600,210000,0,0,0,210600,16420,0.0164
distribute_parallel_for_split_100_700_400,100,400,0,800,2802400,841201,400,2800000,320000,840800,280000,560800,280000,0,0,0,280800,25942,0.0259
distribute_parallel_for_split_100_700_500,100,500,0,1000,3503000,1051501,500,3360000,400000,1051000,350000,701000,350000,0,0,0,351000,25674,0.0257
distribute_parallel_for_split_100_700_600,100,600,0,1200,4203600,1261801,600,3920000,480000,1261200,420000,841200,420000,0,0,0,421200,13681,0.0137
distribute_parallel_for_split_100_700_700,100,700,0,1400,4904200,1472101,700,4480000,560000,1471400,490000,981400,490000,0,0,0,491400,21776,0.0218
distribute_parallel_for_split_100_700_800,100,800,0,1600,5604800,1682401,800,5040000,640000,1681600,560000,1121600,560000,0,0,0,561600,67061,0.0671
distribute_parallel_for_split_100_700_900,100,900,0,1800,6305400,1892701,900,5600000,720000,1891800,630000,1261800,630000,0,0,0,631800,67195,0.0672
distribute_parallel_for_split_100_800_100,100,100,0,200,800600,240301,100,1280000,80000,240200,80000,160200,80000,0,0,0,80200,8975,0.0090
distribute_parallel_for_split_100_800_200,100,200,0,400,1601200,480601,200,1920000,160000,480400,160000,320400,160000,0,0,0,160400,6214,0.0062
distribute_parallel_for_split_100_800_300,100,300,0,600,2401800,720901,300,2560000,240000,720600,240000,480600,240000,0,0,0,240600,28815,0.0288
distribute_parallel_for_split_100_800_400,100,400,0,800,3202400,961201,400,3200000,320000,960800,320000,640800,320000,0,0,0,320800,29969,0.0300
distribute_parallel_for_split_100_800_500,100,500,0,1000,4003000,1201501,500,3840000,400000,1201000,400000,801000,400000,0,0,0,401000,24533,0.0245
distribute_parallel_for_split_100_800_600,100,600,0,1200,4803600,1441801,600,4480000,480000,1441200,480000,961200,480000,0,0,0,481200,13907,0.0139
distribute_parallel_for_split_100_800_700,100,700,0,1400,5604200,1682101,700,5120000,560000,1681400,560000,1121400,560000,0,0,0,561400,17229,0.0172
distribute_parallel_for_split_100_800_800,100,800,0,1600,6404800,1922401,800,5760000,640000,1921600,640000,1281600,640000,0,0,0,641600,28957,0.0290
distribute_parallel_for_split_100_800_900,100,900,0,1800,7205400,2162701,900,6400000,720000,2161800,720000,1441800,720000,0,0,0,721800,46513,0.0465
distribute_parallel_for_split_100_900_100,100,100,0,200,900600,270301,100,1440000,80000,270200,90000,180200,90000,0,0,0,90200,13717,0.0137
distribute_parallel_for_split_100_900_200,100,200,0,400,1801200,540601,200,2160000,160000,540400,180000,360400,180000,0,0,0,180400,10090,0.0101
distribute_parallel_for_split_100_900_300,100,300,0,600,2701800,810901,300,2880000,240000,810600,270000,540600,270000,0,0,0,270600,10046,0.0100
distribute_parallel_for_split_100_900_400,100,400,0,800,3602400,1081201,400,3600000,320000,1080800,360000,720800,360000,0,0,0,360800,38726,0.0387
distribute_parallel_for_split_100_900_500,100,500,0,1000,4503000,1351501,500,4320000,400000,1351000,450000,901000,450000,0,0,0,451000,14104,0.0141
distribute_parallel_for_split_100_900_600,100,600,0,1200,5403600,1621801,600,5040000,480000,1621200,540000,1081200,540000,0,0,0,541200,19396,0.0194
distribute_parallel_for_split_100_900_700,100,700,0,1400,6304200,1892101,700,5760000,560000,1891400,630000,1261400,630000,0,0,0,631400,24422,0.0244
distribute_parallel_for_split_100_900_800,100,800,0,1600,7204800,2162401,800,6480000,640000,2161600,720000,1441600,720000,0,0,0,721600,58774,0.0588
distribute_parallel_for_split_100_900_900,100,900,0,1800,8105400,2432701,900,7200000,720000,2431800,810000,1621800,810000,0,0,0,811800,36391,0.0364
distribute_parallel_for_split_1050_1050_1050,1050,1050,0,2100,11031300,3310651,1050,17640000,8820000,3309600,1102500,2207100,1102500,0,0,0,1104600,49329,0.0493
distribute_parallel_for_split_1050_1050_1100,1050,1100,0,2200,11556600,3468301,1100,18060000,9240000,3467200,1155000,2312200,1155000,0,0,0,1157200,89739,0.0897
distribute_parallel_for_split_1050_1050_1150,1050,1150,0,2300,12081900,3625951,1150,18480000,9660000,3624800,1207500,2417300,1207500,0,0,0,1209800,65892,0.0659
distribute_parallel_for_split_1050_1050_1200,1050,1200,0,2400,12607200,3783601,1200,18900000,10080000,3782400,1260000,2522400,1260000,0,0,0,1262400,99881,0.0999
distribute_parallel_for_split_1050_1050_1250,1050,1250,0,2500,13132500,3941251,1250,19320000,10500000,3940000,1312500,2627500,1312500,0,0,0,1315000,56863,0.0569
distribute_parallel_for_split_1050_1050_1300,1050,1300,0,2600,13657800,4098901,1300,19740000,10920000,4097600,1365000,2732600,1365000,0,0,0,1367600,66610,0.0666
distribute_parallel_for_split_1050_1050_1350,1050,1350,0,2700,14183100,4256551,1350,20160000,11340000,4255200,1417500,2837700,1417500,0,0,0,1420200,119961,0.1200
distribute_parallel_for_split_1050_1050_1400,1050,1400,0,2800,14708400,4414201,1400,20580000,11760000,4412800,1470000,2942800,1470000,0,0,0,1472800,151345,0.1513
distribute_parallel_for_split_1050_1050_1450,1050,1450,0,2900,15233700,4571851,1450,21000000,12180000,4570400,1522500,3047900,1522500,0,0,0,1525400,73316,0.0733
distribute_parallel_for_split_1050_1050_1500,1050,1500,0,3000,15759000,4729501,1500,21420000,12600000,4728000,1575000,3153000,1575000,0,0,0,1578000,70969,0.0710
distribute_parallel_for_split_1050_1050_1550,1050,1550,0,3100,16284300,4887151,1550,21840000,13020000,4885600,1627500,3258100,1627500,0,0,0,1630600,65997,0.0660
distribute_parallel_for_split_1050_1050_1600,1050,1600,0,3200,16809600,5044801,1600,22260000,13440000,5043200,1680000,3363200,1680000,0,0,0,1683200,166111,0.1661
distribute_parallel_for_split_1050_1050_1650,1050,1650,0,3300,17334900,5202451,1650,22680000,13860000,5200800,1732500,3468300,1732500,0,0,0,1735800,102945,0.1029
distribute_parallel_for_split_1050_1050_1700,1050,1700,0,3400,17860200,5360101,1700,23100000,14280000,5358400,1785000,3573400,1785000,0,0,0,1788400,158496,0.1585
distribute_parallel_for_split_1050_1050_1750,1050,1750,0,3500,18385500,5517751,1750,23520000,14700000,5516000,1837500,3678500,1837500,0,0,0,1841000,161585,0.1616
distribute_parallel_for_split_1050_1050_1800,1050,1800,0,3600,18910800,5675401,1800,23940000,15120000,5673600,1890000,3783600,1890000,0,0,0,1893600,105660,0.1057
distribute_parallel_for_split_1050_1050_1850,1050,1850,0,3700,19436100,5833051,1850,24360000,15540000,5831200,1942500,3888700,1942500,0,0,0,1946200,84266,0.0843
distribute_parallel_for_split_1050_1050_1900,1050,1900,0,3800,19961400,5990701,1900,24780000,15960000,5988800,1995000,3993800,1995000,0,0,0,1998800,81276,0.0813
distribute_parallel_for_split_1050_1050_1950,1050,1950,0,3900,20486700,6148351,1950,25200000,16380000,6146400,2047500,4098900,2047500,0,0,0,2051400,85709,0.0857
distribute_parallel_for_split_1050_1050_2000,1050,2000,0,4000,21012000,6306001,2000,25620000,16800000,6304000,2100000,4204000,2100000,0,0,0,2104000,81350,0.0814
distribute_parallel_for_split_1050_1100_1050,1050,1050,0,2100,11556300,3468151,1050,18480000,8820000,3467100,1155000,2312100,1155000,0,0,0,1157100,49642,0.0496
distribute_parallel_for_split_1050_1100_1100,1050,1100,0,2200,12106600,3633301,1100,18920000,9240000,3632200,1210000,2422200,1210000,0,0,0,1212200,58930,0.0589
distribute_parallel_for_split_1050_1100_1150,1050,1150,0,2300,12656900,3798451,1150,19360000,9660000,3797300,1265000,2532300,1265000,0,0,0,1267300,118010,0.1180
distribute_parallel_for_split_1050_1100_1200,1050,1200,0,2400,13207200,3963601,1200,19800000,10080000,3962400,1320000,2642400,1320000,0,0,0,1322400,80668,0.0807
distribute_parallel_for_split_1050_1100_1250,1050,1250,0,2500,13757500,4128751,1250,20240000,10500000,4127500,1375000,2752500,1375000,0,0,0,1377500,60858,0.0609
distribute_parallel_for_split_1050_1100_1300,1050,1300,0,2600,14307800,4293901,1300,20680000,10920000,4292600,1430000,2862600,1430000,0,0,0,1432600,59121,0.0591
distribute_parallel_for_split_1050_1100_1350,1050,1350,0,2700,14858100,4459051,1350,21120000,11340000,4457700,1485000,2972700,1485000,0,0,0,1487700,74647,0.0746
distribute_parallel_for_split_1050_1100_1400,1050,1400,0,2800,15408400,4624201,1400,21560000,11760000,4622800,1540000,3082800,1540000,0,0,0,1542800,73424,0.0734
distribute_parallel_for_split_1050_1100_1450,1050,1450,0,2900,15958700,4789351,1450,22000000,12180000,4787900,1595000,3192900,1595000,0,0,0,1597900,142351,0.1424
distribute_parallel_for_split_1050_1100_1500,1050,1500,0,3000,16509000,4954501,1500,22440000,12600000,4953000,1650000,3303000,1650000,0,0,0,1653000,66464,0.0665
distribute_parallel_for_split_1050_1100_1550,1050,1550,0,3100,17059300,5119651,1550,22880000,13020000,5118100,1705000,3413100,1705000,0,0,0,1708100,136609,0.1366
distribute_parallel_for_split_1050_1100_1600,1050,1600,0,3200,17609600,5284801,1600,23320000,13440000,5283200,1760000,3523200,1760000,0,0,0,1763200,142720,0.1427
distribute_parallel_for_split_1050_1100_1650,1050,1650,0,3300,18159900,5449951,1650,23760000,13860000,5448300,1815000,3633300,1815000,0,0,0,1818300,158577,0.1586
distribute_parallel_for_split_1050_1100_1700,1050,1700,0,3400,18710200,5615101,1700,24200000,14280000,5613400,1870000,3743400,1870000,0,0,0,1873400,111732,0.1117
distribute_parallel_for_split_1050_1100_1750,1050,1750,0,3500,19260500,5780251,1750,24640000,14700000,5778500,1925000,3853500,1925000,0,0,0,1928500,137524,0.1375
distribute_parallel_for_split_1050_1100_1800,1050,1800,0,3600,19810800,5945401,1800,25080000,15120000,5943600,1980000,3963600,1980000,0,0,0,1983600,171683,0.1717
distribute_parallel_for_split_1050_1100_1850,1050,1850,0,3700,20361100,6110551,1850,25520000,15540000,6108700,2035000,4073700,2035000,0,0,0,2038700,123098,0.1231
distribute_parallel_for_split_1050_1100_1900,1050,1900,0,3800,20911400,6275701,1900,25960000,15960000,6273800,2090000,4183800,2090000,0,0,0,2093800,102162,0.1022
distribute_parallel_for_split_1050_1100_1950,1050,1950,0,3900,21461700,6440851,1950,26400000,16380000,6438900,2145000,4293900,2145000,0,0,0,2148900,133380,0.1334
distribute_parallel_for_split_1050_1100_2000,1050,2000,0,4000,22012000,6606001,2000,26840000,16800000,6604000,2200000,4404000,2200000,0,0,0,2204000,96772,0.0968
distribute_parallel_for_split_1050_1150_1050,1050,1050,0,2100,12081300,3625651,1050,19320000,8820000,3624600,1207500,2417100,1207500,0,0,0,1209600,78754,0.0788
distribute_parallel_for_split_1050_1150_1100,1050,1100,0,2200,12656600,3798301,1100,19780000,9240000,3797200,1265000,2532200,1265000,0,0,0,1267200,71332,0.0713
distribute_parallel_for_split_1050_1150_1150,1050,1150,0,2300,13231900,3970951,1150,20240000,9660000,3969800,1322500,2647300,1322500,0,0,0,1324800,61060,0.0611
distribute_parallel_for_split_1050_1150_1200,1050,1200,0,2400,13807200,4143601,1200,20700000,10080000,4142400,1380000,2762400,1380000,0,0,0,1382400,63837,0.0638
distribute_parallel_for_split_1050_1150_1250,1050,1250,0,2500,14382500,4316251,1250,21160000,10500000,4315000,1437500,2877500,1437500,0,0,0,1440000,87546,0.0875
distribute_parallel_for_split_1050_1150_1300,1050,1300,0,2600,14957800,4488901,1300,21620000,10920000,4487600,1495000,2992600,1495000,0,0,0,1497600,114210,0.1142
distribute_parallel_for_split_1050_1150_1350,1050,1350,0,2700,15533100,4661551,1350,22080000,11340000,4660200,1552500,3107700,1552500,0,0,0,1555200,92939,0.0929
distribute_parallel_for_split_1050_1150_1400,1050,1400,0,2800,16108400,4834201,1400,22540000,11760000,4832800,1610000,3222800,1610000,0,0,0,1612800,143429,0.1434
distribute_parallel_for_split_1050_1150_1450,1050,1450,0,2900,16683700,5006851,1450,23000000,12180000,5005400,1667500,3337900,1667500,0,0,0,1670400,81992,0.0820
distribute_parallel_for_split_1050_1150_1500,1050,1500,0,3000,17259000,5179501,1500,23460000,12600000,5178000,1725000,3453000,1725000,0,0,0,1728000,134083,0.1341
distribute_parallel_for_split_1050_1150_1550,1050,1550,0,3100,17834300,5352151,1550,23920000,13020000,5350600,1782500,3568100,1782500,0,0,0,1785600,97281,0.0973
distribute_parallel_for_split_1050_1150_1600,1050,1600,0,3200,18409600,5524801,1600,24380000,13440000,5523200,1840000,3683200,1840000,0,0,0,1843200,119001,0.1190
distribute_parallel_for_split_1050_1150_1650,1050,1650,0,3300,18984900,5697451,1650,24840000,13860000,5695800,1897500,3798300,1897500,0,0,0,1900800,105850,0.1058
distribute_parallel_for_split_1050_1150_1700,1050,1700,0,3400,19560200,5870101,1700,25300000,14280000,5868400,1955000,3913400,1955000,0,0,0,1958400,88069,0.0881
distribute_parallel_for_split_1050_1150_1750,1050,1750,0,3500,20135500,6042751,1750,25760000,14700000,6041000,2012500,4028500,2012500,0,0,0,2016000,100032,0.1000
distribute_parallel_for_split_1050_1150_1800,1050,1800,0,3600,20710800,6215401,1800,26220000,15120000,6213600,2070000,4143600,2070000,0,0,0,2073600,205666,0.2057
distribute_parallel_for_split_1050_1150_1850,1050,1850,0,3700,21286100,6388051,1850,26680000,15540000,6386200,2127500,4258700,2127500,0,0,0,2131200,83322,0.0833
distribute_parallel_for_split_1050_1150_1900,1050,1900,0,3800,21861400,6560701,1900,27140000,15960000,6558800,2185000,4373800,2185000,0,0,0,2188800,105194,0.1052
distribute_parallel_for_split_1050_1150_1950,1050,1950,0,3900,22436700,6733351,1950,27600000,16380000,6731400,2242500,4488900,2242500,0,0,0,2246400,123965,0.1240
distribute_parallel_for_split_1050_1150_2000,1050,2000,0,4000,23012000,6906001,2000,28060000,16800000,6904000,2300000,4604000,2300000,0,0,0,2304000,97165,0.0972
distribute_parallel_for_split_1050_1200_1050,1050,1050,0,2100,12606300,3783151,1050,20160000,8820000,3782100,1260000,2522100,1260000,0,0,0,1262100,171220,0.1712
distribute_parallel_for_split_1050_1200_1100,1050,1100,0,2200,13206600,3963301,1100,20640000,9240000,3962200,1320000,2642200,1320000,0,0,0,1322200,90596,0.0906
distribute_parallel_for_split_1050_1200_1150,1050,1150,0,2300,13806900,4143451,1150,21120000,9660000,4142300,1380000,2762300,1380000,0,0,0,1382300,166620,0.1666
distribute_parallel_for_split_1050_1200_1200,1050,1200,0,2400,14407200,4323601,1200,21600000,10080000,4322400,1440000,2882400,1440000,0,0,0,1442400,79787,0.0798
distribute_parallel_for_split_1050_1200_1250,1050,1250,0,2500,15007500,4503751,1250,22080000,10500000,4502500,1500000,3002500,1500000,0,0,0,1502500,120326,0.1203
distribute_parallel_for_split_1050_1200_1300,1050,1300,0,2600,15607800,4683901,1300,22560000,10920000,4682600,1560000,3122600,1560000,0,0,0,1562600,91618,0.0916
distribute_parallel_for_split_1050_1200_1350,1050,1350,0,2700,16208100,4864051,1350,23040000,11340000,4862700,1620000,3242700,1620000,0,0,0,1622700,77093,0.0771
distribute_parallel_for_split_1050_1200_1400,1050,1400,0,2800,16808400,5044201,1400,23520000,11760000,5042800,1680000,3362800,1680000,0,0,0,1682800,67833,0.0678
distribute_parallel_for_split_1050_1200_1450,1050,1450,0,2900,17408700,5224351,1450,24000000,12180000,5222900,1740000,3482900,1740000,0,0,0,1742900,85078,0.0851
distribute_parallel_for_split_1050_1200_1500,1050,1500,0,3000,18009000,5404501,1500,24480000,12600000,5403000,1800000,3603000,1800000,0,0,0,1803000,117033,0.1170
distribute_parallel_for_split_1050_1200_1550,1050,1550,0,3100,18609300,5584651,1550,24960000,13020000,5583100,1860000,3723100,1860000,0,0,0,1863100,151344,0.1513
distribute_parallel_for_split_1050_1200_1600,1050,1600,0,3200,19209600,5764801,1600,25440000,13440000,5763200,1920000,3843200,1920000,0,0,0,1923200,205684,0.2057
distribute_parallel_for_split_1050_1200_1650,1050,1650,0,3300,19809900,5944951,1650,25920000,13860000,5943300,1980000,3963300,1980000,0,0,0,1983300,186354,0.1864
distribute_parallel_for_split_1050_1200_1700,1050,1700,0,3400,20410200,6125101,1700,26400000,14280000,6123400,2040000,4083400,2040000,0,0,0,2043400,80087,0.0801
distribute_parallel_for_split_1050_1200_1750,1050,1750,0,3500,21010500,6305251,1750,26880000,14700000,6303500,2100000,4203500,2100000,0,0,0,2103500,136635,0.1366
distribute_parallel_for_split_1050_1200_1800,1050,1800,0,3600,21610800,6485401,1800,27360000,15120000,6483600,2160000,4323600,2160000,0,0,0,2163600,96877,0.0969
distribute_parallel_for_split_1050_1200_1850,1050,1850,0,3700,22211100,6665551,1850,27840000,15540000,6663700,2220000,4443700,2220000,0,0,0,2223700,108064,0.1081
distribute_parallel_for_split_1050_1200_1900,1050,1900,0,3800,22811400,6845701,1900,28320000,15960000,6843800,2280000,4563800,2280000,0,0,0,2283800,211111,0.2111
distribute_parallel_for_split_1050_1200_1950,1050,1950,0,3900,23411700,7025851,1950,28800000,16380000,7023900,2340000,4683900,2340000,0,0,0,2343900,123064,0.1231
distribute_parallel_for_split_1050_1200_2000,1050,2000,0,4000,24012000,7206001,2000,29280000,16800000,7204000,2400000,4804000,2400000,0,0,0,2404000,177914,0.1779
distribute_parallel_for_split_1050_1250_1050,1050,1050,0,2100,13131300,3940651,1050,21000000,8820000,3939600,1312500,2627100,1312500,0,0,0,1314600,123476,0.1235
distribute_parallel_for_split_1050_1250_1100,1050,1100,0,2200,13756600,4128301,1100,21500000,9240000,4127200,1375000,2752200,1375000,0,0,0,1377200,63049,0.0630
distribute_parallel_for_split_1050_1250_1150,1050,1150,0,2300,14381900,4315951,1150,22000000,9660000,4314800,1437500,2877300,1437500,0,0,0,1439800,103784,0.1038
distribute_parallel_for_split_1050_1250_1200,1050,1200,0,2400,15007200,4503601,1200,22500000,10080000,4502400,1500000,3002400,1500000,0,0,0,1502400,157271,0.1573
distribute_parallel_for_split_1050_1250_1250,1050,1250,0,2500,15632500,4691251,1250,23000000,10500000,4690000,1562500,3127500,1562500,0,0,0,1565000,112770,0.1128
distribute_parallel_for_split_1050_1250_1300,1050,1300,0,2600,16257800,4878901,1300,23500000,10920000,4877600,1625000,3252600,1625000,0,0,0,1627600,129465,0.1295
distribute_parallel_for_split_1050_1250_1350,1050,1350,0,2700,16883100,5066551,1350,24000000,11340000,5065200,1687500,3377700,1687500,0,0,0,1690200,89097,0.0891
distribute_parallel_for_split_1050_1250_1400,1050,1400,0,2800,17508400,5254201,1400,24500000,11760000,5252800,1750000,3502800,1750000,0,0,0,1752800,77122,0.0771
distribute_parallel_for_split_1050_1250_1450,1050,1450,0,2900,18133700,5441851,1450,25000000,12180000,5440400,1812500,3627900,1812500,0,0,0,1815400,143076,0.1431
distribute_parallel_for_split_1050_1250_1500,1050,1500,0,3000,18759000,5629501,1500,25500000,12600000,5628000,1875000,3753000,1875000,0,0,0,1878000,151260,0.1513
distribute_parallel_for_split_1050_1250_1550,1050,1550,0,3100,19384300,5817151,1550,26000000,13020000,5815600,1937500,3878100,1937500,0,0,0,1940600,81757,0.0818
distribute_parallel_for_split_1050_1250_1600,1050,1600,0,3200,20009600,6004801,1600,26500000,13440000,6003200,2000000,4003200,2000000,0,0,0,2003200,85831,0.0858
distribute_parallel_for_split_1050_1250_1650,1050,1650,0,3300,20634900,6192451,1650,27000000,13860000,6190800,2062500,4128300,2062500,0,0,0,2065800,113318,0.1133
distribute_parallel_for_split_1050_1250_1700,1050,1700,0,3400,21260200,6380101,1700,27500000,14280000,6378400,2125000,4253400,2125000,0,0,0,2128400,248487,0.2485
distribute_parallel_for_split_1050_1250_1750,1050,1750,0,3500,21885500,6567751,1750,28000000,14700000,6566000,2187500,4378500,2187500,0,0,0,2191000,130341,0.1303
distribute_parallel_for_split_1050_1250_1800,1050,1800,0,3600,22510800,6755401,1800,28500000,15120000,6753600,2250000,4503600,2250000,0,0,0,2253600,86763,0.0868
distribute_parallel_for_split_1050_1250_1850,1050,1850,0,3700,23136100,6943051,1850,29000000,15540000,6941200,2312500,4628700,2312500,0,0,0,2316200,198839,0.1988
distribute_parallel_for_split_1050_1250_1900,1050,1900,0,3800,23761400,7130701,1900,29500000,15960000,7128800,2375000,4753800,2375000,0,0,0,2378800,89866,0.0899
distribute_parallel_for_split_1050_1250_1950,1050,1950,0,3900,24386700,7318351,1950,30000000,16380000,7316400,2437500,4878900,2437500,0,0,0,2441400,171486,0.1715
distribute_parallel_for_split_1050_1250_2000,1050,2000,0,4000,25012000,7506001,2000,30500000,16800000,7504000,2500000,5004000,2500000,0,0,0,2504000,167091,0.1671
distribute_parallel_for_split_1050_1300_1050,1050,1050,0,2100,13656300,4098151,1050,21840000,8820000,4097100,1365000,2732100,1365000,0,0,0,1367100,163636,0.1636
distribute_parallel_for_split_1050_1300_1100,1050,1100,0,2200,14306600,4293301,1100,22360000,9240000,4292200,1430000,2862200,1430000,0,0,0,1432200,85845,0.0858
distribute_parallel_for_split_1050_1300_1150,1050,1150,0,2300,14956900,4488451,1150,22880000,9660000,4487300,1495000,2992300,1495000,0,0,0,1497300,180048,0.1800
distribute_parallel_for_split_1050_1300_1200,1050,1200,0,2400,15607200,4683601,1200,23400000,10080000,4682400,1560000,3122400,1560000,0,0,0,1562400,79531,0.0795
distribute_parallel_for_split_1050_1300_1250,1050,1250,0,2500,16257500,4878751,1250,23920000,10500000,4877500,1625000,3252500,1625000,0,0,0,1627500,111808,0.1118
distribute_parallel_for_split_1050_1300_1300,1050,1300,0,2600,16907800,5073901,1300,24440000,10920000,5072600,1690000,3382600,1690000,0,0,0,1692600,114282,0.1143
distribute_parallel_for_split_1050_1300_1350,1050,1350,0,2700,17558100,5269051,1350,24960000,11340000,5267700,1755000,3512700,1755000,0,0,0,1757700,110370,0.1104
distribute_parallel_for_split_1050_1300_1400,1050,1400,0,2800,18208400,5464201,1400,25480000,11760000,5462800,1820000,3642800,1820000,0,0,0,1822800,156653,0.1567
distribute_parallel_for_split_1050_1300_1450,1050,1450,0,2900,18858700,5659351,1450,26000000,12180000,5657900,1885000,3772900,1885000,0,0,0,1887900,110905,0.1109
distribute_parallel_for_split_1050_1300_1500,1050,1500,0,3000,19509000,5854501,1500,26520000,12600000,5853000,1950000,3903000,1950000,0,0,0,1953000,84769,0.0848
distribute_parallel_for_split_1050_1300_1550,1050,1550,0,3100,20159300,6049651,1550,27040000,13020000,6048100,2015000,4033100,2015000,0,0,0,2018100,92776,0.0928
distribute_parallel_for_split_1050_1300_1600,1050,1600,0,3200,20809600,6244801,1600,27560000,13440000,6243200,2080000,4163200,2080000,0,0,0,2083200,135963,0.1360
distribute_parallel_for_split_1050_1300_1650,1050,1650,0,3300,21459900,6439951,1650,28080000,13860000,6438300,2145000,4293300,2145000,0,0,0,2148300,130954,0.1310
distribute_parallel_for_split_1050_1300_1700,1050,1700,0,3400,22110200,6635101,1700,28600000,14280000,6633400,2210000,4423400,2210000,0,0,0,2213400,119185,0.1192
distribute_parallel_for_split_1050_1300_1750,1050,1750,0,3500,22760500,6830251,1750,29120000,14700000,6828500,2275000,4553500,2275000,0,0,0,2278500,133222,0.1332
distribute_parallel_for_split_1050_1300_1800,1050,1800,0,3600,23410800,7025401,1800,29640000,15120000,7023600,2340000,4683600,2340000,0,0,0,2343600,111054,0.1111
distribute_parallel_for_split_1050_1300_1850,1050,1850,0,3700,24061100,7220551,1850,30160000,15540000,7218700,2405000,4813700,2405000,0,0,0,2408700,138795,0.1388
distribute_parallel_for_split_1050_1300_1900,1050,1900,0,3800,24711400,7415701,1900,30680000,15960000,7413800,2470000,4943800,2470000,0,0,0,2473800,173454,0.1735
distribute_parallel_for_split_1050_1300_1950,1050,1950,0,3900,25361700,7610851,1950,31200000,16380000,7608900,2535000,5073900,2535000,0,0,0,2538900,98335,0.0983
distribute_parallel_for_split_1050_1300_2000,1050,2000,0,4000,26012000,7806001,2000,31720000,16800000,7804000,2600000,5204000,2600000,0,0,0,2604000,118156,0.1182
distribute_parallel_for_split_1050_1350_1050,1050,1050,0,2100,14181300,4255651,1050,22680000,8820000,4254600,1417500,2837100,1417500,0,0,0,1419600,54992,0.0550
distribute_parallel_for_split_1050_1350_1100,1050,1100,0,2200,14856600,4458301,1100,23220000,9240000,4457200,1485000,2972200,1485000,0,0,0,1487200,103057,0.1031
distribute_parallel_for_split_1050_1350_1150,1050,1150,0,2300,15531900,4660951,1150,23760000,9660000,4659800,1552500,3107300,1552500,0,0,0,1554800,107078,0.1071
distribute_parallel_for_split_1050_1350_1200,1050,1200,0,2400,16207200,4863601,1200,24300000,10080000,4862400,1620000,3242400,1620000,0,0,0,1622400,76919,0.0769
distribute_parallel_for_split_1050_1350_1250,1050,1250,0,2500,16882500,5066251,1250,24840000,10500000,5065000,1687500,3377500,1687500,0,0,0,1690000,87378,0.0874
distribute_parallel_for_split_1050_1350_1300,1050,1300,0,2600,17557800,5268901,1300,25380000,10920000,5267600,1755000,3512600,1755000,0,0,0,1757600,153642,0.1536
distribute_parallel_for_split_1050_1350_1350,1050,1350,0,2700,18233100,5471551,1350,25920000,11340000,5470200,1822500,3647700,1822500,0,0,0,1825200,167157,0.1672
distribute_parallel_for_split_1050_1350_1400,1050,1400,0,2800,18908400,5674201,1400,26460000,11760000,5672800,1890000,3782800,1890000,0,0,0,1892800,97700,0.0977
distribute_parallel_for_split_1050_1350_1450,1050,1450,0,2900,19583700,5876851,1450,27000000,12180000,5875400,1957500,3917900,1957500,0,0,0,1960400,130950,0.1310
distribute_parallel_for_split_1050_1350_1500,1050,1500,0,3000,20259000,6079501,1500,27540000,12600000,6078000,2025000,4053000,2025000,0,0,0,2028000,101089,0.1011
distribute_parallel_for_split_1050_1350_1550,1050,1550,0,3100,20934300,6282151,1550,28080000,13020000,6280600,2092500,4188100,2092500,0,0,0,2095600,190550,0.1905
distribute_parallel_for_split_1050_1350_1600,1050,1600,0,3200,21609600,6484801,1600,28620000,13440000,6483200,2160000,4323200,2160000,0,0,0,2163200,274082,0.2741
distribute_parallel_for_split_1050_1350_1650,1050,1650,0,3300,22284900,6687451,1650,29160000,13860000,6685800,2227500,4458300,2227500,0,0,0,2230800,89034,0.0890
distribute_parallel_for_split_1050_1350_1700,1050,1700,0,3400,22960200,6890101,1700,29700000,14280000,6888400,2295000,4593400,2295000,0,0,0,2298400,95550,0.0955
distribute_parallel_for_split_1050_1350_1750,1050,1750,0,3500,23635500,7092751,1750,30240000,14700000,7091000,2362500,4728500,2362500,0,0,0,2366000,176095,0.1761
distribute_parallel_for_split_1050_1350_1800,1050,1800,0,3600,24310800,7295401,1800,30780000,15120000,7293600,2430000,4863600,2430000,0,0,0,2433600,129351,0.1294
distribute_parallel_for_split_1050_1350_1850,1050,1850,0,3700,24986100,7498051,1850,31320000,15540000,7496200,2497500,4998700,2497500,0,0,0,2501200,127610,0.1276
distribute_parallel_for_split_1050_1350_1900,1050,1900,0,3800,25661400,7700701,1900,31860000,15960000,7698800,2565000,5133800,2565000,0,0,0,2568800,227793,0.2278
distribute_parallel_for_split_1050_1350_1950,1050,1950,0,3900,26336700,7903351,1950,32400000,16380000,7901400,2632500,5268900,2632500,0,0,0,2636400,101666,0.1017
distribute_parallel_for_split_1050_1350_2000,1050,2000,0,4000,27012000,8106001,2000,32940000,16800000,8104000,2700000,5404000,2700000,0,0,0,2704000,122847,0.1228
distribute_parallel_for_split_1050_1400_1050,1050,1050,0,2100,14706300,4413151,1050,23520000,8820000,4412100,1470000,2942100,1470000,0,0,0,1472100,83108,0.0831
distribute_parallel_for_split_1050_1400_1100,1050,1100,0,2200,15406600,4623301,1100,24080000,9240000,4622200,1540000,3082200,1540000,0,0,0,1542200,78816,0.0788
distribute_parallel_for_split_1050_1400_1150,1050,1150,0,2300,16106900,4833451,1150,24640000,9660000,4832300,1610000,3222300,1610000,0,0,0,1612300,92446,0.0924
distribute_parallel_for_split_1050_1400_1200,1050,1200,0,2400,16807200,5043601,1200,25200000,10080000,5042400,1680000,3362400,1680000,0,0,0,1682400,87735,0.0877
distribute_parallel_for_split_1050_1400_1250,1050,1250,0,2500,17507500,5253751,1250,25760000,10500000,5252500,1750000,3502500,1750000,0,0,0,1752500,156710,0.1567
distribute_parallel_for_split_1050_1400_1300,1050,1300,0,2600,18207800,5463901,1300,26320000,10920000,5462600,1820000,3642600,1820000,0,0,0,1822600,97800,0.0978
distribute_parallel_for_split_1050_1400_1350,1050,1350,0,2700,18908100,5674051,1350,26880000,11340000,5672700,1890000,3782700,1890000,0,0,0,1892700,88972,0.0890
distribute_parallel_for_split_1050_1400_1400,1050,1400,0,2800,19608400,5884201,1400,27440000,11760000,5882800,1960000,3922800,1960000,0,0,0,1962800,81183,0.0812
distribute_parallel_for_split_1050_1400_1450,1050,1450,0,2900,20308700,6094351,1450,28000000,12180000,6092900,2030000,4062900,2030000,0,0,0,2032900,81273,0.0813
distribute_parallel_for_split_1050_1400_1500,1050,1500,0,3000,21009000,6304501,1500,28560000,12600000,6303000,2100000,4203000,2100000,0,0,0,2103000,144999,0.1450
distribute_parallel_for_split_1050_1400_1550,1050,1550,0,3100,21709300,6514651,1550,29120000,13020000,6513100,2170000,4343100,2170000,0,0,0,2173100,104790,0.1048
distribute_parallel_for_split_1050_1400_1600,1050,1600,0,3200,22409600,6724801,1600,29680000,13440000,6723200,2240000,4483200,2240000,0,0,0,2243200,109529,0.1095
distribute_parallel_for_split_1050_1400_1650,1050,1650,0,3300,23109900,6934951,1650,30240000,13860000,6933300,2310000,4623300,2310000,0,0,0,2313300,91659,0.0917
distribute_parallel_for_split_1050_1400_1700,1050,1700,0,3400,23810200,7145101,1700,30800000,14280000,7143400,2380000,4763400,2380000,0,0,0,2383400,110807,0.1108
distribute_parallel_for_split_1050_1400_1750,1050,1750,0,3500,24510500,7355251,1750,31360000,14700000,7353500,2450000,4903500,2450000,0,0,0,2453500,207984,0.2080
distribute_parallel_for_split_1050_1400_1800,1050,1800,0,3600,25210800,7565401,1800,31920000,15120000,7563600,2520000,5043600,2520000,0,0,0,2523600,98341,0.0983
distribute_parallel_for_split_1050_1400_1850,1050,1850,0,3700,25911100,7775551,1850,32480000,15540000,7773700,2590000,5183700,2590000,0,0,0,2593700,150287,0.1503
distribute_parallel_for_split_1050_1400_1900,1050,1900,0,3800,26611400,7985701,1900,33040000,15960000,7983800,2660000,5323800,2660000,0,0,0,2663800,198828,0.1988
distribute_parallel_for_split_1050_1400_1950,1050,1950,0,3900,27311700,8195851,1950,33600000,16380000,8193900,2730000,5463900,2730000,0,0,0,2733900,111242,0.1112
distribute_parallel_for_split_1050_1400_2000,1050,2000,0,4000,28012000,8406001,2000,34160000,16800000,8404000,2800000,5604000,2800000,0,0,0,2804000,312454,0.3125
distribute_parallel_for_split_1050_1450_1050,1050,1050,0,2100,15231300,4570651,1050,24360000,8820000,4569600,1522500,3047100,1522500,0,0,0,1524600,89477,0.0895
distribute_parallel_for_split_1050_1450_1100,1050,1100,0,2200,15956600,4788301,1100,24940000,9240000,4787200,1595000,3192200,1595000,0,0,0,1597200,71988,0.0720
distribute_parallel_for_split_1050_1450_1150,1050,1150,0,2300,16681900,5005951,1150,25520000,9660000,5004800,1667500,3337300,1667500,0,0,0,1669800,84910,0.0849
distribute_parallel_for_split_1050_1450_1200,1050,1200,0,2400,17407200,5223601,1200,26100000,10080000,5222400,1740000,3482400,1740000,0,0,0,1742400,144156,0.1442
distribute_parallel_for_split_1050_1450_1250,1050,1250,0,2500,18132500,5441251,1250,26680000,10500000,5440000,1812500,3627500,1812500,0,0,0,1815000,83104,0.0831
distribute_parallel_for_split_1050_1450_1300,1050,1300,0,2600,18857800,5658901,1300,27260000,10920000,5657600,1885000,3772600,1885000,0,0,0,1887600,118085,0.1181
distribute_parallel_for_split_1050_1450_1350,1050,1350,0,2700,19583100,5876551,1350,27840000,11340000,5875200,1957500,3917700,1957500,0,0,0,1960200,79290,0.0793
distribute_parallel_for_split_1050_1450_1400,1050,1400,0,2800,20308400,6094201,1400,28420000,11760000,6092800,2030000,4062800,2030000,0,0,0,2032800,196816,0.1968
distribute_parallel_for_split_1050_1450_1450,1050,1450,0,2900,21033700,6311851,1450,29000000,12180000,6310400,2102500,4207900,2102500,0,0,0,2105400,104265,0.1043
distribute_parallel_for_split_1050_1450_1500,1050,1500,0,3000,21759000,6529501,1500,29580000,12600000,6528000,2175000,4353000,2175000,0,0,0,2178000,109857,0.1099
distribute_parallel_for_split_1050_1450_1550,1050,1550,0,3100,22484300,6747151,1550,30160000,13020000,6745600,2247500,4498100,2247500,0,0,0,2250600,119431,0.1194
distribute_parallel_for_split_1050_1450_1600,1050,1600,0,3200,23209600,6964801,1600,30740000,13440000,6963200,2320000,4643200,2320000,0,0,0,2323200,201124,0.2011
distribute_parallel_for_split_1050_1450_1650,1050,1650,0,3300,23934900,7182451,1650,31320000,13860000,7180800,2392500,4788300,2392500,0,0,0,2395800,93419,0.0934
distribute_parallel_for_split_1050_1450_1700,1050,1700,0,3400,24660200,7400101,1700,31900000,14280000,7398400,2465000,4933400,2465000,0,0,0,2468400,110295,0.1103
distribute_parallel_for_split_1050_1450_1750,1050,1750,0,3500,25385500,7617751,1750,32480000,14700000,7616000,2537500,5078500,2537500,0,0,0,2541000,139725,0.1397
distribute_parallel_for_split_1050_1450_1800,1050,1800,0,3600,26110800,7835401,1800,33060000,15120000,7833600,2610000,5223600,2610000,0,0,0,2613600,105411,0.1054
distribute_parallel_for_split_1050_1450_1850,1050,1850,0,3700,26836100,8053051,1850,33640000,15540000,8051200,2682500,5368700,2682500,0,0,0,2686200,119707,0.1197
distribute_parallel_for_split_1050_1450_1900,1050,1900,0,3800,27561400,8270701,1900,34220000,15960000,8268800,2755000,5513800,2755000,0,0,0,2758800,115991,0.1160
distribute_parallel_for_split_1050_1450_1950,1050,1950,0,3900,28286700,8488351,1950,34800000,16380000,8486400,2827500,5658900,2827500,0,0,0,2831400,158618,0.1586
distribute_parallel_for_split_1050_1450_2000,1050,2000,0,4000,29012000,8706001,2000,35380000,16800000,8704000,2900000,5804000,2900000,0,0,0,2904000,170011,0.1700
distribute_parallel_for_split_1050_1500_1050,1050,1050,0,2100,15756300,4728151,1050,25200000,8820000,4727100,1575000,3152100,1575000,0,0,0,1577100,63776,0.0638
distribute_parallel_for_split_1050_1500_1100,1050,1100,0,2200,16506600,4953301,1100,25800000,9240000,4952200,1650000,3302200,1650000,0,0,0,1652200,115064,0.1151
distribute_parallel_for_split_1050_1500_1150,1050,1150,0,2300,17256900,5178451,1150,26400000,9660000,5177300,1725000,3452300,1725000,0,0,0,1727300,115514,0.1155
distribute_parallel_for_split_1050_1500_1200,1050,1200,0,2400,18007200,5403601,1200,27000000,10080000,5402400,1800000,3602400,1800000,0,0,0,1802400,188000,0.1880
distribute_parallel_for_split_1050_1500_1250,1050,1250,0,2500,18757500,5628751,1250,27600000,10500000,5627500,1875000,3752500,1875000,0,0,0,1877500,142104,0.1421
distribute_parallel_for_split_1050_1500_1300,1050,1300,0,2600,19507800,5853901,1300,28200000,10920000,5852600,1950000,3902600,1950000,0,0,0,1952600,99977,0.1000
distribute_parallel_for_split_1050_1500_1350,1050,1350,0,2700,20258100,6079051,1350,28800000,11340000,6077700,2025000,4052700,2025000,0,0,0,2027700,81487,0.0815
distribute_parallel_for_split_1050_1500_1400,1050,1400,0,2800,21008400,6304201,1400,29400000,11760000,6302800,2100000,4202800,2100000,0,0,0,2102800,126401,0.1264
distribute_parallel_for_split_1050_1500_1450,1050,1450,0,2900,21758700,6529351,1450,30000000,12180000,6527900,2175000,4352900,2175000,0,0,0,2177900,121724,0.1217
distribute_parallel_for_split_1050_1500_1500,1050,1500,0,3000,22509000,6754501,1500,30600000,12600000,6753000,2250000,4503000,2250000,0,0,0,2253000,238370,0.2384
distribute_parallel_for_split_1050_1500_1550,1050,1550,0,3100,23259300,6979651,1550,31200000,13020000,6978100,2325000,4653100,2325000,0,0,0,2328100,159790,0.1598
distribute_parallel_for_split_1050_1500_1600,1050,1600,0,3200,24009600,7204801,1600,31800000,13440000,7203200,2400000,4803200,2400000,0,0,0,2403200,123477,0.1235
distribute_parallel_for_split_1050_1500_1650,1050,1650,0,3300,24759900,7429951,1650,32400000,13860000,7428300,2475000,4953300,2475000,0,0,0,2478300,106936,0.1069
distribute_parallel_for_split_1050_1500_1700,1050,1700,0,3400,25510200,7655101,1700,33000000,14280000,7653400,2550000,5103400,2550000,0,0,0,2553400,204871,0.2049
distribute_parallel_for_split_1050_1500_1750,1050,1750,0,3500,26260500,7880251,1750,33600000,14700000,7878500,2625000,5253500,2625000,0,0,0,2628500,162233,0.1622
distribute_parallel_for_split_1050_1500_1800,1050,1800,0,3600,27010800,8105401,1800,34200000,15120000,8103600,2700000,5403600,2700000,0,0,0,2703600,109946,0.1099
distribute_parallel_for_split_1050_1500_1850,1050,1850,0,3700,27761100,8330551,1850,34800000,15540000,8328700,2775000,5553700,2775000,0,0,0,2778700,410823,0.4108
distribute_parallel_for_split_1050_1500_1900,1050,1900,0,3800,28511400,8555701,1900,35400000,15960000,8553800,2850000,5703800,2850000,0,0,0,2853800,137254,0.1373
distribute_parallel_for_split_1050_1500_1950,1050,1950,0,3900,29261700,8780851,1950,36000000,16380000,8778900,2925000,5853900,2925000,0,0,0,2928900,177848,0.1778
distribute_parallel_for_split_1050_1500_2000,1050,2000,0,4000,30012000,9006001,2000,36600000,16800000,9004000,3000000,6004000,3000000,0,0,0,3004000,248503,0.2485
distribute_parallel_for_split_1050_1550_1050,1050,1050,0,2100,16281300,4885651,1050,26040000,8820000,4884600,1627500,3257100,1627500,0,0,0,1629600,99931,0.0999
distribute_parallel_for_split_1050_1550_1100,1050,1100,0,2200,17056600,5118301,1100,26660000,9240000,5117200,1705000,3412200,1705000,0,0,0,1707200,89938,0.0899
distribute_parallel_for_split_1050_1550_1150,1050,1150,0,2300,17831900,5350951,1150,27280000,9660000,5349800,1782500,3567300,1782500,0,0,0,1784800,101971,0.1020
distribute_parallel_for_split_1050_1550_1200,1050,1200,0,2400,18607200,5583601,1200,27900000,10080000,5582400,1860000,3722400,1860000,0,0,0,1862400,193067,0.1931
distribute_parallel_for_split_1050_1550_1250,1050,1250,0,2500,19382500,5816251,1250,28520000,10500000,5815000,1937500,3877500,1937500,0,0,0,1940000,89122,0.0891
distribute_parallel_for_split_1050_1550_1300,1050,1300,0,2600,20157800,6048901,1300,29140000,10920000,6047600,2015000,4032600,2015000,0,0,0,2017600,105799,0.1058
distribute_parallel_for_split_1050_1550_1350,1050,1350,0,2700,20933100,6281551,1350,29760000,11340000,6280200,2092500,4187700,2092500,0,0,0,2095200,106937,0.1069
distribute_parallel_for_split_1050_1550_1400,1050,1400,0,2800,21708400,6514201,1400,30380000,11760000,6512800,2170000,4342800,2170000,0,0,0,2172800,146407,0.1464
distribute_parallel_for_split_1050_1550_1450,1050,1450,0,2900,22483700,6746851,1450,31000000,12180000,6745400,2247500,4497900,2247500,0,0,0,2250400,129567,0.1296
distribute_parallel_for_split_1050_1550_1500,1050,1500,0,3000,23259000,6979501,1500,31620000,12600000,6978000,2325000,4653000,2325000,0,0,0,2328000,110557,0.1106
distribute_parallel_for_split_1050_1550_1550,1050,1550,0,3100,24034300,7212151,1550,32240000,13020000,7210600,2402500,4808100,2402500,0,0,0,2405600,94386,0.0944
distribute_parallel_for_split_1050_1550_1600,1050,1600,0,3200,24809600,7444801,1600,32860000,13440000,7443200,2480000,4963200,2480000,0,0,0,2483200,129105,0.1291
distribute_parallel_for_split_1050_1550_1650,1050,1650,0,3300,25584900,7677451,1650,33480000,13860000,7675800,2557500,5118300,2557500,0,0,0,2560800,113732,0.1137
distribute_parallel_for_split_1050_1550_1700,1050,1700,0,3400,26360200,7910101,1700,34100000,14280000,7908400,2635000,5273400,2635000,0,0,0,2638400,213545,0.2135
distribute_parallel_for_split_1050_1550_1750,1050,1750,0,3500,27135500,8142751,1750,34720000,14700000,8141000,2712500,5428500,2712500,0,0,0,2716000,129815,0.1298
distribute_parallel_for_split_1050_1550_1800,1050,1800,0,3600,27910800,8375401,1800,35340000,15120000,8373600,2790000,5583600,2790000,0,0,0,2793600,115457,0.1155
distribute_parallel_for_split_1050_1550_1850,1050,1850,0,3700,28686100,8608051,1850,35960000,15540000,8606200,2867500,5738700,2867500,0,0,0,2871200,221142,0.2211
distribute_parallel_for_split_1050_1550_1900,1050,1900,0,3800,29461400,8840701,1900,36580000,15960000,8838800,2945000,5893800,2945000,0,0,0,2948800,220610,0.2206
distribute_parallel_for_split_1050_1550_1950,1050,1950,0,3900,30236700,9073351,1950,37200000,16380000,9071400,3022500,6048900,3022500,0,0,0,3026400,119070,0.1191
distribute_parallel_for_split_1050_1550_2000,1050,2000,0,4000,31012000,9306001,2000,37820000,16800000,9304000,3100000,6204000,3100000,0,0,0,3104000,186038,0.1860
distribute_parallel_for_split_1050_1600_1050,1050,1050,0,2100,16806300,5043151,1050,26880000,8820000,5042100,1680000,3362100,1680000,0,0,0,1682100,90467,0.0905
distribute_parallel_for_split_1050_1600_1100,1050,1100,0,2200,17606600,5283301,1100,27520000,9240000,5282200,1760000,3522200,1760000,0,0,0,1762200,104562,0.1046
distribute_parallel_for_split_1050_1600_1150,1050,1150,0,2300,18406900,5523451,1150,28160000,9660000,5522300,1840000,3682300,1840000,0,0,0,1842300,72845,0.0728
distribute_parallel_for_split_1050_1600_1200,1050,1200,0,2400,19207200,5763601,1200,28800000,10080000,5762400,1920000,3842400,1920000,0,0,0,1922400,100871,0.1009
distribute_parallel_for_split_1050_1600_1250,1050,1250,0,2500,20007500,6003751,1250,29440000,10500000,6002500,2000000,4002500,2000000,0,0,0,2002500,113513,0.1135
distribute_parallel_for_split_1050_1600_1300,1050,1300,0,2600,20807800,6243901,1300,30080000,10920000,6242600,2080000,4162600,2080000,0,0,0,2082600,101576,0.1016
distribute_parallel_for_split_1050_1600_1350,1050,1350,0,2700,21608100,6484051,1350,30720000,11340000,6482700,2160000,4322700,2160000,0,0,0,2162700,96698,0.0967
distribute_parallel_for_split_1050_1600_1400,1050,1400,0,2800,22408400,6724201,1400,31360000,11760000,6722800,2240000,4482800,2240000,0,0,0,2242800,140180,0.1402
distribute_parallel_for_split_1050_1600_1450,1050,1450,0,2900,23208700,6964351,1450,32000000,12180000,6962900,2320000,4642900,2320000,0,0,0,2322900,92033,0.0920
distribute_parallel_for_split_1050_1600_1500,1050,1500,0,3000,24009000,7204501,1500,32640000,12600000,7203000,2400000,4803000,2400000,0,0,0,2403000,222102,0.2221
distribute_parallel_for_split_1050_1600_1550,1050,1550,0,3100,24809300,7444651,1550,33280000,13020000,7443100,2480000,4963100,2480000,0,0,0,2483100,104901,0.1049
distribute_parallel_for_split_1050_1600_1600,1050,1600,0,3200,25609600,7684801,1600,33920000,13440000,7683200,2560000,5123200,2560000,0,0,0,2563200,97993,0.0980
distribute_parallel_for_split_1050_1600_1650,1050,1650,0,3300,26409900,7924951,1650,34560000,13860000,7923300,2640000,5283300,2640000,0,0,0,2643300,223768,0.2238
distribute_parallel_for_split_1050_1600_1700,1050,1700,0,3400,27210200,8165101,1700,35200000,14280000,8163400,2720000,5443400,2720000,0,0,0,2723400,139835,0.1398
distribute_parallel_for_split_1050_1600_1750,1050,1750,0,3500,28010500,8405251,1750,35840000,14700000,8403500,2800000,5603500,2800000,0,0,0,2803500,158678,0.1587
distribute_parallel_for_split_1050_1600_1800,1050,1800,0,3600,28810800,8645401,1800,36480000,15120000,8643600,2880000,5763600,2880000,0,0,0,2883600,119847,0.1198
distribute_parallel_for_split_1050_1600_1850,1050,1850,0,3700,29611100,8885551,1850,37120000,15540000,8883700,2960000,5923700,2960000,0,0,0,2963700,141536,0.1415
distribute_parallel_for_split_1050_1600_1900,1050,1900,0,3800,30411400,9125701,1900,37760000,15960000,9123800,3040000,6083800,3040000,0,0,0,3043800,149058,0.1491
distribute_parallel_for_split_1050_1600_1950,1050,1950,0,3900,31211700,9365851,1950,38400000,16380000,9363900,3120000,6243900,3120000,0,0,0,3123900,273714,0.2737
distribute_parallel_for_split_1050_1600_2000,1050,2000,0,4000,32012000,9606001,2000,39040000,16800000,9604000,3200000,6404000,3200000,0,0,0,3204000,192214,0.1922
distribute_parallel_for_split_1050_1650_1050,1050,1050,0,2100,17331300,5200651,1050,27720000,8820000,5199600,1732500,3467100,1732500,0,0,0,1734600,178463,0.1785
distribute_parallel_for_split_1050_1650_1100,1050,1100,0,2200,18156600,5448301,1100,28380000,9240000,5447200,1815000,3632200,1815000,0,0,0,1817200,101143,0.1011
distribute_parallel_for_split_1050_1650_1150,1050,1150,0,2300,18981900,5695951,1150,29040000,9660000,5694800,1897500,3797300,1897500,0,0,0,1899800,175124,0.1751
distribute_parallel_for_split_1050_1650_1200,1050,1200,0,2400,19807200,5943601,1200,29700000,10080000,5942400,1980000,3962400,1980000,0,0,0,1982400,157169,0.1572
distribute_parallel_for_split_1050_1650_1250,1050,1250,0,2500,20632500,6191251,1250,30360000,10500000,6190000,2062500,4127500,2062500,0,0,0,2065000,117473,0.1175
distribute_parallel_for_split_1050_1650_1300,1050,1300,0,2600,21457800,6438901,1300,31020000,10920000,6437600,2145000,4292600,2145000,0,0,0,2147600,148958,0.1490
distribute_parallel_for_split_1050_1650_1350,1050,1350,0,2700,22283100,6686551,1350,31680000,11340000,6685200,2227500,4457700,2227500,0,0,0,2230200,121924,0.1219
distribute_parallel_for_split_1050_1650_1400,1050,1400,0,2800,23108400,6934201,1400,32340000,11760000,6932800,2310000,4622800,2310000,0,0,0,2312800,140447,0.1404
distribute_parallel_for_split_1050_1650_1450,1050,1450,0,2900,23933700,7181851,1450,33000000,12180000,7180400,2392500,4787900,2392500,0,0,0,2395400,130825,0.1308
distribute_parallel_for_split_1050_1650_1500,1050,1500,0,3000,24759000,7429501,1500,33660000,12600000,7428000,2475000,4953000,2475000,0,0,0,2478000,109962,0.1100
distribute_parallel_for_split_1050_1650_1550,1050,1550,0,3100,25584300,7677151,1550,34320000,13020000,7675600,2557500,5118100,2557500,0,0,0,2560600,143023,0.1430
distribute_parallel_for_split_1050_1650_1600,1050,1600,0,3200,26409600,7924801,1600,34980000,13440000,7923200,2640000,5283200,2640000,0,0,0,2643200,120338,0.1203
distribute_parallel_for_split_1050_1650_1650,1050,1650,0,3300,27234900,8172451,1650,35640000,13860000,8170800,2722500,5448300,2722500,0,0,0,2725800,159871,0.1599
distribute_parallel_for_split_1050_1650_1700,1050,1700,0,3400,28060200,8420101,1700,36300000,14280000,8418400,2805000,5613400,2805000,0,0,0,2808400,198275,0.1983
distribute_parallel_for_split_1050_1650_1750,1050,1750,0,3500,28885500,8667751,1750,36960000,14700000,8666000,2887500,5778500,2887500,0,0,0,2891000,123833,0.1238
distribute_parallel_for_split_1050_1650_1800,1050,1800,0,3600,29710800,8915401,1800,37620000,15120000,8913600,2970000,5943600,2970000,0,0,0,2973600,139782,0.1398
distribute_parallel_for_split_1050_1650_1850,1050,1850,0,3700,30536100,9163051,1850,38280000,15540000,9161200,3052500,6108700,3052500,0,0,0,3056200,174319,0.1743
distribute_parallel_for_split_1050_1650_1900,1050,1900,0,3800,31361400,9410701,1900,38940000,15960000,9408800,3135000,6273800,3135000,0,0,0,3138800,201500,0.2015
distribute_parallel_for_split_1050_1650_1950,1050,1950,0,3900,32186700,9658351,1950,39600000,16380000,9656400,3217500,6438900,3217500,0,0,0,3221400,179577,0.1796
distribute_parallel_for_split_1050_1650_2000,1050,2000,0,4000,33012000,9906001,2000,40260000,16800000,9904000,3300000,6604000,3300000,0,0,0,3304000,131571,0.1316
distribute_parallel_for_split_1050_1700_1050,1050,1050,0,2100,17856300,5358151,1050,28560000,8820000,5357100,1785000,3572100,1785000,0,0,0,1787100,87541,0.0875
distribute_parallel_for_split_1050_1700_1100,1050,1100,0,2200,18706600,5613301,1100,29240000,9240000,5612200,1870000,3742200,1870000,0,0,0,1872200,146331,0.1463
distribute_parallel_for_split_1050_1700_1150,1050,1150,0,2300,19556900,5868451,1150,29920000,9660000,5867300,1955000,3912300,1955000,0,0,0,1957300,117203,0.1172
distribute_parallel_for_split_1050_1700_1200,1050,1200,0,2400,20407200,6123601,1200,30600000,10080000,6122400,2040000,4082400,2040000,0,0,0,2042400,99216,0.0992
distribute_parallel_for_split_1050_1700_1250,1050,1250,0,2500,21257500,6378751,1250,31280000,10500000,6377500,2125000,4252500,2125000,0,0,0,2127500,152974,0.1530
distribute_parallel_for_split_1050_1700_1300,1050,1300,0,2600,22107800,6633901,1300,31960000,10920000,6632600,2210000,4422600,2210000,0,0,0,2212600,216493,0.2165
distribute_parallel_for_split_1050_1700_1350,1050,1350,0,2700,22958100,6889051,1350,32640000,11340000,6887700,2295000,4592700,2295000,0,0,0,2297700,103668,0.1037
distribute_parallel_for_split_1050_1700_1400,1050,1400,0,2800,23808400,7144201,1400,33320000,11760000,7142800,2380000,4762800,2380000,0,0,0,2382800,119752,0.1198
distribute_parallel_for_split_1050_1700_1450,1050,1450,0,2900,24658700,7399351,1450,34000000,12180000,7397900,2465000,4932900,2465000,0,0,0,2467900,213802,0.2138
distribute_parallel_for_split_1050_1700_1500,1050,1500,0,3000,25509000,7654501,1500,34680000,12600000,7653000,2550000,5103000,2550000,0,0,0,2553000,192523,0.1925
distribute_parallel_for_split_1050_1700_1550,1050,1550,0,3100,26359300,7909651,1550,35360000,13020000,7908100,2635000,5273100,2635000,0,0,0,2638100,148060,0.1481
distribute_parallel_for_split_1050_1700_1600,1050,1600,0,3200,27209600,8164801,1600,36040000,13440000,8163200,2720000,5443200,2720000,0,0,0,2723200,153078,0.1531
distribute_parallel_for_split_1050_1700_1650,1050,1650,0,3300,28059900,8419951,1650,36720000,13860000,8418300,2805000,5613300,2805000,0,0,0,2808300,178798,0.1788
distribute_parallel_for_split_1050_1700_1700,1050,1700,0,3400,28910200,8675101,1700,37400000,14280000,8673400,2890000,5783400,2890000,0,0,0,2893400,132161,0.1322
distribute_parallel_for_split_1050_1700_1750,1050,1750,0,3500,29760500,8930251,1750,38080000,14700000,8928500,2975000,5953500,2975000,0,0,0,2978500,182533,0.1825
distribute_parallel_for_split_1050_1700_1800,1050,1800,0,3600,30610800,9185401,1800,38760000,15120000,9183600,3060000,6123600,3060000,0,0,0,3063600,159682,0.1597
distribute_parallel_for_split_1050_1700_1850,1050,1850,0,3700,31461100,9440551,1850,39440000,15540000,9438700,3145000,6293700,3145000,0,0,0,3148700,132143,0.1321
distribute_parallel_for_split_1050_1700_1900,1050,1900,0,3800,32311400,9695701,1900,40120000,15960000,9693800,3230000,6463800,3230000,0,0,0,3233800,295991,0.2960
distribute_parallel_for_split_1050_1700_1950,1050,1950,0,3900,33161700,9950851,1950,40800000,16380000,9948900,3315000,6633900,3315000,0,0,0,3318900,156282,0.1563
distribute_parallel_for_split_1050_1700_2000,1050,2000,0,4000,34012000,10206001,2000,41480000,16800000,10204000,3400000,6804000,3400000,0,0,0,3404000,139208,0.1392
distribute_parallel_for_split_1050_1750_1050,1050,1050,0,2100,18381300,5515651,1050,29400000,8820000,5514600,1837500,3677100,1837500,0,0,0,1839600,205693,0.2057
distribute_parallel_for_split_1050_1750_1100,1050,1100,0,2200,19256600,5778301,1100,30100000,9240000,5777200,1925000,3852200,1925000,0,0,0,1927200,102313,0.1023
distribute_parallel_for_split_1050_1750_1150,1050,1150,0,2300,20131900,6040951,1150,30800000,9660000,6039800,2012500,4027300,2012500,0,0,0,2014800,108430,0.1084
distribute_parallel_for_split_1050_1750_1200,1050,1200,0,2400,21007200,6303601,1200,31500000,10080000,6302400,2100000,4202400,2100000,0,0,0,2102400,105367,0.1054
distribute_parallel_for_split_1050_1750_1250,1050,1250,0,2500,21882500,6566251,1250,32200000,10500000,6565000,2187500,4377500,2187500,0,0,0,2190000,163517,0.1635
distribute_parallel_for_split_1050_1750_1300,1050,1300,0,2600,22757800,6828901,1300,32900000,10920000,6827600,2275000,4552600,2275000,0,0,0,2277600,109165,0.1092
distribute_parallel_for_split_1050_1750_1350,1050,1350,0,2700,23633100,7091551,1350,33600000,11340000,7090200,2362500,4727700,2362500,0,0,0,2365200,104282,0.1043
distribute_parallel_for_split_1050_1750_1400,1050,1400,0,2800,24508400,7354201,1400,34300000,11760000,7352800,2450000,4902800,2450000,0,0,0,2452800,211735,0.2117
distribute_parallel_for_split_1050_1750_1450,1050,1450,0,2900,25383700,7616851,1450,35000000,12180000,7615400,2537500,5077900,2537500,0,0,0,2540400,122525,0.1225
distribute_parallel_for_split_1050_1750_1500,1050,1500,0,3000,26259000,7879501,1500,35700000,12600000,7878000,2625000,5253000,2625000,0,0,0,2628000,124515,0.1245
distribute_parallel_for_split_1050_1750_1550,1050,1550,0,3100,27134300,8142151,1550,36400000,13020000,8140600,2712500,5428100,2712500,0,0,0,2715600,115060,0.1151
distribute_parallel_for_split_1050_1750_1600,1050,1600,0,3200,28009600,8404801,1600,37100000,13440000,8403200,2800000,5603200,2800000,0,0,0,2803200,141729,0.1417
distribute_parallel_for_split_1050_1750_1650,1050,1650,0,3300,28884900,8667451,1650,37800000,13860000,8665800,2887500,5778300,2887500,0,0,0,2890800,120536,0.1205
distribute_parallel_for_split_1050_1750_1700,1050,1700,0,3400,29760200,8930101,1700,38500000,14280000,8928400,2975000,5953400,2975000,0,0,0,2978400,122787,0.1228
distribute_parallel_for_split_1050_1750_1750,1050,1750,0,3500,30635500,9192751,1750,39200000,14700000,9191000,3062500,6128500,3062500,0,0,0,3066000,379800,0.3798
distribute_parallel_for_split_1050_1750_1800,1050,1800,0,3600,31510800,9455401,1800,39900000,15120000,9453600,3150000,6303600,3150000,0,0,0,3153600,137415,0.1374
distribute_parallel_for_split_1050_1750_1850,1050,1850,0,3700,32386100,9718051,1850,40600000,15540000,9716200,3237500,6478700,3237500,0,0,0,3241200,135508,0.1355
distribute_parallel_for_split_1050_1750_1900,1050,1900,0,3800,33261400,9980701,1900,41300000,15960000,9978800,3325000,6653800,3325000,0,0,0,3328800,158526,0.1585
distribute_parallel_for_split_1050_1750_1950,1050,1950,0,3900,34136700,10243351,1950,42000000,16380000,10241400,3412500,6828900,3412500,0,0,0,3416400,238628,0.2386
distribute_parallel_for_split_1050_1750_2000,1050,2000,0,4000,35012000,10506001,2000,42700000,16800000,10504000,3500000,7004000,3500000,0,0,0,3504000,201268,0.2013
distribute_parallel_for_split_1050_1800_1050,1050,1050,0,2100,18906300,5673151,1050,30240000,8820000,5672100,1890000,3782100,1890000,0,0,0,1892100,89610,0.0896
distribute_parallel_for_split_1050_1800_1100,1050,1100,0,2200,19806600,5943301,1100,30960000,9240000,5942200,1980000,3962200,1980000,0,0,0,1982200,107598,0.1076
distribute_parallel_for_split_1050_1800_1150,1050,1150,0,2300,20706900,6213451,1150,31680000,9660000,6212300,2070000,4142300,2070000,0,0,0,2072300,131684,0.1317
distribute_parallel_for_split_1050_1800_1200,1050,1200,0,2400,21607200,6483601,1200,32400000,10080000,6482400,2160000,4322400,2160000,0,0,0,2162400,120502,0.1205
distribute_parallel_for_split_1050_1800_1250,1050,1250,0,2500,22507500,6753751,1250,33120000,10500000,6752500,2250000,4502500,2250000,0,0,0,2252500,175851,0.1759
distribute_parallel_for_split_1050_1800_1300,1050,1300,0,2600,23407800,7023901,1300,33840000,10920000,7022600,2340000,4682600,2340000,0,0,0,2342600,92155,0.0922
distribute_parallel_for_split_1050_1800_1350,1050,1350,0,2700,24308100,7294051,1350,34560000,11340000,7292700,2430000,4862700,2430000,0,0,0,2432700,197750,0.1978
distribute_parallel_for_split_1050_1800_1400,1050,1400,0,2800,25208400,7564201,1400,35280000,11760000,7562800,2520000,5042800,2520000,0,0,0,2522800,143939,0.1439
distribute_parallel_for_split_1050_1800_1450,1050,1450,0,2900,26108700,7834351,1450,36000000,12180000,7832900,2610000,5222900,2610000,0,0,0,2612900,104227,0.1042
distribute_parallel_for_split_1050_1800_1500,1050,1500,0,3000,27009000,8104501,1500,36720000,12600000,8103000,2700000,5403000,2700000,0,0,0,2703000,118605,0.1186
distribute_parallel_for_split_1050_1800_1550,1050,1550,0,3100,27909300,8374651,1550,37440000,13020000,8373100,2790000,5583100,2790000,0,0,0,2793100,156230,0.1562
distribute_parallel_for_split_1050_1800_1600,1050,1600,0,3200,28809600,8644801,1600,38160000,13440000,8643200,2880000,5763200,2880000,0,0,0,2883200,147284,0.1473
distribute_parallel_for_split_1050_1800_1650,1050,1650,0,3300,29709900,8914951,1650,38880000,13860000,8913300,2970000,5943300,2970000,0,0,0,2973300,127763,0.1278
distribute_parallel_for_split_1050_1800_1700,1050,1700,0,3400,30610200,9185101,1700,39600000,14280000,9183400,3060000,6123400,3060000,0,0,0,3063400,116344,0.1163
distribute_parallel_for_split_1050_1800_1750,1050,1750,0,3500,31510500,9455251,1750,40320000,14700000,9453500,3150000,6303500,3150000,0,0,0,3153500,124839,0.1248
distribute_parallel_for_split_1050_1800_1800,1050,1800,0,3600,32410800,9725401,1800,41040000,15120000,9723600,3240000,6483600,3240000,0,0,0,3243600,241597,0.2416
distribute_parallel_for_split_1050_1800_1850,1050,1850,0,3700,33311100,9995551,1850,41760000,15540000,9993700,3330000,6663700,3330000,0,0,0,3333700,174702,0.1747
distribute_parallel_for_split_1050_1800_1900,1050,1900,0,3800,34211400,10265701,1900,42480000,15960000,10263800,3420000,6843800,3420000,0,0,0,3423800,179188,0.1792
distribute_parallel_for_split_1050_1800_1950,1050,1950,0,3900,35111700,10535851,1950,43200000,16380000,10533900,3510000,7023900,3510000,0,0,0,3513900,144059,0.1441
distribute_parallel_for_split_1050_1800_2000,1050,2000,0,4000,36012000,10806001,2000,43920000,16800000,10804000,3600000,7204000,3600000,0,0,0,3604000,380081,0.3801
distribute_parallel_for_split_1050_1850_1050,1050,1050,0,2100,19431300,5830651,1050,31080000,8820000,5829600,1942500,3887100,1942500,0,0,0,1944600,172033,0.1720
distribute_parallel_for_split_1050_1850_1100,1050,1100,0,2200,20356600,6108301,1100,31820000,9240000,6107200,2035000,4072200,2035000,0,0,0,2037200,89871,0.0899
distribute_parallel_for_split_1050_1850_1150,1050,1150,0,2300,21281900,6385951,1150,32560000,9660000,6384800,2127500,4257300,2127500,0,0,0,2129800,110464,0.1105
distribute_parallel_for_split_1050_1850_1200,1050,1200,0,2400,22207200,6663601,1200,33300000,10080000,6662400,2220000,4442400,2220000,0,0,0,2222400,122060,0.1221
distribute_parallel_for_split_1050_1850_1250,1050,1250,0,2500,23132500,6941251,1250,34040000,10500000,6940000,2312500,4627500,2312500,0,0,0,2315000,167705,0.1677
distribute_parallel_for_split_1050_1850_1300,1050,1300,0,2600,24057800,7218901,1300,34780000,10920000,7217600,2405000,4812600,2405000,0,0,0,2407600,106905,0.1069
distribute_parallel_for_split_1050_1850_1350,1050,1350,0,2700,24983100,7496551,1350,35520000,11340000,7495200,2497500,4997700,2497500,0,0,0,2500200,172972,0.1730
distribute_parallel_for_split_1050_1850_1400,1050,1400,0,2800,25908400,7774201,1400,36260000,11760000,7772800,2590000,5182800,2590000,0,0,0,2592800,111657,0.1117
distribute_parallel_for_split_1050_1850_1450,1050,1450,0,2900,26833700,8051851,1450,37000000,12180000,8050400,2682500,5367900,2682500,0,0,0,2685400,130298,0.1303
distribute_parallel_for_split_1050_1850_1500,1050,1500,0,3000,27759000,8329501,1500,37740000,12600000,8328000,2775000,5553000,2775000,0,0,0,2778000,116834,0.1168
distribute_parallel_for_split_1050_1850_1550,1050,1550,0,3100,28684300,8607151,1550,38480000,13020000,8605600,2867500,5738100,2867500,0,0,0,2870600,119498,0.1195
distribute_parallel_for_split_1050_1850_1600,1050,1600,0,3200,29609600,8884801,1600,39220000,13440000,8883200,2960000,5923200,2960000,0,0,0,2963200,154577,0.1546
distribute_parallel_for_split_1050_1850_1650,1050,1650,0,3300,30534900,9162451,1650,39960000,13860000,9160800,3052500,6108300,3052500,0,0,0,3055800,206928,0.2069
distribute_parallel_for_split_1050_1850_1700,1050,1700,0,3400,31460200,9440101,1700,40700000,14280000,9438400,3145000,6293400,3145000,0,0,0,3148400,127869,0.1279
distribute_parallel_for_split_1050_1850_1750,1050,1750,0,3500,32385500,9717751,1750,41440000,14700000,9716000,3237500,6478500,3237500,0,0,0,3241000,190043,0.1900
distribute_parallel_for_split_1050_1850_1800,1050,1800,0,3600,33310800,9995401,1800,42180000,15120000,9993600,3330000,6663600,3330000,0,0,0,3333600,295244,0.2952
distribute_parallel_for_split_1050_1850_1850,1050,1850,0,3700,34236100,10273051,1850,42920000,15540000,10271200,3422500,6848700,3422500,0,0,0,3426200,144793,0.1448
distribute_parallel_for_split_1050_1850_1900,1050,1900,0,3800,35161400,10550701,1900,43660000,15960000,10548800,3515000,7033800,3515000,0,0,0,3518800,157926,0.1579
distribute_parallel_for_split_1050_1850_1950,1050,1950,0,3900,36086700,10828351,1950,44400000,16380000,10826400,3607500,7218900,3607500,0,0,0,3611400,139828,0.1398
distribute_parallel_for_split_1050_1850_2000,1050,2000,0,4000,37012000,11106001,2000,45140000,16800000,11104000,3700000,7404000,3700000,0,0,0,3704000,207702,0.2077
distribute_parallel_for_split_1050_1900_1050,1050,1050,0,2100,19956300,5988151,1050,31920000,8820000,5987100,1995000,3992100,1995000,0,0,0,1997100,79257,0.0793
distribute_parallel_for_split_1050_1900_1100,1050,1100,0,2200,20906600,6273301,1100,32680000,9240000,6272200,2090000,4182200,2090000,0,0,0,2092200,90815,0.0908
distribute_parallel_for_split_1050_1900_1150,1050,1150,0,2300,21856900,6558451,1150,33440000,9660000,6557300,2185000,4372300,2185000,0,0,0,2187300,143171,0.1432
distribute_parallel_for_split_1050_1900_1200,1050,1200,0,2400,22807200,6843601,1200,34200000,10080000,6842400,2280000,4562400,2280000,0,0,0,2282400,122589,0.1226
distribute_parallel_for_split_1050_1900_1250,1050,1250,0,2500,23757500,7128751,1250,34960000,10500000,7127500,2375000,4752500,2375000,0,0,0,2377500,200161,0.2002
distribute_parallel_for_split_1050_1900_1300,1050,1300,0,2600,24707800,7413901,1300,35720000,10920000,7412600,2470000,4942600,2470000,0,0,0,2472600,153611,0.1536
distribute_parallel_for_split_1050_1900_1350,1050,1350,0,2700,25658100,7699051,1350,36480000,11340000,7697700,2565000,5132700,2565000,0,0,0,2567700,168660,0.1687
distribute_parallel_for_split_1050_1900_1400,1050,1400,0,2800,26608400,7984201,1400,37240000,11760000,7982800,2660000,5322800,2660000,0,0,0,2662800,143503,0.1435
distribute_parallel_for_split_1050_1900_1450,1050,1450,0,2900,27558700,8269351,1450,38000000,12180000,8267900,2755000,5512900,2755000,0,0,0,2757900,212093,0.2121
distribute_parallel_for_split_1050_1900_1500,1050,1500,0,3000,28509000,8554501,1500,38760000,12600000,8553000,2850000,5703000,2850000,0,0,0,2853000,110041,0.1100
distribute_parallel_for_split_1050_1900_1550,1050,1550,0,3100,29459300,8839651,1550,39520000,13020000,8838100,2945000,5893100,2945000,0,0,0,2948100,165411,0.1654
distribute_parallel_for_split_1050_1900_1600,1050,1600,0,3200,30409600,9124801,1600,40280000,13440000,9123200,3040000,6083200,3040000,0,0,0,3043200,119891,0.1199
distribute_parallel_for_split_1050_1900_1650,1050,1650,0,3300,31359900,9409951,1650,41040000,13860000,9408300,3135000,6273300,3135000,0,0,0,3138300,212571,0.2126
distribute_parallel_for_split_1050_1900_1700,1050,1700,0,3400,32310200,9695101,1700,41800000,14280000,9693400,3230000,6463400,3230000,0,0,0,3233400,122904,0.1229
distribute_parallel_for_split_1050_1900_1750,1050,1750,0,3500,33260500,9980251,1750,42560000,14700000,9978500,3325000,6653500,3325000,0,0,0,3328500,157808,0.1578
distribute_parallel_for_split_1050_1900_1800,1050,1800,0,3600,34210800,10265401,1800,43320000,15120000,10263600,3420000,6843600,3420000,0,0,0,3423600,127960,0.1280
distribute_parallel_for_split_1050_1900_1850,1050,1850,0,3700,35161100,10550551,1850,44080000,15540000,10548700,3515000,7033700,3515000,0,0,0,3518700,180196,0.1802
distribute_parallel_for_split_1050_1900_1900,1050,1900,0,3800,36111400,10835701,1900,44840000,15960000,10833800,3610000,7223800,3610000,0,0,0,3613800,139768,0.1398
distribute_parallel_for_split_1050_1900_1950,1050,1950,0,3900,37061700,11120851,1950,45600000,16380000,11118900,3705000,7413900,3705000,0,0,0,3708900,165622,0.1656
distribute_parallel_for_split_1050_1900_2000,1050,2000,0,4000,38012000,11406001,2000,46360000,16800000,11404000,3800000,7604000,3800000,0,0,0,3804000,171557,0.1716
distribute_parallel_for_split_1050_1950_1050,1050,1050,0,2100,20481300,6145651,1050,32760000,8820000,6144600,2047500,4097100,2047500,0,0,0,2049600,79650,0.0796
distribute_parallel_for_split_1050_1950_1100,1050,1100,0,2200,21456600,6438301,1100,33540000,9240000,6437200,2145000,4292200,2145000,0,0,0,2147200,138940,0.1389
distribute_parallel_for_split_1050_1950_1150,1050,1150,0,2300,22431900,6730951,1150,34320000,9660000,6729800,2242500,4487300,2242500,0,0,0,2244800,163902,0.1639
distribute_parallel_for_split_1050_1950_1200,1050,1200,0,2400,23407200,7023601,1200,35100000,10080000,7022400,2340000,4682400,2340000,0,0,0,2342400,100159,0.1002
distribute_parallel_for_split_1050_1950_1250,1050,1250,0,2500,24382500,7316251,1250,35880000,10500000,7315000,2437500,4877500,2437500,0,0,0,2440000,158317,0.1583
distribute_parallel_for_split_1050_1950_1300,1050,1300,0,2600,25357800,7608901,1300,36660000,10920000,7607600,2535000,5072600,2535000,0,0,0,2537600,107368,0.1074
distribute_parallel_for_split_1050_1950_1350,1050,1350,0,2700,26333100,7901551,1350,37440000,11340000,7900200,2632500,5267700,2632500,0,0,0,2635200,103835,0.1038
distribute_parallel_for_split_1050_1950_1400,1050,1400,0,2800,27308400,8194201,1400,38220000,11760000,8192800,2730000,5462800,2730000,0,0,0,2732800,119575,0.1196
distribute_parallel_for_split_1050_1950_1450,1050,1450,0,2900,28283700,8486851,1450,39000000,12180000,8485400,2827500,5657900,2827500,0,0,0,2830400,122739,0.1227
distribute_parallel_for_split_1050_1950_1500,1050,1500,0,3000,29259000,8779501,1500,39780000,12600000,8778000,2925000,5853000,2925000,0,0,0,2928000,148648,0.1486
distribute_parallel_for_split_1050_1950_1550,1050,1550,0,3100,30234300,9072151,1550,40560000,13020000,9070600,3022500,6048100,3022500,0,0,0,3025600,136600,0.1366
distribute_parallel_for_split_1050_1950_1600,1050,1600,0,3200,31209600,9364801,1600,41340000,13440000,9363200,3120000,6243200,3120000,0,0,0,3123200,261922,0.2619
distribute_parallel_for_split_1050_1950_1650,1050,1650,0,3300,32184900,9657451,1650,42120000,13860000,9655800,3217500,6438300,3217500,0,0,0,3220800,144753,0.1448
distribute_parallel_for_split_1050_1950_1700,1050,1700,0,3400,33160200,9950101,1700,42900000,14280000,9948400,3315000,6633400,3315000,0,0,0,3318400,367274,0.3673
distribute_parallel_for_split_1050_1950_1750,1050,1750,0,3500,34135500,10242751,1750,43680000,14700000,10241000,3412500,6828500,3412500,0,0,0,3416000,206129,0.2061
distribute_parallel_for_split_1050_1950_1800,1050,1800,0,3600,35110800,10535401,1800,44460000,15120000,10533600,3510000,7023600,3510000,0,0,0,3513600,128881,0.1289
distribute_parallel_for_split_1050_1950_1850,1050,1850,0,3700,36086100,10828051,1850,45240000,15540000,10826200,3607500,7218700,3607500,0,0,0,3611200,162081,0.1621
distribute_parallel_for_split_1050_1950_1900,1050,1900,0,3800,37061400,11120701,1900,46020000,15960000,11118800,3705000,7413800,3705000,0,0,0,3708800,481063,0.4811
distribute_parallel_for_split_1050_1950_1950,1050,1950,0,3900,38036700,11413351,1950,46800000,16380000,11411400,3802500,7608900,3802500,0,0,0,3806400,152557,0.1526
distribute_parallel_for_split_1050_1950_2000,1050,2000,0,4000,39012000,11706001,2000,47580000,16800000,11704000,3900000,7804000,3900000,0,0,0,3904000,141967,0.1420
distribute_parallel_for_split_1050_2000_1050,1050,1050,0,2100,21006300,6303151,1050,33600000,8820000,6302100,2100000,4202100,2100000,0,0,0,2102100,193906,0.1939
distribute_parallel_for_split_1050_2000_1100,1050,1100,0,2200,22006600,6603301,1100,34400000,9240000,6602200,2200000,4402200,2200000,0,0,0,2202200,225542,0.2255
distribute_parallel_for_split_1050_2000_1150,1050,1150,0,2300,23006900,6903451,1150,35200000,9660000,6902300,2300000,4602300,2300000,0,0,0,2302300,99917,0.0999
distribute_parallel_for_split_1050_2000_1200,1050,1200,0,2400,24007200,7203601,1200,36000000,10080000,7202400,2400000,4802400,2400000,0,0,0,2402400,153031,0.1530
distribute_parallel_for_split_1050_2000_1250,1050,1250,0,2500,25007500,7503751,1250,36800000,10500000,7502500,2500000,5002500,2500000,0,0,0,2502500,105150,0.1051
distribute_parallel_for_split_1050_2000_1300,1050,1300,0,2600,26007800,7803901,1300,37600000,10920000,7802600,2600000,5202600,2600000,0,0,0,2602600,196527,0.1965
distribute_parallel_for_split_1050_2000_1350,1050,1350,0,2700,27008100,8104051,1350,38400000,11340000,8102700,2700000,5402700,2700000,0,0,0,2702700,174760,0.1748
distribute_parallel_for_split_1050_2000_1400,1050,1400,0,2800,28008400,8404201,1400,39200000,11760000,8402800,2800000,5602800,2800000,0,0,0,2802800,159243,0.1592
distribute_parallel_for_split_1050_2000_1450,1050,1450,0,2900,29008700,8704351,1450,40000000,12180000,8702900,2900000,5802900,2900000,0,0,0,2902900,139559,0.1396
distribute_parallel_for_split_1050_2000_1500,1050,1500,0,3000,30009000,9004501,1500,40800000,12600000,9003000,3000000,6003000,3000000,0,0,0,3003000,252465,0.2525
distribute_parallel_for_split_1050_2000_1550,1050,1550,0,3100,31009300,9304651,1550,41600000,13020000,9303100,3100000,6203100,3100000,0,0,0,3103100,183987,0.1840
distribute_parallel_for_split_1050_2000_1600,1050,1600,0,3200,32009600,9604801,1600,42400000,13440000,9603200,3200000,6403200,3200000,0,0,0,3203200,145720,0.1457
distribute_parallel_for_split_1050_2000_1650,1050,1650,0,3300,33009900,9904951,1650,43200000,13860000,9903300,3300000,6603300,3300000,0,0,0,3303300,205074,0.2051
distribute_parallel_for_split_1050_2000_1700,1050,1700,0,3400,34010200,10205101,1700,44000000,14280000,10203400,3400000,6803400,3400000,0,0,0,3403400,386450,0.3865
distribute_parallel_for_split_1050_2000_1750,1050,1750,0,3500,35010500,10505251,1750,44800000,14700000,10503500,3500000,7003500,3500000,0,0,0,3503500,173742,0.1737
distribute_parallel_for_split_1050_2000_1800,1050,1800,0,3600,36010800,10805401,1800,45600000,15120000,10803600,3600000,7203600,3600000,0,0,0,3603600,135274,0.1353
distribute_parallel_for_split_1050_2000_1850,1050,1850,0,3700,37011100,11105551,1850,46400000,15540000,11103700,3700000,7403700,3700000,0,0,0,3703700,217622,0.2176
distribute_parallel_for_split_1050_2000_1900,1050,1900,0,3800,38011400,11405701,1900,47200000,15960000,11403800,3800000,7603800,3800000,0,0,0,3803800,232195,0.2322
distribute_parallel_for_split_1050_2000_1950,1050,1950,0,3900,39011700,11705851,1950,48000000,16380000,11703900,3900000,7803900,3900000,0,0,0,3903900,168784,0.1688
distribute_parallel_for_split_1050_2000_2000,1050,2000,0,4000,40012000,12006001,2000,48800000,16800000,12004000,4000000,8004000,4000000,0,0,0,4004000,170181,0.1702
distribute_parallel_for_split_1100_1050_1050,1100,1050,0,2100,11031300,3310651,1050,18060000,9240000,3309600,1102500,2207100,1102500,0,0,0,1104600,50933,0.0509
distribute_parallel_for_split_1100_1050_1100,1100,1100,0,2200,11556600,3468301,1100,18480000,9680000,3467200,1155000,2312200,1155000,0,0,0,1157200,101703,0.1017
distribute_parallel_for_split_1100_1050_1150,1100,1150,0,2300,12081900,3625951,1150,18900000,10120000,3624800,1207500,2417300,1207500,0,0,0,1209800,169231,0.1692
distribute_parallel_for_split_1100_1050_1200,1100,1200,0,2400,12607200,3783601,1200,19320000,10560000,3782400,1260000,2522400,1260000,0,0,0,1262400,108893,0.1089
distribute_parallel_for_split_1100_1050_1250,1100,1250,0,2500,13132500,3941251,1250,19740000,11000000,3940000,1312500,2627500,1312500,0,0,0,1315000,56702,0.0567
distribute_parallel_for_split_1100_1050_1300,1100,1300,0,2600,13657800,4098901,1300,20160000,11440000,4097600,1365000,2732600,1365000,0,0,0,1367600,131103,0.1311
distribute_parallel_for_split_1100_1050_1350,1100,1350,0,2700,14183100,4256551,1350,20580000,11880000,4255200,1417500,2837700,1417500,0,0,0,1420200,67046,0.0670
distribute_parallel_for_split_1100_1050_1400,1100,1400,0,2800,14708400,4414201,1400,21000000,12320000,4412800,1470000,2942800,1470000,0,0,0,1472800,73249,0.0732
distribute_parallel_for_split_1100_1050_1450,1100,1450,0,2900,15233700,4571851,1450,21420000,12760000,4570400,1522500,3047900,1522500,0,0,0,1525400,77464,0.0775
distribute_parallel_for_split_1100_1050_1500,1100,1500,0,3000,15759000,4729501,1500,21840000,13200000,4728000,1575000,3153000,1575000,0,0,0,1578000,150444,0.1504
distribute_parallel_for_split_1100_1050_1550,1100,1550,0,3100,16284300,4887151,1550,22260000,13640000,4885600,1627500,3258100,1627500,0,0,0,1630600,88314,0.0883
distribute_parallel_for_split_1100_1050_1600,1100,1600,0,3200,16809600,5044801,1600,22680000,14080000,5043200,1680000,3363200,1680000,0,0,0,1683200,67581,0.0676
distribute_parallel_for_split_1100_1050_1650,1100,1650,0,3300,17334900,5202451,1650,23100000,14520000,5200800,1732500,3468300,1732500,0,0,0,1735800,73148,0.0731
distribute_parallel_for_split_1100_1050_1700,1100,1700,0,3400,17860200,5360101,1700,23520000,14960000,5358400,1785000,3573400,1785000,0,0,0,1788400,71145,0.0711
distribute_parallel_for_split_1100_1050_1750,1100,1750,0,3500,18385500,5517751,1750,23940000,15400000,5516000,1837500,3678500,1837500,0,0,0,1841000,89650,0.0896
distribute_parallel_for_split_1100_1050_1800,1100,1800,0,3600,18910800,5675401,1800,24360000,15840000,5673600,1890000,3783600,1890000,0,0,0,1893600,104380,0.1044
distribute_parallel_for_split_1100_1050_1850,1100,1850,0,3700,19436100,5833051,1850,24780000,16280000,5831200,1942500,3888700,1942500,0,0,0,1946200,169286,0.1693
distribute_parallel_for_split_1100_1050_1900,1100,1900,0,3800,19961400,5990701,1900,25200000,16720000,5988800,1995000,3993800,1995000,0,0,0,1998800,95574,0.0956
distribute_parallel_for_split_1100_1050_1950,1100,1950,0,3900,20486700,6148351,1950,25620000,17160000,6146400,2047500,4098900,2047500,0,0,0,2051400,101282,0.1013
distribute_parallel_for_split_1100_1050_2000,1100,2000,0,4000,21012000,6306001,2000,26040000,17600000,6304000,2100000,4204000,2100000,0,0,0,2104000,133573,0.1336
distribute_parallel_for_split_1100_1100_1050,1100,1050,0,2100,11556300,3468151,1050,18920000,9240000,3467100,1155000,2312100,1155000,0,0,0,1157100,70450,0.0704
distribute_parallel_for_split_1100_1100_1100,1100,1100,0,2200,12106600,3633301,1100,19360000,9680000,3632200,1210000,2422200,1210000,0,0,0,1212200,51943,0.0519
distribute_parallel_for_split_1100_1100_1150,1100,1150,0,2300,12656900,3798451,1150,19800000,10120000,3797300,1265000,2532300,1265000,0,0,0,1267300,198564,0.1986
distribute_parallel_for_split_1100_1100_1200,1100,1200,0,2400,13207200,3963601,1200,20240000,10560000,3962400,1320000,2642400,1320000,0,0,0,1322400,90683,0.0907
distribute_parallel_for_split_1100_1100_1250,1100,1250,0,2500,13757500,4128751,1250,20680000,11000000,4127500,1375000,2752500,1375000,0,0,0,1377500,84110,0.0841
distribute_parallel_for_split_1100_1100_1300,1100,1300,0,2600,14307800,4293901,1300,21120000,11440000,4292600,1430000,2862600,1430000,0,0,0,1432600,67433,0.0674
distribute_parallel_for_split_1100_1100_1350,1100,1350,0,2700,14858100,4459051,1350,21560000,11880000,4457700,1485000,2972700,1485000,0,0,0,1487700,153118,0.1531
distribute_parallel_for_split_1100_1100_1400,1100,1400,0,2800,15408400,4624201,1400,22000000,12320000,4622800,1540000,3082800,1540000,0,0,0,1542800,103832,0.1038
distribute_parallel_for_split_1100_1100_1450,1100,1450,0,2900,15958700,4789351,1450,22440000,12760000,4787900,1595000,3192900,1595000,0,0,0,1597900,108513,0.1085
distribute_parallel_for_split_1100_1100_1500,1100,1500,0,3000,16509000,4954501,1500,22880000,13200000,4953000,1650000,3303000,1650000,0,0,0,1653000,88102,0.0881
distribute_parallel_for_split_1100_1100_1550,1100,1550,0,3100,17059300,5119651,1550,23320000,13640000,5118100,1705000,3413100,1705000,0,0,0,1708100,98602,0.0986
distribute_parallel_for_split_1100_1100_1600,1100,1600,0,3200,17609600,5284801,1600,23760000,14080000,5283200,1760000,3523200,1760000,0,0,0,1763200,78391,0.0784
distribute_parallel_for_split_1100_1100_1650,1100,1650,0,3300,18159900,5449951,1650,24200000,14520000,5448300,1815000,3633300,1815000,0,0,0,1818300,78615,0.0786
distribute_parallel_for_split_1100_1100_1700,1100,1700,0,3400,18710200,5615101,1700,24640000,14960000,5613400,1870000,3743400,1870000,0,0,0,1873400,85359,0.0854
distribute_parallel_for_split_1100_1100_1750,1100,1750,0,3500,19260500,5780251,1750,25080000,15400000,5778500,1925000,3853500,1925000,0,0,0,1928500,272505,0.2725
distribute_parallel_for_split_1100_1100_1800,1100,1800,0,3600,19810800,5945401,1800,25520000,15840000,5943600,1980000,3963600,1980000,0,0,0,1983600,97829,0.0978
distribute_parallel_for_split_1100_1100_1850,1100,1850,0,3700,20361100,6110551,1850,25960000,16280000,6108700,2035000,4073700,2035000,0,0,0,2038700,92694,0.0927
distribute_parallel_for_split_1100_1100_1900,1100,1900,0,3800,20911400,6275701,1900,26400000,16720000,6273800,2090000,4183800,2090000,0,0,0,2093800,90360,0.0904
distribute_parallel_for_split_1100_1100_1950,1100,1950,0,3900,21461700,6440851,1950,26840000,17160000,6438900,2145000,4293900,2145000,0,0,0,2148900,146027,0.1460
distribute_parallel_for_split_1100_1100_2000,1100,2000,0,4000,22012000,6606001,2000,27280000,17600000,6604000,2200000,4404000,2200000,0,0,0,2204000,178544,0.1785
distribute_parallel_for_split_1100_1150_1050,1100,1050,0,2100,12081300,3625651,1050,19780000,9240000,3624600,1207500,2417100,1207500,0,0,0,1209600,68342,0.0683
distribute_parallel_for_split_1100_1150_1100,1100,1100,0,2200,12656600,3798301,1100,20240000,9680000,3797200,1265000,2532200,1265000,0,0,0,1267200,61403,0.0614
distribute_parallel_for_split_1100_1150_1150,1100,1150,0,2300,13231900,3970951,1150,20700000,10120000,3969800,1322500,2647300,1322500,0,0,0,1324800,59367,0.0594
distribute_parallel_for_split_1100_1150_1200,1100,1200,0,2400,13807200,4143601,1200,21160000,10560000,4142400,1380000,2762400,1380000,0,0,0,1382400,58497,0.0585
distribute_parallel_for_split_1100_1150_1250,1100,1250,0,2500,14382500,4316251,1250,21620000,11000000,4315000,1437500,2877500,1437500,0,0,0,1440000,67011,0.0670
distribute_parallel_for_split_1100_1150_1300,1100,1300,0,2600,14957800,4488901,1300,22080000,11440000,4487600,1495000,2992600,1495000,0,0,0,1497600,69882,0.0699
distribute_parallel_for_split_1100_1150_1350,1100,1350,0,2700,15533100,4661551,1350,22540000,11880000,4660200,1552500,3107700,1552500,0,0,0,1555200,121498,0.1215
distribute_parallel_for_split_1100_1150_1400,1100,1400,0,2800,16108400,4834201,1400,23000000,12320000,4832800,1610000,3222800,1610000,0,0,0,1612800,116791,0.1168
distribute_parallel_for_split_1100_1150_1450,1100,1450,0,2900,16683700,5006851,1450,23460000,12760000,5005400,1667500,3337900,1667500,0,0,0,1670400,69282,0.0693
distribute_parallel_for_split_1100_1150_1500,1100,1500,0,3000,17259000,5179501,1500,23920000,13200000,5178000,1725000,3453000,1725000,0,0,0,1728000,77979,0.0780
distribute_parallel_for_split_1100_1150_1550,1100,1550,0,3100,17834300,5352151,1550,24380000,13640000,5350600,1782500,3568100,1782500,0,0,0,1785600,139788,0.1398
distribute_parallel_for_split_1100_1150_1600,1100,1600,0,3200,18409600,5524801,1600,24840000,14080000,5523200,1840000,3683200,1840000,0,0,0,1843200,75773,0.0758
distribute_parallel_for_split_1100_1150_1650,1100,1650,0,3300,18984900,5697451,1650,25300000,14520000,5695800,1897500,3798300,1897500,0,0,0,1900800,113621,0.1136
distribute_parallel_for_split_1100_1150_1700,1100,1700,0,3400,19560200,5870101,1700,25760000,14960000,5868400,1955000,3913400,1955000,0,0,0,1958400,102146,0.1021
distribute_parallel_for_split_1100_1150_1750,1100,1750,0,3500,20135500,6042751,1750,26220000,15400000,6041000,2012500,4028500,2012500,0,0,0,2016000,80988,0.0810
distribute_parallel_for_split_1100_1150_1800,1100,1800,0,3600,20710800,6215401,1800,26680000,15840000,6213600,2070000,4143600,2070000,0,0,0,2073600,88655,0.0887
distribute_parallel_for_split_1100_1150_1850,1100,1850,0,3700,21286100,6388051,1850,27140000,16280000,6386200,2127500,4258700,2127500,0,0,0,2131200,119804,0.1198
distribute_parallel_for_split_1100_1150_1900,1100,1900,0,3800,21861400,6560701,1900,27600000,16720000,6558800,2185000,4373800,2185000,0,0,0,2188800,86270,0.0863
distribute_parallel_for_split_1100_1150_1950,1100,1950,0,3900,22436700,6733351,1950,28060000,17160000,6731400,2242500,4488900,2242500,0,0,0,2246400,117794,0.1178
distribute_parallel_for_split_1100_1150_2000,1100,2000,0,4000,23012000,6906001,2000,28520000,17600000,6904000,2300000,4604000,2300000,0,0,0,2304000,130073,0.1301
distribute_parallel_for_split_1100_1200_1050,1100,1050,0,2100,12606300,3783151,1050,20640000,9240000,3782100,1260000,2522100,1260000,0,0,0,1262100,58872,0.0589
distribute_parallel_for_split_1100_1200_1100,1100,1100,0,2200,13206600,3963301,1100,21120000,9680000,3962200,1320000,2642200,1320000,0,0,0,1322200,77156,0.0772
distribute_parallel_for_split_1100_1200_1150,1100,1150,0,2300,13806900,4143451,1150,21600000,10120000,4142300,1380000,2762300,1380000,0,0,0,1382300,70104,0.0701
distribute_parallel_for_split_1100_1200_1200,1100,1200,0,2400,14407200,4323601,1200,22080000,10560000,4322400,1440000,2882400,1440000,0,0,0,1442400,165982,0.1660
distribute_parallel_for_split_1100_1200_1250,1100,1250,0,2500,15007500,4503751,1250,22560000,11000000,4502500,1500000,3002500,1500000,0,0,0,1502500,85905,0.0859
distribute_parallel_for_split_1100_1200_1300,1100,1300,0,2600,15607800,4683901,1300,23040000,11440000,4682600,1560000,3122600,1560000,0,0,0,1562600,82238,0.0822
distribute_parallel_for_split_1100_1200_1350,1100,1350,0,2700,16208100,4864051,1350,23520000,11880000,4862700,1620000,3242700,1620000,0,0,0,1622700,89039,0.0890
distribute_parallel_for_split_1100_1200_1400,1100,1400,0,2800,16808400,5044201,1400,24000000,12320000,5042800,1680000,3362800,1680000,0,0,0,1682800,76638,0.0766
distribute_parallel_for_split_1100_1200_1450,1100,1450,0,2900,17408700,5224351,1450,24480000,12760000,5222900,1740000,3482900,1740000,0,0,0,1742900,177725,0.1777
distribute_parallel_for_split_1100_1200_1500,1100,1500,0,3000,18009000,5404501,1500,24960000,13200000,5403000,1800000,3603000,1800000,0,0,0,1803000,91606,0.0916
distribute_parallel_for_split_1100_1200_1550,1100,1550,0,3100,18609300,5584651,1550,25440000,13640000,5583100,1860000,3723100,1860000,0,0,0,1863100,145192,0.1452
distribute_parallel_for_split_1100_1200_1600,1100,1600,0,3200,19209600,5764801,1600,25920000,14080000,5763200,1920000,3843200,1920000,0,0,0,1923200,86801,0.0868
distribute_parallel_for_split_1100_1200_1650,1100,1650,0,3300,19809900,5944951,1650,26400000,14520000,5943300,1980000,3963300,1980000,0,0,0,1983300,170459,0.1705
distribute_parallel_for_split_1100_1200_1700,1100,1700,0,3400,20410200,6125101,1700,26880000,14960000,6123400,2040000,4083400,2040000,0,0,0,2043400,130255,0.1303
distribute_parallel_for_split_1100_1200_1750,1100,1750,0,3500,21010500,6305251,1750,27360000,15400000,6303500,2100000,4203500,2100000,0,0,0,2103500,104954,0.1050
distribute_parallel_for_split_1100_1200_1800,1100,1800,0,3600,21610800,6485401,1800,27840000,15840000,6483600,2160000,4323600,2160000,0,0,0,2163600,139168,0.1392
distribute_parallel_for_split_1100_1200_1850,1100,1850,0,3700,22211100,6665551,1850,28320000,16280000,6663700,2220000,4443700,2220000,0,0,0,2223700,121635,0.1216
distribute_parallel_for_split_1100_1200_1900,1100,1900,0,3800,22811400,6845701,1900,28800000,16720000,6843800,2280000,4563800,2280000,0,0,0,2283800,99002,0.0990
distribute_parallel_for_split_1100_1200_1950,1100,1950,0,3900,23411700,7025851,1950,29280000,17160000,7023900,2340000,4683900,2340000,0,0,0,2343900,105454,0.1055
distribute_parallel_for_split_1100_1200_2000,1100,2000,0,4000,24012000,7206001,2000,29760000,17600000,7204000,2400000,4804000,2400000,0,0,0,2404000,99058,0.0991
distribute_parallel_for_split_1100_1250_1050,1100,1050,0,2100,13131300,3940651,1050,21500000,9240000,3939600,1312500,2627100,1312500,0,0,0,1314600,151628,0.1516
distribute_parallel_for_split_1100_1250_1100,1100,1100,0,2200,13756600,4128301,1100,22000000,9680000,4127200,1375000,2752200,1375000,0,0,0,1377200,102731,0.1027
distribute_parallel_for_split_1100_1250_1150,1100,1150,0,2300,14381900,4315951,1150,22500000,10120000,4314800,1437500,2877300,1437500,0,0,0,1439800,220619,0.2206
distribute_parallel_for_split_1100_1250_1200,1100,1200,0,2400,15007200,4503601,1200,23000000,10560000,4502400,1500000,3002400,1500000,0,0,0,1502400,94644,0.0946
distribute_parallel_for_split_1100_1250_1250,1100,1250,0,2500,15632500,4691251,1250,23500000,11000000,4690000,1562500,3127500,1562500,0,0,0,1565000,68592,0.0686
distribute_parallel_for_split_1100_1250_1300,1100,1300,0,2600,16257800,4878901,1300,24000000,11440000,4877600,1625000,3252600,1625000,0,0,0,1627600,117400,0.1174
distribute_parallel_for_split_1100_1250_1350,1100,1350,0,2700,16883100,5066551,1350,24500000,11880000,5065200,1687500,3377700,1687500,0,0,0,1690200,84645,0.0846
distribute_parallel_for_split_1100_1250_1400,1100,1400,0,2800,17508400,5254201,1400,25000000,12320000,5252800,1750000,3502800,1750000,0,0,0,1752800,68007,0.0680
distribute_parallel_for_split_1100_1250_1450,1100,1450,0,2900,18133700,5441851,1450,25500000,12760000,5440400,1812500,3627900,1812500,0,0,0,1815400,99217,0.0992
distribute_parallel_for_split_1100_1250_1500,1100,1500,0,3000,18759000,5629501,1500,26000000,13200000,5628000,1875000,3753000,1875000,0,0,0,1878000,81366,0.0814
distribute_parallel_for_split_1100_1250_1550,1100,1550,0,3100,19384300,5817151,1550,26500000,13640000,5815600,1937500,3878100,1937500,0,0,0,1940600,79203,0.0792
distribute_parallel_for_split_1100_1250_1600,1100,1600,0,3200,20009600,6004801,1600,27000000,14080000,6003200,2000000,4003200,2000000,0,0,0,2003200,92073,0.0921
distribute_parallel_for_split_1100_1250_1650,1100,1650,0,3300,20634900,6192451,1650,27500000,14520000,6190800,2062500,4128300,2062500,0,0,0,2065800,93146,0.0931
distribute_parallel_for_split_1100_1250_1700,1100,1700,0,3400,21260200,6380101,1700,28000000,14960000,6378400,2125000,4253400,2125000,0,0,0,2128400,138956,0.1390
distribute_parallel_for_split_1100_1250_1750,1100,1750,0,3500,21885500,6567751,1750,28500000,15400000,6566000,2187500,4378500,2187500,0,0,0,2191000,109869,0.1099
distribute_parallel_for_split_1100_1250_1800,1100,1800,0,3600,22510800,6755401,1800,29000000,15840000,6753600,2250000,4503600,2250000,0,0,0,2253600,221584,0.2216
distribute_parallel_for_split_1100_1250_1850,1100,1850,0,3700,23136100,6943051,1850,29500000,16280000,6941200,2312500,4628700,2312500,0,0,0,2316200,90302,0.0903
distribute_parallel_for_split_1100_1250_1900,1100,1900,0,3800,23761400,7130701,1900,30000000,16720000,7128800,2375000,4753800,2375000,0,0,0,2378800,235392,0.2354
distribute_parallel_for_split_1100_1250_1950,1100,1950,0,3900,24386700,7318351,1950,30500000,17160000,7316400,2437500,4878900,2437500,0,0,0,2441400,131374,0.1314
distribute_parallel_for_split_1100_1250_2000,1100,2000,0,4000,25012000,7506001,2000,31000000,17600000,7504000,2500000,5004000,2500000,0,0,0,2504000,134018,0.1340
distribute_parallel_for_split_1100_1300_1050,1100,1050,0,2100,13656300,4098151,1050,22360000,9240000,4097100,1365000,2732100,1365000,0,0,0,1367100,81695,0.0817
distribute_parallel_for_split_1100_1300_1100,1100,1100,0,2200,14306600,4293301,1100,22880000,9680000,4292200,1430000,2862200,1430000,0,0,0,1432200,108700,0.1087
distribute_parallel_for_split_1100_1300_1150,1100,1150,0,2300,14956900,4488451,1150,23400000,10120000,4487300,1495000,2992300,1495000,0,0,0,1497300,66141,0.0661
distribute_parallel_for_split_1100_1300_1200,1100,1200,0,2400,15607200,4683601,1200,23920000,10560000,4682400,1560000,3122400,1560000,0,0,0,1562400,110666,0.1107
distribute_parallel_for_split_1100_1300_1250,1100,1250,0,2500,16257500,4878751,1250,24440000,11000000,4877500,1625000,3252500,1625000,0,0,0,1627500,107090,0.1071
distribute_parallel_for_split_1100_1300_1300,1100,1300,0,2600,16907800,5073901,1300,24960000,11440000,5072600,1690000,3382600,1690000,0,0,0,1692600,66859,0.0669
distribute_parallel_for_split_1100_1300_1350,1100,1350,0,2700,17558100,5269051,1350,25480000,11880000,5267700,1755000,3512700,1755000,0,0,0,1757700,73238,0.0732
distribute_parallel_for_split_1100_1300_1400,1100,1400,0,2800,18208400,5464201,1400,26000000,12320000,5462800,1820000,3642800,1820000,0,0,0,1822800,80851,0.0809
distribute_parallel_for_split_1100_1300_1450,1100,1450,0,2900,18858700,5659351,1450,26520000,12760000,5657900,1885000,3772900,1885000,0,0,0,1887900,104426,0.1044
distribute_parallel_for_split_1100_1300_1500,1100,1500,0,3000,19509000,5854501,1500,27040000,13200000,5853000,1950000,3903000,1950000,0,0,0,1953000,143145,0.1431
distribute_parallel_for_split_1100_1300_1550,1100,1550,0,3100,20159300,6049651,1550,27560000,13640000,6048100,2015000,4033100,2015000,0,0,0,2018100,89645,0.0896
distribute_parallel_for_split_1100_1300_1600,1100,1600,0,3200,20809600,6244801,1600,28080000,14080000,6243200,2080000,4163200,2080000,0,0,0,2083200,171989,0.1720
distribute_parallel_for_split_1100_1300_1650,1100,1650,0,3300,21459900,6439951,1650,28600000,14520000,6438300,2145000,4293300,2145000,0,0,0,2148300,94352,0.0944
distribute_parallel_for_split_1100_1300_1700,1100,1700,0,3400,22110200,6635101,1700,29120000,14960000,6633400,2210000,4423400,2210000,0,0,0,2213400,181657,0.1817
distribute_parallel_for_split_1100_1300_1750,1100,1750,0,3500,22760500,6830251,1750,29640000,15400000,6828500,2275000,4553500,2275000,0,0,0,2278500,139704,0.1397
distribute_parallel_for_split_1100_1300_1800,1100,1800,0,3600,23410800,7025401,1800,30160000,15840000,7023600,2340000,4683600,2340000,0,0,0,2343600,149475,0.1495
distribute_parallel_for_split_1100_1300_1850,1100,1850,0,3700,24061100,7220551,1850,30680000,16280000,7218700,2405000,4813700,2405000,0,0,0,2408700,95882,0.0959
distribute_parallel_for_split_1100_1300_1900,1100,1900,0,3800,24711400,7415701,1900,31200000,16720000,7413800,2470000,4943800,2470000,0,0,0,2473800,189352,0.1894
distribute_parallel_for_split_1100_1300_1950,1100,1950,0,3900,25361700,7610851,1950,31720000,17160000,7608900,2535000,5073900,2535000,0,0,0,2538900,107661,0.1077
distribute_parallel_for_split_1100_1300_2000,1100,2000,0,4000,26012000,7806001,2000,32240000,17600000,7804000,2600000,5204000,2600000,0,0,0,2604000,109038,0.1090
distribute_parallel_for_split_1100_1350_1050,1100,1050,0,2100,14181300,4255651,1050,23220000,9240000,4254600,1417500,2837100,1417500,0,0,0,1419600,99956,0.1000
distribute_parallel_for_split_1100_1350_1100,1100,1100,0,2200,14856600,4458301,1100,23760000,9680000,4457200,1485000,2972200,1485000,0,0,0,1487200,69373,0.0694
distribute_parallel_for_split_1100_1350_1150,1100,1150,0,2300,15531900,4660951,1150,24300000,10120000,4659800,1552500,3107300,1552500,0,0,0,1554800,83639,0.0836
distribute_parallel_for_split_1100_1350_1200,1100,1200,0,2400,16207200,4863601,1200,24840000,10560000,4862400,1620000,3242400,1620000,0,0,0,1622400,79897,0.0799
distribute_parallel_for_split_1100_1350_1250,1100,1250,0,2500,16882500,5066251,1250,25380000,11000000,5065000,1687500,3377500,1687500,0,0,0,1690000,69565,0.0696
distribute_parallel_for_split_1100_1350_1300,1100,1300,0,2600,17557800,5268901,1300,25920000,11440000,5267600,1755000,3512600,1755000,0,0,0,1757600,121130,0.1211
distribute_parallel_for_split_1100_1350_1350,1100,1350,0,2700,18233100,5471551,1350,26460000,11880000,5470200,1822500,3647700,1822500,0,0,0,1825200,78683,0.0787
distribute_parallel_for_split_1100_1350_1400,1100,1400,0,2800,18908400,5674201,1400,27000000,12320000,5672800,1890000,3782800,1890000,0,0,0,1892800,147562,0.1476
distribute_parallel_for_split_1100_1350_1450,1100,1450,0,2900,19583700,5876851,1450,27540000,12760000,5875400,1957500,3917900,1957500,0,0,0,1960400,98062,0.0981
distribute_parallel_for_split_1100_1350_1500,1100,1500,0,3000,20259000,6079501,1500,28080000,13200000,6078000,2025000,4053000,2025000,0,0,0,2028000,94200,0.0942
distribute_parallel_for_split_1100_1350_1550,1100,1550,0,3100,20934300,6282151,1550,28620000,13640000,6280600,2092500,4188100,2092500,0,0,0,2095600,92206,0.0922
distribute_parallel_for_split_1100_1350_1600,1100,1600,0,3200,21609600,6484801,1600,29160000,14080000,6483200,2160000,4323200,2160000,0,0,0,2163200,91591,0.0916
distribute_parallel_for_split_1100_1350_1650,1100,1650,0,3300,22284900,6687451,1650,29700000,14520000,6685800,2227500,4458300,2227500,0,0,0,2230800,126261,0.1263
distribute_parallel_for_split_1100_1350_1700,1100,1700,0,3400,22960200,6890101,1700,30240000,14960000,6888400,2295000,4593400,2295000,0,0,0,2298400,154205,0.1542
distribute_parallel_for_split_1100_1350_1750,1100,1750,0,3500,23635500,7092751,1750,30780000,15400000,7091000,2362500,4728500,2362500,0,0,0,2366000,111073,0.1111
distribute_parallel_for_split_1100_1350_1800,1100,1800,0,3600,24310800,7295401,1800,31320000,15840000,7293600,2430000,4863600,2430000,0,0,0,2433600,96306,0.0963
distribute_parallel_for_split_1100_1350_1850,1100,1850,0,3700,24986100,7498051,1850,31860000,16280000,7496200,2497500,4998700,2497500,0,0,0,2501200,157694,0.1577
distribute_parallel_for_split_1100_1350_1900,1100,1900,0,3800,25661400,7700701,1900,32400000,16720000,7698800,2565000,5133800,2565000,0,0,0,2568800,191319,0.1913
distribute_parallel_for_split_1100_1350_1950,1100,1950,0,3900,26336700,7903351,1950,32940000,17160000,7901400,2632500,5268900,2632500,0,0,0,2636400,164882,0.1649
distribute_parallel_for_split_1100_1350_2000,1100,2000,0,4000,27012000,8106001,2000,33480000,17600000,8104000,2700000,5404000,2700000,0,0,0,2704000,101443,0.1014
distribute_parallel_for_split_1100_1400_1050,1100,1050,0,2100,14706300,4413151,1050,24080000,9240000,4412100,1470000,2942100,1470000,0,0,0,1472100,64851,0.0649
distribute_parallel_for_split_1100_1400_1100,1100,1100,0,2200,15406600,4623301,1100,24640000,9680000,4622200,1540000,3082200,1540000,0,0,0,1542200,142475,0.1425
distribute_parallel_for_split_1100_1400_1150,1100,1150,0,2300,16106900,4833451,1150,25200000,10120000,4832300,1610000,3222300,1610000,0,0,0,1612300,99879,0.0999
distribute_parallel_for_split_1100_1400_1200,1100,1200,0,2400,16807200,5043601,1200,25760000,10560000,5042400,1680000,3362400,1680000,0,0,0,1682400,73759,0.0738
distribute_parallel_for_split_1100_1400_1250,1100,1250,0,2500,17507500,5253751,1250,26320000,11000000,5252500,1750000,3502500,1750000,0,0,0,1752500,74616,0.0746
distribute_parallel_for_split_1100_1400_1300,1100,1300,0,2600,18207800,5463901,1300,26880000,11440000,5462600,1820000,3642600,1820000,0,0,0,1822600,94720,0.0947
distribute_parallel_for_split_1100_1400_1350,1100,1350,0,2700,18908100,5674051,1350,27440000,11880000,5672700,1890000,3782700,1890000,0,0,0,1892700,105268,0.1053
distribute_parallel_for_split_1100_1400_1400,1100,1400,0,2800,19608400,5884201,1400,28000000,12320000,5882800,1960000,3922800,1960000,0,0,0,1962800,79679,0.0797
distribute_parallel_for_split_1100_1400_1450,1100,1450,0,2900,20308700,6094351,1450,28560000,12760000,6092900,2030000,4062900,2030000,0,0,0,2032900,135890,0.1359
distribute_parallel_for_split_1100_1400_1500,1100,1500,0,3000,21009000,6304501,1500,29120000,13200000,6303000,2100000,4203000,2100000,0,0,0,2103000,107369,0.1074
distribute_parallel_for_split_1100_1400_1550,1100,1550,0,3100,21709300,6514651,1550,29680000,13640000,6513100,2170000,4343100,2170000,0,0,0,2173100,222870,0.2229
distribute_parallel_for_split_1100_1400_1600,1100,1600,0,3200,22409600,6724801,1600,30240000,14080000,6723200,2240000,4483200,2240000,0,0,0,2243200,88285,0.0883
distribute_parallel_for_split_1100_1400_1650,1100,1650,0,3300,23109900,6934951,1650,30800000,14520000,6933300,2310000,4623300,2310000,0,0,0,2313300,100552,0.1006
distribute_parallel_for_split_1100_1400_1700,1100,1700,0,3400,23810200,7145101,1700,31360000,14960000,7143400,2380000,4763400,2380000,0,0,0,2383400,139082,0.1391
distribute_parallel_for_split_1100_1400_1750,1100,1750,0,3500,24510500,7355251,1750,31920000,15400000,7353500,2450000,4903500,2450000,0,0,0,2453500,125085,0.1251
distribute_parallel_for_split_1100_1400_1800,1100,1800,0,3600,25210800,7565401,1800,32480000,15840000,7563600,2520000,5043600,2520000,0,0,0,2523600,130391,0.1304
distribute_parallel_for_split_1100_1400_1850,1100,1850,0,3700,25911100,7775551,1850,33040000,16280000,7773700,2590000,5183700,2590000,0,0,0,2593700,258150,0.2581
distribute_parallel_for_split_1100_1400_1900,1100,1900,0,3800,26611400,7985701,1900,33600000,16720000,7983800,2660000,5323800,2660000,0,0,0,2663800,120737,0.1207
distribute_parallel_for_split_1100_1400_1950,1100,1950,0,3900,27311700,8195851,1950,34160000,17160000,8193900,2730000,5463900,2730000,0,0,0,2733900,140257,0.1403
distribute_parallel_for_split_1100_1400_2000,1100,2000,0,4000,28012000,8406001,2000,34720000,17600000,8404000,2800000,5604000,2800000,0,0,0,2804000,191035,0.1910
distribute_parallel_for_split_1100_1450_1050,1100,1050,0,2100,15231300,4570651,1050,24940000,9240000,4569600,1522500,3047100,1522500,0,0,0,1524600,77174,0.0772
distribute_parallel_for_split_1100_1450_1100,1100,1100,0,2200,15956600,4788301,1100,25520000,9680000,4787200,1595000,3192200,1595000,0,0,0,1597200,187295,0.1873
distribute_parallel_for_split_1100_1450_1150,1100,1150,0,2300,16681900,5005951,1150,26100000,10120000,5004800,1667500,3337300,1667500,0,0,0,1669800,161458,0.1615
distribute_parallel_for_split_1100_1450_1200,1100,1200,0,2400,17407200,5223601,1200,26680000,10560000,5222400,1740000,3482400,1740000,0,0,0,1742400,91393,0.0914
distribute_parallel_for_split_1100_1450_1250,1100,1250,0,2500,18132500,5441251,1250,27260000,11000000,5440000,1812500,3627500,1812500,0,0,0,1815000,151351,0.1514
distribute_parallel_for_split_1100_1450_1300,1100,1300,0,2600,18857800,5658901,1300,27840000,11440000,5657600,1885000,3772600,1885000,0,0,0,1887600,95709,0.0957
distribute_parallel_for_split_1100_1450_1350,1100,1350,0,2700,19583100,5876551,1350,28420000,11880000,5875200,1957500,3917700,1957500,0,0,0,1960200,91847,0.0918
distribute_parallel_for_split_1100_1450_1400,1100,1400,0,2800,20308400,6094201,1400,29000000,12320000,6092800,2030000,4062800,2030000,0,0,0,2032800,90492,0.0905
distribute_parallel_for_split_1100_1450_1450,1100,1450,0,2900,21033700,6311851,1450,29580000,12760000,6310400,2102500,4207900,2102500,0,0,0,2105400,110942,0.1109
distribute_parallel_for_split_1100_1450_1500,1100,1500,0,3000,21759000,6529501,1500,30160000,13200000,6528000,2175000,4353000,2175000,0,0,0,2178000,188063,0.1881
distribute_parallel_for_split_1100_1450_1550,1100,1550,0,3100,22484300,6747151,1550,30740000,13640000,6745600,2247500,4498100,2247500,0,0,0,2250600,108258,0.1083
distribute_parallel_for_split_1100_1450_1600,1100,1600,0,3200,23209600,6964801,1600,31320000,14080000,6963200,2320000,4643200,2320000,0,0,0,2323200,92977,0.0930
distribute_parallel_for_split_1100_1450_1650,1100,1650,0,3300,23934900,7182451,1650,31900000,14520000,7180800,2392500,4788300,2392500,0,0,0,2395800,98644,0.0986
distribute_parallel_for_split_1100_1450_1700,1100,1700,0,3400,24660200,7400101,1700,32480000,14960000,7398400,2465000,4933400,2465000,0,0,0,2468400,116421,0.1164
distribute_parallel_for_split_1100_1450_1750,1100,1750,0,3500,25385500,7617751,1750,33060000,15400000,7616000,2537500,5078500,2537500,0,0,0,2541000,138311,0.1383
distribute_parallel_for_split_1100_1450_1800,1100,1800,0,3600,26110800,7835401,1800,33640000,15840000,7833600,2610000,5223600,2610000,0,0,0,2613600,109818,0.1098
distribute_parallel_for_split_1100_1450_1850,1100,1850,0,3700,26836100,8053051,1850,34220000,16280000,8051200,2682500,5368700,2682500,0,0,0,2686200,121972,0.1220
distribute_parallel_for_split_1100_1450_1900,1100,1900,0,3800,27561400,8270701,1900,34800000,16720000,8268800,2755000,5513800,2755000,0,0,0,2758800,195965,0.1960
distribute_parallel_for_split_1100_1450_1950,1100,1950,0,3900,28286700,8488351,1950,35380000,17160000,8486400,2827500,5658900,2827500,0,0,0,2831400,227896,0.2279
distribute_parallel_for_split_1100_1450_2000,1100,2000,0,4000,29012000,8706001,2000,35960000,17600000,8704000,2900000,5804000,2900000,0,0,0,2904000,107952,0.1080
distribute_parallel_for_split_1100_1500_1050,1100,1050,0,2100,15756300,4728151,1050,25800000,9240000,4727100,1575000,3152100,1575000,0,0,0,1577100,66652,0.0667
distribute_parallel_for_split_1100_1500_1100,1100,1100,0,2200,16506600,4953301,1100,26400000,9680000,4952200,1650000,3302200,1650000,0,0,0,1652200,73082,0.0731
distribute_parallel_for_split_1100_1500_1150,1100,1150,0,2300,17256900,5178451,1150,27000000,10120000,5177300,1725000,3452300,1725000,0,0,0,1727300,169906,0.1699
distribute_parallel_for_split_1100_1500_1200,1100,1200,0,2400,18007200,5403601,1200,27600000,10560000,5402400,1800000,3602400,1800000,0,0,0,1802400,160051,0.1601
distribute_parallel_for_split_1100_1500_1250,1100,1250,0,2500,18757500,5628751,1250,28200000,11000000,5627500,1875000,3752500,1875000,0,0,0,1877500,99763,0.0998
distribute_parallel_for_split_1100_1500_1300,1100,1300,0,2600,19507800,5853901,1300,28800000,11440000,5852600,1950000,3902600,1950000,0,0,0,1952600,99249,0.0992
distribute_parallel_for_split_1100_1500_1350,1100,1350,0,2700,20258100,6079051,1350,29400000,11880000,6077700,2025000,4052700,2025000,0,0,0,2027700,103683,0.1037
distribute_parallel_for_split_1100_1500_1400,1100,1400,0,2800,21008400,6304201,1400,30000000,12320000,6302800,2100000,4202800,2100000,0,0,0,2102800,102088,0.1021
distribute_parallel_for_split_1100_1500_1450,1100,1450,0,2900,21758700,6529351,1450,30600000,12760000,6527900,2175000,4352900,2175000,0,0,0,2177900,237050,0.2371
distribute_parallel_for_split_1100_1500_1500,1100,1500,0,3000,22509000,6754501,1500,31200000,13200000,6753000,2250000,4503000,2250000,0,0,0,2253000,202634,0.2026
distribute_parallel_for_split_1100_1500_1550,1100,1550,0,3100,23259300,6979651,1550,31800000,13640000,6978100,2325000,4653100,2325000,0,0,0,2328100,104321,0.1043
distribute_parallel_for_split_1100_1500_1600,1100,1600,0,3200,24009600,7204801,1600,32400000,14080000,7203200,2400000,4803200,2400000,0,0,0,2403200,131780,0.1318
distribute_parallel_for_split_1100_1500_1650,1100,1650,0,3300,24759900,7429951,1650,33000000,14520000,7428300,2475000,4953300,2475000,0,0,0,2478300,109424,0.1094
distribute_parallel_for_split_1100_1500_1700,1100,1700,0,3400,25510200,7655101,1700,33600000,14960000,7653400,2550000,5103400,2550000,0,0,0,2553400,101149,0.1011
distribute_parallel_for_split_1100_1500_1750,1100,1750,0,3500,26260500,7880251,1750,34200000,15400000,7878500,2625000,5253500,2625000,0,0,0,2628500,119160,0.1192
distribute_parallel_for_split_1100_1500_1800,1100,1800,0,3600,27010800,8105401,1800,34800000,15840000,8103600,2700000,5403600,2700000,0,0,0,2703600,185528,0.1855
distribute_parallel_for_split_1100_1500_1850,1100,1850,0,3700,27761100,8330551,1850,35400000,16280000,8328700,2775000,5553700,2775000,0,0,0,2778700,114744,0.1147
distribute_parallel_for_split_1100_1500_1900,1100,1900,0,3800,28511400,8555701,1900,36000000,16720000,8553800,2850000,5703800,2850000,0,0,0,2853800,167332,0.1673
distribute_parallel_for_split_1100_1500_1950,1100,1950,0,3900,29261700,8780851,1950,36600000,17160000,8778900,2925000,5853900,2925000,0,0,0,2928900,278204,0.2782
distribute_parallel_for_split_1100_1500_2000,1100,2000,0,4000,30012000,9006001,2000,37200000,17600000,9004000,3000000,6004000,3000000,0,0,0,3004000,161239,0.1612
distribute_parallel_for_split_1100_1550_1050,1100,1050,0,2100,16281300,4885651,1050,26660000,9240000,4884600,1627500,3257100,1627500,0,0,0,1629600,175547,0.1755
distribute_parallel_for_split_1100_1550_1100,1100,1100,0,2200,17056600,5118301,1100,27280000,9680000,5117200,1705000,3412200,1705000,0,0,0,1707200,70113,0.0701
distribute_parallel_for_split_1100_1550_1150,1100,1150,0,2300,17831900,5350951,1150,27900000,10120000,5349800,1782500,3567300,1782500,0,0,0,1784800,130149,0.1301
distribute_parallel_for_split_1100_1550_1200,1100,1200,0,2400,18607200,5583601,1200,28520000,10560000,5582400,1860000,3722400,1860000,0,0,0,1862400,79779,0.0798
distribute_parallel_for_split_1100_1550_1250,1100,1250,0,2500,19382500,5816251,1250,29140000,11000000,5815000,1937500,3877500,1937500,0,0,0,1940000,80442,0.0804
distribute_parallel_for_split_1100_1550_1300,1100,1300,0,2600,20157800,6048901,1300,29760000,11440000,6047600,2015000,4032600,2015000,0,0,0,2017600,89486,0.0895
distribute_parallel_for_split_1100_1550_1350,1100,1350,0,2700,20933100,6281551,1350,30380000,11880000,6280200,2092500,4187700,2092500,0,0,0,2095200,96413,0.0964
distribute_parallel_for_split_1100_1550_1400,1100,1400,0,2800,21708400,6514201,1400,31000000,12320000,6512800,2170000,4342800,2170000,0,0,0,2172800,195267,0.1953
distribute_parallel_for_split_1100_1550_1450,1100,1450,0,2900,22483700,6746851,1450,31620000,12760000,6745400,2247500,4497900,2247500,0,0,0,2250400,126618,0.1266
distribute_parallel_for_split_1100_1550_1500,1100,1500,0,3000,23259000,6979501,1500,32240000,13200000,6978000,2325000,4653000,2325000,0,0,0,2328000,119677,0.1197
distribute_parallel_for_split_1100_1550_1550,1100,1550,0,3100,24034300,7212151,1550,32860000,13640000,7210600,2402500,4808100,2402500,0,0,0,2405600,102185,0.1022
distribute_parallel_for_split_1100_1550_1600,1100,1600,0,3200,24809600,7444801,1600,33480000,14080000,7443200,2480000,4963200,2480000,0,0,0,2483200,95667,0.0957
distribute_parallel_for_split_1100_1550_1650,1100,1650,0,3300,25584900,7677451,1650,34100000,14520000,7675800,2557500,5118300,2557500,0,0,0,2560800,103517,0.1035
distribute_parallel_for_split_1100_1550_1700,1100,1700,0,3400,26360200,7910101,1700,34720000,14960000,7908400,2635000,5273400,2635000,0,0,0,2638400,228807,0.2288
distribute_parallel_for_split_1100_1550_1750,1100,1750,0,3500,27135500,8142751,1750,35340000,15400000,8141000,2712500,5428500,2712500,0,0,0,2716000,107509,0.1075
distribute_parallel_for_split_1100_1550_1800,1100,1800,0,3600,27910800,8375401,1800,35960000,15840000,8373600,2790000,5583600,2790000,0,0,0,2793600,143383,0.1434
distribute_parallel_for_split_1100_1550_1850,1100,1850,0,3700,28686100,8608051,1850,36580000,16280000,8606200,2867500,5738700,2867500,0,0,0,2871200,205684,0.2057
distribute_parallel_for_split_1100_1550_1900,1100,1900,0,3800,29461400,8840701,1900,37200000,16720000,8838800,2945000,5893800,2945000,0,0,0,2948800,127369,0.1274
distribute_parallel_for_split_1100_1550_1950,1100,1950,0,3900,30236700,9073351,1950,37820000,17160000,9071400,3022500,6048900,3022500,0,0,0,3026400,125108,0.1251
distribute_parallel_for_split_1100_1550_2000,1100,2000,0,4000,31012000,9306001,2000,38440000,17600000,9304000,3100000,6204000,3100000,0,0,0,3104000,116491,0.1165
distribute_parallel_for_split_1100_1600_1050,1100,1050,0,2100,16806300,5043151,1050,27520000,9240000,5042100,1680000,3362100,1680000,0,0,0,1682100,92011,0.0920
distribute_parallel_for_split_1100_1600_1100,1100,1100,0,2200,17606600,5283301,1100,28160000,9680000,5282200,1760000,3522200,1760000,0,0,0,1762200,72799,0.0728
distribute_parallel_for_split_1100_1600_1150,1100,1150,0,2300,18406900,5523451,1150,28800000,10120000,5522300,1840000,3682300,1840000,0,0,0,1842300,158856,0.1589
distribute_parallel_for_split_1100_1600_1200,1100,1200,0,2400,19207200,5763601,1200,29440000,10560000,5762400,1920000,3842400,1920000,0,0,0,1922400,118572,0.1186
distribute_parallel_for_split_1100_1600_1250,1100,1250,0,2500,20007500,6003751,1250,30080000,11000000,6002500,2000000,4002500,2000000,0,0,0,2002500,119710,0.1197
distribute_parallel_for_split_1100_1600_1300,1100,1300,0,2600,20807800,6243901,1300,30720000,11440000,6242600,2080000,4162600,2080000,0,0,0,2082600,145498,0.1455
distribute_parallel_for_split_1100_1600_1350,1100,1350,0,2700,21608100,6484051,1350,31360000,11880000,6482700,2160000,4322700,2160000,0,0,0,2162700,215113,0.2151
distribute_parallel_for_split_1100_1600_1400,1100,1400,0,2800,22408400,6724201,1400,32000000,12320000,6722800,2240000,4482800,2240000,0,0,0,2242800,88988,0.0890
distribute_parallel_for_split_1100_1600_1450,1100,1450,0,2900,23208700,6964351,1450,32640000,12760000,6962900,2320000,4642900,2320000,0,0,0,2322900,148600,0.1486
distribute_parallel_for_split_1100_1600_1500,1100,1500,0,3000,24009000,7204501,1500,33280000,13200000,7203000,2400000,4803000,2400000,0,0,0,2403000,111257,0.1113
distribute_parallel_for_split_1100_1600_1550,1100,1550,0,3100,24809300,7444651,1550,33920000,13640000,7443100,2480000,4963100,2480000,0,0,0,2483100,192745,0.1927
distribute_parallel_for_split_1100_1600_1600,1100,1600,0,3200,25609600,7684801,1600,34560000,14080000,7683200,2560000,5123200,2560000,0,0,0,2563200,120572,0.1206
distribute_parallel_for_split_1100_1600_1650,1100,1650,0,3300,26409900,7924951,1650,35200000,14520000,7923300,2640000,5283300,2640000,0,0,0,2643300,112682,0.1127
distribute_parallel_for_split_1100_1600_1700,1100,1700,0,3400,27210200,8165101,1700,35840000,14960000,8163400,2720000,5443400,2720000,0,0,0,2723400,109930,0.1099
distribute_parallel_for_split_1100_1600_1750,1100,1750,0,3500,28010500,8405251,1750,36480000,15400000,8403500,2800000,5603500,2800000,0,0,0,2803500,110861,0.1109
distribute_parallel_for_split_1100_1600_1800,1100,1800,0,3600,28810800,8645401,1800,37120000,15840000,8643600,2880000,5763600,2880000,0,0,0,2883600,228959,0.2290
distribute_parallel_for_split_1100_1600_1850,1100,1850,0,3700,29611100,8885551,1850,37760000,16280000,8883700,2960000,5923700,2960000,0,0,0,2963700,169186,0.1692
distribute_parallel_for_split_1100_1600_1900,1100,1900,0,3800,30411400,9125701,1900,38400000,16720000,9123800,3040000,6083800,3040000,0,0,0,3043800,152853,0.1529
distribute_parallel_for_split_1100_1600_1950,1100,1950,0,3900,31211700,9365851,1950,39040000,17160000,9363900,3120000,6243900,3120000,0,0,0,3123900,291557,0.2916
distribute_parallel_for_split_1100_1600_2000,1100,2000,0,4000,32012000,9606001,2000,39680000,17600000,9604000,3200000,6404000,3200000,0,0,0,3204000,147311,0.1473
distribute_parallel_for_split_1100_1650_1050,1100,1050,0,2100,17331300,5200651,1050,28380000,9240000,5199600,1732500,3467100,1732500,0,0,0,1734600,158658,0.1587
distribute_parallel_for_split_1100_1650_1100,1100,1100,0,2200,18156600,5448301,1100,29040000,9680000,5447200,1815000,3632200,1815000,0,0,0,1817200,299979,0.3000
distribute_parallel_for_split_1100_1650_1150,1100,1150,0,2300,18981900,5695951,1150,29700000,10120000,5694800,1897500,3797300,1897500,0,0,0,1899800,95528,0.0955
distribute_parallel_for_split_1100_1650_1200,1100,1200,0,2400,19807200,5943601,1200,30360000,10560000,5942400,1980000,3962400,1980000,0,0,0,1982400,89496,0.0895
distribute_parallel_for_split_1100_1650_1250,1100,1250,0,2500,20632500,6191251,1250,31020000,11000000,6190000,2062500,4127500,2062500,0,0,0,2065000,148325,0.1483
distribute_parallel_for_split_1100_1650_1300,1100,1300,0,2600,21457800,6438901,1300,31680000,11440000,6437600,2145000,4292600,2145000,0,0,0,2147600,110518,0.1105
distribute_parallel_for_split_1100_1650_1350,1100,1350,0,2700,22283100,6686551,1350,32340000,11880000,6685200,2227500,4457700,2227500,0,0,0,2230200,117369,0.1174
distribute_parallel_for_split_1100_1650_1400,1100,1400,0,2800,23108400,6934201,1400,33000000,12320000,6932800,2310000,4622800,2310000,0,0,0,2312800,161423,0.1614
distribute_parallel_for_split_1100_1650_1450,1100,1450,0,2900,23933700,7181851,1450,33660000,12760000,7180400,2392500,4787900,2392500,0,0,0,2395400,123003,0.1230
distribute_parallel_for_split_1100_1650_1500,1100,1500,0,3000,24759000,7429501,1500,34320000,13200000,7428000,2475000,4953000,2475000,0,0,0,2478000,94834,0.0948
distribute_parallel_for_split_1100_1650_1550,1100,1550,0,3100,25584300,7677151,1550,34980000,13640000,7675600,2557500,5118100,2557500,0,0,0,2560600,218406,0.2184
distribute_parallel_for_split_1100_1650_1600,1100,1600,0,3200,26409600,7924801,1600,35640000,14080000,7923200,2640000,5283200,2640000,0,0,0,2643200,102822,0.1028
distribute_parallel_for_split_1100_1650_1650,1100,1650,0,3300,27234900,8172451,1650,36300000,14520000,8170800,2722500,5448300,2722500,0,0,0,2725800,156589,0.1566
distribute_parallel_for_split_1100_1650_1700,1100,1700,0,3400,28060200,8420101,1700,36960000,14960000,8418400,2805000,5613400,2805000,0,0,0,2808400,230727,0.2307
distribute_parallel_for_split_1100_1650_1750,1100,1750,0,3500,28885500,8667751,1750,37620000,15400000,8666000,2887500,5778500,2887500,0,0,0,2891000,139251,0.1393
distribute_parallel_for_split_1100_1650_1800,1100,1800,0,3600,29710800,8915401,1800,38280000,15840000,8913600,2970000,5943600,2970000,0,0,0,2973600,232365,0.2324
distribute_parallel_for_split_1100_1650_1850,1100,1850,0,3700,30536100,9163051,1850,38940000,16280000,9161200,3052500,6108700,3052500,0,0,0,3056200,173277,0.1733
distribute_parallel_for_split_1100_1650_1900,1100,1900,0,3800,31361400,9410701,1900,39600000,16720000,9408800,3135000,6273800,3135000,0,0,0,3138800,149997,0.1500
distribute_parallel_for_split_1100_1650_1950,1100,1950,0,3900,32186700,9658351,1950,40260000,17160000,9656400,3217500,6438900,3217500,0,0,0,3221400,162992,0.1630
distribute_parallel_for_split_1100_1650_2000,1100,2000,0,4000,33012000,9906001,2000,40920000,17600000,9904000,3300000,6604000,3300000,0,0,0,3304000,216104,0.2161
distribute_parallel_for_split_1100_1700_1050,1100,1050,0,2100,17856300,5358151,1050,29240000,9240000,5357100,1785000,3572100,1785000,0,0,0,1787100,113342,0.1133
distribute_parallel_for_split_1100_1700_1100,1100,1100,0,2200,18706600,5613301,1100,29920000,9680000,5612200,1870000,3742200,1870000,0,0,0,1872200,167273,0.1673
distribute_parallel_for_split_1100_1700_1150,1100,1150,0,2300,19556900,5868451,1150,30600000,10120000,5867300,1955000,3912300,1955000,0,0,0,1957300,130375,0.1304
distribute_parallel_for_split_1100_1700_1200,1100,1200,0,2400,20407200,6123601,1200,31280000,10560000,6122400,2040000,4082400,2040000,0,0,0,2042400,171394,0.1714
distribute_parallel_for_split_1100_1700_1250,1100,1250,0,2500,21257500,6378751,1250,31960000,11000000,6377500,2125000,4252500,2125000,0,0,0,2127500,87884,0.0879
distribute_parallel_for_split_1100_1700_1300,1100,1300,0,2600,22107800,6633901,1300,32640000,11440000,6632600,2210000,4422600,2210000,0,0,0,2212600,121028,0.1210
distribute_parallel_for_split_1100_1700_1350,1100,1350,0,2700,22958100,6889051,1350,33320000,11880000,6887700,2295000,4592700,2295000,0,0,0,2297700,113339,0.1133
distribute_parallel_for_split_1100_1700_1400,1100,1400,0,2800,23808400,7144201,1400,34000000,12320000,7142800,2380000,4762800,2380000,0,0,0,2382800,103183,0.1032
distribute_parallel_for_split_1100_1700_1450,1100,1450,0,2900,24658700,7399351,1450,34680000,12760000,7397900,2465000,4932900,2465000,0,0,0,2467900,99606,0.0996
distribute_parallel_for_split_1100_1700_1500,1100,1500,0,3000,25509000,7654501,1500,35360000,13200000,7653000,2550000,5103000,2550000,0,0,0,2553000,99241,0.0992
distribute_parallel_for_split_1100_1700_1550,1100,1550,0,3100,26359300,7909651,1550,36040000,13640000,7908100,2635000,5273100,2635000,0,0,0,2638100,196557,0.1966
distribute_parallel_for_split_1100_1700_1600,1100,1600,0,3200,27209600,8164801,1600,36720000,14080000,8163200,2720000,5443200,2720000,0,0,0,2723200,170547,0.1705
distribute_parallel_for_split_1100_1700_1650,1100,1650,0,3300,28059900,8419951,1650,37400000,14520000,8418300,2805000,5613300,2805000,0,0,0,2808300,126465,0.1265
distribute_parallel_for_split_1100_1700_1700,1100,1700,0,3400,28910200,8675101,1700,38080000,14960000,8673400,2890000,5783400,2890000,0,0,0,2893400,197717,0.1977
distribute_parallel_for_split_1100_1700_1750,1100,1750,0,3500,29760500,8930251,1750,38760000,15400000,8928500,2975000,5953500,2975000,0,0,0,2978500,168288,0.1683
distribute_parallel_for_split_1100_1700_1800,1100,1800,0,3600,30610800,9185401,1800,39440000,15840000,9183600,3060000,6123600,3060000,0,0,0,3063600,128339,0.1283
distribute_parallel_for_split_1100_1700_1850,1100,1850,0,3700,31461100,9440551,1850,40120000,16280000,9438700,3145000,6293700,3145000,0,0,0,3148700,240503,0.2405
distribute_parallel_for_split_1100_1700_1900,1100,1900,0,3800,32311400,9695701,1900,40800000,16720000,9693800,3230000,6463800,3230000,0,0,0,3233800,153059,0.1531
distribute_parallel_for_split_1100_1700_1950,1100,1950,0,3900,33161700,9950851,1950,41480000,17160000,9948900,3315000,6633900,3315000,0,0,0,3318900,143573,0.1436
distribute_parallel_for_split_1100_1700_2000,1100,2000,0,4000,34012000,10206001,2000,42160000,17600000,10204000,3400000,6804000,3400000,0,0,0,3404000,157103,0.1571
distribute_parallel_for_split_1100_1750_1050,1100,1050,0,2100,18381300,5515651,1050,30100000,9240000,5514600,1837500,3677100,1837500,0,0,0,1839600,103040,0.1030
distribute_parallel_for_split_1100_1750_1100,1100,1100,0,2200,19256600,5778301,1100,30800000,9680000,5777200,1925000,3852200,1925000,0,0,0,1927200,87506,0.0875
distribute_parallel_for_split_1100_1750_1150,1100,1150,0,2300,20131900,6040951,1150,31500000,10120000,6039800,2012500,4027300,2012500,0,0,0,2014800,142893,0.1429
distribute_parallel_for_split_1100_1750_1200,1100,1200,0,2400,21007200,6303601,1200,32200000,10560000,6302400,2100000,4202400,2100000,0,0,0,2102400,82984,0.0830
distribute_parallel_for_split_1100_1750_1250,1100,1250,0,2500,21882500,6566251,1250,32900000,11000000,6565000,2187500,4377500,2187500,0,0,0,2190000,157449,0.1574
distribute_parallel_for_split_1100_1750_1300,1100,1300,0,2600,22757800,6828901,1300,33600000,11440000,6827600,2275000,4552600,2275000,0,0,0,2277600,95341,0.0953
distribute_parallel_for_split_1100_1750_1350,1100,1350,0,2700,23633100,7091551,1350,34300000,11880000,7090200,2362500,4727700,2362500,0,0,0,2365200,111080,0.1111
distribute_parallel_for_split_1100_1750_1400,1100,1400,0,2800,24508400,7354201,1400,35000000,12320000,7352800,2450000,4902800,2450000,0,0,0,2452800,121585,0.1216
distribute_parallel_for_split_1100_1750_1450,1100,1450,0,2900,25383700,7616851,1450,35700000,12760000,7615400,2537500,5077900,2537500,0,0,0,2540400,161503,0.1615
distribute_parallel_for_split_1100_1750_1500,1100,1500,0,3000,26259000,7879501,1500,36400000,13200000,7878000,2625000,5253000,2625000,0,0,0,2628000,227455,0.2275
distribute_parallel_for_split_1100_1750_1550,1100,1550,0,3100,27134300,8142151,1550,37100000,13640000,8140600,2712500,5428100,2712500,0,0,0,2715600,105106,0.1051
distribute_parallel_for_split_1100_1750_1600,1100,1600,0,3200,28009600,8404801,1600,37800000,14080000,8403200,2800000,5603200,2800000,0,0,0,2803200,110540,0.1105
distribute_parallel_for_split_1100_1750_1650,1100,1650,0,3300,28884900,8667451,1650,38500000,14520000,8665800,2887500,5778300,2887500,0,0,0,2890800,278906,0.2789
distribute_parallel_for_split_1100_1750_1700,1100,1700,0,3400,29760200,8930101,1700,39200000,14960000,8928400,2975000,5953400,2975000,0,0,0,2978400,172281,0.1723
distribute_parallel_for_split_1100_1750_1750,1100,1750,0,3500,30635500,9192751,1750,39900000,15400000,9191000,3062500,6128500,3062500,0,0,0,3066000,139583,0.1396
distribute_parallel_for_split_1100_1750_1800,1100,1800,0,3600,31510800,9455401,1800,40600000,15840000,9453600,3150000,6303600,3150000,0,0,0,3153600,122975,0.1230
distribute_parallel_for_split_1100_1750_1850,1100,1850,0,3700,32386100,9718051,1850,41300000,16280000,9716200,3237500,6478700,3237500,0,0,0,3241200,161175,0.1612
distribute_parallel_for_split_1100_1750_1900,1100,1900,0,3800,33261400,9980701,1900,42000000,16720000,9978800,3325000,6653800,3325000,0,0,0,3328800,191297,0.1913
distribute_parallel_for_split_1100_1750_1950,1100,1950,0,3900,34136700,10243351,1950,42700000,17160000,10241400,3412500,6828900,3412500,0,0,0,3416400,252351,0.2524
distribute_parallel_for_split_1100_1750_2000,1100,2000,0,4000,35012000,10506001,2000,43400000,17600000,10504000,3500000,7004000,3500000,0,0,0,3504000,138374,0.1384
distribute_parallel_for_split_1100_1800_1050,1100,1050,0,2100,18906300,5673151,1050,30960000,9240000,5672100,1890000,3782100,1890000,0,0,0,1892100,149626,0.1496
distribute_parallel_for_split_1100_1800_1100,1100,1100,0,2200,19806600,5943301,1100,31680000,9680000,5942200,1980000,3962200,1980000,0,0,0,1982200,91496,0.0915
distribute_parallel_for_split_1100_1800_1150,1100,1150,0,2300,20706900,6213451,1150,32400000,10120000,6212300,2070000,4142300,2070000,0,0,0,2072300,81975,0.0820
distribute_parallel_for_split_1100_1800_1200,1100,1200,0,2400,21607200,6483601,1200,33120000,10560000,6482400,2160000,4322400,2160000,0,0,0,2162400,90013,0.0900
distribute_parallel_for_split_1100_1800_1250,1100,1250,0,2500,22507500,6753751,1250,33840000,11000000,6752500,2250000,4502500,2250000,0,0,0,2252500,138396,0.1384
distribute_parallel_for_split_1100_1800_1300,1100,1300,0,2600,23407800,7023901,1300,34560000,11440000,7022600,2340000,4682600,2340000,0,0,0,2342600,106165,0.1062
distribute_parallel_for_split_1100_1800_1350,1100,1350,0,2700,24308100,7294051,1350,35280000,11880000,7292700,2430000,4862700,2430000,0,0,0,2432700,110024,0.1100
distribute_parallel_for_split_1100_1800_1400,1100,1400,0,2800,25208400,7564201,1400,36000000,12320000,7562800,2520000,5042800,2520000,0,0,0,2522800,123262,0.1233
distribute_parallel_for_split_1100_1800_1450,1100,1450,0,2900,26108700,7834351,1450,36720000,12760000,7832900,2610000,5222900,2610000,0,0,0,2612900,118032,0.1180
distribute_parallel_for_split_1100_1800_1500,1100,1500,0,3000,27009000,8104501,1500,37440000,13200000,8103000,2700000,5403000,2700000,0,0,0,2703000,152204,0.1522
distribute_parallel_for_split_1100_1800_1550,1100,1550,0,3100,27909300,8374651,1550,38160000,13640000,8373100,2790000,5583100,2790000,0,0,0,2793100,176599,0.1766
distribute_parallel_for_split_1100_1800_1600,1100,1600,0,3200,28809600,8644801,1600,38880000,14080000,8643200,2880000,5763200,2880000,0,0,0,2883200,114179,0.1142
distribute_parallel_for_split_1100_1800_1650,1100,1650,0,3300,29709900,8914951,1650,39600000,14520000,8913300,2970000,5943300,2970000,0,0,0,2973300,150114,0.1501
distribute_parallel_for_split_1100_1800_1700,1100,1700,0,3400,30610200,9185101,1700,40320000,14960000,9183400,3060000,6123400,3060000,0,0,0,3063400,254760,0.2548
distribute_parallel_for_split_1100_1800_1750,1100,1750,0,3500,31510500,9455251,1750,41040000,15400000,9453500,3150000,6303500,3150000,0,0,0,3153500,141805,0.1418
distribute_parallel_for_split_1100_1800_1800,1100,1800,0,3600,32410800,9725401,1800,41760000,15840000,9723600,3240000,6483600,3240000,0,0,0,3243600,289518,0.2895
distribute_parallel_for_split_1100_1800_1850,1100,1850,0,3700,33311100,9995551,1850,42480000,16280000,9993700,3330000,6663700,3330000,0,0,0,3333700,142774,0.1428
distribute_parallel_for_split_1100_1800_1900,1100,1900,0,3800,34211400,10265701,1900,43200000,16720000,10263800,3420000,6843800,3420000,0,0,0,3423800,188439,0.1884
distribute_parallel_for_split_1100_1800_1950,1100,1950,0,3900,35111700,10535851,1950,43920000,17160000,10533900,3510000,7023900,3510000,0,0,0,3513900,189739,0.1897
distribute_parallel_for_split_1100_1800_2000,1100,2000,0,4000,36012000,10806001,2000,44640000,17600000,10804000,3600000,7204000,3600000,0,0,0,3604000,148251,0.1483
distribute_parallel_for_split_1100_1850_1050,1100,1050,0,2100,19431300,5830651,1050,31820000,9240000,5829600,1942500,3887100,1942500,0,0,0,1944600,83867,0.0839
distribute_parallel_for_split_1100_1850_1100,1100,1100,0,2200,20356600,6108301,1100,32560000,9680000,6107200,2035000,4072200,2035000,0,0,0,2037200,113378,0.1134
distribute_parallel_for_split_1100_1850_1150,1100,1150,0,2300,21281900,6385951,1150,33300000,10120000,6384800,2127500,4257300,2127500,0,0,0,2129800,109867,0.1099
distribute_parallel_for_split_1100_1850_1200,1100,1200,0,2400,22207200,6663601,1200,34040000,10560000,6662400,2220000,4442400,2220000,0,0,0,2222400,94539,0.0945
distribute_parallel_for_split_1100_1850_1250,1100,1250,0,2500,23132500,6941251,1250,34780000,11000000,6940000,2312500,4627500,2312500,0,0,0,2315000,153332,0.1533
distribute_parallel_for_split_1100_1850_1300,1100,1300,0,2600,24057800,7218901,1300,35520000,11440000,7217600,2405000,4812600,2405000,0,0,0,2407600,177095,0.1771
distribute_parallel_for_split_1100_1850_1350,1100,1350,0,2700,24983100,7496551,1350,36260000,11880000,7495200,2497500,4997700,2497500,0,0,0,2500200,117611,0.1176
distribute_parallel_for_split_1100_1850_1400,1100,1400,0,2800,25908400,7774201,1400,37000000,12320000,7772800,2590000,5182800,2590000,0,0,0,2592800,110469,0.1105
distribute_parallel_for_split_1100_1850_1450,1100,1450,0,2900,26833700,8051851,1450,37740000,12760000,8050400,2682500,5367900,2682500,0,0,0,2685400,108410,0.1084
distribute_parallel_for_split_1100_1850_1500,1100,1500,0,3000,27759000,8329501,1500,38480000,13200000,8328000,2775000,5553000,2775000,0,0,0,2778000,230998,0.2310
distribute_parallel_for_split_1100_1850_1550,1100,1550,0,3100,28684300,8607151,1550,39220000,13640000,8605600,2867500,5738100,2867500,0,0,0,2870600,204941,0.2049
distribute_parallel_for_split_1100_1850_1600,1100,1600,0,3200,29609600,8884801,1600,39960000,14080000,8883200,2960000,5923200,2960000,0,0,0,2963200,131782,0.1318
distribute_parallel_for_split_1100_1850_1650,1100,1650,0,3300,30534900,9162451,1650,40700000,14520000,9160800,3052500,6108300,3052500,0,0,0,3055800,251111,0.2511
distribute_parallel_for_split_1100_1850_1700,1100,1700,0,3400,31460200,9440101,1700,41440000,14960000,9438400,3145000,6293400,3145000,0,0,0,3148400,268824,0.2688
distribute_parallel_for_split_1100_1850_1750,1100,1750,0,3500,32385500,9717751,1750,42180000,15400000,9716000,3237500,6478500,3237500,0,0,0,3241000,248744,0.2487
distribute_parallel_for_split_1100_1850_1800,1100,1800,0,3600,33310800,9995401,1800,42920000,15840000,9993600,3330000,6663600,3330000,0,0,0,3333600,187087,0.1871
distribute_parallel_for_split_1100_1850_1850,1100,1850,0,3700,34236100,10273051,1850,43660000,16280000,10271200,3422500,6848700,3422500,0,0,0,3426200,143811,0.1438
distribute_parallel_for_split_1100_1850_1900,1100,1900,0,3800,35161400,10550701,1900,44400000,16720000,10548800,3515000,7033800,3515000,0,0,0,3518800,136698,0.1367
distribute_parallel_for_split_1100_1850_1950,1100,1950,0,3900,36086700,10828351,1950,45140000,17160000,10826400,3607500,7218900,3607500,0,0,0,3611400,237159,0.2372
distribute_parallel_for_split_1100_1850_2000,1100,2000,0,4000,37012000,11106001,2000,45880000,17600000,11104000,3700000,7404000,3700000,0,0,0,3704000,275650,0.2757
distribute_parallel_for_split_1100_1900_1050,1100,1050,0,2100,19956300,5988151,1050,32680000,9240000,5987100,1995000,3992100,1995000,0,0,0,1997100,109439,0.1094
distribute_parallel_for_split_1100_1900_1100,1100,1100,0,2200,20906600,6273301,1100,33440000,9680000,6272200,2090000,4182200,2090000,0,0,0,2092200,97663,0.0977
distribute_parallel_for_split_1100_1900_1150,1100,1150,0,2300,21856900,6558451,1150,34200000,10120000,6557300,2185000,4372300,2185000,0,0,0,2187300,87970,0.0880
distribute_parallel_for_split_1100_1900_1200,1100,1200,0,2400,22807200,6843601,1200,34960000,10560000,6842400,2280000,4562400,2280000,0,0,0,2282400,94162,0.0942
distribute_parallel_for_split_1100_1900_1250,1100,1250,0,2500,23757500,7128751,1250,35720000,11000000,7127500,2375000,4752500,2375000,0,0,0,2377500,195421,0.1954
distribute_parallel_for_split_1100_1900_1300,1100,1300,0,2600,24707800,7413901,1300,36480000,11440000,7412600,2470000,4942600,2470000,0,0,0,2472600,116551,0.1166
distribute_parallel_for_split_1100_1900_1350,1100,1350,0,2700,25658100,7699051,1350,37240000,11880000,7697700,2565000,5132700,2565000,0,0,0,2567700,196897,0.1969
distribute_parallel_for_split_1100_1900_1400,1100,1400,0,2800,26608400,7984201,1400,38000000,12320000,7982800,2660000,5322800,2660000,0,0,0,2662800,137717,0.1377
distribute_parallel_for_split_1100_1900_1450,1100,1450,0,2900,27558700,8269351,1450,38760000,12760000,8267900,2755000,5512900,2755000,0,0,0,2757900,164878,0.1649
distribute_parallel_for_split_1100_1900_1500,1100,1500,0,3000,28509000,8554501,1500,39520000,13200000,8553000,2850000,5703000,2850000,0,0,0,2853000,142592,0.1426
distribute_parallel_for_split_1100_1900_1550,1100,1550,0,3100,29459300,8839651,1550,40280000,13640000,8838100,2945000,5893100,2945000,0,0,0,2948100,194444,0.1944
distribute_parallel_for_split_1100_1900_1600,1100,1600,0,3200,30409600,9124801,1600,41040000,14080000,9123200,3040000,6083200,3040000,0,0,0,3043200,169854,0.1699
distribute_parallel_for_split_1100_1900_1650,1100,1650,0,3300,31359900,9409951,1650,41800000,14520000,9408300,3135000,6273300,3135000,0,0,0,3138300,155930,0.1559
distribute_parallel_for_split_1100_1900_1700,1100,1700,0,3400,32310200,9695101,1700,42560000,14960000,9693400,3230000,6463400,3230000,0,0,0,3233400,129106,0.1291
distribute_parallel_for_split_1100_1900_1750,1100,1750,0,3500,33260500,9980251,1750,43320000,15400000,9978500,3325000,6653500,3325000,0,0,0,3328500,273830,0.2738
distribute_parallel_for_split_1100_1900_1800,1100,1800,0,3600,34210800,10265401,1800,44080000,15840000,10263600,3420000,6843600,3420000,0,0,0,3423600,128831,0.1288
distribute_parallel_for_split_1100_1900_1850,1100,1850,0,3700,35161100,10550551,1850,44840000,16280000,10548700,3515000,7033700,3515000,0,0,0,3518700,163288,0.1633
distribute_parallel_for_split_1100_1900_1900,1100,1900,0,3800,36111400,10835701,1900,45600000,16720000,10833800,3610000,7223800,3610000,0,0,0,3613800,154372,0.1544
distribute_parallel_for_split_1100_1900_1950,1100,1950,0,3900,37061700,11120851,1950,46360000,17160000,11118900,3705000,7413900,3705000,0,0,0,3708900,186142,0.1861
distribute_parallel_for_split_1100_1900_2000,1100,2000,0,4000,38012000,11406001,2000,47120000,17600000,11404000,3800000,7604000,3800000,0,0,0,3804000,153421,0.1534
distribute_parallel_for_split_1100_1950_1050,1100,1050,0,2100,20481300,6145651,1050,33540000,9240000,6144600,2047500,4097100,2047500,0,0,0,2049600,85461,0.0855
distribute_parallel_for_split_1100_1950_1100,1100,1100,0,2200,21456600,6438301,1100,34320000,9680000,6437200,2145000,4292200,2145000,0,0,0,2147200,96163,0.0962
distribute_parallel_for_split_1100_1950_1150,1100,1150,0,2300,22431900,6730951,1150,35100000,10120000,6729800,2242500,4487300,2242500,0,0,0,2244800,153990,0.1540
distribute_parallel_for_split_1100_1950_1200,1100,1200,0,2400,23407200,7023601,1200,35880000,10560000,7022400,2340000,4682400,2340000,0,0,0,2342400,89555,0.0896
distribute_parallel_for_split_1100_1950_1250,1100,1250,0,2500,24382500,7316251,1250,36660000,11000000,7315000,2437500,4877500,2437500,0,0,0,2440000,129971,0.1300
distribute_parallel_for_split_1100_1950_1300,1100,1300,0,2600,25357800,7608901,1300,37440000,11440000,7607600,2535000,5072600,2535000,0,0,0,2537600,109779,0.1098
distribute_parallel_for_split_1100_1950_1350,1100,1350,0,2700,26333100,7901551,1350,38220000,11880000,7900200,2632500,5267700,2632500,0,0,0,2635200,118167,0.1182
distribute_parallel_for_split_1100_1950_1400,1100,1400,0,2800,27308400,8194201,1400,39000000,12320000,8192800,2730000,5462800,2730000,0,0,0,2732800,117883,0.1179
distribute_parallel_for_split_1100_1950_1450,1100,1450,0,2900,28283700,8486851,1450,39780000,12760000,8485400,2827500,5657900,2827500,0,0,0,2830400,118864,0.1189
distribute_parallel_for_split_1100_1950_1500,1100,1500,0,3000,29259000,8779501,1500,40560000,13200000,8778000,2925000,5853000,2925000,0,0,0,2928000,139287,0.1393
distribute_parallel_for_split_1100_1950_1550,1100,1550,0,3100,30234300,9072151,1550,41340000,13640000,9070600,3022500,6048100,3022500,0,0,0,3025600,189442,0.1894
distribute_parallel_for_split_1100_1950_1600,1100,1600,0,3200,31209600,9364801,1600,42120000,14080000,9363200,3120000,6243200,3120000,0,0,0,3123200,138126,0.1381
distribute_parallel_for_split_1100_1950_1650,1100,1650,0,3300,32184900,9657451,1650,42900000,14520000,9655800,3217500,6438300,3217500,0,0,0,3220800,130596,0.1306
distribute_parallel_for_split_1100_1950_1700,1100,1700,0,3400,33160200,9950101,1700,43680000,14960000,9948400,3315000,6633400,3315000,0,0,0,3318400,121767,0.1218
distribute_parallel_for_split_1100_1950_1750,1100,1750,0,3500,34135500,10242751,1750,44460000,15400000,10241000,3412500,6828500,3412500,0,0,0,3416000,218228,0.2182
distribute_parallel_for_split_1100_1950_1800,1100,1800,0,3600,35110800,10535401,1800,45240000,15840000,10533600,3510000,7023600,3510000,0,0,0,3513600,156594,0.1566
distribute_parallel_for_split_1100_1950_1850,1100,1850,0,3700,36086100,10828051,1850,46020000,16280000,10826200,3607500,7218700,3607500,0,0,0,3611200,154637,0.1546
distribute_parallel_for_split_1100_1950_1900,1100,1900,0,3800,37061400,11120701,1900,46800000,16720000,11118800,3705000,7413800,3705000,0,0,0,3708800,168467,0.1685
distribute_parallel_for_split_1100_1950_1950,1100,1950,0,3900,38036700,11413351,1950,47580000,17160000,11411400,3802500,7608900,3802500,0,0,0,3806400,149742,0.1497
distribute_parallel_for_split_1100_1950_2000,1100,2000,0,4000,39012000,11706001,2000,48360000,17600000,11704000,3900000,7804000,3900000,0,0,0,3904000,173705,0.1737
distribute_parallel_for_split_1100_2000_1050,1100,1050,0,2100,21006300,6303151,1050,34400000,9240000,6302100,2100000,4202100,2100000,0,0,0,2102100,99671,0.0997
distribute_parallel_for_split_1100_2000_1100,1100,1100,0,2200,22006600,6603301,1100,35200000,9680000,6602200,2200000,4402200,2200000,0,0,0,2202200,88360,0.0884
distribute_parallel_for_split_1100_2000_1150,1100,1150,0,2300,23006900,6903451,1150,36000000,10120000,6902300,2300000,4602300,2300000,0,0,0,2302300,94161,0.0942
distribute_parallel_for_split_1100_2000_1200,1100,1200,0,2400,24007200,7203601,1200,36800000,10560000,7202400,2400000,4802400,2400000,0,0,0,2402400,219338,0.2193
distribute_parallel_for_split_1100_2000_1250,1100,1250,0,2500,25007500,7503751,1250,37600000,11000000,7502500,2500000,5002500,2500000,0,0,0,2502500,172845,0.1728
distribute_parallel_for_split_1100_2000_1300,1100,1300,0,2600,26007800,7803901,1300,38400000,11440000,7802600,2600000,5202600,2600000,0,0,0,2602600,133570,0.1336
distribute_parallel_for_split_1100_2000_1350,1100,1350,0,2700,27008100,8104051,1350,39200000,11880000,8102700,2700000,5402700,2700000,0,0,0,2702700,187170,0.1872
distribute_parallel_for_split_1100_2000_1400,1100,1400,0,2800,28008400,8404201,1400,40000000,12320000,8402800,2800000,5602800,2800000,0,0,0,2802800,108610,0.1086
distribute_parallel_for_split_1100_2000_1450,1100,1450,0,2900,29008700,8704351,1450,40800000,12760000,8702900,2900000,5802900,2900000,0,0,0,2902900,277814,0.2778
distribute_parallel_for_split_1100_2000_1500,1100,1500,0,3000,30009000,9004501,1500,41600000,13200000,9003000,3000000,6003000,3000000,0,0,0,3003000,237182,0.2372
distribute_parallel_for_split_1100_2000_1550,1100,1550,0,3100,31009300,9304651,1550,42400000,13640000,9303100,3100000,6203100,3100000,0,0,0,3103100,133907,0.1339
distribute_parallel_for_split_1100_2000_1600,1100,1600,0,3200,32009600,9604801,1600,43200000,14080000,9603200,3200000,6403200,3200000,0,0,0,3203200,210967,0.2110
distribute_parallel_for_split_1100_2000_1650,1100,1650,0,3300,33009900,9904951,1650,44000000,14520000,9903300,3300000,6603300,3300000,0,0,0,3303300,136220,0.1362
distribute_parallel_for_split_1100_2000_1700,1100,1700,0,3400,34010200,10205101,1700,44800000,14960000,10203400,3400000,6803400,3400000,0,0,0,3403400,353665,0.3537
distribute_parallel_for_split_1100_2000_1750,1100,1750,0,3500,35010500,10505251,1750,45600000,15400000,10503500,3500000,7003500,3500000,0,0,0,3503500,155864,0.1559
distribute_parallel_for_split_1100_2000_1800,1100,1800,0,3600,36010800,10805401,1800,46400000,15840000,10803600,3600000,7203600,3600000,0,0,0,3603600,149128,0.1491
distribute_parallel_for_split_1100_2000_1850,1100,1850,0,3700,37011100,11105551,1850,47200000,16280000,11103700,3700000,7403700,3700000,0,0,0,3703700,199641,0.1996
distribute_parallel_for_split_1100_2000_1900,1100,1900,0,3800,38011400,11405701,1900,48000000,16720000,11403800,3800000,7603800,3800000,0,0,0,3803800,263462,0.2635
distribute_parallel_for_split_1100_2000_1950,1100,1950,0,3900,39011700,11705851,1950,48800000,17160000,11703900,3900000,7803900,3900000,0,0,0,3903900,326882,0.3269
distribute_parallel_for_split_1100_2000_2000,1100,2000,0,4000,40012000,12006001,2000,49600000,17600000,12004000,4000000,8004000,4000000,0,0,0,4004000,179802,0.1798
distribute_parallel_for_split_1150_1050_1050,1150,1050,0,2100,11031300,3310651,1050,18480000,9660000,3309600,1102500,2207100,1102500,0,0,0,1104600,79633,0.0796
distribute_parallel_for_split_1150_1050_1100,1150,1100,0,2200,11556600,3468301,1100,18900000,10120000,3467200,1155000,2312200,1155000,0,0,0,1157200,80580,0.0806
distribute_parallel_for_split_1150_1050_1150,1150,1150,0,2300,12081900,3625951,1150,19320000,10580000,3624800,1207500,2417300,1207500,0,0,0,1209800,51062,0.0511
distribute_parallel_for_split_1150_1050_1200,1150,1200,0,2400,12607200,3783601,1200,19740000,11040000,3782400,1260000,2522400,1260000,0,0,0,1262400,90886,0.0909
distribute_parallel_for_split_1150_1050_1250,1150,1250,0,2500,13132500,3941251,1250,20160000,11500000,3940000,1312500,2627500,1312500,0,0,0,1315000,70594,0.0706
distribute_parallel_for_split_1150_1050_1300,1150,1300,0,2600,13657800,4098901,1300,20580000,11960000,4097600,1365000,2732600,1365000,0,0,0,1367600,57371,0.0574
distribute_parallel_for_split_1150_1050_1350,1150,1350,0,2700,14183100,4256551,1350,21000000,12420000,4255200,1417500,2837700,1417500,0,0,0,1420200,65747,0.0657
distribute_parallel_for_split_1150_1050_1400,1150,1400,0,2800,14708400,4414201,1400,21420000,12880000,4412800,1470000,2942800,1470000,0,0,0,1472800,163315,0.1633
distribute_parallel_for_split_1150_1050_1450,1150,1450,0,2900,15233700,4571851,1450,21840000,13340000,4570400,1522500,3047900,1522500,0,0,0,1525400,65452,0.0655
distribute_parallel_for_split_1150_1050_1500,1150,1500,0,3000,15759000,4729501,1500,22260000,13800000,4728000,1575000,3153000,1575000,0,0,0,1578000,145280,0.1453
distribute_parallel_for_split_1150_1050_1550,1150,1550,0,3100,16284300,4887151,1550,22680000,14260000,4885600,1627500,3258100,1627500,0,0,0,1630600,185440,0.1854
distribute_parallel_for_split_1150_1050_1600,1150,1600,0,3200,16809600,5044801,1600,23100000,14720000,5043200,1680000,3363200,1680000,0,0,0,1683200,89683,0.0897
distribute_parallel_for_split_1150_1050_1650,1150,1650,0,3300,17334900,5202451,1650,23520000,15180000,5200800,1732500,3468300,1732500,0,0,0,1735800,79726,0.0797
distribute_parallel_for_split_1150_1050_1700,1150,1700,0,3400,17860200,5360101,1700,23940000,15640000,5358400,1785000,3573400,1785000,0,0,0,1788400,74705,0.0747
distribute_parallel_for_split_1150_1050_1750,1150,1750,0,3500,18385500,5517751,1750,24360000,16100000,5516000,1837500,3678500,1837500,0,0,0,1841000,128029,0.1280
distribute_parallel_for_split_1150_1050_1800,1150,1800,0,3600,18910800,5675401,1800,24780000,16560000,5673600,1890000,3783600,1890000,0,0,0,1893600,100284,0.1003
distribute_parallel_for_split_1150_1050_1850,1150,1850,0,3700,19436100,5833051,1850,25200000,17020000,5831200,1942500,3888700,1942500,0,0,0,1946200,80309,0.0803
distribute_parallel_for_split_1150_1050_1900,1150,1900,0,3800,19961400,5990701,1900,25620000,17480000,5988800,1995000,3993800,1995000,0,0,0,1998800,106167,0.1062
distribute_parallel_for_split_1150_1050_1950,1150,1950,0,3900,20486700,6148351,1950,26040000,17940000,6146400,2047500,4098900,2047500,0,0,0,2051400,200927,0.2009
distribute_parallel_for_split_1150_1050_2000,1150,2000,0,4000,21012000,6306001,2000,26460000,18400000,6304000,2100000,4204000,2100000,0,0,0,2104000,94371,0.0944
distribute_parallel_for_split_1150_1100_1050,1150,1050,0,2100,11556300,3468151,1050,19360000,9660000,3467100,1155000,2312100,1155000,0,0,0,1157100,52004,0.0520
distribute_parallel_for_split_1150_1100_1100,1150,1100,0,2200,12106600,3633301,1100,19800000,10120000,3632200,1210000,2422200,1210000,0,0,0,1212200,77153,0.0772
distribute_parallel_for_split_1150_1100_1150,1150,1150,0,2300,12656900,3798451,1150,20240000,10580000,3797300,1265000,2532300,1265000,0,0,0,1267300,53418,0.0534
distribute_parallel_for_split_1150_1100_1200,1150,1200,0,2400,13207200,3963601,1200,20680000,11040000,3962400,1320000,2642400,1320000,0,0,0,1322400,56521,0.0565
distribute_parallel_for_split_1150_1100_1250,1150,1250,0,2500,13757500,4128751,1250,21120000,11500000,4127500,1375000,2752500,1375000,0,0,0,1377500,100984,0.1010
distribute_parallel_for_split_1150_1100_1300,1150,1300,0,2600,14307800,4293901,1300,21560000,11960000,4292600,1430000,2862600,1430000,0,0,0,1432600,62061,0.0621
distribute_parallel_for_split_1150_1100_1350,1150,1350,0,2700,14858100,4459051,1350,22000000,12420000,4457700,1485000,2972700,1485000,0,0,0,1487700,66778,0.0668
distribute_parallel_for_split_1150_1100_1400,1150,1400,0,2800,15408400,4624201,1400,22440000,12880000,4622800,1540000,3082800,1540000,0,0,0,1542800,183435,0.1834
distribute_parallel_for_split_1150_1100_1450,1150,1450,0,2900,15958700,4789351,1450,22880000,13340000,4787900,1595000,3192900,1595000,0,0,0,1597900,67832,0.0678
distribute_parallel_for_split_1150_1100_1500,1150,1500,0,3000,16509000,4954501,1500,23320000,13800000,4953000,1650000,3303000,1650000,0,0,0,1653000,99798,0.0998
distribute_parallel_for_split_1150_1100_1550,1150,1550,0,3100,17059300,5119651,1550,23760000,14260000,5118100,1705000,3413100,1705000,0,0,0,1708100,154824,0.1548
distribute_parallel_for_split_1150_1100_1600,1150,1600,0,3200,17609600,5284801,1600,24200000,14720000,5283200,1760000,3523200,1760000,0,0,0,1763200,71418,0.0714
distribute_parallel_for_split_1150_1100_1650,1150,1650,0,3300,18159900,5449951,1650,24640000,15180000,5448300,1815000,3633300,1815000,0,0,0,1818300,199743,0.1997
distribute_parallel_for_split_1150_1100_1700,1150,1700,0,3400,18710200,5615101,1700,25080000,15640000,5613400,1870000,3743400,1870000,0,0,0,1873400,89284,0.0893
distribute_parallel_for_split_1150_1100_1750,1150,1750,0,3500,19260500,5780251,1750,25520000,16100000,5778500,1925000,3853500,1925000,0,0,0,1928500,79505,0.0795
distribute_parallel_for_split_1150_1100_1800,1150,1800,0,3600,19810800,5945401,1800,25960000,16560000,5943600,1980000,3963600,1980000,0,0,0,1983600,213473,0.2135
distribute_parallel_for_split_1150_1100_1850,1150,1850,0,3700,20361100,6110551,1850,26400000,17020000,6108700,2035000,4073700,2035000,0,0,0,2038700,100146,0.1001
distribute_parallel_for_split_1150_1100_1900,1150,1900,0,3800,20911400,6275701,1900,26840000,17480000,6273800,2090000,4183800,2090000,0,0,0,2093800,115855,0.1159
distribute_parallel_for_split_1150_1100_1950,1150,1950,0,3900,21461700,6440851,1950,27280000,17940000,6438900,2145000,4293900,2145000,0,0,0,2148900,100148,0.1001
distribute_parallel_for_split_1150_1100_2000,1150,2000,0,4000,22012000,6606001,2000,27720000,18400000,6604000,2200000,4404000,2200000,0,0,0,2204000,150582,0.1506
distribute_parallel_for_split_1150_1150_1050,1150,1050,0,2100,12081300,3625651,1050,20240000,9660000,3624600,1207500,2417100,1207500,0,0,0,1209600,50664,0.0507
distribute_parallel_for_split_1150_1150_1100,1150,1100,0,2200,12656600,3798301,1100,20700000,10120000,3797200,1265000,2532200,1265000,0,0,0,1267200,145570,0.1456
distribute_parallel_for_split_1150_1150_1150,1150,1150,0,2300,13231900,3970951,1150,21160000,10580000,3969800,1322500,2647300,1322500,0,0,0,1324800,80393,0.0804
distribute_parallel_for_split_1150_1150_1200,1150,1200,0,2400,13807200,4143601,1200,21620000,11040000,4142400,1380000,2762400,1380000,0,0,0,1382400,72584,0.0726
distribute_parallel_for_split_1150_1150_1250,1150,1250,0,2500,14382500,4316251,1250,22080000,11500000,4315000,1437500,2877500,1437500,0,0,0,1440000,89792,0.0898
distribute_parallel_for_split_1200_1200_1200,1200,1200,0,2400,14407200,4323601,1200,23040000,11520000,4322400,1440000,2882400,1440000,0,0,0,1442400,64474,0.0645
distribute_parallel_for_split_1200_1200_1700,1200,1700,0,3400,20410200,6125101,1700,27840000,16320000,6123400,2040000,4083400,2040000,0,0,0,2043400,89726,0.0897
distribute_parallel_for_split_1200_1200_2200,1200,2200,0,4400,26413200,7926601,2200,32640000,21120000,7924400,2640000,5284400,2640000,0,0,0,2644400,121861,0.1219
distribute_parallel_for_split_1200_1200_2700,1200,2700,0,5400,32416200,9728101,2700,37440000,25920000,9725400,3240000,6485400,3240000,0,0,0,3245400,122852,0.1229
distribute_parallel_for_split_1200_1200_3200,1200,3200,0,6400,38419200,11529601,3200,42240000,30720000,11526400,3840000,7686400,3840000,0,0,0,3846400,172028,0.1720
distribute_parallel_for_split_1200_1200_3700,1200,3700,0,7400,44422200,13331101,3700,47040000,35520000,13327400,4440000,8887400,4440000,0,0,0,4447400,208021,0.2080
distribute_parallel_for_split_1200_1200_4200,1200,4200,0,8400,50425200,15132601,4200,51840000,40320000,15128400,5040000,10088400,5040000,0,0,0,5048400,204893,0.2049
distribute_parallel_for_split_1200_1700_1200,1200,1200,0,2400,20407200,6123601,1200,32640000,11520000,6122400,2040000,4082400,2040000,0,0,0,2042400,125190,0.1252
distribute_parallel_for_split_1200_1700_1700,1200,1700,0,3400,28910200,8675101,1700,39440000,16320000,8673400,2890000,5783400,2890000,0,0,0,2893400,131909,0.1319
distribute_parallel_for_split_1200_1700_2200,1200,2200,0,4400,37413200,11226601,2200,46240000,21120000,11224400,3740000,7484400,3740000,0,0,0,3744400,225851,0.2259
distribute_parallel_for_split_1200_1700_2700,1200,2700,0,5400,45916200,13778101,2700,53040000,25920000,13775400,4590000,9185400,4590000,0,0,0,4595400,267549,0.2675
distribute_parallel_for_split_1200_1700_3200,1200,3200,0,6400,54419200,16329601,3200,59840000,30720000,16326400,5440000,10886400,5440000,0,0,0,5446400,308901,0.3089
distribute_parallel_for_split_1200_1700_3700,1200,3700,0,7400,62922200,18881101,3700,66640000,35520000,18877400,6290000,12587400,6290000,0,0,0,6297400,252154,0.2522
distribute_parallel_for_split_1200_1700_4200,1200,4200,0,8400,71425200,21432601,4200,73440000,40320000,21428400,7140000,14288400,7140000,0,0,0,7148400,308816,0.3088
distribute_parallel_for_split_1200_2200_1200,1200,1200,0,2400,26407200,7923601,1200,42240000,11520000,7922400,2640000,5282400,2640000,0,0,0,2642400,225129,0.2251
distribute_parallel_for_split_1200_2200_1700,1200,1700,0,3400,37410200,11225101,1700,51040000,16320000,11223400,3740000,7483400,3740000,0,0,0,3743400,151958,0.1520
distribute_parallel_for_split_1200_2200_2200,1200,2200,0,4400,48413200,14526601,2200,59840000,21120000,14524400,4840000,9684400,4840000,0,0,0,4844400,278253,0.2783
distribute_parallel_for_split_1200_2200_2700,1200,2700,0,5400,59416200,17828101,2700,68640000,25920000,17825400,5940000,11885400,5940000,0,0,0,5945400,366515,0.3665
distribute_parallel_for_split_1200_2200_3200,1200,3200,0,6400,70419200,21129601,3200,77440000,30720000,21126400,7040000,14086400,7040000,0,0,0,7046400,298457,0.2985
distribute_parallel_for_split_1200_2200_3700,1200,3700,0,7400,81422200,24431101,3700,86240000,35520000,24427400,8140000,16287400,8140000,0,0,0,8147400,629308,0.6293
distribute_parallel_for_split_1200_2200_4200,1200,4200,0,8400,92425200,27732601,4200,95040000,40320000,27728400,9240000,18488400,9240000,0,0,0,9248400,391516,0.3915
distribute_parallel_for_split_1200_2700_1200,1200,1200,0,2400,32407200,9723601,1200,51840000,11520000,9722400,3240000,6482400,3240000,0,0,0,3242400,132061,0.1321
distribute_parallel_for_split_1200_2700_1700,1200,1700,0,3400,45910200,13775101,1700,62640000,16320000,13773400,4590000,9183400,4590000,0,0,0,4593400,262547,0.2625
distribute_parallel_for_split_1200_2700_2200,1200,2200,0,4400,59413200,17826601,2200,73440000,21120000,17824400,5940000,11884400,5940000,0,0,0,5944400,293906,0.2939
distribute_parallel_for_split_1200_2700_2700,1200,2700,0,5400,72916200,21878101,2700,84240000,25920000,21875400,7290000,14585400,7290000,0,0,0,7295400,274933,0.2749
distribute_parallel_for_split_1200_2700_3200,1200,3200,0,6400,86419200,25929601,3200,95040000,30720000,25926400,8640000,17286400,8640000,0,0,0,8646400,391191,0.3912
distribute_parallel_for_split_1200_2700_3700,1200,3700,0,7400,99922200,29981101,3700,105840000,35520000,29977400,9990000,19987400,9990000,0,0,0,9997400,421743,0.4217
distribute_parallel_for_split_1200_2700_4200,1200,4200,0,8400,113425200,34032601,4200,116640000,40320000,34028400,11340000,22688400,11340000,0,0,0,11348400,512571,0.5126
distribute_parallel_for_split_1200_3200_1200,1200,1200,0,2400,38407200,11523601,1200,61440000,11520000,11522400,3840000,7682400,3840000,0,0,0,3842400,309888,0.3099
distribute_parallel_for_split_1200_3200_1700,1200,1700,0,3400,54410200,16325101,1700,74240000,16320000,16323400,5440000,10883400,5440000,0,0,0,5443400,416303,0.4163
distribute_parallel_for_split_1200_3200_2200,1200,2200,0,4400,70413200,21126601,2200,87040000,21120000,21124400,7040000,14084400,7040000,0,0,0,7044400,313793,0.3138
distribute_parallel_for_split_1200_3200_2700,1200,2700,0,5400,86416200,25928101,2700,99840000,25920000,25925400,8640000,17285400,8640000,0,0,0,8645400,477250,0.4773
distribute_parallel_for_split_1200_3200_3200,1200,3200,0,6400,102419200,30729601,3200,112640000,30720000,30726400,10240000,20486400,10240000,0,0,0,10246400,500866,0.5009
distribute_parallel_for_split_1200_3200_3700,1200,3700,0,7400,118422200,35531101,3700,125440000,35520000,35527400,11840000,23687400,11840000,0,0,0,11847400,586353,0.5864
distribute_parallel_for_split_1200_3200_4200,1200,4200,0,8400,134425200,40332601,4200,138240000,40320000,40328400,13440000,26888400,13440000,0,0,0,13448400,557838,0.5578
distribute_parallel_for_split_1200_3700_1200,1200,1200,0,2400,44407200,13323601,1200,71040000,11520000,13322400,4440000,8882400,4440000,0,0,0,4442400,477520,0.4775
distribute_parallel_for_split_1200_3700_1700,1200,1700,0,3400,62910200,18875101,1700,85840000,16320000,18873400,6290000,12583400,6290000,0,0,0,6293400,300591,0.3006
distribute_parallel_for_split_1200_3700_2200,1200,2200,0,4400,81413200,24426601,2200,100640000,21120000,24424400,8140000,16284400,8140000,0,0,0,8144400,322636,0.3226
distribute_parallel_for_split_1200_3700_2700,1200,2700,0,5400,99916200,29978101,2700,115440000,25920000,29975400,9990000,19985400,9990000,0,0,0,9995400,672970,0.6730
distribute_parallel_for_split_1200_3700_3200,1200,3200,0,6400,118419200,35529601,3200,130240000,30720000,35526400,11840000,23686400,11840000,0,0,0,11846400,547837,0.5478
distribute_parallel_for_split_1200_3700_3700,1200,3700,0,7400,136922200,41081101,3700,145040000,35520000,41077400,13690000,27387400,13690000,0,0,0,13697400,503187,0.5032
distribute_parallel_for_split_1200_3700_4200,1200,4200,0,8400,155425200,46632601,4200,159840000,40320000,46628400,15540000,31088400,15540000,0,0,0,15548400,1024418,1.0244
distribute_parallel_for_split_1250_1250_1250,1250,1250,0,2500,15632500,4691251,1250,25000000,12500000,4690000,1562500,3127500,1562500,0,0,0,1565000,78851,0.0789
distribute_parallel_for_split_1250_1250_1750,1250,1750,0,3500,21885500,6567751,1750,30000000,17500000,6566000,2187500,4378500,2187500,0,0,0,2191000,109218,0.1092
distribute_parallel_for_split_1250_1250_2250,1250,2250,0,4500,28138500,8444251,2250,35000000,22500000,8442000,2812500,5629500,2812500,0,0,0,2817000,147715,0.1477
distribute_parallel_for_split_1250_1250_2750,1250,2750,0,5500,34391500,10320751,2750,40000000,27500000,10318000,3437500,6880500,3437500,0,0,0,3443000,176993,0.1770
distribute_parallel_for_split_1250_1250_3250,1250,3250,0,6500,40644500,12197251,3250,45000000,32500000,12194000,4062500,8131500,4062500,0,0,0,4069000,170021,0.1700
distribute_parallel_for_split_1250_1250_3750,1250,3750,0,7500,46897500,14073751,3750,50000000,37500000,14070000,4687500,9382500,4687500,0,0,0,4695000,178347,0.1783
distribute_parallel_for_split_1250_1250_4250,1250,4250,0,8500,53150500,15950251,4250,55000000,42500000,15946000,5312500,10633500,5312500,0,0,0,5321000,464833,0.4648
distribute_parallel_for_split_1250_1750_1250,1250,1250,0,2500,21882500,6566251,1250,35000000,12500000,6565000,2187500,4377500,2187500,0,0,0,2190000,89643,0.0896
distribute_parallel_for_split_1250_1750_1750,1250,1750,0,3500,30635500,9192751,1750,42000000,17500000,9191000,3062500,6128500,3062500,0,0,0,3066000,145073,0.1451
distribute_parallel_for_split_1250_1750_2250,1250,2250,0,4500,39388500,11819251,2250,49000000,22500000,11817000,3937500,7879500,3937500,0,0,0,3942000,258830,0.2588
distribute_parallel_for_split_1250_1750_2750,1250,2750,0,5500,48141500,14445751,2750,56000000,27500000,14443000,4812500,9630500,4812500,0,0,0,4818000,460164,0.4602
distribute_parallel_for_split_1250_1750_3250,1250,3250,0,6500,56894500,17072251,3250,63000000,32500000,17069000,5687500,11381500,5687500,0,0,0,5694000,513299,0.5133
distribute_parallel_for_split_1250_1750_3750,1250,3750,0,7500,65647500,19698751,3750,70000000,37500000,19695000,6562500,13132500,6562500,0,0,0,6570000,370080,0.3701
distribute_parallel_for_split_1250_1750_4250,1250,4250,0,8500,74400500,22325251,4250,77000000,42500000,22321000,7437500,14883500,7437500,0,0,0,7446000,318856,0.3189
distribute_parallel_for_split_1250_2250_1250,1250,1250,0,2500,28132500,8441251,1250,45000000,12500000,8440000,2812500,5627500,2812500,0,0,0,2815000,117630,0.1176
distribute_parallel_for_split_1250_2250_1750,1250,1750,0,3500,39385500,11817751,1750,54000000,17500000,11816000,3937500,7878500,3937500,0,0,0,3941000,155464,0.1555
distribute_parallel_for_split_1250_2250_2250,1250,2250,0,4500,50638500,15194251,2250,63000000,22500000,15192000,5062500,10129500,5062500,0,0,0,5067000,450363,0.4504
distribute_parallel_for_split_1250_2250_2750,1250,2750,0,5500,61891500,18570751,2750,72000000,27500000,18568000,6187500,12380500,6187500,0,0,0,6193000,247378,0.2474
distribute_parallel_for_split_1250_2250_3250,1250,3250,0,6500,73144500,21947251,3250,81000000,32500000,21944000,7312500,14631500,7312500,0,0,0,7319000,300494,0.3005
distribute_parallel_for_split_1250_2250_3750,1250,3750,0,7500,84397500,25323751,3750,90000000,37500000,25320000,8437500,16882500,8437500,0,0,0,8445000,359098,0.3591
distribute_parallel_for_split_1250_2250_4250,1250,4250,0,8500,95650500,28700251,4250,99000000,42500000,28696000,9562500,19133500,9562500,0,0,0,9571000,361995,0.3620
distribute_parallel_for_split_1250_2750_1250,1250,1250,0,2500,34382500,10316251,1250,55000000,12500000,10315000,3437500,6877500,3437500,0,0,0,3440000,191952,0.1920
distribute_parallel_for_split_1250_2750_1750,1250,1750,0,3500,48135500,14442751,1750,66000000,17500000,14441000,4812500,9628500,4812500,0,0,0,4816000,489529,0.4895
distribute_parallel_for_split_1250_2750_2250,1250,2250,0,4500,61888500,18569251,2250,77000000,22500000,18567000,6187500,12379500,6187500,0,0,0,6192000,344157,0.3442
distribute_parallel_for_split_1250_2750_2750,1250,2750,0,5500,75641500,22695751,2750,88000000,27500000,22693000,7562500,15130500,7562500,0,0,0,7568000,264260,0.2643
distribute_parallel_for_split_1250_2750_3250,1250,3250,0,6500,89394500,26822251,3250,99000000,32500000,26819000,8937500,17881500,8937500,0,0,0,8944000,326827,0.3268
distribute_parallel_for_split_1250_2750_3750,1250,3750,0,7500,103147500,30948751,3750,110000000,37500000,30945000,10312500,20632500,10312500,0,0,0,10320000,439472,0.4395
distribute_parallel_for_split_1250_2750_4250,1250,4250,0,8500,116900500,35075251,4250,121000000,42500000,35071000,11687500,23383500,11687500,0,0,0,11696000,635599,0.6356
distribute_parallel_for_split_1250_3250_1250,1250,1250,0,2500,40632500,12191251,1250,65000000,12500000,12190000,4062500,8127500,4062500,0,0,0,4065000,167933,0.1679
distribute_parallel_for_split_1250_3250_1750,1250,1750,0,3500,56885500,17067751,1750,78000000,17500000,17066000,5687500,11378500,5687500,0,0,0,5691000,280042,0.2800
distribute_parallel_for_split_1250_3250_2250,1250,2250,0,4500,73138500,21944251,2250,91000000,22500000,21942000,7312500,14629500,7312500,0,0,0,7317000,266986,0.2670
distribute_parallel_for_split_1250_3250_2750,1250,2750,0,5500,89391500,26820751,2750,104000000,27500000,26818000,8937500,17880500,8937500,0,0,0,8943000,325726,0.3257
distribute_parallel_for_split_1250_3250_3250,1250,3250,0,6500,105644500,31697251,3250,117000000,32500000,31694000,10562500,21131500,10562500,0,0,0,10569000,459829,0.4598
distribute_parallel_for_split_1250_3250_3750,1250,3750,0,7500,121897500,36573751,3750,130000000,37500000,36570000,12187500,24382500,12187500,0,0,0,12195000,677443,0.6774
distribute_parallel_for_split_1250_3250_4250,1250,4250,0,8500,138150500,41450251,4250,143000000,42500000,41446000,13812500,27633500,13812500,0,0,0,13821000,728339,0.7283
distribute_parallel_for_split_1250_3750_1250,1250,1250,0,2500,46882500,14066251,1250,75000000,12500000,14065000,4687500,9377500,4687500,0,0,0,4690000,214182,0.2142
distribute_parallel_for_split_1250_3750_1750,1250,1750,0,3500,65635500,19692751,1750,90000000,17500000,19691000,6562500,13128500,6562500,0,0,0,6566000,336063,0.3361
distribute_parallel_for_split_1250_3750_2250,1250,2250,0,4500,84388500,25319251,2250,105000000,22500000,25317000,8437500,16879500,8437500,0,0,0,8442000,305830,0.3058
distribute_parallel_for_split_1250_3750_2750,1250,2750,0,5500,103141500,30945751,2750,120000000,27500000,30943000,10312500,20630500,10312500,0,0,0,10318000,375882,0.3759
distribute_parallel_for_split_1250_3750_3250,1250,3250,0,6500,121894500,36572251,3250,135000000,32500000,36569000,12187500,24381500,12187500,0,0,0,12194000,502379,0.5024
distribute_parallel_for_split_1250_3750_3750,1250,3750,0,7500,140647500,42198751,3750,150000000,37500000,42195000,14062500,28132500,14062500,0,0,0,14070000,747046,0.7470
distribute_parallel_for_split_1250_3750_4250,1250,4250,0,8500,159400500,47825251,4250,165000000,42500000,47821000,15937500,31883500,15937500,0,0,0,15946000,686024,0.6860
distribute_parallel_for_split_1250_4250_1250,1250,1250,0,2500,53132500,15941251,1250,85000000,12500000,15940000,5312500,10627500,5312500,0,0,0,5315000,554836,0.5548
distribute_parallel_for_split_1250_4250_1750,1250,1750,0,3500,74385500,22317751,1750,102000000,17500000,22316000,7437500,14878500,7437500,0,0,0,7441000,338952,0.3390
distribute_parallel_for_split_1250_4250_2250,1250,2250,0,4500,95638500,28694251,2250,119000000,22500000,28692000,9562500,19129500,9562500,0,0,0,9567000,405529,0.4055
distribute_parallel_for_split_1250_4250_2750,1250,2750,0,5500,116891500,35070751,2750,136000000,27500000,35068000,11687500,23380500,11687500,0,0,0,11693000,802668,0.8027
distribute_parallel_for_split_1250_4250_3250,1250,3250,0,6500,138144500,41447251,3250,153000000,32500000,41444000,13812500,27631500,13812500,0,0,0,13819000,1002182,1.0022
distribute_parallel_for_split_1250_4250_3750,1250,3750,0,7500,159397500,47823751,3750,170000000,37500000,47820000,15937500,31882500,15937500,0,0,0,15945000,627732,0.6277
distribute_parallel_for_split_1250_4250_4250,1250,4250,0,8500,180650500,54200251,4250,187000000,42500000,54196000,18062500,36133500,18062500,0,0,0,18071000,1037829,1.0378
distribute_parallel_for_split_1400_1400_1400,1400,1400,0,2800,19608400,5884201,1400,31360000,15680000,5882800,1960000,3922800,1960000,0,0,0,1962800,120223,0.1202
distribute_parallel_for_split_1400_1400_1900,1400,1900,0,3800,26611400,7985701,1900,36960000,21280000,7983800,2660000,5323800,2660000,0,0,0,2663800,145144,0.1451
distribute_parallel_for_split_1400_1400_2400,1400,2400,0,4800,33614400,10087201,2400,42560000,26880000,10084800,3360000,6724800,3360000,0,0,0,3364800,196683,0.1967
distribute_parallel_for_split_1400_1400_2900,1400,2900,0,5800,40617400,12188701,2900,48160000,32480000,12185800,4060000,8125800,4060000,0,0,0,4065800,168413,0.1684
distribute_parallel_for_split_1400_1400_3400,1400,3400,0,6800,47620400,14290201,3400,53760000,38080000,14286800,4760000,9526800,4760000,0,0,0,4766800,311450,0.3115
distribute_parallel_for_split_1400_1400_3900,1400,3900,0,7800,54623400,16391701,3900,59360000,43680000,16387800,5460000,10927800,5460000,0,0,0,5467800,320405,0.3204
distribute_parallel_for_split_1400_1400_900,1400,900,0,1800,12605400,3782701,900,25760000,10080000,3781800,1260000,2521800,1260000,0,0,0,1261800,126498,0.1265
distribute_parallel_for_split_1400_1900_1400,1400,1400,0,2800,26608400,7984201,1400,42560000,15680000,7982800,2660000,5322800,2660000,0,0,0,2662800,111745,0.1117
distribute_parallel_for_split_1400_1900_1900,1400,1900,0,3800,36111400,10835701,1900,50160000,21280000,10833800,3610000,7223800,3610000,0,0,0,3613800,354682,0.3547
distribute_parallel_for_split_1400_1900_2400,1400,2400,0,4800,45614400,13687201,2400,57760000,26880000,13684800,4560000,9124800,4560000,0,0,0,4564800,287972,0.2880
distribute_parallel_for_split_1400_1900_2900,1400,2900,0,5800,55117400,16538701,2900,65360000,32480000,16535800,5510000,11025800,5510000,0,0,0,5515800,514274,0.5143
distribute_parallel_for_split_1400_1900_3400,1400,3400,0,6800,64620400,19390201,3400,72960000,38080000,19386800,6460000,12926800,6460000,0,0,0,6466800,449268,0.4493
distribute_parallel_for_split_1400_1900_3900,1400,3900,0,7800,74123400,22241701,3900,80560000,43680000,22237800,7410000,14827800,7410000,0,0,0,7417800,487190,0.4872
distribute_parallel_for_split_1400_1900_900,1400,900,0,1800,17105400,5132701,900,34960000,10080000,5131800,1710000,3421800,1710000,0,0,0,1711800,145220,0.1452
distribute_parallel_for_split_1400_2400_1400,1400,1400,0,2800,33608400,10084201,1400,53760000,15680000,10082800,3360000,6722800,3360000,0,0,0,3362800,132553,0.1326
distribute_parallel_for_split_1400_2400_1900,1400,1900,0,3800,45611400,13685701,1900,63360000,21280000,13683800,4560000,9123800,4560000,0,0,0,4563800,624059,0.6241
distribute_parallel_for_split_1400_2400_2400,1400,2400,0,4800,57614400,17287201,2400,72960000,26880000,17284800,5760000,11524800,5760000,0,0,0,5764800,292588,0.2926
distribute_parallel_for_split_1400_2400_2900,1400,2900,0,5800,69617400,20888701,2900,82560000,32480000,20885800,6960000,13925800,6960000,0,0,0,6965800,324558,0.3246
distribute_parallel_for_split_1400_2400_3400,1400,3400,0,6800,81620400,24490201,3400,92160000,38080000,24486800,8160000,16326800,8160000,0,0,0,8166800,352029,0.3520
distribute_parallel_for_split_1400_2400_3900,1400,3900,0,7800,93623400,28091701,3900,101760000,43680000,28087800,9360000,18727800,9360000,0,0,0,9367800,411247,0.4112
distribute_parallel_for_split_1400_2400_900,1400,900,0,1800,21605400,6482701,900,44160000,10080000,6481800,2160000,4321800,2160000,0,0,0,2161800,103859,0.1039
distribute_parallel_for_split_1400_2900_1400,1400,1400,0,2800,40608400,12184201,1400,64960000,15680000,12182800,4060000,8122800,4060000,0,0,0,4062800,310140,0.3101
distribute_parallel_for_split_1400_2900_1900,1400,1900,0,3800,55111400,16535701,1900,76560000,21280000,16533800,5510000,11023800,5510000,0,0,0,5513800,275193,0.2752
distribute_parallel_for_split_1400_2900_2400,1400,2400,0,4800,69614400,20887201,2400,88160000,26880000,20884800,6960000,13924800,6960000,0,0,0,6964800,412908,0.4129
distribute_parallel_for_split_1400_2900_2900,1400,2900,0,5800,84117400,25238701,2900,99760000,32480000,25235800,8410000,16825800,8410000,0,0,0,8415800,370016,0.3700
distribute_parallel_for_split_1400_2900_3400,1400,3400,0,6800,98620400,29590201,3400,111360000,38080000,29586800,9860000,19726800,9860000,0,0,0,9866800,408127,0.4081
distribute_parallel_for_split_1400_2900_3900,1400,3900,0,7800,113123400,33941701,3900,122960000,43680000,33937800,11310000,22627800,11310000,0,0,0,11317800,470716,0.4707
distribute_parallel_for_split_1400_2900_900,1400,900,0,1800,26105400,7832701,900,53360000,10080000,7831800,2610000,5221800,2610000,0,0,0,2611800,240398,0.2404
distribute_parallel_for_split_1400_3400_1400,1400,1400,0,2800,47608400,14284201,1400,76160000,15680000,14282800,4760000,9522800,4760000,0,0,0,4762800,395002,0.3950
distribute_parallel_for_split_1400_3400_1900,1400,1900,0,3800,64611400,19385701,1900,89760000,21280000,19383800,6460000,12923800,6460000,0,0,0,6463800,308635,0.3086
distribute_parallel_for_split_1400_3400_2400,1400,2400,0,4800,81614400,24487201,2400,103360000,26880000,24484800,8160000,16324800,8160000,0,0,0,8164800,311379,0.3114
distribute_parallel_for_split_1400_3400_2900,1400,2900,0,5800,98617400,29588701,2900,116960000,32480000,29585800,9860000,19725800,9860000,0,0,0,9865800,491994,0.4920
distribute_parallel_for_split_1400_3400_3400,1400,3400,0,6800,115620400,34690201,3400,130560000,38080000,34686800,11560000,23126800,11560000,0,0,0,11566800,435652,0.4357
distribute_parallel_for_split_1400_3400_3900,1400,3900,0,7800,132623400,39791701,3900,144160000,43680000,39787800,13260000,26527800,13260000,0,0,0,13267800,534176,0.5342
distribute_parallel_for_split_1400_3400_900,1400,900,0,1800,30605400,9182701,900,62560000,10080000,9181800,3060000,6121800,3060000,0,0,0,3061800,132424,0.1324
distribute_parallel_for_split_1400_3900_1400,1400,1400,0,2800,54608400,16384201,1400,87360000,15680000,16382800,5460000,10922800,5460000,0,0,0,5462800,228236,0.2282
distribute_parallel_for_split_1400_3900_1900,1400,1900,0,3800,74111400,22235701,1900,102960000,21280000,22233800,7410000,14823800,7410000,0,0,0,7413800,395677,0.3957
distribute_parallel_for_split_1400_3900_2400,1400,2400,0,4800,93614400,28087201,2400,118560000,26880000,28084800,9360000,18724800,9360000,0,0,0,9364800,634548,0.6345
distribute_parallel_for_split_1400_3900_2900,1400,2900,0,5800,113117400,33938701,2900,134160000,32480000,33935800,11310000,22625800,11310000,0,0,0,11315800,436207,0.4362
distribute_parallel_for_split_1400_3900_3400,1400,3400,0,6800,132620400,39790201,3400,149760000,38080000,39786800,13260000,26526800,13260000,0,0,0,13266800,730124,0.7301
distribute_parallel_for_split_1400_3900_3900,1400,3900,0,7800,152123400,45641701,3900,165360000,43680000,45637800,15210000,30427800,15210000,0,0,0,15217800,721529,0.7215
distribute_parallel_for_split_1400_3900_900,1400,900,0,1800,35105400,10532701,900,71760000,10080000,10531800,3510000,7021800,3510000,0,0,0,3511800,278667,0.2787
distribute_parallel_for_split_1400_900_1400,1400,1400,0,2800,12608400,3784201,1400,20160000,15680000,3782800,1260000,2522800,1260000,0,0,0,1262800,102522,0.1025
distribute_parallel_for_split_1400_900_1900,1400,1900,0,3800,17111400,5135701,1900,23760000,21280000,5133800,1710000,3423800,1710000,0,0,0,1713800,86634,0.0866
distribute_parallel_for_split_1400_900_2400,1400,2400,0,4800,21614400,6487201,2400,27360000,26880000,6484800,2160000,4324800,2160000,0,0,0,2164800,95655,0.0957
distribute_parallel_for_split_1400_900_2900,1400,2900,0,5800,26117400,7838701,2900,30960000,32480000,7835800,2610000,5225800,2610000,0,0,0,2615800,134339,0.1343
distribute_parallel_for_split_1400_900_3400,1400,3400,0,6800,30620400,9190201,3400,34560000,38080000,9186800,3060000,6126800,3060000,0,0,0,3066800,176538,0.1765
distribute_parallel_for_split_1400_900_3900,1400,3900,0,7800,35123400,10541701,3900,38160000,43680000,10537800,3510000,7027800,3510000,0,0,0,3517800,154356,0.1544
distribute_parallel_for_split_1400_900_900,1400,900,0,1800,8105400,2432701,900,16560000,10080000,2431800,810000,1621800,810000,0,0,0,811800,39713,0.0397
distribute_parallel_for_split_1500_1000_1000,1500,1000,0,2000,10006000,3003001,1000,20000000,12000000,3002000,1000000,2002000,1000000,0,0,0,1002000,124302,0.1243
distribute_parallel_for_split_1500_1000_1500,1500,1500,0,3000,15009000,4504501,1500,24000000,18000000,4503000,1500000,3003000,1500000,0,0,0,1503000,207270,0.2073
distribute_parallel_for_split_1500_1000_2000,1500,2000,0,4000,20012000,6006001,2000,28000000,24000000,6004000,2000000,4004000,2000000,0,0,0,2004000,156799,0.1568
distribute_parallel_for_split_1500_1000_2500,1500,2500,0,5000,25015000,7507501,2500,32000000,30000000,7505000,2500000,5005000,2500000,0,0,0,2505000,152037,0.1520
distribute_parallel_for_split_1500_1000_3000,1500,3000,0,6000,30018000,9009001,3000,36000000,36000000,9006000,3000000,6006000,3000000,0,0,0,3006000,262435,0.2624
distribute_parallel_for_split_1500_1000_3500,1500,3500,0,7000,35021000,10510501,3500,40000000,42000000,10507000,3500000,7007000,3500000,0,0,0,3507000,311480,0.3115
distribute_parallel_for_split_1500_1000_4000,1500,4000,0,8000,40024000,12012001,4000,44000000,48000000,12008000,4000000,8008000,4000000,0,0,0,4008000,455095,0.4551
distribute_parallel_for_split_1500_1500_1000,1500,1000,0,2000,15006000,4503001,1000,30000000,12000000,4502000,1500000,3002000,1500000,0,0,0,1502000,116240,0.1162
distribute_parallel_for_split_1500_1500_1500,1500,1500,0,3000,22509000,6754501,1500,36000000,18000000,6753000,2250000,4503000,2250000,0,0,0,2253000,234946,0.2349
distribute_parallel_for_split_1500_1500_2000,1500,2000,0,4000,30012000,9006001,2000,42000000,24000000,9004000,3000000,6004000,3000000,0,0,0,3004000,173961,0.1740
distribute_parallel_for_split_1500_1500_2500,1500,2500,0,5000,37515000,11257501,2500,48000000,30000000,11255000,3750000,7505000,3750000,0,0,0,3755000,269471,0.2695
distribute_parallel_for_split_1500_1500_3000,1500,3000,0,6000,45018000,13509001,3000,54000000,36000000,13506000,4500000,9006000,4500000,0,0,0,4506000,370649,0.3706
distribute_parallel_for_split_1500_1500_3500,1500,3500,0,7000,52521000,15760501,3500,60000000,42000000,15757000,5250000,10507000,5250000,0,0,0,5257000,264978,0.2650
distribute_parallel_for_split_1500_1500_4000,1500,4000,0,8000,60024000,18012001,4000,66000000,48000000,18008000,6000000,12008000,6000000,0,0,0,6008000,638111,0.6381
distribute_parallel_for_split_1500_2000_1000,1500,1000,0,2000,20006000,6003001,1000,40000000,12000000,6002000,2000000,4002000,2000000,0,0,0,2002000,132009,0.1320
distribute_parallel_for_split_1500_2000_1500,1500,1500,0,3000,30009000,9004501,1500,48000000,18000000,9003000,3000000,6003000,3000000,0,0,0,3003000,200655,0.2007
distribute_parallel_for_split_1500_2000_2000,1500,2000,0,4000,40012000,12006001,2000,56000000,24000000,12004000,4000000,8004000,4000000,0,0,0,4004000,283934,0.2839
distribute_parallel_for_split_1500_2000_2500,1500,2500,0,5000,50015000,15007501,2500,64000000,30000000,15005000,5000000,10005000,5000000,0,0,0,5005000,334165,0.3342
distribute_parallel_for_split_1500_2000_3000,1500,3000,0,6000,60018000,18009001,3000,72000000,36000000,18006000,6000000,12006000,6000000,0,0,0,6006000,394519,0.3945
distribute_parallel_for_split_1500_2000_3500,1500,3500,0,7000,70021000,21010501,3500,80000000,42000000,21007000,7000000,14007000,7000000,0,0,0,7007000,439533,0.4395
distribute_parallel_for_split_1500_2000_4000,1500,4000,0,8000,80024000,24012001,4000,88000000,48000000,24008000,8000000,16008000,8000000,0,0,0,8008000,689515,0.6895
distribute_parallel_for_split_1500_2500_1000,1500,1000,0,2000,25006000,7503001,1000,50000000,12000000,7502000,2500000,5002000,2500000,0,0,0,2502000,232643,0.2326
distribute_parallel_for_split_1500_2500_1500,1500,1500,0,3000,37509000,11254501,1500,60000000,18000000,11253000,3750000,7503000,3750000,0,0,0,3753000,238853,0.2389
distribute_parallel_for_split_1500_2500_2000,1500,2000,0,4000,50012000,15006001,2000,70000000,24000000,15004000,5000000,10004000,5000000,0,0,0,5004000,490820,0.4908
distribute_parallel_for_split_1500_2500_2500,1500,2500,0,5000,62515000,18757501,2500,80000000,30000000,18755000,6250000,12505000,6250000,0,0,0,6255000,676333,0.6763
distribute_parallel_for_split_1500_2500_3000,1500,3000,0,6000,75018000,22509001,3000,90000000,36000000,22506000,7500000,15006000,7500000,0,0,0,7506000,624561,0.6246
distribute_parallel_for_split_1500_2500_3500,1500,3500,0,7000,87521000,26260501,3500,100000000,42000000,26257000,8750000,17507000,8750000,0,0,0,8757000,567405,0.5674
distribute_parallel_for_split_1500_2500_4000,1500,4000,0,8000,100024000,30012001,4000,110000000,48000000,30008000,10000000,20008000,10000000,0,0,0,10008000,551855,0.5519
distribute_parallel_for_split_1500_3000_1000,1500,1000,0,2000,30006000,9003001,1000,60000000,12000000,9002000,3000000,6002000,3000000,0,0,0,3002000,208811,0.2088
distribute_parallel_for_split_1500_3000_1500,1500,1500,0,3000,45009000,13504501,1500,72000000,18000000,13503000,4500000,9003000,4500000,0,0,0,4503000,332714,0.3327
distribute_parallel_for_split_1500_3000_2000,1500,2000,0,4000,60012000,18006001,2000,84000000,24000000,18004000,6000000,12004000,6000000,0,0,0,6004000,374437,0.3744
distribute_parallel_for_split_1500_3000_2500,1500,2500,0,5000,75015000,22507501,2500,96000000,30000000,22505000,7500000,15005000,7500000,0,0,0,7505000,574632,0.5746
distribute_parallel_for_split_1500_3000_3000,1500,3000,0,6000,90018000,27009001,3000,108000000,36000000,27006000,9000000,18006000,9000000,0,0,0,9006000,528892,0.5289
distribute_parallel_for_split_1500_3000_3500,1500,3500,0,7000,105021000,31510501,3500,120000000,42000000,31507000,10500000,21007000,10500000,0,0,0,10507000,671010,0.6710
distribute_parallel_for_split_1500_3000_4000,1500,4000,0,8000,120024000,36012001,4000,132000000,48000000,36008000,12000000,24008000,12000000,0,0,0,12008000,636035,0.6360
distribute_parallel_for_split_1500_3500_1000,1500,1000,0,2000,35006000,10503001,1000,70000000,12000000,10502000,3500000,7002000,3500000,0,0,0,3502000,405553,0.4056
distribute_parallel_for_split_1500_3500_1500,1500,1500,0,3000,52509000,15754501,1500,84000000,18000000,15753000,5250000,10503000,5250000,0,0,0,5253000,309851,0.3099
distribute_parallel_for_split_1500_3500_2000,1500,2000,0,4000,70012000,21006001,2000,98000000,24000000,21004000,7000000,14004000,7000000,0,0,0,7004000,424606,0.4246
distribute_parallel_for_split_1500_3500_2500,1500,2500,0,5000,87515000,26257501,2500,112000000,30000000,26255000,8750000,17505000,8750000,0,0,0,8755000,547541,0.5475
distribute_parallel_for_split_1500_3500_3000,1500,3000,0,6000,105018000,31509001,3000,126000000,36000000,31506000,10500000,21006000,10500000,0,0,0,10506000,809225,0.8092
distribute_parallel_for_split_1500_3500_3500,1500,3500,0,7000,122521000,36760501,3500,140000000,42000000,36757000,12250000,24507000,12250000,0,0,0,12257000,731149,0.7311
distribute_parallel_for_split_1500_3500_4000,1500,4000,0,8000,140024000,42012001,4000,154000000,48000000,42008000,14000000,28008000,14000000,0,0,0,14008000,899870,0.8999
distribute_parallel_for_split_1500_4000_1000,1500,1000,0,2000,40006000,12003001,1000,80000000,12000000,12002000,4000000,8002000,4000000,0,0,0,4002000,310164,0.3102
distribute_parallel_for_split_1500_4000_1500,1500,1500,0,3000,60009000,18004501,1500,96000000,18000000,18003000,6000000,12003000,6000000,0,0,0,6003000,348697,0.3487
distribute_parallel_for_split_1500_4000_2000,1500,2000,0,4000,80012000,24006001,2000,112000000,24000000,24004000,8000000,16004000,8000000,0,0,0,8004000,583135,0.5831
distribute_parallel_for_split_1500_4000_2500,1500,2500,0,5000,100015000,30007501,2500,128000000,30000000,30005000,10000000,20005000,10000000,0,0,0,10005000,630347,0.6303
distribute_parallel_for_split_1500_4000_3000,1500,3000,0,6000,120018000,36009001,3000,144000000,36000000,36006000,12000000,24006000,12000000,0,0,0,12006000,740279,0.7403
distribute_parallel_for_split_1500_4000_3500,1500,3500,0,7000,140021000,42010501,3500,160000000,42000000,42007000,14000000,28007000,14000000,0,0,0,14007000,866638,0.8666
distribute_parallel_for_split_1500_4000_4000,1500,4000,0,8000,160024000,48012001,4000,176000000,48000000,48008000,16000000,32008000,16000000,0,0,0,16008000,1009086,1.0091
distribute_parallel_for_split_1700_1200_1200,1700,1200,0,2400,14407200,4323601,1200,27840000,16320000,4322400,1440000,2882400,1440000,0,0,0,1442400,91750,0.0917
distribute_parallel_for_split_1700_1200_1700,1700,1700,0,3400,20410200,6125101,1700,32640000,23120000,6123400,2040000,4083400,2040000,0,0,0,2043400,222626,0.2226
distribute_parallel_for_split_1700_1200_2200,1700,2200,0,4400,26413200,7926601,2200,37440000,29920000,7924400,2640000,5284400,2640000,0,0,0,2644400,208857,0.2089
distribute_parallel_for_split_1700_1200_2700,1700,2700,0,5400,32416200,9728101,2700,42240000,36720000,9725400,3240000,6485400,3240000,0,0,0,3245400,195021,0.1950
distribute_parallel_for_split_1700_1200_3200,1700,3200,0,6400,38419200,11529601,3200,47040000,43520000,11526400,3840000,7686400,3840000,0,0,0,3846400,239286,0.2393
distribute_parallel_for_split_1700_1200_3700,1700,3700,0,7400,44422200,13331101,3700,51840000,50320000,13327400,4440000,8887400,4440000,0,0,0,4447400,296373,0.2964
distribute_parallel_for_split_1700_1200_4200,1700,4200,0,8400,50425200,15132601,4200,56640000,57120000,15128400,5040000,10088400,5040000,0,0,0,5048400,377873,0.3779
distribute_parallel_for_split_1700_1700_1200,1700,1200,0,2400,20407200,6123601,1200,39440000,16320000,6122400,2040000,4082400,2040000,0,0,0,2042400,236420,0.2364
distribute_parallel_for_split_1700_1700_1700,1700,1700,0,3400,28910200,8675101,1700,46240000,23120000,8673400,2890000,5783400,2890000,0,0,0,2893400,282798,0.2828
distribute_parallel_for_split_1700_1700_2200,1700,2200,0,4400,37413200,11226601,2200,53040000,29920000,11224400,3740000,7484400,3740000,0,0,0,3744400,249991,0.2500
distribute_parallel_for_split_1700_1700_2700,1700,2700,0,5400,45916200,13778101,2700,59840000,36720000,13775400,4590000,9185400,4590000,0,0,0,4595400,443669,0.4437
distribute_parallel_for_split_1700_1700_3200,1700,3200,0,6400,54419200,16329601,3200,66640000,43520000,16326400,5440000,10886400,5440000,0,0,0,5446400,332822,0.3328
distribute_parallel_for_split_1700_1700_3700,1700,3700,0,7400,62922200,18881101,3700,73440000,50320000,18877400,6290000,12587400,6290000,0,0,0,6297400,453588,0.4536
distribute_parallel_for_split_1700_1700_4200,1700,4200,0,8400,71425200,21432601,4200,80240000,57120000,21428400,7140000,14288400,7140000,0,0,0,7148400,441692,0.4417
distribute_parallel_for_split_1700_2200_1200,1700,1200,0,2400,26407200,7923601,1200,51040000,16320000,7922400,2640000,5282400,2640000,0,0,0,2642400,234823,0.2348
distribute_parallel_for_split_1700_2200_1700,1700,1700,0,3400,37410200,11225101,1700,59840000,23120000,11223400,3740000,7483400,3740000,0,0,0,3743400,220937,0.2209
distribute_parallel_for_split_1700_2200_2200,1700,2200,0,4400,48413200,14526601,2200,68640000,29920000,14524400,4840000,9684400,4840000,0,0,0,4844400,288593,0.2886
distribute_parallel_for_split_1700_2200_2700,1700,2700,0,5400,59416200,17828101,2700,77440000,36720000,17825400,5940000,11885400,5940000,0,0,0,5945400,495732,0.4957
distribute_parallel_for_split_1700_2200_3200,1700,3200,0,6400,70419200,21129601,3200,86240000,43520000,21126400,7040000,14086400,7040000,0,0,0,7046400,733871,0.7339
distribute_parallel_for_split_1700_2200_3700,1700,3700,0,7400,81422200,24431101,3700,95040000,50320000,24427400,8140000,16287400,8140000,0,0,0,8147400,621737,0.6217
distribute_parallel_for_split_1700_2200_4200,1700,4200,0,8400,92425200,27732601,4200,103840000,57120000,27728400,9240000,18488400,9240000,0,0,0,9248400,793371,0.7934
distribute_parallel_for_split_1700_2700_1200,1700,1200,0,2400,32407200,9723601,1200,62640000,16320000,9722400,3240000,6482400,3240000,0,0,0,3242400,241254,0.2413
distribute_parallel_for_split_1700_2700_1700,1700,1700,0,3400,45910200,13775101,1700,73440000,23120000,13773400,4590000,9183400,4590000,0,0,0,4593400,294491,0.2945
distribute_parallel_for_split_1700_2700_2200,1700,2200,0,4400,59413200,17826601,2200,84240000,29920000,17824400,5940000,11884400,5940000,0,0,0,5944400,324463,0.3245
distribute_parallel_for_split_1700_2700_2700,1700,2700,0,5400,72916200,21878101,2700,95040000,36720000,21875400,7290000,14585400,7290000,0,0,0,7295400,465689,0.4657
distribute_parallel_for_split_1700_2700_3200,1700,3200,0,6400,86419200,25929601,3200,105840000,43520000,25926400,8640000,17286400,8640000,0,0,0,8646400,574944,0.5749
distribute_parallel_for_split_1700_2700_3700,1700,3700,0,7400,99922200,29981101,3700,116640000,50320000,29977400,9990000,19987400,9990000,0,0,0,9997400,564555,0.5646
distribute_parallel_for_split_1700_2700_4200,1700,4200,0,8400,113425200,34032601,4200,127440000,57120000,34028400,11340000,22688400,11340000,0,0,0,11348400,1055302,1.0553
distribute_parallel_for_split_1700_3200_1200,1700,1200,0,2400,38407200,11523601,1200,74240000,16320000,11522400,3840000,7682400,3840000,0,0,0,3842400,311252,0.3113
distribute_parallel_for_split_1700_3200_1700,1700,1700,0,3400,54410200,16325101,1700,87040000,23120000,16323400,5440000,10883400,5440000,0,0,0,5443400,314881,0.3149
distribute_parallel_for_split_1700_3200_2200,1700,2200,0,4400,70413200,21126601,2200,99840000,29920000,21124400,7040000,14084400,7040000,0,0,0,7044400,731053,0.7311
distribute_parallel_for_split_1700_3200_2700,1700,2700,0,5400,86416200,25928101,2700,112640000,36720000,25925400,8640000,17285400,8640000,0,0,0,8645400,768520,0.7685
distribute_parallel_for_split_1700_3200_3200,1700,3200,0,6400,102419200,30729601,3200,125440000,43520000,30726400,10240000,20486400,10240000,0,0,0,10246400,560117,0.5601
distribute_parallel_for_split_1700_3200_3700,1700,3700,0,7400,118422200,35531101,3700,138240000,50320000,35527400,11840000,23687400,11840000,0,0,0,11847400,805144,0.8051
distribute_parallel_for_split_1700_3200_4200,1700,4200,0,8400,134425200,40332601,4200,151040000,57120000,40328400,13440000,26888400,13440000,0,0,0,13448400,762311,0.7623
distribute_parallel_for_split_1700_3700_1200,1700,1200,0,2400,44407200,13323601,1200,85840000,16320000,13322400,4440000,8882400,4440000,0,0,0,4442400,266514,0.2665
distribute_parallel_for_split_1700_3700_1700,1700,1700,0,3400,62910200,18875101,1700,100640000,23120000,18873400,6290000,12583400,6290000,0,0,0,6293400,344461,0.3445
distribute_parallel_for_split_1700_3700_2200,1700,2200,0,4400,81413200,24426601,2200,115440000,29920000,24424400,8140000,16284400,8140000,0,0,0,8144400,704449,0.7044
distribute_parallel_for_split_1700_3700_2700,1700,2700,0,5400,99916200,29978101,2700,130240000,36720000,29975400,9990000,19985400,9990000,0,0,0,9995400,564474,0.5645
distribute_parallel_for_split_1700_3700_3200,1700,3200,0,6400,118419200,35529601,3200,145040000,43520000,35526400,11840000,23686400,11840000,0,0,0,11846400,690244,0.6902
distribute_parallel_for_split_1700_3700_3700,1700,3700,0,7400,136922200,41081101,3700,159840000,50320000,41077400,13690000,27387400,13690000,0,0,0,13697400,984720,0.9847
distribute_parallel_for_split_1700_3700_4200,1700,4200,0,8400,155425200,46632601,4200,174640000,57120000,46628400,15540000,31088400,15540000,0,0,0,15548400,846659,0.8467
distribute_parallel_for_split_1750_1250_1250,1750,1250,0,2500,15632500,4691251,1250,30000000,17500000,4690000,1562500,3127500,1562500,0,0,0,1565000,141139,0.1411
distribute_parallel_for_split_1750_1250_1750,1750,1750,0,3500,21885500,6567751,1750,35000000,24500000,6566000,2187500,4378500,2187500,0,0,0,2191000,182195,0.1822
distribute_parallel_for_split_1750_1250_2250,1750,2250,0,4500,28138500,8444251,2250,40000000,31500000,8442000,2812500,5629500,2812500,0,0,0,2817000,154144,0.1541
distribute_parallel_for_split_1750_1250_2750,1750,2750,0,5500,34391500,10320751,2750,45000000,38500000,10318000,3437500,6880500,3437500,0,0,0,3443000,196912,0.1969
distribute_parallel_for_split_1750_1250_3250,1750,3250,0,6500,40644500,12197251,3250,50000000,45500000,12194000,4062500,8131500,4062500,0,0,0,4069000,263992,0.2640
distribute_parallel_for_split_1750_1250_3750,1750,3750,0,7500,46897500,14073751,3750,55000000,52500000,14070000,4687500,9382500,4687500,0,0,0,4695000,274580,0.2746
distribute_parallel_for_split_1750_1250_4250,1750,4250,0,8500,53150500,15950251,4250,60000000,59500000,15946000,5312500,10633500,5312500,0,0,0,5321000,379025,0.3790
distribute_parallel_for_split_1750_1750_1250,1750,1250,0,2500,21882500,6566251,1250,42000000,17500000,6565000,2187500,4377500,2187500,0,0,0,2190000,187105,0.1871
distribute_parallel_for_split_1750_1750_1750,1750,1750,0,3500,30635500,9192751,1750,49000000,24500000,9191000,3062500,6128500,3062500,0,0,0,3066000,229063,0.2291
distribute_parallel_for_split_1750_1750_2250,1750,2250,0,4500,39388500,11819251,2250,56000000,31500000,11817000,3937500,7879500,3937500,0,0,0,3942000,411030,0.4110
distribute_parallel_for_split_1750_1750_2750,1750,2750,0,5500,48141500,14445751,2750,63000000,38500000,14443000,4812500,9630500,4812500,0,0,0,4818000,420620,0.4206
distribute_parallel_for_split_1750_1750_3250,1750,3250,0,6500,56894500,17072251,3250,70000000,45500000,17069000,5687500,11381500,5687500,0,0,0,5694000,480444,0.4804
distribute_parallel_for_split_1750_1750_3750,1750,3750,0,7500,65647500,19698751,3750,77000000,52500000,19695000,6562500,13132500,6562500,0,0,0,6570000,388957,0.3890
distribute_parallel_for_split_1750_1750_4250,1750,4250,0,8500,74400500,22325251,4250,84000000,59500000,22321000,7437500,14883500,7437500,0,0,0,7446000,468941,0.4689
distribute_parallel_for_split_1750_2250_1250,1750,1250,0,2500,28132500,8441251,1250,54000000,17500000,8440000,2812500,5627500,2812500,0,0,0,2815000,178529,0.1785
distribute_parallel_for_split_1750_2250_1750,1750,1750,0,3500,39385500,11817751,1750,63000000,24500000,11816000,3937500,7878500,3937500,0,0,0,3941000,226404,0.2264
distribute_parallel_for_split_1750_2250_2250,1750,2250,0,4500,50638500,15194251,2250,72000000,31500000,15192000,5062500,10129500,5062500,0,0,0,5067000,400237,0.4002
distribute_parallel_for_split_1750_2250_2750,1750,2750,0,5500,61891500,18570751,2750,81000000,38500000,18568000,6187500,12380500,6187500,0,0,0,6193000,581325,0.5813
distribute_parallel_for_split_1750_2250_3250,1750,3250,0,6500,73144500,21947251,3250,90000000,45500000,21944000,7312500,14631500,7312500,0,0,0,7319000,470417,0.4704
distribute_parallel_for_split_1750_2250_3750,1750,3750,0,7500,84397500,25323751,3750,99000000,52500000,25320000,8437500,16882500,8437500,0,0,0,8445000,524420,0.5244
distribute_parallel_for_split_1750_2250_4250,1750,4250,0,8500,95650500,28700251,4250,108000000,59500000,28696000,9562500,19133500,9562500,0,0,0,9571000,490873,0.4909
distribute_parallel_for_split_1750_2750_1250,1750,1250,0,2500,34382500,10316251,1250,66000000,17500000,10315000,3437500,6877500,3437500,0,0,0,3440000,220367,0.2204
distribute_parallel_for_split_1750_2750_1750,1750,1750,0,3500,48135500,14442751,1750,77000000,24500000,14441000,4812500,9628500,4812500,0,0,0,4816000,483984,0.4840
distribute_parallel_for_split_1750_2750_2250,1750,2250,0,4500,61888500,18569251,2250,88000000,31500000,18567000,6187500,12379500,6187500,0,0,0,6192000,522760,0.5228
distribute_parallel_for_split_1750_2750_2750,1750,2750,0,5500,75641500,22695751,2750,99000000,38500000,22693000,7562500,15130500,7562500,0,0,0,7568000,586673,0.5867
distribute_parallel_for_split_1750_2750_3250,1750,3250,0,6500,89394500,26822251,3250,110000000,45500000,26819000,8937500,17881500,8937500,0,0,0,8944000,727882,0.7279
distribute_parallel_for_split_1750_2750_3750,1750,3750,0,7500,103147500,30948751,3750,121000000,52500000,30945000,10312500,20632500,10312500,0,0,0,10320000,838841,0.8388
distribute_parallel_for_split_1750_2750_4250,1750,4250,0,8500,116900500,35075251,4250,132000000,59500000,35071000,11687500,23383500,11687500,0,0,0,11696000,977965,0.9780
distribute_parallel_for_split_1750_3250_1250,1750,1250,0,2500,40632500,12191251,1250,78000000,17500000,12190000,4062500,8127500,4062500,0,0,0,4065000,304879,0.3049
distribute_parallel_for_split_1750_3250_1750,1750,1750,0,3500,56885500,17067751,1750,91000000,24500000,17066000,5687500,11378500,5687500,0,0,0,5691000,310272,0.3103
distribute_parallel_for_split_1750_3250_2250,1750,2250,0,4500,73138500,21944251,2250,104000000,31500000,21942000,7312500,14629500,7312500,0,0,0,7317000,467700,0.4677
distribute_parallel_for_split_1750_3250_2750,1750,2750,0,5500,89391500,26820751,2750,117000000,38500000,26818000,8937500,17880500,8937500,0,0,0,8943000,527479,0.5275
distribute_parallel_for_split_1750_3250_3250,1750,3250,0,6500,105644500,31697251,3250,130000000,45500000,31694000,10562500,21131500,10562500,0,0,0,10569000,643116,0.6431
distribute_parallel_for_split_1750_3250_3750,1750,3750,0,7500,121897500,36573751,3750,143000000,52500000,36570000,12187500,24382500,12187500,0,0,0,12195000,955388,0.9554
distribute_parallel_for_split_1750_3250_4250,1750,4250,0,8500,138150500,41450251,4250,156000000,59500000,41446000,13812500,27633500,13812500,0,0,0,13821000,756419,0.7564
distribute_parallel_for_split_1750_3750_1250,1750,1250,0,2500,46882500,14066251,1250,90000000,17500000,14065000,4687500,9377500,4687500,0,0,0,4690000,371696,0.3717
distribute_parallel_for_split_1750_3750_1750,1750,1750,0,3500,65635500,19692751,1750,105000000,24500000,19691000,6562500,13128500,6562500,0,0,0,6566000,490604,0.4906
distribute_parallel_for_split_1750_3750_2250,1750,2250,0,4500,84388500,25319251,2250,120000000,31500000,25317000,8437500,16879500,8437500,0,0,0,8442000,461715,0.4617
distribute_parallel_for_split_1750_3750_2750,1750,2750,0,5500,103141500,30945751,2750,135000000,38500000,30943000,10312500,20630500,10312500,0,0,0,10318000,593632,0.5936
distribute_parallel_for_split_1750_3750_3250,1750,3250,0,6500,121894500,36572251,3250,150000000,45500000,36569000,12187500,24381500,12187500,0,0,0,12194000,867803,0.8678
distribute_parallel_for_split_1750_3750_3750,1750,3750,0,7500,140647500,42198751,3750,165000000,52500000,42195000,14062500,28132500,14062500,0,0,0,14070000,915349,0.9153
distribute_parallel_for_split_1750_3750_4250,1750,4250,0,8500,159400500,47825251,4250,180000000,59500000,47821000,15937500,31883500,15937500,0,0,0,15946000,899819,0.8998
distribute_parallel_for_split_1750_4250_1250,1750,1250,0,2500,53132500,15941251,1250,102000000,17500000,15940000,5312500,10627500,5312500,0,0,0,5315000,285861,0.2859
distribute_parallel_for_split_1750_4250_1750,1750,1750,0,3500,74385500,22317751,1750,119000000,24500000,22316000,7437500,14878500,7437500,0,0,0,7441000,454983,0.4550
distribute_parallel_for_split_1750_4250_2250,1750,2250,0,4500,95638500,28694251,2250,136000000,31500000,28692000,9562500,19129500,9562500,0,0,0,9567000,542664,0.5427
distribute_parallel_for_split_1750_4250_2750,1750,2750,0,5500,116891500,35070751,2750,153000000,38500000,35068000,11687500,23380500,11687500,0,0,0,11693000,1016293,1.0163
distribute_parallel_for_split_1750_4250_3250,1750,3250,0,6500,138144500,41447251,3250,170000000,45500000,41444000,13812500,27631500,13812500,0,0,0,13819000,1037256,1.0373
distribute_parallel_for_split_1750_4250_3750,1750,3750,0,7500,159397500,47823751,3750,187000000,52500000,47820000,15937500,31882500,15937500,0,0,0,15945000,997675,0.9977
distribute_parallel_for_split_1750_4250_4250,1750,4250,0,8500,180650500,54200251,4250,204000000,59500000,54196000,18062500,36133500,18062500,0,0,0,18071000,1408741,1.4087
distribute_parallel_for_split_1900_1400_1400,1900,1400,0,2800,19608400,5884201,1400,36960000,21280000,5882800,1960000,3922800,1960000,0,0,0,1962800,114900,0.1149
distribute_parallel_for_split_1900_1400_1900,1900,1900,0,3800,26611400,7985701,1900,42560000,28880000,7983800,2660000,5323800,2660000,0,0,0,2663800,194021,0.1940
distribute_parallel_for_split_1900_1400_2400,1900,2400,0,4800,33614400,10087201,2400,48160000,36480000,10084800,3360000,6724800,3360000,0,0,0,3364800,416351,0.4164
distribute_parallel_for_split_1900_1400_2900,1900,2900,0,5800,40617400,12188701,2900,53760000,44080000,12185800,4060000,8125800,4060000,0,0,0,4065800,350767,0.3508
distribute_parallel_for_split_1900_1400_3400,1900,3400,0,6800,47620400,14290201,3400,59360000,51680000,14286800,4760000,9526800,4760000,0,0,0,4766800,281295,0.2813
distribute_parallel_for_split_1900_1400_3900,1900,3900,0,7800,54623400,16391701,3900,64960000,59280000,16387800,5460000,10927800,5460000,0,0,0,5467800,472256,0.4723
distribute_parallel_for_split_1900_1400_900,1900,900,0,1800,12605400,3782701,900,31360000,13680000,3781800,1260000,2521800,1260000,0,0,0,1261800,135035,0.1350
distribute_parallel_for_split_1900_1900_1400,1900,1400,0,2800,26608400,7984201,1400,50160000,21280000,7982800,2660000,5322800,2660000,0,0,0,2662800,194513,0.1945
distribute_parallel_for_split_1900_1900_1900,1900,1900,0,3800,36111400,10835701,1900,57760000,28880000,10833800,3610000,7223800,3610000,0,0,0,3613800,323334,0.3233
distribute_parallel_for_split_1900_1900_2400,1900,2400,0,4800,45614400,13687201,2400,65360000,36480000,13684800,4560000,9124800,4560000,0,0,0,4564800,326196,0.3262
distribute_parallel_for_split_1900_1900_2900,1900,2900,0,5800,55117400,16538701,2900,72960000,44080000,16535800,5510000,11025800,5510000,0,0,0,5515800,403076,0.4031
distribute_parallel_for_split_1900_1900_3400,1900,3400,0,6800,64620400,19390201,3400,80560000,51680000,19386800,6460000,12926800,6460000,0,0,0,6466800,639934,0.6399
distribute_parallel_for_split_1900_1900_3900,1900,3900,0,7800,74123400,22241701,3900,88160000,59280000,22237800,7410000,14827800,7410000,0,0,0,7417800,469077,0.4691
distribute_parallel_for_split_1900_1900_900,1900,900,0,1800,17105400,5132701,900,42560000,13680000,5131800,1710000,3421800,1710000,0,0,0,1711800,125442,0.1254
distribute_parallel_for_split_1900_2400_1400,1900,1400,0,2800,33608400,10084201,1400,63360000,21280000,10082800,3360000,6722800,3360000,0,0,0,3362800,200352,0.2004
distribute_parallel_for_split_1900_2400_1900,1900,1900,0,3800,45611400,13685701,1900,72960000,28880000,13683800,4560000,9123800,4560000,0,0,0,4563800,253256,0.2533
distribute_parallel_for_split_1900_2400_2400,1900,2400,0,4800,57614400,17287201,2400,82560000,36480000,17284800,5760000,11524800,5760000,0,0,0,5764800,485696,0.4857
distribute_parallel_for_split_1900_2400_2900,1900,2900,0,5800,69617400,20888701,2900,92160000,44080000,20885800,6960000,13925800,6960000,0,0,0,6965800,444531,0.4445
distribute_parallel_for_split_1900_2400_3400,1900,3400,0,6800,81620400,24490201,3400,101760000,51680000,24486800,8160000,16326800,8160000,0,0,0,8166800,731542,0.7315
distribute_parallel_for_split_1900_2400_3900,1900,3900,0,7800,93623400,28091701,3900,111360000,59280000,28087800,9360000,18727800,9360000,0,0,0,9367800,752023,0.7520
distribute_parallel_for_split_1900_2400_900,1900,900,0,1800,21605400,6482701,900,53760000,13680000,6481800,2160000,4321800,2160000,0,0,0,2161800,140678,0.1407
distribute_parallel_for_split_1900_2900_1400,1900,1400,0,2800,40608400,12184201,1400,76560000,21280000,12182800,4060000,8122800,4060000,0,0,0,4062800,247949,0.2479
distribute_parallel_for_split_1900_2900_1900,1900,1900,0,3800,55111400,16535701,1900,88160000,28880000,16533800,5510000,11023800,5510000,0,0,0,5513800,405756,0.4058
distribute_parallel_for_split_1900_2900_2400,1900,2400,0,4800,69614400,20887201,2400,99760000,36480000,20884800,6960000,13924800,6960000,0,0,0,6964800,445164,0.4452
distribute_parallel_for_split_1900_2900_2900,1900,2900,0,5800,84117400,25238701,2900,111360000,44080000,25235800,8410000,16825800,8410000,0,0,0,8415800,519350,0.5193
distribute_parallel_for_split_1900_2900_3400,1900,3400,0,6800,98620400,29590201,3400,122960000,51680000,29586800,9860000,19726800,9860000,0,0,0,9866800,626227,0.6262
distribute_parallel_for_split_1900_2900_3900,1900,3900,0,7800,113123400,33941701,3900,134560000,59280000,33937800,11310000,22627800,11310000,0,0,0,11317800,885043,0.8850
distribute_parallel_for_split_1900_2900_900,1900,900,0,1800,26105400,7832701,900,64960000,13680000,7831800,2610000,5221800,2610000,0,0,0,2611800,340137,0.3401
distribute_parallel_for_split_1900_3400_1400,1900,1400,0,2800,47608400,14284201,1400,89760000,21280000,14282800,4760000,9522800,4760000,0,0,0,4762800,312218,0.3122
distribute_parallel_for_split_1900_3400_1900,1900,1900,0,3800,64611400,19385701,1900,103360000,28880000,19383800,6460000,12923800,6460000,0,0,0,6463800,485673,0.4857
distribute_parallel_for_split_1900_3400_2400,1900,2400,0,4800,81614400,24487201,2400,116960000,36480000,24484800,8160000,16324800,8160000,0,0,0,8164800,611538,0.6115
distribute_parallel_for_split_1900_3400_2900,1900,2900,0,5800,98617400,29588701,2900,130560000,44080000,29585800,9860000,19725800,9860000,0,0,0,9865800,604579,0.6046
distribute_parallel_for_split_1900_3400_3400,1900,3400,0,6800,115620400,34690201,3400,144160000,51680000,34686800,11560000,23126800,11560000,0,0,0,11566800,620740,0.6207
distribute_parallel_for_split_1900_3400_3900,1900,3900,0,7800,132623400,39791701,3900,157760000,59280000,39787800,13260000,26527800,13260000,0,0,0,13267800,1219058,1.2191
distribute_parallel_for_split_1900_3400_900,1900,900,0,1800,30605400,9182701,900,76160000,13680000,9181800,3060000,6121800,3060000,0,0,0,3061800,271904,0.2719
distribute_parallel_for_split_1900_3900_1400,1900,1400,0,2800,54608400,16384201,1400,102960000,21280000,16382800,5460000,10922800,5460000,0,0,0,5462800,361960,0.3620
distribute_parallel_for_split_1900_3900_1900,1900,1900,0,3800,74111400,22235701,1900,118560000,28880000,22233800,7410000,14823800,7410000,0,0,0,7413800,503988,0.5040
distribute_parallel_for_split_1900_3900_2400,1900,2400,0,4800,93614400,28087201,2400,134160000,36480000,28084800,9360000,18724800,9360000,0,0,0,9364800,573873,0.5739
distribute_parallel_for_split_1900_3900_2900,1900,2900,0,5800,113117400,33938701,2900,149760000,44080000,33935800,11310000,22625800,11310000,0,0,0,11315800,744864,0.7449
distribute_parallel_for_split_1900_3900_3400,1900,3400,0,6800,132620400,39790201,3400,165360000,51680000,39786800,13260000,26526800,13260000,0,0,0,13266800,968296,0.9683
distribute_parallel_for_split_1900_3900_3900,1900,3900,0,7800,152123400,45641701,3900,180960000,59280000,45637800,15210000,30427800,15210000,0,0,0,15217800,812628,0.8126
distribute_parallel_for_split_1900_3900_900,1900,900,0,1800,35105400,10532701,900,87360000,13680000,10531800,3510000,7021800,3510000,0,0,0,3511800,234071,0.2341
distribute_parallel_for_split_1900_900_1400,1900,1400,0,2800,12608400,3784201,1400,23760000,21280000,3782800,1260000,2522800,1260000,0,0,0,1262800,199674,0.1997
distribute_parallel_for_split_1900_900_1900,1900,1900,0,3800,17111400,5135701,1900,27360000,28880000,5133800,1710000,3423800,1710000,0,0,0,1713800,119866,0.1199
distribute_parallel_for_split_1900_900_2400,1900,2400,0,4800,21614400,6487201,2400,30960000,36480000,6484800,2160000,4324800,2160000,0,0,0,2164800,206155,0.2062
distribute_parallel_for_split_1900_900_2900,1900,2900,0,5800,26117400,7838701,2900,34560000,44080000,7835800,2610000,5225800,2610000,0,0,0,2615800,182455,0.1825
distribute_parallel_for_split_1900_900_3400,1900,3400,0,6800,30620400,9190201,3400,38160000,51680000,9186800,3060000,6126800,3060000,0,0,0,3066800,233419,0.2334
distribute_parallel_for_split_1900_900_3900,1900,3900,0,7800,35123400,10541701,3900,41760000,59280000,10537800,3510000,7027800,3510000,0,0,0,3517800,245791,0.2458
distribute_parallel_for_split_1900_900_900,1900,900,0,1800,8105400,2432701,900,20160000,13680000,2431800,810000,1621800,810000,0,0,0,811800,76926,0.0769
distribute_parallel_for_split_2000_1000_1000,2000,1000,0,2000,10006000,3003001,1000,24000000,16000000,3002000,1000000,2002000,1000000,0,0,0,1002000,130304,0.1303
distribute_parallel_for_split_2000_1000_1500,2000,1500,0,3000,15009000,4504501,1500,28000000,24000000,4503000,1500000,3003000,1500000,0,0,0,1503000,182924,0.1829
distribute_parallel_for_split_2000_1000_2000,2000,2000,0,4000,20012000,6006001,2000,32000000,32000000,6004000,2000000,4004000,2000000,0,0,0,2004000,235274,0.2353
distribute_parallel_for_split_2000_1000_2500,2000,2500,0,5000,25015000,7507501,2500,36000000,40000000,7505000,2500000,5005000,2500000,0,0,0,2505000,212799,0.2128
distribute_parallel_for_split_2000_1000_3000,2000,3000,0,6000,30018000,9009001,3000,40000000,48000000,9006000,3000000,6006000,3000000,0,0,0,3006000,242020,0.2420
distribute_parallel_for_split_2000_1000_3500,2000,3500,0,7000,35021000,10510501,3500,44000000,56000000,10507000,3500000,7007000,3500000,0,0,0,3507000,345055,0.3451
distribute_parallel_for_split_2000_1000_4000,2000,4000,0,8000,40024000,12012001,4000,48000000,64000000,12008000,4000000,8008000,4000000,0,0,0,4008000,280399,0.2804
distribute_parallel_for_split_2000_1500_1000,2000,1000,0,2000,15006000,4503001,1000,36000000,16000000,4502000,1500000,3002000,1500000,0,0,0,1502000,263032,0.2630
distribute_parallel_for_split_2000_1500_1500,2000,1500,0,3000,22509000,6754501,1500,42000000,24000000,6753000,2250000,4503000,2250000,0,0,0,2253000,170246,0.1702
distribute_parallel_for_split_2000_1500_2000,2000,2000,0,4000,30012000,9006001,2000,48000000,32000000,9004000,3000000,6004000,3000000,0,0,0,3004000,196015,0.1960
distribute_parallel_for_split_2000_1500_2500,2000,2500,0,5000,37515000,11257501,2500,54000000,40000000,11255000,3750000,7505000,3750000,0,0,0,3755000,279793,0.2798
distribute_parallel_for_split_2000_1500_3000,2000,3000,0,6000,45018000,13509001,3000,60000000,48000000,13506000,4500000,9006000,4500000,0,0,0,4506000,430528,0.4305
distribute_parallel_for_split_2000_1500_3500,2000,3500,0,7000,52521000,15760501,3500,66000000,56000000,15757000,5250000,10507000,5250000,0,0,0,5257000,582120,0.5821
distribute_parallel_for_split_2000_1500_4000,2000,4000,0,8000,60024000,18012001,4000,72000000,64000000,18008000,6000000,12008000,6000000,0,0,0,6008000,366305,0.3663
distribute_parallel_for_split_2000_2000_1000,2000,1000,0,2000,20006000,6003001,1000,48000000,16000000,6002000,2000000,4002000,2000000,0,0,0,2002000,195522,0.1955
distribute_parallel_for_split_2000_2000_1500,2000,1500,0,3000,30009000,9004501,1500,56000000,24000000,9003000,3000000,6003000,3000000,0,0,0,3003000,228601,0.2286
distribute_parallel_for_split_2000_2000_2000,2000,2000,0,4000,40012000,12006001,2000,64000000,32000000,12004000,4000000,8004000,4000000,0,0,0,4004000,258640,0.2586
distribute_parallel_for_split_2000_2000_2500,2000,2500,0,5000,50015000,15007501,2500,72000000,40000000,15005000,5000000,10005000,5000000,0,0,0,5005000,659402,0.6594
distribute_parallel_for_split_2000_2000_3000,2000,3000,0,6000,60018000,18009001,3000,80000000,48000000,18006000,6000000,12006000,6000000,0,0,0,6006000,348517,0.3485
distribute_parallel_for_split_2000_2000_3500,2000,3500,0,7000,70021000,21010501,3500,88000000,56000000,21007000,7000000,14007000,7000000,0,0,0,7007000,417445,0.4174
distribute_parallel_for_split_2000_2000_4000,2000,4000,0,8000,80024000,24012001,4000,96000000,64000000,24008000,8000000,16008000,8000000,0,0,0,8008000,551327,0.5513
distribute_parallel_for_split_2000_2500_1000,2000,1000,0,2000,25006000,7503001,1000,60000000,16000000,7502000,2500000,5002000,2500000,0,0,0,2502000,192178,0.1922
distribute_parallel_for_split_2000_2500_1500,2000,1500,0,3000,37509000,11254501,1500,70000000,24000000,11253000,3750000,7503000,3750000,0,0,0,3753000,245005,0.2450
distribute_parallel_for_split_2000_2500_2000,2000,2000,0,4000,50012000,15006001,2000,80000000,32000000,15004000,5000000,10004000,5000000,0,0,0,5004000,513816,0.5138
distribute_parallel_for_split_2000_2500_2500,2000,2500,0,5000,62515000,18757501,2500,90000000,40000000,18755000,6250000,12505000,6250000,0,0,0,6255000,355732,0.3557
distribute_parallel_for_split_2000_2500_3000,2000,3000,0,6000,75018000,22509001,3000,100000000,48000000,22506000,7500000,15006000,7500000,0,0,0,7506000,651890,0.6519
distribute_parallel_for_split_2000_2500_3500,2000,3500,0,7000,87521000,26260501,3500,110000000,56000000,26257000,8750000,17507000,8750000,0,0,0,8757000,464106,0.4641
distribute_parallel_for_split_2000_2500_4000,2000,4000,0,8000,100024000,30012001,4000,120000000,64000000,30008000,10000000,20008000,10000000,0,0,0,10008000,593300,0.5933
distribute_parallel_for_split_2000_3000_1000,2000,1000,0,2000,30006000,9003001,1000,72000000,16000000,9002000,3000000,6002000,3000000,0,0,0,3002000,191276,0.1913
distribute_parallel_for_split_2000_3000_1500,2000,1500,0,3000,45009000,13504501,1500,84000000,24000000,13503000,4500000,9003000,4500000,0,0,0,4503000,493661,0.4937
distribute_parallel_for_split_2000_3000_2000,2000,2000,0,4000,60012000,18006001,2000,96000000,32000000,18004000,6000000,12004000,6000000,0,0,0,6004000,335605,0.3356
distribute_parallel_for_split_2000_3000_2500,2000,2500,0,5000,75015000,22507501,2500,108000000,40000000,22505000,7500000,15005000,7500000,0,0,0,7505000,419880,0.4199
distribute_parallel_for_split_2000_3000_3000,2000,3000,0,6000,90018000,27009001,3000,120000000,48000000,27006000,9000000,18006000,9000000,0,0,0,9006000,504916,0.5049
distribute_parallel_for_split_2000_3000_3500,2000,3500,0,7000,105021000,31510501,3500,132000000,56000000,31507000,10500000,21007000,10500000,0,0,0,10507000,909837,0.9098
distribute_parallel_for_split_2000_3000_4000,2000,4000,0,8000,120024000,36012001,4000,144000000,64000000,36008000,12000000,24008000,12000000,0,0,0,12008000,863857,0.8639
distribute_parallel_for_split_2000_3500_1000,2000,1000,0,2000,35006000,10503001,1000,84000000,16000000,10502000,3500000,7002000,3500000,0,0,0,3502000,295746,0.2957
distribute_parallel_for_split_2000_3500_1500,2000,1500,0,3000,52509000,15754501,1500,98000000,24000000,15753000,5250000,10503000,5250000,0,0,0,5253000,519028,0.5190
distribute_parallel_for_split_2000_3500_2000,2000,2000,0,4000,70012000,21006001,2000,112000000,32000000,21004000,7000000,14004000,7000000,0,0,0,7004000,460438,0.4604
distribute_parallel_for_split_2000_3500_2500,2000,2500,0,5000,87515000,26257501,2500,126000000,40000000,26255000,8750000,17505000,8750000,0,0,0,8755000,618842,0.6188
distribute_parallel_for_split_2000_3500_3000,2000,3000,0,6000,105018000,31509001,3000,140000000,48000000,31506000,10500000,21006000,10500000,0,0,0,10506000,933563,0.9336
distribute_parallel_for_split_2000_3500_3500,2000,3500,0,7000,122521000,36760501,3500,154000000,56000000,36757000,12250000,24507000,12250000,0,0,0,12257000,743396,0.7434
distribute_parallel_for_split_2000_3500_4000,2000,4000,0,8000,140024000,42012001,4000,168000000,64000000,42008000,14000000,28008000,14000000,0,0,0,14008000,1093296,1.0933
distribute_parallel_for_split_2000_4000_1000,2000,1000,0,2000,40006000,12003001,1000,96000000,16000000,12002000,4000000,8002000,4000000,0,0,0,4002000,224489,0.2245
distribute_parallel_for_split_2000_4000_1500,2000,1500,0,3000,60009000,18004501,1500,112000000,24000000,18003000,6000000,12003000,6000000,0,0,0,6003000,458668,0.4587
distribute_parallel_for_split_2000_4000_2000,2000,2000,0,4000,80012000,24006001,2000,128000000,32000000,24004000,8000000,16004000,8000000,0,0,0,8004000,509137,0.5091
distribute_parallel_for_split_2000_4000_2500,2000,2500,0,5000,100015000,30007501,2500,144000000,40000000,30005000,10000000,20005000,10000000,0,0,0,10005000,551616,0.5516
distribute_parallel_for_split_2000_4000_3000,2000,3000,0,6000,120018000,36009001,3000,160000000,48000000,36006000,12000000,24006000,12000000,0,0,0,12006000,683412,0.6834
distribute_parallel_for_split_2000_4000_3500,2000,3500,0,7000,140021000,42010501,3500,176000000,56000000,42007000,14000000,28007000,14000000,0,0,0,14007000,764075,0.7641
distribute_parallel_for_split_2000_4000_4000,2000,4000,0,8000,160024000,48012001,4000,192000000,64000000,48008000,16000000,32008000,16000000,0,0,0,16008000,887690,0.8877
distribute_parallel_for_split_200_100_100,200,100,0,200,100600,30301,100,240000,160000,30200,10000,20200,10000,0,0,0,10200,8920,0.0089
distribute_parallel_for_split_200_100_200,200,200,0,400,201200,60601,200,320000,320000,60400,20000,40400,20000,0,0,0,20400,7658,0.0077
distribute_parallel_for_split_200_100_300,200,300,0,600,301800,90901,300,400000,480000,90600,30000,60600,30000,0,0,0,30600,6377,0.0064
distribute_parallel_for_split_200_100_400,200,400,0,800,402400,121201,400,480000,640000,120800,40000,80800,40000,0,0,0,40800,16739,0.0167
distribute_parallel_for_split_200_100_500,200,500,0,1000,503000,151501,500,560000,800000,151000,50000,101000,50000,0,0,0,51000,6487,0.0065
distribute_parallel_for_split_200_100_600,200,600,0,1200,603600,181801,600,640000,960000,181200,60000,121200,60000,0,0,0,61200,4446,0.0044
distribute_parallel_for_split_200_100_700,200,700,0,1400,704200,212101,700,720000,1120000,211400,70000,141400,70000,0,0,0,71400,4660,0.0047
distribute_parallel_for_split_200_100_800,200,800,0,1600,804800,242401,800,800000,1280000,241600,80000,161600,80000,0,0,0,81600,10131,0.0101
distribute_parallel_for_split_200_100_900,200,900,0,1800,905400,272701,900,880000,1440000,271800,90000,181800,90000,0,0,0,91800,18724,0.0187
distribute_parallel_for_split_200_200_100,200,100,0,200,200600,60301,100,480000,160000,60200,20000,40200,20000,0,0,0,20200,30170,0.0302
distribute_parallel_for_split_200_200_200,200,200,0,400,401200,120601,200,640000,320000,120400,40000,80400,40000,0,0,0,40400,3972,0.0040
distribute_parallel_for_split_200_200_300,200,300,0,600,601800,180901,300,800000,480000,180600,60000,120600,60000,0,0,0,60600,24746,0.0247
distribute_parallel_for_split_200_200_400,200,400,0,800,802400,241201,400,960000,640000,240800,80000,160800,80000,0,0,0,80800,6142,0.0061
distribute_parallel_for_split_200_200_500,200,500,0,1000,1003000,301501,500,1120000,800000,301000,100000,201000,100000,0,0,0,101000,11334,0.0113
distribute_parallel_for_split_200_200_600,200,600,0,1200,1203600,361801,600,1280000,960000,361200,120000,241200,120000,0,0,0,121200,7340,0.0073
distribute_parallel_for_split_200_200_700,200,700,0,1400,1404200,422101,700,1440000,1120000,421400,140000,281400,140000,0,0,0,141400,11511,0.0115
distribute_parallel_for_split_200_200_800,200,800,0,1600,1604800,482401,800,1600000,1280000,481600,160000,321600,160000,0,0,0,161600,39986,0.0400
distribute_parallel_for_split_200_200_900,200,900,0,1800,1805400,542701,900,1760000,1440000,541800,180000,361800,180000,0,0,0,181800,10502,0.0105
distribute_parallel_for_split_200_300_100,200,100,0,200,300600,90301,100,720000,160000,90200,30000,60200,30000,0,0,0,30200,21893,0.0219
distribute_parallel_for_split_200_300_200,200,200,0,400,601200,180601,200,960000,320000,180400,60000,120400,60000,0,0,0,60400,12844,0.0128
distribute_parallel_for_split_200_300_300,200,300,0,600,901800,270901,300,1200000,480000,270600,90000,180600,90000,0,0,0,90600,4851,0.0049
distribute_parallel_for_split_200_300_400,200,400,0,800,1202400,361201,400,1440000,640000,360800,120000,240800,120000,0,0,0,120800,6086,0.0061
distribute_parallel_for_split_200_300_500,200,500,0,1000,1503000,451501,500,1680000,800000,451000,150000,301000,150000,0,0,0,151000,9277,0.0093
distribute_parallel_for_split_200_300_600,200,600,0,1200,1803600,541801,600,1920000,960000,541200,180000,361200,180000,0,0,0,181200,7309,0.0073
distribute_parallel_for_split_200_300_700,200,700,0,1400,2104200,632101,700,2160000,1120000,631400,210000,421400,210000,0,0,0,211400,9042,0.0090
distribute_parallel_for_split_200_300_800,200,800,0,1600,2404800,722401,800,2400000,1280000,721600,240000,481600,240000,0,0,0,241600,74688,0.0747
distribute_parallel_for_split_200_300_900,200,900,0,1800,2705400,812701,900,2640000,1440000,811800,270000,541800,270000,0,0,0,271800,41228,0.0412
distribute_parallel_for_split_200_400_100,200,100,0,200,400600,120301,100,960000,160000,120200,40000,80200,40000,0,0,0,40200,6623,0.0066
distribute_parallel_for_split_200_400_200,200,200,0,400,801200,240601,200,1280000,320000,240400,80000,160400,80000,0,0,0,80400,5701,0.0057
distribute_parallel_for_split_200_400_300,200,300,0,600,1201800,360901,300,1600000,480000,360600,120000,240600,120000,0,0,0,120600,6149,0.0061
distribute_parallel_for_split_200_400_400,200,400,0,800,1602400,481201,400,1920000,640000,480800,160000,320800,160000,0,0,0,160800,8191,0.0082
distribute_parallel_for_split_200_400_500,200,500,0,1000,2003000,601501,500,2240000,800000,601000,200000,401000,200000,0,0,0,201000,23871,0.0239
distribute_parallel_for_split_200_400_600,200,600,0,1200,2403600,721801,600,2560000,960000,721200,240000,481200,240000,0,0,0,241200,9001,0.0090
distribute_parallel_for_split_200_400_700,200,700,0,1400,2804200,842101,700,2880000,1120000,841400,280000,561400,280000,0,0,0,281400,16302,0.0163
distribute_parallel_for_split_200_400_800,200,800,0,1600,3204800,962401,800,3200000,1280000,961600,320000,641600,320000,0,0,0,321600,57872,0.0579
distribute_parallel_for_split_200_400_900,200,900,0,1800,3605400,1082701,900,3520000,1440000,1081800,360000,721800,360000,0,0,0,361800,14477,0.0145
distribute_parallel_for_split_200_500_100,200,100,0,200,500600,150301,100,1200000,160000,150200,50000,100200,50000,0,0,0,50200,4516,0.0045
distribute_parallel_for_split_200_500_200,200,200,0,400,1001200,300601,200,1600000,320000,300400,100000,200400,100000,0,0,0,100400,19765,0.0198
distribute_parallel_for_split_200_500_300,200,300,0,600,1501800,450901,300,2000000,480000,450600,150000,300600,150000,0,0,0,150600,39203,0.0392
distribute_parallel_for_split_200_500_400,200,400,0,800,2002400,601201,400,2400000,640000,600800,200000,400800,200000,0,0,0,200800,12399,0.0124
distribute_parallel_for_split_200_500_500,200,500,0,1000,2503000,751501,500,2800000,800000,751000,250000,501000,250000,0,0,0,251000,9790,0.0098
distribute_parallel_for_split_200_500_600,200,600,0,1200,3003600,901801,600,3200000,960000,901200,300000,601200,300000,0,0,0,301200,52196,0.0522
distribute_parallel_for_split_200_500_700,200,700,0,1400,3504200,1052101,700,3600000,1120000,1051400,350000,701400,350000,0,0,0,351400,10317,0.0103
distribute_parallel_for_split_200_500_800,200,800,0,1600,4004800,1202401,800,4000000,1280000,1201600,400000,801600,400000,0,0,0,401600,13751,0.0138
distribute_parallel_for_split_200_500_900,200,900,0,1800,4505400,1352701,900,4400000,1440000,1351800,450000,901800,450000,0,0,0,451800,27562,0.0276
distribute_parallel_for_split_200_600_100,200,100,0,200,600600,180301,100,1440000,160000,180200,60000,120200,60000,0,0,0,60200,6401,0.0064
distribute_parallel_for_split_200_600_200,200,200,0,400,1201200,360601,200,1920000,320000,360400,120000,240400,120000,0,0,0,120400,29637,0.0296
distribute_parallel_for_split_200_600_300,200,300,0,600,1801800,540901,300,2400000,480000,540600,180000,360600,180000,0,0,0,180600,8132,0.0081
distribute_parallel_for_split_200_600_400,200,400,0,800,2402400,721201,400,2880000,640000,720800,240000,480800,240000,0,0,0,240800,39786,0.0398
distribute_parallel_for_split_200_600_500,200,500,0,1000,3003000,901501,500,3360000,800000,901000,300000,601000,300000,0,0,0,301000,24093,0.0241
distribute_parallel_for_split_200_600_600,200,600,0,1200,3603600,1081801,600,3840000,960000,1081200,360000,721200,360000,0,0,0,361200,30892,0.0309
distribute_parallel_for_split_200_600_700,200,700,0,1400,4204200,1262101,700,4320000,1120000,1261400,420000,841400,420000,0,0,0,421400,24792,0.0248
distribute_parallel_for_split_200_600_800,200,800,0,1600,4804800,1442401,800,4800000,1280000,1441600,480000,961600,480000,0,0,0,481600,28633,0.0286
distribute_parallel_for_split_200_600_900,200,900,0,1800,5405400,1622701,900,5280000,1440000,1621800,540000,1081800,540000,0,0,0,541800,15241,0.0152
distribute_parallel_for_split_200_700_100,200,100,0,200,700600,210301,100,1680000,160000,210200,70000,140200,70000,0,0,0,70200,6453,0.0065
distribute_parallel_for_split_200_700_200,200,200,0,400,1401200,420601,200,2240000,320000,420400,140000,280400,140000,0,0,0,140400,18462,0.0185
distribute_parallel_for_split_200_700_300,200,300,0,600,2101800,630901,300,2800000,480000,630600,210000,420600,210000,0,0,0,210600,32828,0.0328
distribute_parallel_for_split_200_700_400,200,400,0,800,2802400,841201,400,3360000,640000,840800,280000,560800,280000,0,0,0,280800,78527,0.0785
distribute_parallel_for_split_200_700_500,200,500,0,1000,3503000,1051501,500,3920000,800000,1051000,350000,701000,350000,0,0,0,351000,14063,0.0141
distribute_parallel_for_split_200_700_600,200,600,0,1200,4203600,1261801,600,4480000,960000,1261200,420000,841200,420000,0,0,0,421200,13779,0.0138
distribute_parallel_for_split_200_700_700,200,700,0,1400,4904200,1472101,700,5040000,1120000,1471400,490000,981400,490000,0,0,0,491400,16908,0.0169
distribute_parallel_for_split_200_700_800,200,800,0,1600,5604800,1682401,800,5600000,1280000,1681600,560000,1121600,560000,0,0,0,561600,40197,0.0402
distribute_parallel_for_split_200_700_900,200,900,0,1800,6305400,1892701,900,6160000,1440000,1891800,630000,1261800,630000,0,0,0,631800,17463,0.0175
distribute_parallel_for_split_200_800_100,200,100,0,200,800600,240301,100,1920000,160000,240200,80000,160200,80000,0,0,0,80200,14363,0.0144
distribute_parallel_for_split_200_800_200,200,200,0,400,1601200,480601,200,2560000,320000,480400,160000,320400,160000,0,0,0,160400,23635,0.0236
distribute_parallel_for_split_200_800_300,200,300,0,600,2401800,720901,300,3200000,480000,720600,240000,480600,240000,0,0,0,240600,12224,0.0122
distribute_parallel_for_split_200_800_400,200,400,0,800,3202400,961201,400,3840000,640000,960800,320000,640800,320000,0,0,0,320800,70896,0.0709
distribute_parallel_for_split_200_800_500,200,500,0,1000,4003000,1201501,500,4480000,800000,1201000,400000,801000,400000,0,0,0,401000,11461,0.0115
distribute_parallel_for_split_200_800_600,200,600,0,1200,4803600,1441801,600,5120000,960000,1441200,480000,961200,480000,0,0,0,481200,14409,0.0144
distribute_parallel_for_split_200_800_700,200,700,0,1400,5604200,1682101,700,5760000,1120000,1681400,560000,1121400,560000,0,0,0,561400,33525,0.0335
distribute_parallel_for_split_200_800_800,200,800,0,1600,6404800,1922401,800,6400000,1280000,1921600,640000,1281600,640000,0,0,0,641600,18019,0.0180
distribute_parallel_for_split_200_800_900,200,900,0,1800,7205400,2162701,900,7040000,1440000,2161800,720000,1441800,720000,0,0,0,721800,50637,0.0506
distribute_parallel_for_split_200_900_100,200,100,0,200,900600,270301,100,2160000,160000,270200,90000,180200,90000,0,0,0,90200,8765,0.0088
distribute_parallel_for_split_200_900_200,200,200,0,400,1801200,540601,200,2880000,320000,540400,180000,360400,180000,0,0,0,180400,45323,0.0453
distribute_parallel_for_split_200_900_300,200,300,0,600,2701800,810901,300,3600000,480000,810600,270000,540600,270000,0,0,0,270600,36740,0.0367
distribute_parallel_for_split_200_900_400,200,400,0,800,3602400,1081201,400,4320000,640000,1080800,360000,720800,360000,0,0,0,360800,16265,0.0163
distribute_parallel_for_split_200_900_500,200,500,0,1000,4503000,1351501,500,5040000,800000,1351000,450000,901000,450000,0,0,0,451000,16956,0.0170
distribute_parallel_for_split_200_900_600,200,600,0,1200,5403600,1621801,600,5760000,960000,1621200,540000,1081200,540000,0,0,0,541200,16669,0.0167
distribute_parallel_for_split_200_900_700,200,700,0,1400,6304200,1892101,700,6480000,1120000,1891400,630000,1261400,630000,0,0,0,631400,63899,0.0639
distribute_parallel_for_split_200_900_800,200,800,0,1600,7204800,2162401,800,7200000,1280000,2161600,720000,1441600,720000,0,0,0,721600,32578,0.0326
distribute_parallel_for_split_200_900_900,200,900,0,1800,8105400,2432701,900,7920000,1440000,2431800,810000,1621800,810000,0,0,0,811800,23704,0.0237
distribute_parallel_for_split_2200_1200_1200,2200,1200,0,2400,14407200,4323601,1200,32640000,21120000,4322400,1440000,2882400,1440000,0,0,0,1442400,200232,0.2002
distribute_parallel_for_split_2200_1200_1700,2200,1700,0,3400,20410200,6125101,1700,37440000,29920000,6123400,2040000,4083400,2040000,0,0,0,2043400,169410,0.1694
distribute_parallel_for_split_2200_1200_2200,2200,2200,0,4400,26413200,7926601,2200,42240000,38720000,7924400,2640000,5284400,2640000,0,0,0,2644400,199809,0.1998
distribute_parallel_for_split_2200_1200_2700,2200,2700,0,5400,32416200,9728101,2700,47040000,47520000,9725400,3240000,6485400,3240000,0,0,0,3245400,389661,0.3897
distribute_parallel_for_split_2200_1200_3200,2200,3200,0,6400,38419200,11529601,3200,51840000,56320000,11526400,3840000,7686400,3840000,0,0,0,3846400,532432,0.5324
distribute_parallel_for_split_2200_1200_3700,2200,3700,0,7400,44422200,13331101,3700,56640000,65120000,13327400,4440000,8887400,4440000,0,0,0,4447400,403981,0.4040
distribute_parallel_for_split_2200_1200_4200,2200,4200,0,8400,50425200,15132601,4200,61440000,73920000,15128400,5040000,10088400,5040000,0,0,0,5048400,594513,0.5945
distribute_parallel_for_split_2200_1700_1200,2200,1200,0,2400,20407200,6123601,1200,46240000,21120000,6122400,2040000,4082400,2040000,0,0,0,2042400,249952,0.2500
distribute_parallel_for_split_2200_1700_1700,2200,1700,0,3400,28910200,8675101,1700,53040000,29920000,8673400,2890000,5783400,2890000,0,0,0,2893400,230393,0.2304
distribute_parallel_for_split_2200_1700_2200,2200,2200,0,4400,37413200,11226601,2200,59840000,38720000,11224400,3740000,7484400,3740000,0,0,0,3744400,396141,0.3961
distribute_parallel_for_split_2200_1700_2700,2200,2700,0,5400,45916200,13778101,2700,66640000,47520000,13775400,4590000,9185400,4590000,0,0,0,4595400,345319,0.3453
distribute_parallel_for_split_2200_1700_3200,2200,3200,0,6400,54419200,16329601,3200,73440000,56320000,16326400,5440000,10886400,5440000,0,0,0,5446400,488131,0.4881
distribute_parallel_for_split_2200_1700_3700,2200,3700,0,7400,62922200,18881101,3700,80240000,65120000,18877400,6290000,12587400,6290000,0,0,0,6297400,642541,0.6425
distribute_parallel_for_split_2200_1700_4200,2200,4200,0,8400,71425200,21432601,4200,87040000,73920000,21428400,7140000,14288400,7140000,0,0,0,7148400,544160,0.5442
distribute_parallel_for_split_2200_2200_1200,2200,1200,0,2400,26407200,7923601,1200,59840000,21120000,7922400,2640000,5282400,2640000,0,0,0,2642400,329579,0.3296
distribute_parallel_for_split_2200_2200_1700,2200,1700,0,3400,37410200,11225101,1700,68640000,29920000,11223400,3740000,7483400,3740000,0,0,0,3743400,406977,0.4070
distribute_parallel_for_split_2200_2200_2200,2200,2200,0,4400,48413200,14526601,2200,77440000,38720000,14524400,4840000,9684400,4840000,0,0,0,4844400,337377,0.3374
distribute_parallel_for_split_2200_2200_2700,2200,2700,0,5400,59416200,17828101,2700,86240000,47520000,17825400,5940000,11885400,5940000,0,0,0,5945400,487436,0.4874
distribute_parallel_for_split_2200_2200_3200,2200,3200,0,6400,70419200,21129601,3200,95040000,56320000,21126400,7040000,14086400,7040000,0,0,0,7046400,883894,0.8839
distribute_parallel_for_split_2200_2200_3700,2200,3700,0,7400,81422200,24431101,3700,103840000,65120000,24427400,8140000,16287400,8140000,0,0,0,8147400,775206,0.7752
distribute_parallel_for_split_2200_2200_4200,2200,4200,0,8400,92425200,27732601,4200,112640000,73920000,27728400,9240000,18488400,9240000,0,0,0,9248400,723670,0.7237
distribute_parallel_for_split_2200_2700_1200,2200,1200,0,2400,32407200,9723601,1200,73440000,21120000,9722400,3240000,6482400,3240000,0,0,0,3242400,384249,0.3842
distribute_parallel_for_split_2200_2700_1700,2200,1700,0,3400,45910200,13775101,1700,84240000,29920000,13773400,4590000,9183400,4590000,0,0,0,4593400,391136,0.3911
distribute_parallel_for_split_2200_2700_2200,2200,2200,0,4400,59413200,17826601,2200,95040000,38720000,17824400,5940000,11884400,5940000,0,0,0,5944400,593714,0.5937
distribute_parallel_for_split_2200_2700_2700,2200,2700,0,5400,72916200,21878101,2700,105840000,47520000,21875400,7290000,14585400,7290000,0,0,0,7295400,565750,0.5657
distribute_parallel_for_split_2200_2700_3200,2200,3200,0,6400,86419200,25929601,3200,116640000,56320000,25926400,8640000,17286400,8640000,0,0,0,8646400,716596,0.7166
distribute_parallel_for_split_2200_2700_3700,2200,3700,0,7400,99922200,29981101,3700,127440000,65120000,29977400,9990000,19987400,9990000,0,0,0,9997400,946713,0.9467
distribute_parallel_for_split_2200_2700_4200,2200,4200,0,8400,113425200,34032601,4200,138240000,73920000,34028400,11340000,22688400,11340000,0,0,0,11348400,916344,0.9163
distribute_parallel_for_split_2200_3200_1200,2200,1200,0,2400,38407200,11523601,1200,87040000,21120000,11522400,3840000,7682400,3840000,0,0,0,3842400,443529,0.4435
distribute_parallel_for_split_2200_3200_1700,2200,1700,0,3400,54410200,16325101,1700,99840000,29920000,16323400,5440000,10883400,5440000,0,0,0,5443400,410470,0.4105
distribute_parallel_for_split_2200_3200_2200,2200,2200,0,4400,70413200,21126601,2200,112640000,38720000,21124400,7040000,14084400,7040000,0,0,0,7044400,670618,0.6706
distribute_parallel_for_split_2200_3200_2700,2200,2700,0,5400,86416200,25928101,2700,125440000,47520000,25925400,8640000,17285400,8640000,0,0,0,8645400,606398,0.6064
distribute_parallel_for_split_2200_3200_3200,2200,3200,0,6400,102419200,30729601,3200,138240000,56320000,30726400,10240000,20486400,10240000,0,0,0,10246400,816297,0.8163
distribute_parallel_for_split_2200_3200_3700,2200,3700,0,7400,118422200,35531101,3700,151040000,65120000,35527400,11840000,23687400,11840000,0,0,0,11847400,804251,0.8043
distribute_parallel_for_split_2200_3200_4200,2200,4200,0,8400,134425200,40332601,4200,163840000,73920000,40328400,13440000,26888400,13440000,0,0,0,13448400,1078903,1.0789
distribute_parallel_for_split_2200_3700_1200,2200,1200,0,2400,44407200,13323601,1200,100640000,21120000,13322400,4440000,8882400,4440000,0,0,0,4442400,378987,0.3790
distribute_parallel_for_split_2200_3700_1700,2200,1700,0,3400,62910200,18875101,1700,115440000,29920000,18873400,6290000,12583400,6290000,0,0,0,6293400,674517,0.6745
distribute_parallel_for_split_2200_3700_2200,2200,2200,0,4400,81413200,24426601,2200,130240000,38720000,24424400,8140000,16284400,8140000,0,0,0,8144400,845692,0.8457
distribute_parallel_for_split_2200_3700_2700,2200,2700,0,5400,99916200,29978101,2700,145040000,47520000,29975400,9990000,19985400,9990000,0,0,0,9995400,1105082,1.1051
distribute_parallel_for_split_2200_3700_3200,2200,3200,0,6400,118419200,35529601,3200,159840000,56320000,35526400,11840000,23686400,11840000,0,0,0,11846400,809363,0.8094
distribute_parallel_for_split_2200_3700_3700,2200,3700,0,7400,136922200,41081101,3700,174640000,65120000,41077400,13690000,27387400,13690000,0,0,0,13697400,1105896,1.1059
distribute_parallel_for_split_2200_3700_4200,2200,4200,0,8400,155425200,46632601,4200,189440000,73920000,46628400,15540000,31088400,15540000,0,0,0,15548400,1084908,1.0849
distribute_parallel_for_split_2250_1250_1250,2250,1250,0,2500,15632500,4691251,1250,35000000,22500000,4690000,1562500,3127500,1562500,0,0,0,1565000,155437,0.1554
distribute_parallel_for_split_2250_1250_1750,2250,1750,0,3500,21885500,6567751,1750,40000000,31500000,6566000,2187500,4378500,2187500,0,0,0,2191000,222907,0.2229
distribute_parallel_for_split_2250_1250_2250,2250,2250,0,4500,28138500,8444251,2250,45000000,40500000,8442000,2812500,5629500,2812500,0,0,0,2817000,200684,0.2007
distribute_parallel_for_split_2250_1250_2750,2250,2750,0,5500,34391500,10320751,2750,50000000,49500000,10318000,3437500,6880500,3437500,0,0,0,3443000,450723,0.4507
distribute_parallel_for_split_2250_1250_3250,2250,3250,0,6500,40644500,12197251,3250,55000000,58500000,12194000,4062500,8131500,4062500,0,0,0,4069000,287464,0.2875
distribute_parallel_for_split_2250_1250_3750,2250,3750,0,7500,46897500,14073751,3750,60000000,67500000,14070000,4687500,9382500,4687500,0,0,0,4695000,360169,0.3602
distribute_parallel_for_split_2250_1250_4250,2250,4250,0,8500,53150500,15950251,4250,65000000,76500000,15946000,5312500,10633500,5312500,0,0,0,5321000,375709,0.3757
distribute_parallel_for_split_2250_1750_1250,2250,1250,0,2500,21882500,6566251,1250,49000000,22500000,6565000,2187500,4377500,2187500,0,0,0,2190000,209870,0.2099
distribute_parallel_for_split_2250_1750_1750,2250,1750,0,3500,30635500,9192751,1750,56000000,31500000,9191000,3062500,6128500,3062500,0,0,0,3066000,232897,0.2329
distribute_parallel_for_split_2250_1750_2250,2250,2250,0,4500,39388500,11819251,2250,63000000,40500000,11817000,3937500,7879500,3937500,0,0,0,3942000,522015,0.5220
distribute_parallel_for_split_2250_1750_2750,2250,2750,0,5500,48141500,14445751,2750,70000000,49500000,14443000,4812500,9630500,4812500,0,0,0,4818000,440630,0.4406
distribute_parallel_for_split_2250_1750_3250,2250,3250,0,6500,56894500,17072251,3250,77000000,58500000,17069000,5687500,11381500,5687500,0,0,0,5694000,417378,0.4174
distribute_parallel_for_split_2250_1750_3750,2250,3750,0,7500,65647500,19698751,3750,84000000,67500000,19695000,6562500,13132500,6562500,0,0,0,6570000,460792,0.4608
distribute_parallel_for_split_2250_1750_4250,2250,4250,0,8500,74400500,22325251,4250,91000000,76500000,22321000,7437500,14883500,7437500,0,0,0,7446000,520712,0.5207
distribute_parallel_for_split_2250_2250_1250,2250,1250,0,2500,28132500,8441251,1250,63000000,22500000,8440000,2812500,5627500,2812500,0,0,0,2815000,405311,0.4053
distribute_parallel_for_split_2250_2250_1750,2250,1750,0,3500,39385500,11817751,1750,72000000,31500000,11816000,3937500,7878500,3937500,0,0,0,3941000,375443,0.3754
distribute_parallel_for_split_2250_2250_2250,2250,2250,0,4500,50638500,15194251,2250,81000000,40500000,15192000,5062500,10129500,5062500,0,0,0,5067000,350002,0.3500
distribute_parallel_for_split_2250_2250_2750,2250,2750,0,5500,61891500,18570751,2750,90000000,49500000,18568000,6187500,12380500,6187500,0,0,0,6193000,616942,0.6169
distribute_parallel_for_split_2250_2250_3250,2250,3250,0,6500,73144500,21947251,3250,99000000,58500000,21944000,7312500,14631500,7312500,0,0,0,7319000,557210,0.5572
distribute_parallel_for_split_2250_2250_3750,2250,3750,0,7500,84397500,25323751,3750,108000000,67500000,25320000,8437500,16882500,8437500,0,0,0,8445000,657385,0.6574
distribute_parallel_for_split_2250_2250_4250,2250,4250,0,8500,95650500,28700251,4250,117000000,76500000,28696000,9562500,19133500,9562500,0,0,0,9571000,935427,0.9354
distribute_parallel_for_split_2250_2750_1250,2250,1250,0,2500,34382500,10316251,1250,77000000,22500000,10315000,3437500,6877500,3437500,0,0,0,3440000,400526,0.4005
distribute_parallel_for_split_2250_2750_1750,2250,1750,0,3500,48135500,14442751,1750,88000000,31500000,14441000,4812500,9628500,4812500,0,0,0,4816000,359644,0.3596
distribute_parallel_for_split_2250_2750_2250,2250,2250,0,4500,61888500,18569251,2250,99000000,40500000,18567000,6187500,12379500,6187500,0,0,0,6192000,620083,0.6201
distribute_parallel_for_split_2250_2750_2750,2250,2750,0,5500,75641500,22695751,2750,110000000,49500000,22693000,7562500,15130500,7562500,0,0,0,7568000,683037,0.6830
distribute_parallel_for_split_2250_2750_3250,2250,3250,0,6500,89394500,26822251,3250,121000000,58500000,26819000,8937500,17881500,8937500,0,0,0,8944000,656632,0.6566
distribute_parallel_for_split_2250_2750_3750,2250,3750,0,7500,103147500,30948751,3750,132000000,67500000,30945000,10312500,20632500,10312500,0,0,0,10320000,895024,0.8950
distribute_parallel_for_split_2250_2750_4250,2250,4250,0,8500,116900500,35075251,4250,143000000,76500000,35071000,11687500,23383500,11687500,0,0,0,11696000,803767,0.8038
distribute_parallel_for_split_2250_3250_1250,2250,1250,0,2500,40632500,12191251,1250,91000000,22500000,12190000,4062500,8127500,4062500,0,0,0,4065000,338414,0.3384
distribute_parallel_for_split_2250_3250_1750,2250,1750,0,3500,56885500,17067751,1750,104000000,31500000,17066000,5687500,11378500,5687500,0,0,0,5691000,594403,0.5944
distribute_parallel_for_split_2250_3250_2250,2250,2250,0,4500,73138500,21944251,2250,117000000,40500000,21942000,7312500,14629500,7312500,0,0,0,7317000,817474,0.8175
distribute_parallel_for_split_2250_3250_2750,2250,2750,0,5500,89391500,26820751,2750,130000000,49500000,26818000,8937500,17880500,8937500,0,0,0,8943000,780629,0.7806
distribute_parallel_for_split_2250_3250_3250,2250,3250,0,6500,105644500,31697251,3250,143000000,58500000,31694000,10562500,21131500,10562500,0,0,0,10569000,762111,0.7621
distribute_parallel_for_split_2250_3250_3750,2250,3750,0,7500,121897500,36573751,3750,156000000,67500000,36570000,12187500,24382500,12187500,0,0,0,12195000,859967,0.8600
distribute_parallel_for_split_2250_3250_4250,2250,4250,0,8500,138150500,41450251,4250,169000000,76500000,41446000,13812500,27633500,13812500,0,0,0,13821000,1068291,1.0683
distribute_parallel_for_split_2250_3750_1250,2250,1250,0,2500,46882500,14066251,1250,105000000,22500000,14065000,4687500,9377500,4687500,0,0,0,4690000,513657,0.5137
distribute_parallel_for_split_2250_3750_1750,2250,1750,0,3500,65635500,19692751,1750,120000000,31500000,19691000,6562500,13128500,6562500,0,0,0,6566000,476876,0.4769
distribute_parallel_for_split_2250_3750_2250,2250,2250,0,4500,84388500,25319251,2250,135000000,40500000,25317000,8437500,16879500,8437500,0,0,0,8442000,715266,0.7153
distribute_parallel_for_split_2250_3750_2750,2250,2750,0,5500,103141500,30945751,2750,150000000,49500000,30943000,10312500,20630500,10312500,0,0,0,10318000,782385,0.7824
distribute_parallel_for_split_2250_3750_3250,2250,3250,0,6500,121894500,36572251,3250,165000000,58500000,36569000,12187500,24381500,12187500,0,0,0,12194000,860039,0.8600
distribute_parallel_for_split_2250_3750_3750,2250,3750,0,7500,140647500,42198751,3750,180000000,67500000,42195000,14062500,28132500,14062500,0,0,0,14070000,981725,0.9817
distribute_parallel_for_split_2250_3750_4250,2250,4250,0,8500,159400500,47825251,4250,195000000,76500000,47821000,15937500,31883500,15937500,0,0,0,15946000,1484203,1.4842
distribute_parallel_for_split_2250_4250_1250,2250,1250,0,2500,53132500,15941251,1250,119000000,22500000,15940000,5312500,10627500,5312500,0,0,0,5315000,434677,0.4347
distribute_parallel_for_split_2250_4250_1750,2250,1750,0,3500,74385500,22317751,1750,136000000,31500000,22316000,7437500,14878500,7437500,0,0,0,7441000,691578,0.6916
distribute_parallel_for_split_2250_4250_2250,2250,2250,0,4500,95638500,28694251,2250,153000000,40500000,28692000,9562500,19129500,9562500,0,0,0,9567000,687349,0.6873
distribute_parallel_for_split_2250_4250_2750,2250,2750,0,5500,116891500,35070751,2750,170000000,49500000,35068000,11687500,23380500,11687500,0,0,0,11693000,805983,0.8060
distribute_parallel_for_split_2250_4250_3250,2250,3250,0,6500,138144500,41447251,3250,187000000,58500000,41444000,13812500,27631500,13812500,0,0,0,13819000,941071,0.9411
distribute_parallel_for_split_2250_4250_3750,2250,3750,0,7500,159397500,47823751,3750,204000000,67500000,47820000,15937500,31882500,15937500,0,0,0,15945000,1430374,1.4304
distribute_parallel_for_split_2250_4250_4250,2250,4250,0,8500,180650500,54200251,4250,221000000,76500000,54196000,18062500,36133500,18062500,0,0,0,18071000,1467282,1.4673
distribute_parallel_for_split_2400_1400_1400,2400,1400,0,2800,19608400,5884201,1400,42560000,26880000,5882800,1960000,3922800,1960000,0,0,0,1962800,265933,0.2659
distribute_parallel_for_split_2400_1400_1900,2400,1900,0,3800,26611400,7985701,1900,48160000,36480000,7983800,2660000,5323800,2660000,0,0,0,2663800,383325,0.3833
distribute_parallel_for_split_2400_1400_2400,2400,2400,0,4800,33614400,10087201,2400,53760000,46080000,10084800,3360000,6724800,3360000,0,0,0,3364800,295883,0.2959
distribute_parallel_for_split_2400_1400_2900,2400,2900,0,5800,40617400,12188701,2900,59360000,55680000,12185800,4060000,8125800,4060000,0,0,0,4065800,326410,0.3264
distribute_parallel_for_split_2400_1400_3400,2400,3400,0,6800,47620400,14290201,3400,64960000,65280000,14286800,4760000,9526800,4760000,0,0,0,4766800,632686,0.6327
distribute_parallel_for_split_2400_1400_3900,2400,3900,0,7800,54623400,16391701,3900,70560000,74880000,16387800,5460000,10927800,5460000,0,0,0,5467800,423096,0.4231
distribute_parallel_for_split_2400_1400_900,2400,900,0,1800,12605400,3782701,900,36960000,17280000,3781800,1260000,2521800,1260000,0,0,0,1261800,185524,0.1855
distribute_parallel_for_split_2400_1900_1400,2400,1400,0,2800,26608400,7984201,1400,57760000,26880000,7982800,2660000,5322800,2660000,0,0,0,2662800,236177,0.2362
distribute_parallel_for_split_2400_1900_1900,2400,1900,0,3800,36111400,10835701,1900,65360000,36480000,10833800,3610000,7223800,3610000,0,0,0,3613800,422412,0.4224
distribute_parallel_for_split_2400_1900_2400,2400,2400,0,4800,45614400,13687201,2400,72960000,46080000,13684800,4560000,9124800,4560000,0,0,0,4564800,388570,0.3886
distribute_parallel_for_split_2400_1900_2900,2400,2900,0,5800,55117400,16538701,2900,80560000,55680000,16535800,5510000,11025800,5510000,0,0,0,5515800,397784,0.3978
distribute_parallel_for_split_2400_1900_3400,2400,3400,0,6800,64620400,19390201,3400,88160000,65280000,19386800,6460000,12926800,6460000,0,0,0,6466800,457181,0.4572
distribute_parallel_for_split_2400_1900_3900,2400,3900,0,7800,74123400,22241701,3900,95760000,74880000,22237800,7410000,14827800,7410000,0,0,0,7417800,552074,0.5521
distribute_parallel_for_split_2400_1900_900,2400,900,0,1800,17105400,5132701,900,50160000,17280000,5131800,1710000,3421800,1710000,0,0,0,1711800,364820,0.3648
distribute_parallel_for_split_2400_2400_1400,2400,1400,0,2800,33608400,10084201,1400,72960000,26880000,10082800,3360000,6722800,3360000,0,0,0,3362800,323075,0.3231
distribute_parallel_for_split_2400_2400_1900,2400,1900,0,3800,45611400,13685701,1900,82560000,36480000,13683800,4560000,9123800,4560000,0,0,0,4563800,472148,0.4721
distribute_parallel_for_split_2400_2400_2400,2400,2400,0,4800,57614400,17287201,2400,92160000,46080000,17284800,5760000,11524800,5760000,0,0,0,5764800,536681,0.5367
distribute_parallel_for_split_2400_2400_2900,2400,2900,0,5800,69617400,20888701,2900,101760000,55680000,20885800,6960000,13925800,6960000,0,0,0,6965800,564743,0.5647
distribute_parallel_for_split_2400_2400_3400,2400,3400,0,6800,81620400,24490201,3400,111360000,65280000,24486800,8160000,16326800,8160000,0,0,0,8166800,733391,0.7334
distribute_parallel_for_split_2400_2400_3900,2400,3900,0,7800,93623400,28091701,3900,120960000,74880000,28087800,9360000,18727800,9360000,0,0,0,9367800,842870,0.8429
distribute_parallel_for_split_2400_2400_900,2400,900,0,1800,21605400,6482701,900,63360000,17280000,6481800,2160000,4321800,2160000,0,0,0,2161800,245997,0.2460
distribute_parallel_for_split_2400_2900_1400,2400,1400,0,2800,40608400,12184201,1400,88160000,26880000,12182800,4060000,8122800,4060000,0,0,0,4062800,297235,0.2972
distribute_parallel_for_split_2400_2900_1900,2400,1900,0,3800,55111400,16535701,1900,99760000,36480000,16533800,5510000,11023800,5510000,0,0,0,5513800,476767,0.4768
distribute_parallel_for_split_2400_2900_2400,2400,2400,0,4800,69614400,20887201,2400,111360000,46080000,20884800,6960000,13924800,6960000,0,0,0,6964800,658789,0.6588
distribute_parallel_for_split_2400_2900_2900,2400,2900,0,5800,84117400,25238701,2900,122960000,55680000,25235800,8410000,16825800,8410000,0,0,0,8415800,642105,0.6421
distribute_parallel_for_split_2400_2900_3400,2400,3400,0,6800,98620400,29590201,3400,134560000,65280000,29586800,9860000,19726800,9860000,0,0,0,9866800,922799,0.9228
distribute_parallel_for_split_2400_2900_3900,2400,3900,0,7800,113123400,33941701,3900,146160000,74880000,33937800,11310000,22627800,11310000,0,0,0,11317800,856382,0.8564
distribute_parallel_for_split_2400_2900_900,2400,900,0,1800,26105400,7832701,900,76560000,17280000,7831800,2610000,5221800,2610000,0,0,0,2611800,227395,0.2274
distribute_parallel_for_split_2400_3400_1400,2400,1400,0,2800,47608400,14284201,1400,103360000,26880000,14282800,4760000,9522800,4760000,0,0,0,4762800,457934,0.4579
distribute_parallel_for_split_2400_3400_1900,2400,1900,0,3800,64611400,19385701,1900,116960000,36480000,19383800,6460000,12923800,6460000,0,0,0,6463800,654618,0.6546
distribute_parallel_for_split_2400_3400_2400,2400,2400,0,4800,81614400,24487201,2400,130560000,46080000,24484800,8160000,16324800,8160000,0,0,0,8164800,605218,0.6052
distribute_parallel_for_split_2400_3400_2900,2400,2900,0,5800,98617400,29588701,2900,144160000,55680000,29585800,9860000,19725800,9860000,0,0,0,9865800,969295,0.9693
distribute_parallel_for_split_2400_3400_3400,2400,3400,0,6800,115620400,34690201,3400,157760000,65280000,34686800,11560000,23126800,11560000,0,0,0,11566800,805150,0.8052
distribute_parallel_for_split_2400_3400_3900,2400,3900,0,7800,132623400,39791701,3900,171360000,74880000,39787800,13260000,26527800,13260000,0,0,0,13267800,1255472,1.2555
distribute_parallel_for_split_2400_3400_900,2400,900,0,1800,30605400,9182701,900,89760000,17280000,9181800,3060000,6121800,3060000,0,0,0,3061800,370989,0.3710
distribute_parallel_for_split_2400_3900_1400,2400,1400,0,2800,54608400,16384201,1400,118560000,26880000,16382800,5460000,10922800,5460000,0,0,0,5462800,436586,0.4366
distribute_parallel_for_split_2400_3900_1900,2400,1900,0,3800,74111400,22235701,1900,134160000,36480000,22233800,7410000,14823800,7410000,0,0,0,7413800,514931,0.5149
distribute_parallel_for_split_2400_3900_2400,2400,2400,0,4800,93614400,28087201,2400,149760000,46080000,28084800,9360000,18724800,9360000,0,0,0,9364800,908723,0.9087
distribute_parallel_for_split_2400_3900_3400,2400,3400,0,6800,132620400,39790201,3400,180960000,65280000,39786800,13260000,26526800,13260000,0,0,0,13266800,1367314,1.3673
distribute_parallel_for_split_2400_3900_3900,2400,3900,0,7800,152123400,45641701,3900,196560000,74880000,45637800,15210000,30427800,15210000,0,0,0,15217800,1551424,1.5514
distribute_parallel_for_split_2400_3900_900,2400,900,0,1800,35105400,10532701,900,102960000,17280000,10531800,3510000,7021800,3510000,0,0,0,3511800,535863,0.5359
distribute_parallel_for_split_2400_900_1400,2400,1400,0,2800,12608400,3784201,1400,27360000,26880000,3782800,1260000,2522800,1260000,0,0,0,1262800,142534,0.1425
distribute_parallel_for_split_2400_900_1900,2400,1900,0,3800,17111400,5135701,1900,30960000,36480000,5133800,1710000,3423800,1710000,0,0,0,1713800,192255,0.1923
distribute_parallel_for_split_2400_900_2400,2400,2400,0,4800,21614400,6487201,2400,34560000,46080000,6484800,2160000,4324800,2160000,0,0,0,2164800,229601,0.2296
distribute_parallel_for_split_2400_900_2900,2400,2900,0,5800,26117400,7838701,2900,38160000,55680000,7835800,2610000,5225800,2610000,0,0,0,2615800,208088,0.2081
distribute_parallel_for_split_2400_900_3400,2400,3400,0,6800,30620400,9190201,3400,41760000,65280000,9186800,3060000,6126800,3060000,0,0,0,3066800,352804,0.3528
distribute_parallel_for_split_2400_900_3900,2400,3900,0,7800,35123400,10541701,3900,45360000,74880000,10537800,3510000,7027800,3510000,0,0,0,3517800,327399,0.3274
distribute_parallel_for_split_2400_900_900,2400,900,0,1800,8105400,2432701,900,23760000,17280000,2431800,810000,1621800,810000,0,0,0,811800,178436,0.1784
distribute_parallel_for_split_2500_1000_1000,2500,1000,0,2000,10006000,3003001,1000,28000000,20000000,3002000,1000000,2002000,1000000,0,0,0,1002000,82475,0.0825
distribute_parallel_for_split_2500_1000_1500,2500,1500,0,3000,15009000,4504501,1500,32000000,30000000,4503000,1500000,3003000,1500000,0,0,0,1503000,237492,0.2375
distribute_parallel_for_split_2500_1000_2000,2500,2000,0,4000,20012000,6006001,2000,36000000,40000000,6004000,2000000,4004000,2000000,0,0,0,2004000,221335,0.2213
distribute_parallel_for_split_2500_1000_2500,2500,2500,0,5000,25015000,7507501,2500,40000000,50000000,7505000,2500000,5005000,2500000,0,0,0,2505000,441825,0.4418
distribute_parallel_for_split_2500_1000_3000,2500,3000,0,6000,30018000,9009001,3000,44000000,60000000,9006000,3000000,6006000,3000000,0,0,0,3006000,261627,0.2616
distribute_parallel_for_split_2500_1000_3500,2500,3500,0,7000,35021000,10510501,3500,48000000,70000000,10507000,3500000,7007000,3500000,0,0,0,3507000,405995,0.4060
distribute_parallel_for_split_2500_1000_4000,2500,4000,0,8000,40024000,12012001,4000,52000000,80000000,12008000,4000000,8008000,4000000,0,0,0,4008000,307085,0.3071
distribute_parallel_for_split_2500_1500_1000,2500,1000,0,2000,15006000,4503001,1000,42000000,20000000,4502000,1500000,3002000,1500000,0,0,0,1502000,153970,0.1540
distribute_parallel_for_split_2500_1500_1500,2500,1500,0,3000,22509000,6754501,1500,48000000,30000000,6753000,2250000,4503000,2250000,0,0,0,2253000,176053,0.1761
distribute_parallel_for_split_2500_1500_2000,2500,2000,0,4000,30012000,9006001,2000,54000000,40000000,9004000,3000000,6004000,3000000,0,0,0,3004000,327469,0.3275
distribute_parallel_for_split_2500_1500_2500,2500,2500,0,5000,37515000,11257501,2500,60000000,50000000,11255000,3750000,7505000,3750000,0,0,0,3755000,304155,0.3042
distribute_parallel_for_split_2500_1500_3000,2500,3000,0,6000,45018000,13509001,3000,66000000,60000000,13506000,4500000,9006000,4500000,0,0,0,4506000,421330,0.4213
distribute_parallel_for_split_2500_1500_3500,2500,3500,0,7000,52521000,15760501,3500,72000000,70000000,15757000,5250000,10507000,5250000,0,0,0,5257000,377541,0.3775
distribute_parallel_for_split_2500_1500_4000,2500,4000,0,8000,60024000,18012001,4000,78000000,80000000,18008000,6000000,12008000,6000000,0,0,0,6008000,575695,0.5757
distribute_parallel_for_split_2500_2000_1000,2500,1000,0,2000,20006000,6003001,1000,56000000,20000000,6002000,2000000,4002000,2000000,0,0,0,2002000,207565,0.2076
distribute_parallel_for_split_2500_2000_1500,2500,1500,0,3000,30009000,9004501,1500,64000000,30000000,9003000,3000000,6003000,3000000,0,0,0,3003000,295321,0.2953
distribute_parallel_for_split_2500_2000_2000,2500,2000,0,4000,40012000,12006001,2000,72000000,40000000,12004000,4000000,8004000,4000000,0,0,0,4004000,321070,0.3211
distribute_parallel_for_split_2500_2000_2500,2500,2500,0,5000,50015000,15007501,2500,80000000,50000000,15005000,5000000,10005000,5000000,0,0,0,5005000,596262,0.5963
distribute_parallel_for_split_2500_2000_3000,2500,3000,0,6000,60018000,18009001,3000,88000000,60000000,18006000,6000000,12006000,6000000,0,0,0,6006000,763903,0.7639
distribute_parallel_for_split_2500_2000_3500,2500,3500,0,7000,70021000,21010501,3500,96000000,70000000,21007000,7000000,14007000,7000000,0,0,0,7007000,495934,0.4959
distribute_parallel_for_split_2500_2000_4000,2500,4000,0,8000,80024000,24012001,4000,104000000,80000000,24008000,8000000,16008000,8000000,0,0,0,8008000,709771,0.7098
distribute_parallel_for_split_2500_2500_1000,2500,1000,0,2000,25006000,7503001,1000,70000000,20000000,7502000,2500000,5002000,2500000,0,0,0,2502000,194473,0.1945
distribute_parallel_for_split_2500_2500_1500,2500,1500,0,3000,37509000,11254501,1500,80000000,30000000,11253000,3750000,7503000,3750000,0,0,0,3753000,334055,0.3341
distribute_parallel_for_split_2500_2500_2000,2500,2000,0,4000,50012000,15006001,2000,90000000,40000000,15004000,5000000,10004000,5000000,0,0,0,5004000,371230,0.3712
distribute_parallel_for_split_2500_2500_2500,2500,2500,0,5000,62515000,18757501,2500,100000000,50000000,18755000,6250000,12505000,6250000,0,0,0,6255000,654782,0.6548
distribute_parallel_for_split_2500_2500_3000,2500,3000,0,6000,75018000,22509001,3000,110000000,60000000,22506000,7500000,15006000,7500000,0,0,0,7506000,594375,0.5944
distribute_parallel_for_split_2500_2500_3500,2500,3500,0,7000,87521000,26260501,3500,120000000,70000000,26257000,8750000,17507000,8750000,0,0,0,8757000,684332,0.6843
distribute_parallel_for_split_2500_2500_4000,2500,4000,0,8000,100024000,30012001,4000,130000000,80000000,30008000,10000000,20008000,10000000,0,0,0,10008000,753858,0.7539
distribute_parallel_for_split_2500_3000_1000,2500,1000,0,2000,30006000,9003001,1000,84000000,20000000,9002000,3000000,6002000,3000000,0,0,0,3002000,284650,0.2847
distribute_parallel_for_split_2500_3000_1500,2500,1500,0,3000,45009000,13504501,1500,96000000,30000000,13503000,4500000,9003000,4500000,0,0,0,4503000,350256,0.3503
distribute_parallel_for_split_2500_3000_2000,2500,2000,0,4000,60012000,18006001,2000,108000000,40000000,18004000,6000000,12004000,6000000,0,0,0,6004000,525238,0.5252
distribute_parallel_for_split_2500_3000_2500,2500,2500,0,5000,75015000,22507501,2500,120000000,50000000,22505000,7500000,15005000,7500000,0,0,0,7505000,682019,0.6820
distribute_parallel_for_split_2500_3000_3000,2500,3000,0,6000,90018000,27009001,3000,132000000,60000000,27006000,9000000,18006000,9000000,0,0,0,9006000,659461,0.6595
distribute_parallel_for_split_2500_3000_3500,2500,3500,0,7000,105021000,31510501,3500,144000000,70000000,31507000,10500000,21007000,10500000,0,0,0,10507000,731986,0.7320
distribute_parallel_for_split_2500_3000_4000,2500,4000,0,8000,120024000,36012001,4000,156000000,80000000,36008000,12000000,24008000,12000000,0,0,0,12008000,904376,0.9044
distribute_parallel_for_split_2500_3500_1000,2500,1000,0,2000,35006000,10503001,1000,98000000,20000000,10502000,3500000,7002000,3500000,0,0,0,3502000,302152,0.3022
distribute_parallel_for_split_2500_3500_1500,2500,1500,0,3000,52509000,15754501,1500,112000000,30000000,15753000,5250000,10503000,5250000,0,0,0,5253000,565051,0.5651
distribute_parallel_for_split_2500_3500_2000,2500,2000,0,4000,70012000,21006001,2000,126000000,40000000,21004000,7000000,14004000,7000000,0,0,0,7004000,545820,0.5458
distribute_parallel_for_split_2500_3500_2500,2500,2500,0,5000,87515000,26257501,2500,140000000,50000000,26255000,8750000,17505000,8750000,0,0,0,8755000,868042,0.8680
distribute_parallel_for_split_2500_3500_3000,2500,3000,0,6000,105018000,31509001,3000,154000000,60000000,31506000,10500000,21006000,10500000,0,0,0,10506000,853791,0.8538
distribute_parallel_for_split_2500_3500_3500,2500,3500,0,7000,122521000,36760501,3500,168000000,70000000,36757000,12250000,24507000,12250000,0,0,0,12257000,848087,0.8481
distribute_parallel_for_split_2500_3500_4000,2500,4000,0,8000,140024000,42012001,4000,182000000,80000000,42008000,14000000,28008000,14000000,0,0,0,14008000,1098746,1.0987
distribute_parallel_for_split_2500_4000_1000,2500,1000,0,2000,40006000,12003001,1000,112000000,20000000,12002000,4000000,8002000,4000000,0,0,0,4002000,514109,0.5141
distribute_parallel_for_split_2500_4000_1500,2500,1500,0,3000,60009000,18004501,1500,128000000,30000000,18003000,6000000,12003000,6000000,0,0,0,6003000,473774,0.4738
distribute_parallel_for_split_2500_4000_2000,2500,2000,0,4000,80012000,24006001,2000,144000000,40000000,24004000,8000000,16004000,8000000,0,0,0,8004000,967740,0.9677
distribute_parallel_for_split_2500_4000_2500,2500,2500,0,5000,100015000,30007501,2500,160000000,50000000,30005000,10000000,20005000,10000000,0,0,0,10005000,719186,0.7192
distribute_parallel_for_split_2500_4000_3000,2500,3000,0,6000,120018000,36009001,3000,176000000,60000000,36006000,12000000,24006000,12000000,0,0,0,12006000,1274577,1.2746
distribute_parallel_for_split_2500_4000_3500,2500,3500,0,7000,140021000,42010501,3500,192000000,70000000,42007000,14000000,28007000,14000000,0,0,0,14007000,1112537,1.1125
distribute_parallel_for_split_2500_4000_4000,2500,4000,0,8000,160024000,48012001,4000,208000000,80000000,48008000,16000000,32008000,16000000,0,0,0,16008000,1425598,1.4256
distribute_parallel_for_split_2700_1200_1200,2700,1200,0,2400,14407200,4323601,1200,37440000,25920000,4322400,1440000,2882400,1440000,0,0,0,1442400,155651,0.1557
distribute_parallel_for_split_2700_1200_1700,2700,1700,0,3400,20410200,6125101,1700,42240000,36720000,6123400,2040000,4083400,2040000,0,0,0,2043400,219427,0.2194
distribute_parallel_for_split_2700_1200_2200,2700,2200,0,4400,26413200,7926601,2200,47040000,47520000,7924400,2640000,5284400,2640000,0,0,0,2644400,243676,0.2437
distribute_parallel_for_split_2700_1200_2700,2700,2700,0,5400,32416200,9728101,2700,51840000,58320000,9725400,3240000,6485400,3240000,0,0,0,3245400,247591,0.2476
distribute_parallel_for_split_2700_1200_3200,2700,3200,0,6400,38419200,11529601,3200,56640000,69120000,11526400,3840000,7686400,3840000,0,0,0,3846400,460225,0.4602
distribute_parallel_for_split_2700_1200_3700,2700,3700,0,7400,44422200,13331101,3700,61440000,79920000,13327400,4440000,8887400,4440000,0,0,0,4447400,349018,0.3490
distribute_parallel_for_split_2700_1200_4200,2700,4200,0,8400,50425200,15132601,4200,66240000,90720000,15128400,5040000,10088400,5040000,0,0,0,5048400,410946,0.4109
distribute_parallel_for_split_2700_1700_1200,2700,1200,0,2400,20407200,6123601,1200,53040000,25920000,6122400,2040000,4082400,2040000,0,0,0,2042400,257795,0.2578
distribute_parallel_for_split_2700_1700_1700,2700,1700,0,3400,28910200,8675101,1700,59840000,36720000,8673400,2890000,5783400,2890000,0,0,0,2893400,258625,0.2586
distribute_parallel_for_split_2700_1700_2200,2700,2200,0,4400,37413200,11226601,2200,66640000,47520000,11224400,3740000,7484400,3740000,0,0,0,3744400,371530,0.3715
distribute_parallel_for_split_2700_1700_2700,2700,2700,0,5400,45916200,13778101,2700,73440000,58320000,13775400,4590000,9185400,4590000,0,0,0,4595400,415892,0.4159
distribute_parallel_for_split_2700_1700_3200,2700,3200,0,6400,54419200,16329601,3200,80240000,69120000,16326400,5440000,10886400,5440000,0,0,0,5446400,501787,0.5018
distribute_parallel_for_split_2700_1700_3700,2700,3700,0,7400,62922200,18881101,3700,87040000,79920000,18877400,6290000,12587400,6290000,0,0,0,6297400,639748,0.6397
distribute_parallel_for_split_2700_1700_4200,2700,4200,0,8400,71425200,21432601,4200,93840000,90720000,21428400,7140000,14288400,7140000,0,0,0,7148400,547329,0.5473
distribute_parallel_for_split_2700_2200_1200,2700,1200,0,2400,26407200,7923601,1200,68640000,25920000,7922400,2640000,5282400,2640000,0,0,0,2642400,241675,0.2417
distribute_parallel_for_split_2700_2200_1700,2700,1700,0,3400,37410200,11225101,1700,77440000,36720000,11223400,3740000,7483400,3740000,0,0,0,3743400,326915,0.3269
distribute_parallel_for_split_2700_2200_2200,2700,2200,0,4400,48413200,14526601,2200,86240000,47520000,14524400,4840000,9684400,4840000,0,0,0,4844400,363958,0.3640
distribute_parallel_for_split_2700_2200_2700,2700,2700,0,5400,59416200,17828101,2700,95040000,58320000,17825400,5940000,11885400,5940000,0,0,0,5945400,497901,0.4979
distribute_parallel_for_split_2700_2200_3200,2700,3200,0,6400,70419200,21129601,3200,103840000,69120000,21126400,7040000,14086400,7040000,0,0,0,7046400,827527,0.8275
distribute_parallel_for_split_2700_2200_3700,2700,3700,0,7400,81422200,24431101,3700,112640000,79920000,24427400,8140000,16287400,8140000,0,0,0,8147400,706332,0.7063
distribute_parallel_for_split_2700_2200_4200,2700,4200,0,8400,92425200,27732601,4200,121440000,90720000,27728400,9240000,18488400,9240000,0,0,0,9248400,1039665,1.0397
distribute_parallel_for_split_2700_2700_1200,2700,1200,0,2400,32407200,9723601,1200,84240000,25920000,9722400,3240000,6482400,3240000,0,0,0,3242400,247655,0.2477
distribute_parallel_for_split_2700_2700_1700,2700,1700,0,3400,45910200,13775101,1700,95040000,36720000,13773400,4590000,9183400,4590000,0,0,0,4593400,339594,0.3396
distribute_parallel_for_split_2700_2700_2200,2700,2200,0,4400,59413200,17826601,2200,105840000,47520000,17824400,5940000,11884400,5940000,0,0,0,5944400,405205,0.4052
distribute_parallel_for_split_2700_2700_2700,2700,2700,0,5400,72916200,21878101,2700,116640000,58320000,21875400,7290000,14585400,7290000,0,0,0,7295400,693775,0.6938
distribute_parallel_for_split_2700_2700_3200,2700,3200,0,6400,86419200,25929601,3200,127440000,69120000,25926400,8640000,17286400,8640000,0,0,0,8646400,642378,0.6424
distribute_parallel_for_split_2700_2700_3700,2700,3700,0,7400,99922200,29981101,3700,138240000,79920000,29977400,9990000,19987400,9990000,0,0,0,9997400,775529,0.7755
distribute_parallel_for_split_2700_2700_4200,2700,4200,0,8400,113425200,34032601,4200,149040000,90720000,34028400,11340000,22688400,11340000,0,0,0,11348400,960043,0.9600
distribute_parallel_for_split_2700_3200_1200,2700,1200,0,2400,38407200,11523601,1200,99840000,25920000,11522400,3840000,7682400,3840000,0,0,0,3842400,298610,0.2986
distribute_parallel_for_split_2700_3200_1700,2700,1700,0,3400,54410200,16325101,1700,112640000,36720000,16323400,5440000,10883400,5440000,0,0,0,5443400,429052,0.4291
distribute_parallel_for_split_2700_3200_2200,2700,2200,0,4400,70413200,21126601,2200,125440000,47520000,21124400,7040000,14084400,7040000,0,0,0,7044400,507451,0.5075
distribute_parallel_for_split_2700_3200_2700,2700,2700,0,5400,86416200,25928101,2700,138240000,58320000,25925400,8640000,17285400,8640000,0,0,0,8645400,672836,0.6728
distribute_parallel_for_split_2700_3200_3200,2700,3200,0,6400,102419200,30729601,3200,151040000,69120000,30726400,10240000,20486400,10240000,0,0,0,10246400,885143,0.8851
distribute_parallel_for_split_2700_3200_3700,2700,3700,0,7400,118422200,35531101,3700,163840000,79920000,35527400,11840000,23687400,11840000,0,0,0,11847400,852747,0.8527
distribute_parallel_for_split_2700_3200_4200,2700,4200,0,8400,134425200,40332601,4200,176640000,90720000,40328400,13440000,26888400,13440000,0,0,0,13448400,1016089,1.0161
distribute_parallel_for_split_2700_3700_1200,2700,1200,0,2400,44407200,13323601,1200,115440000,25920000,13322400,4440000,8882400,4440000,0,0,0,4442400,387450,0.3875
distribute_parallel_for_split_2700_3700_2200,2700,2200,0,4400,81413200,24426601,2200,145040000,47520000,24424400,8140000,16284400,8140000,0,0,0,8144400,613448,0.6134
distribute_parallel_for_split_2700_3700_2700,2700,2700,0,5400,99916200,29978101,2700,159840000,58320000,29975400,9990000,19985400,9990000,0,0,0,9995400,1008644,1.0086
distribute_parallel_for_split_2700_3700_3200,2700,3200,0,6400,118419200,35529601,3200,174640000,69120000,35526400,11840000,23686400,11840000,0,0,0,11846400,1081009,1.0810
distribute_parallel_for_split_2700_3700_3700,2700,3700,0,7400,136922200,41081101,3700,189440000,79920000,41077400,13690000,27387400,13690000,0,0,0,13697400,954800,0.9548
distribute_parallel_for_split_2700_3700_4200,2700,4200,0,8400,155425200,46632601,4200,204240000,90720000,46628400,15540000,31088400,15540000,0,0,0,15548400,1101114,1.1011
distribute_parallel_for_split_2750_1250_1250,2750,1250,0,2500,15632500,4691251,1250,40000000,27500000,4690000,1562500,3127500,1562500,0,0,0,1565000,265970,0.2660
distribute_parallel_for_split_2750_1250_1750,2750,1750,0,3500,21885500,6567751,1750,45000000,38500000,6566000,2187500,4378500,2187500,0,0,0,2191000,181465,0.1815
distribute_parallel_for_split_2750_1250_2250,2750,2250,0,4500,28138500,8444251,2250,50000000,49500000,8442000,2812500,5629500,2812500,0,0,0,2817000,254349,0.2543
distribute_parallel_for_split_2750_1250_2750,2750,2750,0,5500,34391500,10320751,2750,55000000,60500000,10318000,3437500,6880500,3437500,0,0,0,3443000,315318,0.3153
distribute_parallel_for_split_2750_1250_3250,2750,3250,0,6500,40644500,12197251,3250,60000000,71500000,12194000,4062500,8131500,4062500,0,0,0,4069000,369061,0.3691
distribute_parallel_for_split_2750_1250_3750,2750,3750,0,7500,46897500,14073751,3750,65000000,82500000,14070000,4687500,9382500,4687500,0,0,0,4695000,396669,0.3967
distribute_parallel_for_split_2750_1250_4250,2750,4250,0,8500,53150500,15950251,4250,70000000,93500000,15946000,5312500,10633500,5312500,0,0,0,5321000,425092,0.4251
distribute_parallel_for_split_2750_1750_1250,2750,1250,0,2500,21882500,6566251,1250,56000000,27500000,6565000,2187500,4377500,2187500,0,0,0,2190000,251273,0.2513
distribute_parallel_for_split_2750_1750_1750,2750,1750,0,3500,30635500,9192751,1750,63000000,38500000,9191000,3062500,6128500,3062500,0,0,0,3066000,297910,0.2979
distribute_parallel_for_split_2750_1750_2250,2750,2250,0,4500,39388500,11819251,2250,70000000,49500000,11817000,3937500,7879500,3937500,0,0,0,3942000,295074,0.2951
distribute_parallel_for_split_2750_1750_2750,2750,2750,0,5500,48141500,14445751,2750,77000000,60500000,14443000,4812500,9630500,4812500,0,0,0,4818000,717118,0.7171
distribute_parallel_for_split_2750_1750_3250,2750,3250,0,6500,56894500,17072251,3250,84000000,71500000,17069000,5687500,11381500,5687500,0,0,0,5694000,420507,0.4205
distribute_parallel_for_split_2750_1750_3750,2750,3750,0,7500,65647500,19698751,3750,91000000,82500000,19695000,6562500,13132500,6562500,0,0,0,6570000,700454,0.7005
distribute_parallel_for_split_2750_1750_4250,2750,4250,0,8500,74400500,22325251,4250,98000000,93500000,22321000,7437500,14883500,7437500,0,0,0,7446000,516756,0.5168
distribute_parallel_for_split_2750_2250_1250,2750,1250,0,2500,28132500,8441251,1250,72000000,27500000,8440000,2812500,5627500,2812500,0,0,0,2815000,240064,0.2401
distribute_parallel_for_split_2750_2250_1750,2750,1750,0,3500,39385500,11817751,1750,81000000,38500000,11816000,3937500,7878500,3937500,0,0,0,3941000,312026,0.3120
distribute_parallel_for_split_2750_2250_2250,2750,2250,0,4500,50638500,15194251,2250,90000000,49500000,15192000,5062500,10129500,5062500,0,0,0,5067000,355388,0.3554
distribute_parallel_for_split_2750_2250_2750,2750,2750,0,5500,61891500,18570751,2750,99000000,60500000,18568000,6187500,12380500,6187500,0,0,0,6193000,537354,0.5374
distribute_parallel_for_split_2750_2250_3250,2750,3250,0,6500,73144500,21947251,3250,108000000,71500000,21944000,7312500,14631500,7312500,0,0,0,7319000,702750,0.7027
distribute_parallel_for_split_2750_2250_3750,2750,3750,0,7500,84397500,25323751,3750,117000000,82500000,25320000,8437500,16882500,8437500,0,0,0,8445000,621161,0.6212
distribute_parallel_for_split_2750_2250_4250,2750,4250,0,8500,95650500,28700251,4250,126000000,93500000,28696000,9562500,19133500,9562500,0,0,0,9571000,868202,0.8682
distribute_parallel_for_split_2750_2750_1250,2750,1250,0,2500,34382500,10316251,1250,88000000,27500000,10315000,3437500,6877500,3437500,0,0,0,3440000,438231,0.4382
distribute_parallel_for_split_2750_2750_1750,2750,1750,0,3500,48135500,14442751,1750,99000000,38500000,14441000,4812500,9628500,4812500,0,0,0,4816000,361172,0.3612
distribute_parallel_for_split_2750_2750_2250,2750,2250,0,4500,61888500,18569251,2250,110000000,49500000,18567000,6187500,12379500,6187500,0,0,0,6192000,464283,0.4643
distribute_parallel_for_split_2750_2750_2750,2750,2750,0,5500,75641500,22695751,2750,121000000,60500000,22693000,7562500,15130500,7562500,0,0,0,7568000,543949,0.5439
distribute_parallel_for_split_2750_2750_3250,2750,3250,0,6500,89394500,26822251,3250,132000000,71500000,26819000,8937500,17881500,8937500,0,0,0,8944000,719723,0.7197
distribute_parallel_for_split_2750_2750_3750,2750,3750,0,7500,103147500,30948751,3750,143000000,82500000,30945000,10312500,20632500,10312500,0,0,0,10320000,729440,0.7294
distribute_parallel_for_split_2750_2750_4250,2750,4250,0,8500,116900500,35075251,4250,154000000,93500000,35071000,11687500,23383500,11687500,0,0,0,11696000,1037053,1.0371
distribute_parallel_for_split_2750_3250_1250,2750,1250,0,2500,40632500,12191251,1250,104000000,27500000,12190000,4062500,8127500,4062500,0,0,0,4065000,497195,0.4972
distribute_parallel_for_split_2750_3250_1750,2750,1750,0,3500,56885500,17067751,1750,117000000,38500000,17066000,5687500,11378500,5687500,0,0,0,5691000,428229,0.4282
distribute_parallel_for_split_2750_3250_2250,2750,2250,0,4500,73138500,21944251,2250,130000000,49500000,21942000,7312500,14629500,7312500,0,0,0,7317000,555805,0.5558
distribute_parallel_for_split_2750_3250_2750,2750,2750,0,5500,89391500,26820751,2750,143000000,60500000,26818000,8937500,17880500,8937500,0,0,0,8943000,794635,0.7946
distribute_parallel_for_split_2750_3250_3250,2750,3250,0,6500,105644500,31697251,3250,156000000,71500000,31694000,10562500,21131500,10562500,0,0,0,10569000,731464,0.7315
distribute_parallel_for_split_2750_3250_3750,2750,3750,0,7500,121897500,36573751,3750,169000000,82500000,36570000,12187500,24382500,12187500,0,0,0,12195000,1063477,1.0635
distribute_parallel_for_split_2750_3250_4250,2750,4250,0,8500,138150500,41450251,4250,182000000,93500000,41446000,13812500,27633500,13812500,0,0,0,13821000,998130,0.9981
distribute_parallel_for_split_2750_3750_1250,2750,1250,0,2500,46882500,14066251,1250,120000000,27500000,14065000,4687500,9377500,4687500,0,0,0,4690000,493874,0.4939
distribute_parallel_for_split_2750_3750_1750,2750,1750,0,3500,65635500,19692751,1750,135000000,38500000,19691000,6562500,13128500,6562500,0,0,0,6566000,529179,0.5292
distribute_parallel_for_split_2750_3750_2250,2750,2250,0,4500,84388500,25319251,2250,150000000,49500000,25317000,8437500,16879500,8437500,0,0,0,8442000,828124,0.8281
distribute_parallel_for_split_2750_3750_2750,2750,2750,0,5500,103141500,30945751,2750,165000000,60500000,30943000,10312500,20630500,10312500,0,0,0,10318000,740008,0.7400
distribute_parallel_for_split_2750_3750_3250,2750,3250,0,6500,121894500,36572251,3250,180000000,71500000,36569000,12187500,24381500,12187500,0,0,0,12194000,935814,0.9358
distribute_parallel_for_split_2750_3750_3750,2750,3750,0,7500,140647500,42198751,3750,195000000,82500000,42195000,14062500,28132500,14062500,0,0,0,14070000,1648341,1.6483
distribute_parallel_for_split_2750_3750_4250,2750,4250,0,8500,159400500,47825251,4250,210000000,93500000,47821000,15937500,31883500,15937500,0,0,0,15946000,1459743,1.4597
distribute_parallel_for_split_2750_4250_1250,2750,1250,0,2500,53132500,15941251,1250,136000000,27500000,15940000,5312500,10627500,5312500,0,0,0,5315000,453393,0.4534
distribute_parallel_for_split_2750_4250_1750,2750,1750,0,3500,74385500,22317751,1750,153000000,38500000,22316000,7437500,14878500,7437500,0,0,0,7441000,574565,0.5746
distribute_parallel_for_split_2750_4250_2250,2750,2250,0,4500,95638500,28694251,2250,170000000,49500000,28692000,9562500,19129500,9562500,0,0,0,9567000,665248,0.6652
distribute_parallel_for_split_2750_4250_2750,2750,2750,0,5500,116891500,35070751,2750,187000000,60500000,35068000,11687500,23380500,11687500,0,0,0,11693000,1023071,1.0231
distribute_parallel_for_split_2750_4250_3250,2750,3250,0,6500,138144500,41447251,3250,204000000,71500000,41444000,13812500,27631500,13812500,0,0,0,13819000,1012601,1.0126
distribute_parallel_for_split_2750_4250_3750,2750,3750,0,7500,159397500,47823751,3750,221000000,82500000,47820000,15937500,31882500,15937500,0,0,0,15945000,1134467,1.1345
distribute_parallel_for_split_2750_4250_4250,2750,4250,0,8500,180650500,54200251,4250,238000000,93500000,54196000,18062500,36133500,18062500,0,0,0,18071000,1260603,1.2606
distribute_parallel_for_split_2900_1400_1400,2900,1400,0,2800,19608400,5884201,1400,48160000,32480000,5882800,1960000,3922800,1960000,0,0,0,1962800,188586,0.1886
distribute_parallel_for_split_2900_1400_1900,2900,1900,0,3800,26611400,7985701,1900,53760000,44080000,7983800,2660000,5323800,2660000,0,0,0,2663800,307218,0.3072
distribute_parallel_for_split_2900_1400_2400,2900,2400,0,4800,33614400,10087201,2400,59360000,55680000,10084800,3360000,6724800,3360000,0,0,0,3364800,315599,0.3156
distribute_parallel_for_split_2900_1400_2900,2900,2900,0,5800,40617400,12188701,2900,64960000,67280000,12185800,4060000,8125800,4060000,0,0,0,4065800,481546,0.4815
distribute_parallel_for_split_2900_1400_3400,2900,3400,0,6800,47620400,14290201,3400,70560000,78880000,14286800,4760000,9526800,4760000,0,0,0,4766800,481616,0.4816
distribute_parallel_for_split_2900_1400_3900,2900,3900,0,7800,54623400,16391701,3900,76160000,90480000,16387800,5460000,10927800,5460000,0,0,0,5467800,487295,0.4873
distribute_parallel_for_split_2900_1400_900,2900,900,0,1800,12605400,3782701,900,42560000,20880000,3781800,1260000,2521800,1260000,0,0,0,1261800,340680,0.3407
distribute_parallel_for_split_2900_1900_1400,2900,1400,0,2800,26608400,7984201,1400,65360000,32480000,7982800,2660000,5322800,2660000,0,0,0,2662800,381244,0.3812
distribute_parallel_for_split_2900_1900_1900,2900,1900,0,3800,36111400,10835701,1900,72960000,44080000,10833800,3610000,7223800,3610000,0,0,0,3613800,414711,0.4147
distribute_parallel_for_split_2900_1900_2400,2900,2400,0,4800,45614400,13687201,2400,80560000,55680000,13684800,4560000,9124800,4560000,0,0,0,4564800,411600,0.4116
distribute_parallel_for_split_2900_1900_2900,2900,2900,0,5800,55117400,16538701,2900,88160000,67280000,16535800,5510000,11025800,5510000,0,0,0,5515800,648297,0.6483
distribute_parallel_for_split_2900_1900_3400,2900,3400,0,6800,64620400,19390201,3400,95760000,78880000,19386800,6460000,12926800,6460000,0,0,0,6466800,770781,0.7708
distribute_parallel_for_split_2900_1900_3900,2900,3900,0,7800,74123400,22241701,3900,103360000,90480000,22237800,7410000,14827800,7410000,0,0,0,7417800,643693,0.6437
distribute_parallel_for_split_2900_1900_900,2900,900,0,1800,17105400,5132701,900,57760000,20880000,5131800,1710000,3421800,1710000,0,0,0,1711800,193901,0.1939
distribute_parallel_for_split_2900_2400_1400,2900,1400,0,2800,33608400,10084201,1400,82560000,32480000,10082800,3360000,6722800,3360000,0,0,0,3362800,326502,0.3265
distribute_parallel_for_split_2900_2400_1900,2900,1900,0,3800,45611400,13685701,1900,92160000,44080000,13683800,4560000,9123800,4560000,0,0,0,4563800,465662,0.4657
distribute_parallel_for_split_2900_2400_2400,2900,2400,0,4800,57614400,17287201,2400,101760000,55680000,17284800,5760000,11524800,5760000,0,0,0,5764800,698574,0.6986
distribute_parallel_for_split_2900_2400_2900,2900,2900,0,5800,69617400,20888701,2900,111360000,67280000,20885800,6960000,13925800,6960000,0,0,0,6965800,892268,0.8923
distribute_parallel_for_split_2900_2400_3400,2900,3400,0,6800,81620400,24490201,3400,120960000,78880000,24486800,8160000,16326800,8160000,0,0,0,8166800,1262758,1.2628
distribute_parallel_for_split_2900_2400_3900,2900,3900,0,7800,93623400,28091701,3900,130560000,90480000,28087800,9360000,18727800,9360000,0,0,0,9367800,844690,0.8447
distribute_parallel_for_split_2900_2400_900,2900,900,0,1800,21605400,6482701,900,72960000,20880000,6481800,2160000,4321800,2160000,0,0,0,2161800,241140,0.2411
distribute_parallel_for_split_2900_2900_1400,2900,1400,0,2800,40608400,12184201,1400,99760000,32480000,12182800,4060000,8122800,4060000,0,0,0,4062800,421628,0.4216
distribute_parallel_for_split_2900_2900_1900,2900,1900,0,3800,55111400,16535701,1900,111360000,44080000,16533800,5510000,11023800,5510000,0,0,0,5513800,574533,0.5745
distribute_parallel_for_split_2900_2900_2400,2900,2400,0,4800,69614400,20887201,2400,122960000,55680000,20884800,6960000,13924800,6960000,0,0,0,6964800,631010,0.6310
distribute_parallel_for_split_2900_2900_2900,2900,2900,0,5800,84117400,25238701,2900,134560000,67280000,25235800,8410000,16825800,8410000,0,0,0,8415800,831609,0.8316
distribute_parallel_for_split_2900_2900_3400,2900,3400,0,6800,98620400,29590201,3400,146160000,78880000,29586800,9860000,19726800,9860000,0,0,0,9866800,1213204,1.2132
distribute_parallel_for_split_2900_2900_3900,2900,3900,0,7800,113123400,33941701,3900,157760000,90480000,33937800,11310000,22627800,11310000,0,0,0,11317800,1104171,1.1042
distribute_parallel_for_split_2900_2900_900,2900,900,0,1800,26105400,7832701,900,88160000,20880000,7831800,2610000,5221800,2610000,0,0,0,2611800,353565,0.3536
distribute_parallel_for_split_2900_3400_1400,2900,1400,0,2800,47608400,14284201,1400,116960000,32480000,14282800,4760000,9522800,4760000,0,0,0,4762800,617404,0.6174
distribute_parallel_for_split_2900_3400_1900,2900,1900,0,3800,64611400,19385701,1900,130560000,44080000,19383800,6460000,12923800,6460000,0,0,0,6463800,801250,0.8013
distribute_parallel_for_split_2900_3400_2400,2900,2400,0,4800,81614400,24487201,2400,144160000,55680000,24484800,8160000,16324800,8160000,0,0,0,8164800,805748,0.8057
distribute_parallel_for_split_2900_3400_2900,2900,2900,0,5800,98617400,29588701,2900,157760000,67280000,29585800,9860000,19725800,9860000,0,0,0,9865800,1063676,1.0637
distribute_parallel_for_split_2900_3400_3400,2900,3400,0,6800,115620400,34690201,3400,171360000,78880000,34686800,11560000,23126800,11560000,0,0,0,11566800,1246282,1.2463
distribute_parallel_for_split_2900_3400_3900,2900,3900,0,7800,132623400,39791701,3900,184960000,90480000,39787800,13260000,26527800,13260000,0,0,0,13267800,1421816,1.4218
distribute_parallel_for_split_2900_3400_900,2900,900,0,1800,30605400,9182701,900,103360000,20880000,9181800,3060000,6121800,3060000,0,0,0,3061800,430955,0.4310
distribute_parallel_for_split_2900_3900_1400,2900,1400,0,2800,54608400,16384201,1400,134160000,32480000,16382800,5460000,10922800,5460000,0,0,0,5462800,519823,0.5198
distribute_parallel_for_split_2900_3900_1900,2900,1900,0,3800,74111400,22235701,1900,149760000,44080000,22233800,7410000,14823800,7410000,0,0,0,7413800,748214,0.7482
distribute_parallel_for_split_2900_3900_2400,2900,2400,0,4800,93614400,28087201,2400,165360000,55680000,28084800,9360000,18724800,9360000,0,0,0,9364800,784549,0.7845
distribute_parallel_for_split_2900_3900_2900,2900,2900,0,5800,113117400,33938701,2900,180960000,67280000,33935800,11310000,22625800,11310000,0,0,0,11315800,1196750,1.1967
distribute_parallel_for_split_2900_3900_3400,2900,3400,0,6800,132620400,39790201,3400,196560000,78880000,39786800,13260000,26526800,13260000,0,0,0,13266800,1178316,1.1783
distribute_parallel_for_split_2900_3900_3900,2900,3900,0,7800,152123400,45641701,3900,212160000,90480000,45637800,15210000,30427800,15210000,0,0,0,15217800,1340548,1.3405
distribute_parallel_for_split_2900_3900_900,2900,900,0,1800,35105400,10532701,900,118560000,20880000,10531800,3510000,7021800,3510000,0,0,0,3511800,520797,0.5208
distribute_parallel_for_split_2900_900_1400,2900,1400,0,2800,12608400,3784201,1400,30960000,32480000,3782800,1260000,2522800,1260000,0,0,0,1262800,134497,0.1345
distribute_parallel_for_split_2900_900_1900,2900,1900,0,3800,17111400,5135701,1900,34560000,44080000,5133800,1710000,3423800,1710000,0,0,0,1713800,218060,0.2181
distribute_parallel_for_split_2900_900_2400,2900,2400,0,4800,21614400,6487201,2400,38160000,55680000,6484800,2160000,4324800,2160000,0,0,0,2164800,265169,0.2652
distribute_parallel_for_split_2900_900_2900,2900,2900,0,5800,26117400,7838701,2900,41760000,67280000,7835800,2610000,5225800,2610000,0,0,0,2615800,382183,0.3822
distribute_parallel_for_split_2900_900_3400,2900,3400,0,6800,30620400,9190201,3400,45360000,78880000,9186800,3060000,6126800,3060000,0,0,0,3066800,289737,0.2897
distribute_parallel_for_split_2900_900_3900,2900,3900,0,7800,35123400,10541701,3900,48960000,90480000,10537800,3510000,7027800,3510000,0,0,0,3517800,628333,0.6283
distribute_parallel_for_split_2900_900_900,2900,900,0,1800,8105400,2432701,900,27360000,20880000,2431800,810000,1621800,810000,0,0,0,811800,95499,0.0955
distribute_parallel_for_split_3000_1000_1000,3000,1000,0,2000,10006000,3003001,1000,32000000,24000000,3002000,1000000,2002000,1000000,0,0,0,1002000,127721,0.1277
distribute_parallel_for_split_3000_1000_1500,3000,1500,0,3000,15009000,4504501,1500,36000000,36000000,4503000,1500000,3003000,1500000,0,0,0,1503000,159118,0.1591
distribute_parallel_for_split_3000_1000_2000,3000,2000,0,4000,20012000,6006001,2000,40000000,48000000,6004000,2000000,4004000,2000000,0,0,0,2004000,190273,0.1903
distribute_parallel_for_split_3000_1000_2500,3000,2500,0,5000,25015000,7507501,2500,44000000,60000000,7505000,2500000,5005000,2500000,0,0,0,2505000,273972,0.2740
distribute_parallel_for_split_3000_1000_3000,3000,3000,0,6000,30018000,9009001,3000,48000000,72000000,9006000,3000000,6006000,3000000,0,0,0,3006000,393396,0.3934
distribute_parallel_for_split_3000_1000_3500,3000,3500,0,7000,35021000,10510501,3500,52000000,84000000,10507000,3500000,7007000,3500000,0,0,0,3507000,342840,0.3428
distribute_parallel_for_split_3000_1000_4000,3000,4000,0,8000,40024000,12012001,4000,56000000,96000000,12008000,4000000,8008000,4000000,0,0,0,4008000,546708,0.5467
distribute_parallel_for_split_3000_1500_1000,3000,1000,0,2000,15006000,4503001,1000,48000000,24000000,4502000,1500000,3002000,1500000,0,0,0,1502000,165734,0.1657
distribute_parallel_for_split_3000_1500_1500,3000,1500,0,3000,22509000,6754501,1500,54000000,36000000,6753000,2250000,4503000,2250000,0,0,0,2253000,221228,0.2212
distribute_parallel_for_split_3000_1500_2000,3000,2000,0,4000,30012000,9006001,2000,60000000,48000000,9004000,3000000,6004000,3000000,0,0,0,3004000,443101,0.4431
distribute_parallel_for_split_3000_1500_2500,3000,2500,0,5000,37515000,11257501,2500,66000000,60000000,11255000,3750000,7505000,3750000,0,0,0,3755000,349885,0.3499
distribute_parallel_for_split_3000_1500_3000,3000,3000,0,6000,45018000,13509001,3000,72000000,72000000,13506000,4500000,9006000,4500000,0,0,0,4506000,645784,0.6458
distribute_parallel_for_split_3000_1500_3500,3000,3500,0,7000,52521000,15760501,3500,78000000,84000000,15757000,5250000,10507000,5250000,0,0,0,5257000,490487,0.4905
distribute_parallel_for_split_3000_1500_4000,3000,4000,0,8000,60024000,18012001,4000,84000000,96000000,18008000,6000000,12008000,6000000,0,0,0,6008000,805919,0.8059
distribute_parallel_for_split_3000_2000_1000,3000,1000,0,2000,20006000,6003001,1000,64000000,24000000,6002000,2000000,4002000,2000000,0,0,0,2002000,228821,0.2288
distribute_parallel_for_split_3000_2000_1500,3000,1500,0,3000,30009000,9004501,1500,72000000,36000000,9003000,3000000,6003000,3000000,0,0,0,3003000,518093,0.5181
distribute_parallel_for_split_3000_2000_2000,3000,2000,0,4000,40012000,12006001,2000,80000000,48000000,12004000,4000000,8004000,4000000,0,0,0,4004000,344739,0.3447
distribute_parallel_for_split_3000_2000_2500,3000,2500,0,5000,50015000,15007501,2500,88000000,60000000,15005000,5000000,10005000,5000000,0,0,0,5005000,454760,0.4548
distribute_parallel_for_split_3000_2000_3000,3000,3000,0,6000,60018000,18009001,3000,96000000,72000000,18006000,6000000,12006000,6000000,0,0,0,6006000,693248,0.6932
distribute_parallel_for_split_3000_2000_3500,3000,3500,0,7000,70021000,21010501,3500,104000000,84000000,21007000,7000000,14007000,7000000,0,0,0,7007000,626963,0.6270
distribute_parallel_for_split_3000_2000_4000,3000,4000,0,8000,80024000,24012001,4000,112000000,96000000,24008000,8000000,16008000,8000000,0,0,0,8008000,873959,0.8740
distribute_parallel_for_split_3000_2500_1000,3000,1000,0,2000,25006000,7503001,1000,80000000,24000000,7502000,2500000,5002000,2500000,0,0,0,2502000,446308,0.4463
distribute_parallel_for_split_3000_2500_1500,3000,1500,0,3000,37509000,11254501,1500,90000000,36000000,11253000,3750000,7503000,3750000,0,0,0,3753000,413914,0.4139
distribute_parallel_for_split_3000_2500_2000,3000,2000,0,4000,50012000,15006001,2000,100000000,48000000,15004000,5000000,10004000,5000000,0,0,0,5004000,619951,0.6200
distribute_parallel_for_split_3000_2500_2500,3000,2500,0,5000,62515000,18757501,2500,110000000,60000000,18755000,6250000,12505000,6250000,0,0,0,6255000,1035697,1.0357
distribute_parallel_for_split_3000_2500_3000,3000,3000,0,6000,75018000,22509001,3000,120000000,72000000,22506000,7500000,15006000,7500000,0,0,0,7506000,966963,0.9670
distribute_parallel_for_split_3000_2500_3500,3000,3500,0,7000,87521000,26260501,3500,130000000,84000000,26257000,8750000,17507000,8750000,0,0,0,8757000,1152158,1.1522
distribute_parallel_for_split_3000_2500_4000,3000,4000,0,8000,100024000,30012001,4000,140000000,96000000,30008000,10000000,20008000,10000000,0,0,0,10008000,1192064,1.1921
distribute_parallel_for_split_3000_3000_1000,3000,1000,0,2000,30006000,9003001,1000,96000000,24000000,9002000,3000000,6002000,3000000,0,0,0,3002000,396192,0.3962
distribute_parallel_for_split_3000_3000_1500,3000,1500,0,3000,45009000,13504501,1500,108000000,36000000,13503000,4500000,9003000,4500000,0,0,0,4503000,445311,0.4453
distribute_parallel_for_split_3000_3000_2000,3000,2000,0,4000,60012000,18006001,2000,120000000,48000000,18004000,6000000,12004000,6000000,0,0,0,6004000,560598,0.5606
distribute_parallel_for_split_3000_3000_2500,3000,2500,0,5000,75015000,22507501,2500,132000000,60000000,22505000,7500000,15005000,7500000,0,0,0,7505000,664948,0.6649
distribute_parallel_for_split_3000_3000_3000,3000,3000,0,6000,90018000,27009001,3000,144000000,72000000,27006000,9000000,18006000,9000000,0,0,0,9006000,1012990,1.0130
distribute_parallel_for_split_3000_3000_3500,3000,3500,0,7000,105021000,31510501,3500,156000000,84000000,31507000,10500000,21007000,10500000,0,0,0,10507000,954912,0.9549
distribute_parallel_for_split_3000_3000_4000,3000,4000,0,8000,120024000,36012001,4000,168000000,96000000,36008000,12000000,24008000,12000000,0,0,0,12008000,1047806,1.0478
distribute_parallel_for_split_3000_3500_1000,3000,1000,0,2000,35006000,10503001,1000,112000000,24000000,10502000,3500000,7002000,3500000,0,0,0,3502000,420969,0.4210
distribute_parallel_for_split_3000_3500_1500,3000,1500,0,3000,52509000,15754501,1500,126000000,36000000,15753000,5250000,10503000,5250000,0,0,0,5253000,494412,0.4944
distribute_parallel_for_split_3000_3500_2000,3000,2000,0,4000,70012000,21006001,2000,140000000,48000000,21004000,7000000,14004000,7000000,0,0,0,7004000,656728,0.6567
distribute_parallel_for_split_3000_3500_2500,3000,2500,0,5000,87515000,26257501,2500,154000000,60000000,26255000,8750000,17505000,8750000,0,0,0,8755000,1065906,1.0659
distribute_parallel_for_split_3000_3500_3000,3000,3000,0,6000,105018000,31509001,3000,168000000,72000000,31506000,10500000,21006000,10500000,0,0,0,10506000,912628,0.9126
distribute_parallel_for_split_3000_3500_3500,3000,3500,0,7000,122521000,36760501,3500,182000000,84000000,36757000,12250000,24507000,12250000,0,0,0,12257000,1026044,1.0260
distribute_parallel_for_split_3000_3500_4000,3000,4000,0,8000,140024000,42012001,4000,196000000,96000000,42008000,14000000,28008000,14000000,0,0,0,14008000,1219732,1.2197
distribute_parallel_for_split_3000_4000_1000,3000,1000,0,2000,40006000,12003001,1000,128000000,24000000,12002000,4000000,8002000,4000000,0,0,0,4002000,382930,0.3829
distribute_parallel_for_split_3000_4000_1500,3000,1500,0,3000,60009000,18004501,1500,144000000,36000000,18003000,6000000,12003000,6000000,0,0,0,6003000,634264,0.6343
distribute_parallel_for_split_3000_4000_2000,3000,2000,0,4000,80012000,24006001,2000,160000000,48000000,24004000,8000000,16004000,8000000,0,0,0,8004000,734751,0.7348
distribute_parallel_for_split_3000_4000_2500,3000,2500,0,5000,100015000,30007501,2500,176000000,60000000,30005000,10000000,20005000,10000000,0,0,0,10005000,1187745,1.1877
distribute_parallel_for_split_3000_4000_3000,3000,3000,0,6000,120018000,36009001,3000,192000000,72000000,36006000,12000000,24006000,12000000,0,0,0,12006000,1031125,1.0311
distribute_parallel_for_split_3000_4000_3500,3000,3500,0,7000,140021000,42010501,3500,208000000,84000000,42007000,14000000,28007000,14000000,0,0,0,14007000,1428071,1.4281
distribute_parallel_for_split_3000_4000_4000,3000,4000,0,8000,160024000,48012001,4000,224000000,96000000,48008000,16000000,32008000,16000000,0,0,0,16008000,1534213,1.5342
distribute_parallel_for_split_300_100_100,300,100,0,200,100600,30301,100,320000,240000,30200,10000,20200,10000,0,0,0,10200,9504,0.0095
distribute_parallel_for_split_300_100_200,300,200,0,400,201200,60601,200,400000,480000,60400,20000,40400,20000,0,0,0,20400,10413,0.0104
distribute_parallel_for_split_300_100_300,300,300,0,600,301800,90901,300,480000,720000,90600,30000,60600,30000,0,0,0,30600,3894,0.0039
distribute_parallel_for_split_300_100_400,300,400,0,800,402400,121201,400,560000,960000,120800,40000,80800,40000,0,0,0,40800,6029,0.0060
distribute_parallel_for_split_300_100_500,300,500,0,1000,503000,151501,500,640000,1200000,151000,50000,101000,50000,0,0,0,51000,12327,0.0123
distribute_parallel_for_split_300_100_600,300,600,0,1200,603600,181801,600,720000,1440000,181200,60000,121200,60000,0,0,0,61200,5275,0.0053
distribute_parallel_for_split_300_100_700,300,700,0,1400,704200,212101,700,800000,1680000,211400,70000,141400,70000,0,0,0,71400,6429,0.0064
distribute_parallel_for_split_300_100_800,300,800,0,1600,804800,242401,800,880000,1920000,241600,80000,161600,80000,0,0,0,81600,20891,0.0209
distribute_parallel_for_split_300_100_900,300,900,0,1800,905400,272701,900,960000,2160000,271800,90000,181800,90000,0,0,0,91800,5807,0.0058
distribute_parallel_for_split_300_200_100,300,100,0,200,200600,60301,100,640000,240000,60200,20000,40200,20000,0,0,0,20200,9473,0.0095
distribute_parallel_for_split_300_200_200,300,200,0,400,401200,120601,200,800000,480000,120400,40000,80400,40000,0,0,0,40400,38758,0.0388
distribute_parallel_for_split_300_200_300,300,300,0,600,601800,180901,300,960000,720000,180600,60000,120600,60000,0,0,0,60600,5653,0.0057
distribute_parallel_for_split_300_200_400,300,400,0,800,802400,241201,400,1120000,960000,240800,80000,160800,80000,0,0,0,80800,4264,0.0043
distribute_parallel_for_split_300_200_500,300,500,0,1000,1003000,301501,500,1280000,1200000,301000,100000,201000,100000,0,0,0,101000,11942,0.0119
distribute_parallel_for_split_300_200_600,300,600,0,1200,1203600,361801,600,1440000,1440000,361200,120000,241200,120000,0,0,0,121200,36343,0.0363
distribute_parallel_for_split_300_200_700,300,700,0,1400,1404200,422101,700,1600000,1680000,421400,140000,281400,140000,0,0,0,141400,12406,0.0124
distribute_parallel_for_split_300_200_800,300,800,0,1600,1604800,482401,800,1760000,1920000,481600,160000,321600,160000,0,0,0,161600,11675,0.0117
distribute_parallel_for_split_300_200_900,300,900,0,1800,1805400,542701,900,1920000,2160000,541800,180000,361800,180000,0,0,0,181800,7410,0.0074
distribute_parallel_for_split_300_300_100,300,100,0,200,300600,90301,100,960000,240000,90200,30000,60200,30000,0,0,0,30200,3650,0.0037
distribute_parallel_for_split_300_300_200,300,200,0,400,601200,180601,200,1200000,480000,180400,60000,120400,60000,0,0,0,60400,5414,0.0054
distribute_parallel_for_split_300_300_300,300,300,0,600,901800,270901,300,1440000,720000,270600,90000,180600,90000,0,0,0,90600,30219,0.0302
distribute_parallel_for_split_300_300_400,300,400,0,800,1202400,361201,400,1680000,960000,360800,120000,240800,120000,0,0,0,120800,46297,0.0463
distribute_parallel_for_split_300_300_500,300,500,0,1000,1503000,451501,500,1920000,1200000,451000,150000,301000,150000,0,0,0,151000,15585,0.0156
distribute_parallel_for_split_300_300_600,300,600,0,1200,1803600,541801,600,2160000,1440000,541200,180000,361200,180000,0,0,0,181200,10719,0.0107
distribute_parallel_for_split_300_300_700,300,700,0,1400,2104200,632101,700,2400000,1680000,631400,210000,421400,210000,0,0,0,211400,25578,0.0256
distribute_parallel_for_split_300_300_800,300,800,0,1600,2404800,722401,800,2640000,1920000,721600,240000,481600,240000,0,0,0,241600,18768,0.0188
distribute_parallel_for_split_300_300_900,300,900,0,1800,2705400,812701,900,2880000,2160000,811800,270000,541800,270000,0,0,0,271800,63589,0.0636
distribute_parallel_for_split_300_400_100,300,100,0,200,400600,120301,100,1280000,240000,120200,40000,80200,40000,0,0,0,40200,4119,0.0041
distribute_parallel_for_split_300_400_200,300,200,0,400,801200,240601,200,1600000,480000,240400,80000,160400,80000,0,0,0,80400,46378,0.0464
distribute_parallel_for_split_300_400_300,300,300,0,600,1201800,360901,300,1920000,720000,360600,120000,240600,120000,0,0,0,120600,48992,0.0490
distribute_parallel_for_split_300_400_400,300,400,0,800,1602400,481201,400,2240000,960000,480800,160000,320800,160000,0,0,0,160800,43439,0.0434
distribute_parallel_for_split_300_400_500,300,500,0,1000,2003000,601501,500,2560000,1200000,601000,200000,401000,200000,0,0,0,201000,17441,0.0174
distribute_parallel_for_split_300_400_600,300,600,0,1200,2403600,721801,600,2880000,1440000,721200,240000,481200,240000,0,0,0,241200,16279,0.0163
distribute_parallel_for_split_300_400_700,300,700,0,1400,2804200,842101,700,3200000,1680000,841400,280000,561400,280000,0,0,0,281400,12452,0.0125
distribute_parallel_for_split_300_400_800,300,800,0,1600,3204800,962401,800,3520000,1920000,961600,320000,641600,320000,0,0,0,321600,16981,0.0170
distribute_parallel_for_split_300_400_900,300,900,0,1800,3605400,1082701,900,3840000,2160000,1081800,360000,721800,360000,0,0,0,361800,54594,0.0546
distribute_parallel_for_split_300_500_100,300,100,0,200,500600,150301,100,1600000,240000,150200,50000,100200,50000,0,0,0,50200,5912,0.0059
distribute_parallel_for_split_300_500_200,300,200,0,400,1001200,300601,200,2000000,480000,300400,100000,200400,100000,0,0,0,100400,20623,0.0206
distribute_parallel_for_split_300_500_300,300,300,0,600,1501800,450901,300,2400000,720000,450600,150000,300600,150000,0,0,0,150600,25370,0.0254
distribute_parallel_for_split_300_500_400,300,400,0,800,2002400,601201,400,2800000,960000,600800,200000,400800,200000,0,0,0,200800,44799,0.0448
distribute_parallel_for_split_300_500_500,300,500,0,1000,2503000,751501,500,3200000,1200000,751000,250000,501000,250000,0,0,0,251000,20288,0.0203
distribute_parallel_for_split_300_500_600,300,600,0,1200,3003600,901801,600,3600000,1440000,901200,300000,601200,300000,0,0,0,301200,13095,0.0131
distribute_parallel_for_split_300_500_700,300,700,0,1400,3504200,1052101,700,4000000,1680000,1051400,350000,701400,350000,0,0,0,351400,35755,0.0358
distribute_parallel_for_split_300_500_800,300,800,0,1600,4004800,1202401,800,4400000,1920000,1201600,400000,801600,400000,0,0,0,401600,110257,0.1103
distribute_parallel_for_split_300_500_900,300,900,0,1800,4505400,1352701,900,4800000,2160000,1351800,450000,901800,450000,0,0,0,451800,37268,0.0373
distribute_parallel_for_split_300_600_100,300,100,0,200,600600,180301,100,1920000,240000,180200,60000,120200,60000,0,0,0,60200,6006,0.0060
distribute_parallel_for_split_300_600_200,300,200,0,400,1201200,360601,200,2400000,480000,360400,120000,240400,120000,0,0,0,120400,7982,0.0080
distribute_parallel_for_split_300_600_300,300,300,0,600,1801800,540901,300,2880000,720000,540600,180000,360600,180000,0,0,0,180600,42122,0.0421
distribute_parallel_for_split_300_600_400,300,400,0,800,2402400,721201,400,3360000,960000,720800,240000,480800,240000,0,0,0,240800,79267,0.0793
distribute_parallel_for_split_300_600_500,300,500,0,1000,3003000,901501,500,3840000,1200000,901000,300000,601000,300000,0,0,0,301000,20061,0.0201
distribute_parallel_for_split_300_600_600,300,600,0,1200,3603600,1081801,600,4320000,1440000,1081200,360000,721200,360000,0,0,0,361200,14167,0.0142
distribute_parallel_for_split_300_600_700,300,700,0,1400,4204200,1262101,700,4800000,1680000,1261400,420000,841400,420000,0,0,0,421400,39172,0.0392
distribute_parallel_for_split_300_600_800,300,800,0,1600,4804800,1442401,800,5280000,1920000,1441600,480000,961600,480000,0,0,0,481600,18087,0.0181
distribute_parallel_for_split_300_600_900,300,900,0,1800,5405400,1622701,900,5760000,2160000,1621800,540000,1081800,540000,0,0,0,541800,18783,0.0188
distribute_parallel_for_split_300_700_100,300,100,0,200,700600,210301,100,2240000,240000,210200,70000,140200,70000,0,0,0,70200,6484,0.0065
distribute_parallel_for_split_300_700_200,300,200,0,400,1401200,420601,200,2800000,480000,420400,140000,280400,140000,0,0,0,140400,42291,0.0423
distribute_parallel_for_split_300_700_300,300,300,0,600,2101800,630901,300,3360000,720000,630600,210000,420600,210000,0,0,0,210600,34963,0.0350
distribute_parallel_for_split_300_700_400,300,400,0,800,2802400,841201,400,3920000,960000,840800,280000,560800,280000,0,0,0,280800,24459,0.0245
distribute_parallel_for_split_300_700_500,300,500,0,1000,3503000,1051501,500,4480000,1200000,1051000,350000,701000,350000,0,0,0,351000,30564,0.0306
distribute_parallel_for_split_300_700_600,300,600,0,1200,4203600,1261801,600,5040000,1440000,1261200,420000,841200,420000,0,0,0,421200,14360,0.0144
distribute_parallel_for_split_300_700_700,300,700,0,1400,4904200,1472101,700,5600000,1680000,1471400,490000,981400,490000,0,0,0,491400,28990,0.0290
distribute_parallel_for_split_300_700_800,300,800,0,1600,5604800,1682401,800,6160000,1920000,1681600,560000,1121600,560000,0,0,0,561600,40710,0.0407
distribute_parallel_for_split_300_700_900,300,900,0,1800,6305400,1892701,900,6720000,2160000,1891800,630000,1261800,630000,0,0,0,631800,82578,0.0826
distribute_parallel_for_split_300_800_100,300,100,0,200,800600,240301,100,2560000,240000,240200,80000,160200,80000,0,0,0,80200,14149,0.0141
distribute_parallel_for_split_300_800_200,300,200,0,400,1601200,480601,200,3200000,480000,480400,160000,320400,160000,0,0,0,160400,8117,0.0081
distribute_parallel_for_split_300_800_300,300,300,0,600,2401800,720901,300,3840000,720000,720600,240000,480600,240000,0,0,0,240600,14111,0.0141
distribute_parallel_for_split_300_800_400,300,400,0,800,3202400,961201,400,4480000,960000,960800,320000,640800,320000,0,0,0,320800,11689,0.0117
distribute_parallel_for_split_300_800_500,300,500,0,1000,4003000,1201501,500,5120000,1200000,1201000,400000,801000,400000,0,0,0,401000,14244,0.0142
distribute_parallel_for_split_300_800_600,300,600,0,1200,4803600,1441801,600,5760000,1440000,1441200,480000,961200,480000,0,0,0,481200,18502,0.0185
distribute_parallel_for_split_300_800_700,300,700,0,1400,5604200,1682101,700,6400000,1680000,1681400,560000,1121400,560000,0,0,0,561400,63552,0.0636
distribute_parallel_for_split_300_800_800,300,800,0,1600,6404800,1922401,800,7040000,1920000,1921600,640000,1281600,640000,0,0,0,641600,112538,0.1125
distribute_parallel_for_split_300_800_900,300,900,0,1800,7205400,2162701,900,7680000,2160000,2161800,720000,1441800,720000,0,0,0,721800,39085,0.0391
distribute_parallel_for_split_300_900_100,300,100,0,200,900600,270301,100,2880000,240000,270200,90000,180200,90000,0,0,0,90200,12636,0.0126
distribute_parallel_for_split_300_900_200,300,200,0,400,1801200,540601,200,3600000,480000,540400,180000,360400,180000,0,0,0,180400,9023,0.0090
distribute_parallel_for_split_300_900_300,300,300,0,600,2701800,810901,300,4320000,720000,810600,270000,540600,270000,0,0,0,270600,11874,0.0119
distribute_parallel_for_split_300_900_400,300,400,0,800,3602400,1081201,400,5040000,960000,1080800,360000,720800,360000,0,0,0,360800,19362,0.0194
distribute_parallel_for_split_300_900_500,300,500,0,1000,4503000,1351501,500,5760000,1200000,1351000,450000,901000,450000,0,0,0,451000,53098,0.0531
distribute_parallel_for_split_300_900_600,300,600,0,1200,5403600,1621801,600,6480000,1440000,1621200,540000,1081200,540000,0,0,0,541200,20341,0.0203
distribute_parallel_for_split_300_900_700,300,700,0,1400,6304200,1892101,700,7200000,1680000,1891400,630000,1261400,630000,0,0,0,631400,32605,0.0326
distribute_parallel_for_split_300_900_800,300,800,0,1600,7204800,2162401,800,7920000,1920000,2161600,720000,1441600,720000,0,0,0,721600,44475,0.0445
distribute_parallel_for_split_300_900_900,300,900,0,1800,8105400,2432701,900,8640000,2160000,2431800,810000,1621800,810000,0,0,0,811800,56445,0.0564
distribute_parallel_for_split_3200_1200_1200,3200,1200,0,2400,14407200,4323601,1200,42240000,30720000,4322400,1440000,2882400,1440000,0,0,0,1442400,193701,0.1937
distribute_parallel_for_split_3200_1200_1700,3200,1700,0,3400,20410200,6125101,1700,47040000,43520000,6123400,2040000,4083400,2040000,0,0,0,2043400,208352,0.2084
distribute_parallel_for_split_3200_1200_2200,3200,2200,0,4400,26413200,7926601,2200,51840000,56320000,7924400,2640000,5284400,2640000,0,0,0,2644400,237581,0.2376
distribute_parallel_for_split_3200_1200_2700,3200,2700,0,5400,32416200,9728101,2700,56640000,69120000,9725400,3240000,6485400,3240000,0,0,0,3245400,464934,0.4649
distribute_parallel_for_split_3200_1200_3200,3200,3200,0,6400,38419200,11529601,3200,61440000,81920000,11526400,3840000,7686400,3840000,0,0,0,3846400,581376,0.5814
distribute_parallel_for_split_3200_1200_3700,3200,3700,0,7400,44422200,13331101,3700,66240000,94720000,13327400,4440000,8887400,4440000,0,0,0,4447400,517977,0.5180
distribute_parallel_for_split_3200_1200_4200,3200,4200,0,8400,50425200,15132601,4200,71040000,107520000,15128400,5040000,10088400,5040000,0,0,0,5048400,456269,0.4563
distribute_parallel_for_split_3200_1700_1200,3200,1200,0,2400,20407200,6123601,1200,59840000,30720000,6122400,2040000,4082400,2040000,0,0,0,2042400,399857,0.3999
distribute_parallel_for_split_3200_1700_1700,3200,1700,0,3400,28910200,8675101,1700,66640000,43520000,8673400,2890000,5783400,2890000,0,0,0,2893400,433732,0.4337
distribute_parallel_for_split_3200_1700_2200,3200,2200,0,4400,37413200,11226601,2200,73440000,56320000,11224400,3740000,7484400,3740000,0,0,0,3744400,344715,0.3447
distribute_parallel_for_split_3200_1700_2700,3200,2700,0,5400,45916200,13778101,2700,80240000,69120000,13775400,4590000,9185400,4590000,0,0,0,4595400,643396,0.6434
distribute_parallel_for_split_3200_1700_3200,3200,3200,0,6400,54419200,16329601,3200,87040000,81920000,16326400,5440000,10886400,5440000,0,0,0,5446400,815309,0.8153
distribute_parallel_for_split_3200_1700_3700,3200,3700,0,7400,62922200,18881101,3700,93840000,94720000,18877400,6290000,12587400,6290000,0,0,0,6297400,618478,0.6185
distribute_parallel_for_split_3200_1700_4200,3200,4200,0,8400,71425200,21432601,4200,100640000,107520000,21428400,7140000,14288400,7140000,0,0,0,7148400,635314,0.6353
distribute_parallel_for_split_3200_2200_1200,3200,1200,0,2400,26407200,7923601,1200,77440000,30720000,7922400,2640000,5282400,2640000,0,0,0,2642400,301480,0.3015
distribute_parallel_for_split_3200_2200_1700,3200,1700,0,3400,37410200,11225101,1700,86240000,43520000,11223400,3740000,7483400,3740000,0,0,0,3743400,402848,0.4028
distribute_parallel_for_split_3200_2200_2200,3200,2200,0,4400,48413200,14526601,2200,95040000,56320000,14524400,4840000,9684400,4840000,0,0,0,4844400,510471,0.5105
distribute_parallel_for_split_3200_2200_2700,3200,2700,0,5400,59416200,17828101,2700,103840000,69120000,17825400,5940000,11885400,5940000,0,0,0,5945400,541580,0.5416
distribute_parallel_for_split_3200_2200_3200,3200,3200,0,6400,70419200,21129601,3200,112640000,81920000,21126400,7040000,14086400,7040000,0,0,0,7046400,875454,0.8755
distribute_parallel_for_split_3200_2200_3700,3200,3700,0,7400,81422200,24431101,3700,121440000,94720000,24427400,8140000,16287400,8140000,0,0,0,8147400,842462,0.8425
distribute_parallel_for_split_3200_2200_4200,3200,4200,0,8400,92425200,27732601,4200,130240000,107520000,27728400,9240000,18488400,9240000,0,0,0,9248400,1158060,1.1581
distribute_parallel_for_split_3200_2700_1200,3200,1200,0,2400,32407200,9723601,1200,95040000,30720000,9722400,3240000,6482400,3240000,0,0,0,3242400,349987,0.3500
distribute_parallel_for_split_3200_2700_1700,3200,1700,0,3400,45910200,13775101,1700,105840000,43520000,13773400,4590000,9183400,4590000,0,0,0,4593400,614980,0.6150
distribute_parallel_for_split_3200_2700_2200,3200,2200,0,4400,59413200,17826601,2200,116640000,56320000,17824400,5940000,11884400,5940000,0,0,0,5944400,592737,0.5927
distribute_parallel_for_split_3200_2700_2700,3200,2700,0,5400,72916200,21878101,2700,127440000,69120000,21875400,7290000,14585400,7290000,0,0,0,7295400,863767,0.8638
distribute_parallel_for_split_3200_2700_3200,3200,3200,0,6400,86419200,25929601,3200,138240000,81920000,25926400,8640000,17286400,8640000,0,0,0,8646400,749443,0.7494
distribute_parallel_for_split_3200_2700_3700,3200,3700,0,7400,99922200,29981101,3700,149040000,94720000,29977400,9990000,19987400,9990000,0,0,0,9997400,878339,0.8783
distribute_parallel_for_split_3200_2700_4200,3200,4200,0,8400,113425200,34032601,4200,159840000,107520000,34028400,11340000,22688400,11340000,0,0,0,11348400,1022566,1.0226
distribute_parallel_for_split_3200_3200_1200,3200,1200,0,2400,38407200,11523601,1200,112640000,30720000,11522400,3840000,7682400,3840000,0,0,0,3842400,384189,0.3842
distribute_parallel_for_split_3200_3200_1700,3200,1700,0,3400,54410200,16325101,1700,125440000,43520000,16323400,5440000,10883400,5440000,0,0,0,5443400,588929,0.5889
distribute_parallel_for_split_3200_3200_2200,3200,2200,0,4400,70413200,21126601,2200,138240000,56320000,21124400,7040000,14084400,7040000,0,0,0,7044400,872538,0.8725
distribute_parallel_for_split_3200_3200_2700,3200,2700,0,5400,86416200,25928101,2700,151040000,69120000,25925400,8640000,17285400,8640000,0,0,0,8645400,1147988,1.1480
distribute_parallel_for_split_3200_3200_3200,3200,3200,0,6400,102419200,30729601,3200,163840000,81920000,30726400,10240000,20486400,10240000,0,0,0,10246400,949770,0.9498
distribute_parallel_for_split_3200_3200_3700,3200,3700,0,7400,118422200,35531101,3700,176640000,94720000,35527400,11840000,23687400,11840000,0,0,0,11847400,1099853,1.0999
distribute_parallel_for_split_3200_3200_4200,3200,4200,0,8400,134425200,40332601,4200,189440000,107520000,40328400,13440000,26888400,13440000,0,0,0,13448400,1663630,1.6636
distribute_parallel_for_split_3200_3700_1200,3200,1200,0,2400,44407200,13323601,1200,130240000,30720000,13322400,4440000,8882400,4440000,0,0,0,4442400,426751,0.4268
distribute_parallel_for_split_3200_3700_1700,3200,1700,0,3400,62910200,18875101,1700,145040000,43520000,18873400,6290000,12583400,6290000,0,0,0,6293400,554438,0.5544
distribute_parallel_for_split_3200_3700_2200,3200,2200,0,4400,81413200,24426601,2200,159840000,56320000,24424400,8140000,16284400,8140000,0,0,0,8144400,779436,0.7794
distribute_parallel_for_split_3200_3700_2700,3200,2700,0,5400,99916200,29978101,2700,174640000,69120000,29975400,9990000,19985400,9990000,0,0,0,9995400,1143146,1.1431
distribute_parallel_for_split_3200_3700_3200,3200,3200,0,6400,118419200,35529601,3200,189440000,81920000,35526400,11840000,23686400,11840000,0,0,0,11846400,1070773,1.0708
distribute_parallel_for_split_3200_3700_3700,3200,3700,0,7400,136922200,41081101,3700,204240000,94720000,41077400,13690000,27387400,13690000,0,0,0,13697400,1181723,1.1817
distribute_parallel_for_split_3200_3700_4200,3200,4200,0,8400,155425200,46632601,4200,219040000,107520000,46628400,15540000,31088400,15540000,0,0,0,15548400,1604983,1.6050
distribute_parallel_for_split_3250_1250_1250,3250,1250,0,2500,15632500,4691251,1250,45000000,32500000,4690000,1562500,3127500,1562500,0,0,0,1565000,293940,0.2939
distribute_parallel_for_split_3250_1250_1750,3250,1750,0,3500,21885500,6567751,1750,50000000,45500000,6566000,2187500,4378500,2187500,0,0,0,2191000,212229,0.2122
distribute_parallel_for_split_3250_1250_2250,3250,2250,0,4500,28138500,8444251,2250,55000000,58500000,8442000,2812500,5629500,2812500,0,0,0,2817000,250591,0.2506
distribute_parallel_for_split_3250_1250_2750,3250,2750,0,5500,34391500,10320751,2750,60000000,71500000,10318000,3437500,6880500,3437500,0,0,0,3443000,315804,0.3158
distribute_parallel_for_split_3250_1250_3250,3250,3250,0,6500,40644500,12197251,3250,65000000,84500000,12194000,4062500,8131500,4062500,0,0,0,4069000,683694,0.6837
distribute_parallel_for_split_3250_1250_3750,3250,3750,0,7500,46897500,14073751,3750,70000000,97500000,14070000,4687500,9382500,4687500,0,0,0,4695000,478748,0.4787
distribute_parallel_for_split_3250_1250_4250,3250,4250,0,8500,53150500,15950251,4250,75000000,110500000,15946000,5312500,10633500,5312500,0,0,0,5321000,468290,0.4683
distribute_parallel_for_split_3250_1750_1250,3250,1250,0,2500,21882500,6566251,1250,63000000,32500000,6565000,2187500,4377500,2187500,0,0,0,2190000,319596,0.3196
distribute_parallel_for_split_3250_1750_1750,3250,1750,0,3500,30635500,9192751,1750,70000000,45500000,9191000,3062500,6128500,3062500,0,0,0,3066000,452472,0.4525
distribute_parallel_for_split_3250_1750_2250,3250,2250,0,4500,39388500,11819251,2250,77000000,58500000,11817000,3937500,7879500,3937500,0,0,0,3942000,368581,0.3686
distribute_parallel_for_split_3250_1750_2750,3250,2750,0,5500,48141500,14445751,2750,84000000,71500000,14443000,4812500,9630500,4812500,0,0,0,4818000,548264,0.5483
distribute_parallel_for_split_3250_1750_3250,3250,3250,0,6500,56894500,17072251,3250,91000000,84500000,17069000,5687500,11381500,5687500,0,0,0,5694000,521080,0.5211
distribute_parallel_for_split_3250_1750_3750,3250,3750,0,7500,65647500,19698751,3750,98000000,97500000,19695000,6562500,13132500,6562500,0,0,0,6570000,610041,0.6100
distribute_parallel_for_split_3250_1750_4250,3250,4250,0,8500,74400500,22325251,4250,105000000,110500000,22321000,7437500,14883500,7437500,0,0,0,7446000,1063667,1.0637
distribute_parallel_for_split_3250_2250_1250,3250,1250,0,2500,28132500,8441251,1250,81000000,32500000,8440000,2812500,5627500,2812500,0,0,0,2815000,335962,0.3360
distribute_parallel_for_split_3250_2250_1750,3250,1750,0,3500,39385500,11817751,1750,90000000,45500000,11816000,3937500,7878500,3937500,0,0,0,3941000,360939,0.3609
distribute_parallel_for_split_3250_2250_2250,3250,2250,0,4500,50638500,15194251,2250,99000000,58500000,15192000,5062500,10129500,5062500,0,0,0,5067000,530351,0.5304
distribute_parallel_for_split_3250_2250_2750,3250,2750,0,5500,61891500,18570751,2750,108000000,71500000,18568000,6187500,12380500,6187500,0,0,0,6193000,575842,0.5758
distribute_parallel_for_split_3250_2250_3250,3250,3250,0,6500,73144500,21947251,3250,117000000,84500000,21944000,7312500,14631500,7312500,0,0,0,7319000,738698,0.7387
distribute_parallel_for_split_3250_2250_3750,3250,3750,0,7500,84397500,25323751,3750,126000000,97500000,25320000,8437500,16882500,8437500,0,0,0,8445000,722544,0.7225
distribute_parallel_for_split_3250_2250_4250,3250,4250,0,8500,95650500,28700251,4250,135000000,110500000,28696000,9562500,19133500,9562500,0,0,0,9571000,873841,0.8738
distribute_parallel_for_split_3250_2750_1250,3250,1250,0,2500,34382500,10316251,1250,99000000,32500000,10315000,3437500,6877500,3437500,0,0,0,3440000,317388,0.3174
distribute_parallel_for_split_3250_2750_1750,3250,1750,0,3500,48135500,14442751,1750,110000000,45500000,14441000,4812500,9628500,4812500,0,0,0,4816000,643469,0.6435
distribute_parallel_for_split_3250_2750_2250,3250,2250,0,4500,61888500,18569251,2250,121000000,58500000,18567000,6187500,12379500,6187500,0,0,0,6192000,842793,0.8428
distribute_parallel_for_split_3250_2750_2750,3250,2750,0,5500,75641500,22695751,2750,132000000,71500000,22693000,7562500,15130500,7562500,0,0,0,7568000,695495,0.6955
distribute_parallel_for_split_3250_2750_3250,3250,3250,0,6500,89394500,26822251,3250,143000000,84500000,26819000,8937500,17881500,8937500,0,0,0,8944000,751762,0.7518
distribute_parallel_for_split_3250_2750_3750,3250,3750,0,7500,103147500,30948751,3750,154000000,97500000,30945000,10312500,20632500,10312500,0,0,0,10320000,946243,0.9462
distribute_parallel_for_split_3250_2750_4250,3250,4250,0,8500,116900500,35075251,4250,165000000,110500000,35071000,11687500,23383500,11687500,0,0,0,11696000,1193347,1.1933
distribute_parallel_for_split_3250_3250_1250,3250,1250,0,2500,40632500,12191251,1250,117000000,32500000,12190000,4062500,8127500,4062500,0,0,0,4065000,397364,0.3974
distribute_parallel_for_split_3250_3250_1750,3250,1750,0,3500,56885500,17067751,1750,130000000,45500000,17066000,5687500,11378500,5687500,0,0,0,5691000,506237,0.5062
distribute_parallel_for_split_3250_3250_2250,3250,2250,0,4500,73138500,21944251,2250,143000000,58500000,21942000,7312500,14629500,7312500,0,0,0,7317000,731736,0.7317
distribute_parallel_for_split_3250_3250_2750,3250,2750,0,5500,89391500,26820751,2750,156000000,71500000,26818000,8937500,17880500,8937500,0,0,0,8943000,859895,0.8599
distribute_parallel_for_split_3250_3250_3250,3250,3250,0,6500,105644500,31697251,3250,169000000,84500000,31694000,10562500,21131500,10562500,0,0,0,10569000,1338182,1.3382
distribute_parallel_for_split_3250_3250_3750,3250,3750,0,7500,121897500,36573751,3750,182000000,97500000,36570000,12187500,24382500,12187500,0,0,0,12195000,1236496,1.2365
distribute_parallel_for_split_3250_3250_4250,3250,4250,0,8500,138150500,41450251,4250,195000000,110500000,41446000,13812500,27633500,13812500,0,0,0,13821000,1541572,1.5416
distribute_parallel_for_split_3250_3750_1250,3250,1250,0,2500,46882500,14066251,1250,135000000,32500000,14065000,4687500,9377500,4687500,0,0,0,4690000,534480,0.5345
distribute_parallel_for_split_3250_3750_1750,3250,1750,0,3500,65635500,19692751,1750,150000000,45500000,19691000,6562500,13128500,6562500,0,0,0,6566000,839434,0.8394
distribute_parallel_for_split_3250_3750_2250,3250,2250,0,4500,84388500,25319251,2250,165000000,58500000,25317000,8437500,16879500,8437500,0,0,0,8442000,731273,0.7313
distribute_parallel_for_split_3250_3750_2750,3250,2750,0,5500,103141500,30945751,2750,180000000,71500000,30943000,10312500,20630500,10312500,0,0,0,10318000,859617,0.8596
distribute_parallel_for_split_3250_3750_3250,3250,3250,0,6500,121894500,36572251,3250,195000000,84500000,36569000,12187500,24381500,12187500,0,0,0,12194000,1178433,1.1784
distribute_parallel_for_split_3250_3750_3750,3250,3750,0,7500,140647500,42198751,3750,210000000,97500000,42195000,14062500,28132500,14062500,0,0,0,14070000,1658402,1.6584
distribute_parallel_for_split_3250_3750_4250,3250,4250,0,8500,159400500,47825251,4250,225000000,110500000,47821000,15937500,31883500,15937500,0,0,0,15946000,1350638,1.3506
distribute_parallel_for_split_3250_4250_1250,3250,1250,0,2500,53132500,15941251,1250,153000000,32500000,15940000,5312500,10627500,5312500,0,0,0,5315000,553276,0.5533
distribute_parallel_for_split_3250_4250_1750,3250,1750,0,3500,74385500,22317751,1750,170000000,45500000,22316000,7437500,14878500,7437500,0,0,0,7441000,903034,0.9030
distribute_parallel_for_split_3250_4250_2250,3250,2250,0,4500,95638500,28694251,2250,187000000,58500000,28692000,9562500,19129500,9562500,0,0,0,9567000,849120,0.8491
distribute_parallel_for_split_3250_4250_2750,3250,2750,0,5500,116891500,35070751,2750,204000000,71500000,35068000,11687500,23380500,11687500,0,0,0,11693000,1680326,1.6803
distribute_parallel_for_split_3250_4250_3250,3250,3250,0,6500,138144500,41447251,3250,221000000,84500000,41444000,13812500,27631500,13812500,0,0,0,13819000,1439266,1.4393
distribute_parallel_for_split_3250_4250_3750,3250,3750,0,7500,159397500,47823751,3750,238000000,97500000,47820000,15937500,31882500,15937500,0,0,0,15945000,1575446,1.5754
distribute_parallel_for_split_3250_4250_4250,3250,4250,0,8500,180650500,54200251,4250,255000000,110500000,54196000,18062500,36133500,18062500,0,0,0,18071000,1815935,1.8159
distribute_parallel_for_split_3400_1400_1400,3400,1400,0,2800,19608400,5884201,1400,53760000,38080000,5882800,1960000,3922800,1960000,0,0,0,1962800,349105,0.3491
distribute_parallel_for_split_3400_1400_1900,3400,1900,0,3800,26611400,7985701,1900,59360000,51680000,7983800,2660000,5323800,2660000,0,0,0,2663800,279206,0.2792
distribute_parallel_for_split_3400_1400_2400,3400,2400,0,4800,33614400,10087201,2400,64960000,65280000,10084800,3360000,6724800,3360000,0,0,0,3364800,321596,0.3216
distribute_parallel_for_split_3400_1400_2900,3400,2900,0,5800,40617400,12188701,2900,70560000,78880000,12185800,4060000,8125800,4060000,0,0,0,4065800,643454,0.6435
distribute_parallel_for_split_3400_1400_3400,3400,3400,0,6800,47620400,14290201,3400,76160000,92480000,14286800,4760000,9526800,4760000,0,0,0,4766800,444632,0.4446
distribute_parallel_for_split_3400_1400_3900,3400,3900,0,7800,54623400,16391701,3900,81760000,106080000,16387800,5460000,10927800,5460000,0,0,0,5467800,492273,0.4923
distribute_parallel_for_split_3400_1400_900,3400,900,0,1800,12605400,3782701,900,48160000,24480000,3781800,1260000,2521800,1260000,0,0,0,1261800,131573,0.1316
distribute_parallel_for_split_3400_1900_1400,3400,1400,0,2800,26608400,7984201,1400,72960000,38080000,7982800,2660000,5322800,2660000,0,0,0,2662800,260957,0.2610
distribute_parallel_for_split_3400_1900_1900,3400,1900,0,3800,36111400,10835701,1900,80560000,51680000,10833800,3610000,7223800,3610000,0,0,0,3613800,460290,0.4603
distribute_parallel_for_split_3400_1900_2400,3400,2400,0,4800,45614400,13687201,2400,88160000,65280000,13684800,4560000,9124800,4560000,0,0,0,4564800,522712,0.5227
distribute_parallel_for_split_3400_1900_2900,3400,2900,0,5800,55117400,16538701,2900,95760000,78880000,16535800,5510000,11025800,5510000,0,0,0,5515800,1192904,1.1929
distribute_parallel_for_split_3400_1900_3400,3400,3400,0,6800,64620400,19390201,3400,103360000,92480000,19386800,6460000,12926800,6460000,0,0,0,6466800,587856,0.5879
distribute_parallel_for_split_3400_1900_3900,3400,3900,0,7800,74123400,22241701,3900,110960000,106080000,22237800,7410000,14827800,7410000,0,0,0,7417800,799144,0.7991
distribute_parallel_for_split_3400_1900_900,3400,900,0,1800,17105400,5132701,900,65360000,24480000,5131800,1710000,3421800,1710000,0,0,0,1711800,268059,0.2681
distribute_parallel_for_split_3400_2400_1400,3400,1400,0,2800,33608400,10084201,1400,92160000,38080000,10082800,3360000,6722800,3360000,0,0,0,3362800,427709,0.4277
distribute_parallel_for_split_3400_2400_1900,3400,1900,0,3800,45611400,13685701,1900,101760000,51680000,13683800,4560000,9123800,4560000,0,0,0,4563800,669146,0.6691
distribute_parallel_for_split_3400_2400_2400,3400,2400,0,4800,57614400,17287201,2400,111360000,65280000,17284800,5760000,11524800,5760000,0,0,0,5764800,729227,0.7292
distribute_parallel_for_split_3400_2400_2900,3400,2900,0,5800,69617400,20888701,2900,120960000,78880000,20885800,6960000,13925800,6960000,0,0,0,6965800,650613,0.6506
distribute_parallel_for_split_3400_2400_3400,3400,3400,0,6800,81620400,24490201,3400,130560000,92480000,24486800,8160000,16326800,8160000,0,0,0,8166800,1129337,1.1293
distribute_parallel_for_split_3400_2400_3900,3400,3900,0,7800,93623400,28091701,3900,140160000,106080000,28087800,9360000,18727800,9360000,0,0,0,9367800,1134047,1.1340
distribute_parallel_for_split_3400_2400_900,3400,900,0,1800,21605400,6482701,900,82560000,24480000,6481800,2160000,4321800,2160000,0,0,0,2161800,238904,0.2389
distribute_parallel_for_split_3400_2900_1400,3400,1400,0,2800,40608400,12184201,1400,111360000,38080000,12182800,4060000,8122800,4060000,0,0,0,4062800,381073,0.3811
distribute_parallel_for_split_3400_2900_1900,3400,1900,0,3800,55111400,16535701,1900,122960000,51680000,16533800,5510000,11023800,5510000,0,0,0,5513800,528807,0.5288
distribute_parallel_for_split_3400_2900_2400,3400,2400,0,4800,69614400,20887201,2400,134560000,65280000,20884800,6960000,13924800,6960000,0,0,0,6964800,598514,0.5985
distribute_parallel_for_split_3400_2900_2900,3400,2900,0,5800,84117400,25238701,2900,146160000,78880000,25235800,8410000,16825800,8410000,0,0,0,8415800,826952,0.8270
distribute_parallel_for_split_3400_2900_3400,3400,3400,0,6800,98620400,29590201,3400,157760000,92480000,29586800,9860000,19726800,9860000,0,0,0,9866800,1235762,1.2358
distribute_parallel_for_split_3400_2900_3900,3400,3900,0,7800,113123400,33941701,3900,169360000,106080000,33937800,11310000,22627800,11310000,0,0,0,11317800,1289602,1.2896
distribute_parallel_for_split_3400_2900_900,3400,900,0,1800,26105400,7832701,900,99760000,24480000,7831800,2610000,5221800,2610000,0,0,0,2611800,354220,0.3542
distribute_parallel_for_split_3400_3400_1400,3400,1400,0,2800,47608400,14284201,1400,130560000,38080000,14282800,4760000,9522800,4760000,0,0,0,4762800,437598,0.4376
distribute_parallel_for_split_3400_3400_1900,3400,1900,0,3800,64611400,19385701,1900,144160000,51680000,19383800,6460000,12923800,6460000,0,0,0,6463800,687228,0.6872
distribute_parallel_for_split_3400_3400_2400,3400,2400,0,4800,81614400,24487201,2400,157760000,65280000,24484800,8160000,16324800,8160000,0,0,0,8164800,884630,0.8846
distribute_parallel_for_split_3400_3400_2900,3400,2900,0,5800,98617400,29588701,2900,171360000,78880000,29585800,9860000,19725800,9860000,0,0,0,9865800,898975,0.8990
distribute_parallel_for_split_3400_3400_3400,3400,3400,0,6800,115620400,34690201,3400,184960000,92480000,34686800,11560000,23126800,11560000,0,0,0,11566800,1466355,1.4664
distribute_parallel_for_split_3400_3400_3900,3400,3900,0,7800,132623400,39791701,3900,198560000,106080000,39787800,13260000,26527800,13260000,0,0,0,13267800,1179239,1.1792
distribute_parallel_for_split_3400_3400_900,3400,900,0,1800,30605400,9182701,900,116960000,24480000,9181800,3060000,6121800,3060000,0,0,0,3061800,526884,0.5269
distribute_parallel_for_split_3400_3900_1400,3400,1400,0,2800,54608400,16384201,1400,149760000,38080000,16382800,5460000,10922800,5460000,0,0,0,5462800,625067,0.6251
distribute_parallel_for_split_3400_3900_1900,3400,1900,0,3800,74111400,22235701,1900,165360000,51680000,22233800,7410000,14823800,7410000,0,0,0,7413800,906759,0.9068
distribute_parallel_for_split_3400_3900_2400,3400,2400,0,4800,93614400,28087201,2400,180960000,65280000,28084800,9360000,18724800,9360000,0,0,0,9364800,1243143,1.2431
distribute_parallel_for_split_3400_3900_2900,3400,2900,0,5800,113117400,33938701,2900,196560000,78880000,33935800,11310000,22625800,11310000,0,0,0,11315800,1096368,1.0964
distribute_parallel_for_split_3400_3900_3400,3400,3400,0,6800,132620400,39790201,3400,212160000,92480000,39786800,13260000,26526800,13260000,0,0,0,13266800,1162510,1.1625
distribute_parallel_for_split_3400_3900_3900,3400,3900,0,7800,152123400,45641701,3900,227760000,106080000,45637800,15210000,30427800,15210000,0,0,0,15217800,1579182,1.5792
distribute_parallel_for_split_3400_3900_900,3400,900,0,1800,35105400,10532701,900,134160000,24480000,10531800,3510000,7021800,3510000,0,0,0,3511800,339292,0.3393
distribute_parallel_for_split_3400_900_1400,3400,1400,0,2800,12608400,3784201,1400,34560000,38080000,3782800,1260000,2522800,1260000,0,0,0,1262800,153425,0.1534
distribute_parallel_for_split_3400_900_1900,3400,1900,0,3800,17111400,5135701,1900,38160000,51680000,5133800,1710000,3423800,1710000,0,0,0,1713800,172796,0.1728
distribute_parallel_for_split_3400_900_2400,3400,2400,0,4800,21614400,6487201,2400,41760000,65280000,6484800,2160000,4324800,2160000,0,0,0,2164800,226959,0.2270
distribute_parallel_for_split_3400_900_2900,3400,2900,0,5800,26117400,7838701,2900,45360000,78880000,7835800,2610000,5225800,2610000,0,0,0,2615800,446186,0.4462
distribute_parallel_for_split_3400_900_3400,3400,3400,0,6800,30620400,9190201,3400,48960000,92480000,9186800,3060000,6126800,3060000,0,0,0,3066800,461478,0.4615
distribute_parallel_for_split_3400_900_3900,3400,3900,0,7800,35123400,10541701,3900,52560000,106080000,10537800,3510000,7027800,3510000,0,0,0,3517800,346702,0.3467
distribute_parallel_for_split_3400_900_900,3400,900,0,1800,8105400,2432701,900,30960000,24480000,2431800,810000,1621800,810000,0,0,0,811800,139849,0.1398
distribute_parallel_for_split_3500_1000_1000,3500,1000,0,2000,10006000,3003001,1000,36000000,28000000,3002000,1000000,2002000,1000000,0,0,0,1002000,133466,0.1335
distribute_parallel_for_split_3500_1000_1500,3500,1500,0,3000,15009000,4504501,1500,40000000,42000000,4503000,1500000,3003000,1500000,0,0,0,1503000,157638,0.1576
distribute_parallel_for_split_3500_1000_2000,3500,2000,0,4000,20012000,6006001,2000,44000000,56000000,6004000,2000000,4004000,2000000,0,0,0,2004000,511680,0.5117
distribute_parallel_for_split_3500_1000_2500,3500,2500,0,5000,25015000,7507501,2500,48000000,70000000,7505000,2500000,5005000,2500000,0,0,0,2505000,263098,0.2631
distribute_parallel_for_split_3500_1000_3000,3500,3000,0,6000,30018000,9009001,3000,52000000,84000000,9006000,3000000,6006000,3000000,0,0,0,3006000,487440,0.4874
distribute_parallel_for_split_3500_1000_3500,3500,3500,0,7000,35021000,10510501,3500,56000000,98000000,10507000,3500000,7007000,3500000,0,0,0,3507000,500919,0.5009
distribute_parallel_for_split_3500_1000_4000,3500,4000,0,8000,40024000,12012001,4000,60000000,112000000,12008000,4000000,8008000,4000000,0,0,0,4008000,497878,0.4979
distribute_parallel_for_split_3500_1500_1000,3500,1000,0,2000,15006000,4503001,1000,54000000,28000000,4502000,1500000,3002000,1500000,0,0,0,1502000,149259,0.1493
distribute_parallel_for_split_3500_1500_1500,3500,1500,0,3000,22509000,6754501,1500,60000000,42000000,6753000,2250000,4503000,2250000,0,0,0,2253000,308648,0.3086
distribute_parallel_for_split_3500_1500_2000,3500,2000,0,4000,30012000,9006001,2000,66000000,56000000,9004000,3000000,6004000,3000000,0,0,0,3004000,338587,0.3386
distribute_parallel_for_split_3500_1500_2500,3500,2500,0,5000,37515000,11257501,2500,72000000,70000000,11255000,3750000,7505000,3750000,0,0,0,3755000,652192,0.6522
distribute_parallel_for_split_3500_1500_3000,3500,3000,0,6000,45018000,13509001,3000,78000000,84000000,13506000,4500000,9006000,4500000,0,0,0,4506000,638514,0.6385
distribute_parallel_for_split_3500_1500_3500,3500,3500,0,7000,52521000,15760501,3500,84000000,98000000,15757000,5250000,10507000,5250000,0,0,0,5257000,840916,0.8409
distribute_parallel_for_split_3500_1500_4000,3500,4000,0,8000,60024000,18012001,4000,90000000,112000000,18008000,6000000,12008000,6000000,0,0,0,6008000,1030868,1.0309
distribute_parallel_for_split_3500_2000_1000,3500,1000,0,2000,20006000,6003001,1000,72000000,28000000,6002000,2000000,4002000,2000000,0,0,0,2002000,205973,0.2060
distribute_parallel_for_split_3500_2000_1500,3500,1500,0,3000,30009000,9004501,1500,80000000,42000000,9003000,3000000,6003000,3000000,0,0,0,3003000,341458,0.3415
distribute_parallel_for_split_3500_2000_2000,3500,2000,0,4000,40012000,12006001,2000,88000000,56000000,12004000,4000000,8004000,4000000,0,0,0,4004000,416519,0.4165
distribute_parallel_for_split_3500_2000_2500,3500,2500,0,5000,50015000,15007501,2500,96000000,70000000,15005000,5000000,10005000,5000000,0,0,0,5005000,469084,0.4691
distribute_parallel_for_split_3500_2000_3000,3500,3000,0,6000,60018000,18009001,3000,104000000,84000000,18006000,6000000,12006000,6000000,0,0,0,6006000,565490,0.5655
distribute_parallel_for_split_3500_2000_3500,3500,3500,0,7000,70021000,21010501,3500,112000000,98000000,21007000,7000000,14007000,7000000,0,0,0,7007000,644956,0.6450
distribute_parallel_for_split_3500_2000_4000,3500,4000,0,8000,80024000,24012001,4000,120000000,112000000,24008000,8000000,16008000,8000000,0,0,0,8008000,737224,0.7372
distribute_parallel_for_split_3500_2500_1000,3500,1000,0,2000,25006000,7503001,1000,90000000,28000000,7502000,2500000,5002000,2500000,0,0,0,2502000,389604,0.3896
distribute_parallel_for_split_3500_2500_1500,3500,1500,0,3000,37509000,11254501,1500,100000000,42000000,11253000,3750000,7503000,3750000,0,0,0,3753000,363465,0.3635
distribute_parallel_for_split_3500_2500_2000,3500,2000,0,4000,50012000,15006001,2000,110000000,56000000,15004000,5000000,10004000,5000000,0,0,0,5004000,480189,0.4802
distribute_parallel_for_split_3500_2500_2500,3500,2500,0,5000,62515000,18757501,2500,120000000,70000000,18755000,6250000,12505000,6250000,0,0,0,6255000,656171,0.6562
distribute_parallel_for_split_3500_2500_3000,3500,3000,0,6000,75018000,22509001,3000,130000000,84000000,22506000,7500000,15006000,7500000,0,0,0,7506000,907945,0.9079
distribute_parallel_for_split_3500_2500_3500,3500,3500,0,7000,87521000,26260501,3500,140000000,98000000,26257000,8750000,17507000,8750000,0,0,0,8757000,1023991,1.0240
distribute_parallel_for_split_3500_2500_4000,3500,4000,0,8000,100024000,30012001,4000,150000000,112000000,30008000,10000000,20008000,10000000,0,0,0,10008000,865760,0.8658
distribute_parallel_for_split_3500_3000_1000,3500,1000,0,2000,30006000,9003001,1000,108000000,28000000,9002000,3000000,6002000,3000000,0,0,0,3002000,386873,0.3869
distribute_parallel_for_split_3500_3000_1500,3500,1500,0,3000,45009000,13504501,1500,120000000,42000000,13503000,4500000,9003000,4500000,0,0,0,4503000,468615,0.4686
distribute_parallel_for_split_3500_3000_2000,3500,2000,0,4000,60012000,18006001,2000,132000000,56000000,18004000,6000000,12004000,6000000,0,0,0,6004000,790562,0.7906
distribute_parallel_for_split_3500_3000_2500,3500,2500,0,5000,75015000,22507501,2500,144000000,70000000,22505000,7500000,15005000,7500000,0,0,0,7505000,993456,0.9935
distribute_parallel_for_split_3500_3000_3000,3500,3000,0,6000,90018000,27009001,3000,156000000,84000000,27006000,9000000,18006000,9000000,0,0,0,9006000,887802,0.8878
distribute_parallel_for_split_3500_3000_3500,3500,3500,0,7000,105021000,31510501,3500,168000000,98000000,31507000,10500000,21007000,10500000,0,0,0,10507000,1085789,1.0858
distribute_parallel_for_split_3500_3000_4000,3500,4000,0,8000,120024000,36012001,4000,180000000,112000000,36008000,12000000,24008000,12000000,0,0,0,12008000,1141871,1.1419
distribute_parallel_for_split_3500_3500_1000,3500,1000,0,2000,35006000,10503001,1000,126000000,28000000,10502000,3500000,7002000,3500000,0,0,0,3502000,399232,0.3992
distribute_parallel_for_split_3500_3500_1500,3500,1500,0,3000,52509000,15754501,1500,140000000,42000000,15753000,5250000,10503000,5250000,0,0,0,5253000,496044,0.4960
distribute_parallel_for_split_3500_3500_2000,3500,2000,0,4000,70012000,21006001,2000,154000000,56000000,21004000,7000000,14004000,7000000,0,0,0,7004000,826820,0.8268
distribute_parallel_for_split_3500_3500_2500,3500,2500,0,5000,87515000,26257501,2500,168000000,70000000,26255000,8750000,17505000,8750000,0,0,0,8755000,1213843,1.2138
distribute_parallel_for_split_3500_3500_3000,3500,3000,0,6000,105018000,31509001,3000,182000000,84000000,31506000,10500000,21006000,10500000,0,0,0,10506000,974459,0.9745
distribute_parallel_for_split_3500_3500_3500,3500,3500,0,7000,122521000,36760501,3500,196000000,98000000,36757000,12250000,24507000,12250000,0,0,0,12257000,1094810,1.0948
distribute_parallel_for_split_3500_3500_4000,3500,4000,0,8000,140024000,42012001,4000,210000000,112000000,42008000,14000000,28008000,14000000,0,0,0,14008000,1297009,1.2970
distribute_parallel_for_split_3500_4000_1000,3500,1000,0,2000,40006000,12003001,1000,144000000,28000000,12002000,4000000,8002000,4000000,0,0,0,4002000,700284,0.7003
distribute_parallel_for_split_3500_4000_1500,3500,1500,0,3000,60009000,18004501,1500,160000000,42000000,18003000,6000000,12003000,6000000,0,0,0,6003000,829885,0.8299
distribute_parallel_for_split_3500_4000_2000,3500,2000,0,4000,80012000,24006001,2000,176000000,56000000,24004000,8000000,16004000,8000000,0,0,0,8004000,828358,0.8284
distribute_parallel_for_split_3500_4000_2500,3500,2500,0,5000,100015000,30007501,2500,192000000,70000000,30005000,10000000,20005000,10000000,0,0,0,10005000,948712,0.9487
distribute_parallel_for_split_3500_4000_3000,3500,3000,0,6000,120018000,36009001,3000,208000000,84000000,36006000,12000000,24006000,12000000,0,0,0,12006000,1117529,1.1175
distribute_parallel_for_split_3500_4000_3500,3500,3500,0,7000,140021000,42010501,3500,224000000,98000000,42007000,14000000,28007000,14000000,0,0,0,14007000,1192878,1.1929
distribute_parallel_for_split_3500_4000_4000,3500,4000,0,8000,160024000,48012001,4000,240000000,112000000,48008000,16000000,32008000,16000000,0,0,0,16008000,1490251,1.4903
distribute_parallel_for_split_3700_1200_1200,3700,1200,0,2400,14407200,4323601,1200,47040000,35520000,4322400,1440000,2882400,1440000,0,0,0,1442400,167526,0.1675
distribute_parallel_for_split_3700_1200_1700,3700,1700,0,3400,20410200,6125101,1700,51840000,50320000,6123400,2040000,4083400,2040000,0,0,0,2043400,243585,0.2436
distribute_parallel_for_split_3700_1200_2200,3700,2200,0,4400,26413200,7926601,2200,56640000,65120000,7924400,2640000,5284400,2640000,0,0,0,2644400,439278,0.4393
distribute_parallel_for_split_3700_1200_2700,3700,2700,0,5400,32416200,9728101,2700,61440000,79920000,9725400,3240000,6485400,3240000,0,0,0,3245400,363377,0.3634
distribute_parallel_for_split_3700_1200_3200,3700,3200,0,6400,38419200,11529601,3200,66240000,94720000,11526400,3840000,7686400,3840000,0,0,0,3846400,643020,0.6430
distribute_parallel_for_split_3700_1200_3700,3700,3700,0,7400,44422200,13331101,3700,71040000,109520000,13327400,4440000,8887400,4440000,0,0,0,4447400,541737,0.5417
distribute_parallel_for_split_3700_1200_4200,3700,4200,0,8400,50425200,15132601,4200,75840000,124320000,15128400,5040000,10088400,5040000,0,0,0,5048400,534325,0.5343
distribute_parallel_for_split_3700_1700_1200,3700,1200,0,2400,20407200,6123601,1200,66640000,35520000,6122400,2040000,4082400,2040000,0,0,0,2042400,228824,0.2288
distribute_parallel_for_split_3700_1700_1700,3700,1700,0,3400,28910200,8675101,1700,73440000,50320000,8673400,2890000,5783400,2890000,0,0,0,2893400,490998,0.4910
distribute_parallel_for_split_3700_1700_2200,3700,2200,0,4400,37413200,11226601,2200,80240000,65120000,11224400,3740000,7484400,3740000,0,0,0,3744400,401454,0.4015
distribute_parallel_for_split_3700_1700_2700,3700,2700,0,5400,45916200,13778101,2700,87040000,79920000,13775400,4590000,9185400,4590000,0,0,0,4595400,563307,0.5633
distribute_parallel_for_split_3700_1700_3200,3700,3200,0,6400,54419200,16329601,3200,93840000,94720000,16326400,5440000,10886400,5440000,0,0,0,5446400,622385,0.6224
distribute_parallel_for_split_3700_1700_3700,3700,3700,0,7400,62922200,18881101,3700,100640000,109520000,18877400,6290000,12587400,6290000,0,0,0,6297400,662101,0.6621
distribute_parallel_for_split_3700_1700_4200,3700,4200,0,8400,71425200,21432601,4200,107440000,124320000,21428400,7140000,14288400,7140000,0,0,0,7148400,857804,0.8578
distribute_parallel_for_split_3700_2200_1200,3700,1200,0,2400,26407200,7923601,1200,86240000,35520000,7922400,2640000,5282400,2640000,0,0,0,2642400,370164,0.3702
distribute_parallel_for_split_3700_2200_1700,3700,1700,0,3400,37410200,11225101,1700,95040000,50320000,11223400,3740000,7483400,3740000,0,0,0,3743400,411871,0.4119
distribute_parallel_for_split_3700_2200_2200,3700,2200,0,4400,48413200,14526601,2200,103840000,65120000,14524400,4840000,9684400,4840000,0,0,0,4844400,680862,0.6809
distribute_parallel_for_split_3700_2200_2700,3700,2700,0,5400,59416200,17828101,2700,112640000,79920000,17825400,5940000,11885400,5940000,0,0,0,5945400,815562,0.8156
distribute_parallel_for_split_3700_2200_3200,3700,3200,0,6400,70419200,21129601,3200,121440000,94720000,21126400,7040000,14086400,7040000,0,0,0,7046400,855303,0.8553
distribute_parallel_for_split_3700_2200_3700,3700,3700,0,7400,81422200,24431101,3700,130240000,109520000,24427400,8140000,16287400,8140000,0,0,0,8147400,1239623,1.2396
distribute_parallel_for_split_3700_2200_4200,3700,4200,0,8400,92425200,27732601,4200,139040000,124320000,27728400,9240000,18488400,9240000,0,0,0,9248400,1025812,1.0258
distribute_parallel_for_split_3700_2700_1200,3700,1200,0,2400,32407200,9723601,1200,105840000,35520000,9722400,3240000,6482400,3240000,0,0,0,3242400,556169,0.5562
distribute_parallel_for_split_3700_2700_1700,3700,1700,0,3400,45910200,13775101,1700,116640000,50320000,13773400,4590000,9183400,4590000,0,0,0,4593400,624268,0.6243
distribute_parallel_for_split_3700_2700_2200,3700,2200,0,4400,59413200,17826601,2200,127440000,65120000,17824400,5940000,11884400,5940000,0,0,0,5944400,930441,0.9304
distribute_parallel_for_split_3700_2700_2700,3700,2700,0,5400,72916200,21878101,2700,138240000,79920000,21875400,7290000,14585400,7290000,0,0,0,7295400,813185,0.8132
distribute_parallel_for_split_3700_2700_3200,3700,3200,0,6400,86419200,25929601,3200,149040000,94720000,25926400,8640000,17286400,8640000,0,0,0,8646400,932468,0.9325
distribute_parallel_for_split_3700_2700_3700,3700,3700,0,7400,99922200,29981101,3700,159840000,109520000,29977400,9990000,19987400,9990000,0,0,0,9997400,1052973,1.0530
distribute_parallel_for_split_3700_2700_4200,3700,4200,0,8400,113425200,34032601,4200,170640000,124320000,34028400,11340000,22688400,11340000,0,0,0,11348400,1397188,1.3972
distribute_parallel_for_split_3700_3200_1200,3700,1200,0,2400,38407200,11523601,1200,125440000,35520000,11522400,3840000,7682400,3840000,0,0,0,3842400,521391,0.5214
distribute_parallel_for_split_3700_3200_1700,3700,1700,0,3400,54410200,16325101,1700,138240000,50320000,16323400,5440000,10883400,5440000,0,0,0,5443400,570569,0.5706
distribute_parallel_for_split_3700_3200_2200,3700,2200,0,4400,70413200,21126601,2200,151040000,65120000,21124400,7040000,14084400,7040000,0,0,0,7044400,809621,0.8096
distribute_parallel_for_split_3700_3200_2700,3700,2700,0,5400,86416200,25928101,2700,163840000,79920000,25925400,8640000,17285400,8640000,0,0,0,8645400,1059379,1.0594
distribute_parallel_for_split_3700_3200_3200,3700,3200,0,6400,102419200,30729601,3200,176640000,94720000,30726400,10240000,20486400,10240000,0,0,0,10246400,1169011,1.1690
distribute_parallel_for_split_3700_3200_3700,3700,3700,0,7400,118422200,35531101,3700,189440000,109520000,35527400,11840000,23687400,11840000,0,0,0,11847400,1482447,1.4824
distribute_parallel_for_split_3700_3200_4200,3700,4200,0,8400,134425200,40332601,4200,202240000,124320000,40328400,13440000,26888400,13440000,0,0,0,13448400,1363520,1.3635
distribute_parallel_for_split_3700_3700_1200,3700,1200,0,2400,44407200,13323601,1200,145040000,35520000,13322400,4440000,8882400,4440000,0,0,0,4442400,664064,0.6641
distribute_parallel_for_split_3700_3700_1700,3700,1700,0,3400,62910200,18875101,1700,159840000,50320000,18873400,6290000,12583400,6290000,0,0,0,6293400,653599,0.6536
distribute_parallel_for_split_3700_3700_2200,3700,2200,0,4400,81413200,24426601,2200,174640000,65120000,24424400,8140000,16284400,8140000,0,0,0,8144400,937746,0.9377
distribute_parallel_for_split_3700_3700_2700,3700,2700,0,5400,99916200,29978101,2700,189440000,79920000,29975400,9990000,19985400,9990000,0,0,0,9995400,1064391,1.0644
distribute_parallel_for_split_3700_3700_3200,3700,3200,0,6400,118419200,35529601,3200,204240000,94720000,35526400,11840000,23686400,11840000,0,0,0,11846400,1402285,1.4023
distribute_parallel_for_split_3700_3700_3700,3700,3700,0,7400,136922200,41081101,3700,219040000,109520000,41077400,13690000,27387400,13690000,0,0,0,13697400,1922159,1.9222
distribute_parallel_for_split_3700_3700_4200,3700,4200,0,8400,155425200,46632601,4200,233840000,124320000,46628400,15540000,31088400,15540000,0,0,0,15548400,1541047,1.5410
distribute_parallel_for_split_3750_1250_1250,3750,1250,0,2500,15632500,4691251,1250,50000000,37500000,4690000,1562500,3127500,1562500,0,0,0,1565000,402190,0.4022
distribute_parallel_for_split_3750_1250_1750,3750,1750,0,3500,21885500,6567751,1750,55000000,52500000,6566000,2187500,4378500,2187500,0,0,0,2191000,261434,0.2614
distribute_parallel_for_split_3750_1250_2250,3750,2250,0,4500,28138500,8444251,2250,60000000,67500000,8442000,2812500,5629500,2812500,0,0,0,2817000,353280,0.3533
distribute_parallel_for_split_3750_1250_2750,3750,2750,0,5500,34391500,10320751,2750,65000000,82500000,10318000,3437500,6880500,3437500,0,0,0,3443000,423619,0.4236
distribute_parallel_for_split_3750_1250_3250,3750,3250,0,6500,40644500,12197251,3250,70000000,97500000,12194000,4062500,8131500,4062500,0,0,0,4069000,472169,0.4722
distribute_parallel_for_split_3750_1250_3750,3750,3750,0,7500,46897500,14073751,3750,75000000,112500000,14070000,4687500,9382500,4687500,0,0,0,4695000,556511,0.5565
distribute_parallel_for_split_3750_1250_4250,3750,4250,0,8500,53150500,15950251,4250,80000000,127500000,15946000,5312500,10633500,5312500,0,0,0,5321000,568120,0.5681
distribute_parallel_for_split_3750_1750_1250,3750,1250,0,2500,21882500,6566251,1250,70000000,37500000,6565000,2187500,4377500,2187500,0,0,0,2190000,362221,0.3622
distribute_parallel_for_split_3750_1750_1750,3750,1750,0,3500,30635500,9192751,1750,77000000,52500000,9191000,3062500,6128500,3062500,0,0,0,3066000,324404,0.3244
distribute_parallel_for_split_3750_1750_2250,3750,2250,0,4500,39388500,11819251,2250,84000000,67500000,11817000,3937500,7879500,3937500,0,0,0,3942000,479224,0.4792
distribute_parallel_for_split_3750_1750_2750,3750,2750,0,5500,48141500,14445751,2750,91000000,82500000,14443000,4812500,9630500,4812500,0,0,0,4818000,582745,0.5827
distribute_parallel_for_split_3750_1750_3250,3750,3250,0,6500,56894500,17072251,3250,98000000,97500000,17069000,5687500,11381500,5687500,0,0,0,5694000,875686,0.8757
distribute_parallel_for_split_3750_1750_3750,3750,3750,0,7500,65647500,19698751,3750,105000000,112500000,19695000,6562500,13132500,6562500,0,0,0,6570000,744809,0.7448
distribute_parallel_for_split_3750_1750_4250,3750,4250,0,8500,74400500,22325251,4250,112000000,127500000,22321000,7437500,14883500,7437500,0,0,0,7446000,1011726,1.0117
distribute_parallel_for_split_3750_2250_1250,3750,1250,0,2500,28132500,8441251,1250,90000000,37500000,8440000,2812500,5627500,2812500,0,0,0,2815000,570347,0.5703
distribute_parallel_for_split_3900_1400_1400,3900,1400,0,2800,19608400,5884201,1400,59360000,43680000,5882800,1960000,3922800,1960000,0,0,0,1962800,254571,0.2546
distribute_parallel_for_split_3900_1400_1900,3900,1900,0,3800,26611400,7985701,1900,64960000,59280000,7983800,2660000,5323800,2660000,0,0,0,2663800,442949,0.4429
distribute_parallel_for_split_3900_1400_2400,3900,2400,0,4800,33614400,10087201,2400,70560000,74880000,10084800,3360000,6724800,3360000,0,0,0,3364800,503078,0.5031
distribute_parallel_for_split_3900_1400_2900,3900,2900,0,5800,40617400,12188701,2900,76160000,90480000,12185800,4060000,8125800,4060000,0,0,0,4065800,482633,0.4826
distribute_parallel_for_split_3900_1400_3400,3900,3400,0,6800,47620400,14290201,3400,81760000,106080000,14286800,4760000,9526800,4760000,0,0,0,4766800,534357,0.5344
distribute_parallel_for_split_3900_1400_3900,3900,3900,0,7800,54623400,16391701,3900,87360000,121680000,16387800,5460000,10927800,5460000,0,0,0,5467800,695646,0.6956
distribute_parallel_for_split_3900_1400_900,3900,900,0,1800,12605400,3782701,900,53760000,28080000,3781800,1260000,2521800,1260000,0,0,0,1261800,218715,0.2187
distribute_parallel_for_split_3900_1900_1400,3900,1400,0,2800,26608400,7984201,1400,80560000,43680000,7982800,2660000,5322800,2660000,0,0,0,2662800,302819,0.3028
distribute_parallel_for_split_3900_1900_1900,3900,1900,0,3800,36111400,10835701,1900,88160000,59280000,10833800,3610000,7223800,3610000,0,0,0,3613800,700423,0.7004
distribute_parallel_for_split_3900_1900_2400,3900,2400,0,4800,45614400,13687201,2400,95760000,74880000,13684800,4560000,9124800,4560000,0,0,0,4564800,583961,0.5840
distribute_parallel_for_split_3900_1900_2900,3900,2900,0,5800,55117400,16538701,2900,103360000,90480000,16535800,5510000,11025800,5510000,0,0,0,5515800,621206,0.6212
distribute_parallel_for_split_3900_1900_3400,3900,3400,0,6800,64620400,19390201,3400,110960000,106080000,19386800,6460000,12926800,6460000,0,0,0,6466800,695346,0.6953
distribute_parallel_for_split_3900_1900_3900,3900,3900,0,7800,74123400,22241701,3900,118560000,121680000,22237800,7410000,14827800,7410000,0,0,0,7417800,746531,0.7465
distribute_parallel_for_split_3900_1900_900,3900,900,0,1800,17105400,5132701,900,72960000,28080000,5131800,1710000,3421800,1710000,0,0,0,1711800,271254,0.2713
distribute_parallel_for_split_3900_2400_1400,3900,1400,0,2800,33608400,10084201,1400,101760000,43680000,10082800,3360000,6722800,3360000,0,0,0,3362800,728683,0.7287
distribute_parallel_for_split_3900_2400_1900,3900,1900,0,3800,45611400,13685701,1900,111360000,59280000,13683800,4560000,9123800,4560000,0,0,0,4563800,610654,0.6107
distribute_parallel_for_split_3900_2400_2400,3900,2400,0,4800,57614400,17287201,2400,120960000,74880000,17284800,5760000,11524800,5760000,0,0,0,5764800,763034,0.7630
distribute_parallel_for_split_3900_2400_2900,3900,2900,0,5800,69617400,20888701,2900,130560000,90480000,20885800,6960000,13925800,6960000,0,0,0,6965800,750492,0.7505
distribute_parallel_for_split_3900_2400_3400,3900,3400,0,6800,81620400,24490201,3400,140160000,106080000,24486800,8160000,16326800,8160000,0,0,0,8166800,905783,0.9058
distribute_parallel_for_split_3900_2400_3900,3900,3900,0,7800,93623400,28091701,3900,149760000,121680000,28087800,9360000,18727800,9360000,0,0,0,9367800,1026963,1.0270
distribute_parallel_for_split_3900_2400_900,3900,900,0,1800,21605400,6482701,900,92160000,28080000,6481800,2160000,4321800,2160000,0,0,0,2161800,320567,0.3206
distribute_parallel_for_split_3900_2900_1400,3900,1400,0,2800,40608400,12184201,1400,122960000,43680000,12182800,4060000,8122800,4060000,0,0,0,4062800,468219,0.4682
distribute_parallel_for_split_3900_2900_1900,3900,1900,0,3800,55111400,16535701,1900,134560000,59280000,16533800,5510000,11023800,5510000,0,0,0,5513800,726353,0.7264
distribute_parallel_for_split_3900_2900_2400,3900,2400,0,4800,69614400,20887201,2400,146160000,74880000,20884800,6960000,13924800,6960000,0,0,0,6964800,996421,0.9964
distribute_parallel_for_split_3900_2900_2900,3900,2900,0,5800,84117400,25238701,2900,157760000,90480000,25235800,8410000,16825800,8410000,0,0,0,8415800,982647,0.9826
distribute_parallel_for_split_3900_2900_3400,3900,3400,0,6800,98620400,29590201,3400,169360000,106080000,29586800,9860000,19726800,9860000,0,0,0,9866800,1024285,1.0243
distribute_parallel_for_split_3900_2900_900,3900,900,0,1800,26105400,7832701,900,111360000,28080000,7831800,2610000,5221800,2610000,0,0,0,2611800,354686,0.3547
distribute_parallel_for_split_3900_900_1400,3900,1400,0,2800,12608400,3784201,1400,38160000,43680000,3782800,1260000,2522800,1260000,0,0,0,1262800,152264,0.1523
distribute_parallel_for_split_3900_900_1900,3900,1900,0,3800,17111400,5135701,1900,41760000,59280000,5133800,1710000,3423800,1710000,0,0,0,1713800,319745,0.3197
distribute_parallel_for_split_3900_900_2400,3900,2400,0,4800,21614400,6487201,2400,45360000,74880000,6484800,2160000,4324800,2160000,0,0,0,2164800,324222,0.3242
distribute_parallel_for_split_3900_900_2900,3900,2900,0,5800,26117400,7838701,2900,48960000,90480000,7835800,2610000,5225800,2610000,0,0,0,2615800,366644,0.3666
distribute_parallel_for_split_3900_900_3400,3900,3400,0,6800,30620400,9190201,3400,52560000,106080000,9186800,3060000,6126800,3060000,0,0,0,3066800,350727,0.3507
distribute_parallel_for_split_3900_900_3900,3900,3900,0,7800,35123400,10541701,3900,56160000,121680000,10537800,3510000,7027800,3510000,0,0,0,3517800,481562,0.4816
distribute_parallel_for_split_3900_900_900,3900,900,0,1800,8105400,2432701,900,34560000,28080000,2431800,810000,1621800,810000,0,0,0,811800,109882,0.1099
distribute_parallel_for_split_4000_1000_1000,4000,1000,0,2000,10006000,3003001,1000,40000000,32000000,3002000,1000000,2002000,1000000,0,0,0,1002000,117100,0.1171
distribute_parallel_for_split_4000_1000_1500,4000,1500,0,3000,15009000,4504501,1500,44000000,48000000,4503000,1500000,3003000,1500000,0,0,0,1503000,174929,0.1749
distribute_parallel_for_split_4000_1000_2000,4000,2000,0,4000,20012000,6006001,2000,48000000,64000000,6004000,2000000,4004000,2000000,0,0,0,2004000,232449,0.2324
distribute_parallel_for_split_4000_1000_2500,4000,2500,0,5000,25015000,7507501,2500,52000000,80000000,7505000,2500000,5005000,2500000,0,0,0,2505000,405719,0.4057
distribute_parallel_for_split_4000_1000_3000,4000,3000,0,6000,30018000,9009001,3000,56000000,96000000,9006000,3000000,6006000,3000000,0,0,0,3006000,686591,0.6866
distribute_parallel_for_split_4000_1000_3500,4000,3500,0,7000,35021000,10510501,3500,60000000,112000000,10507000,3500000,7007000,3500000,0,0,0,3507000,399417,0.3994
distribute_parallel_for_split_4000_1000_4000,4000,4000,0,8000,40024000,12012001,4000,64000000,128000000,12008000,4000000,8008000,4000000,0,0,0,4008000,679746,0.6797
distribute_parallel_for_split_4000_1500_1000,4000,1000,0,2000,15006000,4503001,1000,60000000,32000000,4502000,1500000,3002000,1500000,0,0,0,1502000,235860,0.2359
distribute_parallel_for_split_4000_1500_1500,4000,1500,0,3000,22509000,6754501,1500,66000000,48000000,6753000,2250000,4503000,2250000,0,0,0,2253000,562398,0.5624
distribute_parallel_for_split_4000_1500_2000,4000,2000,0,4000,30012000,9006001,2000,72000000,64000000,9004000,3000000,6004000,3000000,0,0,0,3004000,356516,0.3565
distribute_parallel_for_split_4000_1500_2500,4000,2500,0,5000,37515000,11257501,2500,78000000,80000000,11255000,3750000,7505000,3750000,0,0,0,3755000,411609,0.4116
distribute_parallel_for_split_4000_1500_3000,4000,3000,0,6000,45018000,13509001,3000,84000000,96000000,13506000,4500000,9006000,4500000,0,0,0,4506000,538376,0.5384
distribute_parallel_for_split_4000_1500_3500,4000,3500,0,7000,52521000,15760501,3500,90000000,112000000,15757000,5250000,10507000,5250000,0,0,0,5257000,664705,0.6647
distribute_parallel_for_split_400_100_100,400,100,0,200,100600,30301,100,400000,320000,30200,10000,20200,10000,0,0,0,10200,5556,0.0056
distribute_parallel_for_split_400_100_200,400,200,0,400,201200,60601,200,480000,640000,60400,20000,40400,20000,0,0,0,20400,19863,0.0199
distribute_parallel_for_split_400_100_300,400,300,0,600,301800,90901,300,560000,960000,90600,30000,60600,30000,0,0,0,30600,4260,0.0043
distribute_parallel_for_split_400_100_400,400,400,0,800,402400,121201,400,640000,1280000,120800,40000,80800,40000,0,0,0,40800,3986,0.0040
distribute_parallel_for_split_400_100_500,400,500,0,1000,503000,151501,500,720000,1600000,151000,50000,101000,50000,0,0,0,51000,8281,0.0083
distribute_parallel_for_split_400_100_600,400,600,0,1200,603600,181801,600,800000,1920000,181200,60000,121200,60000,0,0,0,61200,20407,0.0204
distribute_parallel_for_split_400_100_700,400,700,0,1400,704200,212101,700,880000,2240000,211400,70000,141400,70000,0,0,0,71400,6249,0.0062
distribute_parallel_for_split_400_100_800,400,800,0,1600,804800,242401,800,960000,2560000,241600,80000,161600,80000,0,0,0,81600,8807,0.0088
distribute_parallel_for_split_400_100_900,400,900,0,1800,905400,272701,900,1040000,2880000,271800,90000,181800,90000,0,0,0,91800,10900,0.0109
distribute_parallel_for_split_400_200_100,400,100,0,200,200600,60301,100,800000,320000,60200,20000,40200,20000,0,0,0,20200,3479,0.0035
distribute_parallel_for_split_400_200_200,400,200,0,400,401200,120601,200,960000,640000,120400,40000,80400,40000,0,0,0,40400,7932,0.0079
distribute_parallel_for_split_400_200_300,400,300,0,600,601800,180901,300,1120000,960000,180600,60000,120600,60000,0,0,0,60600,9322,0.0093
distribute_parallel_for_split_400_200_400,400,400,0,800,802400,241201,400,1280000,1280000,240800,80000,160800,80000,0,0,0,80800,55225,0.0552
distribute_parallel_for_split_400_200_500,400,500,0,1000,1003000,301501,500,1440000,1600000,301000,100000,201000,100000,0,0,0,101000,20280,0.0203
distribute_parallel_for_split_400_200_600,400,600,0,1200,1203600,361801,600,1600000,1920000,361200,120000,241200,120000,0,0,0,121200,18152,0.0182
distribute_parallel_for_split_400_200_700,400,700,0,1400,1404200,422101,700,1760000,2240000,421400,140000,281400,140000,0,0,0,141400,21021,0.0210
distribute_parallel_for_split_400_200_800,400,800,0,1600,1604800,482401,800,1920000,2560000,481600,160000,321600,160000,0,0,0,161600,10414,0.0104
distribute_parallel_for_split_400_200_900,400,900,0,1800,1805400,542701,900,2080000,2880000,541800,180000,361800,180000,0,0,0,181800,31937,0.0319
distribute_parallel_for_split_400_300_100,400,100,0,200,300600,90301,100,1200000,320000,90200,30000,60200,30000,0,0,0,30200,5953,0.0060
distribute_parallel_for_split_400_300_200,400,200,0,400,601200,180601,200,1440000,640000,180400,60000,120400,60000,0,0,0,60400,4165,0.0042
distribute_parallel_for_split_400_300_300,400,300,0,600,901800,270901,300,1680000,960000,270600,90000,180600,90000,0,0,0,90600,20296,0.0203
distribute_parallel_for_split_400_300_400,400,400,0,800,1202400,361201,400,1920000,1280000,360800,120000,240800,120000,0,0,0,120800,7976,0.0080
distribute_parallel_for_split_400_300_500,400,500,0,1000,1503000,451501,500,2160000,1600000,451000,150000,301000,150000,0,0,0,151000,8509,0.0085
distribute_parallel_for_split_400_300_600,400,600,0,1200,1803600,541801,600,2400000,1920000,541200,180000,361200,180000,0,0,0,181200,16910,0.0169
distribute_parallel_for_split_400_300_700,400,700,0,1400,2104200,632101,700,2640000,2240000,631400,210000,421400,210000,0,0,0,211400,19869,0.0199
distribute_parallel_for_split_400_300_800,400,800,0,1600,2404800,722401,800,2880000,2560000,721600,240000,481600,240000,0,0,0,241600,10458,0.0105
distribute_parallel_for_split_400_300_900,400,900,0,1800,2705400,812701,900,3120000,2880000,811800,270000,541800,270000,0,0,0,271800,26026,0.0260
distribute_parallel_for_split_400_400_100,400,100,0,200,400600,120301,100,1600000,320000,120200,40000,80200,40000,0,0,0,40200,14002,0.0140
distribute_parallel_for_split_400_400_200,400,200,0,400,801200,240601,200,1920000,640000,240400,80000,160400,80000,0,0,0,80400,7403,0.0074
distribute_parallel_for_split_400_400_300,400,300,0,600,1201800,360901,300,2240000,960000,360600,120000,240600,120000,0,0,0,120600,10935,0.0109
distribute_parallel_for_split_400_400_400,400,400,0,800,1602400,481201,400,2560000,1280000,480800,160000,320800,160000,0,0,0,160800,23356,0.0234
distribute_parallel_for_split_400_400_500,400,500,0,1000,2003000,601501,500,2880000,1600000,601000,200000,401000,200000,0,0,0,201000,52910,0.0529
distribute_parallel_for_split_400_400_600,400,600,0,1200,2403600,721801,600,3200000,1920000,721200,240000,481200,240000,0,0,0,241200,20080,0.0201
distribute_parallel_for_split_400_400_700,400,700,0,1400,2804200,842101,700,3520000,2240000,841400,280000,561400,280000,0,0,0,281400,62720,0.0627
distribute_parallel_for_split_400_400_800,400,800,0,1600,3204800,962401,800,3840000,2560000,961600,320000,641600,320000,0,0,0,321600,17141,0.0171
distribute_parallel_for_split_400_400_900,400,900,0,1800,3605400,1082701,900,4160000,2880000,1081800,360000,721800,360000,0,0,0,361800,15210,0.0152
distribute_parallel_for_split_400_500_100,400,100,0,200,500600,150301,100,2000000,320000,150200,50000,100200,50000,0,0,0,50200,19345,0.0193
distribute_parallel_for_split_400_500_200,400,200,0,400,1001200,300601,200,2400000,640000,300400,100000,200400,100000,0,0,0,100400,13065,0.0131
distribute_parallel_for_split_400_500_300,400,300,0,600,1501800,450901,300,2800000,960000,450600,150000,300600,150000,0,0,0,150600,8378,0.0084
distribute_parallel_for_split_400_500_400,400,400,0,800,2002400,601201,400,3200000,1280000,600800,200000,400800,200000,0,0,0,200800,12970,0.0130
distribute_parallel_for_split_400_500_500,400,500,0,1000,2503000,751501,500,3600000,1600000,751000,250000,501000,250000,0,0,0,251000,10859,0.0109
distribute_parallel_for_split_400_500_600,400,600,0,1200,3003600,901801,600,4000000,1920000,901200,300000,601200,300000,0,0,0,301200,40577,0.0406
distribute_parallel_for_split_400_500_700,400,700,0,1400,3504200,1052101,700,4400000,2240000,1051400,350000,701400,350000,0,0,0,351400,30733,0.0307
distribute_parallel_for_split_400_500_800,400,800,0,1600,4004800,1202401,800,4800000,2560000,1201600,400000,801600,400000,0,0,0,401600,103632,0.1036
distribute_parallel_for_split_400_500_900,400,900,0,1800,4505400,1352701,900,5200000,2880000,1351800,450000,901800,450000,0,0,0,451800,20096,0.0201
distribute_parallel_for_split_400_600_100,400,100,0,200,600600,180301,100,2400000,320000,180200,60000,120200,60000,0,0,0,60200,7224,0.0072
distribute_parallel_for_split_400_600_200,400,200,0,400,1201200,360601,200,2880000,640000,360400,120000,240400,120000,0,0,0,120400,8213,0.0082
distribute_parallel_for_split_400_600_300,400,300,0,600,1801800,540901,300,3360000,960000,540600,180000,360600,180000,0,0,0,180600,17120,0.0171
distribute_parallel_for_split_400_600_400,400,400,0,800,2402400,721201,400,3840000,1280000,720800,240000,480800,240000,0,0,0,240800,52317,0.0523
distribute_parallel_for_split_400_600_500,400,500,0,1000,3003000,901501,500,4320000,1600000,901000,300000,601000,300000,0,0,0,301000,24887,0.0249
distribute_parallel_for_split_400_600_600,400,600,0,1200,3603600,1081801,600,4800000,1920000,1081200,360000,721200,360000,0,0,0,361200,30213,0.0302
distribute_parallel_for_split_400_600_700,400,700,0,1400,4204200,1262101,700,5280000,2240000,1261400,420000,841400,420000,0,0,0,421400,56715,0.0567
distribute_parallel_for_split_400_600_800,400,800,0,1600,4804800,1442401,800,5760000,2560000,1441600,480000,961600,480000,0,0,0,481600,62438,0.0624
distribute_parallel_for_split_400_600_900,400,900,0,1800,5405400,1622701,900,6240000,2880000,1621800,540000,1081800,540000,0,0,0,541800,40866,0.0409
distribute_parallel_for_split_400_700_100,400,100,0,200,700600,210301,100,2800000,320000,210200,70000,140200,70000,0,0,0,70200,7125,0.0071
distribute_parallel_for_split_400_700_200,400,200,0,400,1401200,420601,200,3360000,640000,420400,140000,280400,140000,0,0,0,140400,10499,0.0105
distribute_parallel_for_split_400_700_300,400,300,0,600,2101800,630901,300,3920000,960000,630600,210000,420600,210000,0,0,0,210600,44040,0.0440
distribute_parallel_for_split_400_700_400,400,400,0,800,2802400,841201,400,4480000,1280000,840800,280000,560800,280000,0,0,0,280800,117897,0.1179
distribute_parallel_for_split_400_700_500,400,500,0,1000,3503000,1051501,500,5040000,1600000,1051000,350000,701000,350000,0,0,0,351000,40161,0.0402
distribute_parallel_for_split_400_700_600,400,600,0,1200,4203600,1261801,600,5600000,1920000,1261200,420000,841200,420000,0,0,0,421200,16800,0.0168
distribute_parallel_for_split_400_700_700,400,700,0,1400,4904200,1472101,700,6160000,2240000,1471400,490000,981400,490000,0,0,0,491400,41628,0.0416
distribute_parallel_for_split_400_700_800,400,800,0,1600,5604800,1682401,800,6720000,2560000,1681600,560000,1121600,560000,0,0,0,561600,24111,0.0241
distribute_parallel_for_split_400_700_900,400,900,0,1800,6305400,1892701,900,7280000,2880000,1891800,630000,1261800,630000,0,0,0,631800,24516,0.0245
distribute_parallel_for_split_400_800_100,400,100,0,200,800600,240301,100,3200000,320000,240200,80000,160200,80000,0,0,0,80200,13169,0.0132
distribute_parallel_for_split_400_800_200,400,200,0,400,1601200,480601,200,3840000,640000,480400,160000,320400,160000,0,0,0,160400,49067,0.0491
distribute_parallel_for_split_400_800_300,400,300,0,600,2401800,720901,300,4480000,960000,720600,240000,480600,240000,0,0,0,240600,104948,0.1049
distribute_parallel_for_split_400_800_400,400,400,0,800,3202400,961201,400,5120000,1280000,960800,320000,640800,320000,0,0,0,320800,14355,0.0144
distribute_parallel_for_split_400_800_500,400,500,0,1000,4003000,1201501,500,5760000,1600000,1201000,400000,801000,400000,0,0,0,401000,44861,0.0449
distribute_parallel_for_split_400_800_600,400,600,0,1200,4803600,1441801,600,6400000,1920000,1441200,480000,961200,480000,0,0,0,481200,25933,0.0259
distribute_parallel_for_split_400_800_700,400,700,0,1400,5604200,1682101,700,7040000,2240000,1681400,560000,1121400,560000,0,0,0,561400,93650,0.0936
distribute_parallel_for_split_400_800_800,400,800,0,1600,6404800,1922401,800,7680000,2560000,1921600,640000,1281600,640000,0,0,0,641600,26344,0.0263
distribute_parallel_for_split_400_800_900,400,900,0,1800,7205400,2162701,900,8320000,2880000,2161800,720000,1441800,720000,0,0,0,721800,25552,0.0256
distribute_parallel_for_split_400_900_100,400,100,0,200,900600,270301,100,3600000,320000,270200,90000,180200,90000,0,0,0,90200,11558,0.0116
distribute_parallel_for_split_400_900_200,400,200,0,400,1801200,540601,200,4320000,640000,540400,180000,360400,180000,0,0,0,180400,8964,0.0090
distribute_parallel_for_split_400_900_300,400,300,0,600,2701800,810901,300,5040000,960000,810600,270000,540600,270000,0,0,0,270600,60964,0.0610
distribute_parallel_for_split_400_900_400,400,400,0,800,3602400,1081201,400,5760000,1280000,1080800,360000,720800,360000,0,0,0,360800,36141,0.0361
distribute_parallel_for_split_400_900_500,400,500,0,1000,4503000,1351501,500,6480000,1600000,1351000,450000,901000,450000,0,0,0,451000,17585,0.0176
distribute_parallel_for_split_400_900_600,400,600,0,1200,5403600,1621801,600,7200000,1920000,1621200,540000,1081200,540000,0,0,0,541200,16738,0.0167
distribute_parallel_for_split_400_900_700,400,700,0,1400,6304200,1892101,700,7920000,2240000,1891400,630000,1261400,630000,0,0,0,631400,34723,0.0347
distribute_parallel_for_split_400_900_800,400,800,0,1600,7204800,2162401,800,8640000,2560000,2161600,720000,1441600,720000,0,0,0,721600,73426,0.0734
distribute_parallel_for_split_400_900_900,400,900,0,1800,8105400,2432701,900,9360000,2880000,2431800,810000,1621800,810000,0,0,0,811800,26317,0.0263
distribute_parallel_for_split_500_100_100,500,100,0,200,100600,30301,100,480000,400000,30200,10000,20200,10000,0,0,0,10200,29642,0.0296
distribute_parallel_for_split_500_100_200,500,200,0,400,201200,60601,200,560000,800000,60400,20000,40400,20000,0,0,0,20400,7017,0.0070
distribute_parallel_for_split_500_100_300,500,300,0,600,301800,90901,300,640000,1200000,90600,30000,60600,30000,0,0,0,30600,17540,0.0175
distribute_parallel_for_split_500_100_400,500,400,0,800,402400,121201,400,720000,1600000,120800,40000,80800,40000,0,0,0,40800,5375,0.0054
distribute_parallel_for_split_500_100_500,500,500,0,1000,503000,151501,500,800000,2000000,151000,50000,101000,50000,0,0,0,51000,14818,0.0148
distribute_parallel_for_split_500_100_600,500,600,0,1200,603600,181801,600,880000,2400000,181200,60000,121200,60000,0,0,0,61200,8954,0.0090
distribute_parallel_for_split_500_100_700,500,700,0,1400,704200,212101,700,960000,2800000,211400,70000,141400,70000,0,0,0,71400,19481,0.0195
distribute_parallel_for_split_500_100_800,500,800,0,1600,804800,242401,800,1040000,3200000,241600,80000,161600,80000,0,0,0,81600,28887,0.0289
distribute_parallel_for_split_500_100_900,500,900,0,1800,905400,272701,900,1120000,3600000,271800,90000,181800,90000,0,0,0,91800,16278,0.0163
distribute_parallel_for_split_500_200_100,500,100,0,200,200600,60301,100,960000,400000,60200,20000,40200,20000,0,0,0,20200,4020,0.0040
distribute_parallel_for_split_500_200_200,500,200,0,400,401200,120601,200,1120000,800000,120400,40000,80400,40000,0,0,0,40400,21263,0.0213
distribute_parallel_for_split_500_200_300,500,300,0,600,601800,180901,300,1280000,1200000,180600,60000,120600,60000,0,0,0,60600,15804,0.0158
distribute_parallel_for_split_500_200_400,500,400,0,800,802400,241201,400,1440000,1600000,240800,80000,160800,80000,0,0,0,80800,12700,0.0127
distribute_parallel_for_split_500_200_500,500,500,0,1000,1003000,301501,500,1600000,2000000,301000,100000,201000,100000,0,0,0,101000,11540,0.0115
distribute_parallel_for_split_500_200_600,500,600,0,1200,1203600,361801,600,1760000,2400000,361200,120000,241200,120000,0,0,0,121200,7103,0.0071
distribute_parallel_for_split_500_200_700,500,700,0,1400,1404200,422101,700,1920000,2800000,421400,140000,281400,140000,0,0,0,141400,11059,0.0111
distribute_parallel_for_split_500_200_800,500,800,0,1600,1604800,482401,800,2080000,3200000,481600,160000,321600,160000,0,0,0,161600,20048,0.0200
distribute_parallel_for_split_500_200_900,500,900,0,1800,1805400,542701,900,2240000,3600000,541800,180000,361800,180000,0,0,0,181800,16399,0.0164
distribute_parallel_for_split_500_300_100,500,100,0,200,300600,90301,100,1440000,400000,90200,30000,60200,30000,0,0,0,30200,31459,0.0315
distribute_parallel_for_split_500_300_200,500,200,0,400,601200,180601,200,1680000,800000,180400,60000,120400,60000,0,0,0,60400,15658,0.0157
distribute_parallel_for_split_500_300_300,500,300,0,600,901800,270901,300,1920000,1200000,270600,90000,180600,90000,0,0,0,90600,6084,0.0061
distribute_parallel_for_split_500_300_400,500,400,0,800,1202400,361201,400,2160000,1600000,360800,120000,240800,120000,0,0,0,120800,25363,0.0254
distribute_parallel_for_split_500_300_500,500,500,0,1000,1503000,451501,500,2400000,2000000,451000,150000,301000,150000,0,0,0,151000,15103,0.0151
distribute_parallel_for_split_500_300_600,500,600,0,1200,1803600,541801,600,2640000,2400000,541200,180000,361200,180000,0,0,0,181200,20803,0.0208
distribute_parallel_for_split_500_300_700,500,700,0,1400,2104200,632101,700,2880000,2800000,631400,210000,421400,210000,0,0,0,211400,12209,0.0122
distribute_parallel_for_split_500_300_800,500,800,0,1600,2404800,722401,800,3120000,3200000,721600,240000,481600,240000,0,0,0,241600,10558,0.0106
distribute_parallel_for_split_500_300_900,500,900,0,1800,2705400,812701,900,3360000,3600000,811800,270000,541800,270000,0,0,0,271800,45150,0.0452
distribute_parallel_for_split_500_400_100,500,100,0,200,400600,120301,100,1920000,400000,120200,40000,80200,40000,0,0,0,40200,22366,0.0224
distribute_parallel_for_split_500_400_200,500,200,0,400,801200,240601,200,2240000,800000,240400,80000,160400,80000,0,0,0,80400,8464,0.0085
distribute_parallel_for_split_500_400_300,500,300,0,600,1201800,360901,300,2560000,1200000,360600,120000,240600,120000,0,0,0,120600,20404,0.0204
distribute_parallel_for_split_500_400_400,500,400,0,800,1602400,481201,400,2880000,1600000,480800,160000,320800,160000,0,0,0,160800,40717,0.0407
distribute_parallel_for_split_500_400_500,500,500,0,1000,2003000,601501,500,3200000,2000000,601000,200000,401000,200000,0,0,0,201000,16112,0.0161
distribute_parallel_for_split_500_400_600,500,600,0,1200,2403600,721801,600,3520000,2400000,721200,240000,481200,240000,0,0,0,241200,11762,0.0118
distribute_parallel_for_split_500_400_700,500,700,0,1400,2804200,842101,700,3840000,2800000,841400,280000,561400,280000,0,0,0,281400,87620,0.0876
distribute_parallel_for_split_500_400_800,500,800,0,1600,3204800,962401,800,4160000,3200000,961600,320000,641600,320000,0,0,0,321600,75897,0.0759
distribute_parallel_for_split_500_400_900,500,900,0,1800,3605400,1082701,900,4480000,3600000,1081800,360000,721800,360000,0,0,0,361800,14544,0.0145
distribute_parallel_for_split_500_500_100,500,100,0,200,500600,150301,100,2400000,400000,150200,50000,100200,50000,0,0,0,50200,6488,0.0065
distribute_parallel_for_split_500_500_200,500,200,0,400,1001200,300601,200,2800000,800000,300400,100000,200400,100000,0,0,0,100400,15166,0.0152
distribute_parallel_for_split_500_500_300,500,300,0,600,1501800,450901,300,3200000,1200000,450600,150000,300600,150000,0,0,0,150600,11091,0.0111
distribute_parallel_for_split_500_500_400,500,400,0,800,2002400,601201,400,3600000,1600000,600800,200000,400800,200000,0,0,0,200800,11180,0.0112
distribute_parallel_for_split_500_500_500,500,500,0,1000,2503000,751501,500,4000000,2000000,751000,250000,501000,250000,0,0,0,251000,71344,0.0713
distribute_parallel_for_split_500_500_600,500,600,0,1200,3003600,901801,600,4400000,2400000,901200,300000,601200,300000,0,0,0,301200,50507,0.0505
distribute_parallel_for_split_500_500_700,500,700,0,1400,3504200,1052101,700,4800000,2800000,1051400,350000,701400,350000,0,0,0,351400,90462,0.0905
distribute_parallel_for_split_500_500_800,500,800,0,1600,4004800,1202401,800,5200000,3200000,1201600,400000,801600,400000,0,0,0,401600,41775,0.0418
distribute_parallel_for_split_500_500_900,500,900,0,1800,4505400,1352701,900,5600000,3600000,1351800,450000,901800,450000,0,0,0,451800,94383,0.0944
distribute_parallel_for_split_500_600_100,500,100,0,200,600600,180301,100,2880000,400000,180200,60000,120200,60000,0,0,0,60200,6542,0.0065
distribute_parallel_for_split_500_600_200,500,200,0,400,1201200,360601,200,3360000,800000,360400,120000,240400,120000,0,0,0,120400,8646,0.0086
distribute_parallel_for_split_500_600_300,500,300,0,600,1801800,540901,300,3840000,1200000,540600,180000,360600,180000,0,0,0,180600,12483,0.0125
distribute_parallel_for_split_500_600_400,500,400,0,800,2402400,721201,400,4320000,1600000,720800,240000,480800,240000,0,0,0,240800,10926,0.0109
distribute_parallel_for_split_500_600_500,500,500,0,1000,3003000,901501,500,4800000,2000000,901000,300000,601000,300000,0,0,0,301000,64308,0.0643
distribute_parallel_for_split_500_600_600,500,600,0,1200,3603600,1081801,600,5280000,2400000,1081200,360000,721200,360000,0,0,0,361200,33627,0.0336
distribute_parallel_for_split_500_600_700,500,700,0,1400,4204200,1262101,700,5760000,2800000,1261400,420000,841400,420000,0,0,0,421400,16822,0.0168
distribute_parallel_for_split_500_600_800,500,800,0,1600,4804800,1442401,800,6240000,3200000,1441600,480000,961600,480000,0,0,0,481600,89965,0.0900
distribute_parallel_for_split_500_600_900,500,900,0,1800,5405400,1622701,900,6720000,3600000,1621800,540000,1081800,540000,0,0,0,541800,74556,0.0746
distribute_parallel_for_split_500_700_100,500,100,0,200,700600,210301,100,3360000,400000,210200,70000,140200,70000,0,0,0,70200,7896,0.0079
distribute_parallel_for_split_500_700_200,500,200,0,400,1401200,420601,200,3920000,800000,420400,140000,280400,140000,0,0,0,140400,47128,0.0471
distribute_parallel_for_split_500_700_300,500,300,0,600,2101800,630901,300,4480000,1200000,630600,210000,420600,210000,0,0,0,210600,63809,0.0638
distribute_parallel_for_split_500_700_400,500,400,0,800,2802400,841201,400,5040000,1600000,840800,280000,560800,280000,0,0,0,280800,13145,0.0131
distribute_parallel_for_split_500_700_500,500,500,0,1000,3503000,1051501,500,5600000,2000000,1051000,350000,701000,350000,0,0,0,351000,24864,0.0249
distribute_parallel_for_split_500_700_600,500,600,0,1200,4203600,1261801,600,6160000,2400000,1261200,420000,841200,420000,0,0,0,421200,19691,0.0197
distribute_parallel_for_split_500_700_700,500,700,0,1400,4904200,1472101,700,6720000,2800000,1471400,490000,981400,490000,0,0,0,491400,59796,0.0598
distribute_parallel_for_split_500_700_800,500,800,0,1600,5604800,1682401,800,7280000,3200000,1681600,560000,1121600,560000,0,0,0,561600,33894,0.0339
distribute_parallel_for_split_500_700_900,500,900,0,1800,6305400,1892701,900,7840000,3600000,1891800,630000,1261800,630000,0,0,0,631800,54517,0.0545
distribute_parallel_for_split_500_800_100,500,100,0,200,800600,240301,100,3840000,400000,240200,80000,160200,80000,0,0,0,80200,13294,0.0133
distribute_parallel_for_split_500_800_200,500,200,0,400,1601200,480601,200,4480000,800000,480400,160000,320400,160000,0,0,0,160400,40537,0.0405
distribute_parallel_for_split_500_800_300,500,300,0,600,2401800,720901,300,5120000,1200000,720600,240000,480600,240000,0,0,0,240600,23222,0.0232
distribute_parallel_for_split_500_800_400,500,400,0,800,3202400,961201,400,5760000,1600000,960800,320000,640800,320000,0,0,0,320800,109544,0.1095
distribute_parallel_for_split_500_800_500,500,500,0,1000,4003000,1201501,500,6400000,2000000,1201000,400000,801000,400000,0,0,0,401000,29163,0.0292
distribute_parallel_for_split_500_800_600,500,600,0,1200,4803600,1441801,600,7040000,2400000,1441200,480000,961200,480000,0,0,0,481200,15036,0.0150
distribute_parallel_for_split_500_800_700,500,700,0,1400,5604200,1682101,700,7680000,2800000,1681400,560000,1121400,560000,0,0,0,561400,59046,0.0590
distribute_parallel_for_split_500_800_800,500,800,0,1600,6404800,1922401,800,8320000,3200000,1921600,640000,1281600,640000,0,0,0,641600,24090,0.0241
distribute_parallel_for_split_500_800_900,500,900,0,1800,7205400,2162701,900,8960000,3600000,2161800,720000,1441800,720000,0,0,0,721800,48453,0.0485
distribute_parallel_for_split_500_900_100,500,100,0,200,900600,270301,100,4320000,400000,270200,90000,180200,90000,0,0,0,90200,32198,0.0322
distribute_parallel_for_split_500_900_200,500,200,0,400,1801200,540601,200,5040000,800000,540400,180000,360400,180000,0,0,0,180400,67912,0.0679
distribute_parallel_for_split_500_900_300,500,300,0,600,2701800,810901,300,5760000,1200000,810600,270000,540600,270000,0,0,0,270600,13070,0.0131
distribute_parallel_for_split_500_900_400,500,400,0,800,3602400,1081201,400,6480000,1600000,1080800,360000,720800,360000,0,0,0,360800,28430,0.0284
distribute_parallel_for_split_500_900_500,500,500,0,1000,4503000,1351501,500,7200000,2000000,1351000,450000,901000,450000,0,0,0,451000,17460,0.0175
distribute_parallel_for_split_500_900_600,500,600,0,1200,5403600,1621801,600,7920000,2400000,1621200,540000,1081200,540000,0,0,0,541200,63239,0.0632
distribute_parallel_for_split_500_900_700,500,700,0,1400,6304200,1892101,700,8640000,2800000,1891400,630000,1261400,630000,0,0,0,631400,56745,0.0567
distribute_parallel_for_split_500_900_800,500,800,0,1600,7204800,2162401,800,9360000,3200000,2161600,720000,1441600,720000,0,0,0,721600,95653,0.0957
distribute_parallel_for_split_500_900_900,500,900,0,1800,8105400,2432701,900,10080000,3600000,2431800,810000,1621800,810000,0,0,0,811800,32246,0.0322
distribute_parallel_for_split_600_100_100,600,100,0,200,100600,30301,100,560000,480000,30200,10000,20200,10000,0,0,0,10200,13406,0.0134
distribute_parallel_for_split_600_100_200,600,200,0,400,201200,60601,200,640000,960000,60400,20000,40400,20000,0,0,0,20400,7529,0.0075
distribute_parallel_for_split_600_100_300,600,300,0,600,301800,90901,300,720000,1440000,90600,30000,60600,30000,0,0,0,30600,13908,0.0139
distribute_parallel_for_split_600_100_400,600,400,0,800,402400,121201,400,800000,1920000,120800,40000,80800,40000,0,0,0,40800,7865,0.0079
distribute_parallel_for_split_600_100_500,600,500,0,1000,503000,151501,500,880000,2400000,151000,50000,101000,50000,0,0,0,51000,30562,0.0306
distribute_parallel_for_split_600_100_600,600,600,0,1200,603600,181801,600,960000,2880000,181200,60000,121200,60000,0,0,0,61200,15500,0.0155
distribute_parallel_for_split_600_100_700,600,700,0,1400,704200,212101,700,1040000,3360000,211400,70000,141400,70000,0,0,0,71400,11944,0.0119
distribute_parallel_for_split_600_100_800,600,800,0,1600,804800,242401,800,1120000,3840000,241600,80000,161600,80000,0,0,0,81600,19454,0.0195
distribute_parallel_for_split_600_100_900,600,900,0,1800,905400,272701,900,1200000,4320000,271800,90000,181800,90000,0,0,0,91800,29933,0.0299
distribute_parallel_for_split_600_200_100,600,100,0,200,200600,60301,100,1120000,480000,60200,20000,40200,20000,0,0,0,20200,22036,0.0220
distribute_parallel_for_split_600_200_200,600,200,0,400,401200,120601,200,1280000,960000,120400,40000,80400,40000,0,0,0,40400,10626,0.0106
distribute_parallel_for_split_600_200_300,600,300,0,600,601800,180901,300,1440000,1440000,180600,60000,120600,60000,0,0,0,60600,7856,0.0079
distribute_parallel_for_split_600_200_400,600,400,0,800,802400,241201,400,1600000,1920000,240800,80000,160800,80000,0,0,0,80800,11455,0.0115
distribute_parallel_for_split_600_200_500,600,500,0,1000,1003000,301501,500,1760000,2400000,301000,100000,201000,100000,0,0,0,101000,7579,0.0076
distribute_parallel_for_split_600_200_600,600,600,0,1200,1203600,361801,600,1920000,2880000,361200,120000,241200,120000,0,0,0,121200,7485,0.0075
distribute_parallel_for_split_600_200_700,600,700,0,1400,1404200,422101,700,2080000,3360000,421400,140000,281400,140000,0,0,0,141400,8005,0.0080
distribute_parallel_for_split_600_200_800,600,800,0,1600,1604800,482401,800,2240000,3840000,481600,160000,321600,160000,0,0,0,161600,83403,0.0834
distribute_parallel_for_split_600_200_900,600,900,0,1800,1805400,542701,900,2400000,4320000,541800,180000,361800,180000,0,0,0,181800,33180,0.0332
distribute_parallel_for_split_600_300_100,600,100,0,200,300600,90301,100,1680000,480000,90200,30000,60200,30000,0,0,0,30200,37821,0.0378
distribute_parallel_for_split_600_300_200,600,200,0,400,601200,180601,200,1920000,960000,180400,60000,120400,60000,0,0,0,60400,22519,0.0225
distribute_parallel_for_split_600_300_300,600,300,0,600,901800,270901,300,2160000,1440000,270600,90000,180600,90000,0,0,0,90600,32123,0.0321
distribute_parallel_for_split_600_300_400,600,400,0,800,1202400,361201,400,2400000,1920000,360800,120000,240800,120000,0,0,0,120800,12481,0.0125
distribute_parallel_for_split_600_300_500,600,500,0,1000,1503000,451501,500,2640000,2400000,451000,150000,301000,150000,0,0,0,151000,9098,0.0091
distribute_parallel_for_split_600_300_600,600,600,0,1200,1803600,541801,600,2880000,2880000,541200,180000,361200,180000,0,0,0,181200,12016,0.0120
distribute_parallel_for_split_600_300_700,600,700,0,1400,2104200,632101,700,3120000,3360000,631400,210000,421400,210000,0,0,0,211400,33443,0.0334
distribute_parallel_for_split_600_300_800,600,800,0,1600,2404800,722401,800,3360000,3840000,721600,240000,481600,240000,0,0,0,241600,10152,0.0102
distribute_parallel_for_split_600_300_900,600,900,0,1800,2705400,812701,900,3600000,4320000,811800,270000,541800,270000,0,0,0,271800,12859,0.0129
distribute_parallel_for_split_600_400_100,600,100,0,200,400600,120301,100,2240000,480000,120200,40000,80200,40000,0,0,0,40200,6466,0.0065
distribute_parallel_for_split_600_400_200,600,200,0,400,801200,240601,200,2560000,960000,240400,80000,160400,80000,0,0,0,80400,19361,0.0194
distribute_parallel_for_split_600_400_300,600,300,0,600,1201800,360901,300,2880000,1440000,360600,120000,240600,120000,0,0,0,120600,6850,0.0069
distribute_parallel_for_split_600_400_400,600,400,0,800,1602400,481201,400,3200000,1920000,480800,160000,320800,160000,0,0,0,160800,56329,0.0563
distribute_parallel_for_split_600_400_500,600,500,0,1000,2003000,601501,500,3520000,2400000,601000,200000,401000,200000,0,0,0,201000,19766,0.0198
distribute_parallel_for_split_600_400_600,600,600,0,1200,2403600,721801,600,3840000,2880000,721200,240000,481200,240000,0,0,0,241200,10217,0.0102
distribute_parallel_for_split_600_400_700,600,700,0,1400,2804200,842101,700,4160000,3360000,841400,280000,561400,280000,0,0,0,281400,12242,0.0122
distribute_parallel_for_split_600_400_800,600,800,0,1600,3204800,962401,800,4480000,3840000,961600,320000,641600,320000,0,0,0,321600,22878,0.0229
distribute_parallel_for_split_600_400_900,600,900,0,1800,3605400,1082701,900,4800000,4320000,1081800,360000,721800,360000,0,0,0,361800,34937,0.0349
distribute_parallel_for_split_600_500_100,600,100,0,200,500600,150301,100,2800000,480000,150200,50000,100200,50000,0,0,0,50200,14531,0.0145
distribute_parallel_for_split_600_500_200,600,200,0,400,1001200,300601,200,3200000,960000,300400,100000,200400,100000,0,0,0,100400,26966,0.0270
distribute_parallel_for_split_600_500_300,600,300,0,600,1501800,450901,300,3600000,1440000,450600,150000,300600,150000,0,0,0,150600,36003,0.0360
distribute_parallel_for_split_600_500_400,600,400,0,800,2002400,601201,400,4000000,1920000,600800,200000,400800,200000,0,0,0,200800,15351,0.0154
distribute_parallel_for_split_600_500_500,600,500,0,1000,2503000,751501,500,4400000,2400000,751000,250000,501000,250000,0,0,0,251000,10939,0.0109
distribute_parallel_for_split_600_500_600,600,600,0,1200,3003600,901801,600,4800000,2880000,901200,300000,601200,300000,0,0,0,301200,17567,0.0176
distribute_parallel_for_split_600_500_700,600,700,0,1400,3504200,1052101,700,5200000,3360000,1051400,350000,701400,350000,0,0,0,351400,18812,0.0188
distribute_parallel_for_split_600_500_800,600,800,0,1600,4004800,1202401,800,5600000,3840000,1201600,400000,801600,400000,0,0,0,401600,44132,0.0441
distribute_parallel_for_split_600_500_900,600,900,0,1800,4505400,1352701,900,6000000,4320000,1351800,450000,901800,450000,0,0,0,451800,27436,0.0274
distribute_parallel_for_split_600_600_100,600,100,0,200,600600,180301,100,3360000,480000,180200,60000,120200,60000,0,0,0,60200,13398,0.0134
distribute_parallel_for_split_600_600_200,600,200,0,400,1201200,360601,200,3840000,960000,360400,120000,240400,120000,0,0,0,120400,17566,0.0176
distribute_parallel_for_split_600_600_300,600,300,0,600,1801800,540901,300,4320000,1440000,540600,180000,360600,180000,0,0,0,180600,48051,0.0481
distribute_parallel_for_split_600_600_400,600,400,0,800,2402400,721201,400,4800000,1920000,720800,240000,480800,240000,0,0,0,240800,70539,0.0705
distribute_parallel_for_split_600_600_500,600,500,0,1000,3003000,901501,500,5280000,2400000,901000,300000,601000,300000,0,0,0,301000,12405,0.0124
distribute_parallel_for_split_600_600_600,600,600,0,1200,3603600,1081801,600,5760000,2880000,1081200,360000,721200,360000,0,0,0,361200,13482,0.0135
distribute_parallel_for_split_600_600_700,600,700,0,1400,4204200,1262101,700,6240000,3360000,1261400,420000,841400,420000,0,0,0,421400,39586,0.0396
distribute_parallel_for_split_600_600_800,600,800,0,1600,4804800,1442401,800,6720000,3840000,1441600,480000,961600,480000,0,0,0,481600,105720,0.1057
distribute_parallel_for_split_600_600_900,600,900,0,1800,5405400,1622701,900,7200000,4320000,1621800,540000,1081800,540000,0,0,0,541800,54575,0.0546
distribute_parallel_for_split_600_700_100,600,100,0,200,700600,210301,100,3920000,480000,210200,70000,140200,70000,0,0,0,70200,11022,0.0110
distribute_parallel_for_split_600_700_200,600,200,0,400,1401200,420601,200,4480000,960000,420400,140000,280400,140000,0,0,0,140400,8908,0.0089
distribute_parallel_for_split_600_700_300,600,300,0,600,2101800,630901,300,5040000,1440000,630600,210000,420600,210000,0,0,0,210600,11746,0.0117
distribute_parallel_for_split_600_700_400,600,400,0,800,2802400,841201,400,5600000,1920000,840800,280000,560800,280000,0,0,0,280800,28446,0.0284
distribute_parallel_for_split_600_700_500,600,500,0,1000,3503000,1051501,500,6160000,2400000,1051000,350000,701000,350000,0,0,0,351000,107416,0.1074
distribute_parallel_for_split_600_700_600,600,600,0,1200,4203600,1261801,600,6720000,2880000,1261200,420000,841200,420000,0,0,0,421200,18239,0.0182
distribute_parallel_for_split_600_700_700,600,700,0,1400,4904200,1472101,700,7280000,3360000,1471400,490000,981400,490000,0,0,0,491400,40076,0.0401
distribute_parallel_for_split_600_700_800,600,800,0,1600,5604800,1682401,800,7840000,3840000,1681600,560000,1121600,560000,0,0,0,561600,68644,0.0686
distribute_parallel_for_split_600_700_900,600,900,0,1800,6305400,1892701,900,8400000,4320000,1891800,630000,1261800,630000,0,0,0,631800,23229,0.0232
distribute_parallel_for_split_600_800_100,600,100,0,200,800600,240301,100,4480000,480000,240200,80000,160200,80000,0,0,0,80200,16727,0.0167
distribute_parallel_for_split_600_800_200,600,200,0,400,1601200,480601,200,5120000,960000,480400,160000,320400,160000,0,0,0,160400,10254,0.0103
distribute_parallel_for_split_600_800_300,600,300,0,600,2401800,720901,300,5760000,1440000,720600,240000,480600,240000,0,0,0,240600,13485,0.0135
distribute_parallel_for_split_600_800_400,600,400,0,800,3202400,961201,400,6400000,1920000,960800,320000,640800,320000,0,0,0,320800,57623,0.0576
distribute_parallel_for_split_600_800_500,600,500,0,1000,4003000,1201501,500,7040000,2400000,1201000,400000,801000,400000,0,0,0,401000,18732,0.0187
distribute_parallel_for_split_600_800_600,600,600,0,1200,4803600,1441801,600,7680000,2880000,1441200,480000,961200,480000,0,0,0,481200,37906,0.0379
distribute_parallel_for_split_600_800_700,600,700,0,1400,5604200,1682101,700,8320000,3360000,1681400,560000,1121400,560000,0,0,0,561400,78001,0.0780
distribute_parallel_for_split_600_800_800,600,800,0,1600,6404800,1922401,800,8960000,3840000,1921600,640000,1281600,640000,0,0,0,641600,74201,0.0742
distribute_parallel_for_split_600_800_900,600,900,0,1800,7205400,2162701,900,9600000,4320000,2161800,720000,1441800,720000,0,0,0,721800,25559,0.0256
distribute_parallel_for_split_600_900_100,600,100,0,200,900600,270301,100,5040000,480000,270200,90000,180200,90000,0,0,0,90200,13737,0.0137
distribute_parallel_for_split_600_900_200,600,200,0,400,1801200,540601,200,5760000,960000,540400,180000,360400,180000,0,0,0,180400,19051,0.0191
distribute_parallel_for_split_600_900_300,600,300,0,600,2701800,810901,300,6480000,1440000,810600,270000,540600,270000,0,0,0,270600,11891,0.0119
distribute_parallel_for_split_600_900_400,600,400,0,800,3602400,1081201,400,7200000,1920000,1080800,360000,720800,360000,0,0,0,360800,36441,0.0364
distribute_parallel_for_split_600_900_500,600,500,0,1000,4503000,1351501,500,7920000,2400000,1351000,450000,901000,450000,0,0,0,451000,19225,0.0192
distribute_parallel_for_split_600_900_600,600,600,0,1200,5403600,1621801,600,8640000,2880000,1621200,540000,1081200,540000,0,0,0,541200,61088,0.0611
distribute_parallel_for_split_600_900_700,600,700,0,1400,6304200,1892101,700,9360000,3360000,1891400,630000,1261400,630000,0,0,0,631400,59883,0.0599
distribute_parallel_for_split_600_900_800,600,800,0,1600,7204800,2162401,800,10080000,3840000,2161600,720000,1441600,720000,0,0,0,721600,23752,0.0238
distribute_parallel_for_split_600_900_900,600,900,0,1800,8105400,2432701,900,10800000,4320000,2431800,810000,1621800,810000,0,0,0,811800,125557,0.1256
distribute_parallel_for_split_700_100_100,700,100,0,200,100600,30301,100,640000,560000,30200,10000,20200,10000,0,0,0,10200,2854,0.0029
distribute_parallel_for_split_700_100_200,700,200,0,400,201200,60601,200,720000,1120000,60400,20000,40400,20000,0,0,0,20400,63696,0.0637
distribute_parallel_for_split_700_100_300,700,300,0,600,301800,90901,300,800000,1680000,90600,30000,60600,30000,0,0,0,30600,5446,0.0054
distribute_parallel_for_split_700_100_400,700,400,0,800,402400,121201,400,880000,2240000,120800,40000,80800,40000,0,0,0,40800,20413,0.0204
distribute_parallel_for_split_700_100_500,700,500,0,1000,503000,151501,500,960000,2800000,151000,50000,101000,50000,0,0,0,51000,15997,0.0160
distribute_parallel_for_split_700_100_600,700,600,0,1200,603600,181801,600,1040000,3360000,181200,60000,121200,60000,0,0,0,61200,7499,0.0075
distribute_parallel_for_split_700_100_700,700,700,0,1400,704200,212101,700,1120000,3920000,211400,70000,141400,70000,0,0,0,71400,10296,0.0103
distribute_parallel_for_split_700_100_800,700,800,0,1600,804800,242401,800,1200000,4480000,241600,80000,161600,80000,0,0,0,81600,7191,0.0072
distribute_parallel_for_split_700_100_900,700,900,0,1800,905400,272701,900,1280000,5040000,271800,90000,181800,90000,0,0,0,91800,6577,0.0066
distribute_parallel_for_split_700_200_100,700,100,0,200,200600,60301,100,1280000,560000,60200,20000,40200,20000,0,0,0,20200,3540,0.0035
distribute_parallel_for_split_700_200_200,700,200,0,400,401200,120601,200,1440000,1120000,120400,40000,80400,40000,0,0,0,40400,6043,0.0060
distribute_parallel_for_split_700_200_300,700,300,0,600,601800,180901,300,1600000,1680000,180600,60000,120600,60000,0,0,0,60600,10314,0.0103
distribute_parallel_for_split_700_200_400,700,400,0,800,802400,241201,400,1760000,2240000,240800,80000,160800,80000,0,0,0,80800,9962,0.0100
distribute_parallel_for_split_700_200_500,700,500,0,1000,1003000,301501,500,1920000,2800000,301000,100000,201000,100000,0,0,0,101000,23173,0.0232
distribute_parallel_for_split_700_200_600,700,600,0,1200,1203600,361801,600,2080000,3360000,361200,120000,241200,120000,0,0,0,121200,59326,0.0593
distribute_parallel_for_split_700_200_700,700,700,0,1400,1404200,422101,700,2240000,3920000,421400,140000,281400,140000,0,0,0,141400,11843,0.0118
distribute_parallel_for_split_700_200_800,700,800,0,1600,1604800,482401,800,2400000,4480000,481600,160000,321600,160000,0,0,0,161600,10789,0.0108
distribute_parallel_for_split_700_200_900,700,900,0,1800,1805400,542701,900,2560000,5040000,541800,180000,361800,180000,0,0,0,181800,12742,0.0127
distribute_parallel_for_split_700_300_100,700,100,0,200,300600,90301,100,1920000,560000,90200,30000,60200,30000,0,0,0,30200,11519,0.0115
distribute_parallel_for_split_700_300_200,700,200,0,400,601200,180601,200,2160000,1120000,180400,60000,120400,60000,0,0,0,60400,6376,0.0064
distribute_parallel_for_split_700_300_300,700,300,0,600,901800,270901,300,2400000,1680000,270600,90000,180600,90000,0,0,0,90600,31943,0.0319
distribute_parallel_for_split_700_300_400,700,400,0,800,1202400,361201,400,2640000,2240000,360800,120000,240800,120000,0,0,0,120800,48197,0.0482
distribute_parallel_for_split_700_300_500,700,500,0,1000,1503000,451501,500,2880000,2800000,451000,150000,301000,150000,0,0,0,151000,8110,0.0081
distribute_parallel_for_split_700_300_600,700,600,0,1200,1803600,541801,600,3120000,3360000,541200,180000,361200,180000,0,0,0,181200,59651,0.0597
distribute_parallel_for_split_700_300_700,700,700,0,1400,2104200,632101,700,3360000,3920000,631400,210000,421400,210000,0,0,0,211400,186322,0.1863
distribute_parallel_for_split_700_300_800,700,800,0,1600,2404800,722401,800,3600000,4480000,721600,240000,481600,240000,0,0,0,241600,85584,0.0856
distribute_parallel_for_split_700_300_900,700,900,0,1800,2705400,812701,900,3840000,5040000,811800,270000,541800,270000,0,0,0,271800,12282,0.0123
distribute_parallel_for_split_700_400_100,700,100,0,200,400600,120301,100,2560000,560000,120200,40000,80200,40000,0,0,0,40200,13933,0.0139
distribute_parallel_for_split_700_400_200,700,200,0,400,801200,240601,200,2880000,1120000,240400,80000,160400,80000,0,0,0,80400,12426,0.0124
distribute_parallel_for_split_700_400_300,700,300,0,600,1201800,360901,300,3200000,1680000,360600,120000,240600,120000,0,0,0,120600,39712,0.0397
distribute_parallel_for_split_700_400_400,700,400,0,800,1602400,481201,400,3520000,2240000,480800,160000,320800,160000,0,0,0,160800,9477,0.0095
distribute_parallel_for_split_700_400_500,700,500,0,1000,2003000,601501,500,3840000,2800000,601000,200000,401000,200000,0,0,0,201000,30558,0.0306
distribute_parallel_for_split_700_400_600,700,600,0,1200,2403600,721801,600,4160000,3360000,721200,240000,481200,240000,0,0,0,241200,24025,0.0240
distribute_parallel_for_split_700_400_700,700,700,0,1400,2804200,842101,700,4480000,3920000,841400,280000,561400,280000,0,0,0,281400,35627,0.0356
distribute_parallel_for_split_700_400_800,700,800,0,1600,3204800,962401,800,4800000,4480000,961600,320000,641600,320000,0,0,0,321600,20190,0.0202
distribute_parallel_for_split_700_400_900,700,900,0,1800,3605400,1082701,900,5120000,5040000,1081800,360000,721800,360000,0,0,0,361800,95311,0.0953
distribute_parallel_for_split_700_500_100,700,100,0,200,500600,150301,100,3200000,560000,150200,50000,100200,50000,0,0,0,50200,14201,0.0142
distribute_parallel_for_split_700_500_200,700,200,0,400,1001200,300601,200,3600000,1120000,300400,100000,200400,100000,0,0,0,100400,26464,0.0265
distribute_parallel_for_split_700_500_300,700,300,0,600,1501800,450901,300,4000000,1680000,450600,150000,300600,150000,0,0,0,150600,22684,0.0227
distribute_parallel_for_split_700_500_400,700,400,0,800,2002400,601201,400,4400000,2240000,600800,200000,400800,200000,0,0,0,200800,9823,0.0098
distribute_parallel_for_split_700_500_500,700,500,0,1000,2503000,751501,500,4800000,2800000,751000,250000,501000,250000,0,0,0,251000,10721,0.0107
distribute_parallel_for_split_700_500_600,700,600,0,1200,3003600,901801,600,5200000,3360000,901200,300000,601200,300000,0,0,0,301200,13869,0.0139
distribute_parallel_for_split_700_500_700,700,700,0,1400,3504200,1052101,700,5600000,3920000,1051400,350000,701400,350000,0,0,0,351400,26677,0.0267
distribute_parallel_for_split_700_500_800,700,800,0,1600,4004800,1202401,800,6000000,4480000,1201600,400000,801600,400000,0,0,0,401600,91015,0.0910
distribute_parallel_for_split_700_500_900,700,900,0,1800,4505400,1352701,900,6400000,5040000,1351800,450000,901800,450000,0,0,0,451800,20647,0.0206
distribute_parallel_for_split_700_600_100,700,100,0,200,600600,180301,100,3840000,560000,180200,60000,120200,60000,0,0,0,60200,7857,0.0079
distribute_parallel_for_split_700_600_200,700,200,0,400,1201200,360601,200,4320000,1120000,360400,120000,240400,120000,0,0,0,120400,7838,0.0078
distribute_parallel_for_split_700_600_300,700,300,0,600,1801800,540901,300,4800000,1680000,540600,180000,360600,180000,0,0,0,180600,10352,0.0104
distribute_parallel_for_split_700_600_400,700,400,0,800,2402400,721201,400,5280000,2240000,720800,240000,480800,240000,0,0,0,240800,12667,0.0127
distribute_parallel_for_split_700_600_500,700,500,0,1000,3003000,901501,500,5760000,2800000,901000,300000,601000,300000,0,0,0,301000,36201,0.0362
distribute_parallel_for_split_700_600_600,700,600,0,1200,3603600,1081801,600,6240000,3360000,1081200,360000,721200,360000,0,0,0,361200,20384,0.0204
distribute_parallel_for_split_700_600_700,700,700,0,1400,4204200,1262101,700,6720000,3920000,1261400,420000,841400,420000,0,0,0,421400,88322,0.0883
distribute_parallel_for_split_700_600_800,700,800,0,1600,4804800,1442401,800,7200000,4480000,1441600,480000,961600,480000,0,0,0,481600,27214,0.0272
distribute_parallel_for_split_700_600_900,700,900,0,1800,5405400,1622701,900,7680000,5040000,1621800,540000,1081800,540000,0,0,0,541800,19202,0.0192
distribute_parallel_for_split_700_700_100,700,100,0,200,700600,210301,100,4480000,560000,210200,70000,140200,70000,0,0,0,70200,16425,0.0164
distribute_parallel_for_split_700_700_200,700,200,0,400,1401200,420601,200,5040000,1120000,420400,140000,280400,140000,0,0,0,140400,13703,0.0137
distribute_parallel_for_split_700_700_300,700,300,0,600,2101800,630901,300,5600000,1680000,630600,210000,420600,210000,0,0,0,210600,34931,0.0349
distribute_parallel_for_split_700_700_400,700,400,0,800,2802400,841201,400,6160000,2240000,840800,280000,560800,280000,0,0,0,280800,48803,0.0488
distribute_parallel_for_split_700_700_500,700,500,0,1000,3503000,1051501,500,6720000,2800000,1051000,350000,701000,350000,0,0,0,351000,20372,0.0204
distribute_parallel_for_split_700_700_600,700,600,0,1200,4203600,1261801,600,7280000,3360000,1261200,420000,841200,420000,0,0,0,421200,23526,0.0235
distribute_parallel_for_split_700_700_700,700,700,0,1400,4904200,1472101,700,7840000,3920000,1471400,490000,981400,490000,0,0,0,491400,47573,0.0476
distribute_parallel_for_split_700_700_800,700,800,0,1600,5604800,1682401,800,8400000,4480000,1681600,560000,1121600,560000,0,0,0,561600,24949,0.0249
distribute_parallel_for_split_700_700_900,700,900,0,1800,6305400,1892701,900,8960000,5040000,1891800,630000,1261800,630000,0,0,0,631800,39576,0.0396
distribute_parallel_for_split_700_800_100,700,100,0,200,800600,240301,100,5120000,560000,240200,80000,160200,80000,0,0,0,80200,9272,0.0093
distribute_parallel_for_split_700_800_200,700,200,0,400,1601200,480601,200,5760000,1120000,480400,160000,320400,160000,0,0,0,160400,14540,0.0145
distribute_parallel_for_split_700_800_300,700,300,0,600,2401800,720901,300,6400000,1680000,720600,240000,480600,240000,0,0,0,240600,85223,0.0852
distribute_parallel_for_split_700_800_400,700,400,0,800,3202400,961201,400,7040000,2240000,960800,320000,640800,320000,0,0,0,320800,54199,0.0542
distribute_parallel_for_split_700_800_500,700,500,0,1000,4003000,1201501,500,7680000,2800000,1201000,400000,801000,400000,0,0,0,401000,88597,0.0886
distribute_parallel_for_split_700_800_600,700,600,0,1200,4803600,1441801,600,8320000,3360000,1441200,480000,961200,480000,0,0,0,481200,54419,0.0544
distribute_parallel_for_split_700_800_700,700,700,0,1400,5604200,1682101,700,8960000,3920000,1681400,560000,1121400,560000,0,0,0,561400,25515,0.0255
distribute_parallel_for_split_700_800_800,700,800,0,1600,6404800,1922401,800,9600000,4480000,1921600,640000,1281600,640000,0,0,0,641600,22894,0.0229
distribute_parallel_for_split_700_800_900,700,900,0,1800,7205400,2162701,900,10240000,5040000,2161800,720000,1441800,720000,0,0,0,721800,38425,0.0384
distribute_parallel_for_split_700_900_100,700,100,0,200,900600,270301,100,5760000,560000,270200,90000,180200,90000,0,0,0,90200,9127,0.0091
distribute_parallel_for_split_700_900_200,700,200,0,400,1801200,540601,200,6480000,1120000,540400,180000,360400,180000,0,0,0,180400,11837,0.0118
distribute_parallel_for_split_700_900_300,700,300,0,600,2701800,810901,300,7200000,1680000,810600,270000,540600,270000,0,0,0,270600,48608,0.0486
distribute_parallel_for_split_700_900_400,700,400,0,800,3602400,1081201,400,7920000,2240000,1080800,360000,720800,360000,0,0,0,360800,105006,0.1050
distribute_parallel_for_split_700_900_500,700,500,0,1000,4503000,1351501,500,8640000,2800000,1351000,450000,901000,450000,0,0,0,451000,55260,0.0553
distribute_parallel_for_split_700_900_600,700,600,0,1200,5403600,1621801,600,9360000,3360000,1621200,540000,1081200,540000,0,0,0,541200,29561,0.0296
distribute_parallel_for_split_700_900_700,700,700,0,1400,6304200,1892101,700,10080000,3920000,1891400,630000,1261400,630000,0,0,0,631400,21609,0.0216
distribute_parallel_for_split_700_900_800,700,800,0,1600,7204800,2162401,800,10800000,4480000,2161600,720000,1441600,720000,0,0,0,721600,61105,0.0611
distribute_parallel_for_split_700_900_900,700,900,0,1800,8105400,2432701,900,11520000,5040000,2431800,810000,1621800,810000,0,0,0,811800,60912,0.0609
distribute_parallel_for_split_800_100_100,800,100,0,200,100600,30301,100,720000,640000,30200,10000,20200,10000,0,0,0,10200,9016,0.0090
distribute_parallel_for_split_800_100_200,800,200,0,400,201200,60601,200,800000,1280000,60400,20000,40400,20000,0,0,0,20400,5273,0.0053
distribute_parallel_for_split_800_100_300,800,300,0,600,301800,90901,300,880000,1920000,90600,30000,60600,30000,0,0,0,30600,6442,0.0064
distribute_parallel_for_split_800_100_400,800,400,0,800,402400,121201,400,960000,2560000,120800,40000,80800,40000,0,0,0,40800,6528,0.0065
distribute_parallel_for_split_800_100_500,800,500,0,1000,503000,151501,500,1040000,3200000,151000,50000,101000,50000,0,0,0,51000,46338,0.0463
distribute_parallel_for_split_800_100_600,800,600,0,1200,603600,181801,600,1120000,3840000,181200,60000,121200,60000,0,0,0,61200,22475,0.0225
distribute_parallel_for_split_800_100_700,800,700,0,1400,704200,212101,700,1200000,4480000,211400,70000,141400,70000,0,0,0,71400,29259,0.0293
distribute_parallel_for_split_800_100_800,800,800,0,1600,804800,242401,800,1280000,5120000,241600,80000,161600,80000,0,0,0,81600,16460,0.0165
distribute_parallel_for_split_800_100_900,800,900,0,1800,905400,272701,900,1360000,5760000,271800,90000,181800,90000,0,0,0,91800,9169,0.0092
distribute_parallel_for_split_800_200_100,800,100,0,200,200600,60301,100,1440000,640000,60200,20000,40200,20000,0,0,0,20200,4577,0.0046
distribute_parallel_for_split_800_200_200,800,200,0,400,401200,120601,200,1600000,1280000,120400,40000,80400,40000,0,0,0,40400,7496,0.0075
distribute_parallel_for_split_800_200_300,800,300,0,600,601800,180901,300,1760000,1920000,180600,60000,120600,60000,0,0,0,60600,17166,0.0172
distribute_parallel_for_split_800_200_400,800,400,0,800,802400,241201,400,1920000,2560000,240800,80000,160800,80000,0,0,0,80800,14397,0.0144
distribute_parallel_for_split_800_200_500,800,500,0,1000,1003000,301501,500,2080000,3200000,301000,100000,201000,100000,0,0,0,101000,14789,0.0148
distribute_parallel_for_split_800_200_600,800,600,0,1200,1203600,361801,600,2240000,3840000,361200,120000,241200,120000,0,0,0,121200,12357,0.0124
distribute_parallel_for_split_800_200_700,800,700,0,1400,1404200,422101,700,2400000,4480000,421400,140000,281400,140000,0,0,0,141400,13691,0.0137
distribute_parallel_for_split_800_200_800,800,800,0,1600,1604800,482401,800,2560000,5120000,481600,160000,321600,160000,0,0,0,161600,43992,0.0440
distribute_parallel_for_split_800_200_900,800,900,0,1800,1805400,542701,900,2720000,5760000,541800,180000,361800,180000,0,0,0,181800,17109,0.0171
distribute_parallel_for_split_800_300_100,800,100,0,200,300600,90301,100,2160000,640000,90200,30000,60200,30000,0,0,0,30200,9295,0.0093
distribute_parallel_for_split_800_300_200,800,200,0,400,601200,180601,200,2400000,1280000,180400,60000,120400,60000,0,0,0,60400,8201,0.0082
distribute_parallel_for_split_800_300_300,800,300,0,600,901800,270901,300,2640000,1920000,270600,90000,180600,90000,0,0,0,90600,10542,0.0105
distribute_parallel_for_split_800_300_400,800,400,0,800,1202400,361201,400,2880000,2560000,360800,120000,240800,120000,0,0,0,120800,11764,0.0118
distribute_parallel_for_split_800_300_500,800,500,0,1000,1503000,451501,500,3120000,3200000,451000,150000,301000,150000,0,0,0,151000,12652,0.0127
distribute_parallel_for_split_800_300_600,800,600,0,1200,1803600,541801,600,3360000,3840000,541200,180000,361200,180000,0,0,0,181200,32160,0.0322
distribute_parallel_for_split_800_300_700,800,700,0,1400,2104200,632101,700,3600000,4480000,631400,210000,421400,210000,0,0,0,211400,13669,0.0137
distribute_parallel_for_split_800_300_800,800,800,0,1600,2404800,722401,800,3840000,5120000,721600,240000,481600,240000,0,0,0,241600,60550,0.0605
distribute_parallel_for_split_800_300_900,800,900,0,1800,2705400,812701,900,4080000,5760000,811800,270000,541800,270000,0,0,0,271800,22591,0.0226
distribute_parallel_for_split_800_400_100,800,100,0,200,400600,120301,100,2880000,640000,120200,40000,80200,40000,0,0,0,40200,35618,0.0356
distribute_parallel_for_split_800_400_200,800,200,0,400,801200,240601,200,3200000,1280000,240400,80000,160400,80000,0,0,0,80400,13193,0.0132
distribute_parallel_for_split_800_400_300,800,300,0,600,1201800,360901,300,3520000,1920000,360600,120000,240600,120000,0,0,0,120600,20203,0.0202
distribute_parallel_for_split_800_400_400,800,400,0,800,1602400,481201,400,3840000,2560000,480800,160000,320800,160000,0,0,0,160800,12794,0.0128
distribute_parallel_for_split_800_400_500,800,500,0,1000,2003000,601501,500,4160000,3200000,601000,200000,401000,200000,0,0,0,201000,54906,0.0549
distribute_parallel_for_split_800_400_600,800,600,0,1200,2403600,721801,600,4480000,3840000,721200,240000,481200,240000,0,0,0,241200,34571,0.0346
distribute_parallel_for_split_800_400_700,800,700,0,1400,2804200,842101,700,4800000,4480000,841400,280000,561400,280000,0,0,0,281400,27810,0.0278
distribute_parallel_for_split_800_400_800,800,800,0,1600,3204800,962401,800,5120000,5120000,961600,320000,641600,320000,0,0,0,321600,31422,0.0314
distribute_parallel_for_split_800_400_900,800,900,0,1800,3605400,1082701,900,5440000,5760000,1081800,360000,721800,360000,0,0,0,361800,27527,0.0275
distribute_parallel_for_split_800_500_100,800,100,0,200,500600,150301,100,3600000,640000,150200,50000,100200,50000,0,0,0,50200,30377,0.0304
distribute_parallel_for_split_800_500_200,800,200,0,400,1001200,300601,200,4000000,1280000,300400,100000,200400,100000,0,0,0,100400,36806,0.0368
distribute_parallel_for_split_800_500_300,800,300,0,600,1501800,450901,300,4400000,1920000,450600,150000,300600,150000,0,0,0,150600,12713,0.0127
distribute_parallel_for_split_800_500_400,800,400,0,800,2002400,601201,400,4800000,2560000,600800,200000,400800,200000,0,0,0,200800,88032,0.0880
distribute_parallel_for_split_800_500_500,800,500,0,1000,2503000,751501,500,5200000,3200000,751000,250000,501000,250000,0,0,0,251000,24563,0.0246
distribute_parallel_for_split_800_500_600,800,600,0,1200,3003600,901801,600,5600000,3840000,901200,300000,601200,300000,0,0,0,301200,19474,0.0195
distribute_parallel_for_split_800_500_700,800,700,0,1400,3504200,1052101,700,6000000,4480000,1051400,350000,701400,350000,0,0,0,351400,22663,0.0227
distribute_parallel_for_split_800_500_800,800,800,0,1600,4004800,1202401,800,6400000,5120000,1201600,400000,801600,400000,0,0,0,401600,23350,0.0233
distribute_parallel_for_split_800_500_900,800,900,0,1800,4505400,1352701,900,6800000,5760000,1351800,450000,901800,450000,0,0,0,451800,99236,0.0992
distribute_parallel_for_split_800_600_100,800,100,0,200,600600,180301,100,4320000,640000,180200,60000,120200,60000,0,0,0,60200,39446,0.0394
distribute_parallel_for_split_800_600_200,800,200,0,400,1201200,360601,200,4800000,1280000,360400,120000,240400,120000,0,0,0,120400,11500,0.0115
distribute_parallel_for_split_800_600_300,800,300,0,600,1801800,540901,300,5280000,1920000,540600,180000,360600,180000,0,0,0,180600,14404,0.0144
distribute_parallel_for_split_800_600_400,800,400,0,800,2402400,721201,400,5760000,2560000,720800,240000,480800,240000,0,0,0,240800,18842,0.0188
distribute_parallel_for_split_800_600_500,800,500,0,1000,3003000,901501,500,6240000,3200000,901000,300000,601000,300000,0,0,0,301000,71083,0.0711
distribute_parallel_for_split_800_600_600,800,600,0,1200,3603600,1081801,600,6720000,3840000,1081200,360000,721200,360000,0,0,0,361200,29148,0.0291
distribute_parallel_for_split_800_600_700,800,700,0,1400,4204200,1262101,700,7200000,4480000,1261400,420000,841400,420000,0,0,0,421400,36350,0.0364
distribute_parallel_for_split_800_600_800,800,800,0,1600,4804800,1442401,800,7680000,5120000,1441600,480000,961600,480000,0,0,0,481600,40607,0.0406
distribute_parallel_for_split_800_600_900,800,900,0,1800,5405400,1622701,900,8160000,5760000,1621800,540000,1081800,540000,0,0,0,541800,27240,0.0272
distribute_parallel_for_split_800_700_100,800,100,0,200,700600,210301,100,5040000,640000,210200,70000,140200,70000,0,0,0,70200,15385,0.0154
distribute_parallel_for_split_800_700_200,800,200,0,400,1401200,420601,200,5600000,1280000,420400,140000,280400,140000,0,0,0,140400,13788,0.0138
distribute_parallel_for_split_800_700_300,800,300,0,600,2101800,630901,300,6160000,1920000,630600,210000,420600,210000,0,0,0,210600,18431,0.0184
distribute_parallel_for_split_800_700_400,800,400,0,800,2802400,841201,400,6720000,2560000,840800,280000,560800,280000,0,0,0,280800,17819,0.0178
distribute_parallel_for_split_800_700_500,800,500,0,1000,3503000,1051501,500,7280000,3200000,1051000,350000,701000,350000,0,0,0,351000,55035,0.0550
distribute_parallel_for_split_800_700_600,800,600,0,1200,4203600,1261801,600,7840000,3840000,1261200,420000,841200,420000,0,0,0,421200,24068,0.0241
distribute_parallel_for_split_800_700_700,800,700,0,1400,4904200,1472101,700,8400000,4480000,1471400,490000,981400,490000,0,0,0,491400,33706,0.0337
distribute_parallel_for_split_800_700_800,800,800,0,1600,5604800,1682401,800,8960000,5120000,1681600,560000,1121600,560000,0,0,0,561600,44896,0.0449
distribute_parallel_for_split_800_700_900,800,900,0,1800,6305400,1892701,900,9520000,5760000,1891800,630000,1261800,630000,0,0,0,631800,39907,0.0399
distribute_parallel_for_split_800_800_100,800,100,0,200,800600,240301,100,5760000,640000,240200,80000,160200,80000,0,0,0,80200,18132,0.0181
distribute_parallel_for_split_800_800_200,800,200,0,400,1601200,480601,200,6400000,1280000,480400,160000,320400,160000,0,0,0,160400,22496,0.0225
distribute_parallel_for_split_800_800_300,800,300,0,600,2401800,720901,300,7040000,1920000,720600,240000,480600,240000,0,0,0,240600,17525,0.0175
distribute_parallel_for_split_800_800_400,800,400,0,800,3202400,961201,400,7680000,2560000,960800,320000,640800,320000,0,0,0,320800,21145,0.0211
distribute_parallel_for_split_800_800_500,800,500,0,1000,4003000,1201501,500,8320000,3200000,1201000,400000,801000,400000,0,0,0,401000,62768,0.0628
distribute_parallel_for_split_800_800_600,800,600,0,1200,4803600,1441801,600,8960000,3840000,1441200,480000,961200,480000,0,0,0,481200,35707,0.0357
distribute_parallel_for_split_800_800_700,800,700,0,1400,5604200,1682101,700,9600000,4480000,1681400,560000,1121400,560000,0,0,0,561400,30197,0.0302
distribute_parallel_for_split_800_800_800,800,800,0,1600,6404800,1922401,800,10240000,5120000,1921600,640000,1281600,640000,0,0,0,641600,143696,0.1437
distribute_parallel_for_split_800_800_900,800,900,0,1800,7205400,2162701,900,10880000,5760000,2161800,720000,1441800,720000,0,0,0,721800,79520,0.0795
distribute_parallel_for_split_800_900_100,800,100,0,200,900600,270301,100,6480000,640000,270200,90000,180200,90000,0,0,0,90200,10155,0.0102
distribute_parallel_for_split_800_900_200,800,200,0,400,1801200,540601,200,7200000,1280000,540400,180000,360400,180000,0,0,0,180400,29980,0.0300
distribute_parallel_for_split_800_900_300,800,300,0,600,2701800,810901,300,7920000,1920000,810600,270000,540600,270000,0,0,0,270600,23303,0.0233
distribute_parallel_for_split_800_900_400,800,400,0,800,3602400,1081201,400,8640000,2560000,1080800,360000,720800,360000,0,0,0,360800,54628,0.0546
distribute_parallel_for_split_800_900_500,800,500,0,1000,4503000,1351501,500,9360000,3200000,1351000,450000,901000,450000,0,0,0,451000,69048,0.0690
distribute_parallel_for_split_800_900_600,800,600,0,1200,5403600,1621801,600,10080000,3840000,1621200,540000,1081200,540000,0,0,0,541200,30166,0.0302
distribute_parallel_for_split_800_900_700,800,700,0,1400,6304200,1892101,700,10800000,4480000,1891400,630000,1261400,630000,0,0,0,631400,34330,0.0343
distribute_parallel_for_split_800_900_800,800,800,0,1600,7204800,2162401,800,11520000,5120000,2161600,720000,1441600,720000,0,0,0,721600,34500,0.0345
distribute_parallel_for_split_800_900_900,800,900,0,1800,8105400,2432701,900,12240000,5760000,2431800,810000,1621800,810000,0,0,0,811800,41205,0.0412
distribute_parallel_for_split_900_100_100,900,100,0,200,100600,30301,100,800000,720000,30200,10000,20200,10000,0,0,0,10200,45056,0.0451
distribute_parallel_for_split_900_100_200,900,200,0,400,201200,60601,200,880000,1440000,60400,20000,40400,20000,0,0,0,20400,44531,0.0445
distribute_parallel_for_split_900_100_300,900,300,0,600,301800,90901,300,960000,2160000,90600,30000,60600,30000,0,0,0,30600,10381,0.0104
distribute_parallel_for_split_900_100_400,900,400,0,800,402400,121201,400,1040000,2880000,120800,40000,80800,40000,0,0,0,40800,7185,0.0072
distribute_parallel_for_split_900_100_500,900,500,0,1000,503000,151501,500,1120000,3600000,151000,50000,101000,50000,0,0,0,51000,7494,0.0075
distribute_parallel_for_split_900_100_600,900,600,0,1200,603600,181801,600,1200000,4320000,181200,60000,121200,60000,0,0,0,61200,19665,0.0197
distribute_parallel_for_split_900_100_700,900,700,0,1400,704200,212101,700,1280000,5040000,211400,70000,141400,70000,0,0,0,71400,9235,0.0092
distribute_parallel_for_split_900_100_800,900,800,0,1600,804800,242401,800,1360000,5760000,241600,80000,161600,80000,0,0,0,81600,69857,0.0699
distribute_parallel_for_split_900_100_900,900,900,0,1800,905400,272701,900,1440000,6480000,271800,90000,181800,90000,0,0,0,91800,52377,0.0524
distribute_parallel_for_split_900_1400_1400,900,1400,0,2800,19608400,5884201,1400,25760000,10080000,5882800,1960000,3922800,1960000,0,0,0,1962800,82532,0.0825
distribute_parallel_for_split_900_1400_1900,900,1900,0,3800,26611400,7985701,1900,31360000,13680000,7983800,2660000,5323800,2660000,0,0,0,2663800,100350,0.1003
distribute_parallel_for_split_900_1400_2400,900,2400,0,4800,33614400,10087201,2400,36960000,17280000,10084800,3360000,6724800,3360000,0,0,0,3364800,220802,0.2208
distribute_parallel_for_split_900_1400_2900,900,2900,0,5800,40617400,12188701,2900,42560000,20880000,12185800,4060000,8125800,4060000,0,0,0,4065800,173717,0.1737
distribute_parallel_for_split_900_1400_3400,900,3400,0,6800,47620400,14290201,3400,48160000,24480000,14286800,4760000,9526800,4760000,0,0,0,4766800,223049,0.2230
distribute_parallel_for_split_900_1400_3900,900,3900,0,7800,54623400,16391701,3900,53760000,28080000,16387800,5460000,10927800,5460000,0,0,0,5467800,246662,0.2467
distribute_parallel_for_split_900_1400_900,900,900,0,1800,12605400,3782701,900,20160000,6480000,3781800,1260000,2521800,1260000,0,0,0,1261800,72290,0.0723
distribute_parallel_for_split_900_1900_1400,900,1400,0,2800,26608400,7984201,1400,34960000,10080000,7982800,2660000,5322800,2660000,0,0,0,2662800,105448,0.1054
distribute_parallel_for_split_900_1900_1900,900,1900,0,3800,36111400,10835701,1900,42560000,13680000,10833800,3610000,7223800,3610000,0,0,0,3613800,231483,0.2315
distribute_parallel_for_split_900_1900_2400,900,2400,0,4800,45614400,13687201,2400,50160000,17280000,13684800,4560000,9124800,4560000,0,0,0,4564800,263781,0.2638
distribute_parallel_for_split_900_1900_2900,900,2900,0,5800,55117400,16538701,2900,57760000,20880000,16535800,5510000,11025800,5510000,0,0,0,5515800,395010,0.3950
distribute_parallel_for_split_900_1900_3400,900,3400,0,6800,64620400,19390201,3400,65360000,24480000,19386800,6460000,12926800,6460000,0,0,0,6466800,540247,0.5402
distribute_parallel_for_split_900_1900_3900,900,3900,0,7800,74123400,22241701,3900,72960000,28080000,22237800,7410000,14827800,7410000,0,0,0,7417800,286762,0.2868
distribute_parallel_for_split_900_1900_900,900,900,0,1800,17105400,5132701,900,27360000,6480000,5131800,1710000,3421800,1710000,0,0,0,1711800,120079,0.1201
distribute_parallel_for_split_900_200_100,900,100,0,200,200600,60301,100,1600000,720000,60200,20000,40200,20000,0,0,0,20200,5535,0.0055
distribute_parallel_for_split_900_200_200,900,200,0,400,401200,120601,200,1760000,1440000,120400,40000,80400,40000,0,0,0,40400,12474,0.0125
distribute_parallel_for_split_900_200_300,900,300,0,600,601800,180901,300,1920000,2160000,180600,60000,120600,60000,0,0,0,60600,20910,0.0209
distribute_parallel_for_split_900_200_400,900,400,0,800,802400,241201,400,2080000,2880000,240800,80000,160800,80000,0,0,0,80800,35567,0.0356
distribute_parallel_for_split_900_200_500,900,500,0,1000,1003000,301501,500,2240000,3600000,301000,100000,201000,100000,0,0,0,101000,29360,0.0294
distribute_parallel_for_split_900_200_600,900,600,0,1200,1203600,361801,600,2400000,4320000,361200,120000,241200,120000,0,0,0,121200,20101,0.0201
distribute_parallel_for_split_900_200_700,900,700,0,1400,1404200,422101,700,2560000,5040000,421400,140000,281400,140000,0,0,0,141400,19147,0.0191
distribute_parallel_for_split_900_200_800,900,800,0,1600,1604800,482401,800,2720000,5760000,481600,160000,321600,160000,0,0,0,161600,19413,0.0194
distribute_parallel_for_split_900_200_900,900,900,0,1800,1805400,542701,900,2880000,6480000,541800,180000,361800,180000,0,0,0,181800,68098,0.0681
distribute_parallel_for_split_900_2400_1400,900,1400,0,2800,33608400,10084201,1400,44160000,10080000,10082800,3360000,6722800,3360000,0,0,0,3362800,234526,0.2345
distribute_parallel_for_split_900_2400_1900,900,1900,0,3800,45611400,13685701,1900,53760000,13680000,13683800,4560000,9123800,4560000,0,0,0,4563800,226176,0.2262
distribute_parallel_for_split_900_2400_2400,900,2400,0,4800,57614400,17287201,2400,63360000,17280000,17284800,5760000,11524800,5760000,0,0,0,5764800,229260,0.2293
distribute_parallel_for_split_900_2400_2900,900,2900,0,5800,69617400,20888701,2900,72960000,20880000,20885800,6960000,13925800,6960000,0,0,0,6965800,459707,0.4597
distribute_parallel_for_split_900_2400_3400,900,3400,0,6800,81620400,24490201,3400,82560000,24480000,24486800,8160000,16326800,8160000,0,0,0,8166800,332257,0.3323
distribute_parallel_for_split_900_2400_3900,900,3900,0,7800,93623400,28091701,3900,92160000,28080000,28087800,9360000,18727800,9360000,0,0,0,9367800,455802,0.4558
distribute_parallel_for_split_900_2400_900,900,900,0,1800,21605400,6482701,900,34560000,6480000,6481800,2160000,4321800,2160000,0,0,0,2161800,92269,0.0923
distribute_parallel_for_split_900_2900_1400,900,1400,0,2800,40608400,12184201,1400,53360000,10080000,12182800,4060000,8122800,4060000,0,0,0,4062800,177054,0.1771
distribute_parallel_for_split_900_2900_1900,900,1900,0,3800,55111400,16535701,1900,64960000,13680000,16533800,5510000,11023800,5510000,0,0,0,5513800,302937,0.3029
distribute_parallel_for_split_900_2900_2400,900,2400,0,4800,69614400,20887201,2400,76560000,17280000,20884800,6960000,13924800,6960000,0,0,0,6964800,393033,0.3930
distribute_parallel_for_split_900_2900_2900,900,2900,0,5800,84117400,25238701,2900,88160000,20880000,25235800,8410000,16825800,8410000,0,0,0,8415800,367161,0.3672
distribute_parallel_for_split_900_2900_3400,900,3400,0,6800,98620400,29590201,3400,99760000,24480000,29586800,9860000,19726800,9860000,0,0,0,9866800,443973,0.4440
distribute_parallel_for_split_900_2900_3900,900,3900,0,7800,113123400,33941701,3900,111360000,28080000,33937800,11310000,22627800,11310000,0,0,0,11317800,487138,0.4871
distribute_parallel_for_split_900_2900_900,900,900,0,1800,26105400,7832701,900,41760000,6480000,7831800,2610000,5221800,2610000,0,0,0,2611800,105010,0.1050
distribute_parallel_for_split_900_300_100,900,100,0,200,300600,90301,100,2400000,720000,90200,30000,60200,30000,0,0,0,30200,6376,0.0064
distribute_parallel_for_split_900_300_200,900,200,0,400,601200,180601,200,2640000,1440000,180400,60000,120400,60000,0,0,0,60400,19473,0.0195
distribute_parallel_for_split_900_300_300,900,300,0,600,901800,270901,300,2880000,2160000,270600,90000,180600,90000,0,0,0,90600,25100,0.0251
distribute_parallel_for_split_900_300_400,900,400,0,800,1202400,361201,400,3120000,2880000,360800,120000,240800,120000,0,0,0,120800,35393,0.0354
distribute_parallel_for_split_900_300_500,900,500,0,1000,1503000,451501,500,3360000,3600000,451000,150000,301000,150000,0,0,0,151000,11160,0.0112
distribute_parallel_for_split_900_300_600,900,600,0,1200,1803600,541801,600,3600000,4320000,541200,180000,361200,180000,0,0,0,181200,19680,0.0197
distribute_parallel_for_split_900_300_700,900,700,0,1400,2104200,632101,700,3840000,5040000,631400,210000,421400,210000,0,0,0,211400,14284,0.0143
distribute_parallel_for_split_900_300_800,900,800,0,1600,2404800,722401,800,4080000,5760000,721600,240000,481600,240000,0,0,0,241600,16700,0.0167
distribute_parallel_for_split_900_300_900,900,900,0,1800,2705400,812701,900,4320000,6480000,811800,270000,541800,270000,0,0,0,271800,18133,0.0181
distribute_parallel_for_split_900_3400_1400,900,1400,0,2800,47608400,14284201,1400,62560000,10080000,14282800,4760000,9522800,4760000,0,0,0,4762800,231492,0.2315
distribute_parallel_for_split_900_3400_1900,900,1900,0,3800,64611400,19385701,1900,76160000,13680000,19383800,6460000,12923800,6460000,0,0,0,6463800,544934,0.5449
distribute_parallel_for_split_900_3400_2400,900,2400,0,4800,81614400,24487201,2400,89760000,17280000,24484800,8160000,16324800,8160000,0,0,0,8164800,454051,0.4541
distribute_parallel_for_split_900_3400_2900,900,2900,0,5800,98617400,29588701,2900,103360000,20880000,29585800,9860000,19725800,9860000,0,0,0,9865800,380936,0.3809
distribute_parallel_for_split_900_3400_3400,900,3400,0,6800,115620400,34690201,3400,116960000,24480000,34686800,11560000,23126800,11560000,0,0,0,11566800,529510,0.5295
distribute_parallel_for_split_900_3400_3900,900,3900,0,7800,132623400,39791701,3900,130560000,28080000,39787800,13260000,26527800,13260000,0,0,0,13267800,805213,0.8052
distribute_parallel_for_split_900_3400_900,900,900,0,1800,30605400,9182701,900,48960000,6480000,9181800,3060000,6121800,3060000,0,0,0,3061800,415971,0.4160
distribute_parallel_for_split_900_3900_1400,900,1400,0,2800,54608400,16384201,1400,71760000,10080000,16382800,5460000,10922800,5460000,0,0,0,5462800,420796,0.4208
distribute_parallel_for_split_900_3900_1900,900,1900,0,3800,74111400,22235701,1900,87360000,13680000,22233800,7410000,14823800,7410000,0,0,0,7413800,348059,0.3481
distribute_parallel_for_split_900_3900_2400,900,2400,0,4800,93614400,28087201,2400,102960000,17280000,28084800,9360000,18724800,9360000,0,0,0,9364800,354104,0.3541
distribute_parallel_for_split_900_3900_2900,900,2900,0,5800,113117400,33938701,2900,118560000,20880000,33935800,11310000,22625800,11310000,0,0,0,11315800,471202,0.4712
distribute_parallel_for_split_900_3900_3400,900,3400,0,6800,132620400,39790201,3400,134160000,24480000,39786800,13260000,26526800,13260000,0,0,0,13266800,784820,0.7848
distribute_parallel_for_split_900_3900_3900,900,3900,0,7800,152123400,45641701,3900,149760000,28080000,45637800,15210000,30427800,15210000,0,0,0,15217800,574701,0.5747
distribute_parallel_for_split_900_3900_900,900,900,0,1800,35105400,10532701,900,56160000,6480000,10531800,3510000,7021800,3510000,0,0,0,3511800,180638,0.1806
distribute_parallel_for_split_900_400_100,900,100,0,200,400600,120301,100,3200000,720000,120200,40000,80200,40000,0,0,0,40200,7476,0.0075
distribute_parallel_for_split_900_400_200,900,200,0,400,801200,240601,200,3520000,1440000,240400,80000,160400,80000,0,0,0,80400,20819,0.0208
distribute_parallel_for_split_900_400_300,900,300,0,600,1201800,360901,300,3840000,2160000,360600,120000,240600,120000,0,0,0,120600,11821,0.0118
distribute_parallel_for_split_900_400_400,900,400,0,800,1602400,481201,400,4160000,2880000,480800,160000,320800,160000,0,0,0,160800,62047,0.0620
distribute_parallel_for_split_900_400_500,900,500,0,1000,2003000,601501,500,4480000,3600000,601000,200000,401000,200000,0,0,0,201000,17728,0.0177
distribute_parallel_for_split_900_400_600,900,600,0,1200,2403600,721801,600,4800000,4320000,721200,240000,481200,240000,0,0,0,241200,25639,0.0256
distribute_parallel_for_split_900_400_700,900,700,0,1400,2804200,842101,700,5120000,5040000,841400,280000,561400,280000,0,0,0,281400,16251,0.0163
distribute_parallel_for_split_900_400_800,900,800,0,1600,3204800,962401,800,5440000,5760000,961600,320000,641600,320000,0,0,0,321600,17956,0.0180
distribute_parallel_for_split_900_400_900,900,900,0,1800,3605400,1082701,900,5760000,6480000,1081800,360000,721800,360000,0,0,0,361800,28257,0.0283
distribute_parallel_for_split_900_500_100,900,100,0,200,500600,150301,100,4000000,720000,150200,50000,100200,50000,0,0,0,50200,37219,0.0372
distribute_parallel_for_split_900_500_200,900,200,0,400,1001200,300601,200,4400000,1440000,300400,100000,200400,100000,0,0,0,100400,46490,0.0465
distribute_parallel_for_split_900_500_300,900,300,0,600,1501800,450901,300,4800000,2160000,450600,150000,300600,150000,0,0,0,150600,39685,0.0397
distribute_parallel_for_split_900_500_400,900,400,0,800,2002400,601201,400,5200000,2880000,600800,200000,400800,200000,0,0,0,200800,68701,0.0687
distribute_parallel_for_split_900_500_500,900,500,0,1000,2503000,751501,500,5600000,3600000,751000,250000,501000,250000,0,0,0,251000,106114,0.1061
distribute_parallel_for_split_900_500_600,900,600,0,1200,3003600,901801,600,6000000,4320000,901200,300000,601200,300000,0,0,0,301200,36815,0.0368
distribute_parallel_for_split_900_500_700,900,700,0,1400,3504200,1052101,700,6400000,5040000,1051400,350000,701400,350000,0,0,0,351400,21792,0.0218
distribute_parallel_for_split_900_500_800,900,800,0,1600,4004800,1202401,800,6800000,5760000,1201600,400000,801600,400000,0,0,0,401600,24484,0.0245
distribute_parallel_for_split_900_500_900,900,900,0,1800,4505400,1352701,900,7200000,6480000,1351800,450000,901800,450000,0,0,0,451800,23954,0.0240
distribute_parallel_for_split_900_600_100,900,100,0,200,600600,180301,100,4800000,720000,180200,60000,120200,60000,0,0,0,60200,9546,0.0095
distribute_parallel_for_split_900_600_200,900,200,0,400,1201200,360601,200,5280000,1440000,360400,120000,240400,120000,0,0,0,120400,23772,0.0238
distribute_parallel_for_split_900_600_300,900,300,0,600,1801800,540901,300,5760000,2160000,540600,180000,360600,180000,0,0,0,180600,49778,0.0498
distribute_parallel_for_split_900_600_400,900,400,0,800,2402400,721201,400,6240000,2880000,720800,240000,480800,240000,0,0,0,240800,28554,0.0286
distribute_parallel_for_split_900_600_500,900,500,0,1000,3003000,901501,500,6720000,3600000,901000,300000,601000,300000,0,0,0,301000,23733,0.0237
distribute_parallel_for_split_900_600_600,900,600,0,1200,3603600,1081801,600,7200000,4320000,1081200,360000,721200,360000,0,0,0,361200,19821,0.0198
distribute_parallel_for_split_900_600_700,900,700,0,1400,4204200,1262101,700,7680000,5040000,1261400,420000,841400,420000,0,0,0,421400,38408,0.0384
distribute_parallel_for_split_900_600_800,900,800,0,1600,4804800,1442401,800,8160000,5760000,1441600,480000,961600,480000,0,0,0,481600,65961,0.0660
distribute_parallel_for_split_900_600_900,900,900,0,1800,5405400,1622701,900,8640000,6480000,1621800,540000,1081800,540000,0,0,0,541800,33338,0.0333
distribute_parallel_for_split_900_700_100,900,100,0,200,700600,210301,100,5600000,720000,210200,70000,140200,70000,0,0,0,70200,18952,0.0190
distribute_parallel_for_split_900_700_200,900,200,0,400,1401200,420601,200,6160000,1440000,420400,140000,280400,140000,0,0,0,140400,14904,0.0149
distribute_parallel_for_split_900_700_300,900,300,0,600,2101800,630901,300,6720000,2160000,630600,210000,420600,210000,0,0,0,210600,20080,0.0201
distribute_parallel_for_split_900_700_400,900,400,0,800,2802400,841201,400,7280000,2880000,840800,280000,560800,280000,0,0,0,280800,19355,0.0194
distribute_parallel_for_split_900_700_500,900,500,0,1000,3503000,1051501,500,7840000,3600000,1051000,350000,701000,350000,0,0,0,351000,21181,0.0212
distribute_parallel_for_split_900_700_600,900,600,0,1200,4203600,1261801,600,8400000,4320000,1261200,420000,841200,420000,0,0,0,421200,29549,0.0295
distribute_parallel_for_split_900_700_700,900,700,0,1400,4904200,1472101,700,8960000,5040000,1471400,490000,981400,490000,0,0,0,491400,47482,0.0475
distribute_parallel_for_split_900_700_800,900,800,0,1600,5604800,1682401,800,9520000,5760000,1681600,560000,1121600,560000,0,0,0,561600,33926,0.0339
distribute_parallel_for_split_900_700_900,900,900,0,1800,6305400,1892701,900,10080000,6480000,1891800,630000,1261800,630000,0,0,0,631800,124212,0.1242
distribute_parallel_for_split_900_800_100,900,100,0,200,800600,240301,100,6400000,720000,240200,80000,160200,80000,0,0,0,80200,30226,0.0302
distribute_parallel_for_split_900_800_200,900,200,0,400,1601200,480601,200,7040000,1440000,480400,160000,320400,160000,0,0,0,160400,17037,0.0170
distribute_parallel_for_split_900_800_300,900,300,0,600,2401800,720901,300,7680000,2160000,720600,240000,480600,240000,0,0,0,240600,16231,0.0162
distribute_parallel_for_split_900_800_400,900,400,0,800,3202400,961201,400,8320000,2880000,960800,320000,640800,320000,0,0,0,320800,21495,0.0215
distribute_parallel_for_split_900_800_500,900,500,0,1000,4003000,1201501,500,8960000,3600000,1201000,400000,801000,400000,0,0,0,401000,83950,0.0839
distribute_parallel_for_split_900_800_600,900,600,0,1200,4803600,1441801,600,9600000,4320000,1441200,480000,961200,480000,0,0,0,481200,50471,0.0505
distribute_parallel_for_split_900_800_700,900,700,0,1400,5604200,1682101,700,10240000,5040000,1681400,560000,1121400,560000,0,0,0,561400,84739,0.0847
distribute_parallel_for_split_900_800_800,900,800,0,1600,6404800,1922401,800,10880000,5760000,1921600,640000,1281600,640000,0,0,0,641600,43898,0.0439
distribute_parallel_for_split_900_800_900,900,900,0,1800,7205400,2162701,900,11520000,6480000,2161800,720000,1441800,720000,0,0,0,721800,33467,0.0335
distribute_parallel_for_split_900_900_100,900,100,0,200,900600,270301,100,7200000,720000,270200,90000,180200,90000,0,0,0,90200,28395,0.0284
distribute_parallel_for_split_900_900_1400,900,1400,0,2800,12608400,3784201,1400,16560000,10080000,3782800,1260000,2522800,1260000,0,0,0,1262800,138101,0.1381
distribute_parallel_for_split_900_900_1900,900,1900,0,3800,17111400,5135701,1900,20160000,13680000,5133800,1710000,3423800,1710000,0,0,0,1713800,101060,0.1011
distribute_parallel_for_split_900_900_200,900,200,0,400,1801200,540601,200,7920000,1440000,540400,180000,360400,180000,0,0,0,180400,16827,0.0168
distribute_parallel_for_split_900_900_2400,900,2400,0,4800,21614400,6487201,2400,23760000,17280000,6484800,2160000,4324800,2160000,0,0,0,2164800,192180,0.1922
distribute_parallel_for_split_900_900_2900,900,2900,0,5800,26117400,7838701,2900,27360000,20880000,7835800,2610000,5225800,2610000,0,0,0,2615800,236710,0.2367
distribute_parallel_for_split_900_900_300,900,300,0,600,2701800,810901,300,8640000,2160000,810600,270000,540600,270000,0,0,0,270600,66171,0.0662
distribute_parallel_for_split_900_900_3400,900,3400,0,6800,30620400,9190201,3400,30960000,24480000,9186800,3060000,6126800,3060000,0,0,0,3066800,289675,0.2897
distribute_parallel_for_split_900_900_3900,900,3900,0,7800,35123400,10541701,3900,34560000,28080000,10537800,3510000,7027800,3510000,0,0,0,3517800,313003,0.3130
distribute_parallel_for_split_900_900_400,900,400,0,800,3602400,1081201,400,9360000,2880000,1080800,360000,720800,360000,0,0,0,360800,115373,0.1154
distribute_parallel_for_split_900_900_500,900,500,0,1000,4503000,1351501,500,10080000,3600000,1351000,450000,901000,450000,0,0,0,451000,51379,0.0514
distribute_parallel_for_split_900_900_600,900,600,0,1200,5403600,1621801,600,10800000,4320000,1621200,540000,1081200,540000,0,0,0,541200,45339,0.0453
distribute_parallel_for_split_900_900_700,900,700,0,1400,6304200,1892101,700,11520000,5040000,1891400,630000,1261400,630000,0,0,0,631400,33412,0.0334
distribute_parallel_for_split_900_900_800,900,800,0,1600,7204800,2162401,800,12240000,5760000,2161600,720000,1441600,720000,0,0,0,721600,60802,0.0608
distribute_parallel_for_split_900_900_900,900,900,0,1800,8105400,2432701,900,12960000,6480000,2431800,810000,1621800,810000,0,0,0,811800,71079,0.0711
