distribute_parallel_for_1000_1000_1000,1000,1000,0,2000,10006000,3003001,1000,16000000,8000000,3002000,1000000,2002000,1000000,0,0,0,1002000,1679763,1.6798
distribute_parallel_for_1000_1000_1500,1000,1500,0,3000,15009000,4504501,1500,20000000,12000000,4503000,1500000,3003000,1500000,0,0,0,1503000,2504950,2.5050
distribute_parallel_for_1000_1000_2000,1000,2000,0,4000,20012000,6006001,2000,24000000,16000000,6004000,2000000,4004000,2000000,0,0,0,2004000,3223361,3.2234
distribute_parallel_for_1000_1000_2500,1000,2500,0,5000,25015000,7507501,2500,28000000,20000000,7505000,2500000,5005000,2500000,0,0,0,2505000,4005413,4.0054
distribute_parallel_for_1000_1000_3000,1000,3000,0,6000,30018000,9009001,3000,32000000,24000000,9006000,3000000,6006000,3000000,0,0,0,3006000,4799945,4.7999
distribute_parallel_for_1000_1000_3500,1000,3500,0,7000,35021000,10510501,3500,36000000,28000000,10507000,3500000,7007000,3500000,0,0,0,3507000,5647436,5.6474
distribute_parallel_for_1000_1000_4000,1000,4000,0,8000,40024000,12012001,4000,40000000,32000000,12008000,4000000,8008000,4000000,0,0,0,4008000,6498112,6.4981
distribute_parallel_for_1000_1500_1000,1000,1000,0,2000,15006000,4503001,1000,24000000,8000000,4502000,1500000,3002000,1500000,0,0,0,1502000,2443039,2.4430
distribute_parallel_for_1000_1500_1500,1000,1500,0,3000,22509000,6754501,1500,30000000,12000000,6753000,2250000,4503000,2250000,0,0,0,2253000,3696227,3.6962
distribute_parallel_for_1000_1500_2000,1000,2000,0,4000,30012000,9006001,2000,36000000,16000000,9004000,3000000,6004000,3000000,0,0,0,3004000,4897413,4.8974
distribute_parallel_for_1000_1500_2500,1000,2500,0,5000,37515000,11257501,2500,42000000,20000000,11255000,3750000,7505000,3750000,0,0,0,3755000,6036095,6.0361
distribute_parallel_for_1000_1500_3000,1000,3000,0,6000,45018000,13509001,3000,48000000,24000000,13506000,4500000,9006000,4500000,0,0,0,4506000,7263770,7.2638
distribute_parallel_for_1000_1500_3500,1000,3500,0,7000,52521000,15760501,3500,54000000,28000000,15757000,5250000,10507000,5250000,0,0,0,5257000,8497477,8.4975
distribute_parallel_for_1000_1500_4000,1000,4000,0,8000,60024000,18012001,4000,60000000,32000000,18008000,6000000,12008000,6000000,0,0,0,6008000,9709146,9.7091
distribute_parallel_for_1000_2000_1000,1000,1000,0,2000,20006000,6003001,1000,32000000,8000000,6002000,2000000,4002000,2000000,0,0,0,2002000,3254623,3.2546
distribute_parallel_for_1000_2000_1500,1000,1500,0,3000,30009000,9004501,1500,40000000,12000000,9003000,3000000,6003000,3000000,0,0,0,3003000,4816915,4.8169
distribute_parallel_for_1000_2000_2000,1000,2000,0,4000,40012000,12006001,2000,48000000,16000000,12004000,4000000,8004000,4000000,0,0,0,4004000,6440131,6.4401
distribute_parallel_for_1000_2000_2500,1000,2500,0,5000,50015000,15007501,2500,56000000,20000000,15005000,5000000,10005000,5000000,0,0,0,5005000,8004592,8.0046
distribute_parallel_for_1000_2000_3000,1000,3000,0,6000,60018000,18009001,3000,64000000,24000000,18006000,6000000,12006000,6000000,0,0,0,6006000,9598957,9.5990
distribute_parallel_for_1000_2000_3500,1000,3500,0,7000,70021000,21010501,3500,72000000,28000000,21007000,7000000,14007000,7000000,0,0,0,7007000,11335608,11.3356
distribute_parallel_for_1000_2000_4000,1000,4000,0,8000,80024000,24012001,4000,80000000,32000000,24008000,8000000,16008000,8000000,0,0,0,8008000,12851294,12.8513
distribute_parallel_for_1000_2500_1000,1000,1000,0,2000,25006000,7503001,1000,40000000,8000000,7502000,2500000,5002000,2500000,0,0,0,2502000,4131255,4.1313
distribute_parallel_for_1000_2500_1500,1000,1500,0,3000,37509000,11254501,1500,50000000,12000000,11253000,3750000,7503000,3750000,0,0,0,3753000,6067897,6.0679
distribute_parallel_for_1000_2500_2000,1000,2000,0,4000,50012000,15006001,2000,60000000,16000000,15004000,5000000,10004000,5000000,0,0,0,5004000,8222970,8.2230
distribute_parallel_for_1000_2500_2500,1000,2500,0,5000,62515000,18757501,2500,70000000,20000000,18755000,6250000,12505000,6250000,0,0,0,6255000,10094931,10.0949
distribute_parallel_for_1000_2500_3000,1000,3000,0,6000,75018000,22509001,3000,80000000,24000000,22506000,7500000,15006000,7500000,0,0,0,7506000,12136597,12.1366
distribute_parallel_for_1000_2500_3500,1000,3500,0,7000,87521000,26260501,3500,90000000,28000000,26257000,8750000,17507000,8750000,0,0,0,8757000,14188603,14.1886
distribute_parallel_for_1000_2500_4000,1000,4000,0,8000,100024000,30012001,4000,100000000,32000000,30008000,10000000,20008000,10000000,0,0,0,10008000,16300696,16.3007
distribute_parallel_for_1000_3000_1000,1000,1000,0,2000,30006000,9003001,1000,48000000,8000000,9002000,3000000,6002000,3000000,0,0,0,3002000,4874859,4.8749
distribute_parallel_for_1000_3000_1500,1000,1500,0,3000,45009000,13504501,1500,60000000,12000000,13503000,4500000,9003000,4500000,0,0,0,4503000,7332385,7.3324
distribute_parallel_for_1000_3000_2000,1000,2000,0,4000,60012000,18006001,2000,72000000,16000000,18004000,6000000,12004000,6000000,0,0,0,6004000,9677358,9.6774
distribute_parallel_for_1000_3000_2500,1000,2500,0,5000,75015000,22507501,2500,84000000,20000000,22505000,7500000,15005000,7500000,0,0,0,7505000,12167477,12.1675
distribute_parallel_for_1000_3000_3000,1000,3000,0,6000,90018000,27009001,3000,96000000,24000000,27006000,9000000,18006000,9000000,0,0,0,9006000,14469792,14.4698
distribute_parallel_for_1000_3000_3500,1000,3500,0,7000,105021000,31510501,3500,108000000,28000000,31507000,10500000,21007000,10500000,0,0,0,10507000,16841809,16.8418
distribute_parallel_for_1000_3000_4000,1000,4000,0,8000,120024000,36012001,4000,120000000,32000000,36008000,12000000,24008000,12000000,0,0,0,12008000,19254465,19.2545
distribute_parallel_for_1000_3500_1000,1000,1000,0,2000,35006000,10503001,1000,56000000,8000000,10502000,3500000,7002000,3500000,0,0,0,3502000,5709189,5.7092
distribute_parallel_for_1000_3500_1500,1000,1500,0,3000,52509000,15754501,1500,70000000,12000000,15753000,5250000,10503000,5250000,0,0,0,5253000,8453518,8.4535
distribute_parallel_for_1000_3500_2000,1000,2000,0,4000,70012000,21006001,2000,84000000,16000000,21004000,7000000,14004000,7000000,0,0,0,7004000,11447315,11.4473
distribute_parallel_for_1000_3500_2500,1000,2500,0,5000,87515000,26257501,2500,98000000,20000000,26255000,8750000,17505000,8750000,0,0,0,8755000,14195484,14.1955
distribute_parallel_for_1000_3500_3000,1000,3000,0,6000,105018000,31509001,3000,112000000,24000000,31506000,10500000,21006000,10500000,0,0,0,10506000,16889115,16.8891
distribute_parallel_for_1000_3500_3500,1000,3500,0,7000,122521000,36760501,3500,126000000,28000000,36757000,12250000,24507000,12250000,0,0,0,12257000,19936165,19.9362
distribute_parallel_for_1000_3500_4000,1000,4000,0,8000,140024000,42012001,4000,140000000,32000000,42008000,14000000,28008000,14000000,0,0,0,14008000,22739043,22.7390
distribute_parallel_for_1000_4000_1000,1000,1000,0,2000,40006000,12003001,1000,64000000,8000000,12002000,4000000,8002000,4000000,0,0,0,4002000,6470700,6.4707
distribute_parallel_for_1000_4000_1500,1000,1500,0,3000,60009000,18004501,1500,80000000,12000000,18003000,6000000,12003000,6000000,0,0,0,6003000,9602999,9.6030
distribute_parallel_for_1000_4000_2000,1000,2000,0,4000,80012000,24006001,2000,96000000,16000000,24004000,8000000,16004000,8000000,0,0,0,8004000,13071451,13.0715
distribute_parallel_for_1000_4000_2500,1000,2500,0,5000,100015000,30007501,2500,112000000,20000000,30005000,10000000,20005000,10000000,0,0,0,10005000,16185205,16.1852
distribute_parallel_for_1000_4000_3000,1000,3000,0,6000,120018000,36009001,3000,128000000,24000000,36006000,12000000,24006000,12000000,0,0,0,12006000,19269304,19.2693
distribute_parallel_for_1000_4000_3500,1000,3500,0,7000,140021000,42010501,3500,144000000,28000000,42007000,14000000,28007000,14000000,0,0,0,14007000,22443324,22.4433
distribute_parallel_for_1000_4000_4000,1000,4000,0,8000,160024000,48012001,4000,160000000,32000000,48008000,16000000,32008000,16000000,0,0,0,16008000,25695701,25.6957
distribute_parallel_for_100_100_100,100,100,0,200,100600,30301,100,160000,80000,30200,10000,20200,10000,0,0,0,10200,41385,0.0414
distribute_parallel_for_100_100_200,100,200,0,400,201200,60601,200,240000,160000,60400,20000,40400,20000,0,0,0,20400,36995,0.0370
distribute_parallel_for_100_100_300,100,300,0,600,301800,90901,300,320000,240000,90600,30000,60600,30000,0,0,0,30600,45439,0.0454
distribute_parallel_for_100_100_400,100,400,0,800,402400,121201,400,400000,320000,120800,40000,80800,40000,0,0,0,40800,67745,0.0677
distribute_parallel_for_100_100_500,100,500,0,1000,503000,151501,500,480000,400000,151000,50000,101000,50000,0,0,0,51000,92734,0.0927
distribute_parallel_for_100_100_600,100,600,0,1200,603600,181801,600,560000,480000,181200,60000,121200,60000,0,0,0,61200,86367,0.0864
distribute_parallel_for_100_100_700,100,700,0,1400,704200,212101,700,640000,560000,211400,70000,141400,70000,0,0,0,71400,126216,0.1262
distribute_parallel_for_100_100_800,100,800,0,1600,804800,242401,800,720000,640000,241600,80000,161600,80000,0,0,0,81600,147494,0.1475
distribute_parallel_for_100_100_900,100,900,0,1800,905400,272701,900,800000,720000,271800,90000,181800,90000,0,0,0,91800,140199,0.1402
distribute_parallel_for_100_200_100,100,100,0,200,200600,60301,100,320000,80000,60200,20000,40200,20000,0,0,0,20200,31799,0.0318
distribute_parallel_for_100_200_200,100,200,0,400,401200,120601,200,480000,160000,120400,40000,80400,40000,0,0,0,40400,62091,0.0621
distribute_parallel_for_100_200_300,100,300,0,600,601800,180901,300,640000,240000,180600,60000,120600,60000,0,0,0,60600,106789,0.1068
distribute_parallel_for_100_200_400,100,400,0,800,802400,241201,400,800000,320000,240800,80000,160800,80000,0,0,0,80800,122263,0.1223
distribute_parallel_for_100_200_500,100,500,0,1000,1003000,301501,500,960000,400000,301000,100000,201000,100000,0,0,0,101000,145047,0.1450
distribute_parallel_for_100_200_600,100,600,0,1200,1203600,361801,600,1120000,480000,361200,120000,241200,120000,0,0,0,121200,173815,0.1738
distribute_parallel_for_100_200_700,100,700,0,1400,1404200,422101,700,1280000,560000,421400,140000,281400,140000,0,0,0,141400,216440,0.2164
distribute_parallel_for_100_200_800,100,800,0,1600,1604800,482401,800,1440000,640000,481600,160000,321600,160000,0,0,0,161600,235735,0.2357
distribute_parallel_for_100_200_900,100,900,0,1800,1805400,542701,900,1600000,720000,541800,180000,361800,180000,0,0,0,181800,267321,0.2673
distribute_parallel_for_100_300_100,100,100,0,200,300600,90301,100,480000,80000,90200,30000,60200,30000,0,0,0,30200,44287,0.0443
distribute_parallel_for_100_300_200,100,200,0,400,601200,180601,200,720000,160000,180400,60000,120400,60000,0,0,0,60400,86953,0.0870
distribute_parallel_for_100_300_300,100,300,0,600,901800,270901,300,960000,240000,270600,90000,180600,90000,0,0,0,90600,183605,0.1836
distribute_parallel_for_100_300_400,100,400,0,800,1202400,361201,400,1200000,320000,360800,120000,240800,120000,0,0,0,120800,178155,0.1782
distribute_parallel_for_100_300_500,100,500,0,1000,1503000,451501,500,1440000,400000,451000,150000,301000,150000,0,0,0,151000,213799,0.2138
distribute_parallel_for_100_300_600,100,600,0,1200,1803600,541801,600,1680000,480000,541200,180000,361200,180000,0,0,0,181200,261259,0.2613
distribute_parallel_for_100_300_700,100,700,0,1400,2104200,632101,700,1920000,560000,631400,210000,421400,210000,0,0,0,211400,299890,0.2999
distribute_parallel_for_100_300_800,100,800,0,1600,2404800,722401,800,2160000,640000,721600,240000,481600,240000,0,0,0,241600,349783,0.3498
distribute_parallel_for_100_300_900,100,900,0,1800,2705400,812701,900,2400000,720000,811800,270000,541800,270000,0,0,0,271800,388536,0.3885
distribute_parallel_for_100_400_100,100,100,0,200,400600,120301,100,640000,80000,120200,40000,80200,40000,0,0,0,40200,58744,0.0587
distribute_parallel_for_100_400_200,100,200,0,400,801200,240601,200,960000,160000,240400,80000,160400,80000,0,0,0,80400,115275,0.1153
distribute_parallel_for_100_400_300,100,300,0,600,1201800,360901,300,1280000,240000,360600,120000,240600,120000,0,0,0,120600,176467,0.1765
distribute_parallel_for_100_400_400,100,400,0,800,1602400,481201,400,1600000,320000,480800,160000,320800,160000,0,0,0,160800,232533,0.2325
distribute_parallel_for_100_400_500,100,500,0,1000,2003000,601501,500,1920000,400000,601000,200000,401000,200000,0,0,0,201000,295261,0.2953
distribute_parallel_for_100_400_600,100,600,0,1200,2403600,721801,600,2240000,480000,721200,240000,481200,240000,0,0,0,241200,400201,0.4002
distribute_parallel_for_100_400_700,100,700,0,1400,2804200,842101,700,2560000,560000,841400,280000,561400,280000,0,0,0,281400,402736,0.4027
distribute_parallel_for_100_400_800,100,800,0,1600,3204800,962401,800,2880000,640000,961600,320000,641600,320000,0,0,0,321600,489399,0.4894
distribute_parallel_for_100_400_900,100,900,0,1800,3605400,1082701,900,3200000,720000,1081800,360000,721800,360000,0,0,0,361800,513685,0.5137
distribute_parallel_for_100_500_100,100,100,0,200,500600,150301,100,800000,80000,150200,50000,100200,50000,0,0,0,50200,126008,0.1260
distribute_parallel_for_100_500_200,100,200,0,400,1001200,300601,200,1200000,160000,300400,100000,200400,100000,0,0,0,100400,144445,0.1444
distribute_parallel_for_100_500_300,100,300,0,600,1501800,450901,300,1600000,240000,450600,150000,300600,150000,0,0,0,150600,217480,0.2175
distribute_parallel_for_100_500_400,100,400,0,800,2002400,601201,400,2000000,320000,600800,200000,400800,200000,0,0,0,200800,286588,0.2866
distribute_parallel_for_100_500_500,100,500,0,1000,2503000,751501,500,2400000,400000,751000,250000,501000,250000,0,0,0,251000,360929,0.3609
distribute_parallel_for_100_500_600,100,600,0,1200,3003600,901801,600,2800000,480000,901200,300000,601200,300000,0,0,0,301200,462577,0.4626
distribute_parallel_for_100_500_700,100,700,0,1400,3504200,1052101,700,3200000,560000,1051400,350000,701400,350000,0,0,0,351400,500956,0.5010
distribute_parallel_for_100_500_800,100,800,0,1600,4004800,1202401,800,3600000,640000,1201600,400000,801600,400000,0,0,0,401600,569539,0.5695
distribute_parallel_for_100_500_900,100,900,0,1800,4505400,1352701,900,4000000,720000,1351800,450000,901800,450000,0,0,0,451800,648671,0.6487
distribute_parallel_for_100_600_100,100,100,0,200,600600,180301,100,960000,80000,180200,60000,120200,60000,0,0,0,60200,86905,0.0869
distribute_parallel_for_100_600_200,100,200,0,400,1201200,360601,200,1440000,160000,360400,120000,240400,120000,0,0,0,120400,173165,0.1732
distribute_parallel_for_100_600_300,100,300,0,600,1801800,540901,300,1920000,240000,540600,180000,360600,180000,0,0,0,180600,260105,0.2601
distribute_parallel_for_100_600_400,100,400,0,800,2402400,721201,400,2400000,320000,720800,240000,480800,240000,0,0,0,240800,366627,0.3666
distribute_parallel_for_100_600_500,100,500,0,1000,3003000,901501,500,2880000,400000,901000,300000,601000,300000,0,0,0,301000,436987,0.4370
distribute_parallel_for_100_600_600,100,600,0,1200,3603600,1081801,600,3360000,480000,1081200,360000,721200,360000,0,0,0,361200,522958,0.5230
distribute_parallel_for_100_600_700,100,700,0,1400,4204200,1262101,700,3840000,560000,1261400,420000,841400,420000,0,0,0,421400,628716,0.6287
distribute_parallel_for_100_600_800,100,800,0,1600,4804800,1442401,800,4320000,640000,1441600,480000,961600,480000,0,0,0,481600,689611,0.6896
distribute_parallel_for_100_600_900,100,900,0,1800,5405400,1622701,900,4800000,720000,1621800,540000,1081800,540000,0,0,0,541800,852851,0.8529
distribute_parallel_for_100_700_100,100,100,0,200,700600,210301,100,1120000,80000,210200,70000,140200,70000,0,0,0,70200,107134,0.1071
distribute_parallel_for_100_700_200,100,200,0,400,1401200,420601,200,1680000,160000,420400,140000,280400,140000,0,0,0,140400,217679,0.2177
distribute_parallel_for_100_700_300,100,300,0,600,2101800,630901,300,2240000,240000,630600,210000,420600,210000,0,0,0,210600,302150,0.3021
distribute_parallel_for_100_700_400,100,400,0,800,2802400,841201,400,2800000,320000,840800,280000,560800,280000,0,0,0,280800,404156,0.4042
distribute_parallel_for_100_700_500,100,500,0,1000,3503000,1051501,500,3360000,400000,1051000,350000,701000,350000,0,0,0,351000,548074,0.5481
distribute_parallel_for_100_700_600,100,600,0,1200,4203600,1261801,600,3920000,480000,1261200,420000,841200,420000,0,0,0,421200,608175,0.6082
distribute_parallel_for_100_700_700,100,700,0,1400,4904200,1472101,700,4480000,560000,1471400,490000,981400,490000,0,0,0,491400,718535,0.7185
distribute_parallel_for_100_700_800,100,800,0,1600,5604800,1682401,800,5040000,640000,1681600,560000,1121600,560000,0,0,0,561600,811895,0.8119
distribute_parallel_for_100_700_900,100,900,0,1800,6305400,1892701,900,5600000,720000,1891800,630000,1261800,630000,0,0,0,631800,938334,0.9383
distribute_parallel_for_100_800_100,100,100,0,200,800600,240301,100,1280000,80000,240200,80000,160200,80000,0,0,0,80200,118889,0.1189
distribute_parallel_for_100_800_200,100,200,0,400,1601200,480601,200,1920000,160000,480400,160000,320400,160000,0,0,0,160400,228603,0.2286
distribute_parallel_for_100_800_300,100,300,0,600,2401800,720901,300,2560000,240000,720600,240000,480600,240000,0,0,0,240600,348220,0.3482
distribute_parallel_for_100_800_400,100,400,0,800,3202400,961201,400,3200000,320000,960800,320000,640800,320000,0,0,0,320800,479681,0.4797
distribute_parallel_for_100_800_500,100,500,0,1000,4003000,1201501,500,3840000,400000,1201000,400000,801000,400000,0,0,0,401000,605594,0.6056
distribute_parallel_for_100_800_600,100,600,0,1200,4803600,1441801,600,4480000,480000,1441200,480000,961200,480000,0,0,0,481200,694315,0.6943
distribute_parallel_for_100_800_700,100,700,0,1400,5604200,1682101,700,5120000,560000,1681400,560000,1121400,560000,0,0,0,561400,801010,0.8010
distribute_parallel_for_100_800_800,100,800,0,1600,6404800,1922401,800,5760000,640000,1921600,640000,1281600,640000,0,0,0,641600,920399,0.9204
distribute_parallel_for_100_800_900,100,900,0,1800,7205400,2162701,900,6400000,720000,2161800,720000,1441800,720000,0,0,0,721800,1052626,1.0526
distribute_parallel_for_100_900_100,100,100,0,200,900600,270301,100,1440000,80000,270200,90000,180200,90000,0,0,0,90200,131173,0.1312
distribute_parallel_for_100_900_200,100,200,0,400,1801200,540601,200,2160000,160000,540400,180000,360400,180000,0,0,0,180400,257879,0.2579
distribute_parallel_for_100_900_300,100,300,0,600,2701800,810901,300,2880000,240000,810600,270000,540600,270000,0,0,0,270600,385041,0.3850
distribute_parallel_for_100_900_400,100,400,0,800,3602400,1081201,400,3600000,320000,1080800,360000,720800,360000,0,0,0,360800,546387,0.5464
distribute_parallel_for_100_900_500,100,500,0,1000,4503000,1351501,500,4320000,400000,1351000,450000,901000,450000,0,0,0,451000,641730,0.6417
distribute_parallel_for_100_900_600,100,600,0,1200,5403600,1621801,600,5040000,480000,1621200,540000,1081200,540000,0,0,0,541200,789152,0.7892
distribute_parallel_for_100_900_700,100,700,0,1400,6304200,1892101,700,5760000,560000,1891400,630000,1261400,630000,0,0,0,631400,910721,0.9107
distribute_parallel_for_100_900_800,100,800,0,1600,7204800,2162401,800,6480000,640000,2161600,720000,1441600,720000,0,0,0,721600,1035644,1.0356
distribute_parallel_for_100_900_900,100,900,0,1800,8105400,2432701,900,7200000,720000,2431800,810000,1621800,810000,0,0,0,811800,1160294,1.1603
distribute_parallel_for_1050_1050_1050,1050,1050,0,2100,11031300,3310651,1050,17640000,8820000,3309600,1102500,2207100,1102500,0,0,0,1104600,1875475,1.8755
distribute_parallel_for_1050_1050_1100,1050,1100,0,2200,11556600,3468301,1100,18060000,9240000,3467200,1155000,2312200,1155000,0,0,0,1157200,1975657,1.9757
distribute_parallel_for_1050_1050_1150,1050,1150,0,2300,12081900,3625951,1150,18480000,9660000,3624800,1207500,2417300,1207500,0,0,0,1209800,2028744,2.0287
distribute_parallel_for_1050_1050_1200,1050,1200,0,2400,12607200,3783601,1200,18900000,10080000,3782400,1260000,2522400,1260000,0,0,0,1262400,2114088,2.1141
distribute_parallel_for_1050_1050_1250,1050,1250,0,2500,13132500,3941251,1250,19320000,10500000,3940000,1312500,2627500,1312500,0,0,0,1315000,2220660,2.2207
distribute_parallel_for_1050_1050_1300,1050,1300,0,2600,13657800,4098901,1300,19740000,10920000,4097600,1365000,2732600,1365000,0,0,0,1367600,2326800,2.3268
distribute_parallel_for_1050_1050_1350,1050,1350,0,2700,14183100,4256551,1350,20160000,11340000,4255200,1417500,2837700,1417500,0,0,0,1420200,2394602,2.3946
distribute_parallel_for_1050_1050_1400,1050,1400,0,2800,14708400,4414201,1400,20580000,11760000,4412800,1470000,2942800,1470000,0,0,0,1472800,2543314,2.5433
distribute_parallel_for_1050_1050_1450,1050,1450,0,2900,15233700,4571851,1450,21000000,12180000,4570400,1522500,3047900,1522500,0,0,0,1525400,2556289,2.5563
distribute_parallel_for_1050_1050_1500,1050,1500,0,3000,15759000,4729501,1500,21420000,12600000,4728000,1575000,3153000,1575000,0,0,0,1578000,2656276,2.6563
distribute_parallel_for_1050_1050_1550,1050,1550,0,3100,16284300,4887151,1550,21840000,13020000,4885600,1627500,3258100,1627500,0,0,0,1630600,2726329,2.7263
distribute_parallel_for_1050_1050_1600,1050,1600,0,3200,16809600,5044801,1600,22260000,13440000,5043200,1680000,3363200,1680000,0,0,0,1683200,2826982,2.8270
distribute_parallel_for_1050_1050_1650,1050,1650,0,3300,17334900,5202451,1650,22680000,13860000,5200800,1732500,3468300,1732500,0,0,0,1735800,2971385,2.9714
distribute_parallel_for_1050_1050_1700,1050,1700,0,3400,17860200,5360101,1700,23100000,14280000,5358400,1785000,3573400,1785000,0,0,0,1788400,3060599,3.0606
distribute_parallel_for_1050_1050_1750,1050,1750,0,3500,18385500,5517751,1750,23520000,14700000,5516000,1837500,3678500,1837500,0,0,0,1841000,3102553,3.1026
distribute_parallel_for_1050_1050_1800,1050,1800,0,3600,18910800,5675401,1800,23940000,15120000,5673600,1890000,3783600,1890000,0,0,0,1893600,3151433,3.1514
distribute_parallel_for_1050_1050_1850,1050,1850,0,3700,19436100,5833051,1850,24360000,15540000,5831200,1942500,3888700,1942500,0,0,0,1946200,3299679,3.2997
distribute_parallel_for_1050_1050_1900,1050,1900,0,3800,19961400,5990701,1900,24780000,15960000,5988800,1995000,3993800,1995000,0,0,0,1998800,3325553,3.3256
distribute_parallel_for_1050_1050_1950,1050,1950,0,3900,20486700,6148351,1950,25200000,16380000,6146400,2047500,4098900,2047500,0,0,0,2051400,3439341,3.4393
distribute_parallel_for_1050_1050_2000,1050,2000,0,4000,21012000,6306001,2000,25620000,16800000,6304000,2100000,4204000,2100000,0,0,0,2104000,3516745,3.5167
distribute_parallel_for_1050_1100_1050,1050,1050,0,2100,11556300,3468151,1050,18480000,8820000,3467100,1155000,2312100,1155000,0,0,0,1157100,1908652,1.9087
distribute_parallel_for_1050_1100_1100,1050,1100,0,2200,12106600,3633301,1100,18920000,9240000,3632200,1210000,2422200,1210000,0,0,0,1212200,1952143,1.9521
distribute_parallel_for_1050_1100_1150,1050,1150,0,2300,12656900,3798451,1150,19360000,9660000,3797300,1265000,2532300,1265000,0,0,0,1267300,2066901,2.0669
distribute_parallel_for_1050_1100_1200,1050,1200,0,2400,13207200,3963601,1200,19800000,10080000,3962400,1320000,2642400,1320000,0,0,0,1322400,2160545,2.1605
distribute_parallel_for_1050_1100_1250,1050,1250,0,2500,13757500,4128751,1250,20240000,10500000,4127500,1375000,2752500,1375000,0,0,0,1377500,2235743,2.2357
distribute_parallel_for_1050_1100_1300,1050,1300,0,2600,14307800,4293901,1300,20680000,10920000,4292600,1430000,2862600,1430000,0,0,0,1432600,2323219,2.3232
distribute_parallel_for_1050_1100_1350,1050,1350,0,2700,14858100,4459051,1350,21120000,11340000,4457700,1485000,2972700,1485000,0,0,0,1487700,2417288,2.4173
distribute_parallel_for_1050_1100_1400,1050,1400,0,2800,15408400,4624201,1400,21560000,11760000,4622800,1540000,3082800,1540000,0,0,0,1542800,2481211,2.4812
distribute_parallel_for_1050_1100_1450,1050,1450,0,2900,15958700,4789351,1450,22000000,12180000,4787900,1595000,3192900,1595000,0,0,0,1597900,2612154,2.6122
distribute_parallel_for_1050_1100_1500,1050,1500,0,3000,16509000,4954501,1500,22440000,12600000,4953000,1650000,3303000,1650000,0,0,0,1653000,2656875,2.6569
distribute_parallel_for_1050_1100_1550,1050,1550,0,3100,17059300,5119651,1550,22880000,13020000,5118100,1705000,3413100,1705000,0,0,0,1708100,2850994,2.8510
distribute_parallel_for_1050_1100_1600,1050,1600,0,3200,17609600,5284801,1600,23320000,13440000,5283200,1760000,3523200,1760000,0,0,0,1763200,2867470,2.8675
distribute_parallel_for_1050_1100_1650,1050,1650,0,3300,18159900,5449951,1650,23760000,13860000,5448300,1815000,3633300,1815000,0,0,0,1818300,2965768,2.9658
distribute_parallel_for_1050_1100_1700,1050,1700,0,3400,18710200,5615101,1700,24200000,14280000,5613400,1870000,3743400,1870000,0,0,0,1873400,3092811,3.0928
distribute_parallel_for_1050_1100_1750,1050,1750,0,3500,19260500,5780251,1750,24640000,14700000,5778500,1925000,3853500,1925000,0,0,0,1928500,3124650,3.1246
distribute_parallel_for_1050_1100_1800,1050,1800,0,3600,19810800,5945401,1800,25080000,15120000,5943600,1980000,3963600,1980000,0,0,0,1983600,3287734,3.2877
distribute_parallel_for_1050_1100_1850,1050,1850,0,3700,20361100,6110551,1850,25520000,15540000,6108700,2035000,4073700,2035000,0,0,0,2038700,3310895,3.3109
distribute_parallel_for_1050_1100_1900,1050,1900,0,3800,20911400,6275701,1900,25960000,15960000,6273800,2090000,4183800,2090000,0,0,0,2093800,3387016,3.3870
distribute_parallel_for_1050_1100_1950,1050,1950,0,3900,21461700,6440851,1950,26400000,16380000,6438900,2145000,4293900,2145000,0,0,0,2148900,3504932,3.5049
distribute_parallel_for_1050_1100_2000,1050,2000,0,4000,22012000,6606001,2000,26840000,16800000,6604000,2200000,4404000,2200000,0,0,0,2204000,3587726,3.5877
distribute_parallel_for_1050_1150_1050,1050,1050,0,2100,12081300,3625651,1050,19320000,8820000,3624600,1207500,2417100,1207500,0,0,0,1209600,2021409,2.0214
distribute_parallel_for_1050_1150_1100,1050,1100,0,2200,12656600,3798301,1100,19780000,9240000,3797200,1265000,2532200,1265000,0,0,0,1267200,2141444,2.1414
distribute_parallel_for_1050_1150_1150,1050,1150,0,2300,13231900,3970951,1150,20240000,9660000,3969800,1322500,2647300,1322500,0,0,0,1324800,2221843,2.2218
distribute_parallel_for_1050_1150_1200,1050,1200,0,2400,13807200,4143601,1200,20700000,10080000,4142400,1380000,2762400,1380000,0,0,0,1382400,2370293,2.3703
distribute_parallel_for_1050_1150_1250,1050,1250,0,2500,14382500,4316251,1250,21160000,10500000,4315000,1437500,2877500,1437500,0,0,0,1440000,2426444,2.4264
distribute_parallel_for_1050_1150_1300,1050,1300,0,2600,14957800,4488901,1300,21620000,10920000,4487600,1495000,2992600,1495000,0,0,0,1497600,2503766,2.5038
distribute_parallel_for_1050_1150_1350,1050,1350,0,2700,15533100,4661551,1350,22080000,11340000,4660200,1552500,3107700,1552500,0,0,0,1555200,2605322,2.6053
distribute_parallel_for_1050_1150_1400,1050,1400,0,2800,16108400,4834201,1400,22540000,11760000,4832800,1610000,3222800,1610000,0,0,0,1612800,2800900,2.8009
distribute_parallel_for_1050_1150_1450,1050,1450,0,2900,16683700,5006851,1450,23000000,12180000,5005400,1667500,3337900,1667500,0,0,0,1670400,2784077,2.7841
distribute_parallel_for_1050_1150_1500,1050,1500,0,3000,17259000,5179501,1500,23460000,12600000,5178000,1725000,3453000,1725000,0,0,0,1728000,2895258,2.8953
distribute_parallel_for_1050_1150_1550,1050,1550,0,3100,17834300,5352151,1550,23920000,13020000,5350600,1782500,3568100,1782500,0,0,0,1785600,3028475,3.0285
distribute_parallel_for_1050_1150_1600,1050,1600,0,3200,18409600,5524801,1600,24380000,13440000,5523200,1840000,3683200,1840000,0,0,0,1843200,3132074,3.1321
distribute_parallel_for_1050_1150_1650,1050,1650,0,3300,18984900,5697451,1650,24840000,13860000,5695800,1897500,3798300,1897500,0,0,0,1900800,3159991,3.1600
distribute_parallel_for_1050_1150_1700,1050,1700,0,3400,19560200,5870101,1700,25300000,14280000,5868400,1955000,3913400,1955000,0,0,0,1958400,3336830,3.3368
distribute_parallel_for_1050_1150_1750,1050,1750,0,3500,20135500,6042751,1750,25760000,14700000,6041000,2012500,4028500,2012500,0,0,0,2016000,3348448,3.3484
distribute_parallel_for_1050_1150_1800,1050,1800,0,3600,20710800,6215401,1800,26220000,15120000,6213600,2070000,4143600,2070000,0,0,0,2073600,3458354,3.4584
distribute_parallel_for_1050_1150_1850,1050,1850,0,3700,21286100,6388051,1850,26680000,15540000,6386200,2127500,4258700,2127500,0,0,0,2131200,3574886,3.5749
distribute_parallel_for_1050_1150_1900,1050,1900,0,3800,21861400,6560701,1900,27140000,15960000,6558800,2185000,4373800,2185000,0,0,0,2188800,3745133,3.7451
distribute_parallel_for_1050_1150_1950,1050,1950,0,3900,22436700,6733351,1950,27600000,16380000,6731400,2242500,4488900,2242500,0,0,0,2246400,3747238,3.7472
distribute_parallel_for_1050_1150_2000,1050,2000,0,4000,23012000,6906001,2000,28060000,16800000,6904000,2300000,4604000,2300000,0,0,0,2304000,3885614,3.8856
distribute_parallel_for_1050_1200_1050,1050,1050,0,2100,12606300,3783151,1050,20160000,8820000,3782100,1260000,2522100,1260000,0,0,0,1262100,2054245,2.0542
distribute_parallel_for_1050_1200_1100,1050,1100,0,2200,13206600,3963301,1100,20640000,9240000,3962200,1320000,2642200,1320000,0,0,0,1322200,2154494,2.1545
distribute_parallel_for_1050_1200_1150,1050,1150,0,2300,13806900,4143451,1150,21120000,9660000,4142300,1380000,2762300,1380000,0,0,0,1382300,2290233,2.2902
distribute_parallel_for_1050_1200_1200,1050,1200,0,2400,14407200,4323601,1200,21600000,10080000,4322400,1440000,2882400,1440000,0,0,0,1442400,2337443,2.3374
distribute_parallel_for_1050_1200_1250,1050,1250,0,2500,15007500,4503751,1250,22080000,10500000,4502500,1500000,3002500,1500000,0,0,0,1502500,2460354,2.4604
distribute_parallel_for_1050_1200_1300,1050,1300,0,2600,15607800,4683901,1300,22560000,10920000,4682600,1560000,3122600,1560000,0,0,0,1562600,2520010,2.5200
distribute_parallel_for_1050_1200_1350,1050,1350,0,2700,16208100,4864051,1350,23040000,11340000,4862700,1620000,3242700,1620000,0,0,0,1622700,2652790,2.6528
distribute_parallel_for_1050_1200_1400,1050,1400,0,2800,16808400,5044201,1400,23520000,11760000,5042800,1680000,3362800,1680000,0,0,0,1682800,2694243,2.6942
distribute_parallel_for_1050_1200_1450,1050,1450,0,2900,17408700,5224351,1450,24000000,12180000,5222900,1740000,3482900,1740000,0,0,0,1742900,2828902,2.8289
distribute_parallel_for_1050_1200_1500,1050,1500,0,3000,18009000,5404501,1500,24480000,12600000,5403000,1800000,3603000,1800000,0,0,0,1803000,2902303,2.9023
distribute_parallel_for_1050_1200_1550,1050,1550,0,3100,18609300,5584651,1550,24960000,13020000,5583100,1860000,3723100,1860000,0,0,0,1863100,3069398,3.0694
distribute_parallel_for_1050_1200_1600,1050,1600,0,3200,19209600,5764801,1600,25440000,13440000,5763200,1920000,3843200,1920000,0,0,0,1923200,3090809,3.0908
distribute_parallel_for_1050_1200_1650,1050,1650,0,3300,19809900,5944951,1650,25920000,13860000,5943300,1980000,3963300,1980000,0,0,0,1983300,3203900,3.2039
distribute_parallel_for_1050_1200_1700,1050,1700,0,3400,20410200,6125101,1700,26400000,14280000,6123400,2040000,4083400,2040000,0,0,0,2043400,3320790,3.3208
distribute_parallel_for_1050_1200_1750,1050,1750,0,3500,21010500,6305251,1750,26880000,14700000,6303500,2100000,4203500,2100000,0,0,0,2103500,3383148,3.3831
distribute_parallel_for_1050_1200_1800,1050,1800,0,3600,21610800,6485401,1800,27360000,15120000,6483600,2160000,4323600,2160000,0,0,0,2163600,3500584,3.5006
distribute_parallel_for_1050_1200_1850,1050,1850,0,3700,22211100,6665551,1850,27840000,15540000,6663700,2220000,4443700,2220000,0,0,0,2223700,3578323,3.5783
distribute_parallel_for_1050_1200_1900,1050,1900,0,3800,22811400,6845701,1900,28320000,15960000,6843800,2280000,4563800,2280000,0,0,0,2283800,3703799,3.7038
distribute_parallel_for_1050_1200_1950,1050,1950,0,3900,23411700,7025851,1950,28800000,16380000,7023900,2340000,4683900,2340000,0,0,0,2343900,3798116,3.7981
distribute_parallel_for_1050_1200_2000,1050,2000,0,4000,24012000,7206001,2000,29280000,16800000,7204000,2400000,4804000,2400000,0,0,0,2404000,3998237,3.9982
distribute_parallel_for_1050_1250_1050,1050,1050,0,2100,13131300,3940651,1050,21000000,8820000,3939600,1312500,2627100,1312500,0,0,0,1314600,2216557,2.2166
distribute_parallel_for_1050_1250_1100,1050,1100,0,2200,13756600,4128301,1100,21500000,9240000,4127200,1375000,2752200,1375000,0,0,0,1377200,2348174,2.3482
distribute_parallel_for_1050_1250_1150,1050,1150,0,2300,14381900,4315951,1150,22000000,9660000,4314800,1437500,2877300,1437500,0,0,0,1439800,2428416,2.4284
distribute_parallel_for_1050_1250_1200,1050,1200,0,2400,15007200,4503601,1200,22500000,10080000,4502400,1500000,3002400,1500000,0,0,0,1502400,2545371,2.5454
distribute_parallel_for_1050_1250_1250,1050,1250,0,2500,15632500,4691251,1250,23000000,10500000,4690000,1562500,3127500,1562500,0,0,0,1565000,2654255,2.6543
distribute_parallel_for_1050_1250_1300,1050,1300,0,2600,16257800,4878901,1300,23500000,10920000,4877600,1625000,3252600,1625000,0,0,0,1627600,2746760,2.7468
distribute_parallel_for_1050_1250_1350,1050,1350,0,2700,16883100,5066551,1350,24000000,11340000,5065200,1687500,3377700,1687500,0,0,0,1690200,2822208,2.8222
distribute_parallel_for_1050_1250_1400,1050,1400,0,2800,17508400,5254201,1400,24500000,11760000,5252800,1750000,3502800,1750000,0,0,0,1752800,2970734,2.9707
distribute_parallel_for_1050_1250_1450,1050,1450,0,2900,18133700,5441851,1450,25000000,12180000,5440400,1812500,3627900,1812500,0,0,0,1815400,3036802,3.0368
distribute_parallel_for_1050_1250_1500,1050,1500,0,3000,18759000,5629501,1500,25500000,12600000,5628000,1875000,3753000,1875000,0,0,0,1878000,3188563,3.1886
distribute_parallel_for_1050_1250_1550,1050,1550,0,3100,19384300,5817151,1550,26000000,13020000,5815600,1937500,3878100,1937500,0,0,0,1940600,3227826,3.2278
distribute_parallel_for_1050_1250_1600,1050,1600,0,3200,20009600,6004801,1600,26500000,13440000,6003200,2000000,4003200,2000000,0,0,0,2003200,3345262,3.3453
distribute_parallel_for_1050_1250_1650,1050,1650,0,3300,20634900,6192451,1650,27000000,13860000,6190800,2062500,4128300,2062500,0,0,0,2065800,3546388,3.5464
distribute_parallel_for_1050_1250_1700,1050,1700,0,3400,21260200,6380101,1700,27500000,14280000,6378400,2125000,4253400,2125000,0,0,0,2128400,3563311,3.5633
distribute_parallel_for_1050_1250_1750,1050,1750,0,3500,21885500,6567751,1750,28000000,14700000,6566000,2187500,4378500,2187500,0,0,0,2191000,3664517,3.6645
distribute_parallel_for_1050_1250_1800,1050,1800,0,3600,22510800,6755401,1800,28500000,15120000,6753600,2250000,4503600,2250000,0,0,0,2253600,3802943,3.8029
distribute_parallel_for_1050_1250_1850,1050,1850,0,3700,23136100,6943051,1850,29000000,15540000,6941200,2312500,4628700,2312500,0,0,0,2316200,3874025,3.8740
distribute_parallel_for_1050_1250_1900,1050,1900,0,3800,23761400,7130701,1900,29500000,15960000,7128800,2375000,4753800,2375000,0,0,0,2378800,3977904,3.9779
distribute_parallel_for_1050_1250_1950,1050,1950,0,3900,24386700,7318351,1950,30000000,16380000,7316400,2437500,4878900,2437500,0,0,0,2441400,4121765,4.1218
distribute_parallel_for_1050_1250_2000,1050,2000,0,4000,25012000,7506001,2000,30500000,16800000,7504000,2500000,5004000,2500000,0,0,0,2504000,4203575,4.2036
distribute_parallel_for_1050_1300_1050,1050,1050,0,2100,13656300,4098151,1050,21840000,8820000,4097100,1365000,2732100,1365000,0,0,0,1367100,2278687,2.2787
distribute_parallel_for_1050_1300_1100,1050,1100,0,2200,14306600,4293301,1100,22360000,9240000,4292200,1430000,2862200,1430000,0,0,0,1432200,2377396,2.3774
distribute_parallel_for_1050_1300_1150,1050,1150,0,2300,14956900,4488451,1150,22880000,9660000,4487300,1495000,2992300,1495000,0,0,0,1497300,2498453,2.4985
distribute_parallel_for_1050_1300_1200,1050,1200,0,2400,15607200,4683601,1200,23400000,10080000,4682400,1560000,3122400,1560000,0,0,0,1562400,2584856,2.5849
distribute_parallel_for_1050_1300_1250,1050,1250,0,2500,16257500,4878751,1250,23920000,10500000,4877500,1625000,3252500,1625000,0,0,0,1627500,2677201,2.6772
distribute_parallel_for_1050_1300_1300,1050,1300,0,2600,16907800,5073901,1300,24440000,10920000,5072600,1690000,3382600,1690000,0,0,0,1692600,2779966,2.7800
distribute_parallel_for_1050_1300_1350,1050,1350,0,2700,17558100,5269051,1350,24960000,11340000,5267700,1755000,3512700,1755000,0,0,0,1757700,2841006,2.8410
distribute_parallel_for_1050_1300_1400,1050,1400,0,2800,18208400,5464201,1400,25480000,11760000,5462800,1820000,3642800,1820000,0,0,0,1822800,2992797,2.9928
distribute_parallel_for_1050_1300_1450,1050,1450,0,2900,18858700,5659351,1450,26000000,12180000,5657900,1885000,3772900,1885000,0,0,0,1887900,3065164,3.0652
distribute_parallel_for_1050_1300_1500,1050,1500,0,3000,19509000,5854501,1500,26520000,12600000,5853000,1950000,3903000,1950000,0,0,0,1953000,3155812,3.1558
distribute_parallel_for_1050_1300_1550,1050,1550,0,3100,20159300,6049651,1550,27040000,13020000,6048100,2015000,4033100,2015000,0,0,0,2018100,3246197,3.2462
distribute_parallel_for_1050_1300_1600,1050,1600,0,3200,20809600,6244801,1600,27560000,13440000,6243200,2080000,4163200,2080000,0,0,0,2083200,3407613,3.4076
distribute_parallel_for_1050_1300_1650,1050,1650,0,3300,21459900,6439951,1650,28080000,13860000,6438300,2145000,4293300,2145000,0,0,0,2148300,3503789,3.5038
distribute_parallel_for_1050_1300_1700,1050,1700,0,3400,22110200,6635101,1700,28600000,14280000,6633400,2210000,4423400,2210000,0,0,0,2213400,3562220,3.5622
distribute_parallel_for_1050_1300_1750,1050,1750,0,3500,22760500,6830251,1750,29120000,14700000,6828500,2275000,4553500,2275000,0,0,0,2278500,3722871,3.7229
distribute_parallel_for_1050_1300_1800,1050,1800,0,3600,23410800,7025401,1800,29640000,15120000,7023600,2340000,4683600,2340000,0,0,0,2343600,3824967,3.8250
distribute_parallel_for_1050_1300_1850,1050,1850,0,3700,24061100,7220551,1850,30160000,15540000,7218700,2405000,4813700,2405000,0,0,0,2408700,3934424,3.9344
distribute_parallel_for_1050_1300_1900,1050,1900,0,3800,24711400,7415701,1900,30680000,15960000,7413800,2470000,4943800,2470000,0,0,0,2473800,3999751,3.9998
distribute_parallel_for_1050_1300_1950,1050,1950,0,3900,25361700,7610851,1950,31200000,16380000,7608900,2535000,5073900,2535000,0,0,0,2538900,4120821,4.1208
distribute_parallel_for_1050_1300_2000,1050,2000,0,4000,26012000,7806001,2000,31720000,16800000,7804000,2600000,5204000,2600000,0,0,0,2604000,4198861,4.1989
distribute_parallel_for_1050_1350_1050,1050,1050,0,2100,14181300,4255651,1050,22680000,8820000,4254600,1417500,2837100,1417500,0,0,0,1419600,2373342,2.3733
distribute_parallel_for_1050_1350_1100,1050,1100,0,2200,14856600,4458301,1100,23220000,9240000,4457200,1485000,2972200,1485000,0,0,0,1487200,2540039,2.5400
distribute_parallel_for_1050_1350_1150,1050,1150,0,2300,15531900,4660951,1150,23760000,9660000,4659800,1552500,3107300,1552500,0,0,0,1554800,2589988,2.5900
distribute_parallel_for_1050_1350_1200,1050,1200,0,2400,16207200,4863601,1200,24300000,10080000,4862400,1620000,3242400,1620000,0,0,0,1622400,2735581,2.7356
distribute_parallel_for_1050_1350_1250,1050,1250,0,2500,16882500,5066251,1250,24840000,10500000,5065000,1687500,3377500,1687500,0,0,0,1690000,2850650,2.8506
distribute_parallel_for_1050_1350_1300,1050,1300,0,2600,17557800,5268901,1300,25380000,10920000,5267600,1755000,3512600,1755000,0,0,0,1757600,2995869,2.9959
distribute_parallel_for_1050_1350_1350,1050,1350,0,2700,18233100,5471551,1350,25920000,11340000,5470200,1822500,3647700,1822500,0,0,0,1825200,3060061,3.0601
distribute_parallel_for_1050_1350_1400,1050,1400,0,2800,18908400,5674201,1400,26460000,11760000,5672800,1890000,3782800,1890000,0,0,0,1892800,3192325,3.1923
distribute_parallel_for_1050_1350_1450,1050,1450,0,2900,19583700,5876851,1450,27000000,12180000,5875400,1957500,3917900,1957500,0,0,0,1960400,3296838,3.2968
distribute_parallel_for_1050_1350_1500,1050,1500,0,3000,20259000,6079501,1500,27540000,12600000,6078000,2025000,4053000,2025000,0,0,0,2028000,3385530,3.3855
distribute_parallel_for_1050_1350_1550,1050,1550,0,3100,20934300,6282151,1550,28080000,13020000,6280600,2092500,4188100,2092500,0,0,0,2095600,3566033,3.5660
distribute_parallel_for_1050_1350_1600,1050,1600,0,3200,21609600,6484801,1600,28620000,13440000,6483200,2160000,4323200,2160000,0,0,0,2163200,3638454,3.6385
distribute_parallel_for_1050_1350_1650,1050,1650,0,3300,22284900,6687451,1650,29160000,13860000,6685800,2227500,4458300,2227500,0,0,0,2230800,3706290,3.7063
distribute_parallel_for_1050_1350_1700,1050,1700,0,3400,22960200,6890101,1700,29700000,14280000,6888400,2295000,4593400,2295000,0,0,0,2298400,3849770,3.8498
distribute_parallel_for_1050_1350_1750,1050,1750,0,3500,23635500,7092751,1750,30240000,14700000,7091000,2362500,4728500,2362500,0,0,0,2366000,3998706,3.9987
distribute_parallel_for_1050_1350_1800,1050,1800,0,3600,24310800,7295401,1800,30780000,15120000,7293600,2430000,4863600,2430000,0,0,0,2433600,4063256,4.0633
distribute_parallel_for_1050_1350_1850,1050,1850,0,3700,24986100,7498051,1850,31320000,15540000,7496200,2497500,4998700,2497500,0,0,0,2501200,4193928,4.1939
distribute_parallel_for_1050_1350_1900,1050,1900,0,3800,25661400,7700701,1900,31860000,15960000,7698800,2565000,5133800,2565000,0,0,0,2568800,4289107,4.2891
distribute_parallel_for_1050_1350_1950,1050,1950,0,3900,26336700,7903351,1950,32400000,16380000,7901400,2632500,5268900,2632500,0,0,0,2636400,4386746,4.3867
distribute_parallel_for_1050_1350_2000,1050,2000,0,4000,27012000,8106001,2000,32940000,16800000,8104000,2700000,5404000,2700000,0,0,0,2704000,4558411,4.5584
distribute_parallel_for_1050_1400_1050,1050,1050,0,2100,14706300,4413151,1050,23520000,8820000,4412100,1470000,2942100,1470000,0,0,0,1472100,2352836,2.3528
distribute_parallel_for_1050_1400_1100,1050,1100,0,2200,15406600,4623301,1100,24080000,9240000,4622200,1540000,3082200,1540000,0,0,0,1542200,2517225,2.5172
distribute_parallel_for_1050_1400_1150,1050,1150,0,2300,16106900,4833451,1150,24640000,9660000,4832300,1610000,3222300,1610000,0,0,0,1612300,2628832,2.6288
distribute_parallel_for_1050_1400_1200,1050,1200,0,2400,16807200,5043601,1200,25200000,10080000,5042400,1680000,3362400,1680000,0,0,0,1682400,2698505,2.6985
distribute_parallel_for_1050_1400_1250,1050,1250,0,2500,17507500,5253751,1250,25760000,10500000,5252500,1750000,3502500,1750000,0,0,0,1752500,2897124,2.8971
distribute_parallel_for_1050_1400_1300,1050,1300,0,2600,18207800,5463901,1300,26320000,10920000,5462600,1820000,3642600,1820000,0,0,0,1822600,2930489,2.9305
distribute_parallel_for_1050_1400_1350,1050,1350,0,2700,18908100,5674051,1350,26880000,11340000,5672700,1890000,3782700,1890000,0,0,0,1892700,3128240,3.1282
distribute_parallel_for_1050_1400_1400,1050,1400,0,2800,19608400,5884201,1400,27440000,11760000,5882800,1960000,3922800,1960000,0,0,0,1962800,3138746,3.1387
distribute_parallel_for_1050_1400_1450,1050,1450,0,2900,20308700,6094351,1450,28000000,12180000,6092900,2030000,4062900,2030000,0,0,0,2032900,3268047,3.2680
distribute_parallel_for_1050_1400_1500,1050,1500,0,3000,21009000,6304501,1500,28560000,12600000,6303000,2100000,4203000,2100000,0,0,0,2103000,3422644,3.4226
distribute_parallel_for_1050_1400_1550,1050,1550,0,3100,21709300,6514651,1550,29120000,13020000,6513100,2170000,4343100,2170000,0,0,0,2173100,3482867,3.4829
distribute_parallel_for_1050_1400_1600,1050,1600,0,3200,22409600,6724801,1600,29680000,13440000,6723200,2240000,4483200,2240000,0,0,0,2243200,3599449,3.5994
distribute_parallel_for_1050_1400_1650,1050,1650,0,3300,23109900,6934951,1650,30240000,13860000,6933300,2310000,4623300,2310000,0,0,0,2313300,3733212,3.7332
distribute_parallel_for_1050_1400_1700,1050,1700,0,3400,23810200,7145101,1700,30800000,14280000,7143400,2380000,4763400,2380000,0,0,0,2383400,3835290,3.8353
distribute_parallel_for_1050_1400_1750,1050,1750,0,3500,24510500,7355251,1750,31360000,14700000,7353500,2450000,4903500,2450000,0,0,0,2453500,3976522,3.9765
distribute_parallel_for_1050_1400_1800,1050,1800,0,3600,25210800,7565401,1800,31920000,15120000,7563600,2520000,5043600,2520000,0,0,0,2523600,4081939,4.0819
distribute_parallel_for_1050_1400_1850,1050,1850,0,3700,25911100,7775551,1850,32480000,15540000,7773700,2590000,5183700,2590000,0,0,0,2593700,4206132,4.2061
distribute_parallel_for_1050_1400_1900,1050,1900,0,3800,26611400,7985701,1900,33040000,15960000,7983800,2660000,5323800,2660000,0,0,0,2663800,4276965,4.2770
distribute_parallel_for_1050_1400_1950,1050,1950,0,3900,27311700,8195851,1950,33600000,16380000,8193900,2730000,5463900,2730000,0,0,0,2733900,4393403,4.3934
distribute_parallel_for_1050_1400_2000,1050,2000,0,4000,28012000,8406001,2000,34160000,16800000,8404000,2800000,5604000,2800000,0,0,0,2804000,4542697,4.5427
distribute_parallel_for_1050_1450_1050,1050,1050,0,2100,15231300,4570651,1050,24360000,8820000,4569600,1522500,3047100,1522500,0,0,0,1524600,2538317,2.5383
distribute_parallel_for_1050_1450_1100,1050,1100,0,2200,15956600,4788301,1100,24940000,9240000,4787200,1595000,3192200,1595000,0,0,0,1597200,2750906,2.7509
distribute_parallel_for_1050_1450_1150,1050,1150,0,2300,16681900,5005951,1150,25520000,9660000,5004800,1667500,3337300,1667500,0,0,0,1669800,2792388,2.7924
distribute_parallel_for_1050_1450_1200,1050,1200,0,2400,17407200,5223601,1200,26100000,10080000,5222400,1740000,3482400,1740000,0,0,0,1742400,2935293,2.9353
distribute_parallel_for_1050_1450_1250,1050,1250,0,2500,18132500,5441251,1250,26680000,10500000,5440000,1812500,3627500,1812500,0,0,0,1815000,3197607,3.1976
distribute_parallel_for_1050_1450_1300,1050,1300,0,2600,18857800,5658901,1300,27260000,10920000,5657600,1885000,3772600,1885000,0,0,0,1887600,3161876,3.1619
distribute_parallel_for_1050_1450_1350,1050,1350,0,2700,19583100,5876551,1350,27840000,11340000,5875200,1957500,3917700,1957500,0,0,0,1960200,3277585,3.2776
distribute_parallel_for_1050_1450_1400,1050,1400,0,2800,20308400,6094201,1400,28420000,11760000,6092800,2030000,4062800,2030000,0,0,0,2032800,3496981,3.4970
distribute_parallel_for_1050_1450_1450,1050,1450,0,2900,21033700,6311851,1450,29000000,12180000,6310400,2102500,4207900,2102500,0,0,0,2105400,3518633,3.5186
distribute_parallel_for_1050_1450_1500,1050,1500,0,3000,21759000,6529501,1500,29580000,12600000,6528000,2175000,4353000,2175000,0,0,0,2178000,3628811,3.6288
distribute_parallel_for_1050_1450_1550,1050,1550,0,3100,22484300,6747151,1550,30160000,13020000,6745600,2247500,4498100,2247500,0,0,0,2250600,3804508,3.8045
distribute_parallel_for_1050_1450_1600,1050,1600,0,3200,23209600,6964801,1600,30740000,13440000,6963200,2320000,4643200,2320000,0,0,0,2323200,3908362,3.9084
distribute_parallel_for_1050_1450_1650,1050,1650,0,3300,23934900,7182451,1650,31320000,13860000,7180800,2392500,4788300,2392500,0,0,0,2395800,4012874,4.0129
distribute_parallel_for_1050_1450_1700,1050,1700,0,3400,24660200,7400101,1700,31900000,14280000,7398400,2465000,4933400,2465000,0,0,0,2468400,4117784,4.1178
distribute_parallel_for_1050_1450_1750,1050,1750,0,3500,25385500,7617751,1750,32480000,14700000,7616000,2537500,5078500,2537500,0,0,0,2541000,4276652,4.2767
distribute_parallel_for_1050_1450_1800,1050,1800,0,3600,26110800,7835401,1800,33060000,15120000,7833600,2610000,5223600,2610000,0,0,0,2613600,4341678,4.3417
distribute_parallel_for_1050_1450_1850,1050,1850,0,3700,26836100,8053051,1850,33640000,15540000,8051200,2682500,5368700,2682500,0,0,0,2686200,4499528,4.4995
distribute_parallel_for_1050_1450_1900,1050,1900,0,3800,27561400,8270701,1900,34220000,15960000,8268800,2755000,5513800,2755000,0,0,0,2758800,4580764,4.5808
distribute_parallel_for_1050_1450_1950,1050,1950,0,3900,28286700,8488351,1950,34800000,16380000,8486400,2827500,5658900,2827500,0,0,0,2831400,4735256,4.7353
distribute_parallel_for_1050_1450_2000,1050,2000,0,4000,29012000,8706001,2000,35380000,16800000,8704000,2900000,5804000,2900000,0,0,0,2904000,4834851,4.8349
distribute_parallel_for_1050_1500_1050,1050,1050,0,2100,15756300,4728151,1050,25200000,8820000,4727100,1575000,3152100,1575000,0,0,0,1577100,2553514,2.5535
distribute_parallel_for_1050_1500_1100,1050,1100,0,2200,16506600,4953301,1100,25800000,9240000,4952200,1650000,3302200,1650000,0,0,0,1652200,2693839,2.6938
distribute_parallel_for_1050_1500_1150,1050,1150,0,2300,17256900,5178451,1150,26400000,9660000,5177300,1725000,3452300,1725000,0,0,0,1727300,2831706,2.8317
distribute_parallel_for_1050_1500_1200,1050,1200,0,2400,18007200,5403601,1200,27000000,10080000,5402400,1800000,3602400,1800000,0,0,0,1802400,2947542,2.9475
distribute_parallel_for_1050_1500_1250,1050,1250,0,2500,18757500,5628751,1250,27600000,10500000,5627500,1875000,3752500,1875000,0,0,0,1877500,3053789,3.0538
distribute_parallel_for_1050_1500_1300,1050,1300,0,2600,19507800,5853901,1300,28200000,10920000,5852600,1950000,3902600,1950000,0,0,0,1952600,3178285,3.1783
distribute_parallel_for_1050_1500_1350,1050,1350,0,2700,20258100,6079051,1350,28800000,11340000,6077700,2025000,4052700,2025000,0,0,0,2027700,3262863,3.2629
distribute_parallel_for_1050_1500_1400,1050,1400,0,2800,21008400,6304201,1400,29400000,11760000,6302800,2100000,4202800,2100000,0,0,0,2102800,3409920,3.4099
distribute_parallel_for_1050_1500_1450,1050,1450,0,2900,21758700,6529351,1450,30000000,12180000,6527900,2175000,4352900,2175000,0,0,0,2177900,3539559,3.5396
distribute_parallel_for_1050_1500_1500,1050,1500,0,3000,22509000,6754501,1500,30600000,12600000,6753000,2250000,4503000,2250000,0,0,0,2253000,3624390,3.6244
distribute_parallel_for_1050_1500_1550,1050,1550,0,3100,23259300,6979651,1550,31200000,13020000,6978100,2325000,4653100,2325000,0,0,0,2328100,3785823,3.7858
distribute_parallel_for_1050_1500_1600,1050,1600,0,3200,24009600,7204801,1600,31800000,13440000,7203200,2400000,4803200,2400000,0,0,0,2403200,3892966,3.8930
distribute_parallel_for_1050_1500_1650,1050,1650,0,3300,24759900,7429951,1650,32400000,13860000,7428300,2475000,4953300,2475000,0,0,0,2478300,4022478,4.0225
distribute_parallel_for_1050_1500_1700,1050,1700,0,3400,25510200,7655101,1700,33000000,14280000,7653400,2550000,5103400,2550000,0,0,0,2553400,4147941,4.1479
distribute_parallel_for_1050_1500_1750,1050,1750,0,3500,26260500,7880251,1750,33600000,14700000,7878500,2625000,5253500,2625000,0,0,0,2628500,4264930,4.2649
distribute_parallel_for_1050_1500_1800,1050,1800,0,3600,27010800,8105401,1800,34200000,15120000,8103600,2700000,5403600,2700000,0,0,0,2703600,4351028,4.3510
distribute_parallel_for_1050_1500_1850,1050,1850,0,3700,27761100,8330551,1850,34800000,15540000,8328700,2775000,5553700,2775000,0,0,0,2778700,4495972,4.4960
distribute_parallel_for_1050_1500_1900,1050,1900,0,3800,28511400,8555701,1900,35400000,15960000,8553800,2850000,5703800,2850000,0,0,0,2853800,4613433,4.6134
distribute_parallel_for_1050_1500_1950,1050,1950,0,3900,29261700,8780851,1950,36000000,16380000,8778900,2925000,5853900,2925000,0,0,0,2928900,4726014,4.7260
distribute_parallel_for_1050_1500_2000,1050,2000,0,4000,30012000,9006001,2000,36600000,16800000,9004000,3000000,6004000,3000000,0,0,0,3004000,4867851,4.8679
distribute_parallel_for_1050_1550_1050,1050,1050,0,2100,16281300,4885651,1050,26040000,8820000,4884600,1627500,3257100,1627500,0,0,0,1629600,2757772,2.7578
distribute_parallel_for_1050_1550_1100,1050,1100,0,2200,17056600,5118301,1100,26660000,9240000,5117200,1705000,3412200,1705000,0,0,0,1707200,2853259,2.8533
distribute_parallel_for_1050_1550_1150,1050,1150,0,2300,17831900,5350951,1150,27280000,9660000,5349800,1782500,3567300,1782500,0,0,0,1784800,2987304,2.9873
distribute_parallel_for_1050_1550_1200,1050,1200,0,2400,18607200,5583601,1200,27900000,10080000,5582400,1860000,3722400,1860000,0,0,0,1862400,3167100,3.1671
distribute_parallel_for_1050_1550_1250,1050,1250,0,2500,19382500,5816251,1250,28520000,10500000,5815000,1937500,3877500,1937500,0,0,0,1940000,3255834,3.2558
distribute_parallel_for_1050_1550_1300,1050,1300,0,2600,20157800,6048901,1300,29140000,10920000,6047600,2015000,4032600,2015000,0,0,0,2017600,3370854,3.3709
distribute_parallel_for_1050_1550_1350,1050,1350,0,2700,20933100,6281551,1350,29760000,11340000,6280200,2092500,4187700,2092500,0,0,0,2095200,3538051,3.5381
distribute_parallel_for_1050_1550_1400,1050,1400,0,2800,21708400,6514201,1400,30380000,11760000,6512800,2170000,4342800,2170000,0,0,0,2172800,3603388,3.6034
distribute_parallel_for_1050_1550_1450,1050,1450,0,2900,22483700,6746851,1450,31000000,12180000,6745400,2247500,4497900,2247500,0,0,0,2250400,3810824,3.8108
distribute_parallel_for_1050_1550_1500,1050,1500,0,3000,23259000,6979501,1500,31620000,12600000,6978000,2325000,4653000,2325000,0,0,0,2328000,3912050,3.9120
distribute_parallel_for_1050_1550_1550,1050,1550,0,3100,24034300,7212151,1550,32240000,13020000,7210600,2402500,4808100,2402500,0,0,0,2405600,4023426,4.0234
distribute_parallel_for_1050_1550_1600,1050,1600,0,3200,24809600,7444801,1600,32860000,13440000,7443200,2480000,4963200,2480000,0,0,0,2483200,4153700,4.1537
distribute_parallel_for_1050_1550_1650,1050,1650,0,3300,25584900,7677451,1650,33480000,13860000,7675800,2557500,5118300,2557500,0,0,0,2560800,4297430,4.2974
distribute_parallel_for_1050_1550_1700,1050,1700,0,3400,26360200,7910101,1700,34100000,14280000,7908400,2635000,5273400,2635000,0,0,0,2638400,4525279,4.5253
distribute_parallel_for_1050_1550_1750,1050,1750,0,3500,27135500,8142751,1750,34720000,14700000,8141000,2712500,5428500,2712500,0,0,0,2716000,4533297,4.5333
distribute_parallel_for_1050_1550_1800,1050,1800,0,3600,27910800,8375401,1800,35340000,15120000,8373600,2790000,5583600,2790000,0,0,0,2793600,4699347,4.6993
distribute_parallel_for_1050_1550_1850,1050,1850,0,3700,28686100,8608051,1850,35960000,15540000,8606200,2867500,5738700,2867500,0,0,0,2871200,4795627,4.7956
distribute_parallel_for_1050_1550_1900,1050,1900,0,3800,29461400,8840701,1900,36580000,15960000,8838800,2945000,5893800,2945000,0,0,0,2948800,5064203,5.0642
distribute_parallel_for_1050_1550_1950,1050,1950,0,3900,30236700,9073351,1950,37200000,16380000,9071400,3022500,6048900,3022500,0,0,0,3026400,5084896,5.0849
distribute_parallel_for_1050_1550_2000,1050,2000,0,4000,31012000,9306001,2000,37820000,16800000,9304000,3100000,6204000,3100000,0,0,0,3104000,5219153,5.2192
distribute_parallel_for_1050_1600_1050,1050,1050,0,2100,16806300,5043151,1050,26880000,8820000,5042100,1680000,3362100,1680000,0,0,0,1682100,2733173,2.7332
distribute_parallel_for_1050_1600_1100,1050,1100,0,2200,17606600,5283301,1100,27520000,9240000,5282200,1760000,3522200,1760000,0,0,0,1762200,2822007,2.8220
distribute_parallel_for_1050_1600_1150,1050,1150,0,2300,18406900,5523451,1150,28160000,9660000,5522300,1840000,3682300,1840000,0,0,0,1842300,3039713,3.0397
distribute_parallel_for_1050_1600_1200,1050,1200,0,2400,19207200,5763601,1200,28800000,10080000,5762400,1920000,3842400,1920000,0,0,0,1922400,3149931,3.1499
distribute_parallel_for_1050_1600_1250,1050,1250,0,2500,20007500,6003751,1250,29440000,10500000,6002500,2000000,4002500,2000000,0,0,0,2002500,3299965,3.3000
distribute_parallel_for_1050_1600_1300,1050,1300,0,2600,20807800,6243901,1300,30080000,10920000,6242600,2080000,4162600,2080000,0,0,0,2082600,3344281,3.3443
distribute_parallel_for_1050_1600_1350,1050,1350,0,2700,21608100,6484051,1350,30720000,11340000,6482700,2160000,4322700,2160000,0,0,0,2162700,3505192,3.5052
distribute_parallel_for_1050_1600_1400,1050,1400,0,2800,22408400,6724201,1400,31360000,11760000,6722800,2240000,4482800,2240000,0,0,0,2242800,3684020,3.6840
distribute_parallel_for_1050_1600_1450,1050,1450,0,2900,23208700,6964351,1450,32000000,12180000,6962900,2320000,4642900,2320000,0,0,0,2322900,3713155,3.7132
distribute_parallel_for_1050_1600_1500,1050,1500,0,3000,24009000,7204501,1500,32640000,12600000,7203000,2400000,4803000,2400000,0,0,0,2403000,3927084,3.9271
distribute_parallel_for_1050_1600_1550,1050,1550,0,3100,24809300,7444651,1550,33280000,13020000,7443100,2480000,4963100,2480000,0,0,0,2483100,3970097,3.9701
distribute_parallel_for_1050_1600_1600,1050,1600,0,3200,25609600,7684801,1600,33920000,13440000,7683200,2560000,5123200,2560000,0,0,0,2563200,4111811,4.1118
distribute_parallel_for_1050_1600_1650,1050,1650,0,3300,26409900,7924951,1650,34560000,13860000,7923300,2640000,5283300,2640000,0,0,0,2643300,4331342,4.3313
distribute_parallel_for_1050_1600_1700,1050,1700,0,3400,27210200,8165101,1700,35200000,14280000,8163400,2720000,5443400,2720000,0,0,0,2723400,4367205,4.3672
distribute_parallel_for_1050_1600_1750,1050,1750,0,3500,28010500,8405251,1750,35840000,14700000,8403500,2800000,5603500,2800000,0,0,0,2803500,4475750,4.4757
distribute_parallel_for_1050_1600_1800,1050,1800,0,3600,28810800,8645401,1800,36480000,15120000,8643600,2880000,5763600,2880000,0,0,0,2883600,4711838,4.7118
distribute_parallel_for_1050_1600_1850,1050,1850,0,3700,29611100,8885551,1850,37120000,15540000,8883700,2960000,5923700,2960000,0,0,0,2963700,4733688,4.7337
distribute_parallel_for_1050_1600_1900,1050,1900,0,3800,30411400,9125701,1900,37760000,15960000,9123800,3040000,6083800,3040000,0,0,0,3043800,4924023,4.9240
distribute_parallel_for_1050_1600_1950,1050,1950,0,3900,31211700,9365851,1950,38400000,16380000,9363900,3120000,6243900,3120000,0,0,0,3123900,5006835,5.0068
distribute_parallel_for_1050_1600_2000,1050,2000,0,4000,32012000,9606001,2000,39040000,16800000,9604000,3200000,6404000,3200000,0,0,0,3204000,5137832,5.1378
distribute_parallel_for_1050_1650_1050,1050,1050,0,2100,17331300,5200651,1050,27720000,8820000,5199600,1732500,3467100,1732500,0,0,0,1734600,3016946,3.0169
distribute_parallel_for_1050_1650_1100,1050,1100,0,2200,18156600,5448301,1100,28380000,9240000,5447200,1815000,3632200,1815000,0,0,0,1817200,3057856,3.0579
distribute_parallel_for_1050_1650_1150,1050,1150,0,2300,18981900,5695951,1150,29040000,9660000,5694800,1897500,3797300,1897500,0,0,0,1899800,3173993,3.1740
distribute_parallel_for_1050_1650_1200,1050,1200,0,2400,19807200,5943601,1200,29700000,10080000,5942400,1980000,3962400,1980000,0,0,0,1982400,3355237,3.3552
distribute_parallel_for_1050_1650_1250,1050,1250,0,2500,20632500,6191251,1250,30360000,10500000,6190000,2062500,4127500,2062500,0,0,0,2065000,3442998,3.4430
distribute_parallel_for_1050_1650_1300,1050,1300,0,2600,21457800,6438901,1300,31020000,10920000,6437600,2145000,4292600,2145000,0,0,0,2147600,3584065,3.5841
distribute_parallel_for_1050_1650_1350,1050,1350,0,2700,22283100,6686551,1350,31680000,11340000,6685200,2227500,4457700,2227500,0,0,0,2230200,3758017,3.7580
distribute_parallel_for_1050_1650_1400,1050,1400,0,2800,23108400,6934201,1400,32340000,11760000,6932800,2310000,4622800,2310000,0,0,0,2312800,3861475,3.8615
distribute_parallel_for_1050_1650_1450,1050,1450,0,2900,23933700,7181851,1450,33000000,12180000,7180400,2392500,4787900,2392500,0,0,0,2395400,4014306,4.0143
distribute_parallel_for_1050_1650_1500,1050,1500,0,3000,24759000,7429501,1500,33660000,12600000,7428000,2475000,4953000,2475000,0,0,0,2478000,4153769,4.1538
distribute_parallel_for_1050_1650_1550,1050,1550,0,3100,25584300,7677151,1550,34320000,13020000,7675600,2557500,5118100,2557500,0,0,0,2560600,4268180,4.2682
distribute_parallel_for_1050_1650_1600,1050,1600,0,3200,26409600,7924801,1600,34980000,13440000,7923200,2640000,5283200,2640000,0,0,0,2643200,4503786,4.5038
distribute_parallel_for_1050_1650_1650,1050,1650,0,3300,27234900,8172451,1650,35640000,13860000,8170800,2722500,5448300,2722500,0,0,0,2725800,4578087,4.5781
distribute_parallel_for_1050_1650_1700,1050,1700,0,3400,28060200,8420101,1700,36300000,14280000,8418400,2805000,5613400,2805000,0,0,0,2808400,4698939,4.6989
distribute_parallel_for_1050_1650_1750,1050,1750,0,3500,28885500,8667751,1750,36960000,14700000,8666000,2887500,5778500,2887500,0,0,0,2891000,4834623,4.8346
distribute_parallel_for_1050_1650_1800,1050,1800,0,3600,29710800,8915401,1800,37620000,15120000,8913600,2970000,5943600,2970000,0,0,0,2973600,5000602,5.0006
distribute_parallel_for_1050_1650_1850,1050,1850,0,3700,30536100,9163051,1850,38280000,15540000,9161200,3052500,6108700,3052500,0,0,0,3056200,5154677,5.1547
distribute_parallel_for_1050_1650_1900,1050,1900,0,3800,31361400,9410701,1900,38940000,15960000,9408800,3135000,6273800,3135000,0,0,0,3138800,5234305,5.2343
distribute_parallel_for_1050_1650_1950,1050,1950,0,3900,32186700,9658351,1950,39600000,16380000,9656400,3217500,6438900,3217500,0,0,0,3221400,5374757,5.3748
distribute_parallel_for_1050_1650_2000,1050,2000,0,4000,33012000,9906001,2000,40260000,16800000,9904000,3300000,6604000,3300000,0,0,0,3304000,5497642,5.4976
distribute_parallel_for_1050_1700_1050,1050,1050,0,2100,17856300,5358151,1050,28560000,8820000,5357100,1785000,3572100,1785000,0,0,0,1787100,2887875,2.8879
distribute_parallel_for_1050_1700_1100,1050,1100,0,2200,18706600,5613301,1100,29240000,9240000,5612200,1870000,3742200,1870000,0,0,0,1872200,3097976,3.0980
distribute_parallel_for_1050_1700_1150,1050,1150,0,2300,19556900,5868451,1150,29920000,9660000,5867300,1955000,3912300,1955000,0,0,0,1957300,3153246,3.1532
distribute_parallel_for_1050_1700_1200,1050,1200,0,2400,20407200,6123601,1200,30600000,10080000,6122400,2040000,4082400,2040000,0,0,0,2042400,3291099,3.2911
distribute_parallel_for_1050_1700_1250,1050,1250,0,2500,21257500,6378751,1250,31280000,10500000,6377500,2125000,4252500,2125000,0,0,0,2127500,3481365,3.4814
distribute_parallel_for_1050_1700_1300,1050,1300,0,2600,22107800,6633901,1300,31960000,10920000,6632600,2210000,4422600,2210000,0,0,0,2212600,3624316,3.6243
distribute_parallel_for_1050_1700_1350,1050,1350,0,2700,22958100,6889051,1350,32640000,11340000,6887700,2295000,4592700,2295000,0,0,0,2297700,3732688,3.7327
distribute_parallel_for_1050_1700_1400,1050,1400,0,2800,23808400,7144201,1400,33320000,11760000,7142800,2380000,4762800,2380000,0,0,0,2382800,3824048,3.8240
distribute_parallel_for_1050_1700_1450,1050,1450,0,2900,24658700,7399351,1450,34000000,12180000,7397900,2465000,4932900,2465000,0,0,0,2467900,4021947,4.0219
distribute_parallel_for_1050_1700_1500,1050,1500,0,3000,25509000,7654501,1500,34680000,12600000,7653000,2550000,5103000,2550000,0,0,0,2553000,4222208,4.2222
distribute_parallel_for_1050_1700_1550,1050,1550,0,3100,26359300,7909651,1550,35360000,13020000,7908100,2635000,5273100,2635000,0,0,0,2638100,4265502,4.2655
distribute_parallel_for_1050_1700_1600,1050,1600,0,3200,27209600,8164801,1600,36040000,13440000,8163200,2720000,5443200,2720000,0,0,0,2723200,4407445,4.4074
distribute_parallel_for_1050_1700_1650,1050,1650,0,3300,28059900,8419951,1650,36720000,13860000,8418300,2805000,5613300,2805000,0,0,0,2808300,4646889,4.6469
distribute_parallel_for_1050_1700_1700,1050,1700,0,3400,28910200,8675101,1700,37400000,14280000,8673400,2890000,5783400,2890000,0,0,0,2893400,4641385,4.6414
distribute_parallel_for_1050_1700_1750,1050,1750,0,3500,29760500,8930251,1750,38080000,14700000,8928500,2975000,5953500,2975000,0,0,0,2978500,4914678,4.9147
distribute_parallel_for_1050_1700_1800,1050,1800,0,3600,30610800,9185401,1800,38760000,15120000,9183600,3060000,6123600,3060000,0,0,0,3063600,5020578,5.0206
distribute_parallel_for_1050_1700_1850,1050,1850,0,3700,31461100,9440551,1850,39440000,15540000,9438700,3145000,6293700,3145000,0,0,0,3148700,5069694,5.0697
distribute_parallel_for_1050_1700_1900,1050,1900,0,3800,32311400,9695701,1900,40120000,15960000,9693800,3230000,6463800,3230000,0,0,0,3233800,5272120,5.2721
distribute_parallel_for_1050_1700_1950,1050,1950,0,3900,33161700,9950851,1950,40800000,16380000,9948900,3315000,6633900,3315000,0,0,0,3318900,5397242,5.3972
distribute_parallel_for_1050_1700_2000,1050,2000,0,4000,34012000,10206001,2000,41480000,16800000,10204000,3400000,6804000,3400000,0,0,0,3404000,5498868,5.4989
distribute_parallel_for_1050_1750_1050,1050,1050,0,2100,18381300,5515651,1050,29400000,8820000,5514600,1837500,3677100,1837500,0,0,0,1839600,3168906,3.1689
distribute_parallel_for_1050_1750_1100,1050,1100,0,2200,19256600,5778301,1100,30100000,9240000,5777200,1925000,3852200,1925000,0,0,0,1927200,3207385,3.2074
distribute_parallel_for_1050_1750_1150,1050,1150,0,2300,20131900,6040951,1150,30800000,9660000,6039800,2012500,4027300,2012500,0,0,0,2014800,3365085,3.3651
distribute_parallel_for_1050_1750_1200,1050,1200,0,2400,21007200,6303601,1200,31500000,10080000,6302400,2100000,4202400,2100000,0,0,0,2102400,3547798,3.5478
distribute_parallel_for_1050_1750_1250,1050,1250,0,2500,21882500,6566251,1250,32200000,10500000,6565000,2187500,4377500,2187500,0,0,0,2190000,3685540,3.6855
distribute_parallel_for_1050_1750_1300,1050,1300,0,2600,22757800,6828901,1300,32900000,10920000,6827600,2275000,4552600,2275000,0,0,0,2277600,3795691,3.7957
distribute_parallel_for_1050_1750_1350,1050,1350,0,2700,23633100,7091551,1350,33600000,11340000,7090200,2362500,4727700,2362500,0,0,0,2365200,3967785,3.9678
distribute_parallel_for_1050_1750_1400,1050,1400,0,2800,24508400,7354201,1400,34300000,11760000,7352800,2450000,4902800,2450000,0,0,0,2452800,4095107,4.0951
distribute_parallel_for_1050_1750_1450,1050,1450,0,2900,25383700,7616851,1450,35000000,12180000,7615400,2537500,5077900,2537500,0,0,0,2540400,4230864,4.2309
distribute_parallel_for_1050_1750_1500,1050,1500,0,3000,26259000,7879501,1500,35700000,12600000,7878000,2625000,5253000,2625000,0,0,0,2628000,4466798,4.4668
distribute_parallel_for_1050_1750_1550,1050,1550,0,3100,27134300,8142151,1550,36400000,13020000,8140600,2712500,5428100,2712500,0,0,0,2715600,4523906,4.5239
distribute_parallel_for_1050_1750_1600,1050,1600,0,3200,28009600,8404801,1600,37100000,13440000,8403200,2800000,5603200,2800000,0,0,0,2803200,4770439,4.7704
distribute_parallel_for_1050_1750_1650,1050,1650,0,3300,28884900,8667451,1650,37800000,13860000,8665800,2887500,5778300,2887500,0,0,0,2890800,4840134,4.8401
distribute_parallel_for_1050_1750_1700,1050,1700,0,3400,29760200,8930101,1700,38500000,14280000,8928400,2975000,5953400,2975000,0,0,0,2978400,4939607,4.9396
distribute_parallel_for_1050_1750_1750,1050,1750,0,3500,30635500,9192751,1750,39200000,14700000,9191000,3062500,6128500,3062500,0,0,0,3066000,5307395,5.3074
distribute_parallel_for_1050_1750_1800,1050,1800,0,3600,31510800,9455401,1800,39900000,15120000,9453600,3150000,6303600,3150000,0,0,0,3153600,5253498,5.2535
distribute_parallel_for_1050_1750_1850,1050,1850,0,3700,32386100,9718051,1850,40600000,15540000,9716200,3237500,6478700,3237500,0,0,0,3241200,5423134,5.4231
distribute_parallel_for_1050_1750_1900,1050,1900,0,3800,33261400,9980701,1900,41300000,15960000,9978800,3325000,6653800,3325000,0,0,0,3328800,5543986,5.5440
distribute_parallel_for_1050_1750_1950,1050,1950,0,3900,34136700,10243351,1950,42000000,16380000,10241400,3412500,6828900,3412500,0,0,0,3416400,5704752,5.7048
distribute_parallel_for_1050_1750_2000,1050,2000,0,4000,35012000,10506001,2000,42700000,16800000,10504000,3500000,7004000,3500000,0,0,0,3504000,5911615,5.9116
distribute_parallel_for_1050_1800_1050,1050,1050,0,2100,18906300,5673151,1050,30240000,8820000,5672100,1890000,3782100,1890000,0,0,0,1892100,3012603,3.0126
distribute_parallel_for_1050_1800_1100,1050,1100,0,2200,19806600,5943301,1100,30960000,9240000,5942200,1980000,3962200,1980000,0,0,0,1982200,3176188,3.1762
distribute_parallel_for_1050_1800_1150,1050,1150,0,2300,20706900,6213451,1150,31680000,9660000,6212300,2070000,4142300,2070000,0,0,0,2072300,3361531,3.3615
distribute_parallel_for_1050_1800_1200,1050,1200,0,2400,21607200,6483601,1200,32400000,10080000,6482400,2160000,4322400,2160000,0,0,0,2162400,3459659,3.4597
distribute_parallel_for_1050_1800_1250,1050,1250,0,2500,22507500,6753751,1250,33120000,10500000,6752500,2250000,4502500,2250000,0,0,0,2252500,3666820,3.6668
distribute_parallel_for_1050_1800_1300,1050,1300,0,2600,23407800,7023901,1300,33840000,10920000,7022600,2340000,4682600,2340000,0,0,0,2342600,3772934,3.7729
distribute_parallel_for_1050_1800_1350,1050,1350,0,2700,24308100,7294051,1350,34560000,11340000,7292700,2430000,4862700,2430000,0,0,0,2432700,3892356,3.8924
distribute_parallel_for_1050_1800_1400,1050,1400,0,2800,25208400,7564201,1400,35280000,11760000,7562800,2520000,5042800,2520000,0,0,0,2522800,4039935,4.0399
distribute_parallel_for_1050_1800_1450,1050,1450,0,2900,26108700,7834351,1450,36000000,12180000,7832900,2610000,5222900,2610000,0,0,0,2612900,4253117,4.2531
distribute_parallel_for_1050_1800_1500,1050,1500,0,3000,27009000,8104501,1500,36720000,12600000,8103000,2700000,5403000,2700000,0,0,0,2703000,4313508,4.3135
distribute_parallel_for_1050_1800_1550,1050,1550,0,3100,27909300,8374651,1550,37440000,13020000,8373100,2790000,5583100,2790000,0,0,0,2793100,4477953,4.4780
distribute_parallel_for_1050_1800_1600,1050,1600,0,3200,28809600,8644801,1600,38160000,13440000,8643200,2880000,5763200,2880000,0,0,0,2883200,4644409,4.6444
distribute_parallel_for_1050_1800_1650,1050,1650,0,3300,29709900,8914951,1650,38880000,13860000,8913300,2970000,5943300,2970000,0,0,0,2973300,4764171,4.7642
distribute_parallel_for_1050_1800_1700,1050,1700,0,3400,30610200,9185101,1700,39600000,14280000,9183400,3060000,6123400,3060000,0,0,0,3063400,4919433,4.9194
distribute_parallel_for_1050_1800_1750,1050,1750,0,3500,31510500,9455251,1750,40320000,14700000,9453500,3150000,6303500,3150000,0,0,0,3153500,5044277,5.0443
distribute_parallel_for_1050_1800_1800,1050,1800,0,3600,32410800,9725401,1800,41040000,15120000,9723600,3240000,6483600,3240000,0,0,0,3243600,5294805,5.2948
distribute_parallel_for_1050_1800_1850,1050,1850,0,3700,33311100,9995551,1850,41760000,15540000,9993700,3330000,6663700,3330000,0,0,0,3333700,5363147,5.3631
distribute_parallel_for_1050_1800_1900,1050,1900,0,3800,34211400,10265701,1900,42480000,15960000,10263800,3420000,6843800,3420000,0,0,0,3423800,5468406,5.4684
distribute_parallel_for_1050_1800_1950,1050,1950,0,3900,35111700,10535851,1950,43200000,16380000,10533900,3510000,7023900,3510000,0,0,0,3513900,5658299,5.6583
distribute_parallel_for_1050_1800_2000,1050,2000,0,4000,36012000,10806001,2000,43920000,16800000,10804000,3600000,7204000,3600000,0,0,0,3604000,5847275,5.8473
distribute_parallel_for_1050_1850_1050,1050,1050,0,2100,19431300,5830651,1050,31080000,8820000,5829600,1942500,3887100,1942500,0,0,0,1944600,3251054,3.2511
distribute_parallel_for_1050_1850_1100,1050,1100,0,2200,20356600,6108301,1100,31820000,9240000,6107200,2035000,4072200,2035000,0,0,0,2037200,3417557,3.4176
distribute_parallel_for_1050_1850_1150,1050,1150,0,2300,21281900,6385951,1150,32560000,9660000,6384800,2127500,4257300,2127500,0,0,0,2129800,3559290,3.5593
distribute_parallel_for_1050_1850_1200,1050,1200,0,2400,22207200,6663601,1200,33300000,10080000,6662400,2220000,4442400,2220000,0,0,0,2222400,3769160,3.7692
distribute_parallel_for_1050_1850_1250,1050,1250,0,2500,23132500,6941251,1250,34040000,10500000,6940000,2312500,4627500,2312500,0,0,0,2315000,3872859,3.8729
distribute_parallel_for_1050_1850_1300,1050,1300,0,2600,24057800,7218901,1300,34780000,10920000,7217600,2405000,4812600,2405000,0,0,0,2407600,4052178,4.0522
distribute_parallel_for_1050_1850_1350,1050,1350,0,2700,24983100,7496551,1350,35520000,11340000,7495200,2497500,4997700,2497500,0,0,0,2500200,4205850,4.2058
distribute_parallel_for_1050_1850_1400,1050,1400,0,2800,25908400,7774201,1400,36260000,11760000,7772800,2590000,5182800,2590000,0,0,0,2592800,4330873,4.3309
distribute_parallel_for_1050_1850_1450,1050,1450,0,2900,26833700,8051851,1450,37000000,12180000,8050400,2682500,5367900,2682500,0,0,0,2685400,4455107,4.4551
distribute_parallel_for_1050_1850_1500,1050,1500,0,3000,27759000,8329501,1500,37740000,12600000,8328000,2775000,5553000,2775000,0,0,0,2778000,4622681,4.6227
distribute_parallel_for_1050_1850_1550,1050,1550,0,3100,28684300,8607151,1550,38480000,13020000,8605600,2867500,5738100,2867500,0,0,0,2870600,4792176,4.7922
distribute_parallel_for_1050_1850_1600,1050,1600,0,3200,29609600,8884801,1600,39220000,13440000,8883200,2960000,5923200,2960000,0,0,0,2963200,4952911,4.9529
distribute_parallel_for_1050_1850_1650,1050,1650,0,3300,30534900,9162451,1650,39960000,13860000,9160800,3052500,6108300,3052500,0,0,0,3055800,5074151,5.0742
distribute_parallel_for_1050_1850_1700,1050,1700,0,3400,31460200,9440101,1700,40700000,14280000,9438400,3145000,6293400,3145000,0,0,0,3148400,5255191,5.2552
distribute_parallel_for_1050_1850_1750,1050,1750,0,3500,32385500,9717751,1750,41440000,14700000,9716000,3237500,6478500,3237500,0,0,0,3241000,5452289,5.4523
distribute_parallel_for_1050_1850_1800,1050,1800,0,3600,33310800,9995401,1800,42180000,15120000,9993600,3330000,6663600,3330000,0,0,0,3333600,5726987,5.7270
distribute_parallel_for_1050_1850_1850,1050,1850,0,3700,34236100,10273051,1850,42920000,15540000,10271200,3422500,6848700,3422500,0,0,0,3426200,5778815,5.7788
distribute_parallel_for_1050_1850_1900,1050,1900,0,3800,35161400,10550701,1900,43660000,15960000,10548800,3515000,7033800,3515000,0,0,0,3518800,5895503,5.8955
distribute_parallel_for_1050_1850_1950,1050,1950,0,3900,36086700,10828351,1950,44400000,16380000,10826400,3607500,7218900,3607500,0,0,0,3611400,5994264,5.9943
distribute_parallel_for_1050_1850_2000,1050,2000,0,4000,37012000,11106001,2000,45140000,16800000,11104000,3700000,7404000,3700000,0,0,0,3704000,6235912,6.2359
distribute_parallel_for_1050_1900_1050,1050,1050,0,2100,19956300,5988151,1050,31920000,8820000,5987100,1995000,3992100,1995000,0,0,0,1997100,3201840,3.2018
distribute_parallel_for_1050_1900_1100,1050,1100,0,2200,20906600,6273301,1100,32680000,9240000,6272200,2090000,4182200,2090000,0,0,0,2092200,3360851,3.3609
distribute_parallel_for_1050_1900_1150,1050,1150,0,2300,21856900,6558451,1150,33440000,9660000,6557300,2185000,4372300,2185000,0,0,0,2187300,3549142,3.5491
distribute_parallel_for_1050_1900_1200,1050,1200,0,2400,22807200,6843601,1200,34200000,10080000,6842400,2280000,4562400,2280000,0,0,0,2282400,3672882,3.6729
distribute_parallel_for_1050_1900_1250,1050,1250,0,2500,23757500,7128751,1250,34960000,10500000,7127500,2375000,4752500,2375000,0,0,0,2377500,3864317,3.8643
distribute_parallel_for_1050_1900_1300,1050,1300,0,2600,24707800,7413901,1300,35720000,10920000,7412600,2470000,4942600,2470000,0,0,0,2472600,3995354,3.9954
distribute_parallel_for_1050_1900_1350,1050,1350,0,2700,25658100,7699051,1350,36480000,11340000,7697700,2565000,5132700,2565000,0,0,0,2567700,4132852,4.1329
distribute_parallel_for_1050_1900_1400,1050,1400,0,2800,26608400,7984201,1400,37240000,11760000,7982800,2660000,5322800,2660000,0,0,0,2662800,4298100,4.2981
distribute_parallel_for_1050_1900_1450,1050,1450,0,2900,27558700,8269351,1450,38000000,12180000,8267900,2755000,5512900,2755000,0,0,0,2757900,4490482,4.4905
distribute_parallel_for_1050_1900_1500,1050,1500,0,3000,28509000,8554501,1500,38760000,12600000,8553000,2850000,5703000,2850000,0,0,0,2853000,4574221,4.5742
distribute_parallel_for_1050_1900_1550,1050,1550,0,3100,29459300,8839651,1550,39520000,13020000,8838100,2945000,5893100,2945000,0,0,0,2948100,4829445,4.8294
distribute_parallel_for_1050_1900_1600,1050,1600,0,3200,30409600,9124801,1600,40280000,13440000,9123200,3040000,6083200,3040000,0,0,0,3043200,4943803,4.9438
distribute_parallel_for_1050_1900_1650,1050,1650,0,3300,31359900,9409951,1650,41040000,13860000,9408300,3135000,6273300,3135000,0,0,0,3138300,5093564,5.0936
distribute_parallel_for_1050_1900_1700,1050,1700,0,3400,32310200,9695101,1700,41800000,14280000,9693400,3230000,6463400,3230000,0,0,0,3233400,5240450,5.2405
distribute_parallel_for_1050_1900_1750,1050,1750,0,3500,33260500,9980251,1750,42560000,14700000,9978500,3325000,6653500,3325000,0,0,0,3328500,5338039,5.3380
distribute_parallel_for_1050_1900_1800,1050,1800,0,3600,34210800,10265401,1800,43320000,15120000,10263600,3420000,6843600,3420000,0,0,0,3423600,5510248,5.5102
distribute_parallel_for_1050_1900_1850,1050,1850,0,3700,35161100,10550551,1850,44080000,15540000,10548700,3515000,7033700,3515000,0,0,0,3518700,5705636,5.7056
distribute_parallel_for_1050_1900_1900,1050,1900,0,3800,36111400,10835701,1900,44840000,15960000,10833800,3610000,7223800,3610000,0,0,0,3613800,5859995,5.8600
distribute_parallel_for_1050_1900_1950,1050,1950,0,3900,37061700,11120851,1950,45600000,16380000,11118900,3705000,7413900,3705000,0,0,0,3708900,5953858,5.9539
distribute_parallel_for_1050_1900_2000,1050,2000,0,4000,38012000,11406001,2000,46360000,16800000,11404000,3800000,7604000,3800000,0,0,0,3804000,6190122,6.1901
distribute_parallel_for_1050_1950_1050,1050,1050,0,2100,20481300,6145651,1050,32760000,8820000,6144600,2047500,4097100,2047500,0,0,0,2049600,3436128,3.4361
distribute_parallel_for_1050_1950_1100,1050,1100,0,2200,21456600,6438301,1100,33540000,9240000,6437200,2145000,4292200,2145000,0,0,0,2147200,3589462,3.5895
distribute_parallel_for_1050_1950_1150,1050,1150,0,2300,22431900,6730951,1150,34320000,9660000,6729800,2242500,4487300,2242500,0,0,0,2244800,3807653,3.8077
distribute_parallel_for_1050_1950_1200,1050,1200,0,2400,23407200,7023601,1200,35100000,10080000,7022400,2340000,4682400,2340000,0,0,0,2342400,3913326,3.9133
distribute_parallel_for_1050_1950_1250,1050,1250,0,2500,24382500,7316251,1250,35880000,10500000,7315000,2437500,4877500,2437500,0,0,0,2440000,4060561,4.0606
distribute_parallel_for_1050_1950_1300,1050,1300,0,2600,25357800,7608901,1300,36660000,10920000,7607600,2535000,5072600,2535000,0,0,0,2537600,4247625,4.2476
distribute_parallel_for_1050_1950_1350,1050,1350,0,2700,26333100,7901551,1350,37440000,11340000,7900200,2632500,5267700,2632500,0,0,0,2635200,4399609,4.3996
distribute_parallel_for_1050_1950_1400,1050,1400,0,2800,27308400,8194201,1400,38220000,11760000,8192800,2730000,5462800,2730000,0,0,0,2732800,4565430,4.5654
distribute_parallel_for_1050_1950_1450,1050,1450,0,2900,28283700,8486851,1450,39000000,12180000,8485400,2827500,5657900,2827500,0,0,0,2830400,4727502,4.7275
distribute_parallel_for_1050_1950_1500,1050,1500,0,3000,29259000,8779501,1500,39780000,12600000,8778000,2925000,5853000,2925000,0,0,0,2928000,4882820,4.8828
distribute_parallel_for_1050_1950_1550,1050,1550,0,3100,30234300,9072151,1550,40560000,13020000,9070600,3022500,6048100,3022500,0,0,0,3025600,5097159,5.0972
distribute_parallel_for_1050_1950_1600,1050,1600,0,3200,31209600,9364801,1600,41340000,13440000,9363200,3120000,6243200,3120000,0,0,0,3123200,5258074,5.2581
distribute_parallel_for_1050_1950_1650,1050,1650,0,3300,32184900,9657451,1650,42120000,13860000,9655800,3217500,6438300,3217500,0,0,0,3220800,5381464,5.3815
distribute_parallel_for_1050_1950_1700,1050,1700,0,3400,33160200,9950101,1700,42900000,14280000,9948400,3315000,6633400,3315000,0,0,0,3318400,5676879,5.6769
distribute_parallel_for_1050_1950_1750,1050,1750,0,3500,34135500,10242751,1750,43680000,14700000,10241000,3412500,6828500,3412500,0,0,0,3416000,5735430,5.7354
distribute_parallel_for_1050_1950_1800,1050,1800,0,3600,35110800,10535401,1800,44460000,15120000,10533600,3510000,7023600,3510000,0,0,0,3513600,5831401,5.8314
distribute_parallel_for_1050_1950_1850,1050,1850,0,3700,36086100,10828051,1850,45240000,15540000,10826200,3607500,7218700,3607500,0,0,0,3611200,6000318,6.0003
distribute_parallel_for_1050_1950_1900,1050,1900,0,3800,37061400,11120701,1900,46020000,15960000,11118800,3705000,7413800,3705000,0,0,0,3708800,6400395,6.4004
distribute_parallel_for_1050_1950_1950,1050,1950,0,3900,38036700,11413351,1950,46800000,16380000,11411400,3802500,7608900,3802500,0,0,0,3806400,6343745,6.3437
distribute_parallel_for_1050_1950_2000,1050,2000,0,4000,39012000,11706001,2000,47580000,16800000,11704000,3900000,7804000,3900000,0,0,0,3904000,6515897,6.5159
distribute_parallel_for_1050_2000_1050,1050,1050,0,2100,21006300,6303151,1050,33600000,8820000,6302100,2100000,4202100,2100000,0,0,0,2102100,3384164,3.3842
distribute_parallel_for_1050_2000_1100,1050,1100,0,2200,22006600,6603301,1100,34400000,9240000,6602200,2200000,4402200,2200000,0,0,0,2202200,3613634,3.6136
distribute_parallel_for_1050_2000_1150,1050,1150,0,2300,23006900,6903451,1150,35200000,9660000,6902300,2300000,4602300,2300000,0,0,0,2302300,3715226,3.7152
distribute_parallel_for_1050_2000_1200,1050,1200,0,2400,24007200,7203601,1200,36000000,10080000,7202400,2400000,4802400,2400000,0,0,0,2402400,3863812,3.8638
distribute_parallel_for_1050_2000_1250,1050,1250,0,2500,25007500,7503751,1250,36800000,10500000,7502500,2500000,5002500,2500000,0,0,0,2502500,4046289,4.0463
distribute_parallel_for_1050_2000_1300,1050,1300,0,2600,26007800,7803901,1300,37600000,10920000,7802600,2600000,5202600,2600000,0,0,0,2602600,4224099,4.2241
distribute_parallel_for_1050_2000_1350,1050,1350,0,2700,27008100,8104051,1350,38400000,11340000,8102700,2700000,5402700,2700000,0,0,0,2702700,4362294,4.3623
distribute_parallel_for_1050_2000_1400,1050,1400,0,2800,28008400,8404201,1400,39200000,11760000,8402800,2800000,5602800,2800000,0,0,0,2802800,4490062,4.4901
distribute_parallel_for_1050_2000_1450,1050,1450,0,2900,29008700,8704351,1450,40000000,12180000,8702900,2900000,5802900,2900000,0,0,0,2902900,4665546,4.6655
distribute_parallel_for_1050_2000_1500,1050,1500,0,3000,30009000,9004501,1500,40800000,12600000,9003000,3000000,6003000,3000000,0,0,0,3003000,4812750,4.8128
distribute_parallel_for_1050_2000_1550,1050,1550,0,3100,31009300,9304651,1550,41600000,13020000,9303100,3100000,6203100,3100000,0,0,0,3103100,5031489,5.0315
distribute_parallel_for_1050_2000_1600,1050,1600,0,3200,32009600,9604801,1600,42400000,13440000,9603200,3200000,6403200,3200000,0,0,0,3203200,5104250,5.1043
distribute_parallel_for_1050_2000_1650,1050,1650,0,3300,33009900,9904951,1650,43200000,13860000,9903300,3300000,6603300,3300000,0,0,0,3303300,5303304,5.3033
distribute_parallel_for_1050_2000_1700,1050,1700,0,3400,34010200,10205101,1700,44000000,14280000,10203400,3400000,6803400,3400000,0,0,0,3403400,5613035,5.6130
distribute_parallel_for_1050_2000_1750,1050,1750,0,3500,35010500,10505251,1750,44800000,14700000,10503500,3500000,7003500,3500000,0,0,0,3503500,5642010,5.6420
distribute_parallel_for_1050_2000_1800,1050,1800,0,3600,36010800,10805401,1800,45600000,15120000,10803600,3600000,7203600,3600000,0,0,0,3603600,5740998,5.7410
distribute_parallel_for_1050_2000_1850,1050,1850,0,3700,37011100,11105551,1850,46400000,15540000,11103700,3700000,7403700,3700000,0,0,0,3703700,6065994,6.0660
distribute_parallel_for_1050_2000_1900,1050,1900,0,3800,38011400,11405701,1900,47200000,15960000,11403800,3800000,7603800,3800000,0,0,0,3803800,6194348,6.1943
distribute_parallel_for_1050_2000_1950,1050,1950,0,3900,39011700,11705851,1950,48000000,16380000,11703900,3900000,7803900,3900000,0,0,0,3903900,6233521,6.2335
distribute_parallel_for_1050_2000_2000,1050,2000,0,4000,40012000,12006001,2000,48800000,16800000,12004000,4000000,8004000,4000000,0,0,0,4004000,6386107,6.3861
distribute_parallel_for_1100_1050_1050,1100,1050,0,2100,11031300,3310651,1050,18060000,9240000,3309600,1102500,2207100,1102500,0,0,0,1104600,1843841,1.8438
distribute_parallel_for_1100_1050_1100,1100,1100,0,2200,11556600,3468301,1100,18480000,9680000,3467200,1155000,2312200,1155000,0,0,0,1157200,1982799,1.9828
distribute_parallel_for_1100_1050_1150,1100,1150,0,2300,12081900,3625951,1150,18900000,10120000,3624800,1207500,2417300,1207500,0,0,0,1209800,2073028,2.0730
distribute_parallel_for_1100_1050_1200,1100,1200,0,2400,12607200,3783601,1200,19320000,10560000,3782400,1260000,2522400,1260000,0,0,0,1262400,2099605,2.0996
distribute_parallel_for_1100_1050_1250,1100,1250,0,2500,13132500,3941251,1250,19740000,11000000,3940000,1312500,2627500,1312500,0,0,0,1315000,2176246,2.1762
distribute_parallel_for_1100_1050_1300,1100,1300,0,2600,13657800,4098901,1300,20160000,11440000,4097600,1365000,2732600,1365000,0,0,0,1367600,2311356,2.3114
distribute_parallel_for_1100_1050_1350,1100,1350,0,2700,14183100,4256551,1350,20580000,11880000,4255200,1417500,2837700,1417500,0,0,0,1420200,2351938,2.3519
distribute_parallel_for_1100_1050_1400,1100,1400,0,2800,14708400,4414201,1400,21000000,12320000,4412800,1470000,2942800,1470000,0,0,0,1472800,2438181,2.4382
distribute_parallel_for_1100_1050_1450,1100,1450,0,2900,15233700,4571851,1450,21420000,12760000,4570400,1522500,3047900,1522500,0,0,0,1525400,2534332,2.5343
distribute_parallel_for_1100_1050_1500,1100,1500,0,3000,15759000,4729501,1500,21840000,13200000,4728000,1575000,3153000,1575000,0,0,0,1578000,2715376,2.7154
distribute_parallel_for_1100_1050_1550,1100,1550,0,3100,16284300,4887151,1550,22260000,13640000,4885600,1627500,3258100,1627500,0,0,0,1630600,2715342,2.7153
distribute_parallel_for_1100_1050_1600,1100,1600,0,3200,16809600,5044801,1600,22680000,14080000,5043200,1680000,3363200,1680000,0,0,0,1683200,2797233,2.7972
distribute_parallel_for_1100_1050_1650,1100,1650,0,3300,17334900,5202451,1650,23100000,14520000,5200800,1732500,3468300,1732500,0,0,0,1735800,2902512,2.9025
distribute_parallel_for_1100_1050_1700,1100,1700,0,3400,17860200,5360101,1700,23520000,14960000,5358400,1785000,3573400,1785000,0,0,0,1788400,2958177,2.9582
distribute_parallel_for_1100_1050_1750,1100,1750,0,3500,18385500,5517751,1750,23940000,15400000,5516000,1837500,3678500,1837500,0,0,0,1841000,3163598,3.1636
distribute_parallel_for_1100_1050_1800,1100,1800,0,3600,18910800,5675401,1800,24360000,15840000,5673600,1890000,3783600,1890000,0,0,0,1893600,3227586,3.2276
distribute_parallel_for_1100_1050_1850,1100,1850,0,3700,19436100,5833051,1850,24780000,16280000,5831200,1942500,3888700,1942500,0,0,0,1946200,3290508,3.2905
distribute_parallel_for_1100_1050_1900,1100,1900,0,3800,19961400,5990701,1900,25200000,16720000,5988800,1995000,3993800,1995000,0,0,0,1998800,3308657,3.3087
distribute_parallel_for_1100_1050_1950,1100,1950,0,3900,20486700,6148351,1950,25620000,17160000,6146400,2047500,4098900,2047500,0,0,0,2051400,3435744,3.4357
distribute_parallel_for_1100_1050_2000,1100,2000,0,4000,21012000,6306001,2000,26040000,17600000,6304000,2100000,4204000,2100000,0,0,0,2104000,3586128,3.5861
distribute_parallel_for_1100_1100_1050,1100,1050,0,2100,11556300,3468151,1050,18920000,9240000,3467100,1155000,2312100,1155000,0,0,0,1157100,1863166,1.8632
distribute_parallel_for_1100_1100_1100,1100,1100,0,2200,12106600,3633301,1100,19360000,9680000,3632200,1210000,2422200,1210000,0,0,0,1212200,1941232,1.9412
distribute_parallel_for_1100_1100_1150,1100,1150,0,2300,12656900,3798451,1150,19800000,10120000,3797300,1265000,2532300,1265000,0,0,0,1267300,2123928,2.1239
distribute_parallel_for_1100_1100_1200,1100,1200,0,2400,13207200,3963601,1200,20240000,10560000,3962400,1320000,2642400,1320000,0,0,0,1322400,2136119,2.1361
distribute_parallel_for_1100_1100_1250,1100,1250,0,2500,13757500,4128751,1250,20680000,11000000,4127500,1375000,2752500,1375000,0,0,0,1377500,2226356,2.2264
distribute_parallel_for_1100_1100_1300,1100,1300,0,2600,14307800,4293901,1300,21120000,11440000,4292600,1430000,2862600,1430000,0,0,0,1432600,2293007,2.2930
distribute_parallel_for_1100_1100_1350,1100,1350,0,2700,14858100,4459051,1350,21560000,11880000,4457700,1485000,2972700,1485000,0,0,0,1487700,2384819,2.3848
distribute_parallel_for_1100_1100_1400,1100,1400,0,2800,15408400,4624201,1400,22000000,12320000,4622800,1540000,3082800,1540000,0,0,0,1542800,2489130,2.4891
distribute_parallel_for_1100_1100_1450,1100,1450,0,2900,15958700,4789351,1450,22440000,12760000,4787900,1595000,3192900,1595000,0,0,0,1597900,2573600,2.5736
distribute_parallel_for_1100_1100_1500,1100,1500,0,3000,16509000,4954501,1500,22880000,13200000,4953000,1650000,3303000,1650000,0,0,0,1653000,2673798,2.6738
distribute_parallel_for_1100_1100_1550,1100,1550,0,3100,17059300,5119651,1550,23320000,13640000,5118100,1705000,3413100,1705000,0,0,0,1708100,2794462,2.7945
distribute_parallel_for_1100_1100_1600,1100,1600,0,3200,17609600,5284801,1600,23760000,14080000,5283200,1760000,3523200,1760000,0,0,0,1763200,2807975,2.8080
distribute_parallel_for_1100_1100_1650,1100,1650,0,3300,18159900,5449951,1650,24200000,14520000,5448300,1815000,3633300,1815000,0,0,0,1818300,2894115,2.8941
distribute_parallel_for_1100_1100_1700,1100,1700,0,3400,18710200,5615101,1700,24640000,14960000,5613400,1870000,3743400,1870000,0,0,0,1873400,3047380,3.0474
distribute_parallel_for_1100_1100_1750,1100,1750,0,3500,19260500,5780251,1750,25080000,15400000,5778500,1925000,3853500,1925000,0,0,0,1928500,3148134,3.1481
distribute_parallel_for_1100_1100_1800,1100,1800,0,3600,19810800,5945401,1800,25520000,15840000,5943600,1980000,3963600,1980000,0,0,0,1983600,3182963,3.1830
distribute_parallel_for_1100_1100_1850,1100,1850,0,3700,20361100,6110551,1850,25960000,16280000,6108700,2035000,4073700,2035000,0,0,0,2038700,3278985,3.2790
distribute_parallel_for_1100_1100_1900,1100,1900,0,3800,20911400,6275701,1900,26400000,16720000,6273800,2090000,4183800,2090000,0,0,0,2093800,3337609,3.3376
distribute_parallel_for_1100_1100_1950,1100,1950,0,3900,21461700,6440851,1950,26840000,17160000,6438900,2145000,4293900,2145000,0,0,0,2148900,3454169,3.4542
distribute_parallel_for_1100_1100_2000,1100,2000,0,4000,22012000,6606001,2000,27280000,17600000,6604000,2200000,4404000,2200000,0,0,0,2204000,3659204,3.6592
distribute_parallel_for_1100_1150_1050,1100,1050,0,2100,12081300,3625651,1050,19780000,9240000,3624600,1207500,2417100,1207500,0,0,0,1209600,2044517,2.0445
distribute_parallel_for_1100_1150_1100,1100,1100,0,2200,12656600,3798301,1100,20240000,9680000,3797200,1265000,2532200,1265000,0,0,0,1267200,2123853,2.1239
distribute_parallel_for_1100_1150_1150,1100,1150,0,2300,13231900,3970951,1150,20700000,10120000,3969800,1322500,2647300,1322500,0,0,0,1324800,2190676,2.1907
distribute_parallel_for_1100_1150_1200,1100,1200,0,2400,13807200,4143601,1200,21160000,10560000,4142400,1380000,2762400,1380000,0,0,0,1382400,2306361,2.3064
distribute_parallel_for_1100_1150_1250,1100,1250,0,2500,14382500,4316251,1250,21620000,11000000,4315000,1437500,2877500,1437500,0,0,0,1440000,2381438,2.3814
distribute_parallel_for_1100_1150_1300,1100,1300,0,2600,14957800,4488901,1300,22080000,11440000,4487600,1495000,2992600,1495000,0,0,0,1497600,2492774,2.4928
distribute_parallel_for_1100_1150_1350,1100,1350,0,2700,15533100,4661551,1350,22540000,11880000,4660200,1552500,3107700,1552500,0,0,0,1555200,2631356,2.6314
distribute_parallel_for_1100_1150_1400,1100,1400,0,2800,16108400,4834201,1400,23000000,12320000,4832800,1610000,3222800,1610000,0,0,0,1612800,2699368,2.6994
distribute_parallel_for_1100_1150_1450,1100,1450,0,2900,16683700,5006851,1450,23460000,12760000,5005400,1667500,3337900,1667500,0,0,0,1670400,2761559,2.7616
distribute_parallel_for_1100_1150_1500,1100,1500,0,3000,17259000,5179501,1500,23920000,13200000,5178000,1725000,3453000,1725000,0,0,0,1728000,2854601,2.8546
distribute_parallel_for_1100_1150_1550,1100,1550,0,3100,17834300,5352151,1550,24380000,13640000,5350600,1782500,3568100,1782500,0,0,0,1785600,3005815,3.0058
distribute_parallel_for_1100_1150_1600,1100,1600,0,3200,18409600,5524801,1600,24840000,14080000,5523200,1840000,3683200,1840000,0,0,0,1843200,3053651,3.0537
distribute_parallel_for_1100_1150_1650,1100,1650,0,3300,18984900,5697451,1650,25300000,14520000,5695800,1897500,3798300,1897500,0,0,0,1900800,3167110,3.1671
distribute_parallel_for_1100_1150_1700,1100,1700,0,3400,19560200,5870101,1700,25760000,14960000,5868400,1955000,3913400,1955000,0,0,0,1958400,3236877,3.2369
distribute_parallel_for_1100_1150_1750,1100,1750,0,3500,20135500,6042751,1750,26220000,15400000,6041000,2012500,4028500,2012500,0,0,0,2016000,3369238,3.3692
distribute_parallel_for_1100_1150_1800,1100,1800,0,3600,20710800,6215401,1800,26680000,15840000,6213600,2070000,4143600,2070000,0,0,0,2073600,3440186,3.4402
distribute_parallel_for_1100_1150_1850,1100,1850,0,3700,21286100,6388051,1850,27140000,16280000,6386200,2127500,4258700,2127500,0,0,0,2131200,3567927,3.5679
distribute_parallel_for_1100_1150_1900,1100,1900,0,3800,21861400,6560701,1900,27600000,16720000,6558800,2185000,4373800,2185000,0,0,0,2188800,3703462,3.7035
distribute_parallel_for_1100_1150_1950,1100,1950,0,3900,22436700,6733351,1950,28060000,17160000,6731400,2242500,4488900,2242500,0,0,0,2246400,3737818,3.7378
distribute_parallel_for_1100_1150_2000,1100,2000,0,4000,23012000,6906001,2000,28520000,17600000,6904000,2300000,4604000,2300000,0,0,0,2304000,3834426,3.8344
distribute_parallel_for_1100_1200_1050,1100,1050,0,2100,12606300,3783151,1050,20640000,9240000,3782100,1260000,2522100,1260000,0,0,0,1262100,2037775,2.0378
distribute_parallel_for_1100_1200_1100,1100,1100,0,2200,13206600,3963301,1100,21120000,9680000,3962200,1320000,2642200,1320000,0,0,0,1322200,2100526,2.1005
distribute_parallel_for_1100_1200_1150,1100,1150,0,2300,13806900,4143451,1150,21600000,10120000,4142300,1380000,2762300,1380000,0,0,0,1382300,2212069,2.2121
distribute_parallel_for_1100_1200_1200,1100,1200,0,2400,14407200,4323601,1200,22080000,10560000,4322400,1440000,2882400,1440000,0,0,0,1442400,2309407,2.3094
distribute_parallel_for_1100_1200_1250,1100,1250,0,2500,15007500,4503751,1250,22560000,11000000,4502500,1500000,3002500,1500000,0,0,0,1502500,2422386,2.4224
distribute_parallel_for_1100_1200_1300,1100,1300,0,2600,15607800,4683901,1300,23040000,11440000,4682600,1560000,3122600,1560000,0,0,0,1562600,2522205,2.5222
distribute_parallel_for_1100_1200_1350,1100,1350,0,2700,16208100,4864051,1350,23520000,11880000,4862700,1620000,3242700,1620000,0,0,0,1622700,2579150,2.5791
distribute_parallel_for_1100_1200_1400,1100,1400,0,2800,16808400,5044201,1400,24000000,12320000,5042800,1680000,3362800,1680000,0,0,0,1682800,2693962,2.6940
distribute_parallel_for_1100_1200_1450,1100,1450,0,2900,17408700,5224351,1450,24480000,12760000,5222900,1740000,3482900,1740000,0,0,0,1742900,2791241,2.7912
distribute_parallel_for_1100_1200_1500,1100,1500,0,3000,18009000,5404501,1500,24960000,13200000,5403000,1800000,3603000,1800000,0,0,0,1803000,2853837,2.8538
distribute_parallel_for_1100_1200_1550,1100,1550,0,3100,18609300,5584651,1550,25440000,13640000,5583100,1860000,3723100,1860000,0,0,0,1863100,3016750,3.0168
distribute_parallel_for_1100_1200_1600,1100,1600,0,3200,19209600,5764801,1600,25920000,14080000,5763200,1920000,3843200,1920000,0,0,0,1923200,3057267,3.0573
distribute_parallel_for_1100_1200_1650,1100,1650,0,3300,19809900,5944951,1650,26400000,14520000,5943300,1980000,3963300,1980000,0,0,0,1983300,3151968,3.1520
distribute_parallel_for_1100_1200_1700,1100,1700,0,3400,20410200,6125101,1700,26880000,14960000,6123400,2040000,4083400,2040000,0,0,0,2043400,3324090,3.3241
distribute_parallel_for_1100_1200_1750,1100,1750,0,3500,21010500,6305251,1750,27360000,15400000,6303500,2100000,4203500,2100000,0,0,0,2103500,3334250,3.3342
distribute_parallel_for_1100_1200_1800,1100,1800,0,3600,21610800,6485401,1800,27840000,15840000,6483600,2160000,4323600,2160000,0,0,0,2163600,3444899,3.4449
distribute_parallel_for_1100_1200_1850,1100,1850,0,3700,22211100,6665551,1850,28320000,16280000,6663700,2220000,4443700,2220000,0,0,0,2223700,3630528,3.6305
distribute_parallel_for_1100_1200_1900,1100,1900,0,3800,22811400,6845701,1900,28800000,16720000,6843800,2280000,4563800,2280000,0,0,0,2283800,3608725,3.6087
distribute_parallel_for_1100_1200_1950,1100,1950,0,3900,23411700,7025851,1950,29280000,17160000,7023900,2340000,4683900,2340000,0,0,0,2343900,3712338,3.7123
distribute_parallel_for_1100_1200_2000,1100,2000,0,4000,24012000,7206001,2000,29760000,17600000,7204000,2400000,4804000,2400000,0,0,0,2404000,3863255,3.8633
distribute_parallel_for_1100_1250_1050,1100,1050,0,2100,13131300,3940651,1050,21500000,9240000,3939600,1312500,2627100,1312500,0,0,0,1314600,2212699,2.2127
distribute_parallel_for_1100_1250_1100,1100,1100,0,2200,13756600,4128301,1100,22000000,9680000,4127200,1375000,2752200,1375000,0,0,0,1377200,2301364,2.3014
distribute_parallel_for_1100_1250_1150,1100,1150,0,2300,14381900,4315951,1150,22500000,10120000,4314800,1437500,2877300,1437500,0,0,0,1439800,2416777,2.4168
distribute_parallel_for_1100_1250_1200,1100,1200,0,2400,15007200,4503601,1200,23000000,10560000,4502400,1500000,3002400,1500000,0,0,0,1502400,2522257,2.5223
distribute_parallel_for_1100_1250_1250,1100,1250,0,2500,15632500,4691251,1250,23500000,11000000,4690000,1562500,3127500,1562500,0,0,0,1565000,2585796,2.5858
distribute_parallel_for_1100_1250_1300,1100,1300,0,2600,16257800,4878901,1300,24000000,11440000,4877600,1625000,3252600,1625000,0,0,0,1627600,2722413,2.7224
distribute_parallel_for_1100_1250_1350,1100,1350,0,2700,16883100,5066551,1350,24500000,11880000,5065200,1687500,3377700,1687500,0,0,0,1690200,2854522,2.8545
distribute_parallel_for_1100_1250_1400,1100,1400,0,2800,17508400,5254201,1400,25000000,12320000,5252800,1750000,3502800,1750000,0,0,0,1752800,2931574,2.9316
distribute_parallel_for_1100_1250_1450,1100,1450,0,2900,18133700,5441851,1450,25500000,12760000,5440400,1812500,3627900,1812500,0,0,0,1815400,3014092,3.0141
distribute_parallel_for_1100_1250_1500,1100,1500,0,3000,18759000,5629501,1500,26000000,13200000,5628000,1875000,3753000,1875000,0,0,0,1878000,3150073,3.1501
distribute_parallel_for_1100_1250_1550,1100,1550,0,3100,19384300,5817151,1550,26500000,13640000,5815600,1937500,3878100,1937500,0,0,0,1940600,3313579,3.3136
distribute_parallel_for_1100_1250_1600,1100,1600,0,3200,20009600,6004801,1600,27000000,14080000,6003200,2000000,4003200,2000000,0,0,0,2003200,3324864,3.3249
distribute_parallel_for_1100_1250_1650,1100,1650,0,3300,20634900,6192451,1650,27500000,14520000,6190800,2062500,4128300,2062500,0,0,0,2065800,3435444,3.4354
distribute_parallel_for_1100_1250_1700,1100,1700,0,3400,21260200,6380101,1700,28000000,14960000,6378400,2125000,4253400,2125000,0,0,0,2128400,3618927,3.6189
distribute_parallel_for_1100_1250_1750,1100,1750,0,3500,21885500,6567751,1750,28500000,15400000,6566000,2187500,4378500,2187500,0,0,0,2191000,3623752,3.6238
distribute_parallel_for_1100_1250_1800,1100,1800,0,3600,22510800,6755401,1800,29000000,15840000,6753600,2250000,4503600,2250000,0,0,0,2253600,3805534,3.8055
distribute_parallel_for_1100_1250_1850,1100,1850,0,3700,23136100,6943051,1850,29500000,16280000,6941200,2312500,4628700,2312500,0,0,0,2316200,3850042,3.8500
distribute_parallel_for_1100_1250_1900,1100,1900,0,3800,23761400,7130701,1900,30000000,16720000,7128800,2375000,4753800,2375000,0,0,0,2378800,3950861,3.9509
distribute_parallel_for_1100_1250_1950,1100,1950,0,3900,24386700,7318351,1950,30500000,17160000,7316400,2437500,4878900,2437500,0,0,0,2441400,4093053,4.0931
distribute_parallel_for_1100_1250_2000,1100,2000,0,4000,25012000,7506001,2000,31000000,17600000,7504000,2500000,5004000,2500000,0,0,0,2504000,4183159,4.1832
distribute_parallel_for_1100_1300_1050,1100,1050,0,2100,13656300,4098151,1050,22360000,9240000,4097100,1365000,2732100,1365000,0,0,0,1367100,2200451,2.2005
distribute_parallel_for_1100_1300_1100,1100,1100,0,2200,14306600,4293301,1100,22880000,9680000,4292200,1430000,2862200,1430000,0,0,0,1432200,2353838,2.3538
distribute_parallel_for_1100_1300_1150,1100,1150,0,2300,14956900,4488451,1150,23400000,10120000,4487300,1495000,2992300,1495000,0,0,0,1497300,2452631,2.4526
distribute_parallel_for_1100_1300_1200,1100,1200,0,2400,15607200,4683601,1200,23920000,10560000,4682400,1560000,3122400,1560000,0,0,0,1562400,2567602,2.5676
distribute_parallel_for_1100_1300_1250,1100,1250,0,2500,16257500,4878751,1250,24440000,11000000,4877500,1625000,3252500,1625000,0,0,0,1627500,2605498,2.6055
distribute_parallel_for_1100_1300_1300,1100,1300,0,2600,16907800,5073901,1300,24960000,11440000,5072600,1690000,3382600,1690000,0,0,0,1692600,2722945,2.7229
distribute_parallel_for_1100_1300_1350,1100,1350,0,2700,17558100,5269051,1350,25480000,11880000,5267700,1755000,3512700,1755000,0,0,0,1757700,2831743,2.8317
distribute_parallel_for_1100_1300_1400,1100,1400,0,2800,18208400,5464201,1400,26000000,12320000,5462800,1820000,3642800,1820000,0,0,0,1822800,2930297,2.9303
distribute_parallel_for_1100_1300_1450,1100,1450,0,2900,18858700,5659351,1450,26520000,12760000,5657900,1885000,3772900,1885000,0,0,0,1887900,3016690,3.0167
distribute_parallel_for_1100_1300_1500,1100,1500,0,3000,19509000,5854501,1500,27040000,13200000,5853000,1950000,3903000,1950000,0,0,0,1953000,3149907,3.1499
distribute_parallel_for_1100_1300_1550,1100,1550,0,3100,20159300,6049651,1550,27560000,13640000,6048100,2015000,4033100,2015000,0,0,0,2018100,3250282,3.2503
distribute_parallel_for_1100_1300_1600,1100,1600,0,3200,20809600,6244801,1600,28080000,14080000,6243200,2080000,4163200,2080000,0,0,0,2083200,3393880,3.3939
distribute_parallel_for_1100_1300_1650,1100,1650,0,3300,21459900,6439951,1650,28600000,14520000,6438300,2145000,4293300,2145000,0,0,0,2148300,3472013,3.4720
distribute_parallel_for_1100_1300_1700,1100,1700,0,3400,22110200,6635101,1700,29120000,14960000,6633400,2210000,4423400,2210000,0,0,0,2213400,3603108,3.6031
distribute_parallel_for_1100_1300_1750,1100,1750,0,3500,22760500,6830251,1750,29640000,15400000,6828500,2275000,4553500,2275000,0,0,0,2278500,3641210,3.6412
distribute_parallel_for_1100_1300_1800,1100,1800,0,3600,23410800,7025401,1800,30160000,15840000,7023600,2340000,4683600,2340000,0,0,0,2343600,3739080,3.7391
distribute_parallel_for_1100_1300_1850,1100,1850,0,3700,24061100,7220551,1850,30680000,16280000,7218700,2405000,4813700,2405000,0,0,0,2408700,3872389,3.8724
distribute_parallel_for_1100_1300_1900,1100,1900,0,3800,24711400,7415701,1900,31200000,16720000,7413800,2470000,4943800,2470000,0,0,0,2473800,3965030,3.9650
distribute_parallel_for_1100_1300_1950,1100,1950,0,3900,25361700,7610851,1950,31720000,17160000,7608900,2535000,5073900,2535000,0,0,0,2538900,4059904,4.0599
distribute_parallel_for_1100_1300_2000,1100,2000,0,4000,26012000,7806001,2000,32240000,17600000,7804000,2600000,5204000,2600000,0,0,0,2604000,4238662,4.2387
distribute_parallel_for_1100_1350_1050,1100,1050,0,2100,14181300,4255651,1050,23220000,9240000,4254600,1417500,2837100,1417500,0,0,0,1419600,2372991,2.3730
distribute_parallel_for_1100_1350_1100,1100,1100,0,2200,14856600,4458301,1100,23760000,9680000,4457200,1485000,2972200,1485000,0,0,0,1487200,2460242,2.4602
distribute_parallel_for_1100_1350_1150,1100,1150,0,2300,15531900,4660951,1150,24300000,10120000,4659800,1552500,3107300,1552500,0,0,0,1554800,2628865,2.6289
distribute_parallel_for_1100_1350_1200,1100,1200,0,2400,16207200,4863601,1200,24840000,10560000,4862400,1620000,3242400,1620000,0,0,0,1622400,2709774,2.7098
distribute_parallel_for_1100_1350_1250,1100,1250,0,2500,16882500,5066251,1250,25380000,11000000,5065000,1687500,3377500,1687500,0,0,0,1690000,2788365,2.7884
distribute_parallel_for_1100_1350_1300,1100,1300,0,2600,17557800,5268901,1300,25920000,11440000,5267600,1755000,3512600,1755000,0,0,0,1757600,2910506,2.9105
distribute_parallel_for_1100_1350_1350,1100,1350,0,2700,18233100,5471551,1350,26460000,11880000,5470200,1822500,3647700,1822500,0,0,0,1825200,3085823,3.0858
distribute_parallel_for_1100_1350_1400,1100,1400,0,2800,18908400,5674201,1400,27000000,12320000,5672800,1890000,3782800,1890000,0,0,0,1892800,3202364,3.2024
distribute_parallel_for_1100_1350_1450,1100,1450,0,2900,19583700,5876851,1450,27540000,12760000,5875400,1957500,3917900,1957500,0,0,0,1960400,3276562,3.2766
distribute_parallel_for_1100_1350_1500,1100,1500,0,3000,20259000,6079501,1500,28080000,13200000,6078000,2025000,4053000,2025000,0,0,0,2028000,3420333,3.4203
distribute_parallel_for_1100_1350_1550,1100,1550,0,3100,20934300,6282151,1550,28620000,13640000,6280600,2092500,4188100,2092500,0,0,0,2095600,3464477,3.4645
distribute_parallel_for_1100_1350_1600,1100,1600,0,3200,21609600,6484801,1600,29160000,14080000,6483200,2160000,4323200,2160000,0,0,0,2163200,3571168,3.5712
distribute_parallel_for_1100_1350_1650,1100,1650,0,3300,22284900,6687451,1650,29700000,14520000,6685800,2227500,4458300,2227500,0,0,0,2230800,3731079,3.7311
distribute_parallel_for_1100_1350_1700,1100,1700,0,3400,22960200,6890101,1700,30240000,14960000,6888400,2295000,4593400,2295000,0,0,0,2298400,3881678,3.8817
distribute_parallel_for_1100_1350_1750,1100,1750,0,3500,23635500,7092751,1750,30780000,15400000,7091000,2362500,4728500,2362500,0,0,0,2366000,3913435,3.9134
distribute_parallel_for_1100_1350_1800,1100,1800,0,3600,24310800,7295401,1800,31320000,15840000,7293600,2430000,4863600,2430000,0,0,0,2433600,4067103,4.0671
distribute_parallel_for_1100_1350_1850,1100,1850,0,3700,24986100,7498051,1850,31860000,16280000,7496200,2497500,4998700,2497500,0,0,0,2501200,4140786,4.1408
distribute_parallel_for_1100_1350_1900,1100,1900,0,3800,25661400,7700701,1900,32400000,16720000,7698800,2565000,5133800,2565000,0,0,0,2568800,4343321,4.3433
distribute_parallel_for_1100_1350_1950,1100,1950,0,3900,26336700,7903351,1950,32940000,17160000,7901400,2632500,5268900,2632500,0,0,0,2636400,4435526,4.4355
distribute_parallel_for_1100_1350_2000,1100,2000,0,4000,27012000,8106001,2000,33480000,17600000,8104000,2700000,5404000,2700000,0,0,0,2704000,4474951,4.4750
distribute_parallel_for_1100_1400_1050,1100,1050,0,2100,14706300,4413151,1050,24080000,9240000,4412100,1470000,2942100,1470000,0,0,0,1472100,2350801,2.3508
distribute_parallel_for_1100_1400_1100,1100,1100,0,2200,15406600,4623301,1100,24640000,9680000,4622200,1540000,3082200,1540000,0,0,0,1542200,2522212,2.5222
distribute_parallel_for_1100_1400_1150,1100,1150,0,2300,16106900,4833451,1150,25200000,10120000,4832300,1610000,3222300,1610000,0,0,0,1612300,2586717,2.5867
distribute_parallel_for_1100_1400_1200,1100,1200,0,2400,16807200,5043601,1200,25760000,10560000,5042400,1680000,3362400,1680000,0,0,0,1682400,2682941,2.6829
distribute_parallel_for_1100_1400_1250,1100,1250,0,2500,17507500,5253751,1250,26320000,11000000,5252500,1750000,3502500,1750000,0,0,0,1752500,2772402,2.7724
distribute_parallel_for_1100_1400_1300,1100,1300,0,2600,18207800,5463901,1300,26880000,11440000,5462600,1820000,3642600,1820000,0,0,0,1822600,2929742,2.9297
distribute_parallel_for_1100_1400_1350,1100,1350,0,2700,18908100,5674051,1350,27440000,11880000,5672700,1890000,3782700,1890000,0,0,0,1892700,3045569,3.0456
distribute_parallel_for_1100_1400_1400,1100,1400,0,2800,19608400,5884201,1400,28000000,12320000,5882800,1960000,3922800,1960000,0,0,0,1962800,3128468,3.1285
distribute_parallel_for_1100_1400_1450,1100,1450,0,2900,20308700,6094351,1450,28560000,12760000,6092900,2030000,4062900,2030000,0,0,0,2032900,3258057,3.2581
distribute_parallel_for_1100_1400_1500,1100,1500,0,3000,21009000,6304501,1500,29120000,13200000,6303000,2100000,4203000,2100000,0,0,0,2103000,3323906,3.3239
distribute_parallel_for_1100_1400_1550,1100,1550,0,3100,21709300,6514651,1550,29680000,13640000,6513100,2170000,4343100,2170000,0,0,0,2173100,3533411,3.5334
distribute_parallel_for_1100_1400_1600,1100,1600,0,3200,22409600,6724801,1600,30240000,14080000,6723200,2240000,4483200,2240000,0,0,0,2243200,3604391,3.6044
distribute_parallel_for_1100_1400_1650,1100,1650,0,3300,23109900,6934951,1650,30800000,14520000,6933300,2310000,4623300,2310000,0,0,0,2313300,3662153,3.6622
distribute_parallel_for_1100_1400_1700,1100,1700,0,3400,23810200,7145101,1700,31360000,14960000,7143400,2380000,4763400,2380000,0,0,0,2383400,3774627,3.7746
distribute_parallel_for_1100_1400_1750,1100,1750,0,3500,24510500,7355251,1750,31920000,15400000,7353500,2450000,4903500,2450000,0,0,0,2453500,3891945,3.8919
distribute_parallel_for_1100_1400_1800,1100,1800,0,3600,25210800,7565401,1800,32480000,15840000,7563600,2520000,5043600,2520000,0,0,0,2523600,4019400,4.0194
distribute_parallel_for_1100_1400_1850,1100,1850,0,3700,25911100,7775551,1850,33040000,16280000,7773700,2590000,5183700,2590000,0,0,0,2593700,4141317,4.1413
distribute_parallel_for_1100_1400_1900,1100,1900,0,3800,26611400,7985701,1900,33600000,16720000,7983800,2660000,5323800,2660000,0,0,0,2663800,4276061,4.2761
distribute_parallel_for_1100_1400_1950,1100,1950,0,3900,27311700,8195851,1950,34160000,17160000,8193900,2730000,5463900,2730000,0,0,0,2733900,4379546,4.3795
distribute_parallel_for_1100_1400_2000,1100,2000,0,4000,28012000,8406001,2000,34720000,17600000,8404000,2800000,5604000,2800000,0,0,0,2804000,4496112,4.4961
distribute_parallel_for_1100_1450_1050,1100,1050,0,2100,15231300,4570651,1050,24940000,9240000,4569600,1522500,3047100,1522500,0,0,0,1524600,2527921,2.5279
distribute_parallel_for_1100_1450_1100,1100,1100,0,2200,15956600,4788301,1100,25520000,9680000,4787200,1595000,3192200,1595000,0,0,0,1597200,2692818,2.6928
distribute_parallel_for_1100_1450_1150,1100,1150,0,2300,16681900,5005951,1150,26100000,10120000,5004800,1667500,3337300,1667500,0,0,0,1669800,2837745,2.8377
distribute_parallel_for_1100_1450_1200,1100,1200,0,2400,17407200,5223601,1200,26680000,10560000,5222400,1740000,3482400,1740000,0,0,0,1742400,2902602,2.9026
distribute_parallel_for_1100_1450_1250,1100,1250,0,2500,18132500,5441251,1250,27260000,11000000,5440000,1812500,3627500,1812500,0,0,0,1815000,3020104,3.0201
distribute_parallel_for_1100_1450_1300,1100,1300,0,2600,18857800,5658901,1300,27840000,11440000,5657600,1885000,3772600,1885000,0,0,0,1887600,3182091,3.1821
distribute_parallel_for_1100_1450_1350,1100,1350,0,2700,19583100,5876551,1350,28420000,11880000,5875200,1957500,3917700,1957500,0,0,0,1960200,3255242,3.2552
distribute_parallel_for_1100_1450_1400,1100,1400,0,2800,20308400,6094201,1400,29000000,12320000,6092800,2030000,4062800,2030000,0,0,0,2032800,3383236,3.3832
distribute_parallel_for_1100_1450_1450,1100,1450,0,2900,21033700,6311851,1450,29580000,12760000,6310400,2102500,4207900,2102500,0,0,0,2105400,3508442,3.5084
distribute_parallel_for_1100_1450_1500,1100,1500,0,3000,21759000,6529501,1500,30160000,13200000,6528000,2175000,4353000,2175000,0,0,0,2178000,3709428,3.7094
distribute_parallel_for_1100_1450_1550,1100,1550,0,3100,22484300,6747151,1550,30740000,13640000,6745600,2247500,4498100,2247500,0,0,0,2250600,3755311,3.7553
distribute_parallel_for_1100_1450_1600,1100,1600,0,3200,23209600,6964801,1600,31320000,14080000,6963200,2320000,4643200,2320000,0,0,0,2323200,3897324,3.8973
distribute_parallel_for_1100_1450_1650,1100,1650,0,3300,23934900,7182451,1650,31900000,14520000,7180800,2392500,4788300,2392500,0,0,0,2395800,3959510,3.9595
distribute_parallel_for_1100_1450_1700,1100,1700,0,3400,24660200,7400101,1700,32480000,14960000,7398400,2465000,4933400,2465000,0,0,0,2468400,4130959,4.1310
distribute_parallel_for_1100_1450_1750,1100,1750,0,3500,25385500,7617751,1750,33060000,15400000,7616000,2537500,5078500,2537500,0,0,0,2541000,4256219,4.2562
distribute_parallel_for_1100_1450_1800,1100,1800,0,3600,26110800,7835401,1800,33640000,15840000,7833600,2610000,5223600,2610000,0,0,0,2613600,4367599,4.3676
distribute_parallel_for_1100_1450_1850,1100,1850,0,3700,26836100,8053051,1850,34220000,16280000,8051200,2682500,5368700,2682500,0,0,0,2686200,4444489,4.4445
distribute_parallel_for_1100_1450_1900,1100,1900,0,3800,27561400,8270701,1900,34800000,16720000,8268800,2755000,5513800,2755000,0,0,0,2758800,4645010,4.6450
distribute_parallel_for_1100_1450_1950,1100,1950,0,3900,28286700,8488351,1950,35380000,17160000,8486400,2827500,5658900,2827500,0,0,0,2831400,4762427,4.7624
distribute_parallel_for_1100_1450_2000,1100,2000,0,4000,29012000,8706001,2000,35960000,17600000,8704000,2900000,5804000,2900000,0,0,0,2904000,4846422,4.8464
distribute_parallel_for_1100_1500_1050,1100,1050,0,2100,15756300,4728151,1050,25800000,9240000,4727100,1575000,3152100,1575000,0,0,0,1577100,2529997,2.5300
distribute_parallel_for_1100_1500_1100,1100,1100,0,2200,16506600,4953301,1100,26400000,9680000,4952200,1650000,3302200,1650000,0,0,0,1652200,2647904,2.6479
distribute_parallel_for_1100_1500_1150,1100,1150,0,2300,17256900,5178451,1150,27000000,10120000,5177300,1725000,3452300,1725000,0,0,0,1727300,2804802,2.8048
distribute_parallel_for_1100_1500_1200,1100,1200,0,2400,18007200,5403601,1200,27600000,10560000,5402400,1800000,3602400,1800000,0,0,0,1802400,2929631,2.9296
distribute_parallel_for_1100_1500_1250,1100,1250,0,2500,18757500,5628751,1250,28200000,11000000,5627500,1875000,3752500,1875000,0,0,0,1877500,3000987,3.0010
distribute_parallel_for_1100_1500_1300,1100,1300,0,2600,19507800,5853901,1300,28800000,11440000,5852600,1950000,3902600,1950000,0,0,0,1952600,3152950,3.1530
distribute_parallel_for_1100_1500_1350,1100,1350,0,2700,20258100,6079051,1350,29400000,11880000,6077700,2025000,4052700,2025000,0,0,0,2027700,3232893,3.2329
distribute_parallel_for_1100_1500_1400,1100,1400,0,2800,21008400,6304201,1400,30000000,12320000,6302800,2100000,4202800,2100000,0,0,0,2102800,3361974,3.3620
distribute_parallel_for_1100_1500_1450,1100,1450,0,2900,21758700,6529351,1450,30600000,12760000,6527900,2175000,4352900,2175000,0,0,0,2177900,3492284,3.4923
distribute_parallel_for_1100_1500_1500,1100,1500,0,3000,22509000,6754501,1500,31200000,13200000,6753000,2250000,4503000,2250000,0,0,0,2253000,3665476,3.6655
distribute_parallel_for_1100_1500_1550,1100,1550,0,3100,23259300,6979651,1550,31800000,13640000,6978100,2325000,4653100,2325000,0,0,0,2328100,3724199,3.7242
distribute_parallel_for_1100_1500_1600,1100,1600,0,3200,24009600,7204801,1600,32400000,14080000,7203200,2400000,4803200,2400000,0,0,0,2403200,3901789,3.9018
distribute_parallel_for_1100_1500_1650,1100,1650,0,3300,24759900,7429951,1650,33000000,14520000,7428300,2475000,4953300,2475000,0,0,0,2478300,4000668,4.0007
distribute_parallel_for_1100_1500_1700,1100,1700,0,3400,25510200,7655101,1700,33600000,14960000,7653400,2550000,5103400,2550000,0,0,0,2553400,4067991,4.0680
distribute_parallel_for_1100_1500_1750,1100,1750,0,3500,26260500,7880251,1750,34200000,15400000,7878500,2625000,5253500,2625000,0,0,0,2628500,4231450,4.2314
distribute_parallel_for_1100_1500_1800,1100,1800,0,3600,27010800,8105401,1800,34800000,15840000,8103600,2700000,5403600,2700000,0,0,0,2703600,4401271,4.4013
distribute_parallel_for_1100_1500_1850,1100,1850,0,3700,27761100,8330551,1850,35400000,16280000,8328700,2775000,5553700,2775000,0,0,0,2778700,4438244,4.4382
distribute_parallel_for_1100_1500_1900,1100,1900,0,3800,28511400,8555701,1900,36000000,16720000,8553800,2850000,5703800,2850000,0,0,0,2853800,4560237,4.5602
distribute_parallel_for_1100_1500_1950,1100,1950,0,3900,29261700,8780851,1950,36600000,17160000,8778900,2925000,5853900,2925000,0,0,0,2928900,4710872,4.7109
distribute_parallel_for_1100_1500_2000,1100,2000,0,4000,30012000,9006001,2000,37200000,17600000,9004000,3000000,6004000,3000000,0,0,0,3004000,4813519,4.8135
distribute_parallel_for_1100_1550_1050,1100,1050,0,2100,16281300,4885651,1050,26660000,9240000,4884600,1627500,3257100,1627500,0,0,0,1629600,2745294,2.7453
distribute_parallel_for_1100_1550_1100,1100,1100,0,2200,17056600,5118301,1100,27280000,9680000,5117200,1705000,3412200,1705000,0,0,0,1707200,2873381,2.8734
distribute_parallel_for_1100_1550_1150,1100,1150,0,2300,17831900,5350951,1150,27900000,10120000,5349800,1782500,3567300,1782500,0,0,0,1784800,2977060,2.9771
distribute_parallel_for_1100_1550_1200,1100,1200,0,2400,18607200,5583601,1200,28520000,10560000,5582400,1860000,3722400,1860000,0,0,0,1862400,3089324,3.0893
distribute_parallel_for_1100_1550_1250,1100,1250,0,2500,19382500,5816251,1250,29140000,11000000,5815000,1937500,3877500,1937500,0,0,0,1940000,3237245,3.2372
distribute_parallel_for_1100_1550_1300,1100,1300,0,2600,20157800,6048901,1300,29760000,11440000,6047600,2015000,4032600,2015000,0,0,0,2017600,3332044,3.3320
distribute_parallel_for_1100_1550_1350,1100,1350,0,2700,20933100,6281551,1350,30380000,11880000,6280200,2092500,4187700,2092500,0,0,0,2095200,3464054,3.4641
distribute_parallel_for_1100_1550_1400,1100,1400,0,2800,21708400,6514201,1400,31000000,12320000,6512800,2170000,4342800,2170000,0,0,0,2172800,3642098,3.6421
distribute_parallel_for_1100_1550_1450,1100,1450,0,2900,22483700,6746851,1450,31620000,12760000,6745400,2247500,4497900,2247500,0,0,0,2250400,3754688,3.7547
distribute_parallel_for_1100_1550_1500,1100,1500,0,3000,23259000,6979501,1500,32240000,13200000,6978000,2325000,4653000,2325000,0,0,0,2328000,3850051,3.8501
distribute_parallel_for_1100_1550_1550,1100,1550,0,3100,24034300,7212151,1550,32860000,13640000,7210600,2402500,4808100,2402500,0,0,0,2405600,3990367,3.9904
distribute_parallel_for_1100_1550_1600,1100,1600,0,3200,24809600,7444801,1600,33480000,14080000,7443200,2480000,4963200,2480000,0,0,0,2483200,4137118,4.1371
distribute_parallel_for_1100_1550_1650,1100,1650,0,3300,25584900,7677451,1650,34100000,14520000,7675800,2557500,5118300,2557500,0,0,0,2560800,4233320,4.2333
distribute_parallel_for_1100_1550_1700,1100,1700,0,3400,26360200,7910101,1700,34720000,14960000,7908400,2635000,5273400,2635000,0,0,0,2638400,4462514,4.4625
distribute_parallel_for_1100_1550_1750,1100,1750,0,3500,27135500,8142751,1750,35340000,15400000,8141000,2712500,5428500,2712500,0,0,0,2716000,4533144,4.5331
distribute_parallel_for_1100_1550_1800,1100,1800,0,3600,27910800,8375401,1800,35960000,15840000,8373600,2790000,5583600,2790000,0,0,0,2793600,4675216,4.6752
distribute_parallel_for_1100_1550_1850,1100,1850,0,3700,28686100,8608051,1850,36580000,16280000,8606200,2867500,5738700,2867500,0,0,0,2871200,4813330,4.8133
distribute_parallel_for_1100_1550_1900,1100,1900,0,3800,29461400,8840701,1900,37200000,16720000,8838800,2945000,5893800,2945000,0,0,0,2948800,4899405,4.8994
distribute_parallel_for_1100_1550_1950,1100,1950,0,3900,30236700,9073351,1950,37820000,17160000,9071400,3022500,6048900,3022500,0,0,0,3026400,5015119,5.0151
distribute_parallel_for_1100_1550_2000,1100,2000,0,4000,31012000,9306001,2000,38440000,17600000,9304000,3100000,6204000,3100000,0,0,0,3104000,5168849,5.1688
distribute_parallel_for_1100_1600_1050,1100,1050,0,2100,16806300,5043151,1050,27520000,9240000,5042100,1680000,3362100,1680000,0,0,0,1682100,2675045,2.6750
distribute_parallel_for_1100_1600_1100,1100,1100,0,2200,17606600,5283301,1100,28160000,9680000,5282200,1760000,3522200,1760000,0,0,0,1762200,2806675,2.8067
distribute_parallel_for_1100_1600_1150,1100,1150,0,2300,18406900,5523451,1150,28800000,10120000,5522300,1840000,3682300,1840000,0,0,0,1842300,2953146,2.9531
distribute_parallel_for_1100_1600_1200,1100,1200,0,2400,19207200,5763601,1200,29440000,10560000,5762400,1920000,3842400,1920000,0,0,0,1922400,3103796,3.1038
distribute_parallel_for_1100_1600_1250,1100,1250,0,2500,20007500,6003751,1250,30080000,11000000,6002500,2000000,4002500,2000000,0,0,0,2002500,3190694,3.1907
distribute_parallel_for_1100_1600_1300,1100,1300,0,2600,20807800,6243901,1300,30720000,11440000,6242600,2080000,4162600,2080000,0,0,0,2082600,3360135,3.3601
distribute_parallel_for_1100_1600_1350,1100,1350,0,2700,21608100,6484051,1350,31360000,11880000,6482700,2160000,4322700,2160000,0,0,0,2162700,3497679,3.4977
distribute_parallel_for_1100_1600_1400,1100,1400,0,2800,22408400,6724201,1400,32000000,12320000,6722800,2240000,4482800,2240000,0,0,0,2242800,3569744,3.5697
distribute_parallel_for_1100_1600_1450,1100,1450,0,2900,23208700,6964351,1450,32640000,12760000,6962900,2320000,4642900,2320000,0,0,0,2322900,3716427,3.7164
distribute_parallel_for_1100_1600_1500,1100,1500,0,3000,24009000,7204501,1500,33280000,13200000,7203000,2400000,4803000,2400000,0,0,0,2403000,3797087,3.7971
distribute_parallel_for_1100_1600_1550,1100,1550,0,3100,24809300,7444651,1550,33920000,13640000,7443100,2480000,4963100,2480000,0,0,0,2483100,3951812,3.9518
distribute_parallel_for_1100_1600_1600,1100,1600,0,3200,25609600,7684801,1600,34560000,14080000,7683200,2560000,5123200,2560000,0,0,0,2563200,4135867,4.1359
distribute_parallel_for_1100_1600_1650,1100,1650,0,3300,26409900,7924951,1650,35200000,14520000,7923300,2640000,5283300,2640000,0,0,0,2643300,4209385,4.2094
distribute_parallel_for_1100_1600_1700,1100,1700,0,3400,27210200,8165101,1700,35840000,14960000,8163400,2720000,5443400,2720000,0,0,0,2723400,4342966,4.3430
distribute_parallel_for_1100_1600_1750,1100,1750,0,3500,28010500,8405251,1750,36480000,15400000,8403500,2800000,5603500,2800000,0,0,0,2803500,4473117,4.4731
distribute_parallel_for_1100_1600_1800,1100,1800,0,3600,28810800,8645401,1800,37120000,15840000,8643600,2880000,5763600,2880000,0,0,0,2883600,4592799,4.5928
distribute_parallel_for_1100_1600_1850,1100,1850,0,3700,29611100,8885551,1850,37760000,16280000,8883700,2960000,5923700,2960000,0,0,0,2963700,4706020,4.7060
distribute_parallel_for_1100_1600_1900,1100,1900,0,3800,30411400,9125701,1900,38400000,16720000,9123800,3040000,6083800,3040000,0,0,0,3043800,4837610,4.8376
distribute_parallel_for_1100_1600_1950,1100,1950,0,3900,31211700,9365851,1950,39040000,17160000,9363900,3120000,6243900,3120000,0,0,0,3123900,5043050,5.0431
distribute_parallel_for_1100_1600_2000,1100,2000,0,4000,32012000,9606001,2000,39680000,17600000,9604000,3200000,6404000,3200000,0,0,0,3204000,5088789,5.0888
distribute_parallel_for_1100_1650_1050,1100,1050,0,2100,17331300,5200651,1050,28380000,9240000,5199600,1732500,3467100,1732500,0,0,0,1734600,2945365,2.9454
distribute_parallel_for_1100_1650_1100,1100,1100,0,2200,18156600,5448301,1100,29040000,9680000,5447200,1815000,3632200,1815000,0,0,0,1817200,3122393,3.1224
distribute_parallel_for_1100_1650_1150,1100,1150,0,2300,18981900,5695951,1150,29700000,10120000,5694800,1897500,3797300,1897500,0,0,0,1899800,3157415,3.1574
distribute_parallel_for_1100_1650_1200,1100,1200,0,2400,19807200,5943601,1200,30360000,10560000,5942400,1980000,3962400,1980000,0,0,0,1982400,3311875,3.3119
distribute_parallel_for_1100_1650_1250,1100,1250,0,2500,20632500,6191251,1250,31020000,11000000,6190000,2062500,4127500,2062500,0,0,0,2065000,3440575,3.4406
distribute_parallel_for_1100_1650_1300,1100,1300,0,2600,21457800,6438901,1300,31680000,11440000,6437600,2145000,4292600,2145000,0,0,0,2147600,3574996,3.5750
distribute_parallel_for_1100_1650_1350,1100,1350,0,2700,22283100,6686551,1350,32340000,11880000,6685200,2227500,4457700,2227500,0,0,0,2230200,3742116,3.7421
distribute_parallel_for_1100_1650_1400,1100,1400,0,2800,23108400,6934201,1400,33000000,12320000,6932800,2310000,4622800,2310000,0,0,0,2312800,3891361,3.8914
distribute_parallel_for_1100_1650_1450,1100,1450,0,2900,23933700,7181851,1450,33660000,12760000,7180400,2392500,4787900,2392500,0,0,0,2395400,4000072,4.0001
distribute_parallel_for_1100_1650_1500,1100,1500,0,3000,24759000,7429501,1500,34320000,13200000,7428000,2475000,4953000,2475000,0,0,0,2478000,4133828,4.1338
distribute_parallel_for_1100_1650_1550,1100,1550,0,3100,25584300,7677151,1550,34980000,13640000,7675600,2557500,5118100,2557500,0,0,0,2560600,4334420,4.3344
distribute_parallel_for_1100_1650_1600,1100,1600,0,3200,26409600,7924801,1600,35640000,14080000,7923200,2640000,5283200,2640000,0,0,0,2643200,4372227,4.3722
distribute_parallel_for_1100_1650_1650,1100,1650,0,3300,27234900,8172451,1650,36300000,14520000,8170800,2722500,5448300,2722500,0,0,0,2725800,4543830,4.5438
distribute_parallel_for_1100_1650_1700,1100,1700,0,3400,28060200,8420101,1700,36960000,14960000,8418400,2805000,5613400,2805000,0,0,0,2808400,4672504,4.6725
distribute_parallel_for_1100_1650_1750,1100,1750,0,3500,28885500,8667751,1750,37620000,15400000,8666000,2887500,5778500,2887500,0,0,0,2891000,4784071,4.7841
distribute_parallel_for_1100_1650_1800,1100,1800,0,3600,29710800,8915401,1800,38280000,15840000,8913600,2970000,5943600,2970000,0,0,0,2973600,5018467,5.0185
distribute_parallel_for_1100_1650_1850,1100,1850,0,3700,30536100,9163051,1850,38940000,16280000,9161200,3052500,6108700,3052500,0,0,0,3056200,5065872,5.0659
distribute_parallel_for_1100_1650_1900,1100,1900,0,3800,31361400,9410701,1900,39600000,16720000,9408800,3135000,6273800,3135000,0,0,0,3138800,5212078,5.2121
distribute_parallel_for_1100_1650_1950,1100,1950,0,3900,32186700,9658351,1950,40260000,17160000,9656400,3217500,6438900,3217500,0,0,0,3221400,5441416,5.4414
distribute_parallel_for_1100_1650_2000,1100,2000,0,4000,33012000,9906001,2000,40920000,17600000,9904000,3300000,6604000,3300000,0,0,0,3304000,5496449,5.4964
distribute_parallel_for_1100_1700_1050,1100,1050,0,2100,17856300,5358151,1050,29240000,9240000,5357100,1785000,3572100,1785000,0,0,0,1787100,2901554,2.9016
distribute_parallel_for_1100_1700_1100,1100,1100,0,2200,18706600,5613301,1100,29920000,9680000,5612200,1870000,3742200,1870000,0,0,0,1872200,3032960,3.0330
distribute_parallel_for_1100_1700_1150,1100,1150,0,2300,19556900,5868451,1150,30600000,10120000,5867300,1955000,3912300,1955000,0,0,0,1957300,3157419,3.1574
distribute_parallel_for_1100_1700_1200,1100,1200,0,2400,20407200,6123601,1200,31280000,10560000,6122400,2040000,4082400,2040000,0,0,0,2042400,3371967,3.3720
distribute_parallel_for_1100_1700_1250,1100,1250,0,2500,21257500,6378751,1250,31960000,11000000,6377500,2125000,4252500,2125000,0,0,0,2127500,3403480,3.4035
distribute_parallel_for_1100_1700_1300,1100,1300,0,2600,22107800,6633901,1300,32640000,11440000,6632600,2210000,4422600,2210000,0,0,0,2212600,3527070,3.5271
distribute_parallel_for_1100_1700_1350,1100,1350,0,2700,22958100,6889051,1350,33320000,11880000,6887700,2295000,4592700,2295000,0,0,0,2297700,3742117,3.7421
distribute_parallel_for_1100_1700_1400,1100,1400,0,2800,23808400,7144201,1400,34000000,12320000,7142800,2380000,4762800,2380000,0,0,0,2382800,3892186,3.8922
distribute_parallel_for_1100_1700_1450,1100,1450,0,2900,24658700,7399351,1450,34680000,12760000,7397900,2465000,4932900,2465000,0,0,0,2467900,3928708,3.9287
distribute_parallel_for_1100_1700_1500,1100,1500,0,3000,25509000,7654501,1500,35360000,13200000,7653000,2550000,5103000,2550000,0,0,0,2553000,4105199,4.1052
distribute_parallel_for_1100_1700_1550,1100,1550,0,3100,26359300,7909651,1550,36040000,13640000,7908100,2635000,5273100,2635000,0,0,0,2638100,4269271,4.2693
distribute_parallel_for_1100_1700_1600,1100,1600,0,3200,27209600,8164801,1600,36720000,14080000,8163200,2720000,5443200,2720000,0,0,0,2723200,4390771,4.3908
distribute_parallel_for_1100_1700_1650,1100,1650,0,3300,28059900,8419951,1650,37400000,14520000,8418300,2805000,5613300,2805000,0,0,0,2808300,4471645,4.4716
distribute_parallel_for_1100_1700_1700,1100,1700,0,3400,28910200,8675101,1700,38080000,14960000,8673400,2890000,5783400,2890000,0,0,0,2893400,4721505,4.7215
distribute_parallel_for_1100_1700_1750,1100,1750,0,3500,29760500,8930251,1750,38760000,15400000,8928500,2975000,5953500,2975000,0,0,0,2978500,4797814,4.7978
distribute_parallel_for_1100_1700_1800,1100,1800,0,3600,30610800,9185401,1800,39440000,15840000,9183600,3060000,6123600,3060000,0,0,0,3063600,4930496,4.9305
distribute_parallel_for_1100_1700_1850,1100,1850,0,3700,31461100,9440551,1850,40120000,16280000,9438700,3145000,6293700,3145000,0,0,0,3148700,5122975,5.1230
distribute_parallel_for_1100_1700_1900,1100,1900,0,3800,32311400,9695701,1900,40800000,16720000,9693800,3230000,6463800,3230000,0,0,0,3233800,5249545,5.2495
distribute_parallel_for_1100_1700_1950,1100,1950,0,3900,33161700,9950851,1950,41480000,17160000,9948900,3315000,6633900,3315000,0,0,0,3318900,5347417,5.3474
distribute_parallel_for_1100_1700_2000,1100,2000,0,4000,34012000,10206001,2000,42160000,17600000,10204000,3400000,6804000,3400000,0,0,0,3404000,5449914,5.4499
distribute_parallel_for_1100_1750_1050,1100,1050,0,2100,18381300,5515651,1050,30100000,9240000,5514600,1837500,3677100,1837500,0,0,0,1839600,3108273,3.1083
distribute_parallel_for_1100_1750_1100,1100,1100,0,2200,19256600,5778301,1100,30800000,9680000,5777200,1925000,3852200,1925000,0,0,0,1927200,3189376,3.1894
distribute_parallel_for_1100_1750_1150,1100,1150,0,2300,20131900,6040951,1150,31500000,10120000,6039800,2012500,4027300,2012500,0,0,0,2014800,3344987,3.3450
distribute_parallel_for_1100_1750_1200,1100,1200,0,2400,21007200,6303601,1200,32200000,10560000,6302400,2100000,4202400,2100000,0,0,0,2102400,3501217,3.5012
distribute_parallel_for_1100_1750_1250,1100,1250,0,2500,21882500,6566251,1250,32900000,11000000,6565000,2187500,4377500,2187500,0,0,0,2190000,3658487,3.6585
distribute_parallel_for_1100_1750_1300,1100,1300,0,2600,22757800,6828901,1300,33600000,11440000,6827600,2275000,4552600,2275000,0,0,0,2277600,3800701,3.8007
distribute_parallel_for_1100_1750_1350,1100,1350,0,2700,23633100,7091551,1350,34300000,11880000,7090200,2362500,4727700,2362500,0,0,0,2365200,3917283,3.9173
distribute_parallel_for_1100_1750_1400,1100,1400,0,2800,24508400,7354201,1400,35000000,12320000,7352800,2450000,4902800,2450000,0,0,0,2452800,4201993,4.2020
distribute_parallel_for_1100_1750_1450,1100,1450,0,2900,25383700,7616851,1450,35700000,12760000,7615400,2537500,5077900,2537500,0,0,0,2540400,4250565,4.2506
distribute_parallel_for_1100_1750_1500,1100,1500,0,3000,26259000,7879501,1500,36400000,13200000,7878000,2625000,5253000,2625000,0,0,0,2628000,4353055,4.3531
distribute_parallel_for_1100_1750_1550,1100,1550,0,3100,27134300,8142151,1550,37100000,13640000,8140600,2712500,5428100,2712500,0,0,0,2715600,4543638,4.5436
distribute_parallel_for_1100_1750_1600,1100,1600,0,3200,28009600,8404801,1600,37800000,14080000,8403200,2800000,5603200,2800000,0,0,0,2803200,4646177,4.6462
distribute_parallel_for_1100_1750_1650,1100,1650,0,3300,28884900,8667451,1650,38500000,14520000,8665800,2887500,5778300,2887500,0,0,0,2890800,4802892,4.8029
distribute_parallel_for_1100_1750_1700,1100,1700,0,3400,29760200,8930101,1700,39200000,14960000,8928400,2975000,5953400,2975000,0,0,0,2978400,4990914,4.9909
distribute_parallel_for_1100_1750_1750,1100,1750,0,3500,30635500,9192751,1750,39900000,15400000,9191000,3062500,6128500,3062500,0,0,0,3066000,5082448,5.0824
distribute_parallel_for_1100_1750_1800,1100,1800,0,3600,31510800,9455401,1800,40600000,15840000,9453600,3150000,6303600,3150000,0,0,0,3153600,5252086,5.2521
distribute_parallel_for_1100_1750_1850,1100,1850,0,3700,32386100,9718051,1850,41300000,16280000,9716200,3237500,6478700,3237500,0,0,0,3241200,5441106,5.4411
distribute_parallel_for_1100_1750_1900,1100,1900,0,3800,33261400,9980701,1900,42000000,16720000,9978800,3325000,6653800,3325000,0,0,0,3328800,5506478,5.5065
distribute_parallel_for_1100_1750_1950,1100,1950,0,3900,34136700,10243351,1950,42700000,17160000,10241400,3412500,6828900,3412500,0,0,0,3416400,5711748,5.7117
distribute_parallel_for_1100_1750_2000,1100,2000,0,4000,35012000,10506001,2000,43400000,17600000,10504000,3500000,7004000,3500000,0,0,0,3504000,5822129,5.8221
distribute_parallel_for_1100_1800_1050,1100,1050,0,2100,18906300,5673151,1050,30960000,9240000,5672100,1890000,3782100,1890000,0,0,0,1892100,3079177,3.0792
distribute_parallel_for_1100_1800_1100,1100,1100,0,2200,19806600,5943301,1100,31680000,9680000,5942200,1980000,3962200,1980000,0,0,0,1982200,3132551,3.1326
distribute_parallel_for_1100_1800_1150,1100,1150,0,2300,20706900,6213451,1150,32400000,10120000,6212300,2070000,4142300,2070000,0,0,0,2072300,3282166,3.2822
distribute_parallel_for_1100_1800_1200,1100,1200,0,2400,21607200,6483601,1200,33120000,10560000,6482400,2160000,4322400,2160000,0,0,0,2162400,3435499,3.4355
distribute_parallel_for_1100_1800_1250,1100,1250,0,2500,22507500,6753751,1250,33840000,11000000,6752500,2250000,4502500,2250000,0,0,0,2252500,3595010,3.5950
distribute_parallel_for_1100_1800_1300,1100,1300,0,2600,23407800,7023901,1300,34560000,11440000,7022600,2340000,4682600,2340000,0,0,0,2342600,3769739,3.7697
distribute_parallel_for_1100_1800_1350,1100,1350,0,2700,24308100,7294051,1350,35280000,11880000,7292700,2430000,4862700,2430000,0,0,0,2432700,3930401,3.9304
distribute_parallel_for_1100_1800_1400,1100,1400,0,2800,25208400,7564201,1400,36000000,12320000,7562800,2520000,5042800,2520000,0,0,0,2522800,3983552,3.9836
distribute_parallel_for_1100_1800_1450,1100,1450,0,2900,26108700,7834351,1450,36720000,12760000,7832900,2610000,5222900,2610000,0,0,0,2612900,4194794,4.1948
distribute_parallel_for_1100_1800_1500,1100,1500,0,3000,27009000,8104501,1500,37440000,13200000,8103000,2700000,5403000,2700000,0,0,0,2703000,4325732,4.3257
distribute_parallel_for_1100_1800_1550,1100,1550,0,3100,27909300,8374651,1550,38160000,13640000,8373100,2790000,5583100,2790000,0,0,0,2793100,4430599,4.4306
distribute_parallel_for_1100_1800_1600,1100,1600,0,3200,28809600,8644801,1600,38880000,14080000,8643200,2880000,5763200,2880000,0,0,0,2883200,4597321,4.5973
distribute_parallel_for_1100_1800_1650,1100,1650,0,3300,29709900,8914951,1650,39600000,14520000,8913300,2970000,5943300,2970000,0,0,0,2973300,4754639,4.7546
distribute_parallel_for_1100_1800_1700,1100,1700,0,3400,30610200,9185101,1700,40320000,14960000,9183400,3060000,6123400,3060000,0,0,0,3063400,4911211,4.9112
distribute_parallel_for_1100_1800_1750,1100,1750,0,3500,31510500,9455251,1750,41040000,15400000,9453500,3150000,6303500,3150000,0,0,0,3153500,5013047,5.0130
distribute_parallel_for_1100_1800_1800,1100,1800,0,3600,32410800,9725401,1800,41760000,15840000,9723600,3240000,6483600,3240000,0,0,0,3243600,5162232,5.1622
distribute_parallel_for_1100_1800_1850,1100,1850,0,3700,33311100,9995551,1850,42480000,16280000,9993700,3330000,6663700,3330000,0,0,0,3333700,5282316,5.2823
distribute_parallel_for_1100_1800_1900,1100,1900,0,3800,34211400,10265701,1900,43200000,16720000,10263800,3420000,6843800,3420000,0,0,0,3423800,5466399,5.4664
distribute_parallel_for_1100_1800_1950,1100,1950,0,3900,35111700,10535851,1950,43920000,17160000,10533900,3510000,7023900,3510000,0,0,0,3513900,5591261,5.5913
distribute_parallel_for_1100_1800_2000,1100,2000,0,4000,36012000,10806001,2000,44640000,17600000,10804000,3600000,7204000,3600000,0,0,0,3604000,5690914,5.6909
distribute_parallel_for_1100_1850_1050,1100,1050,0,2100,19431300,5830651,1050,31820000,9240000,5829600,1942500,3887100,1942500,0,0,0,1944600,3237724,3.2377
distribute_parallel_for_1100_1850_1100,1100,1100,0,2200,20356600,6108301,1100,32560000,9680000,6107200,2035000,4072200,2035000,0,0,0,2037200,3403380,3.4034
distribute_parallel_for_1100_1850_1150,1100,1150,0,2300,21281900,6385951,1150,33300000,10120000,6384800,2127500,4257300,2127500,0,0,0,2129800,3527474,3.5275
distribute_parallel_for_1100_1850_1200,1100,1200,0,2400,22207200,6663601,1200,34040000,10560000,6662400,2220000,4442400,2220000,0,0,0,2222400,3733681,3.7337
distribute_parallel_for_1100_1850_1250,1100,1250,0,2500,23132500,6941251,1250,34780000,11000000,6940000,2312500,4627500,2312500,0,0,0,2315000,3863583,3.8636
distribute_parallel_for_1100_1850_1300,1100,1300,0,2600,24057800,7218901,1300,35520000,11440000,7217600,2405000,4812600,2405000,0,0,0,2407600,4031430,4.0314
distribute_parallel_for_1100_1850_1350,1100,1350,0,2700,24983100,7496551,1350,36260000,11880000,7495200,2497500,4997700,2497500,0,0,0,2500200,4165135,4.1651
distribute_parallel_for_1100_1850_1400,1100,1400,0,2800,25908400,7774201,1400,37000000,12320000,7772800,2590000,5182800,2590000,0,0,0,2592800,4329850,4.3299
distribute_parallel_for_1100_1850_1450,1100,1450,0,2900,26833700,8051851,1450,37740000,12760000,8050400,2682500,5367900,2682500,0,0,0,2685400,4454650,4.4546
distribute_parallel_for_1100_1850_1500,1100,1500,0,3000,27759000,8329501,1500,38480000,13200000,8328000,2775000,5553000,2775000,0,0,0,2778000,4675101,4.6751
distribute_parallel_for_1100_1850_1550,1100,1550,0,3100,28684300,8607151,1550,39220000,13640000,8605600,2867500,5738100,2867500,0,0,0,2870600,4792875,4.7929
distribute_parallel_for_1100_1850_1600,1100,1600,0,3200,29609600,8884801,1600,39960000,14080000,8883200,2960000,5923200,2960000,0,0,0,2963200,4967466,4.9675
distribute_parallel_for_1100_1850_1650,1100,1650,0,3300,30534900,9162451,1650,40700000,14520000,9160800,3052500,6108300,3052500,0,0,0,3055800,5069959,5.0700
distribute_parallel_for_1100_1850_1700,1100,1700,0,3400,31460200,9440101,1700,41440000,14960000,9438400,3145000,6293400,3145000,0,0,0,3148400,5274730,5.2747
distribute_parallel_for_1100_1850_1750,1100,1750,0,3500,32385500,9717751,1750,42180000,15400000,9716000,3237500,6478500,3237500,0,0,0,3241000,5399233,5.3992
distribute_parallel_for_1100_1850_1800,1100,1800,0,3600,33310800,9995401,1800,42920000,15840000,9993600,3330000,6663600,3330000,0,0,0,3333600,5571754,5.5718
distribute_parallel_for_1100_1850_1850,1100,1850,0,3700,34236100,10273051,1850,43660000,16280000,10271200,3422500,6848700,3422500,0,0,0,3426200,5689799,5.6898
distribute_parallel_for_1100_1850_1900,1100,1900,0,3800,35161400,10550701,1900,44400000,16720000,10548800,3515000,7033800,3515000,0,0,0,3518800,5828086,5.8281
distribute_parallel_for_1100_1850_1950,1100,1950,0,3900,36086700,10828351,1950,45140000,17160000,10826400,3607500,7218900,3607500,0,0,0,3611400,6070599,6.0706
distribute_parallel_for_1100_1850_2000,1100,2000,0,4000,37012000,11106001,2000,45880000,17600000,11104000,3700000,7404000,3700000,0,0,0,3704000,6168523,6.1685
distribute_parallel_for_1100_1900_1050,1100,1050,0,2100,19956300,5988151,1050,32680000,9240000,5987100,1995000,3992100,1995000,0,0,0,1997100,3273964,3.2740
distribute_parallel_for_1100_1900_1100,1100,1100,0,2200,20906600,6273301,1100,33440000,9680000,6272200,2090000,4182200,2090000,0,0,0,2092200,3332321,3.3323
distribute_parallel_for_1100_1900_1150,1100,1150,0,2300,21856900,6558451,1150,34200000,10120000,6557300,2185000,4372300,2185000,0,0,0,2187300,3496635,3.4966
distribute_parallel_for_1100_1900_1200,1100,1200,0,2400,22807200,6843601,1200,34960000,10560000,6842400,2280000,4562400,2280000,0,0,0,2282400,3662246,3.6622
distribute_parallel_for_1100_1900_1250,1100,1250,0,2500,23757500,7128751,1250,35720000,11000000,7127500,2375000,4752500,2375000,0,0,0,2377500,3828018,3.8280
distribute_parallel_for_1100_1900_1300,1100,1300,0,2600,24707800,7413901,1300,36480000,11440000,7412600,2470000,4942600,2470000,0,0,0,2472600,3991333,3.9913
distribute_parallel_for_1100_1900_1350,1100,1350,0,2700,25658100,7699051,1350,37240000,11880000,7697700,2565000,5132700,2565000,0,0,0,2567700,4141718,4.1417
distribute_parallel_for_1100_1900_1400,1100,1400,0,2800,26608400,7984201,1400,38000000,12320000,7982800,2660000,5322800,2660000,0,0,0,2662800,4270383,4.2704
distribute_parallel_for_1100_1900_1450,1100,1450,0,2900,27558700,8269351,1450,38760000,12760000,8267900,2755000,5512900,2755000,0,0,0,2757900,4394943,4.3949
distribute_parallel_for_1100_1900_1500,1100,1500,0,3000,28509000,8554501,1500,39520000,13200000,8553000,2850000,5703000,2850000,0,0,0,2853000,4588008,4.5880
distribute_parallel_for_1100_1900_1550,1100,1550,0,3100,29459300,8839651,1550,40280000,13640000,8838100,2945000,5893100,2945000,0,0,0,2948100,4737084,4.7371
distribute_parallel_for_1100_1900_1600,1100,1600,0,3200,30409600,9124801,1600,41040000,14080000,9123200,3040000,6083200,3040000,0,0,0,3043200,4950567,4.9506
distribute_parallel_for_1100_1900_1650,1100,1650,0,3300,31359900,9409951,1650,41800000,14520000,9408300,3135000,6273300,3135000,0,0,0,3138300,5062248,5.0622
distribute_parallel_for_1100_1900_1700,1100,1700,0,3400,32310200,9695101,1700,42560000,14960000,9693400,3230000,6463400,3230000,0,0,0,3233400,5165291,5.1653
distribute_parallel_for_1100_1900_1750,1100,1750,0,3500,33260500,9980251,1750,43320000,15400000,9978500,3325000,6653500,3325000,0,0,0,3328500,5522095,5.5221
distribute_parallel_for_1100_1900_1800,1100,1800,0,3600,34210800,10265401,1800,44080000,15840000,10263600,3420000,6843600,3420000,0,0,0,3423600,5458608,5.4586
distribute_parallel_for_1100_1900_1850,1100,1850,0,3700,35161100,10550551,1850,44840000,16280000,10548700,3515000,7033700,3515000,0,0,0,3518700,5699258,5.6993
distribute_parallel_for_1100_1900_1900,1100,1900,0,3800,36111400,10835701,1900,45600000,16720000,10833800,3610000,7223800,3610000,0,0,0,3613800,5842895,5.8429
distribute_parallel_for_1100_1900_1950,1100,1950,0,3900,37061700,11120851,1950,46360000,17160000,11118900,3705000,7413900,3705000,0,0,0,3708900,5959262,5.9593
distribute_parallel_for_1100_1900_2000,1100,2000,0,4000,38012000,11406001,2000,47120000,17600000,11404000,3800000,7604000,3800000,0,0,0,3804000,6109287,6.1093
distribute_parallel_for_1100_1950_1050,1100,1050,0,2100,20481300,6145651,1050,33540000,9240000,6144600,2047500,4097100,2047500,0,0,0,2049600,3393218,3.3932
distribute_parallel_for_1100_1950_1100,1100,1100,0,2200,21456600,6438301,1100,34320000,9680000,6437200,2145000,4292200,2145000,0,0,0,2147200,3566017,3.5660
distribute_parallel_for_1100_1950_1150,1100,1150,0,2300,22431900,6730951,1150,35100000,10120000,6729800,2242500,4487300,2242500,0,0,0,2244800,3743564,3.7436
distribute_parallel_for_1100_1950_1200,1100,1200,0,2400,23407200,7023601,1200,35880000,10560000,7022400,2340000,4682400,2340000,0,0,0,2342400,3930859,3.9309
distribute_parallel_for_1100_1950_1250,1100,1250,0,2500,24382500,7316251,1250,36660000,11000000,7315000,2437500,4877500,2437500,0,0,0,2440000,4069276,4.0693
distribute_parallel_for_1100_1950_1300,1100,1300,0,2600,25357800,7608901,1300,37440000,11440000,7607600,2535000,5072600,2535000,0,0,0,2537600,4192860,4.1929
distribute_parallel_for_1100_1950_1350,1100,1350,0,2700,26333100,7901551,1350,38220000,11880000,7900200,2632500,5267700,2632500,0,0,0,2635200,4361990,4.3620
distribute_parallel_for_1100_1950_1400,1100,1400,0,2800,27308400,8194201,1400,39000000,12320000,8192800,2730000,5462800,2730000,0,0,0,2732800,4581563,4.5816
distribute_parallel_for_1100_1950_1450,1100,1450,0,2900,28283700,8486851,1450,39780000,12760000,8485400,2827500,5657900,2827500,0,0,0,2830400,4730375,4.7304
distribute_parallel_for_1100_1950_1500,1100,1500,0,3000,29259000,8779501,1500,40560000,13200000,8778000,2925000,5853000,2925000,0,0,0,2928000,4884619,4.8846
distribute_parallel_for_1100_1950_1550,1100,1550,0,3100,30234300,9072151,1550,41340000,13640000,9070600,3022500,6048100,3022500,0,0,0,3025600,5038469,5.0385
distribute_parallel_for_1100_1950_1600,1100,1600,0,3200,31209600,9364801,1600,42120000,14080000,9363200,3120000,6243200,3120000,0,0,0,3123200,5172791,5.1728
distribute_parallel_for_1100_1950_1650,1100,1650,0,3300,32184900,9657451,1650,42900000,14520000,9655800,3217500,6438300,3217500,0,0,0,3220800,5349289,5.3493
distribute_parallel_for_1100_1950_1700,1100,1700,0,3400,33160200,9950101,1700,43680000,14960000,9948400,3315000,6633400,3315000,0,0,0,3318400,5474460,5.4745
distribute_parallel_for_1100_1950_1750,1100,1750,0,3500,34135500,10242751,1750,44460000,15400000,10241000,3412500,6828500,3412500,0,0,0,3416000,5662254,5.6623
distribute_parallel_for_1100_1950_1800,1100,1800,0,3600,35110800,10535401,1800,45240000,15840000,10533600,3510000,7023600,3510000,0,0,0,3513600,5879958,5.8800
distribute_parallel_for_1100_1950_1850,1100,1850,0,3700,36086100,10828051,1850,46020000,16280000,10826200,3607500,7218700,3607500,0,0,0,3611200,5997159,5.9972
distribute_parallel_for_1100_1950_1900,1100,1900,0,3800,37061400,11120701,1900,46800000,16720000,11118800,3705000,7413800,3705000,0,0,0,3708800,6173721,6.1737
distribute_parallel_for_1100_1950_1950,1100,1950,0,3900,38036700,11413351,1950,47580000,17160000,11411400,3802500,7608900,3802500,0,0,0,3806400,6282806,6.2828
distribute_parallel_for_1100_1950_2000,1100,2000,0,4000,39012000,11706001,2000,48360000,17600000,11704000,3900000,7804000,3900000,0,0,0,3904000,6539126,6.5391
distribute_parallel_for_1100_2000_1050,1100,1050,0,2100,21006300,6303151,1050,34400000,9240000,6302100,2100000,4202100,2100000,0,0,0,2102100,3379600,3.3796
distribute_parallel_for_1100_2000_1100,1100,1100,0,2200,22006600,6603301,1100,35200000,9680000,6602200,2200000,4402200,2200000,0,0,0,2202200,3489206,3.4892
distribute_parallel_for_1100_2000_1150,1100,1150,0,2300,23006900,6903451,1150,36000000,10120000,6902300,2300000,4602300,2300000,0,0,0,2302300,3647778,3.6478
distribute_parallel_for_1100_2000_1200,1100,1200,0,2400,24007200,7203601,1200,36800000,10560000,7202400,2400000,4802400,2400000,0,0,0,2402400,3913672,3.9137
distribute_parallel_for_1100_2000_1250,1100,1250,0,2500,25007500,7503751,1250,37600000,11000000,7502500,2500000,5002500,2500000,0,0,0,2502500,3985345,3.9853
distribute_parallel_for_1100_2000_1300,1100,1300,0,2600,26007800,7803901,1300,38400000,11440000,7802600,2600000,5202600,2600000,0,0,0,2602600,4160144,4.1601
distribute_parallel_for_1100_2000_1350,1100,1350,0,2700,27008100,8104051,1350,39200000,11880000,8102700,2700000,5402700,2700000,0,0,0,2702700,4347191,4.3472
distribute_parallel_for_1100_2000_1400,1100,1400,0,2800,28008400,8404201,1400,40000000,12320000,8402800,2800000,5602800,2800000,0,0,0,2802800,4451467,4.4515
distribute_parallel_for_1100_2000_1450,1100,1450,0,2900,29008700,8704351,1450,40800000,12760000,8702900,2900000,5802900,2900000,0,0,0,2902900,4620991,4.6210
distribute_parallel_for_1100_2000_1500,1100,1500,0,3000,30009000,9004501,1500,41600000,13200000,9003000,3000000,6003000,3000000,0,0,0,3003000,4794528,4.7945
distribute_parallel_for_1100_2000_1550,1100,1550,0,3100,31009300,9304651,1550,42400000,13640000,9303100,3100000,6203100,3100000,0,0,0,3103100,4987744,4.9877
distribute_parallel_for_1100_2000_1600,1100,1600,0,3200,32009600,9604801,1600,43200000,14080000,9603200,3200000,6403200,3200000,0,0,0,3203200,5197809,5.1978
distribute_parallel_for_1100_2000_1650,1100,1650,0,3300,33009900,9904951,1650,44000000,14520000,9903300,3300000,6603300,3300000,0,0,0,3303300,5227230,5.2272
distribute_parallel_for_1100_2000_1700,1100,1700,0,3400,34010200,10205101,1700,44800000,14960000,10203400,3400000,6803400,3400000,0,0,0,3403400,5552741,5.5527
distribute_parallel_for_1100_2000_1750,1100,1750,0,3500,35010500,10505251,1750,45600000,15400000,10503500,3500000,7003500,3500000,0,0,0,3503500,5622379,5.6224
distribute_parallel_for_1100_2000_1800,1100,1800,0,3600,36010800,10805401,1800,46400000,15840000,10803600,3600000,7203600,3600000,0,0,0,3603600,5732716,5.7327
distribute_parallel_for_1100_2000_1850,1100,1850,0,3700,37011100,11105551,1850,47200000,16280000,11103700,3700000,7403700,3700000,0,0,0,3703700,5905192,5.9052
distribute_parallel_for_1100_2000_1900,1100,1900,0,3800,38011400,11405701,1900,48000000,16720000,11403800,3800000,7603800,3800000,0,0,0,3803800,6109811,6.1098
distribute_parallel_for_1100_2000_1950,1100,1950,0,3900,39011700,11705851,1950,48800000,17160000,11703900,3900000,7803900,3900000,0,0,0,3903900,6202897,6.2029
distribute_parallel_for_1100_2000_2000,1100,2000,0,4000,40012000,12006001,2000,49600000,17600000,12004000,4000000,8004000,4000000,0,0,0,4004000,6340202,6.3402
distribute_parallel_for_1150_1050_1050,1150,1050,0,2100,11031300,3310651,1050,18480000,9660000,3309600,1102500,2207100,1102500,0,0,0,1104600,1892588,1.8926
distribute_parallel_for_1150_1050_1100,1150,1100,0,2200,11556600,3468301,1100,18900000,10120000,3467200,1155000,2312200,1155000,0,0,0,1157200,1985635,1.9856
distribute_parallel_for_1150_1050_1150,1150,1150,0,2300,12081900,3625951,1150,19320000,10580000,3624800,1207500,2417300,1207500,0,0,0,1209800,2013889,2.0139
distribute_parallel_for_1150_1050_1200,1150,1200,0,2400,12607200,3783601,1200,19740000,11040000,3782400,1260000,2522400,1260000,0,0,0,1262400,2115996,2.1160
distribute_parallel_for_1150_1050_1250,1150,1250,0,2500,13132500,3941251,1250,20160000,11500000,3940000,1312500,2627500,1312500,0,0,0,1315000,2261825,2.2618
distribute_parallel_for_1150_1050_1300,1150,1300,0,2600,13657800,4098901,1300,20580000,11960000,4097600,1365000,2732600,1365000,0,0,0,1367600,2275611,2.2756
distribute_parallel_for_1150_1050_1350,1150,1350,0,2700,14183100,4256551,1350,21000000,12420000,4255200,1417500,2837700,1417500,0,0,0,1420200,2362596,2.3626
distribute_parallel_for_1150_1050_1400,1150,1400,0,2800,14708400,4414201,1400,21420000,12880000,4412800,1470000,2942800,1470000,0,0,0,1472800,2459977,2.4600
distribute_parallel_for_1150_1050_1450,1150,1450,0,2900,15233700,4571851,1450,21840000,13340000,4570400,1522500,3047900,1522500,0,0,0,1525400,2572685,2.5727
distribute_parallel_for_1150_1050_1500,1150,1500,0,3000,15759000,4729501,1500,22260000,13800000,4728000,1575000,3153000,1575000,0,0,0,1578000,2661167,2.6612
distribute_parallel_for_1150_1050_1550,1150,1550,0,3100,16284300,4887151,1550,22680000,14260000,4885600,1627500,3258100,1627500,0,0,0,1630600,2746182,2.7462
distribute_parallel_for_1150_1050_1600,1150,1600,0,3200,16809600,5044801,1600,23100000,14720000,5043200,1680000,3363200,1680000,0,0,0,1683200,2841518,2.8415
distribute_parallel_for_1150_1050_1650,1150,1650,0,3300,17334900,5202451,1650,23520000,15180000,5200800,1732500,3468300,1732500,0,0,0,1735800,2886996,2.8870
distribute_parallel_for_1150_1050_1700,1150,1700,0,3400,17860200,5360101,1700,23940000,15640000,5358400,1785000,3573400,1785000,0,0,0,1788400,3035132,3.0351
distribute_parallel_for_1150_1050_1750,1150,1750,0,3500,18385500,5517751,1750,24360000,16100000,5516000,1837500,3678500,1837500,0,0,0,1841000,3115760,3.1158
distribute_parallel_for_1150_1050_1800,1150,1800,0,3600,18910800,5675401,1800,24780000,16560000,5673600,1890000,3783600,1890000,0,0,0,1893600,3163990,3.1640
distribute_parallel_for_1150_1050_1850,1150,1850,0,3700,19436100,5833051,1850,25200000,17020000,5831200,1942500,3888700,1942500,0,0,0,1946200,3230691,3.2307
distribute_parallel_for_1150_1050_1900,1150,1900,0,3800,19961400,5990701,1900,25620000,17480000,5988800,1995000,3993800,1995000,0,0,0,1998800,3363834,3.3638
distribute_parallel_for_1150_1050_1950,1150,1950,0,3900,20486700,6148351,1950,26040000,17940000,6146400,2047500,4098900,2047500,0,0,0,2051400,3457266,3.4573
distribute_parallel_for_1150_1050_2000,1150,2000,0,4000,21012000,6306001,2000,26460000,18400000,6304000,2100000,4204000,2100000,0,0,0,2104000,3539563,3.5396
distribute_parallel_for_1150_1100_1050,1150,1050,0,2100,11556300,3468151,1050,19360000,9660000,3467100,1155000,2312100,1155000,0,0,0,1157100,1894265,1.8943
distribute_parallel_for_1150_1100_1100,1150,1100,0,2200,12106600,3633301,1100,19800000,10120000,3632200,1210000,2422200,1210000,0,0,0,1212200,1947183,1.9472
distribute_parallel_for_1150_1100_1150,1150,1150,0,2300,12656900,3798451,1150,20240000,10580000,3797300,1265000,2532300,1265000,0,0,0,1267300,2075380,2.0754
distribute_parallel_for_1150_1100_1200,1150,1200,0,2400,13207200,3963601,1200,20680000,11040000,3962400,1320000,2642400,1320000,0,0,0,1322400,2123217,2.1232
distribute_parallel_for_1150_1100_1250,1150,1250,0,2500,13757500,4128751,1250,21120000,11500000,4127500,1375000,2752500,1375000,0,0,0,1377500,2307564,2.3076
distribute_parallel_for_1150_1100_1300,1150,1300,0,2600,14307800,4293901,1300,21560000,11960000,4292600,1430000,2862600,1430000,0,0,0,1432600,2353456,2.3535
distribute_parallel_for_1150_1100_1350,1150,1350,0,2700,14858100,4459051,1350,22000000,12420000,4457700,1485000,2972700,1485000,0,0,0,1487700,2391426,2.3914
distribute_parallel_for_1150_1100_1400,1150,1400,0,2800,15408400,4624201,1400,22440000,12880000,4622800,1540000,3082800,1540000,0,0,0,1542800,2519851,2.5199
distribute_parallel_for_1150_1100_1450,1150,1450,0,2900,15958700,4789351,1450,22880000,13340000,4787900,1595000,3192900,1595000,0,0,0,1597900,2602566,2.6026
distribute_parallel_for_1150_1100_1500,1150,1500,0,3000,16509000,4954501,1500,23320000,13800000,4953000,1650000,3303000,1650000,0,0,0,1653000,2668983,2.6690
distribute_parallel_for_1150_1100_1550,1150,1550,0,3100,17059300,5119651,1550,23760000,14260000,5118100,1705000,3413100,1705000,0,0,0,1708100,2813340,2.8133
distribute_parallel_for_1150_1100_1600,1150,1600,0,3200,17609600,5284801,1600,24200000,14720000,5283200,1760000,3523200,1760000,0,0,0,1763200,2840826,2.8408
distribute_parallel_for_1150_1100_1650,1150,1650,0,3300,18159900,5449951,1650,24640000,15180000,5448300,1815000,3633300,1815000,0,0,0,1818300,2961721,2.9617
distribute_parallel_for_1150_1100_1700,1150,1700,0,3400,18710200,5615101,1700,25080000,15640000,5613400,1870000,3743400,1870000,0,0,0,1873400,3024121,3.0241
distribute_parallel_for_1150_1100_1750,1150,1750,0,3500,19260500,5780251,1750,25520000,16100000,5778500,1925000,3853500,1925000,0,0,0,1928500,3094706,3.0947
distribute_parallel_for_1150_1100_1800,1150,1800,0,3600,19810800,5945401,1800,25960000,16560000,5943600,1980000,3963600,1980000,0,0,0,1983600,3211770,3.2118
distribute_parallel_for_1150_1100_1850,1150,1850,0,3700,20361100,6110551,1850,26400000,17020000,6108700,2035000,4073700,2035000,0,0,0,2038700,3377795,3.3778
distribute_parallel_for_1150_1100_1900,1150,1900,0,3800,20911400,6275701,1900,26840000,17480000,6273800,2090000,4183800,2090000,0,0,0,2093800,3358173,3.3582
distribute_parallel_for_1150_1100_1950,1150,1950,0,3900,21461700,6440851,1950,27280000,17940000,6438900,2145000,4293900,2145000,0,0,0,2148900,3459815,3.4598
distribute_parallel_for_1150_1100_2000,1150,2000,0,4000,22012000,6606001,2000,27720000,18400000,6604000,2200000,4404000,2200000,0,0,0,2204000,3590176,3.5902
distribute_parallel_for_1150_1150_1050,1150,1050,0,2100,12081300,3625651,1050,20240000,9660000,3624600,1207500,2417100,1207500,0,0,0,1209600,2026278,2.0263
distribute_parallel_for_1150_1150_1100,1150,1100,0,2200,12656600,3798301,1100,20700000,10120000,3797200,1265000,2532200,1265000,0,0,0,1267200,2134351,2.1344
distribute_parallel_for_1150_1150_1150,1150,1150,0,2300,13231900,3970951,1150,21160000,10580000,3969800,1322500,2647300,1322500,0,0,0,1324800,2203031,2.2030
distribute_parallel_for_1150_1150_1200,1150,1200,0,2400,13807200,4143601,1200,21620000,11040000,4142400,1380000,2762400,1380000,0,0,0,1382400,2338668,2.3387
distribute_parallel_for_1150_1150_1250,1150,1250,0,2500,14382500,4316251,1250,22080000,11500000,4315000,1437500,2877500,1437500,0,0,0,1440000,2433613,2.4336
distribute_parallel_for_1200_1200_1200,1200,1200,0,2400,14407200,4323601,1200,23040000,11520000,4322400,1440000,2882400,1440000,0,0,0,1442400,2342966,2.3430
distribute_parallel_for_1200_1200_1700,1200,1700,0,3400,20410200,6125101,1700,27840000,16320000,6123400,2040000,4083400,2040000,0,0,0,2043400,3311203,3.3112
distribute_parallel_for_1200_1200_2200,1200,2200,0,4400,26413200,7926601,2200,32640000,21120000,7924400,2640000,5284400,2640000,0,0,0,2644400,4255885,4.2559
distribute_parallel_for_1200_1200_2700,1200,2700,0,5400,32416200,9728101,2700,37440000,25920000,9725400,3240000,6485400,3240000,0,0,0,3245400,5187088,5.1871
distribute_parallel_for_1200_1200_3200,1200,3200,0,6400,38419200,11529601,3200,42240000,30720000,11526400,3840000,7686400,3840000,0,0,0,3846400,6201185,6.2012
distribute_parallel_for_1200_1200_3700,1200,3700,0,7400,44422200,13331101,3700,47040000,35520000,13327400,4440000,8887400,4440000,0,0,0,4447400,7276941,7.2769
distribute_parallel_for_1200_1200_4200,1200,4200,0,8400,50425200,15132601,4200,51840000,40320000,15128400,5040000,10088400,5040000,0,0,0,5048400,8104162,8.1042
distribute_parallel_for_1200_1700_1200,1200,1200,0,2400,20407200,6123601,1200,32640000,11520000,6122400,2040000,4082400,2040000,0,0,0,2042400,3348653,3.3487
distribute_parallel_for_1200_1700_1700,1200,1700,0,3400,28910200,8675101,1700,39440000,16320000,8673400,2890000,5783400,2890000,0,0,0,2893400,4689315,4.6893
distribute_parallel_for_1200_1700_2200,1200,2200,0,4400,37413200,11226601,2200,46240000,21120000,11224400,3740000,7484400,3740000,0,0,0,3744400,6107346,6.1073
distribute_parallel_for_1200_1700_2700,1200,2700,0,5400,45916200,13778101,2700,53040000,25920000,13775400,4590000,9185400,4590000,0,0,0,4595400,7426923,7.4269
distribute_parallel_for_1200_1700_3200,1200,3200,0,6400,54419200,16329601,3200,59840000,30720000,16326400,5440000,10886400,5440000,0,0,0,5446400,8856979,8.8570
distribute_parallel_for_1200_1700_3700,1200,3700,0,7400,62922200,18881101,3700,66640000,35520000,18877400,6290000,12587400,6290000,0,0,0,6297400,10181080,10.1811
distribute_parallel_for_1200_1700_4200,1200,4200,0,8400,71425200,21432601,4200,73440000,40320000,21428400,7140000,14288400,7140000,0,0,0,7148400,11494059,11.4941
distribute_parallel_for_1200_2200_1200,1200,1200,0,2400,26407200,7923601,1200,42240000,11520000,7922400,2640000,5282400,2640000,0,0,0,2642400,4283390,4.2834
distribute_parallel_for_1200_2200_1700,1200,1700,0,3400,37410200,11225101,1700,51040000,16320000,11223400,3740000,7483400,3740000,0,0,0,3743400,6025433,6.0254
distribute_parallel_for_1200_2200_2200,1200,2200,0,4400,48413200,14526601,2200,59840000,21120000,14524400,4840000,9684400,4840000,0,0,0,4844400,7923073,7.9231
distribute_parallel_for_1200_2200_2700,1200,2700,0,5400,59416200,17828101,2700,68640000,25920000,17825400,5940000,11885400,5940000,0,0,0,5945400,9508168,9.5082
distribute_parallel_for_1200_2200_3200,1200,3200,0,6400,70419200,21129601,3200,77440000,30720000,21126400,7040000,14086400,7040000,0,0,0,7046400,11356965,11.3570
distribute_parallel_for_1200_2200_3700,1200,3700,0,7400,81422200,24431101,3700,86240000,35520000,24427400,8140000,16287400,8140000,0,0,0,8147400,13141340,13.1413
distribute_parallel_for_1200_2200_4200,1200,4200,0,8400,92425200,27732601,4200,95040000,40320000,27728400,9240000,18488400,9240000,0,0,0,9248400,14884383,14.8844
distribute_parallel_for_1200_2700_1200,1200,1200,0,2400,32407200,9723601,1200,51840000,11520000,9722400,3240000,6482400,3240000,0,0,0,3242400,5213181,5.2132
distribute_parallel_for_1200_2700_1700,1200,1700,0,3400,45910200,13775101,1700,62640000,16320000,13773400,4590000,9183400,4590000,0,0,0,4593400,7565361,7.5654
distribute_parallel_for_1200_2700_2200,1200,2200,0,4400,59413200,17826601,2200,73440000,21120000,17824400,5940000,11884400,5940000,0,0,0,5944400,9569541,9.5695
distribute_parallel_for_1200_2700_2700,1200,2700,0,5400,72916200,21878101,2700,84240000,25920000,21875400,7290000,14585400,7290000,0,0,0,7295400,11785468,11.7855
distribute_parallel_for_1200_2700_3200,1200,3200,0,6400,86419200,25929601,3200,95040000,30720000,25926400,8640000,17286400,8640000,0,0,0,8646400,13934032,13.9340
distribute_parallel_for_1200_2700_3700,1200,3700,0,7400,99922200,29981101,3700,105840000,35520000,29977400,9990000,19987400,9990000,0,0,0,9997400,16109170,16.1092
distribute_parallel_for_1200_2700_4200,1200,4200,0,8400,113425200,34032601,4200,116640000,40320000,34028400,11340000,22688400,11340000,0,0,0,11348400,18210724,18.2107
distribute_parallel_for_1200_3200_1200,1200,1200,0,2400,38407200,11523601,1200,61440000,11520000,11522400,3840000,7682400,3840000,0,0,0,3842400,6225110,6.2251
distribute_parallel_for_1200_3200_1700,1200,1700,0,3400,54410200,16325101,1700,74240000,16320000,16323400,5440000,10883400,5440000,0,0,0,5443400,8770086,8.7701
distribute_parallel_for_1200_3200_2200,1200,2200,0,4400,70413200,21126601,2200,87040000,21120000,21124400,7040000,14084400,7040000,0,0,0,7044400,11285378,11.2854
distribute_parallel_for_1200_3200_2700,1200,2700,0,5400,86416200,25928101,2700,99840000,25920000,25925400,8640000,17285400,8640000,0,0,0,8645400,13847532,13.8475
distribute_parallel_for_1200_3200_3200,1200,3200,0,6400,102419200,30729601,3200,112640000,30720000,30726400,10240000,20486400,10240000,0,0,0,10246400,16417387,16.4174
distribute_parallel_for_1200_3200_3700,1200,3700,0,7400,118422200,35531101,3700,125440000,35520000,35527400,11840000,23687400,11840000,0,0,0,11847400,19001510,19.0015
distribute_parallel_for_1200_3200_4200,1200,4200,0,8400,134425200,40332601,4200,138240000,40320000,40328400,13440000,26888400,13440000,0,0,0,13448400,21487840,21.4878
distribute_parallel_for_1200_3700_1200,1200,1200,0,2400,44407200,13323601,1200,71040000,11520000,13322400,4440000,8882400,4440000,0,0,0,4442400,7240786,7.2408
distribute_parallel_for_1200_3700_1700,1200,1700,0,3400,62910200,18875101,1700,85840000,16320000,18873400,6290000,12583400,6290000,0,0,0,6293400,10131483,10.1315
distribute_parallel_for_1200_3700_2200,1200,2200,0,4400,81413200,24426601,2200,100640000,21120000,24424400,8140000,16284400,8140000,0,0,0,8144400,13073906,13.0739
distribute_parallel_for_1200_3700_2700,1200,2700,0,5400,99916200,29978101,2700,115440000,25920000,29975400,9990000,19985400,9990000,0,0,0,9995400,16147854,16.1479
distribute_parallel_for_1200_3700_3200,1200,3200,0,6400,118419200,35529601,3200,130240000,30720000,35526400,11840000,23686400,11840000,0,0,0,11846400,19004422,19.0044
distribute_parallel_for_1200_3700_3700,1200,3700,0,7400,136922200,41081101,3700,145040000,35520000,41077400,13690000,27387400,13690000,0,0,0,13697400,21974847,21.9748
distribute_parallel_for_1200_3700_4200,1200,4200,0,8400,155425200,46632601,4200,159840000,40320000,46628400,15540000,31088400,15540000,0,0,0,15548400,25151888,25.1519
distribute_parallel_for_1250_1250_1250,1250,1250,0,2500,15632500,4691251,1250,25000000,12500000,4690000,1562500,3127500,1562500,0,0,0,1565000,2583724,2.5837
distribute_parallel_for_1250_1250_1750,1250,1750,0,3500,21885500,6567751,1750,30000000,17500000,6566000,2187500,4378500,2187500,0,0,0,2191000,3651640,3.6516
distribute_parallel_for_1250_1250_2250,1250,2250,0,4500,28138500,8444251,2250,35000000,22500000,8442000,2812500,5629500,2812500,0,0,0,2817000,4603652,4.6037
distribute_parallel_for_1250_1250_2750,1250,2750,0,5500,34391500,10320751,2750,40000000,27500000,10318000,3437500,6880500,3437500,0,0,0,3443000,5618422,5.6184
distribute_parallel_for_1250_1250_3250,1250,3250,0,6500,40644500,12197251,3250,45000000,32500000,12194000,4062500,8131500,4062500,0,0,0,4069000,6674375,6.6744
distribute_parallel_for_1250_1250_3750,1250,3750,0,7500,46897500,14073751,3750,50000000,37500000,14070000,4687500,9382500,4687500,0,0,0,4695000,7618020,7.6180
distribute_parallel_for_1250_1250_4250,1250,4250,0,8500,53150500,15950251,4250,55000000,42500000,15946000,5312500,10633500,5312500,0,0,0,5321000,8779089,8.7791
distribute_parallel_for_1250_1750_1250,1250,1250,0,2500,21882500,6566251,1250,35000000,12500000,6565000,2187500,4377500,2187500,0,0,0,2190000,3580449,3.5804
distribute_parallel_for_1250_1750_1750,1250,1750,0,3500,30635500,9192751,1750,42000000,17500000,9191000,3062500,6128500,3062500,0,0,0,3066000,5028180,5.0282
distribute_parallel_for_1250_1750_2250,1250,2250,0,4500,39388500,11819251,2250,49000000,22500000,11817000,3937500,7879500,3937500,0,0,0,3942000,6446796,6.4468
distribute_parallel_for_1250_1750_2750,1250,2750,0,5500,48141500,14445751,2750,56000000,27500000,14443000,4812500,9630500,4812500,0,0,0,4818000,7976093,7.9761
distribute_parallel_for_1250_1750_3250,1250,3250,0,6500,56894500,17072251,3250,63000000,32500000,17069000,5687500,11381500,5687500,0,0,0,5694000,9424179,9.4242
distribute_parallel_for_1250_1750_3750,1250,3750,0,7500,65647500,19698751,3750,70000000,37500000,19695000,6562500,13132500,6562500,0,0,0,6570000,10841997,10.8420
distribute_parallel_for_1250_1750_4250,1250,4250,0,8500,74400500,22325251,4250,77000000,42500000,22321000,7437500,14883500,7437500,0,0,0,7446000,12147857,12.1479
distribute_parallel_for_1250_2250_1250,1250,1250,0,2500,28132500,8441251,1250,45000000,12500000,8440000,2812500,5627500,2812500,0,0,0,2815000,4624264,4.6243
distribute_parallel_for_1250_2250_1750,1250,1750,0,3500,39385500,11817751,1750,54000000,17500000,11816000,3937500,7878500,3937500,0,0,0,3941000,6517666,6.5177
distribute_parallel_for_1250_2250_2250,1250,2250,0,4500,50638500,15194251,2250,63000000,22500000,15192000,5062500,10129500,5062500,0,0,0,5067000,8352546,8.3525
distribute_parallel_for_1250_2250_2750,1250,2750,0,5500,61891500,18570751,2750,72000000,27500000,18568000,6187500,12380500,6187500,0,0,0,6193000,10157407,10.1574
distribute_parallel_for_1250_2250_3250,1250,3250,0,6500,73144500,21947251,3250,81000000,32500000,21944000,7312500,14631500,7312500,0,0,0,7319000,11998234,11.9982
distribute_parallel_for_1250_2250_3750,1250,3750,0,7500,84397500,25323751,3750,90000000,37500000,25320000,8437500,16882500,8437500,0,0,0,8445000,13789168,13.7892
distribute_parallel_for_1250_2250_4250,1250,4250,0,8500,95650500,28700251,4250,99000000,42500000,28696000,9562500,19133500,9562500,0,0,0,9571000,15740940,15.7409
distribute_parallel_for_1250_2750_1250,1250,1250,0,2500,34382500,10316251,1250,55000000,12500000,10315000,3437500,6877500,3437500,0,0,0,3440000,5609381,5.6094
distribute_parallel_for_1250_2750_1750,1250,1750,0,3500,48135500,14442751,1750,66000000,17500000,14441000,4812500,9628500,4812500,0,0,0,4816000,8014219,8.0142
distribute_parallel_for_1250_2750_2250,1250,2250,0,4500,61888500,18569251,2250,77000000,22500000,18567000,6187500,12379500,6187500,0,0,0,6192000,10139697,10.1397
distribute_parallel_for_1250_2750_2750,1250,2750,0,5500,75641500,22695751,2750,88000000,27500000,22693000,7562500,15130500,7562500,0,0,0,7568000,12412357,12.4124
distribute_parallel_for_1250_2750_3250,1250,3250,0,6500,89394500,26822251,3250,99000000,32500000,26819000,8937500,17881500,8937500,0,0,0,8944000,14622708,14.6227
distribute_parallel_for_1250_2750_3750,1250,3750,0,7500,103147500,30948751,3750,110000000,37500000,30945000,10312500,20632500,10312500,0,0,0,10320000,16991372,16.9914
distribute_parallel_for_1250_2750_4250,1250,4250,0,8500,116900500,35075251,4250,121000000,42500000,35071000,11687500,23383500,11687500,0,0,0,11696000,19252520,19.2525
distribute_parallel_for_1250_3250_1250,1250,1250,0,2500,40632500,12191251,1250,65000000,12500000,12190000,4062500,8127500,4062500,0,0,0,4065000,6634691,6.6347
distribute_parallel_for_1250_3250_1750,1250,1750,0,3500,56885500,17067751,1750,78000000,17500000,17066000,5687500,11378500,5687500,0,0,0,5691000,9326469,9.3265
distribute_parallel_for_1250_3250_2250,1250,2250,0,4500,73138500,21944251,2250,91000000,22500000,21942000,7312500,14629500,7312500,0,0,0,7317000,11932252,11.9323
distribute_parallel_for_1250_3250_2750,1250,2750,0,5500,89391500,26820751,2750,104000000,27500000,26818000,8937500,17880500,8937500,0,0,0,8943000,14523906,14.5239
distribute_parallel_for_1250_3250_3250,1250,3250,0,6500,105644500,31697251,3250,117000000,32500000,31694000,10562500,21131500,10562500,0,0,0,10569000,17178545,17.1785
distribute_parallel_for_1250_3250_3750,1250,3750,0,7500,121897500,36573751,3750,130000000,37500000,36570000,12187500,24382500,12187500,0,0,0,12195000,19955410,19.9554
distribute_parallel_for_1250_3250_4250,1250,4250,0,8500,138150500,41450251,4250,143000000,42500000,41446000,13812500,27633500,13812500,0,0,0,13821000,22792151,22.7922
distribute_parallel_for_1250_3750_1250,1250,1250,0,2500,46882500,14066251,1250,75000000,12500000,14065000,4687500,9377500,4687500,0,0,0,4690000,7709008,7.7090
distribute_parallel_for_1250_3750_1750,1250,1750,0,3500,65635500,19692751,1750,90000000,17500000,19691000,6562500,13128500,6562500,0,0,0,6566000,10803282,10.8033
distribute_parallel_for_1250_3750_2250,1250,2250,0,4500,84388500,25319251,2250,105000000,22500000,25317000,8437500,16879500,8437500,0,0,0,8442000,13859326,13.8593
distribute_parallel_for_1250_3750_2750,1250,2750,0,5500,103141500,30945751,2750,120000000,27500000,30943000,10312500,20630500,10312500,0,0,0,10318000,16833207,16.8332
distribute_parallel_for_1250_3750_3250,1250,3250,0,6500,121894500,36572251,3250,135000000,32500000,36569000,12187500,24381500,12187500,0,0,0,12194000,19851114,19.8511
distribute_parallel_for_1250_3750_3750,1250,3750,0,7500,140647500,42198751,3750,150000000,37500000,42195000,14062500,28132500,14062500,0,0,0,14070000,23011431,23.0114
distribute_parallel_for_1250_3750_4250,1250,4250,0,8500,159400500,47825251,4250,165000000,42500000,47821000,15937500,31883500,15937500,0,0,0,15946000,26037859,26.0379
distribute_parallel_for_1250_4250_1250,1250,1250,0,2500,53132500,15941251,1250,85000000,12500000,15940000,5312500,10627500,5312500,0,0,0,5315000,8711884,8.7119
distribute_parallel_for_1250_4250_1750,1250,1750,0,3500,74385500,22317751,1750,102000000,17500000,22316000,7437500,14878500,7437500,0,0,0,7441000,12177649,12.1776
distribute_parallel_for_1250_4250_2250,1250,2250,0,4500,95638500,28694251,2250,119000000,22500000,28692000,9562500,19129500,9562500,0,0,0,9567000,15526317,15.5263
distribute_parallel_for_1250_4250_2750,1250,2750,0,5500,116891500,35070751,2750,136000000,27500000,35068000,11687500,23380500,11687500,0,0,0,11693000,19069843,19.0698
distribute_parallel_for_1250_4250_3250,1250,3250,0,6500,138144500,41447251,3250,153000000,32500000,41444000,13812500,27631500,13812500,0,0,0,13819000,22542984,22.5430
distribute_parallel_for_1250_4250_3750,1250,3750,0,7500,159397500,47823751,3750,170000000,37500000,47820000,15937500,31882500,15937500,0,0,0,15945000,25934350,25.9343
distribute_parallel_for_1250_4250_4250,1250,4250,0,8500,180650500,54200251,4250,187000000,42500000,54196000,18062500,36133500,18062500,0,0,0,18071000,29529553,29.5296
distribute_parallel_for_1400_1400_1400,1400,1400,0,2800,19608400,5884201,1400,31360000,15680000,5882800,1960000,3922800,1960000,0,0,0,1962800,3172809,3.1728
distribute_parallel_for_1400_1400_1900,1400,1900,0,3800,26611400,7985701,1900,36960000,21280000,7983800,2660000,5323800,2660000,0,0,0,2663800,4290298,4.2903
distribute_parallel_for_1400_1400_2400,1400,2400,0,4800,33614400,10087201,2400,42560000,26880000,10084800,3360000,6724800,3360000,0,0,0,3364800,5437704,5.4377
distribute_parallel_for_1400_1400_2900,1400,2900,0,5800,40617400,12188701,2900,48160000,32480000,12185800,4060000,8125800,4060000,0,0,0,4065800,6497075,6.4971
distribute_parallel_for_1400_1400_3400,1400,3400,0,6800,47620400,14290201,3400,53760000,38080000,14286800,4760000,9526800,4760000,0,0,0,4766800,7709605,7.7096
distribute_parallel_for_1400_1400_3900,1400,3900,0,7800,54623400,16391701,3900,59360000,43680000,16387800,5460000,10927800,5460000,0,0,0,5467800,8814240,8.8142
distribute_parallel_for_1400_1400_900,1400,900,0,1800,12605400,3782701,900,25760000,10080000,3781800,1260000,2521800,1260000,0,0,0,1261800,2067873,2.0679
distribute_parallel_for_1400_1900_1400,1400,1400,0,2800,26608400,7984201,1400,42560000,15680000,7982800,2660000,5322800,2660000,0,0,0,2662800,4281250,4.2812
distribute_parallel_for_1400_1900_1900,1400,1900,0,3800,36111400,10835701,1900,50160000,21280000,10833800,3610000,7223800,3610000,0,0,0,3613800,5894946,5.8949
distribute_parallel_for_1400_1900_2400,1400,2400,0,4800,45614400,13687201,2400,57760000,26880000,13684800,4560000,9124800,4560000,0,0,0,4564800,7510680,7.5107
distribute_parallel_for_1400_1900_2900,1400,2900,0,5800,55117400,16538701,2900,65360000,32480000,16535800,5510000,11025800,5510000,0,0,0,5515800,9015015,9.0150
distribute_parallel_for_1400_1900_3400,1400,3400,0,6800,64620400,19390201,3400,72960000,38080000,19386800,6460000,12926800,6460000,0,0,0,6466800,10508780,10.5088
distribute_parallel_for_1400_1900_3900,1400,3900,0,7800,74123400,22241701,3900,80560000,43680000,22237800,7410000,14827800,7410000,0,0,0,7417800,12048743,12.0487
distribute_parallel_for_1400_1900_900,1400,900,0,1800,17105400,5132701,900,34960000,10080000,5131800,1710000,3421800,1710000,0,0,0,1711800,2868906,2.8689
distribute_parallel_for_1400_2400_1400,1400,1400,0,2800,33608400,10084201,1400,53760000,15680000,10082800,3360000,6722800,3360000,0,0,0,3362800,5430409,5.4304
distribute_parallel_for_1400_2400_1900,1400,1900,0,3800,45611400,13685701,1900,63360000,21280000,13683800,4560000,9123800,4560000,0,0,0,4563800,7460103,7.4601
distribute_parallel_for_1400_2400_2400,1400,2400,0,4800,57614400,17287201,2400,72960000,26880000,17284800,5760000,11524800,5760000,0,0,0,5764800,9305388,9.3054
distribute_parallel_for_1400_2400_2900,1400,2900,0,5800,69617400,20888701,2900,82560000,32480000,20885800,6960000,13925800,6960000,0,0,0,6965800,11171550,11.1715
distribute_parallel_for_1400_2400_3400,1400,3400,0,6800,81620400,24490201,3400,92160000,38080000,24486800,8160000,16326800,8160000,0,0,0,8166800,13156644,13.1566
distribute_parallel_for_1400_2400_3900,1400,3900,0,7800,93623400,28091701,3900,101760000,43680000,28087800,9360000,18727800,9360000,0,0,0,9367800,15070085,15.0701
distribute_parallel_for_1400_2400_900,1400,900,0,1800,21605400,6482701,900,44160000,10080000,6481800,2160000,4321800,2160000,0,0,0,2161800,3498737,3.4987
distribute_parallel_for_1400_2900_1400,1400,1400,0,2800,40608400,12184201,1400,64960000,15680000,12182800,4060000,8122800,4060000,0,0,0,4062800,6640959,6.6410
distribute_parallel_for_1400_2900_1900,1400,1900,0,3800,55111400,16535701,1900,76560000,21280000,16533800,5510000,11023800,5510000,0,0,0,5513800,8929025,8.9290
distribute_parallel_for_1400_2900_2400,1400,2400,0,4800,69614400,20887201,2400,88160000,26880000,20884800,6960000,13924800,6960000,0,0,0,6964800,11335262,11.3353
distribute_parallel_for_1400_2900_2900,1400,2900,0,5800,84117400,25238701,2900,99760000,32480000,25235800,8410000,16825800,8410000,0,0,0,8415800,13760678,13.7607
distribute_parallel_for_1400_2900_3400,1400,3400,0,6800,98620400,29590201,3400,111360000,38080000,29586800,9860000,19726800,9860000,0,0,0,9866800,16023200,16.0232
distribute_parallel_for_1400_2900_3900,1400,3900,0,7800,113123400,33941701,3900,122960000,43680000,33937800,11310000,22627800,11310000,0,0,0,11317800,18301664,18.3017
distribute_parallel_for_1400_2900_900,1400,900,0,1800,26105400,7832701,900,53360000,10080000,7831800,2610000,5221800,2610000,0,0,0,2611800,4334717,4.3347
distribute_parallel_for_1400_3400_1400,1400,1400,0,2800,47608400,14284201,1400,76160000,15680000,14282800,4760000,9522800,4760000,0,0,0,4762800,7675131,7.6751
distribute_parallel_for_1400_3400_1900,1400,1900,0,3800,64611400,19385701,1900,89760000,21280000,19383800,6460000,12923800,6460000,0,0,0,6463800,10405165,10.4052
distribute_parallel_for_1400_3400_2400,1400,2400,0,4800,81614400,24487201,2400,103360000,26880000,24484800,8160000,16324800,8160000,0,0,0,8164800,13073507,13.0735
distribute_parallel_for_1400_3400_2900,1400,2900,0,5800,98617400,29588701,2900,116960000,32480000,29585800,9860000,19725800,9860000,0,0,0,9865800,15872224,15.8722
distribute_parallel_for_1400_3400_3400,1400,3400,0,6800,115620400,34690201,3400,130560000,38080000,34686800,11560000,23126800,11560000,0,0,0,11566800,18664682,18.6647
distribute_parallel_for_1400_3400_3900,1400,3900,0,7800,132623400,39791701,3900,144160000,43680000,39787800,13260000,26527800,13260000,0,0,0,13267800,21206049,21.2060
distribute_parallel_for_1400_3400_900,1400,900,0,1800,30605400,9182701,900,62560000,10080000,9181800,3060000,6121800,3060000,0,0,0,3061800,4963140,4.9631
distribute_parallel_for_1400_3900_1400,1400,1400,0,2800,54608400,16384201,1400,87360000,15680000,16382800,5460000,10922800,5460000,0,0,0,5462800,8878396,8.8784
distribute_parallel_for_1400_3900_1900,1400,1900,0,3800,74111400,22235701,1900,102960000,21280000,22233800,7410000,14823800,7410000,0,0,0,7413800,11972821,11.9728
distribute_parallel_for_1400_3900_2400,1400,2400,0,4800,93614400,28087201,2400,118560000,26880000,28084800,9360000,18724800,9360000,0,0,0,9364800,15172681,15.1727
distribute_parallel_for_1400_3900_2900,1400,2900,0,5800,113117400,33938701,2900,134160000,32480000,33935800,11310000,22625800,11310000,0,0,0,11315800,18321638,18.3216
distribute_parallel_for_1400_3900_3400,1400,3400,0,6800,132620400,39790201,3400,149760000,38080000,39786800,13260000,26526800,13260000,0,0,0,13266800,21527261,21.5273
distribute_parallel_for_1400_3900_3900,1400,3900,0,7800,152123400,45641701,3900,165360000,43680000,45637800,15210000,30427800,15210000,0,0,0,15217800,24518190,24.5182
distribute_parallel_for_1400_3900_900,1400,900,0,1800,35105400,10532701,900,71760000,10080000,10531800,3510000,7021800,3510000,0,0,0,3511800,5764439,5.7644
distribute_parallel_for_1400_900_1400,1400,1400,0,2800,12608400,3784201,1400,20160000,15680000,3782800,1260000,2522800,1260000,0,0,0,1262800,2072039,2.0720
distribute_parallel_for_1400_900_1900,1400,1900,0,3800,17111400,5135701,1900,23760000,21280000,5133800,1710000,3423800,1710000,0,0,0,1713800,2753877,2.7539
distribute_parallel_for_1400_900_2400,1400,2400,0,4800,21614400,6487201,2400,27360000,26880000,6484800,2160000,4324800,2160000,0,0,0,2164800,3510179,3.5102
distribute_parallel_for_1400_900_2900,1400,2900,0,5800,26117400,7838701,2900,30960000,32480000,7835800,2610000,5225800,2610000,0,0,0,2615800,4271965,4.2720
distribute_parallel_for_1400_900_3400,1400,3400,0,6800,30620400,9190201,3400,34560000,38080000,9186800,3060000,6126800,3060000,0,0,0,3066800,4951854,4.9519
distribute_parallel_for_1400_900_3900,1400,3900,0,7800,35123400,10541701,3900,38160000,43680000,10537800,3510000,7027800,3510000,0,0,0,3517800,5694031,5.6940
distribute_parallel_for_1400_900_900,1400,900,0,1800,8105400,2432701,900,16560000,10080000,2431800,810000,1621800,810000,0,0,0,811800,1328500,1.3285
distribute_parallel_for_1500_1000_1000,1500,1000,0,2000,10006000,3003001,1000,20000000,12000000,3002000,1000000,2002000,1000000,0,0,0,1002000,1645358,1.6454
distribute_parallel_for_1500_1000_1500,1500,1500,0,3000,15009000,4504501,1500,24000000,18000000,4503000,1500000,3003000,1500000,0,0,0,1503000,2469987,2.4700
distribute_parallel_for_1500_1000_2000,1500,2000,0,4000,20012000,6006001,2000,28000000,24000000,6004000,2000000,4004000,2000000,0,0,0,2004000,3247489,3.2475
distribute_parallel_for_1500_1000_2500,1500,2500,0,5000,25015000,7507501,2500,32000000,30000000,7505000,2500000,5005000,2500000,0,0,0,2505000,4090955,4.0910
distribute_parallel_for_1500_1000_3000,1500,3000,0,6000,30018000,9009001,3000,36000000,36000000,9006000,3000000,6006000,3000000,0,0,0,3006000,4840069,4.8401
distribute_parallel_for_1500_1000_3500,1500,3500,0,7000,35021000,10510501,3500,40000000,42000000,10507000,3500000,7007000,3500000,0,0,0,3507000,5655878,5.6559
distribute_parallel_for_1500_1000_4000,1500,4000,0,8000,40024000,12012001,4000,44000000,48000000,12008000,4000000,8008000,4000000,0,0,0,4008000,6499385,6.4994
distribute_parallel_for_1500_1500_1000,1500,1000,0,2000,15006000,4503001,1000,30000000,12000000,4502000,1500000,3002000,1500000,0,0,0,1502000,2438376,2.4384
distribute_parallel_for_1500_1500_1500,1500,1500,0,3000,22509000,6754501,1500,36000000,18000000,6753000,2250000,4503000,2250000,0,0,0,2253000,3823278,3.8233
distribute_parallel_for_1500_1500_2000,1500,2000,0,4000,30012000,9006001,2000,42000000,24000000,9004000,3000000,6004000,3000000,0,0,0,3004000,4869317,4.8693
distribute_parallel_for_1500_1500_2500,1500,2500,0,5000,37515000,11257501,2500,48000000,30000000,11255000,3750000,7505000,3750000,0,0,0,3755000,6106725,6.1067
distribute_parallel_for_1500_1500_3000,1500,3000,0,6000,45018000,13509001,3000,54000000,36000000,13506000,4500000,9006000,4500000,0,0,0,4506000,7401085,7.4011
distribute_parallel_for_1500_1500_3500,1500,3500,0,7000,52521000,15760501,3500,60000000,42000000,15757000,5250000,10507000,5250000,0,0,0,5257000,8473500,8.4735
distribute_parallel_for_1500_1500_4000,1500,4000,0,8000,60024000,18012001,4000,66000000,48000000,18008000,6000000,12008000,6000000,0,0,0,6008000,9905188,9.9052
distribute_parallel_for_1500_2000_1000,1500,1000,0,2000,20006000,6003001,1000,40000000,12000000,6002000,2000000,4002000,2000000,0,0,0,2002000,3213650,3.2136
distribute_parallel_for_1500_2000_1500,1500,1500,0,3000,30009000,9004501,1500,48000000,18000000,9003000,3000000,6003000,3000000,0,0,0,3003000,4899086,4.8991
distribute_parallel_for_1500_2000_2000,1500,2000,0,4000,40012000,12006001,2000,56000000,24000000,12004000,4000000,8004000,4000000,0,0,0,4004000,6555044,6.5550
distribute_parallel_for_1500_2000_2500,1500,2500,0,5000,50015000,15007501,2500,64000000,30000000,15005000,5000000,10005000,5000000,0,0,0,5005000,8156198,8.1562
distribute_parallel_for_1500_2000_3000,1500,3000,0,6000,60018000,18009001,3000,72000000,36000000,18006000,6000000,12006000,6000000,0,0,0,6006000,9734538,9.7345
distribute_parallel_for_1500_2000_3500,1500,3500,0,7000,70021000,21010501,3500,80000000,42000000,21007000,7000000,14007000,7000000,0,0,0,7007000,11392755,11.3928
distribute_parallel_for_1500_2000_4000,1500,4000,0,8000,80024000,24012001,4000,88000000,48000000,24008000,8000000,16008000,8000000,0,0,0,8008000,13193603,13.1936
distribute_parallel_for_1500_2500_1000,1500,1000,0,2000,25006000,7503001,1000,50000000,12000000,7502000,2500000,5002000,2500000,0,0,0,2502000,4091913,4.0919
distribute_parallel_for_1500_2500_1500,1500,1500,0,3000,37509000,11254501,1500,60000000,18000000,11253000,3750000,7503000,3750000,0,0,0,3753000,6231602,6.2316
distribute_parallel_for_1500_2500_2000,1500,2000,0,4000,50012000,15006001,2000,70000000,24000000,15004000,5000000,10004000,5000000,0,0,0,5004000,8159550,8.1595
distribute_parallel_for_1500_2500_2500,1500,2500,0,5000,62515000,18757501,2500,80000000,30000000,18755000,6250000,12505000,6250000,0,0,0,6255000,10324827,10.3248
distribute_parallel_for_1500_2500_3000,1500,3000,0,6000,75018000,22509001,3000,90000000,36000000,22506000,7500000,15006000,7500000,0,0,0,7506000,12386984,12.3870
distribute_parallel_for_1500_2500_3500,1500,3500,0,7000,87521000,26260501,3500,100000000,42000000,26257000,8750000,17507000,8750000,0,0,0,8757000,14303436,14.3034
distribute_parallel_for_1500_2500_4000,1500,4000,0,8000,100024000,30012001,4000,110000000,48000000,30008000,10000000,20008000,10000000,0,0,0,10008000,16294874,16.2949
distribute_parallel_for_1500_3000_1000,1500,1000,0,2000,30006000,9003001,1000,60000000,12000000,9002000,3000000,6002000,3000000,0,0,0,3002000,4992914,4.9929
distribute_parallel_for_1500_3000_1500,1500,1500,0,3000,45009000,13504501,1500,72000000,18000000,13503000,4500000,9003000,4500000,0,0,0,4503000,7284384,7.2844
distribute_parallel_for_1500_3000_2000,1500,2000,0,4000,60012000,18006001,2000,84000000,24000000,18004000,6000000,12004000,6000000,0,0,0,6004000,9665807,9.6658
distribute_parallel_for_1500_3000_2500,1500,2500,0,5000,75015000,22507501,2500,96000000,30000000,22505000,7500000,15005000,7500000,0,0,0,7505000,12162129,12.1621
distribute_parallel_for_1500_3000_3000,1500,3000,0,6000,90018000,27009001,3000,108000000,36000000,27006000,9000000,18006000,9000000,0,0,0,9006000,14524405,14.5244
distribute_parallel_for_1500_3000_3500,1500,3500,0,7000,105021000,31510501,3500,120000000,42000000,31507000,10500000,21007000,10500000,0,0,0,10507000,17137919,17.1379
distribute_parallel_for_1500_3000_4000,1500,4000,0,8000,120024000,36012001,4000,132000000,48000000,36008000,12000000,24008000,12000000,0,0,0,12008000,19430946,19.4309
distribute_parallel_for_1500_3500_1000,1500,1000,0,2000,35006000,10503001,1000,70000000,12000000,10502000,3500000,7002000,3500000,0,0,0,3502000,5762386,5.7624
distribute_parallel_for_1500_3500_1500,1500,1500,0,3000,52509000,15754501,1500,84000000,18000000,15753000,5250000,10503000,5250000,0,0,0,5253000,8522598,8.5226
distribute_parallel_for_1500_3500_2000,1500,2000,0,4000,70012000,21006001,2000,98000000,24000000,21004000,7000000,14004000,7000000,0,0,0,7004000,11334987,11.3350
distribute_parallel_for_1500_3500_2500,1500,2500,0,5000,87515000,26257501,2500,112000000,30000000,26255000,8750000,17505000,8750000,0,0,0,8755000,14211909,14.2119
distribute_parallel_for_1500_3500_3000,1500,3000,0,6000,105018000,31509001,3000,126000000,36000000,31506000,10500000,21006000,10500000,0,0,0,10506000,17239435,17.2394
distribute_parallel_for_1500_3500_3500,1500,3500,0,7000,122521000,36760501,3500,140000000,42000000,36757000,12250000,24507000,12250000,0,0,0,12257000,19934927,19.9349
distribute_parallel_for_1500_3500_4000,1500,4000,0,8000,140024000,42012001,4000,154000000,48000000,42008000,14000000,28008000,14000000,0,0,0,14008000,22750340,22.7503
distribute_parallel_for_1500_4000_1000,1500,1000,0,2000,40006000,12003001,1000,80000000,12000000,12002000,4000000,8002000,4000000,0,0,0,4002000,6546688,6.5467
distribute_parallel_for_1500_4000_1500,1500,1500,0,3000,60009000,18004501,1500,96000000,18000000,18003000,6000000,12003000,6000000,0,0,0,6003000,9767562,9.7676
distribute_parallel_for_1500_4000_2000,1500,2000,0,4000,80012000,24006001,2000,112000000,24000000,24004000,8000000,16004000,8000000,0,0,0,8004000,12985614,12.9856
distribute_parallel_for_1500_4000_2500,1500,2500,0,5000,100015000,30007501,2500,128000000,30000000,30005000,10000000,20005000,10000000,0,0,0,10005000,16122381,16.1224
distribute_parallel_for_1500_4000_3000,1500,3000,0,6000,120018000,36009001,3000,144000000,36000000,36006000,12000000,24006000,12000000,0,0,0,12006000,19359544,19.3595
distribute_parallel_for_1500_4000_3500,1500,3500,0,7000,140021000,42010501,3500,160000000,42000000,42007000,14000000,28007000,14000000,0,0,0,14007000,22661103,22.6611
distribute_parallel_for_1500_4000_4000,1500,4000,0,8000,160024000,48012001,4000,176000000,48000000,48008000,16000000,32008000,16000000,0,0,0,16008000,25828282,25.8283
distribute_parallel_for_1700_1200_1200,1700,1200,0,2400,14407200,4323601,1200,27840000,16320000,4322400,1440000,2882400,1440000,0,0,0,1442400,2316871,2.3169
distribute_parallel_for_1700_1200_1700,1700,1700,0,3400,20410200,6125101,1700,32640000,23120000,6123400,2040000,4083400,2040000,0,0,0,2043400,3264321,3.2643
distribute_parallel_for_1700_1200_2200,1700,2200,0,4400,26413200,7926601,2200,37440000,29920000,7924400,2640000,5284400,2640000,0,0,0,2644400,4247810,4.2478
distribute_parallel_for_1700_1200_2700,1700,2700,0,5400,32416200,9728101,2700,42240000,36720000,9725400,3240000,6485400,3240000,0,0,0,3245400,5145971,5.1460
distribute_parallel_for_1700_1200_3200,1700,3200,0,6400,38419200,11529601,3200,47040000,43520000,11526400,3840000,7686400,3840000,0,0,0,3846400,6107461,6.1075
distribute_parallel_for_1700_1200_3700,1700,3700,0,7400,44422200,13331101,3700,51840000,50320000,13327400,4440000,8887400,4440000,0,0,0,4447400,7070665,7.0707
distribute_parallel_for_1700_1200_4200,1700,4200,0,8400,50425200,15132601,4200,56640000,57120000,15128400,5040000,10088400,5040000,0,0,0,5048400,8031051,8.0311
distribute_parallel_for_1700_1700_1200,1700,1200,0,2400,20407200,6123601,1200,39440000,16320000,6122400,2040000,4082400,2040000,0,0,0,2042400,3291373,3.2914
distribute_parallel_for_1700_1700_1700,1700,1700,0,3400,28910200,8675101,1700,46240000,23120000,8673400,2890000,5783400,2890000,0,0,0,2893400,4722951,4.7230
distribute_parallel_for_1700_1700_2200,1700,2200,0,4400,37413200,11226601,2200,53040000,29920000,11224400,3740000,7484400,3740000,0,0,0,3744400,6075679,6.0757
distribute_parallel_for_1700_1700_2700,1700,2700,0,5400,45916200,13778101,2700,59840000,36720000,13775400,4590000,9185400,4590000,0,0,0,4595400,7452647,7.4526
distribute_parallel_for_1700_1700_3200,1700,3200,0,6400,54419200,16329601,3200,66640000,43520000,16326400,5440000,10886400,5440000,0,0,0,5446400,8742610,8.7426
distribute_parallel_for_1700_1700_3700,1700,3700,0,7400,62922200,18881101,3700,73440000,50320000,18877400,6290000,12587400,6290000,0,0,0,6297400,10149882,10.1499
distribute_parallel_for_1700_1700_4200,1700,4200,0,8400,71425200,21432601,4200,80240000,57120000,21428400,7140000,14288400,7140000,0,0,0,7148400,11437890,11.4379
distribute_parallel_for_1700_2200_1200,1700,1200,0,2400,26407200,7923601,1200,51040000,16320000,7922400,2640000,5282400,2640000,0,0,0,2642400,4195668,4.1957
distribute_parallel_for_1700_2200_1700,1700,1700,0,3400,37410200,11225101,1700,59840000,23120000,11223400,3740000,7483400,3740000,0,0,0,3743400,5937164,5.9372
distribute_parallel_for_1700_2200_2200,1700,2200,0,4400,48413200,14526601,2200,68640000,29920000,14524400,4840000,9684400,4840000,0,0,0,4844400,7821265,7.8213
distribute_parallel_for_1700_2200_2700,1700,2700,0,5400,59416200,17828101,2700,77440000,36720000,17825400,5940000,11885400,5940000,0,0,0,5945400,9419483,9.4195
distribute_parallel_for_1700_2200_3200,1700,3200,0,6400,70419200,21129601,3200,86240000,43520000,21126400,7040000,14086400,7040000,0,0,0,7046400,11323767,11.3238
distribute_parallel_for_1700_2200_3700,1700,3700,0,7400,81422200,24431101,3700,95040000,50320000,24427400,8140000,16287400,8140000,0,0,0,8147400,13006527,13.0065
distribute_parallel_for_1700_2200_4200,1700,4200,0,8400,92425200,27732601,4200,103840000,57120000,27728400,9240000,18488400,9240000,0,0,0,9248400,14631890,14.6319
distribute_parallel_for_1700_2700_1200,1700,1200,0,2400,32407200,9723601,1200,62640000,16320000,9722400,3240000,6482400,3240000,0,0,0,3242400,5230995,5.2310
distribute_parallel_for_1700_2700_1700,1700,1700,0,3400,45910200,13775101,1700,73440000,23120000,13773400,4590000,9183400,4590000,0,0,0,4593400,7357772,7.3578
distribute_parallel_for_1700_2700_2200,1700,2200,0,4400,59413200,17826601,2200,84240000,29920000,17824400,5940000,11884400,5940000,0,0,0,5944400,9546838,9.5468
distribute_parallel_for_1700_2700_2700,1700,2700,0,5400,72916200,21878101,2700,95040000,36720000,21875400,7290000,14585400,7290000,0,0,0,7295400,11653245,11.6532
distribute_parallel_for_1700_2700_3200,1700,3200,0,6400,86419200,25929601,3200,105840000,43520000,25926400,8640000,17286400,8640000,0,0,0,8646400,13824278,13.8243
distribute_parallel_for_1700_2700_3700,1700,3700,0,7400,99922200,29981101,3700,116640000,50320000,29977400,9990000,19987400,9990000,0,0,0,9997400,15930948,15.9309
distribute_parallel_for_1700_2700_4200,1700,4200,0,8400,113425200,34032601,4200,127440000,57120000,34028400,11340000,22688400,11340000,0,0,0,11348400,18220989,18.2210
distribute_parallel_for_1700_3200_1200,1700,1200,0,2400,38407200,11523601,1200,74240000,16320000,11522400,3840000,7682400,3840000,0,0,0,3842400,6088310,6.0883
distribute_parallel_for_1700_3200_1700,1700,1700,0,3400,54410200,16325101,1700,87040000,23120000,16323400,5440000,10883400,5440000,0,0,0,5443400,8727078,8.7271
distribute_parallel_for_1700_3200_2200,1700,2200,0,4400,70413200,21126601,2200,99840000,29920000,21124400,7040000,14084400,7040000,0,0,0,7044400,11204409,11.2044
distribute_parallel_for_1700_3200_2700,1700,2700,0,5400,86416200,25928101,2700,112640000,36720000,25925400,8640000,17285400,8640000,0,0,0,8645400,13779260,13.7793
distribute_parallel_for_1700_3200_3200,1700,3200,0,6400,102419200,30729601,3200,125440000,43520000,30726400,10240000,20486400,10240000,0,0,0,10246400,16168062,16.1681
distribute_parallel_for_1700_3200_3700,1700,3700,0,7400,118422200,35531101,3700,138240000,50320000,35527400,11840000,23687400,11840000,0,0,0,11847400,18836071,18.8361
distribute_parallel_for_1700_3200_4200,1700,4200,0,8400,134425200,40332601,4200,151040000,57120000,40328400,13440000,26888400,13440000,0,0,0,13448400,21186801,21.1868
distribute_parallel_for_1700_3700_1200,1700,1200,0,2400,44407200,13323601,1200,85840000,16320000,13322400,4440000,8882400,4440000,0,0,0,4442400,7102338,7.1023
distribute_parallel_for_1700_3700_1700,1700,1700,0,3400,62910200,18875101,1700,100640000,23120000,18873400,6290000,12583400,6290000,0,0,0,6293400,10076322,10.0763
distribute_parallel_for_1700_3700_2200,1700,2200,0,4400,81413200,24426601,2200,115440000,29920000,24424400,8140000,16284400,8140000,0,0,0,8144400,13110460,13.1105
distribute_parallel_for_1700_3700_2700,1700,2700,0,5400,99916200,29978101,2700,130240000,36720000,29975400,9990000,19985400,9990000,0,0,0,9995400,15962683,15.9627
distribute_parallel_for_1700_3700_3200,1700,3200,0,6400,118419200,35529601,3200,145040000,43520000,35526400,11840000,23686400,11840000,0,0,0,11846400,18913432,18.9134
distribute_parallel_for_1700_3700_3700,1700,3700,0,7400,136922200,41081101,3700,159840000,50320000,41077400,13690000,27387400,13690000,0,0,0,13697400,21922013,21.9220
distribute_parallel_for_1700_3700_4200,1700,4200,0,8400,155425200,46632601,4200,174640000,57120000,46628400,15540000,31088400,15540000,0,0,0,15548400,24744777,24.7448
distribute_parallel_for_1750_1250_1250,1750,1250,0,2500,15632500,4691251,1250,30000000,17500000,4690000,1562500,3127500,1562500,0,0,0,1565000,2660020,2.6600
distribute_parallel_for_1750_1250_1750,1750,1750,0,3500,21885500,6567751,1750,35000000,24500000,6566000,2187500,4378500,2187500,0,0,0,2191000,3694981,3.6950
distribute_parallel_for_1750_1250_2250,1750,2250,0,4500,28138500,8444251,2250,40000000,31500000,8442000,2812500,5629500,2812500,0,0,0,2817000,4676024,4.6760
distribute_parallel_for_1750_1250_2750,1750,2750,0,5500,34391500,10320751,2750,45000000,38500000,10318000,3437500,6880500,3437500,0,0,0,3443000,5772675,5.7727
distribute_parallel_for_1750_1250_3250,1750,3250,0,6500,40644500,12197251,3250,50000000,45500000,12194000,4062500,8131500,4062500,0,0,0,4069000,6801158,6.8012
distribute_parallel_for_1750_1250_3750,1750,3750,0,7500,46897500,14073751,3750,55000000,52500000,14070000,4687500,9382500,4687500,0,0,0,4695000,7908093,7.9081
distribute_parallel_for_1750_1250_4250,1750,4250,0,8500,53150500,15950251,4250,60000000,59500000,15946000,5312500,10633500,5312500,0,0,0,5321000,8889118,8.8891
distribute_parallel_for_1750_1750_1250,1750,1250,0,2500,21882500,6566251,1250,42000000,17500000,6565000,2187500,4377500,2187500,0,0,0,2190000,3767022,3.7670
distribute_parallel_for_1750_1750_1750,1750,1750,0,3500,30635500,9192751,1750,49000000,24500000,9191000,3062500,6128500,3062500,0,0,0,3066000,5123568,5.1236
distribute_parallel_for_1750_1750_2250,1750,2250,0,4500,39388500,11819251,2250,56000000,31500000,11817000,3937500,7879500,3937500,0,0,0,3942000,6687066,6.6871
distribute_parallel_for_1750_1750_2750,1750,2750,0,5500,48141500,14445751,2750,63000000,38500000,14443000,4812500,9630500,4812500,0,0,0,4818000,8221094,8.2211
distribute_parallel_for_1750_1750_3250,1750,3250,0,6500,56894500,17072251,3250,70000000,45500000,17069000,5687500,11381500,5687500,0,0,0,5694000,9575787,9.5758
distribute_parallel_for_1750_1750_3750,1750,3750,0,7500,65647500,19698751,3750,77000000,52500000,19695000,6562500,13132500,6562500,0,0,0,6570000,10963273,10.9633
distribute_parallel_for_1750_1750_4250,1750,4250,0,8500,74400500,22325251,4250,84000000,59500000,22321000,7437500,14883500,7437500,0,0,0,7446000,12570492,12.5705
distribute_parallel_for_1750_2250_1250,1750,1250,0,2500,28132500,8441251,1250,54000000,17500000,8440000,2812500,5627500,2812500,0,0,0,2815000,4718624,4.7186
distribute_parallel_for_1750_2250_1750,1750,1750,0,3500,39385500,11817751,1750,63000000,24500000,11816000,3937500,7878500,3937500,0,0,0,3941000,6575584,6.5756
distribute_parallel_for_1750_2250_2250,1750,2250,0,4500,50638500,15194251,2250,72000000,31500000,15192000,5062500,10129500,5062500,0,0,0,5067000,8697852,8.6979
distribute_parallel_for_1750_2250_2750,1750,2750,0,5500,61891500,18570751,2750,81000000,38500000,18568000,6187500,12380500,6187500,0,0,0,6193000,10438237,10.4382
distribute_parallel_for_1750_2250_3250,1750,3250,0,6500,73144500,21947251,3250,90000000,45500000,21944000,7312500,14631500,7312500,0,0,0,7319000,12173799,12.1738
distribute_parallel_for_1750_2250_3750,1750,3750,0,7500,84397500,25323751,3750,99000000,52500000,25320000,8437500,16882500,8437500,0,0,0,8445000,14149429,14.1494
distribute_parallel_for_1750_2250_4250,1750,4250,0,8500,95650500,28700251,4250,108000000,59500000,28696000,9562500,19133500,9562500,0,0,0,9571000,16215832,16.2158
distribute_parallel_for_1750_2750_1250,1750,1250,0,2500,34382500,10316251,1250,66000000,17500000,10315000,3437500,6877500,3437500,0,0,0,3440000,5812219,5.8122
distribute_parallel_for_1750_2750_1750,1750,1750,0,3500,48135500,14442751,1750,77000000,24500000,14441000,4812500,9628500,4812500,0,0,0,4816000,8190260,8.1903
distribute_parallel_for_1750_2750_2250,1750,2250,0,4500,61888500,18569251,2250,88000000,31500000,18567000,6187500,12379500,6187500,0,0,0,6192000,10322063,10.3221
distribute_parallel_for_1750_2750_2750,1750,2750,0,5500,75641500,22695751,2750,99000000,38500000,22693000,7562500,15130500,7562500,0,0,0,7568000,12708748,12.7087
distribute_parallel_for_1750_2750_3250,1750,3250,0,6500,89394500,26822251,3250,110000000,45500000,26819000,8937500,17881500,8937500,0,0,0,8944000,14988170,14.9882
distribute_parallel_for_1750_2750_3750,1750,3750,0,7500,103147500,30948751,3750,121000000,52500000,30945000,10312500,20632500,10312500,0,0,0,10320000,17268114,17.2681
distribute_parallel_for_1750_2750_4250,1750,4250,0,8500,116900500,35075251,4250,132000000,59500000,35071000,11687500,23383500,11687500,0,0,0,11696000,19759080,19.7591
distribute_parallel_for_1750_3250_1250,1750,1250,0,2500,40632500,12191251,1250,78000000,17500000,12190000,4062500,8127500,4062500,0,0,0,4065000,6879519,6.8795
distribute_parallel_for_1750_3250_1750,1750,1750,0,3500,56885500,17067751,1750,91000000,24500000,17066000,5687500,11378500,5687500,0,0,0,5691000,9492316,9.4923
distribute_parallel_for_1750_3250_2250,1750,2250,0,4500,73138500,21944251,2250,104000000,31500000,21942000,7312500,14629500,7312500,0,0,0,7317000,12225691,12.2257
distribute_parallel_for_1750_3250_2750,1750,2750,0,5500,89391500,26820751,2750,117000000,38500000,26818000,8937500,17880500,8937500,0,0,0,8943000,15028187,15.0282
distribute_parallel_for_1750_3250_3250,1750,3250,0,6500,105644500,31697251,3250,130000000,45500000,31694000,10562500,21131500,10562500,0,0,0,10569000,17620526,17.6205
distribute_parallel_for_1750_3250_3750,1750,3750,0,7500,121897500,36573751,3750,143000000,52500000,36570000,12187500,24382500,12187500,0,0,0,12195000,20333524,20.3335
distribute_parallel_for_1750_3250_4250,1750,4250,0,8500,138150500,41450251,4250,156000000,59500000,41446000,13812500,27633500,13812500,0,0,0,13821000,23059066,23.0591
distribute_parallel_for_1750_3750_1250,1750,1250,0,2500,46882500,14066251,1250,90000000,17500000,14065000,4687500,9377500,4687500,0,0,0,4690000,7896974,7.8970
distribute_parallel_for_1750_3750_1750,1750,1750,0,3500,65635500,19692751,1750,105000000,24500000,19691000,6562500,13128500,6562500,0,0,0,6566000,10978067,10.9781
distribute_parallel_for_1750_3750_2250,1750,2250,0,4500,84388500,25319251,2250,120000000,31500000,25317000,8437500,16879500,8437500,0,0,0,8442000,14220378,14.2204
distribute_parallel_for_1750_3750_2750,1750,2750,0,5500,103141500,30945751,2750,135000000,38500000,30943000,10312500,20630500,10312500,0,0,0,10318000,17167713,17.1677
distribute_parallel_for_1750_3750_3250,1750,3250,0,6500,121894500,36572251,3250,150000000,45500000,36569000,12187500,24381500,12187500,0,0,0,12194000,20418497,20.4185
distribute_parallel_for_1750_3750_3750,1750,3750,0,7500,140647500,42198751,3750,165000000,52500000,42195000,14062500,28132500,14062500,0,0,0,14070000,23483309,23.4833
distribute_parallel_for_1750_3750_4250,1750,4250,0,8500,159400500,47825251,4250,180000000,59500000,47821000,15937500,31883500,15937500,0,0,0,15946000,26597742,26.5977
distribute_parallel_for_1750_4250_1250,1750,1250,0,2500,53132500,15941251,1250,102000000,17500000,15940000,5312500,10627500,5312500,0,0,0,5315000,8910415,8.9104
distribute_parallel_for_1750_4250_1750,1750,1750,0,3500,74385500,22317751,1750,119000000,24500000,22316000,7437500,14878500,7437500,0,0,0,7441000,12554437,12.5544
distribute_parallel_for_1750_4250_2250,1750,2250,0,4500,95638500,28694251,2250,136000000,31500000,28692000,9562500,19129500,9562500,0,0,0,9567000,15997727,15.9977
distribute_parallel_for_1750_4250_2750,1750,2750,0,5500,116891500,35070751,2750,153000000,38500000,35068000,11687500,23380500,11687500,0,0,0,11693000,19673662,19.6737
distribute_parallel_for_1750_4250_3250,1750,3250,0,6500,138144500,41447251,3250,170000000,45500000,41444000,13812500,27631500,13812500,0,0,0,13819000,23137812,23.1378
distribute_parallel_for_1750_4250_3750,1750,3750,0,7500,159397500,47823751,3750,187000000,52500000,47820000,15937500,31882500,15937500,0,0,0,15945000,26620480,26.6205
distribute_parallel_for_1750_4250_4250,1750,4250,0,8500,180650500,54200251,4250,204000000,59500000,54196000,18062500,36133500,18062500,0,0,0,18071000,30194240,30.1942
distribute_parallel_for_1900_1400_1400,1900,1400,0,2800,19608400,5884201,1400,36960000,21280000,5882800,1960000,3922800,1960000,0,0,0,1962800,3125196,3.1252
distribute_parallel_for_1900_1400_1900,1900,1900,0,3800,26611400,7985701,1900,42560000,28880000,7983800,2660000,5323800,2660000,0,0,0,2663800,4264919,4.2649
distribute_parallel_for_1900_1400_2400,1900,2400,0,4800,33614400,10087201,2400,48160000,36480000,10084800,3360000,6724800,3360000,0,0,0,3364800,5428377,5.4284
distribute_parallel_for_1900_1400_2900,1900,2900,0,5800,40617400,12188701,2900,53760000,44080000,12185800,4060000,8125800,4060000,0,0,0,4065800,6572345,6.5723
distribute_parallel_for_1900_1400_3400,1900,3400,0,6800,47620400,14290201,3400,59360000,51680000,14286800,4760000,9526800,4760000,0,0,0,4766800,7643476,7.6435
distribute_parallel_for_1900_1400_3900,1900,3900,0,7800,54623400,16391701,3900,64960000,59280000,16387800,5460000,10927800,5460000,0,0,0,5467800,9021629,9.0216
distribute_parallel_for_1900_1400_900,1900,900,0,1800,12605400,3782701,900,31360000,13680000,3781800,1260000,2521800,1260000,0,0,0,1261800,2090190,2.0902
distribute_parallel_for_1900_1900_1400,1900,1400,0,2800,26608400,7984201,1400,50160000,21280000,7982800,2660000,5322800,2660000,0,0,0,2662800,4315624,4.3156
distribute_parallel_for_1900_1900_1900,1900,1900,0,3800,36111400,10835701,1900,57760000,28880000,10833800,3610000,7223800,3610000,0,0,0,3613800,5871950,5.8720
distribute_parallel_for_1900_1900_2400,1900,2400,0,4800,45614400,13687201,2400,65360000,36480000,13684800,4560000,9124800,4560000,0,0,0,4564800,7382956,7.3830
distribute_parallel_for_1900_1900_2900,1900,2900,0,5800,55117400,16538701,2900,72960000,44080000,16535800,5510000,11025800,5510000,0,0,0,5515800,8861954,8.8620
distribute_parallel_for_1900_1900_3400,1900,3400,0,6800,64620400,19390201,3400,80560000,51680000,19386800,6460000,12926800,6460000,0,0,0,6466800,10458172,10.4582
distribute_parallel_for_1900_1900_3900,1900,3900,0,7800,74123400,22241701,3900,88160000,59280000,22237800,7410000,14827800,7410000,0,0,0,7417800,11959276,11.9593
distribute_parallel_for_1900_1900_900,1900,900,0,1800,17105400,5132701,900,42560000,13680000,5131800,1710000,3421800,1710000,0,0,0,1711800,2772470,2.7725
distribute_parallel_for_1900_2400_1400,1900,1400,0,2800,33608400,10084201,1400,63360000,21280000,10082800,3360000,6722800,3360000,0,0,0,3362800,5420180,5.4202
distribute_parallel_for_1900_2400_1900,1900,1900,0,3800,45611400,13685701,1900,72960000,28880000,13683800,4560000,9123800,4560000,0,0,0,4563800,7250041,7.2500
distribute_parallel_for_1900_2400_2400,1900,2400,0,4800,57614400,17287201,2400,82560000,36480000,17284800,5760000,11524800,5760000,0,0,0,5764800,9292666,9.2927
distribute_parallel_for_1900_2400_2900,1900,2900,0,5800,69617400,20888701,2900,92160000,44080000,20885800,6960000,13925800,6960000,0,0,0,6965800,11236352,11.2364
distribute_parallel_for_1900_2400_3400,1900,3400,0,6800,81620400,24490201,3400,101760000,51680000,24486800,8160000,16326800,8160000,0,0,0,8166800,13222300,13.2223
distribute_parallel_for_1900_2400_3900,1900,3900,0,7800,93623400,28091701,3900,111360000,59280000,28087800,9360000,18727800,9360000,0,0,0,9367800,15251720,15.2517
distribute_parallel_for_1900_2400_900,1900,900,0,1800,21605400,6482701,900,53760000,13680000,6481800,2160000,4321800,2160000,0,0,0,2161800,3458213,3.4582
distribute_parallel_for_1900_2900_1400,1900,1400,0,2800,40608400,12184201,1400,76560000,21280000,12182800,4060000,8122800,4060000,0,0,0,4062800,6541750,6.5418
distribute_parallel_for_1900_2900_1900,1900,1900,0,3800,55111400,16535701,1900,88160000,28880000,16533800,5510000,11023800,5510000,0,0,0,5513800,8928815,8.9288
distribute_parallel_for_1900_2900_2400,1900,2400,0,4800,69614400,20887201,2400,99760000,36480000,20884800,6960000,13924800,6960000,0,0,0,6964800,11300011,11.3000
distribute_parallel_for_1900_2900_2900,1900,2900,0,5800,84117400,25238701,2900,111360000,44080000,25235800,8410000,16825800,8410000,0,0,0,8415800,13572943,13.5729
distribute_parallel_for_1900_2900_3400,1900,3400,0,6800,98620400,29590201,3400,122960000,51680000,29586800,9860000,19726800,9860000,0,0,0,9866800,15941321,15.9413
distribute_parallel_for_1900_2900_3900,1900,3900,0,7800,113123400,33941701,3900,134560000,59280000,33937800,11310000,22627800,11310000,0,0,0,11317800,18374124,18.3741
distribute_parallel_for_1900_2900_900,1900,900,0,1800,26105400,7832701,900,64960000,13680000,7831800,2610000,5221800,2610000,0,0,0,2611800,4229422,4.2294
distribute_parallel_for_1900_3400_1400,1900,1400,0,2800,47608400,14284201,1400,89760000,21280000,14282800,4760000,9522800,4760000,0,0,0,4762800,7698126,7.6981
distribute_parallel_for_1900_3400_1900,1900,1900,0,3800,64611400,19385701,1900,103360000,28880000,19383800,6460000,12923800,6460000,0,0,0,6463800,10379052,10.3791
distribute_parallel_for_1900_3400_2400,1900,2400,0,4800,81614400,24487201,2400,116960000,36480000,24484800,8160000,16324800,8160000,0,0,0,8164800,13063586,13.0636
distribute_parallel_for_1900_3400_2900,1900,2900,0,5800,98617400,29588701,2900,130560000,44080000,29585800,9860000,19725800,9860000,0,0,0,9865800,15705661,15.7057
distribute_parallel_for_1900_3400_3400,1900,3400,0,6800,115620400,34690201,3400,144160000,51680000,34686800,11560000,23126800,11560000,0,0,0,11566800,18393893,18.3939
distribute_parallel_for_1900_3400_3900,1900,3900,0,7800,132623400,39791701,3900,157760000,59280000,39787800,13260000,26527800,13260000,0,0,0,13267800,21357301,21.3573
distribute_parallel_for_1900_3400_900,1900,900,0,1800,30605400,9182701,900,76160000,13680000,9181800,3060000,6121800,3060000,0,0,0,3061800,4915950,4.9159
distribute_parallel_for_1900_3900_1400,1900,1400,0,2800,54608400,16384201,1400,102960000,21280000,16382800,5460000,10922800,5460000,0,0,0,5462800,8829861,8.8299
distribute_parallel_for_1900_3900_1900,1900,1900,0,3800,74111400,22235701,1900,118560000,28880000,22233800,7410000,14823800,7410000,0,0,0,7413800,11932210,11.9322
distribute_parallel_for_1900_3900_2400,1900,2400,0,4800,93614400,28087201,2400,134160000,36480000,28084800,9360000,18724800,9360000,0,0,0,9364800,15126715,15.1267
distribute_parallel_for_1900_3900_2900,1900,2900,0,5800,113117400,33938701,2900,149760000,44080000,33935800,11310000,22625800,11310000,0,0,0,11315800,18170253,18.1703
distribute_parallel_for_1900_3900_3400,1900,3400,0,6800,132620400,39790201,3400,165360000,51680000,39786800,13260000,26526800,13260000,0,0,0,13266800,21311162,21.3112
distribute_parallel_for_1900_3900_3900,1900,3900,0,7800,152123400,45641701,3900,180960000,59280000,45637800,15210000,30427800,15210000,0,0,0,15217800,24374742,24.3747
distribute_parallel_for_1900_3900_900,1900,900,0,1800,35105400,10532701,900,87360000,13680000,10531800,3510000,7021800,3510000,0,0,0,3511800,5692212,5.6922
distribute_parallel_for_1900_900_1400,1900,1400,0,2800,12608400,3784201,1400,23760000,21280000,3782800,1260000,2522800,1260000,0,0,0,1262800,2085662,2.0857
distribute_parallel_for_1900_900_1900,1900,1900,0,3800,17111400,5135701,1900,27360000,28880000,5133800,1710000,3423800,1710000,0,0,0,1713800,2781489,2.7815
distribute_parallel_for_1900_900_2400,1900,2400,0,4800,21614400,6487201,2400,30960000,36480000,6484800,2160000,4324800,2160000,0,0,0,2164800,3525388,3.5254
distribute_parallel_for_1900_900_2900,1900,2900,0,5800,26117400,7838701,2900,34560000,44080000,7835800,2610000,5225800,2610000,0,0,0,2615800,4169469,4.1695
distribute_parallel_for_1900_900_3400,1900,3400,0,6800,30620400,9190201,3400,38160000,51680000,9186800,3060000,6126800,3060000,0,0,0,3066800,4932283,4.9323
distribute_parallel_for_1900_900_3900,1900,3900,0,7800,35123400,10541701,3900,41760000,59280000,10537800,3510000,7027800,3510000,0,0,0,3517800,5712596,5.7126
distribute_parallel_for_1900_900_900,1900,900,0,1800,8105400,2432701,900,20160000,13680000,2431800,810000,1621800,810000,0,0,0,811800,1342117,1.3421
distribute_parallel_for_2000_1000_1000,2000,1000,0,2000,10006000,3003001,1000,24000000,16000000,3002000,1000000,2002000,1000000,0,0,0,1002000,1677859,1.6779
distribute_parallel_for_2000_1000_1500,2000,1500,0,3000,15009000,4504501,1500,28000000,24000000,4503000,1500000,3003000,1500000,0,0,0,1503000,2457810,2.4578
distribute_parallel_for_2000_1000_2000,2000,2000,0,4000,20012000,6006001,2000,32000000,32000000,6004000,2000000,4004000,2000000,0,0,0,2004000,3354490,3.3545
distribute_parallel_for_2000_1000_2500,2000,2500,0,5000,25015000,7507501,2500,36000000,40000000,7505000,2500000,5005000,2500000,0,0,0,2505000,4106251,4.1063
distribute_parallel_for_2000_1000_3000,2000,3000,0,6000,30018000,9009001,3000,40000000,48000000,9006000,3000000,6006000,3000000,0,0,0,3006000,4860002,4.8600
distribute_parallel_for_2000_1000_3500,2000,3500,0,7000,35021000,10510501,3500,44000000,56000000,10507000,3500000,7007000,3500000,0,0,0,3507000,5705695,5.7057
distribute_parallel_for_2000_1000_4000,2000,4000,0,8000,40024000,12012001,4000,48000000,64000000,12008000,4000000,8008000,4000000,0,0,0,4008000,6417334,6.4173
distribute_parallel_for_2000_1500_1000,2000,1000,0,2000,15006000,4503001,1000,36000000,16000000,4502000,1500000,3002000,1500000,0,0,0,1502000,2524640,2.5246
distribute_parallel_for_2000_1500_1500,2000,1500,0,3000,22509000,6754501,1500,42000000,24000000,6753000,2250000,4503000,2250000,0,0,0,2253000,3648567,3.6486
distribute_parallel_for_2000_1500_2000,2000,2000,0,4000,30012000,9006001,2000,48000000,32000000,9004000,3000000,6004000,3000000,0,0,0,3004000,4963435,4.9634
distribute_parallel_for_2000_1500_2500,2000,2500,0,5000,37515000,11257501,2500,54000000,40000000,11255000,3750000,7505000,3750000,0,0,0,3755000,6132787,6.1328
distribute_parallel_for_2000_1500_3000,2000,3000,0,6000,45018000,13509001,3000,60000000,48000000,13506000,4500000,9006000,4500000,0,0,0,4506000,7449274,7.4493
distribute_parallel_for_2000_1500_3500,2000,3500,0,7000,52521000,15760501,3500,66000000,56000000,15757000,5250000,10507000,5250000,0,0,0,5257000,8744057,8.7441
distribute_parallel_for_2000_1500_4000,2000,4000,0,8000,60024000,18012001,4000,72000000,64000000,18008000,6000000,12008000,6000000,0,0,0,6008000,9759435,9.7594
distribute_parallel_for_2000_2000_1000,2000,1000,0,2000,20006000,6003001,1000,48000000,16000000,6002000,2000000,4002000,2000000,0,0,0,2002000,3230355,3.2304
distribute_parallel_for_2000_2000_1500,2000,1500,0,3000,30009000,9004501,1500,56000000,24000000,9003000,3000000,6003000,3000000,0,0,0,3003000,4880599,4.8806
distribute_parallel_for_2000_2000_2000,2000,2000,0,4000,40012000,12006001,2000,64000000,32000000,12004000,4000000,8004000,4000000,0,0,0,4004000,6431041,6.4310
distribute_parallel_for_2000_2000_2500,2000,2500,0,5000,50015000,15007501,2500,72000000,40000000,15005000,5000000,10005000,5000000,0,0,0,5005000,8121199,8.1212
distribute_parallel_for_2000_2000_3000,2000,3000,0,6000,60018000,18009001,3000,80000000,48000000,18006000,6000000,12006000,6000000,0,0,0,6006000,9574790,9.5748
distribute_parallel_for_2000_2000_3500,2000,3500,0,7000,70021000,21010501,3500,88000000,56000000,21007000,7000000,14007000,7000000,0,0,0,7007000,11250263,11.2503
distribute_parallel_for_2000_2000_4000,2000,4000,0,8000,80024000,24012001,4000,96000000,64000000,24008000,8000000,16008000,8000000,0,0,0,8008000,12870417,12.8704
distribute_parallel_for_2000_2500_1000,2000,1000,0,2000,25006000,7503001,1000,60000000,16000000,7502000,2500000,5002000,2500000,0,0,0,2502000,4151711,4.1517
distribute_parallel_for_2000_2500_1500,2000,1500,0,3000,37509000,11254501,1500,70000000,24000000,11253000,3750000,7503000,3750000,0,0,0,3753000,6049893,6.0499
distribute_parallel_for_2000_2500_2000,2000,2000,0,4000,50012000,15006001,2000,80000000,32000000,15004000,5000000,10004000,5000000,0,0,0,5004000,8336724,8.3367
distribute_parallel_for_2000_2500_2500,2000,2500,0,5000,62515000,18757501,2500,90000000,40000000,18755000,6250000,12505000,6250000,0,0,0,6255000,10122471,10.1225
distribute_parallel_for_2000_2500_3000,2000,3000,0,6000,75018000,22509001,3000,100000000,48000000,22506000,7500000,15006000,7500000,0,0,0,7506000,12328134,12.3281
distribute_parallel_for_2000_2500_3500,2000,3500,0,7000,87521000,26260501,3500,110000000,56000000,26257000,8750000,17507000,8750000,0,0,0,8757000,14144486,14.1445
distribute_parallel_for_2000_2500_4000,2000,4000,0,8000,100024000,30012001,4000,120000000,64000000,30008000,10000000,20008000,10000000,0,0,0,10008000,16248858,16.2489
distribute_parallel_for_2000_3000_1000,2000,1000,0,2000,30006000,9003001,1000,72000000,16000000,9002000,3000000,6002000,3000000,0,0,0,3002000,4957232,4.9572
distribute_parallel_for_2000_3000_1500,2000,1500,0,3000,45009000,13504501,1500,84000000,24000000,13503000,4500000,9003000,4500000,0,0,0,4503000,7345238,7.3452
distribute_parallel_for_2000_3000_2000,2000,2000,0,4000,60012000,18006001,2000,96000000,32000000,18004000,6000000,12004000,6000000,0,0,0,6004000,9549470,9.5495
distribute_parallel_for_2000_3000_2500,2000,2500,0,5000,75015000,22507501,2500,108000000,40000000,22505000,7500000,15005000,7500000,0,0,0,7505000,12022361,12.0224
distribute_parallel_for_2000_3000_3000,2000,3000,0,6000,90018000,27009001,3000,120000000,48000000,27006000,9000000,18006000,9000000,0,0,0,9006000,14539903,14.5399
distribute_parallel_for_2000_3000_3500,2000,3500,0,7000,105021000,31510501,3500,132000000,56000000,31507000,10500000,21007000,10500000,0,0,0,10507000,17141779,17.1418
distribute_parallel_for_2000_3000_4000,2000,4000,0,8000,120024000,36012001,4000,144000000,64000000,36008000,12000000,24008000,12000000,0,0,0,12008000,19289910,19.2899
distribute_parallel_for_2000_3500_1000,2000,1000,0,2000,35006000,10503001,1000,84000000,16000000,10502000,3500000,7002000,3500000,0,0,0,3502000,5713932,5.7139
distribute_parallel_for_2000_3500_1500,2000,1500,0,3000,52509000,15754501,1500,98000000,24000000,15753000,5250000,10503000,5250000,0,0,0,5253000,8555377,8.5554
distribute_parallel_for_2000_3500_2000,2000,2000,0,4000,70012000,21006001,2000,112000000,32000000,21004000,7000000,14004000,7000000,0,0,0,7004000,11447738,11.4477
distribute_parallel_for_2000_3500_2500,2000,2500,0,5000,87515000,26257501,2500,126000000,40000000,26255000,8750000,17505000,8750000,0,0,0,8755000,14148632,14.1486
distribute_parallel_for_2000_3500_3000,2000,3000,0,6000,105018000,31509001,3000,140000000,48000000,31506000,10500000,21006000,10500000,0,0,0,10506000,16968380,16.9684
distribute_parallel_for_2000_3500_3500,2000,3500,0,7000,122521000,36760501,3500,154000000,56000000,36757000,12250000,24507000,12250000,0,0,0,12257000,19910618,19.9106
distribute_parallel_for_2000_3500_4000,2000,4000,0,8000,140024000,42012001,4000,168000000,64000000,42008000,14000000,28008000,14000000,0,0,0,14008000,22857055,22.8571
distribute_parallel_for_2000_4000_1000,2000,1000,0,2000,40006000,12003001,1000,96000000,16000000,12002000,4000000,8002000,4000000,0,0,0,4002000,6596848,6.5968
distribute_parallel_for_2000_4000_1500,2000,1500,0,3000,60009000,18004501,1500,112000000,24000000,18003000,6000000,12003000,6000000,0,0,0,6003000,9697361,9.6974
distribute_parallel_for_2000_4000_2000,2000,2000,0,4000,80012000,24006001,2000,128000000,32000000,24004000,8000000,16004000,8000000,0,0,0,8004000,12878381,12.8784
distribute_parallel_for_2000_4000_2500,2000,2500,0,5000,100015000,30007501,2500,144000000,40000000,30005000,10000000,20005000,10000000,0,0,0,10005000,16096637,16.0966
distribute_parallel_for_2000_4000_3000,2000,3000,0,6000,120018000,36009001,3000,160000000,48000000,36006000,12000000,24006000,12000000,0,0,0,12006000,19167283,19.1673
distribute_parallel_for_2000_4000_3500,2000,3500,0,7000,140021000,42010501,3500,176000000,56000000,42007000,14000000,28007000,14000000,0,0,0,14007000,22588283,22.5883
distribute_parallel_for_2000_4000_4000,2000,4000,0,8000,160024000,48012001,4000,192000000,64000000,48008000,16000000,32008000,16000000,0,0,0,16008000,25642262,25.6423
distribute_parallel_for_200_100_100,200,100,0,200,100600,30301,100,240000,160000,30200,10000,20200,10000,0,0,0,10200,24111,0.0241
distribute_parallel_for_200_100_200,200,200,0,400,201200,60601,200,320000,320000,60400,20000,40400,20000,0,0,0,20400,37408,0.0374
distribute_parallel_for_200_100_300,200,300,0,600,301800,90901,300,400000,480000,90600,30000,60600,30000,0,0,0,30600,51915,0.0519
distribute_parallel_for_200_100_400,200,400,0,800,402400,121201,400,480000,640000,120800,40000,80800,40000,0,0,0,40800,65536,0.0655
distribute_parallel_for_200_100_500,200,500,0,1000,503000,151501,500,560000,800000,151000,50000,101000,50000,0,0,0,51000,73336,0.0733
distribute_parallel_for_200_100_600,200,600,0,1200,603600,181801,600,640000,960000,181200,60000,121200,60000,0,0,0,61200,91936,0.0919
distribute_parallel_for_200_100_700,200,700,0,1400,704200,212101,700,720000,1120000,211400,70000,141400,70000,0,0,0,71400,112334,0.1123
distribute_parallel_for_200_100_800,200,800,0,1600,804800,242401,800,800000,1280000,241600,80000,161600,80000,0,0,0,81600,118352,0.1184
distribute_parallel_for_200_100_900,200,900,0,1800,905400,272701,900,880000,1440000,271800,90000,181800,90000,0,0,0,91800,150565,0.1506
distribute_parallel_for_200_200_100,200,100,0,200,200600,60301,100,480000,160000,60200,20000,40200,20000,0,0,0,20200,48569,0.0486
distribute_parallel_for_200_200_200,200,200,0,400,401200,120601,200,640000,320000,120400,40000,80400,40000,0,0,0,40400,59915,0.0599
distribute_parallel_for_200_200_300,200,300,0,600,601800,180901,300,800000,480000,180600,60000,120600,60000,0,0,0,60600,88361,0.0884
distribute_parallel_for_200_200_400,200,400,0,800,802400,241201,400,960000,640000,240800,80000,160800,80000,0,0,0,80800,117369,0.1174
distribute_parallel_for_200_200_500,200,500,0,1000,1003000,301501,500,1120000,800000,301000,100000,201000,100000,0,0,0,101000,165796,0.1658
distribute_parallel_for_200_200_600,200,600,0,1200,1203600,361801,600,1280000,960000,361200,120000,241200,120000,0,0,0,121200,176187,0.1762
distribute_parallel_for_200_200_700,200,700,0,1400,1404200,422101,700,1440000,1120000,421400,140000,281400,140000,0,0,0,141400,210385,0.2104
distribute_parallel_for_200_200_800,200,800,0,1600,1604800,482401,800,1600000,1280000,481600,160000,321600,160000,0,0,0,161600,247145,0.2471
distribute_parallel_for_200_200_900,200,900,0,1800,1805400,542701,900,1760000,1440000,541800,180000,361800,180000,0,0,0,181800,300701,0.3007
distribute_parallel_for_200_300_100,200,100,0,200,300600,90301,100,720000,160000,90200,30000,60200,30000,0,0,0,30200,50689,0.0507
distribute_parallel_for_200_300_200,200,200,0,400,601200,180601,200,960000,320000,180400,60000,120400,60000,0,0,0,60400,97290,0.0973
distribute_parallel_for_200_300_300,200,300,0,600,901800,270901,300,1200000,480000,270600,90000,180600,90000,0,0,0,90600,130519,0.1305
distribute_parallel_for_200_300_400,200,400,0,800,1202400,361201,400,1440000,640000,360800,120000,240800,120000,0,0,0,120800,177945,0.1779
distribute_parallel_for_200_300_500,200,500,0,1000,1503000,451501,500,1680000,800000,451000,150000,301000,150000,0,0,0,151000,230234,0.2302
distribute_parallel_for_200_300_600,200,600,0,1200,1803600,541801,600,1920000,960000,541200,180000,361200,180000,0,0,0,181200,260498,0.2605
distribute_parallel_for_200_300_700,200,700,0,1400,2104200,632101,700,2160000,1120000,631400,210000,421400,210000,0,0,0,211400,316193,0.3162
distribute_parallel_for_200_300_800,200,800,0,1600,2404800,722401,800,2400000,1280000,721600,240000,481600,240000,0,0,0,241600,457900,0.4579
distribute_parallel_for_200_300_900,200,900,0,1800,2705400,812701,900,2640000,1440000,811800,270000,541800,270000,0,0,0,271800,393035,0.3930
distribute_parallel_for_200_400_100,200,100,0,200,400600,120301,100,960000,160000,120200,40000,80200,40000,0,0,0,40200,61749,0.0617
distribute_parallel_for_200_400_200,200,200,0,400,801200,240601,200,1280000,320000,240400,80000,160400,80000,0,0,0,80400,118008,0.1180
distribute_parallel_for_200_400_300,200,300,0,600,1201800,360901,300,1600000,480000,360600,120000,240600,120000,0,0,0,120600,175894,0.1759
distribute_parallel_for_200_400_400,200,400,0,800,1602400,481201,400,1920000,640000,480800,160000,320800,160000,0,0,0,160800,235500,0.2355
distribute_parallel_for_200_400_500,200,500,0,1000,2003000,601501,500,2240000,800000,601000,200000,401000,200000,0,0,0,201000,296190,0.2962
distribute_parallel_for_200_400_600,200,600,0,1200,2403600,721801,600,2560000,960000,721200,240000,481200,240000,0,0,0,241200,391720,0.3917
distribute_parallel_for_200_400_700,200,700,0,1400,2804200,842101,700,2880000,1120000,841400,280000,561400,280000,0,0,0,281400,410232,0.4102
distribute_parallel_for_200_400_800,200,800,0,1600,3204800,962401,800,3200000,1280000,961600,320000,641600,320000,0,0,0,321600,491147,0.4911
distribute_parallel_for_200_400_900,200,900,0,1800,3605400,1082701,900,3520000,1440000,1081800,360000,721800,360000,0,0,0,361800,541293,0.5413
distribute_parallel_for_200_500_100,200,100,0,200,500600,150301,100,1200000,160000,150200,50000,100200,50000,0,0,0,50200,73891,0.0739
distribute_parallel_for_200_500_200,200,200,0,400,1001200,300601,200,1600000,320000,300400,100000,200400,100000,0,0,0,100400,152082,0.1521
distribute_parallel_for_200_500_300,200,300,0,600,1501800,450901,300,2000000,480000,450600,150000,300600,150000,0,0,0,150600,219024,0.2190
distribute_parallel_for_200_500_400,200,400,0,800,2002400,601201,400,2400000,640000,600800,200000,400800,200000,0,0,0,200800,288566,0.2886
distribute_parallel_for_200_500_500,200,500,0,1000,2503000,751501,500,2800000,800000,751000,250000,501000,250000,0,0,0,251000,359740,0.3597
distribute_parallel_for_200_500_600,200,600,0,1200,3003600,901801,600,3200000,960000,901200,300000,601200,300000,0,0,0,301200,468677,0.4687
distribute_parallel_for_200_500_700,200,700,0,1400,3504200,1052101,700,3600000,1120000,1051400,350000,701400,350000,0,0,0,351400,505063,0.5051
distribute_parallel_for_200_500_800,200,800,0,1600,4004800,1202401,800,4000000,1280000,1201600,400000,801600,400000,0,0,0,401600,574351,0.5744
distribute_parallel_for_200_500_900,200,900,0,1800,4505400,1352701,900,4400000,1440000,1351800,450000,901800,450000,0,0,0,451800,649542,0.6495
distribute_parallel_for_200_600_100,200,100,0,200,600600,180301,100,1440000,160000,180200,60000,120200,60000,0,0,0,60200,87933,0.0879
distribute_parallel_for_200_600_200,200,200,0,400,1201200,360601,200,1920000,320000,360400,120000,240400,120000,0,0,0,120400,179449,0.1794
distribute_parallel_for_200_600_300,200,300,0,600,1801800,540901,300,2400000,480000,540600,180000,360600,180000,0,0,0,180600,288855,0.2889
distribute_parallel_for_200_600_400,200,400,0,800,2402400,721201,400,2880000,640000,720800,240000,480800,240000,0,0,0,240800,347263,0.3473
distribute_parallel_for_200_600_500,200,500,0,1000,3003000,901501,500,3360000,800000,901000,300000,601000,300000,0,0,0,301000,444082,0.4441
distribute_parallel_for_200_600_600,200,600,0,1200,3603600,1081801,600,3840000,960000,1081200,360000,721200,360000,0,0,0,361200,531073,0.5311
distribute_parallel_for_200_600_700,200,700,0,1400,4204200,1262101,700,4320000,1120000,1261400,420000,841400,420000,0,0,0,421400,628030,0.6280
distribute_parallel_for_200_600_800,200,800,0,1600,4804800,1442401,800,4800000,1280000,1441600,480000,961600,480000,0,0,0,481600,730762,0.7308
distribute_parallel_for_200_600_900,200,900,0,1800,5405400,1622701,900,5280000,1440000,1621800,540000,1081800,540000,0,0,0,541800,778521,0.7785
distribute_parallel_for_200_700_100,200,100,0,200,700600,210301,100,1680000,160000,210200,70000,140200,70000,0,0,0,70200,103548,0.1035
distribute_parallel_for_200_700_200,200,200,0,400,1401200,420601,200,2240000,320000,420400,140000,280400,140000,0,0,0,140400,208639,0.2086
distribute_parallel_for_200_700_300,200,300,0,600,2101800,630901,300,2800000,480000,630600,210000,420600,210000,0,0,0,210600,344230,0.3442
distribute_parallel_for_200_700_400,200,400,0,800,2802400,841201,400,3360000,640000,840800,280000,560800,280000,0,0,0,280800,455607,0.4556
distribute_parallel_for_200_700_500,200,500,0,1000,3503000,1051501,500,3920000,800000,1051000,350000,701000,350000,0,0,0,351000,507586,0.5076
distribute_parallel_for_200_700_600,200,600,0,1200,4203600,1261801,600,4480000,960000,1261200,420000,841200,420000,0,0,0,421200,605353,0.6054
distribute_parallel_for_200_700_700,200,700,0,1400,4904200,1472101,700,5040000,1120000,1471400,490000,981400,490000,0,0,0,491400,710567,0.7106
distribute_parallel_for_200_700_800,200,800,0,1600,5604800,1682401,800,5600000,1280000,1681600,560000,1121600,560000,0,0,0,561600,861231,0.8612
distribute_parallel_for_200_700_900,200,900,0,1800,6305400,1892701,900,6160000,1440000,1891800,630000,1261800,630000,0,0,0,631800,934193,0.9342
distribute_parallel_for_200_800_100,200,100,0,200,800600,240301,100,1920000,160000,240200,80000,160200,80000,0,0,0,80200,125252,0.1253
distribute_parallel_for_200_800_200,200,200,0,400,1601200,480601,200,2560000,320000,480400,160000,320400,160000,0,0,0,160400,255994,0.2560
distribute_parallel_for_200_800_300,200,300,0,600,2401800,720901,300,3200000,480000,720600,240000,480600,240000,0,0,0,240600,369716,0.3697
distribute_parallel_for_200_800_400,200,400,0,800,3202400,961201,400,3840000,640000,960800,320000,640800,320000,0,0,0,320800,485057,0.4851
distribute_parallel_for_200_800_500,200,500,0,1000,4003000,1201501,500,4480000,800000,1201000,400000,801000,400000,0,0,0,401000,589358,0.5894
distribute_parallel_for_200_800_600,200,600,0,1200,4803600,1441801,600,5120000,960000,1441200,480000,961200,480000,0,0,0,481200,707738,0.7077
distribute_parallel_for_200_800_700,200,700,0,1400,5604200,1682101,700,5760000,1120000,1681400,560000,1121400,560000,0,0,0,561400,852494,0.8525
distribute_parallel_for_200_800_800,200,800,0,1600,6404800,1922401,800,6400000,1280000,1921600,640000,1281600,640000,0,0,0,641600,942924,0.9429
distribute_parallel_for_200_800_900,200,900,0,1800,7205400,2162701,900,7040000,1440000,2161800,720000,1441800,720000,0,0,0,721800,1070624,1.0706
distribute_parallel_for_200_900_100,200,100,0,200,900600,270301,100,2160000,160000,270200,90000,180200,90000,0,0,0,90200,132994,0.1330
distribute_parallel_for_200_900_200,200,200,0,400,1801200,540601,200,2880000,320000,540400,180000,360400,180000,0,0,0,180400,267228,0.2672
distribute_parallel_for_200_900_300,200,300,0,600,2701800,810901,300,3600000,480000,810600,270000,540600,270000,0,0,0,270600,402320,0.4023
distribute_parallel_for_200_900_400,200,400,0,800,3602400,1081201,400,4320000,640000,1080800,360000,720800,360000,0,0,0,360800,522390,0.5224
distribute_parallel_for_200_900_500,200,500,0,1000,4503000,1351501,500,5040000,800000,1351000,450000,901000,450000,0,0,0,451000,678716,0.6787
distribute_parallel_for_200_900_600,200,600,0,1200,5403600,1621801,600,5760000,960000,1621200,540000,1081200,540000,0,0,0,541200,778514,0.7785
distribute_parallel_for_200_900_700,200,700,0,1400,6304200,1892101,700,6480000,1120000,1891400,630000,1261400,630000,0,0,0,631400,941133,0.9411
distribute_parallel_for_200_900_800,200,800,0,1600,7204800,2162401,800,7200000,1280000,2161600,720000,1441600,720000,0,0,0,721600,1068176,1.0682
distribute_parallel_for_200_900_900,200,900,0,1800,8105400,2432701,900,7920000,1440000,2431800,810000,1621800,810000,0,0,0,811800,1165697,1.1657
distribute_parallel_for_2200_1200_1200,2200,1200,0,2400,14407200,4323601,1200,32640000,21120000,4322400,1440000,2882400,1440000,0,0,0,1442400,2400206,2.4002
distribute_parallel_for_2200_1200_1700,2200,1700,0,3400,20410200,6125101,1700,37440000,29920000,6123400,2040000,4083400,2040000,0,0,0,2043400,3323740,3.3237
distribute_parallel_for_2200_1200_2200,2200,2200,0,4400,26413200,7926601,2200,42240000,38720000,7924400,2640000,5284400,2640000,0,0,0,2644400,4261328,4.2613
distribute_parallel_for_2200_1200_2700,2200,2700,0,5400,32416200,9728101,2700,47040000,47520000,9725400,3240000,6485400,3240000,0,0,0,3245400,5503682,5.5037
distribute_parallel_for_2200_1200_3200,2200,3200,0,6400,38419200,11529601,3200,51840000,56320000,11526400,3840000,7686400,3840000,0,0,0,3846400,6278936,6.2789
distribute_parallel_for_2200_1200_3700,2200,3700,0,7400,44422200,13331101,3700,56640000,65120000,13327400,4440000,8887400,4440000,0,0,0,4447400,7277158,7.2772
distribute_parallel_for_2200_1200_4200,2200,4200,0,8400,50425200,15132601,4200,61440000,73920000,15128400,5040000,10088400,5040000,0,0,0,5048400,8286998,8.2870
distribute_parallel_for_2200_1700_1200,2200,1200,0,2400,20407200,6123601,1200,46240000,21120000,6122400,2040000,4082400,2040000,0,0,0,2042400,3345640,3.3456
distribute_parallel_for_2200_1700_1700,2200,1700,0,3400,28910200,8675101,1700,53040000,29920000,8673400,2890000,5783400,2890000,0,0,0,2893400,4706476,4.7065
distribute_parallel_for_2200_1700_2200,2200,2200,0,4400,37413200,11226601,2200,59840000,38720000,11224400,3740000,7484400,3740000,0,0,0,3744400,6085150,6.0851
distribute_parallel_for_2200_1700_2700,2200,2700,0,5400,45916200,13778101,2700,66640000,47520000,13775400,4590000,9185400,4590000,0,0,0,4595400,7554273,7.5543
distribute_parallel_for_2200_1700_3200,2200,3200,0,6400,54419200,16329601,3200,73440000,56320000,16326400,5440000,10886400,5440000,0,0,0,5446400,8951157,8.9512
distribute_parallel_for_2200_1700_3700,2200,3700,0,7400,62922200,18881101,3700,80240000,65120000,18877400,6290000,12587400,6290000,0,0,0,6297400,10426332,10.4263
distribute_parallel_for_2200_1700_4200,2200,4200,0,8400,71425200,21432601,4200,87040000,73920000,21428400,7140000,14288400,7140000,0,0,0,7148400,11683409,11.6834
distribute_parallel_for_2200_2200_1200,2200,1200,0,2400,26407200,7923601,1200,59840000,21120000,7922400,2640000,5282400,2640000,0,0,0,2642400,4308038,4.3080
distribute_parallel_for_2200_2200_1700,2200,1700,0,3400,37410200,11225101,1700,68640000,29920000,11223400,3740000,7483400,3740000,0,0,0,3743400,6045378,6.0454
distribute_parallel_for_2200_2200_2200,2200,2200,0,4400,48413200,14526601,2200,77440000,38720000,14524400,4840000,9684400,4840000,0,0,0,4844400,7811666,7.8117
distribute_parallel_for_2200_2200_2700,2200,2700,0,5400,59416200,17828101,2700,86240000,47520000,17825400,5940000,11885400,5940000,0,0,0,5945400,9585727,9.5857
distribute_parallel_for_2200_2200_3200,2200,3200,0,6400,70419200,21129601,3200,95040000,56320000,21126400,7040000,14086400,7040000,0,0,0,7046400,11553474,11.5535
distribute_parallel_for_2200_2200_3700,2200,3700,0,7400,81422200,24431101,3700,103840000,65120000,24427400,8140000,16287400,8140000,0,0,0,8147400,13344601,13.3446
distribute_parallel_for_2200_2200_4200,2200,4200,0,8400,92425200,27732601,4200,112640000,73920000,27728400,9240000,18488400,9240000,0,0,0,9248400,14885422,14.8854
distribute_parallel_for_2200_2700_1200,2200,1200,0,2400,32407200,9723601,1200,73440000,21120000,9722400,3240000,6482400,3240000,0,0,0,3242400,5322825,5.3228
distribute_parallel_for_2200_2700_1700,2200,1700,0,3400,45910200,13775101,1700,84240000,29920000,13773400,4590000,9183400,4590000,0,0,0,4593400,7564991,7.5650
distribute_parallel_for_2200_2700_2200,2200,2200,0,4400,59413200,17826601,2200,95040000,38720000,17824400,5940000,11884400,5940000,0,0,0,5944400,9639786,9.6398
distribute_parallel_for_2200_2700_2700,2200,2700,0,5400,72916200,21878101,2700,105840000,47520000,21875400,7290000,14585400,7290000,0,0,0,7295400,11782367,11.7824
distribute_parallel_for_2200_2700_3200,2200,3200,0,6400,86419200,25929601,3200,116640000,56320000,25926400,8640000,17286400,8640000,0,0,0,8646400,14041967,14.0420
distribute_parallel_for_2200_2700_3700,2200,3700,0,7400,99922200,29981101,3700,127440000,65120000,29977400,9990000,19987400,9990000,0,0,0,9997400,16253228,16.2532
distribute_parallel_for_2200_2700_4200,2200,4200,0,8400,113425200,34032601,4200,138240000,73920000,34028400,11340000,22688400,11340000,0,0,0,11348400,18336721,18.3367
distribute_parallel_for_2200_3200_1200,2200,1200,0,2400,38407200,11523601,1200,87040000,21120000,11522400,3840000,7682400,3840000,0,0,0,3842400,6291228,6.2912
distribute_parallel_for_2200_3200_1700,2200,1700,0,3400,54410200,16325101,1700,99840000,29920000,16323400,5440000,10883400,5440000,0,0,0,5443400,8813486,8.8135
distribute_parallel_for_2200_3200_2200,2200,2200,0,4400,70413200,21126601,2200,112640000,38720000,21124400,7040000,14084400,7040000,0,0,0,7044400,11393549,11.3935
distribute_parallel_for_2200_3200_2700,2200,2700,0,5400,86416200,25928101,2700,125440000,47520000,25925400,8640000,17285400,8640000,0,0,0,8645400,13899619,13.8996
distribute_parallel_for_2200_3200_3200,2200,3200,0,6400,102419200,30729601,3200,138240000,56320000,30726400,10240000,20486400,10240000,0,0,0,10246400,16422082,16.4221
distribute_parallel_for_2200_3200_3700,2200,3700,0,7400,118422200,35531101,3700,151040000,65120000,35527400,11840000,23687400,11840000,0,0,0,11847400,19105697,19.1057
distribute_parallel_for_2200_3200_4200,2200,4200,0,8400,134425200,40332601,4200,163840000,73920000,40328400,13440000,26888400,13440000,0,0,0,13448400,21532061,21.5321
distribute_parallel_for_2200_3700_1200,2200,1200,0,2400,44407200,13323601,1200,100640000,21120000,13322400,4440000,8882400,4440000,0,0,0,4442400,7266546,7.2665
distribute_parallel_for_2200_3700_1700,2200,1700,0,3400,62910200,18875101,1700,115440000,29920000,18873400,6290000,12583400,6290000,0,0,0,6293400,10320716,10.3207
distribute_parallel_for_2200_3700_2200,2200,2200,0,4400,81413200,24426601,2200,130240000,38720000,24424400,8140000,16284400,8140000,0,0,0,8144400,13183072,13.1831
distribute_parallel_for_2200_3700_2700,2200,2700,0,5400,99916200,29978101,2700,145040000,47520000,29975400,9990000,19985400,9990000,0,0,0,9995400,16192167,16.1922
distribute_parallel_for_2200_3700_3200,2200,3200,0,6400,118419200,35529601,3200,159840000,56320000,35526400,11840000,23686400,11840000,0,0,0,11846400,19073557,19.0736
distribute_parallel_for_2200_3700_3700,2200,3700,0,7400,136922200,41081101,3700,174640000,65120000,41077400,13690000,27387400,13690000,0,0,0,13697400,22112254,22.1123
distribute_parallel_for_2200_3700_4200,2200,4200,0,8400,155425200,46632601,4200,189440000,73920000,46628400,15540000,31088400,15540000,0,0,0,15548400,25043031,25.0430
distribute_parallel_for_2250_1250_1250,2250,1250,0,2500,15632500,4691251,1250,35000000,22500000,4690000,1562500,3127500,1562500,0,0,0,1565000,2665633,2.6656
distribute_parallel_for_2250_1250_1750,2250,1750,0,3500,21885500,6567751,1750,40000000,31500000,6566000,2187500,4378500,2187500,0,0,0,2191000,3690766,3.6908
distribute_parallel_for_2250_1250_2250,2250,2250,0,4500,28138500,8444251,2250,45000000,40500000,8442000,2812500,5629500,2812500,0,0,0,2817000,4690701,4.6907
distribute_parallel_for_2250_1250_2750,2250,2750,0,5500,34391500,10320751,2750,50000000,49500000,10318000,3437500,6880500,3437500,0,0,0,3443000,5998497,5.9985
distribute_parallel_for_2250_1250_3250,2250,3250,0,6500,40644500,12197251,3250,55000000,58500000,12194000,4062500,8131500,4062500,0,0,0,4069000,6762374,6.7624
distribute_parallel_for_2250_1250_3750,2250,3750,0,7500,46897500,14073751,3750,60000000,67500000,14070000,4687500,9382500,4687500,0,0,0,4695000,7949162,7.9492
distribute_parallel_for_2250_1250_4250,2250,4250,0,8500,53150500,15950251,4250,65000000,76500000,15946000,5312500,10633500,5312500,0,0,0,5321000,8925367,8.9254
distribute_parallel_for_2250_1750_1250,2250,1250,0,2500,21882500,6566251,1250,49000000,22500000,6565000,2187500,4377500,2187500,0,0,0,2190000,3670459,3.6705
distribute_parallel_for_2250_1750_1750,2250,1750,0,3500,30635500,9192751,1750,56000000,31500000,9191000,3062500,6128500,3062500,0,0,0,3066000,5177737,5.1777
distribute_parallel_for_2250_1750_2250,2250,2250,0,4500,39388500,11819251,2250,63000000,40500000,11817000,3937500,7879500,3937500,0,0,0,3942000,6708928,6.7089
distribute_parallel_for_2250_1750_2750,2250,2750,0,5500,48141500,14445751,2750,70000000,49500000,14443000,4812500,9630500,4812500,0,0,0,4818000,8110650,8.1106
distribute_parallel_for_2250_1750_3250,2250,3250,0,6500,56894500,17072251,3250,77000000,58500000,17069000,5687500,11381500,5687500,0,0,0,5694000,9437248,9.4372
distribute_parallel_for_2250_1750_3750,2250,3750,0,7500,65647500,19698751,3750,84000000,67500000,19695000,6562500,13132500,6562500,0,0,0,6570000,10930501,10.9305
distribute_parallel_for_2250_1750_4250,2250,4250,0,8500,74400500,22325251,4250,91000000,76500000,22321000,7437500,14883500,7437500,0,0,0,7446000,12454830,12.4548
distribute_parallel_for_2250_2250_1250,2250,1250,0,2500,28132500,8441251,1250,63000000,22500000,8440000,2812500,5627500,2812500,0,0,0,2815000,4866278,4.8663
distribute_parallel_for_2250_2250_1750,2250,1750,0,3500,39385500,11817751,1750,72000000,31500000,11816000,3937500,7878500,3937500,0,0,0,3941000,6585996,6.5860
distribute_parallel_for_2250_2250_2250,2250,2250,0,4500,50638500,15194251,2250,81000000,40500000,15192000,5062500,10129500,5062500,0,0,0,5067000,8426353,8.4264
distribute_parallel_for_2250_2250_2750,2250,2750,0,5500,61891500,18570751,2750,90000000,49500000,18568000,6187500,12380500,6187500,0,0,0,6193000,10408011,10.4080
distribute_parallel_for_2250_2250_3250,2250,3250,0,6500,73144500,21947251,3250,99000000,58500000,21944000,7312500,14631500,7312500,0,0,0,7319000,12182690,12.1827
distribute_parallel_for_2250_2250_3750,2250,3750,0,7500,84397500,25323751,3750,108000000,67500000,25320000,8437500,16882500,8437500,0,0,0,8445000,14057255,14.0573
distribute_parallel_for_2250_2250_4250,2250,4250,0,8500,95650500,28700251,4250,117000000,76500000,28696000,9562500,19133500,9562500,0,0,0,9571000,16030693,16.0307
distribute_parallel_for_2250_2750_1250,2250,1250,0,2500,34382500,10316251,1250,77000000,22500000,10315000,3437500,6877500,3437500,0,0,0,3440000,5776104,5.7761
distribute_parallel_for_2250_2750_1750,2250,1750,0,3500,48135500,14442751,1750,88000000,31500000,14441000,4812500,9628500,4812500,0,0,0,4816000,7999761,7.9998
distribute_parallel_for_2250_2750_2250,2250,2250,0,4500,61888500,18569251,2250,99000000,40500000,18567000,6187500,12379500,6187500,0,0,0,6192000,10430695,10.4307
distribute_parallel_for_2250_2750_2750,2250,2750,0,5500,75641500,22695751,2750,110000000,49500000,22693000,7562500,15130500,7562500,0,0,0,7568000,12697158,12.6972
distribute_parallel_for_2250_2750_3250,2250,3250,0,6500,89394500,26822251,3250,121000000,58500000,26819000,8937500,17881500,8937500,0,0,0,8944000,14966734,14.9667
distribute_parallel_for_2250_2750_3750,2250,3750,0,7500,103147500,30948751,3750,132000000,67500000,30945000,10312500,20632500,10312500,0,0,0,10320000,17164882,17.1649
distribute_parallel_for_2250_2750_4250,2250,4250,0,8500,116900500,35075251,4250,143000000,76500000,35071000,11687500,23383500,11687500,0,0,0,11696000,19372509,19.3725
distribute_parallel_for_2250_3250_1250,2250,1250,0,2500,40632500,12191251,1250,91000000,22500000,12190000,4062500,8127500,4062500,0,0,0,4065000,6772431,6.7724
distribute_parallel_for_2250_3250_1750,2250,1750,0,3500,56885500,17067751,1750,104000000,31500000,17066000,5687500,11378500,5687500,0,0,0,5691000,9620560,9.6206
distribute_parallel_for_2250_3250_2250,2250,2250,0,4500,73138500,21944251,2250,117000000,40500000,21942000,7312500,14629500,7312500,0,0,0,7317000,12214130,12.2141
distribute_parallel_for_2250_3250_2750,2250,2750,0,5500,89391500,26820751,2750,130000000,49500000,26818000,8937500,17880500,8937500,0,0,0,8943000,14942298,14.9423
distribute_parallel_for_2250_3250_3250,2250,3250,0,6500,105644500,31697251,3250,143000000,58500000,31694000,10562500,21131500,10562500,0,0,0,10569000,17642592,17.6426
distribute_parallel_for_2250_3250_3750,2250,3750,0,7500,121897500,36573751,3750,156000000,67500000,36570000,12187500,24382500,12187500,0,0,0,12195000,20214237,20.2142
distribute_parallel_for_2250_3250_4250,2250,4250,0,8500,138150500,41450251,4250,169000000,76500000,41446000,13812500,27633500,13812500,0,0,0,13821000,22936916,22.9369
distribute_parallel_for_2250_3750_1250,2250,1250,0,2500,46882500,14066251,1250,105000000,22500000,14065000,4687500,9377500,4687500,0,0,0,4690000,7845510,7.8455
distribute_parallel_for_2250_3750_1750,2250,1750,0,3500,65635500,19692751,1750,120000000,31500000,19691000,6562500,13128500,6562500,0,0,0,6566000,10980567,10.9806
distribute_parallel_for_2250_3750_2250,2250,2250,0,4500,84388500,25319251,2250,135000000,40500000,25317000,8437500,16879500,8437500,0,0,0,8442000,14232558,14.2326
distribute_parallel_for_2250_3750_2750,2250,2750,0,5500,103141500,30945751,2750,150000000,49500000,30943000,10312500,20630500,10312500,0,0,0,10318000,17157884,17.1579
distribute_parallel_for_2250_3750_3250,2250,3250,0,6500,121894500,36572251,3250,165000000,58500000,36569000,12187500,24381500,12187500,0,0,0,12194000,20197695,20.1977
distribute_parallel_for_2250_3750_3750,2250,3750,0,7500,140647500,42198751,3750,180000000,67500000,42195000,14062500,28132500,14062500,0,0,0,14070000,23328230,23.3282
distribute_parallel_for_2250_3750_4250,2250,4250,0,8500,159400500,47825251,4250,195000000,76500000,47821000,15937500,31883500,15937500,0,0,0,15946000,26489033,26.4890
distribute_parallel_for_2250_4250_1250,2250,1250,0,2500,53132500,15941251,1250,119000000,22500000,15940000,5312500,10627500,5312500,0,0,0,5315000,8879787,8.8798
distribute_parallel_for_2250_4250_1750,2250,1750,0,3500,74385500,22317751,1750,136000000,31500000,22316000,7437500,14878500,7437500,0,0,0,7441000,12425891,12.4259
distribute_parallel_for_2250_4250_2250,2250,2250,0,4500,95638500,28694251,2250,153000000,40500000,28692000,9562500,19129500,9562500,0,0,0,9567000,16030376,16.0304
distribute_parallel_for_2250_4250_2750,2250,2750,0,5500,116891500,35070751,2750,170000000,49500000,35068000,11687500,23380500,11687500,0,0,0,11693000,19471053,19.4711
distribute_parallel_for_2250_4250_3250,2250,3250,0,6500,138144500,41447251,3250,187000000,58500000,41444000,13812500,27631500,13812500,0,0,0,13819000,22898213,22.8982
distribute_parallel_for_2250_4250_3750,2250,3750,0,7500,159397500,47823751,3750,204000000,67500000,47820000,15937500,31882500,15937500,0,0,0,15945000,26577105,26.5771
distribute_parallel_for_2250_4250_4250,2250,4250,0,8500,180650500,54200251,4250,221000000,76500000,54196000,18062500,36133500,18062500,0,0,0,18071000,30048632,30.0486
distribute_parallel_for_2400_1400_1400,2400,1400,0,2800,19608400,5884201,1400,42560000,26880000,5882800,1960000,3922800,1960000,0,0,0,1962800,3194442,3.1944
distribute_parallel_for_2400_1400_1900,2400,1900,0,3800,26611400,7985701,1900,48160000,36480000,7983800,2660000,5323800,2660000,0,0,0,2663800,4493904,4.4939
distribute_parallel_for_2400_1400_2400,2400,2400,0,4800,33614400,10087201,2400,53760000,46080000,10084800,3360000,6724800,3360000,0,0,0,3364800,5401189,5.4012
distribute_parallel_for_2400_1400_2900,2400,2900,0,5800,40617400,12188701,2900,59360000,55680000,12185800,4060000,8125800,4060000,0,0,0,4065800,6566656,6.5667
distribute_parallel_for_2400_1400_3400,2400,3400,0,6800,47620400,14290201,3400,64960000,65280000,14286800,4760000,9526800,4760000,0,0,0,4766800,7819222,7.8192
distribute_parallel_for_2400_1400_3900,2400,3900,0,7800,54623400,16391701,3900,70560000,74880000,16387800,5460000,10927800,5460000,0,0,0,5467800,8866687,8.8667
distribute_parallel_for_2400_1400_900,2400,900,0,1800,12605400,3782701,900,36960000,17280000,3781800,1260000,2521800,1260000,0,0,0,1261800,2076324,2.0763
distribute_parallel_for_2400_1900_1400,2400,1400,0,2800,26608400,7984201,1400,57760000,26880000,7982800,2660000,5322800,2660000,0,0,0,2662800,4424354,4.4244
distribute_parallel_for_2400_1900_1900,2400,1900,0,3800,36111400,10835701,1900,65360000,36480000,10833800,3610000,7223800,3610000,0,0,0,3613800,5939611,5.9396
distribute_parallel_for_2400_1900_2400,2400,2400,0,4800,45614400,13687201,2400,72960000,46080000,13684800,4560000,9124800,4560000,0,0,0,4564800,7516352,7.5164
distribute_parallel_for_2400_1900_2900,2400,2900,0,5800,55117400,16538701,2900,80560000,55680000,16535800,5510000,11025800,5510000,0,0,0,5515800,8983962,8.9840
distribute_parallel_for_2400_1900_3400,2400,3400,0,6800,64620400,19390201,3400,88160000,65280000,19386800,6460000,12926800,6460000,0,0,0,6466800,10478621,10.4786
distribute_parallel_for_2400_1900_3900,2400,3900,0,7800,74123400,22241701,3900,95760000,74880000,22237800,7410000,14827800,7410000,0,0,0,7417800,12234852,12.2349
distribute_parallel_for_2400_1900_900,2400,900,0,1800,17105400,5132701,900,50160000,17280000,5131800,1710000,3421800,1710000,0,0,0,1711800,2975845,2.9758
distribute_parallel_for_2400_2400_1400,2400,1400,0,2800,33608400,10084201,1400,72960000,26880000,10082800,3360000,6722800,3360000,0,0,0,3362800,5487904,5.4879
distribute_parallel_for_2400_2400_1900,2400,1900,0,3800,45611400,13685701,1900,82560000,36480000,13683800,4560000,9123800,4560000,0,0,0,4563800,7420821,7.4208
distribute_parallel_for_2400_2400_2400,2400,2400,0,4800,57614400,17287201,2400,92160000,46080000,17284800,5760000,11524800,5760000,0,0,0,5764800,9574694,9.5747
distribute_parallel_for_2400_2400_2900,2400,2900,0,5800,69617400,20888701,2900,101760000,55680000,20885800,6960000,13925800,6960000,0,0,0,6965800,11269909,11.2699
distribute_parallel_for_2400_2400_3400,2400,3400,0,6800,81620400,24490201,3400,111360000,65280000,24486800,8160000,16326800,8160000,0,0,0,8166800,13378395,13.3784
distribute_parallel_for_2400_2400_3900,2400,3900,0,7800,93623400,28091701,3900,120960000,74880000,28087800,9360000,18727800,9360000,0,0,0,9367800,15156663,15.1567
distribute_parallel_for_2400_2400_900,2400,900,0,1800,21605400,6482701,900,63360000,17280000,6481800,2160000,4321800,2160000,0,0,0,2161800,3526555,3.5266
distribute_parallel_for_2400_2900_1400,2400,1400,0,2800,40608400,12184201,1400,88160000,26880000,12182800,4060000,8122800,4060000,0,0,0,4062800,6623330,6.6233
distribute_parallel_for_2400_2900_1900,2400,1900,0,3800,55111400,16535701,1900,99760000,36480000,16533800,5510000,11023800,5510000,0,0,0,5513800,8959404,8.9594
distribute_parallel_for_2400_2900_2400,2400,2400,0,4800,69614400,20887201,2400,111360000,46080000,20884800,6960000,13924800,6960000,0,0,0,6964800,11348446,11.3484
distribute_parallel_for_2400_2900_2900,2400,2900,0,5800,84117400,25238701,2900,122960000,55680000,25235800,8410000,16825800,8410000,0,0,0,8415800,13597906,13.5979
distribute_parallel_for_2400_2900_3400,2400,3400,0,6800,98620400,29590201,3400,134560000,65280000,29586800,9860000,19726800,9860000,0,0,0,9866800,16068642,16.0686
distribute_parallel_for_2400_2900_3900,2400,3900,0,7800,113123400,33941701,3900,146160000,74880000,33937800,11310000,22627800,11310000,0,0,0,11317800,18280334,18.2803
distribute_parallel_for_2400_2900_900,2400,900,0,1800,26105400,7832701,900,76560000,17280000,7831800,2610000,5221800,2610000,0,0,0,2611800,4278807,4.2788
distribute_parallel_for_2400_3400_1400,2400,1400,0,2800,47608400,14284201,1400,103360000,26880000,14282800,4760000,9522800,4760000,0,0,0,4762800,7718716,7.7187
distribute_parallel_for_2400_3400_1900,2400,1900,0,3800,64611400,19385701,1900,116960000,36480000,19383800,6460000,12923800,6460000,0,0,0,6463800,10692580,10.6926
distribute_parallel_for_2400_3400_2400,2400,2400,0,4800,81614400,24487201,2400,130560000,46080000,24484800,8160000,16324800,8160000,0,0,0,8164800,13086462,13.0865
distribute_parallel_for_2400_3400_2900,2400,2900,0,5800,98617400,29588701,2900,144160000,55680000,29585800,9860000,19725800,9860000,0,0,0,9865800,15940139,15.9401
distribute_parallel_for_2400_3400_3400,2400,3400,0,6800,115620400,34690201,3400,157760000,65280000,34686800,11560000,23126800,11560000,0,0,0,11566800,18565727,18.5657
distribute_parallel_for_2400_3400_3900,2400,3900,0,7800,132623400,39791701,3900,171360000,74880000,39787800,13260000,26527800,13260000,0,0,0,13267800,21317468,21.3175
distribute_parallel_for_2400_3400_900,2400,900,0,1800,30605400,9182701,900,89760000,17280000,9181800,3060000,6121800,3060000,0,0,0,3061800,5115497,5.1155
distribute_parallel_for_2400_3900_1400,2400,1400,0,2800,54608400,16384201,1400,118560000,26880000,16382800,5460000,10922800,5460000,0,0,0,5462800,8853274,8.8533
distribute_parallel_for_2400_3900_1900,2400,1900,0,3800,74111400,22235701,1900,134160000,36480000,22233800,7410000,14823800,7410000,0,0,0,7413800,11996341,11.9963
distribute_parallel_for_2400_3900_2400,2400,2400,0,4800,93614400,28087201,2400,149760000,46080000,28084800,9360000,18724800,9360000,0,0,0,9364800,15419988,15.4200
distribute_parallel_for_2400_3900_3400,2400,3400,0,6800,132620400,39790201,3400,180960000,65280000,39786800,13260000,26526800,13260000,0,0,0,13266800,21496034,21.4960
distribute_parallel_for_2400_3900_3900,2400,3900,0,7800,152123400,45641701,3900,196560000,74880000,45637800,15210000,30427800,15210000,0,0,0,15217800,24633619,24.6336
distribute_parallel_for_2400_3900_900,2400,900,0,1800,35105400,10532701,900,102960000,17280000,10531800,3510000,7021800,3510000,0,0,0,3511800,5767470,5.7675
distribute_parallel_for_2400_900_1400,2400,1400,0,2800,12608400,3784201,1400,27360000,26880000,3782800,1260000,2522800,1260000,0,0,0,1262800,2135702,2.1357
distribute_parallel_for_2400_900_1900,2400,1900,0,3800,17111400,5135701,1900,30960000,36480000,5133800,1710000,3423800,1710000,0,0,0,1713800,2824632,2.8246
distribute_parallel_for_2400_900_2400,2400,2400,0,4800,21614400,6487201,2400,34560000,46080000,6484800,2160000,4324800,2160000,0,0,0,2164800,3530004,3.5300
distribute_parallel_for_2400_900_2900,2400,2900,0,5800,26117400,7838701,2900,38160000,55680000,7835800,2610000,5225800,2610000,0,0,0,2615800,4213652,4.2137
distribute_parallel_for_2400_900_3400,2400,3400,0,6800,30620400,9190201,3400,41760000,65280000,9186800,3060000,6126800,3060000,0,0,0,3066800,5177732,5.1777
distribute_parallel_for_2400_900_3900,2400,3900,0,7800,35123400,10541701,3900,45360000,74880000,10537800,3510000,7027800,3510000,0,0,0,3517800,5865697,5.8657
distribute_parallel_for_2400_900_900,2400,900,0,1800,8105400,2432701,900,23760000,17280000,2431800,810000,1621800,810000,0,0,0,811800,1404478,1.4045
distribute_parallel_for_2500_1000_1000,2500,1000,0,2000,10006000,3003001,1000,28000000,20000000,3002000,1000000,2002000,1000000,0,0,0,1002000,1621510,1.6215
distribute_parallel_for_2500_1000_1500,2500,1500,0,3000,15009000,4504501,1500,32000000,30000000,4503000,1500000,3003000,1500000,0,0,0,1503000,2399497,2.3995
distribute_parallel_for_2500_1000_2000,2500,2000,0,4000,20012000,6006001,2000,36000000,40000000,6004000,2000000,4004000,2000000,0,0,0,2004000,3182572,3.1826
distribute_parallel_for_2500_1000_2500,2500,2500,0,5000,25015000,7507501,2500,40000000,50000000,7505000,2500000,5005000,2500000,0,0,0,2505000,4215410,4.2154
distribute_parallel_for_2500_1000_3000,2500,3000,0,6000,30018000,9009001,3000,44000000,60000000,9006000,3000000,6006000,3000000,0,0,0,3006000,4873708,4.8737
distribute_parallel_for_2500_1000_3500,2500,3500,0,7000,35021000,10510501,3500,48000000,70000000,10507000,3500000,7007000,3500000,0,0,0,3507000,5654639,5.6546
distribute_parallel_for_2500_1000_4000,2500,4000,0,8000,40024000,12012001,4000,52000000,80000000,12008000,4000000,8008000,4000000,0,0,0,4008000,6357789,6.3578
distribute_parallel_for_2500_1500_1000,2500,1000,0,2000,15006000,4503001,1000,42000000,20000000,4502000,1500000,3002000,1500000,0,0,0,1502000,2454852,2.4549
distribute_parallel_for_2500_1500_1500,2500,1500,0,3000,22509000,6754501,1500,48000000,30000000,6753000,2250000,4503000,2250000,0,0,0,2253000,3607388,3.6074
distribute_parallel_for_2500_1500_2000,2500,2000,0,4000,30012000,9006001,2000,54000000,40000000,9004000,3000000,6004000,3000000,0,0,0,3004000,4908288,4.9083
distribute_parallel_for_2500_1500_2500,2500,2500,0,5000,37515000,11257501,2500,60000000,50000000,11255000,3750000,7505000,3750000,0,0,0,3755000,6034389,6.0344
distribute_parallel_for_2500_1500_3000,2500,3000,0,6000,45018000,13509001,3000,66000000,60000000,13506000,4500000,9006000,4500000,0,0,0,4506000,7310912,7.3109
distribute_parallel_for_2500_1500_3500,2500,3500,0,7000,52521000,15760501,3500,72000000,70000000,15757000,5250000,10507000,5250000,0,0,0,5257000,8434528,8.4345
distribute_parallel_for_2500_1500_4000,2500,4000,0,8000,60024000,18012001,4000,78000000,80000000,18008000,6000000,12008000,6000000,0,0,0,6008000,9884697,9.8847
distribute_parallel_for_2500_2000_1000,2500,1000,0,2000,20006000,6003001,1000,56000000,20000000,6002000,2000000,4002000,2000000,0,0,0,2002000,3169711,3.1697
distribute_parallel_for_2500_2000_1500,2500,1500,0,3000,30009000,9004501,1500,64000000,30000000,9003000,3000000,6003000,3000000,0,0,0,3003000,4822992,4.8230
distribute_parallel_for_2500_2000_2000,2500,2000,0,4000,40012000,12006001,2000,72000000,40000000,12004000,4000000,8004000,4000000,0,0,0,4004000,6331538,6.3315
distribute_parallel_for_2500_2000_2500,2500,2500,0,5000,50015000,15007501,2500,80000000,50000000,15005000,5000000,10005000,5000000,0,0,0,5005000,8122866,8.1229
distribute_parallel_for_2500_2000_3000,2500,3000,0,6000,60018000,18009001,3000,88000000,60000000,18006000,6000000,12006000,6000000,0,0,0,6006000,9813744,9.8137
distribute_parallel_for_2500_2000_3500,2500,3500,0,7000,70021000,21010501,3500,96000000,70000000,21007000,7000000,14007000,7000000,0,0,0,7007000,11157217,11.1572
distribute_parallel_for_2500_2000_4000,2500,4000,0,8000,80024000,24012001,4000,104000000,80000000,24008000,8000000,16008000,8000000,0,0,0,8008000,12893128,12.8931
distribute_parallel_for_2500_2500_1000,2500,1000,0,2000,25006000,7503001,1000,70000000,20000000,7502000,2500000,5002000,2500000,0,0,0,2502000,4072615,4.0726
distribute_parallel_for_2500_2500_1500,2500,1500,0,3000,37509000,11254501,1500,80000000,30000000,11253000,3750000,7503000,3750000,0,0,0,3753000,6144257,6.1443
distribute_parallel_for_2500_2500_2000,2500,2000,0,4000,50012000,15006001,2000,90000000,40000000,15004000,5000000,10004000,5000000,0,0,0,5004000,7970430,7.9704
distribute_parallel_for_2500_2500_2500,2500,2500,0,5000,62515000,18757501,2500,100000000,50000000,18755000,6250000,12505000,6250000,0,0,0,6255000,10220667,10.2207
distribute_parallel_for_2500_2500_3000,2500,3000,0,6000,75018000,22509001,3000,110000000,60000000,22506000,7500000,15006000,7500000,0,0,0,7506000,12074689,12.0747
distribute_parallel_for_2500_2500_3500,2500,3500,0,7000,87521000,26260501,3500,120000000,70000000,26257000,8750000,17507000,8750000,0,0,0,8757000,14120028,14.1200
distribute_parallel_for_2500_2500_4000,2500,4000,0,8000,100024000,30012001,4000,130000000,80000000,30008000,10000000,20008000,10000000,0,0,0,10008000,16167202,16.1672
distribute_parallel_for_2500_3000_1000,2500,1000,0,2000,30006000,9003001,1000,84000000,20000000,9002000,3000000,6002000,3000000,0,0,0,3002000,4829714,4.8297
distribute_parallel_for_2500_3000_1500,2500,1500,0,3000,45009000,13504501,1500,96000000,30000000,13503000,4500000,9003000,4500000,0,0,0,4503000,7208275,7.2083
distribute_parallel_for_2500_3000_2000,2500,2000,0,4000,60012000,18006001,2000,108000000,40000000,18004000,6000000,12004000,6000000,0,0,0,6004000,9656889,9.6569
distribute_parallel_for_2500_3000_2500,2500,2500,0,5000,75015000,22507501,2500,120000000,50000000,22505000,7500000,15005000,7500000,0,0,0,7505000,12044910,12.0449
distribute_parallel_for_2500_3000_3000,2500,3000,0,6000,90018000,27009001,3000,132000000,60000000,27006000,9000000,18006000,9000000,0,0,0,9006000,14351190,14.3512
distribute_parallel_for_2500_3000_3500,2500,3500,0,7000,105021000,31510501,3500,144000000,70000000,31507000,10500000,21007000,10500000,0,0,0,10507000,16645822,16.6458
distribute_parallel_for_2500_3000_4000,2500,4000,0,8000,120024000,36012001,4000,156000000,80000000,36008000,12000000,24008000,12000000,0,0,0,12008000,19219182,19.2192
distribute_parallel_for_2500_3500_1000,2500,1000,0,2000,35006000,10503001,1000,98000000,20000000,10502000,3500000,7002000,3500000,0,0,0,3502000,5637621,5.6376
distribute_parallel_for_2500_3500_1500,2500,1500,0,3000,52509000,15754501,1500,112000000,30000000,15753000,5250000,10503000,5250000,0,0,0,5253000,8529301,8.5293
distribute_parallel_for_2500_3500_2000,2500,2000,0,4000,70012000,21006001,2000,126000000,40000000,21004000,7000000,14004000,7000000,0,0,0,7004000,11268611,11.2686
distribute_parallel_for_2500_3500_2500,2500,2500,0,5000,87515000,26257501,2500,140000000,50000000,26255000,8750000,17505000,8750000,0,0,0,8755000,14124300,14.1243
distribute_parallel_for_2500_3500_3000,2500,3000,0,6000,105018000,31509001,3000,154000000,60000000,31506000,10500000,21006000,10500000,0,0,0,10506000,16836305,16.8363
distribute_parallel_for_2500_3500_3500,2500,3500,0,7000,122521000,36760501,3500,168000000,70000000,36757000,12250000,24507000,12250000,0,0,0,12257000,19568694,19.5687
distribute_parallel_for_2500_3500_4000,2500,4000,0,8000,140024000,42012001,4000,182000000,80000000,42008000,14000000,28008000,14000000,0,0,0,14008000,22382287,22.3823
distribute_parallel_for_2500_4000_1000,2500,1000,0,2000,40006000,12003001,1000,112000000,20000000,12002000,4000000,8002000,4000000,0,0,0,4002000,6539925,6.5399
distribute_parallel_for_2500_4000_1500,2500,1500,0,3000,60009000,18004501,1500,128000000,30000000,18003000,6000000,12003000,6000000,0,0,0,6003000,9548744,9.5487
distribute_parallel_for_2500_4000_2000,2500,2000,0,4000,80012000,24006001,2000,144000000,40000000,24004000,8000000,16004000,8000000,0,0,0,8004000,12874848,12.8748
distribute_parallel_for_2500_4000_2500,2500,2500,0,5000,100015000,30007501,2500,160000000,50000000,30005000,10000000,20005000,10000000,0,0,0,10005000,15861822,15.8618
distribute_parallel_for_2500_4000_3000,2500,3000,0,6000,120018000,36009001,3000,176000000,60000000,36006000,12000000,24006000,12000000,0,0,0,12006000,19204969,19.2050
distribute_parallel_for_2500_4000_3500,2500,3500,0,7000,140021000,42010501,3500,192000000,70000000,42007000,14000000,28007000,14000000,0,0,0,14007000,22277243,22.2772
distribute_parallel_for_2500_4000_4000,2500,4000,0,8000,160024000,48012001,4000,208000000,80000000,48008000,16000000,32008000,16000000,0,0,0,16008000,25534187,25.5342
distribute_parallel_for_2700_1200_1200,2700,1200,0,2400,14407200,4323601,1200,37440000,25920000,4322400,1440000,2882400,1440000,0,0,0,1442400,2367905,2.3679
distribute_parallel_for_2700_1200_1700,2700,1700,0,3400,20410200,6125101,1700,42240000,36720000,6123400,2040000,4083400,2040000,0,0,0,2043400,3254963,3.2550
distribute_parallel_for_2700_1200_2200,2700,2200,0,4400,26413200,7926601,2200,47040000,47520000,7924400,2640000,5284400,2640000,0,0,0,2644400,4405939,4.4059
distribute_parallel_for_2700_1200_2700,2700,2700,0,5400,32416200,9728101,2700,51840000,58320000,9725400,3240000,6485400,3240000,0,0,0,3245400,5180537,5.1805
distribute_parallel_for_2700_1200_3200,2700,3200,0,6400,38419200,11529601,3200,56640000,69120000,11526400,3840000,7686400,3840000,0,0,0,3846400,6305485,6.3055
distribute_parallel_for_2700_1200_3700,2700,3700,0,7400,44422200,13331101,3700,61440000,79920000,13327400,4440000,8887400,4440000,0,0,0,4447400,7090590,7.0906
distribute_parallel_for_2700_1200_4200,2700,4200,0,8400,50425200,15132601,4200,66240000,90720000,15128400,5040000,10088400,5040000,0,0,0,5048400,8139904,8.1399
distribute_parallel_for_2700_1700_1200,2700,1200,0,2400,20407200,6123601,1200,53040000,25920000,6122400,2040000,4082400,2040000,0,0,0,2042400,3267038,3.2670
distribute_parallel_for_2700_1700_1700,2700,1700,0,3400,28910200,8675101,1700,59840000,36720000,8673400,2890000,5783400,2890000,0,0,0,2893400,4793291,4.7933
distribute_parallel_for_2700_1700_2200,2700,2200,0,4400,37413200,11226601,2200,66640000,47520000,11224400,3740000,7484400,3740000,0,0,0,3744400,6092894,6.0929
distribute_parallel_for_2700_1700_2700,2700,2700,0,5400,45916200,13778101,2700,73440000,58320000,13775400,4590000,9185400,4590000,0,0,0,4595400,7464312,7.4643
distribute_parallel_for_2700_1700_3200,2700,3200,0,6400,54419200,16329601,3200,80240000,69120000,16326400,5440000,10886400,5440000,0,0,0,5446400,8879102,8.8791
distribute_parallel_for_2700_1700_3700,2700,3700,0,7400,62922200,18881101,3700,87040000,79920000,18877400,6290000,12587400,6290000,0,0,0,6297400,10299717,10.2997
distribute_parallel_for_2700_1700_4200,2700,4200,0,8400,71425200,21432601,4200,93840000,90720000,21428400,7140000,14288400,7140000,0,0,0,7148400,11488935,11.4889
distribute_parallel_for_2700_2200_1200,2700,1200,0,2400,26407200,7923601,1200,68640000,25920000,7922400,2640000,5282400,2640000,0,0,0,2642400,4254133,4.2541
distribute_parallel_for_2700_2200_1700,2700,1700,0,3400,37410200,11225101,1700,77440000,36720000,11223400,3740000,7483400,3740000,0,0,0,3743400,6038182,6.0382
distribute_parallel_for_2700_2200_2200,2700,2200,0,4400,48413200,14526601,2200,86240000,47520000,14524400,4840000,9684400,4840000,0,0,0,4844400,7743985,7.7440
distribute_parallel_for_2700_2200_2700,2700,2700,0,5400,59416200,17828101,2700,95040000,58320000,17825400,5940000,11885400,5940000,0,0,0,5945400,9567554,9.5676
distribute_parallel_for_2700_2200_3200,2700,3200,0,6400,70419200,21129601,3200,103840000,69120000,21126400,7040000,14086400,7040000,0,0,0,7046400,11423480,11.4235
distribute_parallel_for_2700_2200_3700,2700,3700,0,7400,81422200,24431101,3700,112640000,79920000,24427400,8140000,16287400,8140000,0,0,0,8147400,13144100,13.1441
distribute_parallel_for_2700_2200_4200,2700,4200,0,8400,92425200,27732601,4200,121440000,90720000,27728400,9240000,18488400,9240000,0,0,0,9248400,14898823,14.8988
distribute_parallel_for_2700_2700_1200,2700,1200,0,2400,32407200,9723601,1200,84240000,25920000,9722400,3240000,6482400,3240000,0,0,0,3242400,5262665,5.2627
distribute_parallel_for_2700_2700_1700,2700,1700,0,3400,45910200,13775101,1700,95040000,36720000,13773400,4590000,9183400,4590000,0,0,0,4593400,7408407,7.4084
distribute_parallel_for_2700_2700_2200,2700,2200,0,4400,59413200,17826601,2200,105840000,47520000,17824400,5940000,11884400,5940000,0,0,0,5944400,9544595,9.5446
distribute_parallel_for_2700_2700_2700,2700,2700,0,5400,72916200,21878101,2700,116640000,58320000,21875400,7290000,14585400,7290000,0,0,0,7295400,11884233,11.8842
distribute_parallel_for_2700_2700_3200,2700,3200,0,6400,86419200,25929601,3200,127440000,69120000,25926400,8640000,17286400,8640000,0,0,0,8646400,13842071,13.8421
distribute_parallel_for_2700_2700_3700,2700,3700,0,7400,99922200,29981101,3700,138240000,79920000,29977400,9990000,19987400,9990000,0,0,0,9997400,16092931,16.0929
distribute_parallel_for_2700_2700_4200,2700,4200,0,8400,113425200,34032601,4200,149040000,90720000,34028400,11340000,22688400,11340000,0,0,0,11348400,18368521,18.3685
distribute_parallel_for_2700_3200_1200,2700,1200,0,2400,38407200,11523601,1200,99840000,25920000,11522400,3840000,7682400,3840000,0,0,0,3842400,6162546,6.1625
distribute_parallel_for_2700_3200_1700,2700,1700,0,3400,54410200,16325101,1700,112640000,36720000,16323400,5440000,10883400,5440000,0,0,0,5443400,8694789,8.6948
distribute_parallel_for_2700_3200_2200,2700,2200,0,4400,70413200,21126601,2200,125440000,47520000,21124400,7040000,14084400,7040000,0,0,0,7044400,11363024,11.3630
distribute_parallel_for_2700_3200_2700,2700,2700,0,5400,86416200,25928101,2700,138240000,58320000,25925400,8640000,17285400,8640000,0,0,0,8645400,13782050,13.7820
distribute_parallel_for_2700_3200_3200,2700,3200,0,6400,102419200,30729601,3200,151040000,69120000,30726400,10240000,20486400,10240000,0,0,0,10246400,16492542,16.4925
distribute_parallel_for_2700_3200_3700,2700,3700,0,7400,118422200,35531101,3700,163840000,79920000,35527400,11840000,23687400,11840000,0,0,0,11847400,18921036,18.9210
distribute_parallel_for_2700_3200_4200,2700,4200,0,8400,134425200,40332601,4200,176640000,90720000,40328400,13440000,26888400,13440000,0,0,0,13448400,21421711,21.4217
distribute_parallel_for_2700_3700_1200,2700,1200,0,2400,44407200,13323601,1200,115440000,25920000,13322400,4440000,8882400,4440000,0,0,0,4442400,7308976,7.3090
distribute_parallel_for_2700_3700_2200,2700,2200,0,4400,81413200,24426601,2200,145040000,47520000,24424400,8140000,16284400,8140000,0,0,0,8144400,13338460,13.3385
distribute_parallel_for_2700_3700_2700,2700,2700,0,5400,99916200,29978101,2700,159840000,58320000,29975400,9990000,19985400,9990000,0,0,0,9995400,16150605,16.1506
distribute_parallel_for_2700_3700_3200,2700,3200,0,6400,118419200,35529601,3200,174640000,69120000,35526400,11840000,23686400,11840000,0,0,0,11846400,19008167,19.0082
distribute_parallel_for_2700_3700_3700,2700,3700,0,7400,136922200,41081101,3700,189440000,79920000,41077400,13690000,27387400,13690000,0,0,0,13697400,22090817,22.0908
distribute_parallel_for_2700_3700_4200,2700,4200,0,8400,155425200,46632601,4200,204240000,90720000,46628400,15540000,31088400,15540000,0,0,0,15548400,24878408,24.8784
distribute_parallel_for_2750_1250_1250,2750,1250,0,2500,15632500,4691251,1250,40000000,27500000,4690000,1562500,3127500,1562500,0,0,0,1565000,2808763,2.8088
distribute_parallel_for_2750_1250_1750,2750,1750,0,3500,21885500,6567751,1750,45000000,38500000,6566000,2187500,4378500,2187500,0,0,0,2191000,3735186,3.7352
distribute_parallel_for_2750_1250_2250,2750,2250,0,4500,28138500,8444251,2250,50000000,49500000,8442000,2812500,5629500,2812500,0,0,0,2817000,4768232,4.7682
distribute_parallel_for_2750_1250_2750,2750,2750,0,5500,34391500,10320751,2750,55000000,60500000,10318000,3437500,6880500,3437500,0,0,0,3443000,5975410,5.9754
distribute_parallel_for_2750_1250_3250,2750,3250,0,6500,40644500,12197251,3250,60000000,71500000,12194000,4062500,8131500,4062500,0,0,0,4069000,6926705,6.9267
distribute_parallel_for_2750_1250_3750,2750,3750,0,7500,46897500,14073751,3750,65000000,82500000,14070000,4687500,9382500,4687500,0,0,0,4695000,7956144,7.9561
distribute_parallel_for_2750_1250_4250,2750,4250,0,8500,53150500,15950251,4250,70000000,93500000,15946000,5312500,10633500,5312500,0,0,0,5321000,8919360,8.9194
distribute_parallel_for_2750_1750_1250,2750,1250,0,2500,21882500,6566251,1250,56000000,27500000,6565000,2187500,4377500,2187500,0,0,0,2190000,3775940,3.7759
distribute_parallel_for_2750_1750_1750,2750,1750,0,3500,30635500,9192751,1750,63000000,38500000,9191000,3062500,6128500,3062500,0,0,0,3066000,5217014,5.2170
distribute_parallel_for_2750_1750_2250,2750,2250,0,4500,39388500,11819251,2250,70000000,49500000,11817000,3937500,7879500,3937500,0,0,0,3942000,6623013,6.6230
distribute_parallel_for_2750_1750_2750,2750,2750,0,5500,48141500,14445751,2750,77000000,60500000,14443000,4812500,9630500,4812500,0,0,0,4818000,8281651,8.2817
distribute_parallel_for_2750_1750_3250,2750,3250,0,6500,56894500,17072251,3250,84000000,71500000,17069000,5687500,11381500,5687500,0,0,0,5694000,9541694,9.5417
distribute_parallel_for_2750_1750_3750,2750,3750,0,7500,65647500,19698751,3750,91000000,82500000,19695000,6562500,13132500,6562500,0,0,0,6570000,11135091,11.1351
distribute_parallel_for_2750_1750_4250,2750,4250,0,8500,74400500,22325251,4250,98000000,93500000,22321000,7437500,14883500,7437500,0,0,0,7446000,12415507,12.4155
distribute_parallel_for_2750_2250_1250,2750,1250,0,2500,28132500,8441251,1250,72000000,27500000,8440000,2812500,5627500,2812500,0,0,0,2815000,4718288,4.7183
distribute_parallel_for_2750_2250_1750,2750,1750,0,3500,39385500,11817751,1750,81000000,38500000,11816000,3937500,7878500,3937500,0,0,0,3941000,6637160,6.6372
distribute_parallel_for_2750_2250_2250,2750,2250,0,4500,50638500,15194251,2250,90000000,49500000,15192000,5062500,10129500,5062500,0,0,0,5067000,8543919,8.5439
distribute_parallel_for_2750_2250_2750,2750,2750,0,5500,61891500,18570751,2750,99000000,60500000,18568000,6187500,12380500,6187500,0,0,0,6193000,10534125,10.5341
distribute_parallel_for_2750_2250_3250,2750,3250,0,6500,73144500,21947251,3250,108000000,71500000,21944000,7312500,14631500,7312500,0,0,0,7319000,12266440,12.2664
distribute_parallel_for_2750_2250_3750,2750,3750,0,7500,84397500,25323751,3750,117000000,82500000,25320000,8437500,16882500,8437500,0,0,0,8445000,14101203,14.1012
distribute_parallel_for_2750_2250_4250,2750,4250,0,8500,95650500,28700251,4250,126000000,93500000,28696000,9562500,19133500,9562500,0,0,0,9571000,16042301,16.0423
distribute_parallel_for_2750_2750_1250,2750,1250,0,2500,34382500,10316251,1250,88000000,27500000,10315000,3437500,6877500,3437500,0,0,0,3440000,5948038,5.9480
distribute_parallel_for_2750_2750_1750,2750,1750,0,3500,48135500,14442751,1750,99000000,38500000,14441000,4812500,9628500,4812500,0,0,0,4816000,8053101,8.0531
distribute_parallel_for_2750_2750_2250,2750,2250,0,4500,61888500,18569251,2250,110000000,49500000,18567000,6187500,12379500,6187500,0,0,0,6192000,10354177,10.3542
distribute_parallel_for_2750_2750_2750,2750,2750,0,5500,75641500,22695751,2750,121000000,60500000,22693000,7562500,15130500,7562500,0,0,0,7568000,12629661,12.6297
distribute_parallel_for_2750_2750_3250,2750,3250,0,6500,89394500,26822251,3250,132000000,71500000,26819000,8937500,17881500,8937500,0,0,0,8944000,15231042,15.2310
distribute_parallel_for_2750_2750_3750,2750,3750,0,7500,103147500,30948751,3750,143000000,82500000,30945000,10312500,20632500,10312500,0,0,0,10320000,17350072,17.3501
distribute_parallel_for_2750_2750_4250,2750,4250,0,8500,116900500,35075251,4250,154000000,93500000,35071000,11687500,23383500,11687500,0,0,0,11696000,19606533,19.6065
distribute_parallel_for_2750_3250_1250,2750,1250,0,2500,40632500,12191251,1250,104000000,27500000,12190000,4062500,8127500,4062500,0,0,0,4065000,6881044,6.8810
distribute_parallel_for_2750_3250_1750,2750,1750,0,3500,56885500,17067751,1750,117000000,38500000,17066000,5687500,11378500,5687500,0,0,0,5691000,9543548,9.5435
distribute_parallel_for_2750_3250_2250,2750,2250,0,4500,73138500,21944251,2250,130000000,49500000,21942000,7312500,14629500,7312500,0,0,0,7317000,12239342,12.2393
distribute_parallel_for_2750_3250_2750,2750,2750,0,5500,89391500,26820751,2750,143000000,60500000,26818000,8937500,17880500,8937500,0,0,0,8943000,14967265,14.9673
distribute_parallel_for_2750_3250_3250,2750,3250,0,6500,105644500,31697251,3250,156000000,71500000,31694000,10562500,21131500,10562500,0,0,0,10569000,17641849,17.6418
distribute_parallel_for_2750_3250_3750,2750,3750,0,7500,121897500,36573751,3750,169000000,82500000,36570000,12187500,24382500,12187500,0,0,0,12195000,20392635,20.3926
distribute_parallel_for_2750_3250_4250,2750,4250,0,8500,138150500,41450251,4250,182000000,93500000,41446000,13812500,27633500,13812500,0,0,0,13821000,23028721,23.0287
distribute_parallel_for_2750_3750_1250,2750,1250,0,2500,46882500,14066251,1250,120000000,27500000,14065000,4687500,9377500,4687500,0,0,0,4690000,7925669,7.9257
distribute_parallel_for_2750_3750_1750,2750,1750,0,3500,65635500,19692751,1750,135000000,38500000,19691000,6562500,13128500,6562500,0,0,0,6566000,10964526,10.9645
distribute_parallel_for_2750_3750_2250,2750,2250,0,4500,84388500,25319251,2250,150000000,49500000,25317000,8437500,16879500,8437500,0,0,0,8442000,14105995,14.1060
distribute_parallel_for_2750_3750_2750,2750,2750,0,5500,103141500,30945751,2750,165000000,60500000,30943000,10312500,20630500,10312500,0,0,0,10318000,17259032,17.2590
distribute_parallel_for_2750_3750_3250,2750,3250,0,6500,121894500,36572251,3250,180000000,71500000,36569000,12187500,24381500,12187500,0,0,0,12194000,20509699,20.5097
distribute_parallel_for_2750_3750_3750,2750,3750,0,7500,140647500,42198751,3750,195000000,82500000,42195000,14062500,28132500,14062500,0,0,0,14070000,23828706,23.8287
distribute_parallel_for_2750_3750_4250,2750,4250,0,8500,159400500,47825251,4250,210000000,93500000,47821000,15937500,31883500,15937500,0,0,0,15946000,26670099,26.6701
distribute_parallel_for_2750_4250_1250,2750,1250,0,2500,53132500,15941251,1250,136000000,27500000,15940000,5312500,10627500,5312500,0,0,0,5315000,8862851,8.8629
distribute_parallel_for_2750_4250_1750,2750,1750,0,3500,74385500,22317751,1750,153000000,38500000,22316000,7437500,14878500,7437500,0,0,0,7441000,12453368,12.4534
distribute_parallel_for_2750_4250_2250,2750,2250,0,4500,95638500,28694251,2250,170000000,49500000,28692000,9562500,19129500,9562500,0,0,0,9567000,16117283,16.1173
distribute_parallel_for_2750_4250_2750,2750,2750,0,5500,116891500,35070751,2750,187000000,60500000,35068000,11687500,23380500,11687500,0,0,0,11693000,19604942,19.6049
distribute_parallel_for_2750_4250_3250,2750,3250,0,6500,138144500,41447251,3250,204000000,71500000,41444000,13812500,27631500,13812500,0,0,0,13819000,23004322,23.0043
distribute_parallel_for_2750_4250_3750,2750,3750,0,7500,159397500,47823751,3750,221000000,82500000,47820000,15937500,31882500,15937500,0,0,0,15945000,26562450,26.5624
distribute_parallel_for_2750_4250_4250,2750,4250,0,8500,180650500,54200251,4250,238000000,93500000,54196000,18062500,36133500,18062500,0,0,0,18071000,30085595,30.0856
distribute_parallel_for_2900_1400_1400,2900,1400,0,2800,19608400,5884201,1400,48160000,32480000,5882800,1960000,3922800,1960000,0,0,0,1962800,3139886,3.1399
distribute_parallel_for_2900_1400_1900,2900,1900,0,3800,26611400,7985701,1900,53760000,44080000,7983800,2660000,5323800,2660000,0,0,0,2663800,4347532,4.3475
distribute_parallel_for_2900_1400_2400,2900,2400,0,4800,33614400,10087201,2400,59360000,55680000,10084800,3360000,6724800,3360000,0,0,0,3364800,5494189,5.4942
distribute_parallel_for_2900_1400_2900,2900,2900,0,5800,40617400,12188701,2900,64960000,67280000,12185800,4060000,8125800,4060000,0,0,0,4065800,6569558,6.5696
distribute_parallel_for_2900_1400_3400,2900,3400,0,6800,47620400,14290201,3400,70560000,78880000,14286800,4760000,9526800,4760000,0,0,0,4766800,7732342,7.7323
distribute_parallel_for_2900_1400_3900,2900,3900,0,7800,54623400,16391701,3900,76160000,90480000,16387800,5460000,10927800,5460000,0,0,0,5467800,8822660,8.8227
distribute_parallel_for_2900_1400_900,2900,900,0,1800,12605400,3782701,900,42560000,20880000,3781800,1260000,2521800,1260000,0,0,0,1261800,2133466,2.1335
distribute_parallel_for_2900_1900_1400,2900,1400,0,2800,26608400,7984201,1400,65360000,32480000,7982800,2660000,5322800,2660000,0,0,0,2662800,4396995,4.3970
distribute_parallel_for_2900_1900_1900,2900,1900,0,3800,36111400,10835701,1900,72960000,44080000,10833800,3610000,7223800,3610000,0,0,0,3613800,6024420,6.0244
distribute_parallel_for_2900_1900_2400,2900,2400,0,4800,45614400,13687201,2400,80560000,55680000,13684800,4560000,9124800,4560000,0,0,0,4564800,7435765,7.4358
distribute_parallel_for_2900_1900_2900,2900,2900,0,5800,55117400,16538701,2900,88160000,67280000,16535800,5510000,11025800,5510000,0,0,0,5515800,8949184,8.9492
distribute_parallel_for_2900_1900_3400,2900,3400,0,6800,64620400,19390201,3400,95760000,78880000,19386800,6460000,12926800,6460000,0,0,0,6466800,10549051,10.5491
distribute_parallel_for_2900_1900_3900,2900,3900,0,7800,74123400,22241701,3900,103360000,90480000,22237800,7410000,14827800,7410000,0,0,0,7417800,11958642,11.9586
distribute_parallel_for_2900_1900_900,2900,900,0,1800,17105400,5132701,900,57760000,20880000,5131800,1710000,3421800,1710000,0,0,0,1711800,2822783,2.8228
distribute_parallel_for_2900_2400_1400,2900,1400,0,2800,33608400,10084201,1400,82560000,32480000,10082800,3360000,6722800,3360000,0,0,0,3362800,5471767,5.4718
distribute_parallel_for_2900_2400_1900,2900,1900,0,3800,45611400,13685701,1900,92160000,44080000,13683800,4560000,9123800,4560000,0,0,0,4563800,7442354,7.4424
distribute_parallel_for_2900_2400_2400,2900,2400,0,4800,57614400,17287201,2400,101760000,55680000,17284800,5760000,11524800,5760000,0,0,0,5764800,9345112,9.3451
distribute_parallel_for_2900_2400_2900,2900,2900,0,5800,69617400,20888701,2900,111360000,67280000,20885800,6960000,13925800,6960000,0,0,0,6965800,11439040,11.4390
distribute_parallel_for_2900_2400_3400,2900,3400,0,6800,81620400,24490201,3400,120960000,78880000,24486800,8160000,16326800,8160000,0,0,0,8166800,13374244,13.3742
distribute_parallel_for_2900_2400_3900,2900,3900,0,7800,93623400,28091701,3900,130560000,90480000,28087800,9360000,18727800,9360000,0,0,0,9367800,15065918,15.0659
distribute_parallel_for_2900_2400_900,2900,900,0,1800,21605400,6482701,900,72960000,20880000,6481800,2160000,4321800,2160000,0,0,0,2161800,3496240,3.4962
distribute_parallel_for_2900_2900_1400,2900,1400,0,2800,40608400,12184201,1400,99760000,32480000,12182800,4060000,8122800,4060000,0,0,0,4062800,6578572,6.5786
distribute_parallel_for_2900_2900_1900,2900,1900,0,3800,55111400,16535701,1900,111360000,44080000,16533800,5510000,11023800,5510000,0,0,0,5513800,9098914,9.0989
distribute_parallel_for_2900_2900_2400,2900,2400,0,4800,69614400,20887201,2400,122960000,55680000,20884800,6960000,13924800,6960000,0,0,0,6964800,11309557,11.3096
distribute_parallel_for_2900_2900_2900,2900,2900,0,5800,84117400,25238701,2900,134560000,67280000,25235800,8410000,16825800,8410000,0,0,0,8415800,13625956,13.6260
distribute_parallel_for_2900_2900_3400,2900,3400,0,6800,98620400,29590201,3400,146160000,78880000,29586800,9860000,19726800,9860000,0,0,0,9866800,16287268,16.2873
distribute_parallel_for_2900_2900_3900,2900,3900,0,7800,113123400,33941701,3900,157760000,90480000,33937800,11310000,22627800,11310000,0,0,0,11317800,18334436,18.3344
distribute_parallel_for_2900_2900_900,2900,900,0,1800,26105400,7832701,900,88160000,20880000,7831800,2610000,5221800,2610000,0,0,0,2611800,4259532,4.2595
distribute_parallel_for_2900_3400_1400,2900,1400,0,2800,47608400,14284201,1400,116960000,32480000,14282800,4760000,9522800,4760000,0,0,0,4762800,7754747,7.7547
distribute_parallel_for_2900_3400_1900,2900,1900,0,3800,64611400,19385701,1900,130560000,44080000,19383800,6460000,12923800,6460000,0,0,0,6463800,10488351,10.4884
distribute_parallel_for_2900_3400_2400,2900,2400,0,4800,81614400,24487201,2400,144160000,55680000,24484800,8160000,16324800,8160000,0,0,0,8164800,13088984,13.0890
distribute_parallel_for_2900_3400_2900,2900,2900,0,5800,98617400,29588701,2900,157760000,67280000,29585800,9860000,19725800,9860000,0,0,0,9865800,15879270,15.8793
distribute_parallel_for_2900_3400_3400,2900,3400,0,6800,115620400,34690201,3400,171360000,78880000,34686800,11560000,23126800,11560000,0,0,0,11566800,18571769,18.5718
distribute_parallel_for_2900_3400_3900,2900,3900,0,7800,132623400,39791701,3900,184960000,90480000,39787800,13260000,26527800,13260000,0,0,0,13267800,21293573,21.2936
distribute_parallel_for_2900_3400_900,2900,900,0,1800,30605400,9182701,900,103360000,20880000,9181800,3060000,6121800,3060000,0,0,0,3061800,5020772,5.0208
distribute_parallel_for_2900_3900_1400,2900,1400,0,2800,54608400,16384201,1400,134160000,32480000,16382800,5460000,10922800,5460000,0,0,0,5462800,8963117,8.9631
distribute_parallel_for_2900_3900_1900,2900,1900,0,3800,74111400,22235701,1900,149760000,44080000,22233800,7410000,14823800,7410000,0,0,0,7413800,12038120,12.0381
distribute_parallel_for_2900_3900_2400,2900,2400,0,4800,93614400,28087201,2400,165360000,55680000,28084800,9360000,18724800,9360000,0,0,0,9364800,15178948,15.1789
distribute_parallel_for_2900_3900_2900,2900,2900,0,5800,113117400,33938701,2900,180960000,67280000,33935800,11310000,22625800,11310000,0,0,0,11315800,18316919,18.3169
distribute_parallel_for_2900_3900_3400,2900,3400,0,6800,132620400,39790201,3400,196560000,78880000,39786800,13260000,26526800,13260000,0,0,0,13266800,21379395,21.3794
distribute_parallel_for_2900_3900_3900,2900,3900,0,7800,152123400,45641701,3900,212160000,90480000,45637800,15210000,30427800,15210000,0,0,0,15217800,24466686,24.4667
distribute_parallel_for_2900_3900_900,2900,900,0,1800,35105400,10532701,900,118560000,20880000,10531800,3510000,7021800,3510000,0,0,0,3511800,5788047,5.7880
distribute_parallel_for_2900_900_1400,2900,1400,0,2800,12608400,3784201,1400,30960000,32480000,3782800,1260000,2522800,1260000,0,0,0,1262800,2030691,2.0307
distribute_parallel_for_2900_900_1900,2900,1900,0,3800,17111400,5135701,1900,34560000,44080000,5133800,1710000,3423800,1710000,0,0,0,1713800,2774802,2.7748
distribute_parallel_for_2900_900_2400,2900,2400,0,4800,21614400,6487201,2400,38160000,55680000,6484800,2160000,4324800,2160000,0,0,0,2164800,3614229,3.6142
distribute_parallel_for_2900_900_2900,2900,2900,0,5800,26117400,7838701,2900,41760000,67280000,7835800,2610000,5225800,2610000,0,0,0,2615800,4241258,4.2413
distribute_parallel_for_2900_900_3400,2900,3400,0,6800,30620400,9190201,3400,45360000,78880000,9186800,3060000,6126800,3060000,0,0,0,3066800,4976189,4.9762
distribute_parallel_for_2900_900_3900,2900,3900,0,7800,35123400,10541701,3900,48960000,90480000,10537800,3510000,7027800,3510000,0,0,0,3517800,6036877,6.0369
distribute_parallel_for_2900_900_900,2900,900,0,1800,8105400,2432701,900,27360000,20880000,2431800,810000,1621800,810000,0,0,0,811800,1374903,1.3749
distribute_parallel_for_3000_1000_1000,3000,1000,0,2000,10006000,3003001,1000,32000000,24000000,3002000,1000000,2002000,1000000,0,0,0,1002000,1637286,1.6373
distribute_parallel_for_3000_1000_1500,3000,1500,0,3000,15009000,4504501,1500,36000000,36000000,4503000,1500000,3003000,1500000,0,0,0,1503000,2431648,2.4316
distribute_parallel_for_3000_1000_2000,3000,2000,0,4000,20012000,6006001,2000,40000000,48000000,6004000,2000000,4004000,2000000,0,0,0,2004000,3260626,3.2606
distribute_parallel_for_3000_1000_2500,3000,2500,0,5000,25015000,7507501,2500,44000000,60000000,7505000,2500000,5005000,2500000,0,0,0,2505000,4064740,4.0647
distribute_parallel_for_3000_1000_3000,3000,3000,0,6000,30018000,9009001,3000,48000000,72000000,9006000,3000000,6006000,3000000,0,0,0,3006000,4981834,4.9818
distribute_parallel_for_3000_1000_3500,3000,3500,0,7000,35021000,10510501,3500,52000000,84000000,10507000,3500000,7007000,3500000,0,0,0,3507000,5655057,5.6551
distribute_parallel_for_3000_1000_4000,3000,4000,0,8000,40024000,12012001,4000,56000000,96000000,12008000,4000000,8008000,4000000,0,0,0,4008000,6599194,6.5992
distribute_parallel_for_3000_1500_1000,3000,1000,0,2000,15006000,4503001,1000,48000000,24000000,4502000,1500000,3002000,1500000,0,0,0,1502000,2445027,2.4450
distribute_parallel_for_3000_1500_1500,3000,1500,0,3000,22509000,6754501,1500,54000000,36000000,6753000,2250000,4503000,2250000,0,0,0,2253000,3723026,3.7230
distribute_parallel_for_3000_1500_2000,3000,2000,0,4000,30012000,9006001,2000,60000000,48000000,9004000,3000000,6004000,3000000,0,0,0,3004000,4963542,4.9635
distribute_parallel_for_3000_1500_2500,3000,2500,0,5000,37515000,11257501,2500,66000000,60000000,11255000,3750000,7505000,3750000,0,0,0,3755000,6293637,6.2936
distribute_parallel_for_3000_1500_3000,3000,3000,0,6000,45018000,13509001,3000,72000000,72000000,13506000,4500000,9006000,4500000,0,0,0,4506000,7581392,7.5814
distribute_parallel_for_3000_1500_3500,3000,3500,0,7000,52521000,15760501,3500,78000000,84000000,15757000,5250000,10507000,5250000,0,0,0,5257000,8540732,8.5407
distribute_parallel_for_3000_1500_4000,3000,4000,0,8000,60024000,18012001,4000,84000000,96000000,18008000,6000000,12008000,6000000,0,0,0,6008000,9868541,9.8685
distribute_parallel_for_3000_2000_1000,3000,1000,0,2000,20006000,6003001,1000,64000000,24000000,6002000,2000000,4002000,2000000,0,0,0,2002000,3250895,3.2509
distribute_parallel_for_3000_2000_1500,3000,1500,0,3000,30009000,9004501,1500,72000000,36000000,9003000,3000000,6003000,3000000,0,0,0,3003000,4896213,4.8962
distribute_parallel_for_3000_2000_2000,3000,2000,0,4000,40012000,12006001,2000,80000000,48000000,12004000,4000000,8004000,4000000,0,0,0,4004000,6458086,6.4581
distribute_parallel_for_3000_2000_2500,3000,2500,0,5000,50015000,15007501,2500,88000000,60000000,15005000,5000000,10005000,5000000,0,0,0,5005000,8056463,8.0565
distribute_parallel_for_3000_2000_3000,3000,3000,0,6000,60018000,18009001,3000,96000000,72000000,18006000,6000000,12006000,6000000,0,0,0,6006000,9866933,9.8669
distribute_parallel_for_3000_2000_3500,3000,3500,0,7000,70021000,21010501,3500,104000000,84000000,21007000,7000000,14007000,7000000,0,0,0,7007000,11267825,11.2678
distribute_parallel_for_3000_2000_4000,3000,4000,0,8000,80024000,24012001,4000,112000000,96000000,24008000,8000000,16008000,8000000,0,0,0,8008000,13175750,13.1758
distribute_parallel_for_3000_2500_1000,3000,1000,0,2000,25006000,7503001,1000,80000000,24000000,7502000,2500000,5002000,2500000,0,0,0,2502000,4217344,4.2173
distribute_parallel_for_3000_2500_1500,3000,1500,0,3000,37509000,11254501,1500,90000000,36000000,11253000,3750000,7503000,3750000,0,0,0,3753000,6154943,6.1549
distribute_parallel_for_3000_2500_2000,3000,2000,0,4000,50012000,15006001,2000,100000000,48000000,15004000,5000000,10004000,5000000,0,0,0,5004000,8280846,8.2808
distribute_parallel_for_3000_2500_2500,3000,2500,0,5000,62515000,18757501,2500,110000000,60000000,18755000,6250000,12505000,6250000,0,0,0,6255000,10463600,10.4636
distribute_parallel_for_3000_2500_3000,3000,3000,0,6000,75018000,22509001,3000,120000000,72000000,22506000,7500000,15006000,7500000,0,0,0,7506000,12285255,12.2853
distribute_parallel_for_3000_2500_3500,3000,3500,0,7000,87521000,26260501,3500,130000000,84000000,26257000,8750000,17507000,8750000,0,0,0,8757000,14426024,14.4260
distribute_parallel_for_3000_2500_4000,3000,4000,0,8000,100024000,30012001,4000,140000000,96000000,30008000,10000000,20008000,10000000,0,0,0,10008000,16275344,16.2753
distribute_parallel_for_3000_3000_1000,3000,1000,0,2000,30006000,9003001,1000,96000000,24000000,9002000,3000000,6002000,3000000,0,0,0,3002000,4870770,4.8708
distribute_parallel_for_3000_3000_1500,3000,1500,0,3000,45009000,13504501,1500,108000000,36000000,13503000,4500000,9003000,4500000,0,0,0,4503000,7349621,7.3496
distribute_parallel_for_3000_3000_2000,3000,2000,0,4000,60012000,18006001,2000,120000000,48000000,18004000,6000000,12004000,6000000,0,0,0,6004000,9676799,9.6768
distribute_parallel_for_3000_3000_2500,3000,2500,0,5000,75015000,22507501,2500,132000000,60000000,22505000,7500000,15005000,7500000,0,0,0,7505000,12153966,12.1540
distribute_parallel_for_3000_3000_3000,3000,3000,0,6000,90018000,27009001,3000,144000000,72000000,27006000,9000000,18006000,9000000,0,0,0,9006000,14700305,14.7003
distribute_parallel_for_3000_3000_3500,3000,3500,0,7000,105021000,31510501,3500,156000000,84000000,31507000,10500000,21007000,10500000,0,0,0,10507000,16884371,16.8844
distribute_parallel_for_3000_3000_4000,3000,4000,0,8000,120024000,36012001,4000,168000000,96000000,36008000,12000000,24008000,12000000,0,0,0,12008000,19260637,19.2606
distribute_parallel_for_3000_3500_1000,3000,1000,0,2000,35006000,10503001,1000,112000000,24000000,10502000,3500000,7002000,3500000,0,0,0,3502000,5791565,5.7916
distribute_parallel_for_3000_3500_1500,3000,1500,0,3000,52509000,15754501,1500,126000000,36000000,15753000,5250000,10503000,5250000,0,0,0,5253000,8515064,8.5151
distribute_parallel_for_3000_3500_2000,3000,2000,0,4000,70012000,21006001,2000,140000000,48000000,21004000,7000000,14004000,7000000,0,0,0,7004000,11530868,11.5309
distribute_parallel_for_3000_3500_2500,3000,2500,0,5000,87515000,26257501,2500,154000000,60000000,26255000,8750000,17505000,8750000,0,0,0,8755000,14362741,14.3627
distribute_parallel_for_3000_3500_3000,3000,3000,0,6000,105018000,31509001,3000,168000000,72000000,31506000,10500000,21006000,10500000,0,0,0,10506000,16938897,16.9389
distribute_parallel_for_3000_3500_3500,3000,3500,0,7000,122521000,36760501,3500,182000000,84000000,36757000,12250000,24507000,12250000,0,0,0,12257000,19969689,19.9697
distribute_parallel_for_3000_3500_4000,3000,4000,0,8000,140024000,42012001,4000,196000000,96000000,42008000,14000000,28008000,14000000,0,0,0,14008000,22760620,22.7606
distribute_parallel_for_3000_4000_1000,3000,1000,0,2000,40006000,12003001,1000,128000000,24000000,12002000,4000000,8002000,4000000,0,0,0,4002000,6471507,6.4715
distribute_parallel_for_3000_4000_1500,3000,1500,0,3000,60009000,18004501,1500,144000000,36000000,18003000,6000000,12003000,6000000,0,0,0,6003000,9695164,9.6952
distribute_parallel_for_3000_4000_2000,3000,2000,0,4000,80012000,24006001,2000,160000000,48000000,24004000,8000000,16004000,8000000,0,0,0,8004000,12901845,12.9018
distribute_parallel_for_3000_4000_2500,3000,2500,0,5000,100015000,30007501,2500,176000000,60000000,30005000,10000000,20005000,10000000,0,0,0,10005000,16194009,16.1940
distribute_parallel_for_3000_4000_3000,3000,3000,0,6000,120018000,36009001,3000,192000000,72000000,36006000,12000000,24006000,12000000,0,0,0,12006000,19342675,19.3427
distribute_parallel_for_3000_4000_3500,3000,3500,0,7000,140021000,42010501,3500,208000000,84000000,42007000,14000000,28007000,14000000,0,0,0,14007000,22605365,22.6054
distribute_parallel_for_3000_4000_4000,3000,4000,0,8000,160024000,48012001,4000,224000000,96000000,48008000,16000000,32008000,16000000,0,0,0,16008000,25766338,25.7663
distribute_parallel_for_300_100_100,300,100,0,200,100600,30301,100,320000,240000,30200,10000,20200,10000,0,0,0,10200,19254,0.0193
distribute_parallel_for_300_100_200,300,200,0,400,201200,60601,200,400000,480000,60400,20000,40400,20000,0,0,0,20400,77665,0.0777
distribute_parallel_for_300_100_300,300,300,0,600,301800,90901,300,480000,720000,90600,30000,60600,30000,0,0,0,30600,52310,0.0523
distribute_parallel_for_300_100_400,300,400,0,800,402400,121201,400,560000,960000,120800,40000,80800,40000,0,0,0,40800,62653,0.0627
distribute_parallel_for_300_100_500,300,500,0,1000,503000,151501,500,640000,1200000,151000,50000,101000,50000,0,0,0,51000,74798,0.0748
distribute_parallel_for_300_100_600,300,600,0,1200,603600,181801,600,720000,1440000,181200,60000,121200,60000,0,0,0,61200,88688,0.0887
distribute_parallel_for_300_100_700,300,700,0,1400,704200,212101,700,800000,1680000,211400,70000,141400,70000,0,0,0,71400,111324,0.1113
distribute_parallel_for_300_100_800,300,800,0,1600,804800,242401,800,880000,1920000,241600,80000,161600,80000,0,0,0,81600,118084,0.1181
distribute_parallel_for_300_100_900,300,900,0,1800,905400,272701,900,960000,2160000,271800,90000,181800,90000,0,0,0,91800,131573,0.1316
distribute_parallel_for_300_200_100,300,100,0,200,200600,60301,100,640000,240000,60200,20000,40200,20000,0,0,0,20200,30906,0.0309
distribute_parallel_for_300_200_200,300,200,0,400,401200,120601,200,800000,480000,120400,40000,80400,40000,0,0,0,40400,61538,0.0615
distribute_parallel_for_300_200_300,300,300,0,600,601800,180901,300,960000,720000,180600,60000,120600,60000,0,0,0,60600,103376,0.1034
distribute_parallel_for_300_200_400,300,400,0,800,802400,241201,400,1120000,960000,240800,80000,160800,80000,0,0,0,80800,120772,0.1208
distribute_parallel_for_300_200_500,300,500,0,1000,1003000,301501,500,1280000,1200000,301000,100000,201000,100000,0,0,0,101000,167718,0.1677
distribute_parallel_for_300_200_600,300,600,0,1200,1203600,361801,600,1440000,1440000,361200,120000,241200,120000,0,0,0,121200,222502,0.2225
distribute_parallel_for_300_200_700,300,700,0,1400,1404200,422101,700,1600000,1680000,421400,140000,281400,140000,0,0,0,141400,220776,0.2208
distribute_parallel_for_300_200_800,300,800,0,1600,1604800,482401,800,1760000,1920000,481600,160000,321600,160000,0,0,0,161600,240557,0.2406
distribute_parallel_for_300_200_900,300,900,0,1800,1805400,542701,900,1920000,2160000,541800,180000,361800,180000,0,0,0,181800,265070,0.2651
distribute_parallel_for_300_300_100,300,100,0,200,300600,90301,100,960000,240000,90200,30000,60200,30000,0,0,0,30200,56477,0.0565
distribute_parallel_for_300_300_200,300,200,0,400,601200,180601,200,1200000,480000,180400,60000,120400,60000,0,0,0,60400,97553,0.0976
distribute_parallel_for_300_300_300,300,300,0,600,901800,270901,300,1440000,720000,270600,90000,180600,90000,0,0,0,90600,159902,0.1599
distribute_parallel_for_300_300_400,300,400,0,800,1202400,361201,400,1680000,960000,360800,120000,240800,120000,0,0,0,120800,181399,0.1814
distribute_parallel_for_300_300_500,300,500,0,1000,1503000,451501,500,1920000,1200000,451000,150000,301000,150000,0,0,0,151000,219724,0.2197
distribute_parallel_for_300_300_600,300,600,0,1200,1803600,541801,600,2160000,1440000,541200,180000,361200,180000,0,0,0,181200,265160,0.2652
distribute_parallel_for_300_300_700,300,700,0,1400,2104200,632101,700,2400000,1680000,631400,210000,421400,210000,0,0,0,211400,306006,0.3060
distribute_parallel_for_300_300_800,300,800,0,1600,2404800,722401,800,2640000,1920000,721600,240000,481600,240000,0,0,0,241600,376324,0.3763
distribute_parallel_for_300_300_900,300,900,0,1800,2705400,812701,900,2880000,2160000,811800,270000,541800,270000,0,0,0,271800,405383,0.4054
distribute_parallel_for_300_400_100,300,100,0,200,400600,120301,100,1280000,240000,120200,40000,80200,40000,0,0,0,40200,60522,0.0605
distribute_parallel_for_300_400_200,300,200,0,400,801200,240601,200,1600000,480000,240400,80000,160400,80000,0,0,0,80400,138116,0.1381
distribute_parallel_for_300_400_300,300,300,0,600,1201800,360901,300,1920000,720000,360600,120000,240600,120000,0,0,0,120600,223272,0.2233
distribute_parallel_for_300_400_400,300,400,0,800,1602400,481201,400,2240000,960000,480800,160000,320800,160000,0,0,0,160800,245349,0.2453
distribute_parallel_for_300_400_500,300,500,0,1000,2003000,601501,500,2560000,1200000,601000,200000,401000,200000,0,0,0,201000,300483,0.3005
distribute_parallel_for_300_400_600,300,600,0,1200,2403600,721801,600,2880000,1440000,721200,240000,481200,240000,0,0,0,241200,391955,0.3920
distribute_parallel_for_300_400_700,300,700,0,1400,2804200,842101,700,3200000,1680000,841400,280000,561400,280000,0,0,0,281400,415016,0.4150
distribute_parallel_for_300_400_800,300,800,0,1600,3204800,962401,800,3520000,1920000,961600,320000,641600,320000,0,0,0,321600,473645,0.4736
distribute_parallel_for_300_400_900,300,900,0,1800,3605400,1082701,900,3840000,2160000,1081800,360000,721800,360000,0,0,0,361800,568608,0.5686
distribute_parallel_for_300_500_100,300,100,0,200,500600,150301,100,1600000,240000,150200,50000,100200,50000,0,0,0,50200,83861,0.0839
distribute_parallel_for_300_500_200,300,200,0,400,1001200,300601,200,2000000,480000,300400,100000,200400,100000,0,0,0,100400,174292,0.1743
distribute_parallel_for_300_500_300,300,300,0,600,1501800,450901,300,2400000,720000,450600,150000,300600,150000,0,0,0,150600,223429,0.2234
distribute_parallel_for_300_500_400,300,400,0,800,2002400,601201,400,2800000,960000,600800,200000,400800,200000,0,0,0,200800,292800,0.2928
distribute_parallel_for_300_500_500,300,500,0,1000,2503000,751501,500,3200000,1200000,751000,250000,501000,250000,0,0,0,251000,367346,0.3673
distribute_parallel_for_300_500_600,300,600,0,1200,3003600,901801,600,3600000,1440000,901200,300000,601200,300000,0,0,0,301200,434978,0.4350
distribute_parallel_for_300_500_700,300,700,0,1400,3504200,1052101,700,4000000,1680000,1051400,350000,701400,350000,0,0,0,351400,523206,0.5232
distribute_parallel_for_300_500_800,300,800,0,1600,4004800,1202401,800,4400000,1920000,1201600,400000,801600,400000,0,0,0,401600,606623,0.6066
distribute_parallel_for_300_500_900,300,900,0,1800,4505400,1352701,900,4800000,2160000,1351800,450000,901800,450000,0,0,0,451800,684235,0.6842
distribute_parallel_for_300_600_100,300,100,0,200,600600,180301,100,1920000,240000,180200,60000,120200,60000,0,0,0,60200,89277,0.0893
distribute_parallel_for_300_600_200,300,200,0,400,1201200,360601,200,2400000,480000,360400,120000,240400,120000,0,0,0,120400,175693,0.1757
distribute_parallel_for_300_600_300,300,300,0,600,1801800,540901,300,2880000,720000,540600,180000,360600,180000,0,0,0,180600,281385,0.2814
distribute_parallel_for_300_600_400,300,400,0,800,2402400,721201,400,3360000,960000,720800,240000,480800,240000,0,0,0,240800,357057,0.3571
distribute_parallel_for_300_600_500,300,500,0,1000,3003000,901501,500,3840000,1200000,901000,300000,601000,300000,0,0,0,301000,486455,0.4865
distribute_parallel_for_300_600_600,300,600,0,1200,3603600,1081801,600,4320000,1440000,1081200,360000,721200,360000,0,0,0,361200,523380,0.5234
distribute_parallel_for_300_600_700,300,700,0,1400,4204200,1262101,700,4800000,1680000,1261400,420000,841400,420000,0,0,0,421400,611898,0.6119
distribute_parallel_for_300_600_800,300,800,0,1600,4804800,1442401,800,5280000,1920000,1441600,480000,961600,480000,0,0,0,481600,695549,0.6955
distribute_parallel_for_300_600_900,300,900,0,1800,5405400,1622701,900,5760000,2160000,1621800,540000,1081800,540000,0,0,0,541800,782786,0.7828
distribute_parallel_for_300_700_100,300,100,0,200,700600,210301,100,2240000,240000,210200,70000,140200,70000,0,0,0,70200,103525,0.1035
distribute_parallel_for_300_700_200,300,200,0,400,1401200,420601,200,2800000,480000,420400,140000,280400,140000,0,0,0,140400,230064,0.2301
distribute_parallel_for_300_700_300,300,300,0,600,2101800,630901,300,3360000,720000,630600,210000,420600,210000,0,0,0,210600,306631,0.3066
distribute_parallel_for_300_700_400,300,400,0,800,2802400,841201,400,3920000,960000,840800,280000,560800,280000,0,0,0,280800,411028,0.4110
distribute_parallel_for_300_700_500,300,500,0,1000,3503000,1051501,500,4480000,1200000,1051000,350000,701000,350000,0,0,0,351000,524308,0.5243
distribute_parallel_for_300_700_600,300,600,0,1200,4203600,1261801,600,5040000,1440000,1261200,420000,841200,420000,0,0,0,421200,616646,0.6166
distribute_parallel_for_300_700_700,300,700,0,1400,4904200,1472101,700,5600000,1680000,1471400,490000,981400,490000,0,0,0,491400,725553,0.7256
distribute_parallel_for_300_700_800,300,800,0,1600,5604800,1682401,800,6160000,1920000,1681600,560000,1121600,560000,0,0,0,561600,828826,0.8288
distribute_parallel_for_300_700_900,300,900,0,1800,6305400,1892701,900,6720000,2160000,1891800,630000,1261800,630000,0,0,0,631800,968286,0.9683
distribute_parallel_for_300_800_100,300,100,0,200,800600,240301,100,2560000,240000,240200,80000,160200,80000,0,0,0,80200,120900,0.1209
distribute_parallel_for_300_800_200,300,200,0,400,1601200,480601,200,3200000,480000,480400,160000,320400,160000,0,0,0,160400,240079,0.2401
distribute_parallel_for_300_800_300,300,300,0,600,2401800,720901,300,3840000,720000,720600,240000,480600,240000,0,0,0,240600,356903,0.3569
distribute_parallel_for_300_800_400,300,400,0,800,3202400,961201,400,4480000,960000,960800,320000,640800,320000,0,0,0,320800,473934,0.4739
distribute_parallel_for_300_800_500,300,500,0,1000,4003000,1201501,500,5120000,1200000,1201000,400000,801000,400000,0,0,0,401000,590872,0.5909
distribute_parallel_for_300_800_600,300,600,0,1200,4803600,1441801,600,5760000,1440000,1441200,480000,961200,480000,0,0,0,481200,709263,0.7093
distribute_parallel_for_300_800_700,300,700,0,1400,5604200,1682101,700,6400000,1680000,1681400,560000,1121400,560000,0,0,0,561400,882919,0.8829
distribute_parallel_for_300_800_800,300,800,0,1600,6404800,1922401,800,7040000,1920000,1921600,640000,1281600,640000,0,0,0,641600,995678,0.9957
distribute_parallel_for_300_800_900,300,900,0,1800,7205400,2162701,900,7680000,2160000,2161800,720000,1441800,720000,0,0,0,721800,1096678,1.0967
distribute_parallel_for_300_900_100,300,100,0,200,900600,270301,100,2880000,240000,270200,90000,180200,90000,0,0,0,90200,132474,0.1325
distribute_parallel_for_300_900_200,300,200,0,400,1801200,540601,200,3600000,480000,540400,180000,360400,180000,0,0,0,180400,260424,0.2604
distribute_parallel_for_300_900_300,300,300,0,600,2701800,810901,300,4320000,720000,810600,270000,540600,270000,0,0,0,270600,390943,0.3909
distribute_parallel_for_300_900_400,300,400,0,800,3602400,1081201,400,5040000,960000,1080800,360000,720800,360000,0,0,0,360800,524144,0.5241
distribute_parallel_for_300_900_500,300,500,0,1000,4503000,1351501,500,5760000,1200000,1351000,450000,901000,450000,0,0,0,451000,673342,0.6733
distribute_parallel_for_300_900_600,300,600,0,1200,5403600,1621801,600,6480000,1440000,1621200,540000,1081200,540000,0,0,0,541200,777193,0.7772
distribute_parallel_for_300_900_700,300,700,0,1400,6304200,1892101,700,7200000,1680000,1891400,630000,1261400,630000,0,0,0,631400,913642,0.9136
distribute_parallel_for_300_900_800,300,800,0,1600,7204800,2162401,800,7920000,1920000,2161600,720000,1441600,720000,0,0,0,721600,1120646,1.1206
distribute_parallel_for_300_900_900,300,900,0,1800,8105400,2432701,900,8640000,2160000,2431800,810000,1621800,810000,0,0,0,811800,1180934,1.1809
distribute_parallel_for_3200_1200_1200,3200,1200,0,2400,14407200,4323601,1200,42240000,30720000,4322400,1440000,2882400,1440000,0,0,0,1442400,2384996,2.3850
distribute_parallel_for_3200_1200_1700,3200,1700,0,3400,20410200,6125101,1700,47040000,43520000,6123400,2040000,4083400,2040000,0,0,0,2043400,3353356,3.3534
distribute_parallel_for_3200_1200_2200,3200,2200,0,4400,26413200,7926601,2200,51840000,56320000,7924400,2640000,5284400,2640000,0,0,0,2644400,4294286,4.2943
distribute_parallel_for_3200_1200_2700,3200,2700,0,5400,32416200,9728101,2700,56640000,69120000,9725400,3240000,6485400,3240000,0,0,0,3245400,5273107,5.2731
distribute_parallel_for_3200_1200_3200,3200,3200,0,6400,38419200,11529601,3200,61440000,81920000,11526400,3840000,7686400,3840000,0,0,0,3846400,6438317,6.4383
distribute_parallel_for_3200_1200_3700,3200,3700,0,7400,44422200,13331101,3700,66240000,94720000,13327400,4440000,8887400,4440000,0,0,0,4447400,7276401,7.2764
distribute_parallel_for_3200_1200_4200,3200,4200,0,8400,50425200,15132601,4200,71040000,107520000,15128400,5040000,10088400,5040000,0,0,0,5048400,8153484,8.1535
distribute_parallel_for_3200_1700_1200,3200,1200,0,2400,20407200,6123601,1200,59840000,30720000,6122400,2040000,4082400,2040000,0,0,0,2042400,3363145,3.3631
distribute_parallel_for_3200_1700_1700,3200,1700,0,3400,28910200,8675101,1700,66640000,43520000,8673400,2890000,5783400,2890000,0,0,0,2893400,4799328,4.7993
distribute_parallel_for_3200_1700_2200,3200,2200,0,4400,37413200,11226601,2200,73440000,56320000,11224400,3740000,7484400,3740000,0,0,0,3744400,6109218,6.1092
distribute_parallel_for_3200_1700_2700,3200,2700,0,5400,45916200,13778101,2700,80240000,69120000,13775400,4590000,9185400,4590000,0,0,0,4595400,7586230,7.5862
distribute_parallel_for_3200_1700_3200,3200,3200,0,6400,54419200,16329601,3200,87040000,81920000,16326400,5440000,10886400,5440000,0,0,0,5446400,9002302,9.0023
distribute_parallel_for_3200_1700_3700,3200,3700,0,7400,62922200,18881101,3700,93840000,94720000,18877400,6290000,12587400,6290000,0,0,0,6297400,10360686,10.3607
distribute_parallel_for_3200_1700_4200,3200,4200,0,8400,71425200,21432601,4200,100640000,107520000,21428400,7140000,14288400,7140000,0,0,0,7148400,11596857,11.5969
distribute_parallel_for_3200_2200_1200,3200,1200,0,2400,26407200,7923601,1200,77440000,30720000,7922400,2640000,5282400,2640000,0,0,0,2642400,4312176,4.3122
distribute_parallel_for_3200_2200_1700,3200,1700,0,3400,37410200,11225101,1700,86240000,43520000,11223400,3740000,7483400,3740000,0,0,0,3743400,6191118,6.1911
distribute_parallel_for_3200_2200_2200,3200,2200,0,4400,48413200,14526601,2200,95040000,56320000,14524400,4840000,9684400,4840000,0,0,0,4844400,7807198,7.8072
distribute_parallel_for_3200_2200_2700,3200,2700,0,5400,59416200,17828101,2700,103840000,69120000,17825400,5940000,11885400,5940000,0,0,0,5945400,9626433,9.6264
distribute_parallel_for_3200_2200_3200,3200,3200,0,6400,70419200,21129601,3200,112640000,81920000,21126400,7040000,14086400,7040000,0,0,0,7046400,11535243,11.5352
distribute_parallel_for_3200_2200_3700,3200,3700,0,7400,81422200,24431101,3700,121440000,94720000,24427400,8140000,16287400,8140000,0,0,0,8147400,13193043,13.1930
distribute_parallel_for_3200_2200_4200,3200,4200,0,8400,92425200,27732601,4200,130240000,107520000,27728400,9240000,18488400,9240000,0,0,0,9248400,15040842,15.0408
distribute_parallel_for_3200_2700_1200,3200,1200,0,2400,32407200,9723601,1200,95040000,30720000,9722400,3240000,6482400,3240000,0,0,0,3242400,5361974,5.3620
distribute_parallel_for_3200_2700_1700,3200,1700,0,3400,45910200,13775101,1700,105840000,43520000,13773400,4590000,9183400,4590000,0,0,0,4593400,7655181,7.6552
distribute_parallel_for_3200_2700_2200,3200,2200,0,4400,59413200,17826601,2200,116640000,56320000,17824400,5940000,11884400,5940000,0,0,0,5944400,9743804,9.7438
distribute_parallel_for_3200_2700_2700,3200,2700,0,5400,72916200,21878101,2700,127440000,69120000,21875400,7290000,14585400,7290000,0,0,0,7295400,11933438,11.9334
distribute_parallel_for_3200_2700_3200,3200,3200,0,6400,86419200,25929601,3200,138240000,81920000,25926400,8640000,17286400,8640000,0,0,0,8646400,14071404,14.0714
distribute_parallel_for_3200_2700_3700,3200,3700,0,7400,99922200,29981101,3700,149040000,94720000,29977400,9990000,19987400,9990000,0,0,0,9997400,16121358,16.1214
distribute_parallel_for_3200_2700_4200,3200,4200,0,8400,113425200,34032601,4200,159840000,107520000,34028400,11340000,22688400,11340000,0,0,0,11348400,18332860,18.3329
distribute_parallel_for_3200_3200_1200,3200,1200,0,2400,38407200,11523601,1200,112640000,30720000,11522400,3840000,7682400,3840000,0,0,0,3842400,6265938,6.2659
distribute_parallel_for_3200_3200_1700,3200,1700,0,3400,54410200,16325101,1700,125440000,43520000,16323400,5440000,10883400,5440000,0,0,0,5443400,8800057,8.8001
distribute_parallel_for_3200_3200_2200,3200,2200,0,4400,70413200,21126601,2200,138240000,56320000,21124400,7040000,14084400,7040000,0,0,0,7044400,11512364,11.5124
distribute_parallel_for_3200_3200_2700,3200,2700,0,5400,86416200,25928101,2700,151040000,69120000,25925400,8640000,17285400,8640000,0,0,0,8645400,14010357,14.0104
distribute_parallel_for_3200_3200_3200,3200,3200,0,6400,102419200,30729601,3200,163840000,81920000,30726400,10240000,20486400,10240000,0,0,0,10246400,16546948,16.5469
distribute_parallel_for_3200_3200_3700,3200,3700,0,7400,118422200,35531101,3700,176640000,94720000,35527400,11840000,23687400,11840000,0,0,0,11847400,19106996,19.1070
distribute_parallel_for_3200_3200_4200,3200,4200,0,8400,134425200,40332601,4200,189440000,107520000,40328400,13440000,26888400,13440000,0,0,0,13448400,22073020,22.0730
distribute_parallel_for_3200_3700_1200,3200,1200,0,2400,44407200,13323601,1200,130240000,30720000,13322400,4440000,8882400,4440000,0,0,0,4442400,7288586,7.2886
distribute_parallel_for_3200_3700_1700,3200,1700,0,3400,62910200,18875101,1700,145040000,43520000,18873400,6290000,12583400,6290000,0,0,0,6293400,10346110,10.3461
distribute_parallel_for_3200_3700_2200,3200,2200,0,4400,81413200,24426601,2200,159840000,56320000,24424400,8140000,16284400,8140000,0,0,0,8144400,13275603,13.2756
distribute_parallel_for_3200_3700_2700,3200,2700,0,5400,99916200,29978101,2700,174640000,69120000,29975400,9990000,19985400,9990000,0,0,0,9995400,16266704,16.2667
distribute_parallel_for_3200_3700_3200,3200,3200,0,6400,118419200,35529601,3200,189440000,81920000,35526400,11840000,23686400,11840000,0,0,0,11846400,19210092,19.2101
distribute_parallel_for_3200_3700_3700,3200,3700,0,7400,136922200,41081101,3700,204240000,94720000,41077400,13690000,27387400,13690000,0,0,0,13697400,22168606,22.1686
distribute_parallel_for_3200_3700_4200,3200,4200,0,8400,155425200,46632601,4200,219040000,107520000,46628400,15540000,31088400,15540000,0,0,0,15548400,25318888,25.3189
distribute_parallel_for_3250_1250_1250,3250,1250,0,2500,15632500,4691251,1250,45000000,32500000,4690000,1562500,3127500,1562500,0,0,0,1565000,2752605,2.7526
distribute_parallel_for_3250_1250_1750,3250,1750,0,3500,21885500,6567751,1750,50000000,45500000,6566000,2187500,4378500,2187500,0,0,0,2191000,3644429,3.6444
distribute_parallel_for_3250_1250_2250,3250,2250,0,4500,28138500,8444251,2250,55000000,58500000,8442000,2812500,5629500,2812500,0,0,0,2817000,4734870,4.7349
distribute_parallel_for_3250_1250_2750,3250,2750,0,5500,34391500,10320751,2750,60000000,71500000,10318000,3437500,6880500,3437500,0,0,0,3443000,5751013,5.7510
distribute_parallel_for_3250_1250_3250,3250,3250,0,6500,40644500,12197251,3250,65000000,84500000,12194000,4062500,8131500,4062500,0,0,0,4069000,6955278,6.9553
distribute_parallel_for_3250_1250_3750,3250,3750,0,7500,46897500,14073751,3750,70000000,97500000,14070000,4687500,9382500,4687500,0,0,0,4695000,7940006,7.9400
distribute_parallel_for_3250_1250_4250,3250,4250,0,8500,53150500,15950251,4250,75000000,110500000,15946000,5312500,10633500,5312500,0,0,0,5321000,8978229,8.9782
distribute_parallel_for_3250_1750_1250,3250,1250,0,2500,21882500,6566251,1250,63000000,32500000,6565000,2187500,4377500,2187500,0,0,0,2190000,3740701,3.7407
distribute_parallel_for_3250_1750_1750,3250,1750,0,3500,30635500,9192751,1750,70000000,45500000,9191000,3062500,6128500,3062500,0,0,0,3066000,5194469,5.1945
distribute_parallel_for_3250_1750_2250,3250,2250,0,4500,39388500,11819251,2250,77000000,58500000,11817000,3937500,7879500,3937500,0,0,0,3942000,6600654,6.6007
distribute_parallel_for_3250_1750_2750,3250,2750,0,5500,48141500,14445751,2750,84000000,71500000,14443000,4812500,9630500,4812500,0,0,0,4818000,8241339,8.2413
distribute_parallel_for_3250_1750_3250,3250,3250,0,6500,56894500,17072251,3250,91000000,84500000,17069000,5687500,11381500,5687500,0,0,0,5694000,9611233,9.6112
distribute_parallel_for_3250_1750_3750,3250,3750,0,7500,65647500,19698751,3750,98000000,97500000,19695000,6562500,13132500,6562500,0,0,0,6570000,11038323,11.0383
distribute_parallel_for_3250_1750_4250,3250,4250,0,8500,74400500,22325251,4250,105000000,110500000,22321000,7437500,14883500,7437500,0,0,0,7446000,12506571,12.5066
distribute_parallel_for_3250_2250_1250,3250,1250,0,2500,28132500,8441251,1250,81000000,32500000,8440000,2812500,5627500,2812500,0,0,0,2815000,4739255,4.7393
distribute_parallel_for_3250_2250_1750,3250,1750,0,3500,39385500,11817751,1750,90000000,45500000,11816000,3937500,7878500,3937500,0,0,0,3941000,6638780,6.6388
distribute_parallel_for_3250_2250_2250,3250,2250,0,4500,50638500,15194251,2250,99000000,58500000,15192000,5062500,10129500,5062500,0,0,0,5067000,8761851,8.7619
distribute_parallel_for_3250_2250_2750,3250,2750,0,5500,61891500,18570751,2750,108000000,71500000,18568000,6187500,12380500,6187500,0,0,0,6193000,10345504,10.3455
distribute_parallel_for_3250_2250_3250,3250,3250,0,6500,73144500,21947251,3250,117000000,84500000,21944000,7312500,14631500,7312500,0,0,0,7319000,12298953,12.2990
distribute_parallel_for_3250_2250_3750,3250,3750,0,7500,84397500,25323751,3750,126000000,97500000,25320000,8437500,16882500,8437500,0,0,0,8445000,14095630,14.0956
distribute_parallel_for_3250_2250_4250,3250,4250,0,8500,95650500,28700251,4250,135000000,110500000,28696000,9562500,19133500,9562500,0,0,0,9571000,16015755,16.0158
distribute_parallel_for_3250_2750_1250,3250,1250,0,2500,34382500,10316251,1250,99000000,32500000,10315000,3437500,6877500,3437500,0,0,0,3440000,5853794,5.8538
distribute_parallel_for_3250_2750_1750,3250,1750,0,3500,48135500,14442751,1750,110000000,45500000,14441000,4812500,9628500,4812500,0,0,0,4816000,8108002,8.1080
distribute_parallel_for_3250_2750_2250,3250,2250,0,4500,61888500,18569251,2250,121000000,58500000,18567000,6187500,12379500,6187500,0,0,0,6192000,10567156,10.5672
distribute_parallel_for_3250_2750_2750,3250,2750,0,5500,75641500,22695751,2750,132000000,71500000,22693000,7562500,15130500,7562500,0,0,0,7568000,12670985,12.6710
distribute_parallel_for_3250_2750_3250,3250,3250,0,6500,89394500,26822251,3250,143000000,84500000,26819000,8937500,17881500,8937500,0,0,0,8944000,14882415,14.8824
distribute_parallel_for_3250_2750_3750,3250,3750,0,7500,103147500,30948751,3750,154000000,97500000,30945000,10312500,20632500,10312500,0,0,0,10320000,17380645,17.3806
distribute_parallel_for_3250_2750_4250,3250,4250,0,8500,116900500,35075251,4250,165000000,110500000,35071000,11687500,23383500,11687500,0,0,0,11696000,19636388,19.6364
distribute_parallel_for_3250_3250_1250,3250,1250,0,2500,40632500,12191251,1250,117000000,32500000,12190000,4062500,8127500,4062500,0,0,0,4065000,6818532,6.8185
distribute_parallel_for_3250_3250_1750,3250,1750,0,3500,56885500,17067751,1750,130000000,45500000,17066000,5687500,11378500,5687500,0,0,0,5691000,9512053,9.5121
distribute_parallel_for_3250_3250_2250,3250,2250,0,4500,73138500,21944251,2250,143000000,58500000,21942000,7312500,14629500,7312500,0,0,0,7317000,12208852,12.2089
distribute_parallel_for_3250_3250_2750,3250,2750,0,5500,89391500,26820751,2750,156000000,71500000,26818000,8937500,17880500,8937500,0,0,0,8943000,15036413,15.0364
distribute_parallel_for_3250_3250_3250,3250,3250,0,6500,105644500,31697251,3250,169000000,84500000,31694000,10562500,21131500,10562500,0,0,0,10569000,17934283,17.9343
distribute_parallel_for_3250_3250_3750,3250,3750,0,7500,121897500,36573751,3750,182000000,97500000,36570000,12187500,24382500,12187500,0,0,0,12195000,20451120,20.4511
distribute_parallel_for_3250_3250_4250,3250,4250,0,8500,138150500,41450251,4250,195000000,110500000,41446000,13812500,27633500,13812500,0,0,0,13821000,23200592,23.2006
distribute_parallel_for_3250_3750_1250,3250,1250,0,2500,46882500,14066251,1250,135000000,32500000,14065000,4687500,9377500,4687500,0,0,0,4690000,7900037,7.9000
distribute_parallel_for_3250_3750_1750,3250,1750,0,3500,65635500,19692751,1750,150000000,45500000,19691000,6562500,13128500,6562500,0,0,0,6566000,11193982,11.1940
distribute_parallel_for_3250_3750_2250,3250,2250,0,4500,84388500,25319251,2250,165000000,58500000,25317000,8437500,16879500,8437500,0,0,0,8442000,14041751,14.0418
distribute_parallel_for_3250_3750_2750,3250,2750,0,5500,103141500,30945751,2750,180000000,71500000,30943000,10312500,20630500,10312500,0,0,0,10318000,17338747,17.3387
distribute_parallel_for_3250_3750_3250,3250,3250,0,6500,121894500,36572251,3250,195000000,84500000,36569000,12187500,24381500,12187500,0,0,0,12194000,20433865,20.4339
distribute_parallel_for_3250_3750_3750,3250,3750,0,7500,140647500,42198751,3750,210000000,97500000,42195000,14062500,28132500,14062500,0,0,0,14070000,23788560,23.7886
distribute_parallel_for_3250_3750_4250,3250,4250,0,8500,159400500,47825251,4250,225000000,110500000,47821000,15937500,31883500,15937500,0,0,0,15946000,26732132,26.7321
distribute_parallel_for_3250_4250_1250,3250,1250,0,2500,53132500,15941251,1250,153000000,32500000,15940000,5312500,10627500,5312500,0,0,0,5315000,9081644,9.0816
distribute_parallel_for_3250_4250_1750,3250,1750,0,3500,74385500,22317751,1750,170000000,45500000,22316000,7437500,14878500,7437500,0,0,0,7441000,12622635,12.6226
distribute_parallel_for_3250_4250_2250,3250,2250,0,4500,95638500,28694251,2250,187000000,58500000,28692000,9562500,19129500,9562500,0,0,0,9567000,15901825,15.9018
distribute_parallel_for_3250_4250_2750,3250,2750,0,5500,116891500,35070751,2750,204000000,71500000,35068000,11687500,23380500,11687500,0,0,0,11693000,19746162,19.7462
distribute_parallel_for_3250_4250_3250,3250,3250,0,6500,138144500,41447251,3250,221000000,84500000,41444000,13812500,27631500,13812500,0,0,0,13819000,23117605,23.1176
distribute_parallel_for_3250_4250_3750,3250,3750,0,7500,159397500,47823751,3750,238000000,97500000,47820000,15937500,31882500,15937500,0,0,0,15945000,26539218,26.5392
distribute_parallel_for_3250_4250_4250,3250,4250,0,8500,180650500,54200251,4250,255000000,110500000,54196000,18062500,36133500,18062500,0,0,0,18071000,30066405,30.0664
distribute_parallel_for_3400_1400_1400,3400,1400,0,2800,19608400,5884201,1400,53760000,38080000,5882800,1960000,3922800,1960000,0,0,0,1962800,3198268,3.1983
distribute_parallel_for_3400_1400_1900,3400,1900,0,3800,26611400,7985701,1900,59360000,51680000,7983800,2660000,5323800,2660000,0,0,0,2663800,4301330,4.3013
distribute_parallel_for_3400_1400_2400,3400,2400,0,4800,33614400,10087201,2400,64960000,65280000,10084800,3360000,6724800,3360000,0,0,0,3364800,5369645,5.3696
distribute_parallel_for_3400_1400_2900,3400,2900,0,5800,40617400,12188701,2900,70560000,78880000,12185800,4060000,8125800,4060000,0,0,0,4065800,6560674,6.5607
distribute_parallel_for_3400_1400_3400,3400,3400,0,6800,47620400,14290201,3400,76160000,92480000,14286800,4760000,9526800,4760000,0,0,0,4766800,7636616,7.6366
distribute_parallel_for_3400_1400_3900,3400,3900,0,7800,54623400,16391701,3900,81760000,106080000,16387800,5460000,10927800,5460000,0,0,0,5467800,8696981,8.6970
distribute_parallel_for_3400_1400_900,3400,900,0,1800,12605400,3782701,900,48160000,24480000,3781800,1260000,2521800,1260000,0,0,0,1261800,2040321,2.0403
distribute_parallel_for_3400_1900_1400,3400,1400,0,2800,26608400,7984201,1400,72960000,38080000,7982800,2660000,5322800,2660000,0,0,0,2662800,4295773,4.2958
distribute_parallel_for_3400_1900_1900,3400,1900,0,3800,36111400,10835701,1900,80560000,51680000,10833800,3610000,7223800,3610000,0,0,0,3613800,5931292,5.9313
distribute_parallel_for_3400_1900_2400,3400,2400,0,4800,45614400,13687201,2400,88160000,65280000,13684800,4560000,9124800,4560000,0,0,0,4564800,7425889,7.4259
distribute_parallel_for_3400_1900_2900,3400,2900,0,5800,55117400,16538701,2900,95760000,78880000,16535800,5510000,11025800,5510000,0,0,0,5515800,9257987,9.2580
distribute_parallel_for_3400_1900_3400,3400,3400,0,6800,64620400,19390201,3400,103360000,92480000,19386800,6460000,12926800,6460000,0,0,0,6466800,10401509,10.4015
distribute_parallel_for_3400_1900_3900,3400,3900,0,7800,74123400,22241701,3900,110960000,106080000,22237800,7410000,14827800,7410000,0,0,0,7417800,11961467,11.9615
distribute_parallel_for_3400_1900_900,3400,900,0,1800,17105400,5132701,900,65360000,24480000,5131800,1710000,3421800,1710000,0,0,0,1711800,2775702,2.7757
distribute_parallel_for_3400_2400_1400,3400,1400,0,2800,33608400,10084201,1400,92160000,38080000,10082800,3360000,6722800,3360000,0,0,0,3362800,5405602,5.4056
distribute_parallel_for_3400_2400_1900,3400,1900,0,3800,45611400,13685701,1900,101760000,51680000,13683800,4560000,9123800,4560000,0,0,0,4563800,7477155,7.4772
distribute_parallel_for_3400_2400_2400,3400,2400,0,4800,57614400,17287201,2400,111360000,65280000,17284800,5760000,11524800,5760000,0,0,0,5764800,9386355,9.3864
distribute_parallel_for_3400_2400_2900,3400,2900,0,5800,69617400,20888701,2900,120960000,78880000,20885800,6960000,13925800,6960000,0,0,0,6965800,11116804,11.1168
distribute_parallel_for_3400_2400_3400,3400,3400,0,6800,81620400,24490201,3400,130560000,92480000,24486800,8160000,16326800,8160000,0,0,0,8166800,13250785,13.2508
distribute_parallel_for_3400_2400_3900,3400,3900,0,7800,93623400,28091701,3900,140160000,106080000,28087800,9360000,18727800,9360000,0,0,0,9367800,15026584,15.0266
distribute_parallel_for_3400_2400_900,3400,900,0,1800,21605400,6482701,900,82560000,24480000,6481800,2160000,4321800,2160000,0,0,0,2161800,3492043,3.4920
distribute_parallel_for_3400_2900_1400,3400,1400,0,2800,40608400,12184201,1400,111360000,38080000,12182800,4060000,8122800,4060000,0,0,0,4062800,6526686,6.5267
distribute_parallel_for_3400_2900_1900,3400,1900,0,3800,55111400,16535701,1900,122960000,51680000,16533800,5510000,11023800,5510000,0,0,0,5513800,8857137,8.8571
distribute_parallel_for_3400_2900_2400,3400,2400,0,4800,69614400,20887201,2400,134560000,65280000,20884800,6960000,13924800,6960000,0,0,0,6964800,11166744,11.1667
distribute_parallel_for_3400_2900_2900,3400,2900,0,5800,84117400,25238701,2900,146160000,78880000,25235800,8410000,16825800,8410000,0,0,0,8415800,13442058,13.4421
distribute_parallel_for_3400_2900_3400,3400,3400,0,6800,98620400,29590201,3400,157760000,92480000,29586800,9860000,19726800,9860000,0,0,0,9866800,16041433,16.0414
distribute_parallel_for_3400_2900_3900,3400,3900,0,7800,113123400,33941701,3900,169360000,106080000,33937800,11310000,22627800,11310000,0,0,0,11317800,18339249,18.3392
distribute_parallel_for_3400_2900_900,3400,900,0,1800,26105400,7832701,900,99760000,24480000,7831800,2610000,5221800,2610000,0,0,0,2611800,4196583,4.1966
distribute_parallel_for_3400_3400_1400,3400,1400,0,2800,47608400,14284201,1400,130560000,38080000,14282800,4760000,9522800,4760000,0,0,0,4762800,7650151,7.6502
distribute_parallel_for_3400_3400_1900,3400,1900,0,3800,64611400,19385701,1900,144160000,51680000,19383800,6460000,12923800,6460000,0,0,0,6463800,10349717,10.3497
distribute_parallel_for_3400_3400_2400,3400,2400,0,4800,81614400,24487201,2400,157760000,65280000,24484800,8160000,16324800,8160000,0,0,0,8164800,13082816,13.0828
distribute_parallel_for_3400_3400_2900,3400,2900,0,5800,98617400,29588701,2900,171360000,78880000,29585800,9860000,19725800,9860000,0,0,0,9865800,15663292,15.6633
distribute_parallel_for_3400_3400_3400,3400,3400,0,6800,115620400,34690201,3400,184960000,92480000,34686800,11560000,23126800,11560000,0,0,0,11566800,18447045,18.4470
distribute_parallel_for_3400_3400_3900,3400,3900,0,7800,132623400,39791701,3900,198560000,106080000,39787800,13260000,26527800,13260000,0,0,0,13267800,21024011,21.0240
distribute_parallel_for_3400_3400_900,3400,900,0,1800,30605400,9182701,900,116960000,24480000,9181800,3060000,6121800,3060000,0,0,0,3061800,4947005,4.9470
distribute_parallel_for_3400_3900_1400,3400,1400,0,2800,54608400,16384201,1400,149760000,38080000,16382800,5460000,10922800,5460000,0,0,0,5462800,8803503,8.8035
distribute_parallel_for_3400_3900_1900,3400,1900,0,3800,74111400,22235701,1900,165360000,51680000,22233800,7410000,14823800,7410000,0,0,0,7413800,11914867,11.9149
distribute_parallel_for_3400_3900_2400,3400,2400,0,4800,93614400,28087201,2400,180960000,65280000,28084800,9360000,18724800,9360000,0,0,0,9364800,15012645,15.0126
distribute_parallel_for_3400_3900_2900,3400,2900,0,5800,113117400,33938701,2900,196560000,78880000,33935800,11310000,22625800,11310000,0,0,0,11315800,18162346,18.1623
distribute_parallel_for_3400_3900_3400,3400,3400,0,6800,132620400,39790201,3400,212160000,92480000,39786800,13260000,26526800,13260000,0,0,0,13266800,21241807,21.2418
distribute_parallel_for_3400_3900_3900,3400,3900,0,7800,152123400,45641701,3900,227760000,106080000,45637800,15210000,30427800,15210000,0,0,0,15217800,24290109,24.2901
distribute_parallel_for_3400_3900_900,3400,900,0,1800,35105400,10532701,900,134160000,24480000,10531800,3510000,7021800,3510000,0,0,0,3511800,5788688,5.7887
distribute_parallel_for_3400_900_1400,3400,1400,0,2800,12608400,3784201,1400,34560000,38080000,3782800,1260000,2522800,1260000,0,0,0,1262800,2030465,2.0305
distribute_parallel_for_3400_900_1900,3400,1900,0,3800,17111400,5135701,1900,38160000,51680000,5133800,1710000,3423800,1710000,0,0,0,1713800,2737296,2.7373
distribute_parallel_for_3400_900_2400,3400,2400,0,4800,21614400,6487201,2400,41760000,65280000,6484800,2160000,4324800,2160000,0,0,0,2164800,3494134,3.4941
distribute_parallel_for_3400_900_2900,3400,2900,0,5800,26117400,7838701,2900,45360000,78880000,7835800,2610000,5225800,2610000,0,0,0,2615800,4363841,4.3638
distribute_parallel_for_3400_900_3400,3400,3400,0,6800,30620400,9190201,3400,48960000,92480000,9186800,3060000,6126800,3060000,0,0,0,3066800,5175210,5.1752
distribute_parallel_for_3400_900_3900,3400,3900,0,7800,35123400,10541701,3900,52560000,106080000,10537800,3510000,7027800,3510000,0,0,0,3517800,5628090,5.6281
distribute_parallel_for_3400_900_900,3400,900,0,1800,8105400,2432701,900,30960000,24480000,2431800,810000,1621800,810000,0,0,0,811800,1343909,1.3439
distribute_parallel_for_3500_1000_1000,3500,1000,0,2000,10006000,3003001,1000,36000000,28000000,3002000,1000000,2002000,1000000,0,0,0,1002000,1631738,1.6317
distribute_parallel_for_3500_1000_1500,3500,1500,0,3000,15009000,4504501,1500,40000000,42000000,4503000,1500000,3003000,1500000,0,0,0,1503000,2406526,2.4065
distribute_parallel_for_3500_1000_2000,3500,2000,0,4000,20012000,6006001,2000,44000000,56000000,6004000,2000000,4004000,2000000,0,0,0,2004000,3397676,3.3977
distribute_parallel_for_3500_1000_2500,3500,2500,0,5000,25015000,7507501,2500,48000000,70000000,7505000,2500000,5005000,2500000,0,0,0,2505000,4030855,4.0309
distribute_parallel_for_3500_1000_3000,3500,3000,0,6000,30018000,9009001,3000,52000000,84000000,9006000,3000000,6006000,3000000,0,0,0,3006000,4955856,4.9559
distribute_parallel_for_3500_1000_3500,3500,3500,0,7000,35021000,10510501,3500,56000000,98000000,10507000,3500000,7007000,3500000,0,0,0,3507000,5778221,5.7782
distribute_parallel_for_3500_1000_4000,3500,4000,0,8000,40024000,12012001,4000,60000000,112000000,12008000,4000000,8008000,4000000,0,0,0,4008000,6510062,6.5101
distribute_parallel_for_3500_1500_1000,3500,1000,0,2000,15006000,4503001,1000,54000000,28000000,4502000,1500000,3002000,1500000,0,0,0,1502000,2474240,2.4742
distribute_parallel_for_3500_1500_1500,3500,1500,0,3000,22509000,6754501,1500,60000000,42000000,6753000,2250000,4503000,2250000,0,0,0,2253000,3640281,3.6403
distribute_parallel_for_3500_1500_2000,3500,2000,0,4000,30012000,9006001,2000,66000000,56000000,9004000,3000000,6004000,3000000,0,0,0,3004000,4832086,4.8321
distribute_parallel_for_3500_1500_2500,3500,2500,0,5000,37515000,11257501,2500,72000000,70000000,11255000,3750000,7505000,3750000,0,0,0,3755000,6208573,6.2086
distribute_parallel_for_3500_1500_3000,3500,3000,0,6000,45018000,13509001,3000,78000000,84000000,13506000,4500000,9006000,4500000,0,0,0,4506000,7487325,7.4873
distribute_parallel_for_3500_1500_3500,3500,3500,0,7000,52521000,15760501,3500,84000000,98000000,15757000,5250000,10507000,5250000,0,0,0,5257000,9101020,9.1010
distribute_parallel_for_3500_1500_4000,3500,4000,0,8000,60024000,18012001,4000,90000000,112000000,18008000,6000000,12008000,6000000,0,0,0,6008000,9960348,9.9603
distribute_parallel_for_3500_2000_1000,3500,1000,0,2000,20006000,6003001,1000,72000000,28000000,6002000,2000000,4002000,2000000,0,0,0,2002000,3347992,3.3480
distribute_parallel_for_3500_2000_1500,3500,1500,0,3000,30009000,9004501,1500,80000000,42000000,9003000,3000000,6003000,3000000,0,0,0,3003000,4866222,4.8662
distribute_parallel_for_3500_2000_2000,3500,2000,0,4000,40012000,12006001,2000,88000000,56000000,12004000,4000000,8004000,4000000,0,0,0,4004000,6555945,6.5559
distribute_parallel_for_3500_2000_2500,3500,2500,0,5000,50015000,15007501,2500,96000000,70000000,15005000,5000000,10005000,5000000,0,0,0,5005000,8023012,8.0230
distribute_parallel_for_3500_2000_3000,3500,3000,0,6000,60018000,18009001,3000,104000000,84000000,18006000,6000000,12006000,6000000,0,0,0,6006000,9613679,9.6137
distribute_parallel_for_3500_2000_3500,3500,3500,0,7000,70021000,21010501,3500,112000000,98000000,21007000,7000000,14007000,7000000,0,0,0,7007000,11167033,11.1670
distribute_parallel_for_3500_2000_4000,3500,4000,0,8000,80024000,24012001,4000,120000000,112000000,24008000,8000000,16008000,8000000,0,0,0,8008000,12767241,12.7672
distribute_parallel_for_3500_2500_1000,3500,1000,0,2000,25006000,7503001,1000,90000000,28000000,7502000,2500000,5002000,2500000,0,0,0,2502000,4175697,4.1757
distribute_parallel_for_3500_2500_1500,3500,1500,0,3000,37509000,11254501,1500,100000000,42000000,11253000,3750000,7503000,3750000,0,0,0,3753000,6074293,6.0743
distribute_parallel_for_3500_2500_2000,3500,2000,0,4000,50012000,15006001,2000,110000000,56000000,15004000,5000000,10004000,5000000,0,0,0,5004000,8192537,8.1925
distribute_parallel_for_3500_2500_2500,3500,2500,0,5000,62515000,18757501,2500,120000000,70000000,18755000,6250000,12505000,6250000,0,0,0,6255000,10182825,10.1828
distribute_parallel_for_3500_2500_3000,3500,3000,0,6000,75018000,22509001,3000,130000000,84000000,22506000,7500000,15006000,7500000,0,0,0,7506000,12367989,12.3680
distribute_parallel_for_3500_2500_3500,3500,3500,0,7000,87521000,26260501,3500,140000000,98000000,26257000,8750000,17507000,8750000,0,0,0,8757000,14080200,14.0802
distribute_parallel_for_3500_2500_4000,3500,4000,0,8000,100024000,30012001,4000,150000000,112000000,30008000,10000000,20008000,10000000,0,0,0,10008000,16050458,16.0505
distribute_parallel_for_3500_3000_1000,3500,1000,0,2000,30006000,9003001,1000,108000000,28000000,9002000,3000000,6002000,3000000,0,0,0,3002000,4878038,4.8780
distribute_parallel_for_3500_3000_1500,3500,1500,0,3000,45009000,13504501,1500,120000000,42000000,13503000,4500000,9003000,4500000,0,0,0,4503000,7230123,7.2301
distribute_parallel_for_3500_3000_2000,3500,2000,0,4000,60012000,18006001,2000,132000000,56000000,18004000,6000000,12004000,6000000,0,0,0,6004000,9712910,9.7129
distribute_parallel_for_3500_3000_2500,3500,2500,0,5000,75015000,22507501,2500,144000000,70000000,22505000,7500000,15005000,7500000,0,0,0,7505000,12117377,12.1174
distribute_parallel_for_3500_3000_3000,3500,3000,0,6000,90018000,27009001,3000,156000000,84000000,27006000,9000000,18006000,9000000,0,0,0,9006000,14464388,14.4644
distribute_parallel_for_3500_3000_3500,3500,3500,0,7000,105021000,31510501,3500,168000000,98000000,31507000,10500000,21007000,10500000,0,0,0,10507000,17009660,17.0097
distribute_parallel_for_3500_3000_4000,3500,4000,0,8000,120024000,36012001,4000,180000000,112000000,36008000,12000000,24008000,12000000,0,0,0,12008000,19242144,19.2421
distribute_parallel_for_3500_3500_1000,3500,1000,0,2000,35006000,10503001,1000,126000000,28000000,10502000,3500000,7002000,3500000,0,0,0,3502000,5738804,5.7388
distribute_parallel_for_3500_3500_1500,3500,1500,0,3000,52509000,15754501,1500,140000000,42000000,15753000,5250000,10503000,5250000,0,0,0,5253000,8465603,8.4656
distribute_parallel_for_3500_3500_2000,3500,2000,0,4000,70012000,21006001,2000,154000000,56000000,21004000,7000000,14004000,7000000,0,0,0,7004000,11314967,11.3150
distribute_parallel_for_3500_3500_2500,3500,2500,0,5000,87515000,26257501,2500,168000000,70000000,26255000,8750000,17505000,8750000,0,0,0,8755000,14242091,14.2421
distribute_parallel_for_3500_3500_3000,3500,3000,0,6000,105018000,31509001,3000,182000000,84000000,31506000,10500000,21006000,10500000,0,0,0,10506000,16844183,16.8442
distribute_parallel_for_3500_3500_3500,3500,3500,0,7000,122521000,36760501,3500,196000000,98000000,36757000,12250000,24507000,12250000,0,0,0,12257000,19616975,19.6170
distribute_parallel_for_3500_3500_4000,3500,4000,0,8000,140024000,42012001,4000,210000000,112000000,42008000,14000000,28008000,14000000,0,0,0,14008000,22464293,22.4643
distribute_parallel_for_3500_4000_1000,3500,1000,0,2000,40006000,12003001,1000,144000000,28000000,12002000,4000000,8002000,4000000,0,0,0,4002000,6572689,6.5727
distribute_parallel_for_3500_4000_1500,3500,1500,0,3000,60009000,18004501,1500,160000000,42000000,18003000,6000000,12003000,6000000,0,0,0,6003000,9664553,9.6646
distribute_parallel_for_3500_4000_2000,3500,2000,0,4000,80012000,24006001,2000,176000000,56000000,24004000,8000000,16004000,8000000,0,0,0,8004000,12914121,12.9141
distribute_parallel_for_3500_4000_2500,3500,2500,0,5000,100015000,30007501,2500,192000000,70000000,30005000,10000000,20005000,10000000,0,0,0,10005000,16187443,16.1874
distribute_parallel_for_3500_4000_3000,3500,3000,0,6000,120018000,36009001,3000,208000000,84000000,36006000,12000000,24006000,12000000,0,0,0,12006000,19452298,19.4523
distribute_parallel_for_3500_4000_3500,3500,3500,0,7000,140021000,42010501,3500,224000000,98000000,42007000,14000000,28007000,14000000,0,0,0,14007000,22456745,22.4567
distribute_parallel_for_3500_4000_4000,3500,4000,0,8000,160024000,48012001,4000,240000000,112000000,48008000,16000000,32008000,16000000,0,0,0,16008000,25641101,25.6411
distribute_parallel_for_3700_1200_1200,3700,1200,0,2400,14407200,4323601,1200,47040000,35520000,4322400,1440000,2882400,1440000,0,0,0,1442400,2379524,2.3795
distribute_parallel_for_3700_1200_1700,3700,1700,0,3400,20410200,6125101,1700,51840000,50320000,6123400,2040000,4083400,2040000,0,0,0,2043400,3314964,3.3150
distribute_parallel_for_3700_1200_2200,3700,2200,0,4400,26413200,7926601,2200,56640000,65120000,7924400,2640000,5284400,2640000,0,0,0,2644400,4517697,4.5177
distribute_parallel_for_3700_1200_2700,3700,2700,0,5400,32416200,9728101,2700,61440000,79920000,9725400,3240000,6485400,3240000,0,0,0,3245400,5284599,5.2846
distribute_parallel_for_3700_1200_3200,3700,3200,0,6400,38419200,11529601,3200,66240000,94720000,11526400,3840000,7686400,3840000,0,0,0,3846400,6570616,6.5706
distribute_parallel_for_3700_1200_3700,3700,3700,0,7400,44422200,13331101,3700,71040000,109520000,13327400,4440000,8887400,4440000,0,0,0,4447400,7382145,7.3821
distribute_parallel_for_3700_1200_4200,3700,4200,0,8400,50425200,15132601,4200,75840000,124320000,15128400,5040000,10088400,5040000,0,0,0,5048400,8338504,8.3385
distribute_parallel_for_3700_1700_1200,3700,1200,0,2400,20407200,6123601,1200,66640000,35520000,6122400,2040000,4082400,2040000,0,0,0,2042400,3350801,3.3508
distribute_parallel_for_3700_1700_1700,3700,1700,0,3400,28910200,8675101,1700,73440000,50320000,8673400,2890000,5783400,2890000,0,0,0,2893400,4869284,4.8693
distribute_parallel_for_3700_1700_2200,3700,2200,0,4400,37413200,11226601,2200,80240000,65120000,11224400,3740000,7484400,3740000,0,0,0,3744400,6110234,6.1102
distribute_parallel_for_3700_1700_2700,3700,2700,0,5400,45916200,13778101,2700,87040000,79920000,13775400,4590000,9185400,4590000,0,0,0,4595400,7639483,7.6395
distribute_parallel_for_3700_1700_3200,3700,3200,0,6400,54419200,16329601,3200,93840000,94720000,16326400,5440000,10886400,5440000,0,0,0,5446400,8910968,8.9110
distribute_parallel_for_3700_1700_3700,3700,3700,0,7400,62922200,18881101,3700,100640000,109520000,18877400,6290000,12587400,6290000,0,0,0,6297400,10204659,10.2047
distribute_parallel_for_3700_1700_4200,3700,4200,0,8400,71425200,21432601,4200,107440000,124320000,21428400,7140000,14288400,7140000,0,0,0,7148400,11732241,11.7322
distribute_parallel_for_3700_2200_1200,3700,1200,0,2400,26407200,7923601,1200,86240000,35520000,7922400,2640000,5282400,2640000,0,0,0,2642400,4251594,4.2516
distribute_parallel_for_3700_2200_1700,3700,1700,0,3400,37410200,11225101,1700,95040000,50320000,11223400,3740000,7483400,3740000,0,0,0,3743400,6118639,6.1186
distribute_parallel_for_3700_2200_2200,3700,2200,0,4400,48413200,14526601,2200,103840000,65120000,14524400,4840000,9684400,4840000,0,0,0,4844400,8023069,8.0231
distribute_parallel_for_3700_2200_2700,3700,2700,0,5400,59416200,17828101,2700,112640000,79920000,17825400,5940000,11885400,5940000,0,0,0,5945400,9851161,9.8512
distribute_parallel_for_3700_2200_3200,3700,3200,0,6400,70419200,21129601,3200,121440000,94720000,21126400,7040000,14086400,7040000,0,0,0,7046400,11516091,11.5161
distribute_parallel_for_3700_2200_3700,3700,3700,0,7400,81422200,24431101,3700,130240000,109520000,24427400,8140000,16287400,8140000,0,0,0,8147400,13457827,13.4578
distribute_parallel_for_3700_2200_4200,3700,4200,0,8400,92425200,27732601,4200,139040000,124320000,27728400,9240000,18488400,9240000,0,0,0,9248400,14944731,14.9447
distribute_parallel_for_3700_2700_1200,3700,1200,0,2400,32407200,9723601,1200,105840000,35520000,9722400,3240000,6482400,3240000,0,0,0,3242400,5427351,5.4274
distribute_parallel_for_3700_2700_1700,3700,1700,0,3400,45910200,13775101,1700,116640000,50320000,13773400,4590000,9183400,4590000,0,0,0,4593400,7617266,7.6173
distribute_parallel_for_3700_2700_2200,3700,2200,0,4400,59413200,17826601,2200,127440000,65120000,17824400,5940000,11884400,5940000,0,0,0,5944400,9725388,9.7254
distribute_parallel_for_3700_2700_2700,3700,2700,0,5400,72916200,21878101,2700,138240000,79920000,21875400,7290000,14585400,7290000,0,0,0,7295400,11849621,11.8496
distribute_parallel_for_3700_2700_3200,3700,3200,0,6400,86419200,25929601,3200,149040000,94720000,25926400,8640000,17286400,8640000,0,0,0,8646400,14009923,14.0099
distribute_parallel_for_3700_2700_3700,3700,3700,0,7400,99922200,29981101,3700,159840000,109520000,29977400,9990000,19987400,9990000,0,0,0,9997400,16125039,16.1250
distribute_parallel_for_3700_2700_4200,3700,4200,0,8400,113425200,34032601,4200,170640000,124320000,34028400,11340000,22688400,11340000,0,0,0,11348400,18453355,18.4534
distribute_parallel_for_3700_3200_1200,3700,1200,0,2400,38407200,11523601,1200,125440000,35520000,11522400,3840000,7682400,3840000,0,0,0,3842400,6272167,6.2722
distribute_parallel_for_3700_3200_1700,3700,1700,0,3400,54410200,16325101,1700,138240000,50320000,16323400,5440000,10883400,5440000,0,0,0,5443400,8833606,8.8336
distribute_parallel_for_3700_3200_2200,3700,2200,0,4400,70413200,21126601,2200,151040000,65120000,21124400,7040000,14084400,7040000,0,0,0,7044400,11381609,11.3816
distribute_parallel_for_3700_3200_2700,3700,2700,0,5400,86416200,25928101,2700,163840000,79920000,25925400,8640000,17285400,8640000,0,0,0,8645400,13930647,13.9306
distribute_parallel_for_3700_3200_3200,3700,3200,0,6400,102419200,30729601,3200,176640000,94720000,30726400,10240000,20486400,10240000,0,0,0,10246400,16559085,16.5591
distribute_parallel_for_3700_3200_3700,3700,3700,0,7400,118422200,35531101,3700,189440000,109520000,35527400,11840000,23687400,11840000,0,0,0,11847400,19294562,19.2946
distribute_parallel_for_3700_3200_4200,3700,4200,0,8400,134425200,40332601,4200,202240000,124320000,40328400,13440000,26888400,13440000,0,0,0,13448400,21685813,21.6858
distribute_parallel_for_3700_3700_1200,3700,1200,0,2400,44407200,13323601,1200,145040000,35520000,13322400,4440000,8882400,4440000,0,0,0,4442400,7306936,7.3069
distribute_parallel_for_3700_3700_1700,3700,1700,0,3400,62910200,18875101,1700,159840000,50320000,18873400,6290000,12583400,6290000,0,0,0,6293400,10202514,10.2025
distribute_parallel_for_3700_3700_2200,3700,2200,0,4400,81413200,24426601,2200,174640000,65120000,24424400,8140000,16284400,8140000,0,0,0,8144400,13197136,13.1971
distribute_parallel_for_3700_3700_2700,3700,2700,0,5400,99916200,29978101,2700,189440000,79920000,29975400,9990000,19985400,9990000,0,0,0,9995400,16183729,16.1837
distribute_parallel_for_3700_3700_3200,3700,3200,0,6400,118419200,35529601,3200,204240000,94720000,35526400,11840000,23686400,11840000,0,0,0,11846400,19155870,19.1559
distribute_parallel_for_3700_3700_3700,3700,3700,0,7400,136922200,41081101,3700,219040000,109520000,41077400,13690000,27387400,13690000,0,0,0,13697400,22280814,22.2808
distribute_parallel_for_3700_3700_4200,3700,4200,0,8400,155425200,46632601,4200,233840000,124320000,46628400,15540000,31088400,15540000,0,0,0,15548400,25127470,25.1275
distribute_parallel_for_3750_1250_1250,3750,1250,0,2500,15632500,4691251,1250,50000000,37500000,4690000,1562500,3127500,1562500,0,0,0,1565000,2694777,2.6948
distribute_parallel_for_3750_1250_1750,3750,1750,0,3500,21885500,6567751,1750,55000000,52500000,6566000,2187500,4378500,2187500,0,0,0,2191000,3627926,3.6279
distribute_parallel_for_3750_1250_2250,3750,2250,0,4500,28138500,8444251,2250,60000000,67500000,8442000,2812500,5629500,2812500,0,0,0,2817000,4780120,4.7801
distribute_parallel_for_3750_1250_2750,3750,2750,0,5500,34391500,10320751,2750,65000000,82500000,10318000,3437500,6880500,3437500,0,0,0,3443000,5746709,5.7467
distribute_parallel_for_3750_1250_3250,3750,3250,0,6500,40644500,12197251,3250,70000000,97500000,12194000,4062500,8131500,4062500,0,0,0,4069000,6811525,6.8115
distribute_parallel_for_3750_1250_3750,3750,3750,0,7500,46897500,14073751,3750,75000000,112500000,14070000,4687500,9382500,4687500,0,0,0,4695000,7823690,7.8237
distribute_parallel_for_3750_1250_4250,3750,4250,0,8500,53150500,15950251,4250,80000000,127500000,15946000,5312500,10633500,5312500,0,0,0,5321000,8779874,8.7799
distribute_parallel_for_3750_1750_1250,3750,1250,0,2500,21882500,6566251,1250,70000000,37500000,6565000,2187500,4377500,2187500,0,0,0,2190000,3678391,3.6784
distribute_parallel_for_3750_1750_1750,3750,1750,0,3500,30635500,9192751,1750,77000000,52500000,9191000,3062500,6128500,3062500,0,0,0,3066000,5096913,5.0969
distribute_parallel_for_3750_1750_2250,3750,2250,0,4500,39388500,11819251,2250,84000000,67500000,11817000,3937500,7879500,3937500,0,0,0,3942000,6577578,6.5776
distribute_parallel_for_3750_1750_2750,3750,2750,0,5500,48141500,14445751,2750,91000000,82500000,14443000,4812500,9630500,4812500,0,0,0,4818000,8041997,8.0420
distribute_parallel_for_3750_1750_3250,3750,3250,0,6500,56894500,17072251,3250,98000000,97500000,17069000,5687500,11381500,5687500,0,0,0,5694000,9617041,9.6170
distribute_parallel_for_3750_1750_3750,3750,3750,0,7500,65647500,19698751,3750,105000000,112500000,19695000,6562500,13132500,6562500,0,0,0,6570000,11134975,11.1350
distribute_parallel_for_3750_1750_4250,3750,4250,0,8500,74400500,22325251,4250,112000000,127500000,22321000,7437500,14883500,7437500,0,0,0,7446000,12480068,12.4801
distribute_parallel_for_3750_2250_1250,3750,1250,0,2500,28132500,8441251,1250,90000000,37500000,8440000,2812500,5627500,2812500,0,0,0,2815000,4834175,4.8342
distribute_parallel_for_3900_1400_1400,3900,1400,0,2800,19608400,5884201,1400,59360000,43680000,5882800,1960000,3922800,1960000,0,0,0,1962800,3257946,3.2579
distribute_parallel_for_3900_1400_1900,3900,1900,0,3800,26611400,7985701,1900,64960000,59280000,7983800,2660000,5323800,2660000,0,0,0,2663800,4392537,4.3925
distribute_parallel_for_3900_1400_2400,3900,2400,0,4800,33614400,10087201,2400,70560000,74880000,10084800,3360000,6724800,3360000,0,0,0,3364800,5514622,5.5146
distribute_parallel_for_3900_1400_2900,3900,2900,0,5800,40617400,12188701,2900,76160000,90480000,12185800,4060000,8125800,4060000,0,0,0,4065800,6709278,6.7093
distribute_parallel_for_3900_1400_3400,3900,3400,0,6800,47620400,14290201,3400,81760000,106080000,14286800,4760000,9526800,4760000,0,0,0,4766800,7713301,7.7133
distribute_parallel_for_3900_1400_3900,3900,3900,0,7800,54623400,16391701,3900,87360000,121680000,16387800,5460000,10927800,5460000,0,0,0,5467800,9108191,9.1082
distribute_parallel_for_3900_1400_900,3900,900,0,1800,12605400,3782701,900,53760000,28080000,3781800,1260000,2521800,1260000,0,0,0,1261800,2113579,2.1136
distribute_parallel_for_3900_1900_1400,3900,1400,0,2800,26608400,7984201,1400,80560000,43680000,7982800,2660000,5322800,2660000,0,0,0,2662800,4320281,4.3203
distribute_parallel_for_3900_1900_1900,3900,1900,0,3800,36111400,10835701,1900,88160000,59280000,10833800,3610000,7223800,3610000,0,0,0,3613800,6019536,6.0195
distribute_parallel_for_3900_1900_2400,3900,2400,0,4800,45614400,13687201,2400,95760000,74880000,13684800,4560000,9124800,4560000,0,0,0,4564800,7445348,7.4453
distribute_parallel_for_3900_1900_2900,3900,2900,0,5800,55117400,16538701,2900,103360000,90480000,16535800,5510000,11025800,5510000,0,0,0,5515800,8907571,8.9076
distribute_parallel_for_3900_1900_3400,3900,3400,0,6800,64620400,19390201,3400,110960000,106080000,19386800,6460000,12926800,6460000,0,0,0,6466800,10478454,10.4785
distribute_parallel_for_3900_1900_3900,3900,3900,0,7800,74123400,22241701,3900,118560000,121680000,22237800,7410000,14827800,7410000,0,0,0,7417800,11964569,11.9646
distribute_parallel_for_3900_1900_900,3900,900,0,1800,17105400,5132701,900,72960000,28080000,5131800,1710000,3421800,1710000,0,0,0,1711800,2815821,2.8158
distribute_parallel_for_3900_2400_1400,3900,1400,0,2800,33608400,10084201,1400,101760000,43680000,10082800,3360000,6722800,3360000,0,0,0,3362800,5644100,5.6441
distribute_parallel_for_3900_2400_1900,3900,1900,0,3800,45611400,13685701,1900,111360000,59280000,13683800,4560000,9123800,4560000,0,0,0,4563800,7842759,7.8428
distribute_parallel_for_3900_2400_2400,3900,2400,0,4800,57614400,17287201,2400,120960000,74880000,17284800,5760000,11524800,5760000,0,0,0,5764800,9422201,9.4222
distribute_parallel_for_3900_2400_2900,3900,2900,0,5800,69617400,20888701,2900,130560000,90480000,20885800,6960000,13925800,6960000,0,0,0,6965800,11192700,11.1927
distribute_parallel_for_3900_2400_3400,3900,3400,0,6800,81620400,24490201,3400,140160000,106080000,24486800,8160000,16326800,8160000,0,0,0,8166800,13174729,13.1747
distribute_parallel_for_3900_2400_3900,3900,3900,0,7800,93623400,28091701,3900,149760000,121680000,28087800,9360000,18727800,9360000,0,0,0,9367800,15006802,15.0068
distribute_parallel_for_3900_2400_900,3900,900,0,1800,21605400,6482701,900,92160000,28080000,6481800,2160000,4321800,2160000,0,0,0,2161800,3653933,3.6539
distribute_parallel_for_3900_2900_1400,3900,1400,0,2800,40608400,12184201,1400,122960000,43680000,12182800,4060000,8122800,4060000,0,0,0,4062800,6581605,6.5816
distribute_parallel_for_3900_2900_1900,3900,1900,0,3800,55111400,16535701,1900,134560000,59280000,16533800,5510000,11023800,5510000,0,0,0,5513800,9043517,9.0435
distribute_parallel_for_3900_2900_2400,3900,2400,0,4800,69614400,20887201,2400,146160000,74880000,20884800,6960000,13924800,6960000,0,0,0,6964800,11363695,11.3637
distribute_parallel_for_3900_2900_2900,3900,2900,0,5800,84117400,25238701,2900,157760000,90480000,25235800,8410000,16825800,8410000,0,0,0,8415800,13659395,13.6594
distribute_parallel_for_3900_2900_3400,3900,3400,0,6800,98620400,29590201,3400,169360000,106080000,29586800,9860000,19726800,9860000,0,0,0,9866800,15890254,15.8903
distribute_parallel_for_3900_2900_900,3900,900,0,1800,26105400,7832701,900,111360000,28080000,7831800,2610000,5221800,2610000,0,0,0,2611800,4330149,4.3301
distribute_parallel_for_3900_900_1400,3900,1400,0,2800,12608400,3784201,1400,38160000,43680000,3782800,1260000,2522800,1260000,0,0,0,1262800,2052058,2.0521
distribute_parallel_for_3900_900_1900,3900,1900,0,3800,17111400,5135701,1900,41760000,59280000,5133800,1710000,3423800,1710000,0,0,0,1713800,2820438,2.8204
distribute_parallel_for_3900_900_2400,3900,2400,0,4800,21614400,6487201,2400,45360000,74880000,6484800,2160000,4324800,2160000,0,0,0,2164800,3624283,3.6243
distribute_parallel_for_3900_900_2900,3900,2900,0,5800,26117400,7838701,2900,48960000,90480000,7835800,2610000,5225800,2610000,0,0,0,2615800,4333760,4.3338
distribute_parallel_for_3900_900_3400,3900,3400,0,6800,30620400,9190201,3400,52560000,106080000,9186800,3060000,6126800,3060000,0,0,0,3066800,5024444,5.0244
distribute_parallel_for_3900_900_3900,3900,3900,0,7800,35123400,10541701,3900,56160000,121680000,10537800,3510000,7027800,3510000,0,0,0,3517800,5797412,5.7974
distribute_parallel_for_3900_900_900,3900,900,0,1800,8105400,2432701,900,34560000,28080000,2431800,810000,1621800,810000,0,0,0,811800,1356868,1.3569
distribute_parallel_for_4000_1000_1000,4000,1000,0,2000,10006000,3003001,1000,40000000,32000000,3002000,1000000,2002000,1000000,0,0,0,1002000,1651238,1.6512
distribute_parallel_for_4000_1000_1500,4000,1500,0,3000,15009000,4504501,1500,44000000,48000000,4503000,1500000,3003000,1500000,0,0,0,1503000,2408989,2.4090
distribute_parallel_for_4000_1000_2000,4000,2000,0,4000,20012000,6006001,2000,48000000,64000000,6004000,2000000,4004000,2000000,0,0,0,2004000,3196560,3.1966
distribute_parallel_for_4000_1000_2500,4000,2500,0,5000,25015000,7507501,2500,52000000,80000000,7505000,2500000,5005000,2500000,0,0,0,2505000,4210426,4.2104
distribute_parallel_for_4000_1000_3000,4000,3000,0,6000,30018000,9009001,3000,56000000,96000000,9006000,3000000,6006000,3000000,0,0,0,3006000,5171300,5.1713
distribute_parallel_for_4000_1000_3500,4000,3500,0,7000,35021000,10510501,3500,60000000,112000000,10507000,3500000,7007000,3500000,0,0,0,3507000,5713979,5.7140
distribute_parallel_for_4000_1000_4000,4000,4000,0,8000,40024000,12012001,4000,64000000,128000000,12008000,4000000,8008000,4000000,0,0,0,4008000,6655428,6.6554
distribute_parallel_for_4000_1500_1000,4000,1000,0,2000,15006000,4503001,1000,60000000,32000000,4502000,1500000,3002000,1500000,0,0,0,1502000,2495094,2.4951
distribute_parallel_for_4000_1500_1500,4000,1500,0,3000,22509000,6754501,1500,66000000,48000000,6753000,2250000,4503000,2250000,0,0,0,2253000,3770163,3.7702
distribute_parallel_for_4000_1500_2000,4000,2000,0,4000,30012000,9006001,2000,72000000,64000000,9004000,3000000,6004000,3000000,0,0,0,3004000,4980686,4.9807
distribute_parallel_for_4000_1500_2500,4000,2500,0,5000,37515000,11257501,2500,78000000,80000000,11255000,3750000,7505000,3750000,0,0,0,3755000,6097276,6.0973
distribute_parallel_for_4000_1500_3000,4000,3000,0,6000,45018000,13509001,3000,84000000,96000000,13506000,4500000,9006000,4500000,0,0,0,4506000,7368169,7.3682
distribute_parallel_for_4000_1500_3500,4000,3500,0,7000,52521000,15760501,3500,90000000,112000000,15757000,5250000,10507000,5250000,0,0,0,5257000,8811341,8.8113
distribute_parallel_for_400_100_100,400,100,0,200,100600,30301,100,400000,320000,30200,10000,20200,10000,0,0,0,10200,17370,0.0174
distribute_parallel_for_400_100_200,400,200,0,400,201200,60601,200,480000,640000,60400,20000,40400,20000,0,0,0,20400,40769,0.0408
distribute_parallel_for_400_100_300,400,300,0,600,301800,90901,300,560000,960000,90600,30000,60600,30000,0,0,0,30600,45494,0.0455
distribute_parallel_for_400_100_400,400,400,0,800,402400,121201,400,640000,1280000,120800,40000,80800,40000,0,0,0,40800,59185,0.0592
distribute_parallel_for_400_100_500,400,500,0,1000,503000,151501,500,720000,1600000,151000,50000,101000,50000,0,0,0,51000,74942,0.0749
distribute_parallel_for_400_100_600,400,600,0,1200,603600,181801,600,800000,1920000,181200,60000,121200,60000,0,0,0,61200,89616,0.0896
distribute_parallel_for_400_100_700,400,700,0,1400,704200,212101,700,880000,2240000,211400,70000,141400,70000,0,0,0,71400,121505,0.1215
distribute_parallel_for_400_100_800,400,800,0,1600,804800,242401,800,960000,2560000,241600,80000,161600,80000,0,0,0,81600,119647,0.1196
distribute_parallel_for_400_100_900,400,900,0,1800,905400,272701,900,1040000,2880000,271800,90000,181800,90000,0,0,0,91800,140369,0.1404
distribute_parallel_for_400_200_100,400,100,0,200,200600,60301,100,800000,320000,60200,20000,40200,20000,0,0,0,20200,30822,0.0308
distribute_parallel_for_400_200_200,400,200,0,400,401200,120601,200,960000,640000,120400,40000,80400,40000,0,0,0,40400,90173,0.0902
distribute_parallel_for_400_200_300,400,300,0,600,601800,180901,300,1120000,960000,180600,60000,120600,60000,0,0,0,60600,88552,0.0886
distribute_parallel_for_400_200_400,400,400,0,800,802400,241201,400,1280000,1280000,240800,80000,160800,80000,0,0,0,80800,123926,0.1239
distribute_parallel_for_400_200_500,400,500,0,1000,1003000,301501,500,1440000,1600000,301000,100000,201000,100000,0,0,0,101000,165590,0.1656
distribute_parallel_for_400_200_600,400,600,0,1200,1203600,361801,600,1600000,1920000,361200,120000,241200,120000,0,0,0,121200,180606,0.1806
distribute_parallel_for_400_200_700,400,700,0,1400,1404200,422101,700,1760000,2240000,421400,140000,281400,140000,0,0,0,141400,205620,0.2056
distribute_parallel_for_400_200_800,400,800,0,1600,1604800,482401,800,1920000,2560000,481600,160000,321600,160000,0,0,0,161600,254263,0.2543
distribute_parallel_for_400_200_900,400,900,0,1800,1805400,542701,900,2080000,2880000,541800,180000,361800,180000,0,0,0,181800,288609,0.2886
distribute_parallel_for_400_300_100,400,100,0,200,300600,90301,100,1200000,320000,90200,30000,60200,30000,0,0,0,30200,45696,0.0457
distribute_parallel_for_400_300_200,400,200,0,400,601200,180601,200,1440000,640000,180400,60000,120400,60000,0,0,0,60400,87619,0.0876
distribute_parallel_for_400_300_300,400,300,0,600,901800,270901,300,1680000,960000,270600,90000,180600,90000,0,0,0,90600,142032,0.1420
distribute_parallel_for_400_300_400,400,400,0,800,1202400,361201,400,1920000,1280000,360800,120000,240800,120000,0,0,0,120800,176008,0.1760
distribute_parallel_for_400_300_500,400,500,0,1000,1503000,451501,500,2160000,1600000,451000,150000,301000,150000,0,0,0,151000,219242,0.2192
distribute_parallel_for_400_300_600,400,600,0,1200,1803600,541801,600,2400000,1920000,541200,180000,361200,180000,0,0,0,181200,268422,0.2684
distribute_parallel_for_400_300_700,400,700,0,1400,2104200,632101,700,2640000,2240000,631400,210000,421400,210000,0,0,0,211400,342337,0.3423
distribute_parallel_for_400_300_800,400,800,0,1600,2404800,722401,800,2880000,2560000,721600,240000,481600,240000,0,0,0,241600,348355,0.3484
distribute_parallel_for_400_300_900,400,900,0,1800,2705400,812701,900,3120000,2880000,811800,270000,541800,270000,0,0,0,271800,406878,0.4069
distribute_parallel_for_400_400_100,400,100,0,200,400600,120301,100,1600000,320000,120200,40000,80200,40000,0,0,0,40200,63125,0.0631
distribute_parallel_for_400_400_200,400,200,0,400,801200,240601,200,1920000,640000,240400,80000,160400,80000,0,0,0,80400,121689,0.1217
distribute_parallel_for_400_400_300,400,300,0,600,1201800,360901,300,2240000,960000,360600,120000,240600,120000,0,0,0,120600,180017,0.1800
distribute_parallel_for_400_400_400,400,400,0,800,1602400,481201,400,2560000,1280000,480800,160000,320800,160000,0,0,0,160800,247963,0.2480
distribute_parallel_for_400_400_500,400,500,0,1000,2003000,601501,500,2880000,1600000,601000,200000,401000,200000,0,0,0,201000,387762,0.3878
distribute_parallel_for_400_400_600,400,600,0,1200,2403600,721801,600,3200000,1920000,721200,240000,481200,240000,0,0,0,241200,372710,0.3727
distribute_parallel_for_400_400_700,400,700,0,1400,2804200,842101,700,3520000,2240000,841400,280000,561400,280000,0,0,0,281400,504098,0.5041
distribute_parallel_for_400_400_800,400,800,0,1600,3204800,962401,800,3840000,2560000,961600,320000,641600,320000,0,0,0,321600,475705,0.4757
distribute_parallel_for_400_400_900,400,900,0,1800,3605400,1082701,900,4160000,2880000,1081800,360000,721800,360000,0,0,0,361800,534567,0.5346
distribute_parallel_for_400_500_100,400,100,0,200,500600,150301,100,2000000,320000,150200,50000,100200,50000,0,0,0,50200,75299,0.0753
distribute_parallel_for_400_500_200,400,200,0,400,1001200,300601,200,2400000,640000,300400,100000,200400,100000,0,0,0,100400,148482,0.1485
distribute_parallel_for_400_500_300,400,300,0,600,1501800,450901,300,2800000,960000,450600,150000,300600,150000,0,0,0,150600,218318,0.2183
distribute_parallel_for_400_500_400,400,400,0,800,2002400,601201,400,3200000,1280000,600800,200000,400800,200000,0,0,0,200800,298837,0.2988
distribute_parallel_for_400_500_500,400,500,0,1000,2503000,751501,500,3600000,1600000,751000,250000,501000,250000,0,0,0,251000,370113,0.3701
distribute_parallel_for_400_500_600,400,600,0,1200,3003600,901801,600,4000000,1920000,901200,300000,601200,300000,0,0,0,301200,457586,0.4576
distribute_parallel_for_400_500_700,400,700,0,1400,3504200,1052101,700,4400000,2240000,1051400,350000,701400,350000,0,0,0,351400,516764,0.5168
distribute_parallel_for_400_500_800,400,800,0,1600,4004800,1202401,800,4800000,2560000,1201600,400000,801600,400000,0,0,0,401600,668927,0.6689
distribute_parallel_for_400_500_900,400,900,0,1800,4505400,1352701,900,5200000,2880000,1351800,450000,901800,450000,0,0,0,451800,649407,0.6494
distribute_parallel_for_400_600_100,400,100,0,200,600600,180301,100,2400000,320000,180200,60000,120200,60000,0,0,0,60200,90643,0.0906
distribute_parallel_for_400_600_200,400,200,0,400,1201200,360601,200,2880000,640000,360400,120000,240400,120000,0,0,0,120400,175506,0.1755
distribute_parallel_for_400_600_300,400,300,0,600,1801800,540901,300,3360000,960000,540600,180000,360600,180000,0,0,0,180600,277761,0.2778
distribute_parallel_for_400_600_400,400,400,0,800,2402400,721201,400,3840000,1280000,720800,240000,480800,240000,0,0,0,240800,372270,0.3723
distribute_parallel_for_400_600_500,400,500,0,1000,3003000,901501,500,4320000,1600000,901000,300000,601000,300000,0,0,0,301000,435924,0.4359
distribute_parallel_for_400_600_600,400,600,0,1200,3603600,1081801,600,4800000,1920000,1081200,360000,721200,360000,0,0,0,361200,533348,0.5333
distribute_parallel_for_400_600_700,400,700,0,1400,4204200,1262101,700,5280000,2240000,1261400,420000,841400,420000,0,0,0,421400,642146,0.6421
distribute_parallel_for_400_600_800,400,800,0,1600,4804800,1442401,800,5760000,2560000,1441600,480000,961600,480000,0,0,0,481600,713483,0.7135
distribute_parallel_for_400_600_900,400,900,0,1800,5405400,1622701,900,6240000,2880000,1621800,540000,1081800,540000,0,0,0,541800,787220,0.7872
distribute_parallel_for_400_700_100,400,100,0,200,700600,210301,100,2800000,320000,210200,70000,140200,70000,0,0,0,70200,112111,0.1121
distribute_parallel_for_400_700_200,400,200,0,400,1401200,420601,200,3360000,640000,420400,140000,280400,140000,0,0,0,140400,204579,0.2046
distribute_parallel_for_400_700_300,400,300,0,600,2101800,630901,300,3920000,960000,630600,210000,420600,210000,0,0,0,210600,315037,0.3150
distribute_parallel_for_400_700_400,400,400,0,800,2802400,841201,400,4480000,1280000,840800,280000,560800,280000,0,0,0,280800,476952,0.4770
distribute_parallel_for_400_700_500,400,500,0,1000,3503000,1051501,500,5040000,1600000,1051000,350000,701000,350000,0,0,0,351000,581550,0.5816
distribute_parallel_for_400_700_600,400,600,0,1200,4203600,1261801,600,5600000,1920000,1261200,420000,841200,420000,0,0,0,421200,608020,0.6080
distribute_parallel_for_400_700_700,400,700,0,1400,4904200,1472101,700,6160000,2240000,1471400,490000,981400,490000,0,0,0,491400,763667,0.7637
distribute_parallel_for_400_700_800,400,800,0,1600,5604800,1682401,800,6720000,2560000,1681600,560000,1121600,560000,0,0,0,561600,814431,0.8144
distribute_parallel_for_400_700_900,400,900,0,1800,6305400,1892701,900,7280000,2880000,1891800,630000,1261800,630000,0,0,0,631800,912968,0.9130
distribute_parallel_for_400_800_100,400,100,0,200,800600,240301,100,3200000,320000,240200,80000,160200,80000,0,0,0,80200,121809,0.1218
distribute_parallel_for_400_800_200,400,200,0,400,1601200,480601,200,3840000,640000,480400,160000,320400,160000,0,0,0,160400,245616,0.2456
distribute_parallel_for_400_800_300,400,300,0,600,2401800,720901,300,4480000,960000,720600,240000,480600,240000,0,0,0,240600,422081,0.4221
distribute_parallel_for_400_800_400,400,400,0,800,3202400,961201,400,5120000,1280000,960800,320000,640800,320000,0,0,0,320800,474803,0.4748
distribute_parallel_for_400_800_500,400,500,0,1000,4003000,1201501,500,5760000,1600000,1201000,400000,801000,400000,0,0,0,401000,629151,0.6292
distribute_parallel_for_400_800_600,400,600,0,1200,4803600,1441801,600,6400000,1920000,1441200,480000,961200,480000,0,0,0,481200,717359,0.7174
distribute_parallel_for_400_800_700,400,700,0,1400,5604200,1682101,700,7040000,2240000,1681400,560000,1121400,560000,0,0,0,561400,845541,0.8455
distribute_parallel_for_400_800_800,400,800,0,1600,6404800,1922401,800,7680000,2560000,1921600,640000,1281600,640000,0,0,0,641600,965672,0.9657
distribute_parallel_for_400_800_900,400,900,0,1800,7205400,2162701,900,8320000,2880000,2161800,720000,1441800,720000,0,0,0,721800,1112030,1.1120
distribute_parallel_for_400_900_100,400,100,0,200,900600,270301,100,3600000,320000,270200,90000,180200,90000,0,0,0,90200,144690,0.1447
distribute_parallel_for_400_900_200,400,200,0,400,1801200,540601,200,4320000,640000,540400,180000,360400,180000,0,0,0,180400,260514,0.2605
distribute_parallel_for_400_900_300,400,300,0,600,2701800,810901,300,5040000,960000,810600,270000,540600,270000,0,0,0,270600,417316,0.4173
distribute_parallel_for_400_900_400,400,400,0,800,3602400,1081201,400,5760000,1280000,1080800,360000,720800,360000,0,0,0,360800,543783,0.5438
distribute_parallel_for_400_900_500,400,500,0,1000,4503000,1351501,500,6480000,1600000,1351000,450000,901000,450000,0,0,0,451000,653532,0.6535
distribute_parallel_for_400_900_600,400,600,0,1200,5403600,1621801,600,7200000,1920000,1621200,540000,1081200,540000,0,0,0,541200,784578,0.7846
distribute_parallel_for_400_900_700,400,700,0,1400,6304200,1892101,700,7920000,2240000,1891400,630000,1261400,630000,0,0,0,631400,981840,0.9818
distribute_parallel_for_400_900_800,400,800,0,1600,7204800,2162401,800,8640000,2560000,2161600,720000,1441600,720000,0,0,0,721600,1099257,1.0993
distribute_parallel_for_400_900_900,400,900,0,1800,8105400,2432701,900,9360000,2880000,2431800,810000,1621800,810000,0,0,0,811800,1168198,1.1682
distribute_parallel_for_500_100_100,500,100,0,200,100600,30301,100,480000,400000,30200,10000,20200,10000,0,0,0,10200,30351,0.0304
distribute_parallel_for_500_100_200,500,200,0,400,201200,60601,200,560000,800000,60400,20000,40400,20000,0,0,0,20400,33092,0.0331
distribute_parallel_for_500_100_300,500,300,0,600,301800,90901,300,640000,1200000,90600,30000,60600,30000,0,0,0,30600,44997,0.0450
distribute_parallel_for_500_100_400,500,400,0,800,402400,121201,400,720000,1600000,120800,40000,80800,40000,0,0,0,40800,60719,0.0607
distribute_parallel_for_500_100_500,500,500,0,1000,503000,151501,500,800000,2000000,151000,50000,101000,50000,0,0,0,51000,84527,0.0845
distribute_parallel_for_500_100_600,500,600,0,1200,603600,181801,600,880000,2400000,181200,60000,121200,60000,0,0,0,61200,91358,0.0914
distribute_parallel_for_500_100_700,500,700,0,1400,704200,212101,700,960000,2800000,211400,70000,141400,70000,0,0,0,71400,104277,0.1043
distribute_parallel_for_500_100_800,500,800,0,1600,804800,242401,800,1040000,3200000,241600,80000,161600,80000,0,0,0,81600,119132,0.1191
distribute_parallel_for_500_100_900,500,900,0,1800,905400,272701,900,1120000,3600000,271800,90000,181800,90000,0,0,0,91800,132624,0.1326
distribute_parallel_for_500_200_100,500,100,0,200,200600,60301,100,960000,400000,60200,20000,40200,20000,0,0,0,20200,31270,0.0313
distribute_parallel_for_500_200_200,500,200,0,400,401200,120601,200,1120000,800000,120400,40000,80400,40000,0,0,0,40400,72082,0.0721
distribute_parallel_for_500_200_300,500,300,0,600,601800,180901,300,1280000,1200000,180600,60000,120600,60000,0,0,0,60600,163949,0.1639
distribute_parallel_for_500_200_400,500,400,0,800,802400,241201,400,1440000,1600000,240800,80000,160800,80000,0,0,0,80800,119037,0.1190
distribute_parallel_for_500_200_500,500,500,0,1000,1003000,301501,500,1600000,2000000,301000,100000,201000,100000,0,0,0,101000,147647,0.1476
distribute_parallel_for_500_200_600,500,600,0,1200,1203600,361801,600,1760000,2400000,361200,120000,241200,120000,0,0,0,121200,177022,0.1770
distribute_parallel_for_500_200_700,500,700,0,1400,1404200,422101,700,1920000,2800000,421400,140000,281400,140000,0,0,0,141400,205766,0.2058
distribute_parallel_for_500_200_800,500,800,0,1600,1604800,482401,800,2080000,3200000,481600,160000,321600,160000,0,0,0,161600,347201,0.3472
distribute_parallel_for_500_200_900,500,900,0,1800,1805400,542701,900,2240000,3600000,541800,180000,361800,180000,0,0,0,181800,264377,0.2644
distribute_parallel_for_500_300_100,500,100,0,200,300600,90301,100,1440000,400000,90200,30000,60200,30000,0,0,0,30200,55741,0.0557
distribute_parallel_for_500_300_200,500,200,0,400,601200,180601,200,1680000,800000,180400,60000,120400,60000,0,0,0,60400,95198,0.0952
distribute_parallel_for_500_300_300,500,300,0,600,901800,270901,300,1920000,1200000,270600,90000,180600,90000,0,0,0,90600,131749,0.1317
distribute_parallel_for_500_300_400,500,400,0,800,1202400,361201,400,2160000,1600000,360800,120000,240800,120000,0,0,0,120800,181677,0.1817
distribute_parallel_for_500_300_500,500,500,0,1000,1503000,451501,500,2400000,2000000,451000,150000,301000,150000,0,0,0,151000,221665,0.2217
distribute_parallel_for_500_300_600,500,600,0,1200,1803600,541801,600,2640000,2400000,541200,180000,361200,180000,0,0,0,181200,316057,0.3161
distribute_parallel_for_500_300_700,500,700,0,1400,2104200,632101,700,2880000,2800000,631400,210000,421400,210000,0,0,0,211400,309612,0.3096
distribute_parallel_for_500_300_800,500,800,0,1600,2404800,722401,800,3120000,3200000,721600,240000,481600,240000,0,0,0,241600,349796,0.3498
distribute_parallel_for_500_300_900,500,900,0,1800,2705400,812701,900,3360000,3600000,811800,270000,541800,270000,0,0,0,271800,397530,0.3975
distribute_parallel_for_500_400_100,500,100,0,200,400600,120301,100,1920000,400000,120200,40000,80200,40000,0,0,0,40200,64011,0.0640
distribute_parallel_for_500_400_200,500,200,0,400,801200,240601,200,2240000,800000,240400,80000,160400,80000,0,0,0,80400,147065,0.1471
distribute_parallel_for_500_400_300,500,300,0,600,1201800,360901,300,2560000,1200000,360600,120000,240600,120000,0,0,0,120600,190396,0.1904
distribute_parallel_for_500_400_400,500,400,0,800,1602400,481201,400,2880000,1600000,480800,160000,320800,160000,0,0,0,160800,243861,0.2439
distribute_parallel_for_500_400_500,500,500,0,1000,2003000,601501,500,3200000,2000000,601000,200000,401000,200000,0,0,0,201000,303705,0.3037
distribute_parallel_for_500_400_600,500,600,0,1200,2403600,721801,600,3520000,2400000,721200,240000,481200,240000,0,0,0,241200,382934,0.3829
distribute_parallel_for_500_400_700,500,700,0,1400,2804200,842101,700,3840000,2800000,841400,280000,561400,280000,0,0,0,281400,439505,0.4395
distribute_parallel_for_500_400_800,500,800,0,1600,3204800,962401,800,4160000,3200000,961600,320000,641600,320000,0,0,0,321600,501096,0.5011
distribute_parallel_for_500_400_900,500,900,0,1800,3605400,1082701,900,4480000,3600000,1081800,360000,721800,360000,0,0,0,361800,534850,0.5349
distribute_parallel_for_500_500_100,500,100,0,200,500600,150301,100,2400000,400000,150200,50000,100200,50000,0,0,0,50200,75457,0.0755
distribute_parallel_for_500_500_200,500,200,0,400,1001200,300601,200,2800000,800000,300400,100000,200400,100000,0,0,0,100400,153642,0.1536
distribute_parallel_for_500_500_300,500,300,0,600,1501800,450901,300,3200000,1200000,450600,150000,300600,150000,0,0,0,150600,220824,0.2208
distribute_parallel_for_500_500_400,500,400,0,800,2002400,601201,400,3600000,1600000,600800,200000,400800,200000,0,0,0,200800,300764,0.3008
distribute_parallel_for_500_500_500,500,500,0,1000,2503000,751501,500,4000000,2000000,751000,250000,501000,250000,0,0,0,251000,414529,0.4145
distribute_parallel_for_500_500_600,500,600,0,1200,3003600,901801,600,4400000,2400000,901200,300000,601200,300000,0,0,0,301200,456755,0.4568
distribute_parallel_for_500_500_700,500,700,0,1400,3504200,1052101,700,4800000,2800000,1051400,350000,701400,350000,0,0,0,351400,592828,0.5928
distribute_parallel_for_500_500_800,500,800,0,1600,4004800,1202401,800,5200000,3200000,1201600,400000,801600,400000,0,0,0,401600,586632,0.5866
distribute_parallel_for_500_500_900,500,900,0,1800,4505400,1352701,900,5600000,3600000,1351800,450000,901800,450000,0,0,0,451800,674091,0.6741
distribute_parallel_for_500_600_100,500,100,0,200,600600,180301,100,2880000,400000,180200,60000,120200,60000,0,0,0,60200,89651,0.0897
distribute_parallel_for_500_600_200,500,200,0,400,1201200,360601,200,3360000,800000,360400,120000,240400,120000,0,0,0,120400,176239,0.1762
distribute_parallel_for_500_600_300,500,300,0,600,1801800,540901,300,3840000,1200000,540600,180000,360600,180000,0,0,0,180600,267508,0.2675
distribute_parallel_for_500_600_400,500,400,0,800,2402400,721201,400,4320000,1600000,720800,240000,480800,240000,0,0,0,240800,382570,0.3826
distribute_parallel_for_500_600_500,500,500,0,1000,3003000,901501,500,4800000,2000000,901000,300000,601000,300000,0,0,0,301000,462639,0.4626
distribute_parallel_for_500_600_600,500,600,0,1200,3603600,1081801,600,5280000,2400000,1081200,360000,721200,360000,0,0,0,361200,534499,0.5345
distribute_parallel_for_500_600_700,500,700,0,1400,4204200,1262101,700,5760000,2800000,1261400,420000,841400,420000,0,0,0,421400,626746,0.6267
distribute_parallel_for_500_600_800,500,800,0,1600,4804800,1442401,800,6240000,3200000,1441600,480000,961600,480000,0,0,0,481600,716036,0.7160
distribute_parallel_for_500_600_900,500,900,0,1800,5405400,1622701,900,6720000,3600000,1621800,540000,1081800,540000,0,0,0,541800,830267,0.8303
distribute_parallel_for_500_700_100,500,100,0,200,700600,210301,100,3360000,400000,210200,70000,140200,70000,0,0,0,70200,105081,0.1051
distribute_parallel_for_500_700_200,500,200,0,400,1401200,420601,200,3920000,800000,420400,140000,280400,140000,0,0,0,140400,229155,0.2292
distribute_parallel_for_500_700_300,500,300,0,600,2101800,630901,300,4480000,1200000,630600,210000,420600,210000,0,0,0,210600,372876,0.3729
distribute_parallel_for_500_700_400,500,400,0,800,2802400,841201,400,5040000,1600000,840800,280000,560800,280000,0,0,0,280800,410448,0.4104
distribute_parallel_for_500_700_500,500,500,0,1000,3503000,1051501,500,5600000,2000000,1051000,350000,701000,350000,0,0,0,351000,523130,0.5231
distribute_parallel_for_500_700_600,500,600,0,1200,4203600,1261801,600,6160000,2400000,1261200,420000,841200,420000,0,0,0,421200,612917,0.6129
distribute_parallel_for_500_700_700,500,700,0,1400,4904200,1472101,700,6720000,2800000,1471400,490000,981400,490000,0,0,0,491400,718028,0.7180
distribute_parallel_for_500_700_800,500,800,0,1600,5604800,1682401,800,7280000,3200000,1681600,560000,1121600,560000,0,0,0,561600,810243,0.8102
distribute_parallel_for_500_700_900,500,900,0,1800,6305400,1892701,900,7840000,3600000,1891800,630000,1261800,630000,0,0,0,631800,915728,0.9157
distribute_parallel_for_500_800_100,500,100,0,200,800600,240301,100,3840000,400000,240200,80000,160200,80000,0,0,0,80200,145173,0.1452
distribute_parallel_for_500_800_200,500,200,0,400,1601200,480601,200,4480000,800000,480400,160000,320400,160000,0,0,0,160400,252876,0.2529
distribute_parallel_for_500_800_300,500,300,0,600,2401800,720901,300,5120000,1200000,720600,240000,480600,240000,0,0,0,240600,357664,0.3577
distribute_parallel_for_500_800_400,500,400,0,800,3202400,961201,400,5760000,1600000,960800,320000,640800,320000,0,0,0,320800,657346,0.6573
distribute_parallel_for_500_800_500,500,500,0,1000,4003000,1201501,500,6400000,2000000,1201000,400000,801000,400000,0,0,0,401000,592109,0.5921
distribute_parallel_for_500_800_600,500,600,0,1200,4803600,1441801,600,7040000,2400000,1441200,480000,961200,480000,0,0,0,481200,711199,0.7112
distribute_parallel_for_500_800_700,500,700,0,1400,5604200,1682101,700,7680000,2800000,1681400,560000,1121400,560000,0,0,0,561400,838816,0.8388
distribute_parallel_for_500_800_800,500,800,0,1600,6404800,1922401,800,8320000,3200000,1921600,640000,1281600,640000,0,0,0,641600,983073,0.9831
distribute_parallel_for_500_800_900,500,900,0,1800,7205400,2162701,900,8960000,3600000,2161800,720000,1441800,720000,0,0,0,721800,1093435,1.0934
distribute_parallel_for_500_900_100,500,100,0,200,900600,270301,100,4320000,400000,270200,90000,180200,90000,0,0,0,90200,138259,0.1383
distribute_parallel_for_500_900_200,500,200,0,400,1801200,540601,200,5040000,800000,540400,180000,360400,180000,0,0,0,180400,306892,0.3069
distribute_parallel_for_500_900_300,500,300,0,600,2701800,810901,300,5760000,1200000,810600,270000,540600,270000,0,0,0,270600,393678,0.3937
distribute_parallel_for_500_900_400,500,400,0,800,3602400,1081201,400,6480000,1600000,1080800,360000,720800,360000,0,0,0,360800,548593,0.5486
distribute_parallel_for_500_900_500,500,500,0,1000,4503000,1351501,500,7200000,2000000,1351000,450000,901000,450000,0,0,0,451000,657991,0.6580
distribute_parallel_for_500_900_600,500,600,0,1200,5403600,1621801,600,7920000,2400000,1621200,540000,1081200,540000,0,0,0,541200,786360,0.7864
distribute_parallel_for_500_900_700,500,700,0,1400,6304200,1892101,700,8640000,2800000,1891400,630000,1261400,630000,0,0,0,631400,992846,0.9928
distribute_parallel_for_500_900_800,500,800,0,1600,7204800,2162401,800,9360000,3200000,2161600,720000,1441600,720000,0,0,0,721600,1076737,1.0767
distribute_parallel_for_500_900_900,500,900,0,1800,8105400,2432701,900,10080000,3600000,2431800,810000,1621800,810000,0,0,0,811800,1177804,1.1778
distribute_parallel_for_600_100_100,600,100,0,200,100600,30301,100,560000,480000,30200,10000,20200,10000,0,0,0,10200,16852,0.0169
distribute_parallel_for_600_100_200,600,200,0,400,201200,60601,200,640000,960000,60400,20000,40400,20000,0,0,0,20400,30754,0.0308
distribute_parallel_for_600_100_300,600,300,0,600,301800,90901,300,720000,1440000,90600,30000,60600,30000,0,0,0,30600,46647,0.0466
distribute_parallel_for_600_100_400,600,400,0,800,402400,121201,400,800000,1920000,120800,40000,80800,40000,0,0,0,40800,84640,0.0846
distribute_parallel_for_600_100_500,600,500,0,1000,503000,151501,500,880000,2400000,151000,50000,101000,50000,0,0,0,51000,91104,0.0911
distribute_parallel_for_600_100_600,600,600,0,1200,603600,181801,600,960000,2880000,181200,60000,121200,60000,0,0,0,61200,106096,0.1061
distribute_parallel_for_600_100_700,600,700,0,1400,704200,212101,700,1040000,3360000,211400,70000,141400,70000,0,0,0,71400,105024,0.1050
distribute_parallel_for_600_100_800,600,800,0,1600,804800,242401,800,1120000,3840000,241600,80000,161600,80000,0,0,0,81600,121076,0.1211
distribute_parallel_for_600_100_900,600,900,0,1800,905400,272701,900,1200000,4320000,271800,90000,181800,90000,0,0,0,91800,142015,0.1420
distribute_parallel_for_600_200_100,600,100,0,200,200600,60301,100,1120000,480000,60200,20000,40200,20000,0,0,0,20200,31510,0.0315
distribute_parallel_for_600_200_200,600,200,0,400,401200,120601,200,1280000,960000,120400,40000,80400,40000,0,0,0,40400,63162,0.0632
distribute_parallel_for_600_200_300,600,300,0,600,601800,180901,300,1440000,1440000,180600,60000,120600,60000,0,0,0,60600,92090,0.0921
distribute_parallel_for_600_200_400,600,400,0,800,802400,241201,400,1600000,1920000,240800,80000,160800,80000,0,0,0,80800,119689,0.1197
distribute_parallel_for_600_200_500,600,500,0,1000,1003000,301501,500,1760000,2400000,301000,100000,201000,100000,0,0,0,101000,182548,0.1825
distribute_parallel_for_600_200_600,600,600,0,1200,1203600,361801,600,1920000,2880000,361200,120000,241200,120000,0,0,0,121200,176594,0.1766
distribute_parallel_for_600_200_700,600,700,0,1400,1404200,422101,700,2080000,3360000,421400,140000,281400,140000,0,0,0,141400,205741,0.2057
distribute_parallel_for_600_200_800,600,800,0,1600,1604800,482401,800,2240000,3840000,481600,160000,321600,160000,0,0,0,161600,412040,0.4120
distribute_parallel_for_600_200_900,600,900,0,1800,1805400,542701,900,2400000,4320000,541800,180000,361800,180000,0,0,0,181800,334417,0.3344
distribute_parallel_for_600_300_100,600,100,0,200,300600,90301,100,1680000,480000,90200,30000,60200,30000,0,0,0,30200,51176,0.0512
distribute_parallel_for_600_300_200,600,200,0,400,601200,180601,200,1920000,960000,180400,60000,120400,60000,0,0,0,60400,91068,0.0911
distribute_parallel_for_600_300_300,600,300,0,600,901800,270901,300,2160000,1440000,270600,90000,180600,90000,0,0,0,90600,137447,0.1374
distribute_parallel_for_600_300_400,600,400,0,800,1202400,361201,400,2400000,1920000,360800,120000,240800,120000,0,0,0,120800,188079,0.1881
distribute_parallel_for_600_300_500,600,500,0,1000,1503000,451501,500,2640000,2400000,451000,150000,301000,150000,0,0,0,151000,220528,0.2205
distribute_parallel_for_600_300_600,600,600,0,1200,1803600,541801,600,2880000,2880000,541200,180000,361200,180000,0,0,0,181200,264213,0.2642
distribute_parallel_for_600_300_700,600,700,0,1400,2104200,632101,700,3120000,3360000,631400,210000,421400,210000,0,0,0,211400,361838,0.3618
distribute_parallel_for_600_300_800,600,800,0,1600,2404800,722401,800,3360000,3840000,721600,240000,481600,240000,0,0,0,241600,349507,0.3495
distribute_parallel_for_600_300_900,600,900,0,1800,2705400,812701,900,3600000,4320000,811800,270000,541800,270000,0,0,0,271800,396597,0.3966
distribute_parallel_for_600_400_100,600,100,0,200,400600,120301,100,2240000,480000,120200,40000,80200,40000,0,0,0,40200,62596,0.0626
distribute_parallel_for_600_400_200,600,200,0,400,801200,240601,200,2560000,960000,240400,80000,160400,80000,0,0,0,80400,126466,0.1265
distribute_parallel_for_600_400_300,600,300,0,600,1201800,360901,300,2880000,1440000,360600,120000,240600,120000,0,0,0,120600,179678,0.1797
distribute_parallel_for_600_400_400,600,400,0,800,1602400,481201,400,3200000,1920000,480800,160000,320800,160000,0,0,0,160800,263425,0.2634
distribute_parallel_for_600_400_500,600,500,0,1000,2003000,601501,500,3520000,2400000,601000,200000,401000,200000,0,0,0,201000,298291,0.2983
distribute_parallel_for_600_400_600,600,600,0,1200,2403600,721801,600,3840000,2880000,721200,240000,481200,240000,0,0,0,241200,357150,0.3572
distribute_parallel_for_600_400_700,600,700,0,1400,2804200,842101,700,4160000,3360000,841400,280000,561400,280000,0,0,0,281400,415897,0.4159
distribute_parallel_for_600_400_800,600,800,0,1600,3204800,962401,800,4480000,3840000,961600,320000,641600,320000,0,0,0,321600,505580,0.5056
distribute_parallel_for_600_400_900,600,900,0,1800,3605400,1082701,900,4800000,4320000,1081800,360000,721800,360000,0,0,0,361800,540657,0.5407
distribute_parallel_for_600_500_100,600,100,0,200,500600,150301,100,2800000,480000,150200,50000,100200,50000,0,0,0,50200,80941,0.0809
distribute_parallel_for_600_500_200,600,200,0,400,1001200,300601,200,3200000,960000,300400,100000,200400,100000,0,0,0,100400,148248,0.1482
distribute_parallel_for_600_500_300,600,300,0,600,1501800,450901,300,3600000,1440000,450600,150000,300600,150000,0,0,0,150600,290532,0.2905
distribute_parallel_for_600_500_400,600,400,0,800,2002400,601201,400,4000000,1920000,600800,200000,400800,200000,0,0,0,200800,292554,0.2926
distribute_parallel_for_600_500_500,600,500,0,1000,2503000,751501,500,4400000,2400000,751000,250000,501000,250000,0,0,0,251000,364001,0.3640
distribute_parallel_for_600_500_600,600,600,0,1200,3003600,901801,600,4800000,2880000,901200,300000,601200,300000,0,0,0,301200,462150,0.4622
distribute_parallel_for_600_500_700,600,700,0,1400,3504200,1052101,700,5200000,3360000,1051400,350000,701400,350000,0,0,0,351400,512791,0.5128
distribute_parallel_for_600_500_800,600,800,0,1600,4004800,1202401,800,5600000,3840000,1201600,400000,801600,400000,0,0,0,401600,602059,0.6021
distribute_parallel_for_600_500_900,600,900,0,1800,4505400,1352701,900,6000000,4320000,1351800,450000,901800,450000,0,0,0,451800,698803,0.6988
distribute_parallel_for_600_600_100,600,100,0,200,600600,180301,100,3360000,480000,180200,60000,120200,60000,0,0,0,60200,95484,0.0955
distribute_parallel_for_600_600_200,600,200,0,400,1201200,360601,200,3840000,960000,360400,120000,240400,120000,0,0,0,120400,183410,0.1834
distribute_parallel_for_600_600_300,600,300,0,600,1801800,540901,300,4320000,1440000,540600,180000,360600,180000,0,0,0,180600,294509,0.2945
distribute_parallel_for_600_600_400,600,400,0,800,2402400,721201,400,4800000,1920000,720800,240000,480800,240000,0,0,0,240800,360985,0.3610
distribute_parallel_for_600_600_500,600,500,0,1000,3003000,901501,500,5280000,2400000,901000,300000,601000,300000,0,0,0,301000,436903,0.4369
distribute_parallel_for_600_600_600,600,600,0,1200,3603600,1081801,600,5760000,2880000,1081200,360000,721200,360000,0,0,0,361200,522787,0.5228
distribute_parallel_for_600_600_700,600,700,0,1400,4204200,1262101,700,6240000,3360000,1261400,420000,841400,420000,0,0,0,421400,691567,0.6916
distribute_parallel_for_600_600_800,600,800,0,1600,4804800,1442401,800,6720000,3840000,1441600,480000,961600,480000,0,0,0,481600,793904,0.7939
distribute_parallel_for_600_600_900,600,900,0,1800,5405400,1622701,900,7200000,4320000,1621800,540000,1081800,540000,0,0,0,541800,801478,0.8015
distribute_parallel_for_600_700_100,600,100,0,200,700600,210301,100,3920000,480000,210200,70000,140200,70000,0,0,0,70200,104918,0.1049
distribute_parallel_for_600_700_200,600,200,0,400,1401200,420601,200,4480000,960000,420400,140000,280400,140000,0,0,0,140400,218179,0.2182
distribute_parallel_for_600_700_300,600,300,0,600,2101800,630901,300,5040000,1440000,630600,210000,420600,210000,0,0,0,210600,317116,0.3171
distribute_parallel_for_600_700_400,600,400,0,800,2802400,841201,400,5600000,1920000,840800,280000,560800,280000,0,0,0,280800,439784,0.4398
distribute_parallel_for_600_700_500,600,500,0,1000,3503000,1051501,500,6160000,2400000,1051000,350000,701000,350000,0,0,0,351000,544917,0.5449
distribute_parallel_for_600_700_600,600,600,0,1200,4203600,1261801,600,6720000,2880000,1261200,420000,841200,420000,0,0,0,421200,608665,0.6087
distribute_parallel_for_600_700_700,600,700,0,1400,4904200,1472101,700,7280000,3360000,1471400,490000,981400,490000,0,0,0,491400,713402,0.7134
distribute_parallel_for_600_700_800,600,800,0,1600,5604800,1682401,800,7840000,3840000,1681600,560000,1121600,560000,0,0,0,561600,866114,0.8661
distribute_parallel_for_600_700_900,600,900,0,1800,6305400,1892701,900,8400000,4320000,1891800,630000,1261800,630000,0,0,0,631800,945513,0.9455
distribute_parallel_for_600_800_100,600,100,0,200,800600,240301,100,4480000,480000,240200,80000,160200,80000,0,0,0,80200,128534,0.1285
distribute_parallel_for_600_800_200,600,200,0,400,1601200,480601,200,5120000,960000,480400,160000,320400,160000,0,0,0,160400,240205,0.2402
distribute_parallel_for_600_800_300,600,300,0,600,2401800,720901,300,5760000,1440000,720600,240000,480600,240000,0,0,0,240600,357259,0.3573
distribute_parallel_for_600_800_400,600,400,0,800,3202400,961201,400,6400000,1920000,960800,320000,640800,320000,0,0,0,320800,498183,0.4982
distribute_parallel_for_600_800_500,600,500,0,1000,4003000,1201501,500,7040000,2400000,1201000,400000,801000,400000,0,0,0,401000,595765,0.5958
distribute_parallel_for_600_800_600,600,600,0,1200,4803600,1441801,600,7680000,2880000,1441200,480000,961200,480000,0,0,0,481200,729428,0.7294
distribute_parallel_for_600_800_700,600,700,0,1400,5604200,1682101,700,8320000,3360000,1681400,560000,1121400,560000,0,0,0,561400,919398,0.9194
distribute_parallel_for_600_800_800,600,800,0,1600,6404800,1922401,800,8960000,3840000,1921600,640000,1281600,640000,0,0,0,641600,988398,0.9884
distribute_parallel_for_600_800_900,600,900,0,1800,7205400,2162701,900,9600000,4320000,2161800,720000,1441800,720000,0,0,0,721800,1065863,1.0659
distribute_parallel_for_600_900_100,600,100,0,200,900600,270301,100,5040000,480000,270200,90000,180200,90000,0,0,0,90200,133734,0.1337
distribute_parallel_for_600_900_200,600,200,0,400,1801200,540601,200,5760000,960000,540400,180000,360400,180000,0,0,0,180400,265007,0.2650
distribute_parallel_for_600_900_300,600,300,0,600,2701800,810901,300,6480000,1440000,810600,270000,540600,270000,0,0,0,270600,391893,0.3919
distribute_parallel_for_600_900_400,600,400,0,800,3602400,1081201,400,7200000,1920000,1080800,360000,720800,360000,0,0,0,360800,535431,0.5354
distribute_parallel_for_600_900_500,600,500,0,1000,4503000,1351501,500,7920000,2400000,1351000,450000,901000,450000,0,0,0,451000,702592,0.7026
distribute_parallel_for_600_900_600,600,600,0,1200,5403600,1621801,600,8640000,2880000,1621200,540000,1081200,540000,0,0,0,541200,819452,0.8195
distribute_parallel_for_600_900_700,600,700,0,1400,6304200,1892101,700,9360000,3360000,1891400,630000,1261400,630000,0,0,0,631400,929803,0.9298
distribute_parallel_for_600_900_800,600,800,0,1600,7204800,2162401,800,10080000,3840000,2161600,720000,1441600,720000,0,0,0,721600,1038004,1.0380
distribute_parallel_for_600_900_900,600,900,0,1800,8105400,2432701,900,10800000,4320000,2431800,810000,1621800,810000,0,0,0,811800,1189304,1.1893
distribute_parallel_for_700_100_100,700,100,0,200,100600,30301,100,640000,560000,30200,10000,20200,10000,0,0,0,10200,17959,0.0180
distribute_parallel_for_700_100_200,700,200,0,400,201200,60601,200,720000,1120000,60400,20000,40400,20000,0,0,0,20400,53305,0.0533
distribute_parallel_for_700_100_300,700,300,0,600,301800,90901,300,800000,1680000,90600,30000,60600,30000,0,0,0,30600,99564,0.0996
distribute_parallel_for_700_100_400,700,400,0,800,402400,121201,400,880000,2240000,120800,40000,80800,40000,0,0,0,40800,62985,0.0630
distribute_parallel_for_700_100_500,700,500,0,1000,503000,151501,500,960000,2800000,151000,50000,101000,50000,0,0,0,51000,75760,0.0758
distribute_parallel_for_700_100_600,700,600,0,1200,603600,181801,600,1040000,3360000,181200,60000,121200,60000,0,0,0,61200,90413,0.0904
distribute_parallel_for_700_100_700,700,700,0,1400,704200,212101,700,1120000,3920000,211400,70000,141400,70000,0,0,0,71400,104241,0.1042
distribute_parallel_for_700_100_800,700,800,0,1600,804800,242401,800,1200000,4480000,241600,80000,161600,80000,0,0,0,81600,119034,0.1190
distribute_parallel_for_700_100_900,700,900,0,1800,905400,272701,900,1280000,5040000,271800,90000,181800,90000,0,0,0,91800,135659,0.1357
distribute_parallel_for_700_200_100,700,100,0,200,200600,60301,100,1280000,560000,60200,20000,40200,20000,0,0,0,20200,30647,0.0306
distribute_parallel_for_700_200_200,700,200,0,400,401200,120601,200,1440000,1120000,120400,40000,80400,40000,0,0,0,40400,61313,0.0613
distribute_parallel_for_700_200_300,700,300,0,600,601800,180901,300,1600000,1680000,180600,60000,120600,60000,0,0,0,60600,105492,0.1055
distribute_parallel_for_700_200_400,700,400,0,800,802400,241201,400,1760000,2240000,240800,80000,160800,80000,0,0,0,80800,120969,0.1210
distribute_parallel_for_700_200_500,700,500,0,1000,1003000,301501,500,1920000,2800000,301000,100000,201000,100000,0,0,0,101000,152497,0.1525
distribute_parallel_for_700_200_600,700,600,0,1200,1203600,361801,600,2080000,3360000,361200,120000,241200,120000,0,0,0,121200,189237,0.1892
distribute_parallel_for_700_200_700,700,700,0,1400,1404200,422101,700,2240000,3920000,421400,140000,281400,140000,0,0,0,141400,206631,0.2066
distribute_parallel_for_700_200_800,700,800,0,1600,1604800,482401,800,2400000,4480000,481600,160000,321600,160000,0,0,0,161600,238909,0.2389
distribute_parallel_for_700_200_900,700,900,0,1800,1805400,542701,900,2560000,5040000,541800,180000,361800,180000,0,0,0,181800,298197,0.2982
distribute_parallel_for_700_300_100,700,100,0,200,300600,90301,100,1920000,560000,90200,30000,60200,30000,0,0,0,30200,47069,0.0471
distribute_parallel_for_700_300_200,700,200,0,400,601200,180601,200,2160000,1120000,180400,60000,120400,60000,0,0,0,60400,90204,0.0902
distribute_parallel_for_700_300_300,700,300,0,600,901800,270901,300,2400000,1680000,270600,90000,180600,90000,0,0,0,90600,146358,0.1464
distribute_parallel_for_700_300_400,700,400,0,800,1202400,361201,400,2640000,2240000,360800,120000,240800,120000,0,0,0,120800,232789,0.2328
distribute_parallel_for_700_300_500,700,500,0,1000,1503000,451501,500,2880000,2800000,451000,150000,301000,150000,0,0,0,151000,220082,0.2201
distribute_parallel_for_700_300_600,700,600,0,1200,1803600,541801,600,3120000,3360000,541200,180000,361200,180000,0,0,0,181200,304007,0.3040
distribute_parallel_for_700_300_700,700,700,0,1400,2104200,632101,700,3360000,3920000,631400,210000,421400,210000,0,0,0,211400,313813,0.3138
distribute_parallel_for_700_300_800,700,800,0,1600,2404800,722401,800,3600000,4480000,721600,240000,481600,240000,0,0,0,241600,407027,0.4070
distribute_parallel_for_700_300_900,700,900,0,1800,2705400,812701,900,3840000,5040000,811800,270000,541800,270000,0,0,0,271800,402412,0.4024
distribute_parallel_for_700_400_100,700,100,0,200,400600,120301,100,2560000,560000,120200,40000,80200,40000,0,0,0,40200,62800,0.0628
distribute_parallel_for_700_400_200,700,200,0,400,801200,240601,200,2880000,1120000,240400,80000,160400,80000,0,0,0,80400,122525,0.1225
distribute_parallel_for_700_400_300,700,300,0,600,1201800,360901,300,3200000,1680000,360600,120000,240600,120000,0,0,0,120600,186960,0.1870
distribute_parallel_for_700_400_400,700,400,0,800,1602400,481201,400,3520000,2240000,480800,160000,320800,160000,0,0,0,160800,239806,0.2398
distribute_parallel_for_700_400_500,700,500,0,1000,2003000,601501,500,3840000,2800000,601000,200000,401000,200000,0,0,0,201000,302114,0.3021
distribute_parallel_for_700_400_600,700,600,0,1200,2403600,721801,600,4160000,3360000,721200,240000,481200,240000,0,0,0,241200,362099,0.3621
distribute_parallel_for_700_400_700,700,700,0,1400,2804200,842101,700,4480000,3920000,841400,280000,561400,280000,0,0,0,281400,417558,0.4176
distribute_parallel_for_700_400_800,700,800,0,1600,3204800,962401,800,4800000,4480000,961600,320000,641600,320000,0,0,0,321600,521361,0.5214
distribute_parallel_for_700_400_900,700,900,0,1800,3605400,1082701,900,5120000,5040000,1081800,360000,721800,360000,0,0,0,361800,603886,0.6039
distribute_parallel_for_700_500_100,700,100,0,200,500600,150301,100,3200000,560000,150200,50000,100200,50000,0,0,0,50200,210947,0.2109
distribute_parallel_for_700_500_200,700,200,0,400,1001200,300601,200,3600000,1120000,300400,100000,200400,100000,0,0,0,100400,178994,0.1790
distribute_parallel_for_700_500_300,700,300,0,600,1501800,450901,300,4000000,1680000,450600,150000,300600,150000,0,0,0,150600,224653,0.2247
distribute_parallel_for_700_500_400,700,400,0,800,2002400,601201,400,4400000,2240000,600800,200000,400800,200000,0,0,0,200800,292466,0.2925
distribute_parallel_for_700_500_500,700,500,0,1000,2503000,751501,500,4800000,2800000,751000,250000,501000,250000,0,0,0,251000,364172,0.3642
distribute_parallel_for_700_500_600,700,600,0,1200,3003600,901801,600,5200000,3360000,901200,300000,601200,300000,0,0,0,301200,437073,0.4371
distribute_parallel_for_700_500_700,700,700,0,1400,3504200,1052101,700,5600000,3920000,1051400,350000,701400,350000,0,0,0,351400,557517,0.5575
distribute_parallel_for_700_500_800,700,800,0,1600,4004800,1202401,800,6000000,4480000,1201600,400000,801600,400000,0,0,0,401600,598421,0.5984
distribute_parallel_for_700_500_900,700,900,0,1800,4505400,1352701,900,6400000,5040000,1351800,450000,901800,450000,0,0,0,451800,670371,0.6704
distribute_parallel_for_700_600_100,700,100,0,200,600600,180301,100,3840000,560000,180200,60000,120200,60000,0,0,0,60200,90459,0.0905
distribute_parallel_for_700_600_200,700,200,0,400,1201200,360601,200,4320000,1120000,360400,120000,240400,120000,0,0,0,120400,194096,0.1941
distribute_parallel_for_700_600_300,700,300,0,600,1801800,540901,300,4800000,1680000,540600,180000,360600,180000,0,0,0,180600,264314,0.2643
distribute_parallel_for_700_600_400,700,400,0,800,2402400,721201,400,5280000,2240000,720800,240000,480800,240000,0,0,0,240800,355615,0.3556
distribute_parallel_for_700_600_500,700,500,0,1000,3003000,901501,500,5760000,2800000,901000,300000,601000,300000,0,0,0,301000,468160,0.4682
distribute_parallel_for_700_600_600,700,600,0,1200,3603600,1081801,600,6240000,3360000,1081200,360000,721200,360000,0,0,0,361200,535267,0.5353
distribute_parallel_for_700_600_700,700,700,0,1400,4204200,1262101,700,6720000,3920000,1261400,420000,841400,420000,0,0,0,421400,621858,0.6219
distribute_parallel_for_700_600_800,700,800,0,1600,4804800,1442401,800,7200000,4480000,1441600,480000,961600,480000,0,0,0,481600,710981,0.7110
distribute_parallel_for_700_600_900,700,900,0,1800,5405400,1622701,900,7680000,5040000,1621800,540000,1081800,540000,0,0,0,541800,897553,0.8976
distribute_parallel_for_700_700_100,700,100,0,200,700600,210301,100,4480000,560000,210200,70000,140200,70000,0,0,0,70200,104996,0.1050
distribute_parallel_for_700_700_200,700,200,0,400,1401200,420601,200,5040000,1120000,420400,140000,280400,140000,0,0,0,140400,210561,0.2106
distribute_parallel_for_700_700_300,700,300,0,600,2101800,630901,300,5600000,1680000,630600,210000,420600,210000,0,0,0,210600,401687,0.4017
distribute_parallel_for_700_700_400,700,400,0,800,2802400,841201,400,6160000,2240000,840800,280000,560800,280000,0,0,0,280800,416701,0.4167
distribute_parallel_for_700_700_500,700,500,0,1000,3503000,1051501,500,6720000,2800000,1051000,350000,701000,350000,0,0,0,351000,531521,0.5315
distribute_parallel_for_700_700_600,700,600,0,1200,4203600,1261801,600,7280000,3360000,1261200,420000,841200,420000,0,0,0,421200,609191,0.6092
distribute_parallel_for_700_700_700,700,700,0,1400,4904200,1472101,700,7840000,3920000,1471400,490000,981400,490000,0,0,0,491400,737674,0.7377
distribute_parallel_for_700_700_800,700,800,0,1600,5604800,1682401,800,8400000,4480000,1681600,560000,1121600,560000,0,0,0,561600,826109,0.8261
distribute_parallel_for_700_700_900,700,900,0,1800,6305400,1892701,900,8960000,5040000,1891800,630000,1261800,630000,0,0,0,631800,948963,0.9490
distribute_parallel_for_700_800_100,700,100,0,200,800600,240301,100,5120000,560000,240200,80000,160200,80000,0,0,0,80200,121962,0.1220
distribute_parallel_for_700_800_200,700,200,0,400,1601200,480601,200,5760000,1120000,480400,160000,320400,160000,0,0,0,160400,292334,0.2923
distribute_parallel_for_700_800_300,700,300,0,600,2401800,720901,300,6400000,1680000,720600,240000,480600,240000,0,0,0,240600,468899,0.4689
distribute_parallel_for_700_800_400,700,400,0,800,3202400,961201,400,7040000,2240000,960800,320000,640800,320000,0,0,0,320800,508638,0.5086
distribute_parallel_for_700_800_500,700,500,0,1000,4003000,1201501,500,7680000,2800000,1201000,400000,801000,400000,0,0,0,401000,641916,0.6419
distribute_parallel_for_700_800_600,700,600,0,1200,4803600,1441801,600,8320000,3360000,1441200,480000,961200,480000,0,0,0,481200,841877,0.8419
distribute_parallel_for_700_800_700,700,700,0,1400,5604200,1682101,700,8960000,3920000,1681400,560000,1121400,560000,0,0,0,561400,852261,0.8523
distribute_parallel_for_700_800_800,700,800,0,1600,6404800,1922401,800,9600000,4480000,1921600,640000,1281600,640000,0,0,0,641600,943980,0.9440
distribute_parallel_for_700_800_900,700,900,0,1800,7205400,2162701,900,10240000,5040000,2161800,720000,1441800,720000,0,0,0,721800,1063929,1.0639
distribute_parallel_for_700_900_100,700,100,0,200,900600,270301,100,5760000,560000,270200,90000,180200,90000,0,0,0,90200,134096,0.1341
distribute_parallel_for_700_900_200,700,200,0,400,1801200,540601,200,6480000,1120000,540400,180000,360400,180000,0,0,0,180400,264562,0.2646
distribute_parallel_for_700_900_300,700,300,0,600,2701800,810901,300,7200000,1680000,810600,270000,540600,270000,0,0,0,270600,421178,0.4212
distribute_parallel_for_700_900_400,700,400,0,800,3602400,1081201,400,7920000,2240000,1080800,360000,720800,360000,0,0,0,360800,644865,0.6449
distribute_parallel_for_700_900_500,700,500,0,1000,4503000,1351501,500,8640000,2800000,1351000,450000,901000,450000,0,0,0,451000,672197,0.6722
distribute_parallel_for_700_900_600,700,600,0,1200,5403600,1621801,600,9360000,3360000,1621200,540000,1081200,540000,0,0,0,541200,798901,0.7989
distribute_parallel_for_700_900_700,700,700,0,1400,6304200,1892101,700,10080000,3920000,1891400,630000,1261400,630000,0,0,0,631400,933734,0.9337
distribute_parallel_for_700_900_800,700,800,0,1600,7204800,2162401,800,10800000,4480000,2161600,720000,1441600,720000,0,0,0,721600,1051888,1.0519
distribute_parallel_for_700_900_900,700,900,0,1800,8105400,2432701,900,11520000,5040000,2431800,810000,1621800,810000,0,0,0,811800,1215407,1.2154
distribute_parallel_for_800_100_100,800,100,0,200,100600,30301,100,720000,640000,30200,10000,20200,10000,0,0,0,10200,16424,0.0164
distribute_parallel_for_800_100_200,800,200,0,400,201200,60601,200,800000,1280000,60400,20000,40400,20000,0,0,0,20400,31040,0.0310
distribute_parallel_for_800_100_300,800,300,0,600,301800,90901,300,880000,1920000,90600,30000,60600,30000,0,0,0,30600,47566,0.0476
distribute_parallel_for_800_100_400,800,400,0,800,402400,121201,400,960000,2560000,120800,40000,80800,40000,0,0,0,40800,75793,0.0758
distribute_parallel_for_800_100_500,800,500,0,1000,503000,151501,500,1040000,3200000,151000,50000,101000,50000,0,0,0,51000,114237,0.1142
distribute_parallel_for_800_100_600,800,600,0,1200,603600,181801,600,1120000,3840000,181200,60000,121200,60000,0,0,0,61200,90749,0.0907
distribute_parallel_for_800_100_700,800,700,0,1400,704200,212101,700,1200000,4480000,211400,70000,141400,70000,0,0,0,71400,122222,0.1222
distribute_parallel_for_800_100_800,800,800,0,1600,804800,242401,800,1280000,5120000,241600,80000,161600,80000,0,0,0,81600,118719,0.1187
distribute_parallel_for_800_100_900,800,900,0,1800,905400,272701,900,1360000,5760000,271800,90000,181800,90000,0,0,0,91800,134675,0.1347
distribute_parallel_for_800_200_100,800,100,0,200,200600,60301,100,1440000,640000,60200,20000,40200,20000,0,0,0,20200,31176,0.0312
distribute_parallel_for_800_200_200,800,200,0,400,401200,120601,200,1600000,1280000,120400,40000,80400,40000,0,0,0,40400,70676,0.0707
distribute_parallel_for_800_200_300,800,300,0,600,601800,180901,300,1760000,1920000,180600,60000,120600,60000,0,0,0,60600,99125,0.0991
distribute_parallel_for_800_200_400,800,400,0,800,802400,241201,400,1920000,2560000,240800,80000,160800,80000,0,0,0,80800,121431,0.1214
distribute_parallel_for_800_200_500,800,500,0,1000,1003000,301501,500,2080000,3200000,301000,100000,201000,100000,0,0,0,101000,148911,0.1489
distribute_parallel_for_800_200_600,800,600,0,1200,1203600,361801,600,2240000,3840000,361200,120000,241200,120000,0,0,0,121200,186881,0.1869
distribute_parallel_for_800_200_700,800,700,0,1400,1404200,422101,700,2400000,4480000,421400,140000,281400,140000,0,0,0,141400,208932,0.2089
distribute_parallel_for_800_200_800,800,800,0,1600,1604800,482401,800,2560000,5120000,481600,160000,321600,160000,0,0,0,161600,242757,0.2428
distribute_parallel_for_800_200_900,800,900,0,1800,1805400,542701,900,2720000,5760000,541800,180000,361800,180000,0,0,0,181800,268001,0.2680
distribute_parallel_for_800_300_100,800,100,0,200,300600,90301,100,2160000,640000,90200,30000,60200,30000,0,0,0,30200,81622,0.0816
distribute_parallel_for_800_300_200,800,200,0,400,601200,180601,200,2400000,1280000,180400,60000,120400,60000,0,0,0,60400,90249,0.0902
distribute_parallel_for_800_300_300,800,300,0,600,901800,270901,300,2640000,1920000,270600,90000,180600,90000,0,0,0,90600,146968,0.1470
distribute_parallel_for_800_300_400,800,400,0,800,1202400,361201,400,2880000,2560000,360800,120000,240800,120000,0,0,0,120800,192572,0.1926
distribute_parallel_for_800_300_500,800,500,0,1000,1503000,451501,500,3120000,3200000,451000,150000,301000,150000,0,0,0,151000,221083,0.2211
distribute_parallel_for_800_300_600,800,600,0,1200,1803600,541801,600,3360000,3840000,541200,180000,361200,180000,0,0,0,181200,369570,0.3696
distribute_parallel_for_800_300_700,800,700,0,1400,2104200,632101,700,3600000,4480000,631400,210000,421400,210000,0,0,0,211400,306509,0.3065
distribute_parallel_for_800_300_800,800,800,0,1600,2404800,722401,800,3840000,5120000,721600,240000,481600,240000,0,0,0,241600,363856,0.3639
distribute_parallel_for_800_300_900,800,900,0,1800,2705400,812701,900,4080000,5760000,811800,270000,541800,270000,0,0,0,271800,468756,0.4688
distribute_parallel_for_800_400_100,800,100,0,200,400600,120301,100,2880000,640000,120200,40000,80200,40000,0,0,0,40200,97360,0.0974
distribute_parallel_for_800_400_200,800,200,0,400,801200,240601,200,3200000,1280000,240400,80000,160400,80000,0,0,0,80400,121814,0.1218
distribute_parallel_for_800_400_300,800,300,0,600,1201800,360901,300,3520000,1920000,360600,120000,240600,120000,0,0,0,120600,184122,0.1841
distribute_parallel_for_800_400_400,800,400,0,800,1602400,481201,400,3840000,2560000,480800,160000,320800,160000,0,0,0,160800,240572,0.2406
distribute_parallel_for_800_400_500,800,500,0,1000,2003000,601501,500,4160000,3200000,601000,200000,401000,200000,0,0,0,201000,314132,0.3141
distribute_parallel_for_800_400_600,800,600,0,1200,2403600,721801,600,4480000,3840000,721200,240000,481200,240000,0,0,0,241200,384422,0.3844
distribute_parallel_for_800_400_700,800,700,0,1400,2804200,842101,700,4800000,4480000,841400,280000,561400,280000,0,0,0,281400,441922,0.4419
distribute_parallel_for_800_400_800,800,800,0,1600,3204800,962401,800,5120000,5120000,961600,320000,641600,320000,0,0,0,321600,527745,0.5277
distribute_parallel_for_800_400_900,800,900,0,1800,3605400,1082701,900,5440000,5760000,1081800,360000,721800,360000,0,0,0,361800,535455,0.5355
distribute_parallel_for_800_500_100,800,100,0,200,500600,150301,100,3600000,640000,150200,50000,100200,50000,0,0,0,50200,141358,0.1414
distribute_parallel_for_800_500_200,800,200,0,400,1001200,300601,200,4000000,1280000,300400,100000,200400,100000,0,0,0,100400,162319,0.1623
distribute_parallel_for_800_500_300,800,300,0,600,1501800,450901,300,4400000,1920000,450600,150000,300600,150000,0,0,0,150600,220511,0.2205
distribute_parallel_for_800_500_400,800,400,0,800,2002400,601201,400,4800000,2560000,600800,200000,400800,200000,0,0,0,200800,302888,0.3029
distribute_parallel_for_800_500_500,800,500,0,1000,2503000,751501,500,5200000,3200000,751000,250000,501000,250000,0,0,0,251000,368163,0.3682
distribute_parallel_for_800_500_600,800,600,0,1200,3003600,901801,600,5600000,3840000,901200,300000,601200,300000,0,0,0,301200,473164,0.4732
distribute_parallel_for_800_500_700,800,700,0,1400,3504200,1052101,700,6000000,4480000,1051400,350000,701400,350000,0,0,0,351400,516746,0.5167
distribute_parallel_for_800_500_800,800,800,0,1600,4004800,1202401,800,6400000,5120000,1201600,400000,801600,400000,0,0,0,401600,581998,0.5820
distribute_parallel_for_800_500_900,800,900,0,1800,4505400,1352701,900,6800000,5760000,1351800,450000,901800,450000,0,0,0,451800,680338,0.6803
distribute_parallel_for_800_600_100,800,100,0,200,600600,180301,100,4320000,640000,180200,60000,120200,60000,0,0,0,60200,97919,0.0979
distribute_parallel_for_800_600_200,800,200,0,400,1201200,360601,200,4800000,1280000,360400,120000,240400,120000,0,0,0,120400,178608,0.1786
distribute_parallel_for_800_600_300,800,300,0,600,1801800,540901,300,5280000,1920000,540600,180000,360600,180000,0,0,0,180600,264772,0.2648
distribute_parallel_for_800_600_400,800,400,0,800,2402400,721201,400,5760000,2560000,720800,240000,480800,240000,0,0,0,240800,360988,0.3610
distribute_parallel_for_800_600_500,800,500,0,1000,3003000,901501,500,6240000,3200000,901000,300000,601000,300000,0,0,0,301000,535527,0.5355
distribute_parallel_for_800_600_600,800,600,0,1200,3603600,1081801,600,6720000,3840000,1081200,360000,721200,360000,0,0,0,361200,524933,0.5249
distribute_parallel_for_800_600_700,800,700,0,1400,4204200,1262101,700,7200000,4480000,1261400,420000,841400,420000,0,0,0,421400,619220,0.6192
distribute_parallel_for_800_600_800,800,800,0,1600,4804800,1442401,800,7680000,5120000,1441600,480000,961600,480000,0,0,0,481600,710949,0.7109
distribute_parallel_for_800_600_900,800,900,0,1800,5405400,1622701,900,8160000,5760000,1621800,540000,1081800,540000,0,0,0,541800,809660,0.8097
distribute_parallel_for_800_700_100,800,100,0,200,700600,210301,100,5040000,640000,210200,70000,140200,70000,0,0,0,70200,137735,0.1377
distribute_parallel_for_800_700_200,800,200,0,400,1401200,420601,200,5600000,1280000,420400,140000,280400,140000,0,0,0,140400,207164,0.2072
distribute_parallel_for_800_700_300,800,300,0,600,2101800,630901,300,6160000,1920000,630600,210000,420600,210000,0,0,0,210600,307376,0.3074
distribute_parallel_for_800_700_400,800,400,0,800,2802400,841201,400,6720000,2560000,840800,280000,560800,280000,0,0,0,280800,420161,0.4202
distribute_parallel_for_800_700_500,800,500,0,1000,3503000,1051501,500,7280000,3200000,1051000,350000,701000,350000,0,0,0,351000,516537,0.5165
distribute_parallel_for_800_700_600,800,600,0,1200,4203600,1261801,600,7840000,3840000,1261200,420000,841200,420000,0,0,0,421200,609103,0.6091
distribute_parallel_for_800_700_700,800,700,0,1400,4904200,1472101,700,8400000,4480000,1471400,490000,981400,490000,0,0,0,491400,716248,0.7162
distribute_parallel_for_800_700_800,800,800,0,1600,5604800,1682401,800,8960000,5120000,1681600,560000,1121600,560000,0,0,0,561600,862091,0.8621
distribute_parallel_for_800_700_900,800,900,0,1800,6305400,1892701,900,9520000,5760000,1891800,630000,1261800,630000,0,0,0,631800,915415,0.9154
distribute_parallel_for_800_800_100,800,100,0,200,800600,240301,100,5760000,640000,240200,80000,160200,80000,0,0,0,80200,124565,0.1246
distribute_parallel_for_800_800_200,800,200,0,400,1601200,480601,200,6400000,1280000,480400,160000,320400,160000,0,0,0,160400,241842,0.2418
distribute_parallel_for_800_800_300,800,300,0,600,2401800,720901,300,7040000,1920000,720600,240000,480600,240000,0,0,0,240600,359274,0.3593
distribute_parallel_for_800_800_400,800,400,0,800,3202400,961201,400,7680000,2560000,960800,320000,640800,320000,0,0,0,320800,478227,0.4782
distribute_parallel_for_800_800_500,800,500,0,1000,4003000,1201501,500,8320000,3200000,1201000,400000,801000,400000,0,0,0,401000,630981,0.6310
distribute_parallel_for_800_800_600,800,600,0,1200,4803600,1441801,600,8960000,3840000,1441200,480000,961200,480000,0,0,0,481200,719643,0.7196
distribute_parallel_for_800_800_700,800,700,0,1400,5604200,1682101,700,9600000,4480000,1681400,560000,1121400,560000,0,0,0,561400,832348,0.8323
distribute_parallel_for_800_800_800,800,800,0,1600,6404800,1922401,800,10240000,5120000,1921600,640000,1281600,640000,0,0,0,641600,1010914,1.0109
distribute_parallel_for_800_800_900,800,900,0,1800,7205400,2162701,900,10880000,5760000,2161800,720000,1441800,720000,0,0,0,721800,1093936,1.0939
distribute_parallel_for_800_900_100,800,100,0,200,900600,270301,100,6480000,640000,270200,90000,180200,90000,0,0,0,90200,137010,0.1370
distribute_parallel_for_800_900_200,800,200,0,400,1801200,540601,200,7200000,1280000,540400,180000,360400,180000,0,0,0,180400,311534,0.3115
distribute_parallel_for_800_900_300,800,300,0,600,2701800,810901,300,7920000,1920000,810600,270000,540600,270000,0,0,0,270600,412517,0.4125
distribute_parallel_for_800_900_400,800,400,0,800,3602400,1081201,400,8640000,2560000,1080800,360000,720800,360000,0,0,0,360800,542205,0.5422
distribute_parallel_for_800_900_500,800,500,0,1000,4503000,1351501,500,9360000,3200000,1351000,450000,901000,450000,0,0,0,451000,685176,0.6852
distribute_parallel_for_800_900_600,800,600,0,1200,5403600,1621801,600,10080000,3840000,1621200,540000,1081200,540000,0,0,0,541200,815410,0.8154
distribute_parallel_for_800_900_700,800,700,0,1400,6304200,1892101,700,10800000,4480000,1891400,630000,1261400,630000,0,0,0,631400,945535,0.9455
distribute_parallel_for_800_900_800,800,800,0,1600,7204800,2162401,800,11520000,5120000,2161600,720000,1441600,720000,0,0,0,721600,1144176,1.1442
distribute_parallel_for_800_900_900,800,900,0,1800,8105400,2432701,900,12240000,5760000,2431800,810000,1621800,810000,0,0,0,811800,1212468,1.2125
distribute_parallel_for_900_100_100,900,100,0,200,100600,30301,100,800000,720000,30200,10000,20200,10000,0,0,0,10200,31415,0.0314
distribute_parallel_for_900_100_200,900,200,0,400,201200,60601,200,880000,1440000,60400,20000,40400,20000,0,0,0,20400,70820,0.0708
distribute_parallel_for_900_100_300,900,300,0,600,301800,90901,300,960000,2160000,90600,30000,60600,30000,0,0,0,30600,130483,0.1305
distribute_parallel_for_900_100_400,900,400,0,800,402400,121201,400,1040000,2880000,120800,40000,80800,40000,0,0,0,40800,61237,0.0612
distribute_parallel_for_900_100_500,900,500,0,1000,503000,151501,500,1120000,3600000,151000,50000,101000,50000,0,0,0,51000,85076,0.0851
distribute_parallel_for_900_100_600,900,600,0,1200,603600,181801,600,1200000,4320000,181200,60000,121200,60000,0,0,0,61200,104502,0.1045
distribute_parallel_for_900_100_700,900,700,0,1400,704200,212101,700,1280000,5040000,211400,70000,141400,70000,0,0,0,71400,104618,0.1046
distribute_parallel_for_900_100_800,900,800,0,1600,804800,242401,800,1360000,5760000,241600,80000,161600,80000,0,0,0,81600,130039,0.1300
distribute_parallel_for_900_100_900,900,900,0,1800,905400,272701,900,1440000,6480000,271800,90000,181800,90000,0,0,0,91800,185625,0.1856
distribute_parallel_for_900_1400_1400,900,1400,0,2800,19608400,5884201,1400,25760000,10080000,5882800,1960000,3922800,1960000,0,0,0,1962800,3153877,3.1539
distribute_parallel_for_900_1400_1900,900,1900,0,3800,26611400,7985701,1900,31360000,13680000,7983800,2660000,5323800,2660000,0,0,0,2663800,4206117,4.2061
distribute_parallel_for_900_1400_2400,900,2400,0,4800,33614400,10087201,2400,36960000,17280000,10084800,3360000,6724800,3360000,0,0,0,3364800,5323095,5.3231
distribute_parallel_for_900_1400_2900,900,2900,0,5800,40617400,12188701,2900,42560000,20880000,12185800,4060000,8125800,4060000,0,0,0,4065800,6414836,6.4148
distribute_parallel_for_900_1400_3400,900,3400,0,6800,47620400,14290201,3400,48160000,24480000,14286800,4760000,9526800,4760000,0,0,0,4766800,7524969,7.5250
distribute_parallel_for_900_1400_3900,900,3900,0,7800,54623400,16391701,3900,53760000,28080000,16387800,5460000,10927800,5460000,0,0,0,5467800,8635679,8.6357
distribute_parallel_for_900_1400_900,900,900,0,1800,12605400,3782701,900,20160000,6480000,3781800,1260000,2521800,1260000,0,0,0,1261800,2004370,2.0044
distribute_parallel_for_900_1900_1400,900,1400,0,2800,26608400,7984201,1400,34960000,10080000,7982800,2660000,5322800,2660000,0,0,0,2662800,4245871,4.2459
distribute_parallel_for_900_1900_1900,900,1900,0,3800,36111400,10835701,1900,42560000,13680000,10833800,3610000,7223800,3610000,0,0,0,3613800,5802244,5.8022
distribute_parallel_for_900_1900_2400,900,2400,0,4800,45614400,13687201,2400,50160000,17280000,13684800,4560000,9124800,4560000,0,0,0,4564800,7300876,7.3009
distribute_parallel_for_900_1900_2900,900,2900,0,5800,55117400,16538701,2900,57760000,20880000,16535800,5510000,11025800,5510000,0,0,0,5515800,8900559,8.9006
distribute_parallel_for_900_1900_3400,900,3400,0,6800,64620400,19390201,3400,65360000,24480000,19386800,6460000,12926800,6460000,0,0,0,6466800,10382839,10.3828
distribute_parallel_for_900_1900_3900,900,3900,0,7800,74123400,22241701,3900,72960000,28080000,22237800,7410000,14827800,7410000,0,0,0,7417800,11786536,11.7865
distribute_parallel_for_900_1900_900,900,900,0,1800,17105400,5132701,900,27360000,6480000,5131800,1710000,3421800,1710000,0,0,0,1711800,2855517,2.8555
distribute_parallel_for_900_200_100,900,100,0,200,200600,60301,100,1600000,720000,60200,20000,40200,20000,0,0,0,20200,32162,0.0322
distribute_parallel_for_900_200_200,900,200,0,400,401200,120601,200,1760000,1440000,120400,40000,80400,40000,0,0,0,40400,63167,0.0632
distribute_parallel_for_900_200_300,900,300,0,600,601800,180901,300,1920000,2160000,180600,60000,120600,60000,0,0,0,60600,91010,0.0910
distribute_parallel_for_900_200_400,900,400,0,800,802400,241201,400,2080000,2880000,240800,80000,160800,80000,0,0,0,80800,119517,0.1195
distribute_parallel_for_900_200_500,900,500,0,1000,1003000,301501,500,2240000,3600000,301000,100000,201000,100000,0,0,0,101000,173460,0.1735
distribute_parallel_for_900_200_600,900,600,0,1200,1203600,361801,600,2400000,4320000,361200,120000,241200,120000,0,0,0,121200,183020,0.1830
distribute_parallel_for_900_200_700,900,700,0,1400,1404200,422101,700,2560000,5040000,421400,140000,281400,140000,0,0,0,141400,207339,0.2073
distribute_parallel_for_900_200_800,900,800,0,1600,1604800,482401,800,2720000,5760000,481600,160000,321600,160000,0,0,0,161600,235269,0.2353
distribute_parallel_for_900_200_900,900,900,0,1800,1805400,542701,900,2880000,6480000,541800,180000,361800,180000,0,0,0,181800,305591,0.3056
distribute_parallel_for_900_2400_1400,900,1400,0,2800,33608400,10084201,1400,44160000,10080000,10082800,3360000,6722800,3360000,0,0,0,3362800,5380283,5.3803
distribute_parallel_for_900_2400_1900,900,1900,0,3800,45611400,13685701,1900,53760000,13680000,13683800,4560000,9123800,4560000,0,0,0,4563800,7258469,7.2585
distribute_parallel_for_900_2400_2400,900,2400,0,4800,57614400,17287201,2400,63360000,17280000,17284800,5760000,11524800,5760000,0,0,0,5764800,9194750,9.1948
distribute_parallel_for_900_2400_2900,900,2900,0,5800,69617400,20888701,2900,72960000,20880000,20885800,6960000,13925800,6960000,0,0,0,6965800,11121987,11.1220
distribute_parallel_for_900_2400_3400,900,3400,0,6800,81620400,24490201,3400,82560000,24480000,24486800,8160000,16326800,8160000,0,0,0,8166800,12968641,12.9686
distribute_parallel_for_900_2400_3900,900,3900,0,7800,93623400,28091701,3900,92160000,28080000,28087800,9360000,18727800,9360000,0,0,0,9367800,14901852,14.9019
distribute_parallel_for_900_2400_900,900,900,0,1800,21605400,6482701,900,34560000,6480000,6481800,2160000,4321800,2160000,0,0,0,2161800,3443645,3.4436
distribute_parallel_for_900_2900_1400,900,1400,0,2800,40608400,12184201,1400,53360000,10080000,12182800,4060000,8122800,4060000,0,0,0,4062800,6586588,6.5866
distribute_parallel_for_900_2900_1900,900,1900,0,3800,55111400,16535701,1900,64960000,13680000,16533800,5510000,11023800,5510000,0,0,0,5513800,8808119,8.8081
distribute_parallel_for_900_2900_2400,900,2400,0,4800,69614400,20887201,2400,76560000,17280000,20884800,6960000,13924800,6960000,0,0,0,6964800,11146454,11.1465
distribute_parallel_for_900_2900_2900,900,2900,0,5800,84117400,25238701,2900,88160000,20880000,25235800,8410000,16825800,8410000,0,0,0,8415800,13435115,13.4351
distribute_parallel_for_900_2900_3400,900,3400,0,6800,98620400,29590201,3400,99760000,24480000,29586800,9860000,19726800,9860000,0,0,0,9866800,15774598,15.7746
distribute_parallel_for_900_2900_3900,900,3900,0,7800,113123400,33941701,3900,111360000,28080000,33937800,11310000,22627800,11310000,0,0,0,11317800,18102750,18.1028
distribute_parallel_for_900_2900_900,900,900,0,1800,26105400,7832701,900,41760000,6480000,7831800,2610000,5221800,2610000,0,0,0,2611800,4175780,4.1758
distribute_parallel_for_900_300_100,900,100,0,200,300600,90301,100,2400000,720000,90200,30000,60200,30000,0,0,0,30200,46380,0.0464
distribute_parallel_for_900_300_200,900,200,0,400,601200,180601,200,2640000,1440000,180400,60000,120400,60000,0,0,0,60400,95845,0.0958
distribute_parallel_for_900_300_300,900,300,0,600,901800,270901,300,2880000,2160000,270600,90000,180600,90000,0,0,0,90600,168346,0.1683
distribute_parallel_for_900_300_400,900,400,0,800,1202400,361201,400,3120000,2880000,360800,120000,240800,120000,0,0,0,120800,240142,0.2401
distribute_parallel_for_900_300_500,900,500,0,1000,1503000,451501,500,3360000,3600000,451000,150000,301000,150000,0,0,0,151000,223343,0.2233
distribute_parallel_for_900_300_600,900,600,0,1200,1803600,541801,600,3600000,4320000,541200,180000,361200,180000,0,0,0,181200,271981,0.2720
distribute_parallel_for_900_300_700,900,700,0,1400,2104200,632101,700,3840000,5040000,631400,210000,421400,210000,0,0,0,211400,305997,0.3060
distribute_parallel_for_900_300_800,900,800,0,1600,2404800,722401,800,4080000,5760000,721600,240000,481600,240000,0,0,0,241600,349562,0.3496
distribute_parallel_for_900_300_900,900,900,0,1800,2705400,812701,900,4320000,6480000,811800,270000,541800,270000,0,0,0,271800,392857,0.3929
distribute_parallel_for_900_3400_1400,900,1400,0,2800,47608400,14284201,1400,62560000,10080000,14282800,4760000,9522800,4760000,0,0,0,4762800,7525570,7.5256
distribute_parallel_for_900_3400_1900,900,1900,0,3800,64611400,19385701,1900,76160000,13680000,19383800,6460000,12923800,6460000,0,0,0,6463800,10364285,10.3643
distribute_parallel_for_900_3400_2400,900,2400,0,4800,81614400,24487201,2400,89760000,17280000,24484800,8160000,16324800,8160000,0,0,0,8164800,12981925,12.9819
distribute_parallel_for_900_3400_2900,900,2900,0,5800,98617400,29588701,2900,103360000,20880000,29585800,9860000,19725800,9860000,0,0,0,9865800,15656709,15.6567
distribute_parallel_for_900_3400_3400,900,3400,0,6800,115620400,34690201,3400,116960000,24480000,34686800,11560000,23126800,11560000,0,0,0,11566800,18365408,18.3654
distribute_parallel_for_900_3400_3900,900,3900,0,7800,132623400,39791701,3900,130560000,28080000,39787800,13260000,26527800,13260000,0,0,0,13267800,21191936,21.1919
distribute_parallel_for_900_3400_900,900,900,0,1800,30605400,9182701,900,48960000,6480000,9181800,3060000,6121800,3060000,0,0,0,3061800,5046797,5.0468
distribute_parallel_for_900_3900_1400,900,1400,0,2800,54608400,16384201,1400,71760000,10080000,16382800,5460000,10922800,5460000,0,0,0,5462800,8757303,8.7573
distribute_parallel_for_900_3900_1900,900,1900,0,3800,74111400,22235701,1900,87360000,13680000,22233800,7410000,14823800,7410000,0,0,0,7413800,11832304,11.8323
distribute_parallel_for_900_3900_2400,900,2400,0,4800,93614400,28087201,2400,102960000,17280000,28084800,9360000,18724800,9360000,0,0,0,9364800,14978559,14.9786
distribute_parallel_for_900_3900_2900,900,2900,0,5800,113117400,33938701,2900,118560000,20880000,33935800,11310000,22625800,11310000,0,0,0,11315800,18059265,18.0593
distribute_parallel_for_900_3900_3400,900,3400,0,6800,132620400,39790201,3400,134160000,24480000,39786800,13260000,26526800,13260000,0,0,0,13266800,21209712,21.2097
distribute_parallel_for_900_3900_3900,900,3900,0,7800,152123400,45641701,3900,149760000,28080000,45637800,15210000,30427800,15210000,0,0,0,15217800,24263773,24.2638
distribute_parallel_for_900_3900_900,900,900,0,1800,35105400,10532701,900,56160000,6480000,10531800,3510000,7021800,3510000,0,0,0,3511800,5693161,5.6932
distribute_parallel_for_900_400_100,900,100,0,200,400600,120301,100,3200000,720000,120200,40000,80200,40000,0,0,0,40200,63858,0.0639
distribute_parallel_for_900_400_200,900,200,0,400,801200,240601,200,3520000,1440000,240400,80000,160400,80000,0,0,0,80400,146913,0.1469
distribute_parallel_for_900_400_300,900,300,0,600,1201800,360901,300,3840000,2160000,360600,120000,240600,120000,0,0,0,120600,183664,0.1837
distribute_parallel_for_900_400_400,900,400,0,800,1602400,481201,400,4160000,2880000,480800,160000,320800,160000,0,0,0,160800,315351,0.3154
distribute_parallel_for_900_400_500,900,500,0,1000,2003000,601501,500,4480000,3600000,601000,200000,401000,200000,0,0,0,201000,314572,0.3146
distribute_parallel_for_900_400_600,900,600,0,1200,2403600,721801,600,4800000,4320000,721200,240000,481200,240000,0,0,0,241200,369269,0.3693
distribute_parallel_for_900_400_700,900,700,0,1400,2804200,842101,700,5120000,5040000,841400,280000,561400,280000,0,0,0,281400,423764,0.4238
distribute_parallel_for_900_400_800,900,800,0,1600,3204800,962401,800,5440000,5760000,961600,320000,641600,320000,0,0,0,321600,482949,0.4829
distribute_parallel_for_900_400_900,900,900,0,1800,3605400,1082701,900,5760000,6480000,1081800,360000,721800,360000,0,0,0,361800,565904,0.5659
distribute_parallel_for_900_500_100,900,100,0,200,500600,150301,100,4000000,720000,150200,50000,100200,50000,0,0,0,50200,103029,0.1030
distribute_parallel_for_900_500_200,900,200,0,400,1001200,300601,200,4400000,1440000,300400,100000,200400,100000,0,0,0,100400,161503,0.1615
distribute_parallel_for_900_500_300,900,300,0,600,1501800,450901,300,4800000,2160000,450600,150000,300600,150000,0,0,0,150600,239166,0.2392
distribute_parallel_for_900_500_400,900,400,0,800,2002400,601201,400,5200000,2880000,600800,200000,400800,200000,0,0,0,200800,306364,0.3064
distribute_parallel_for_900_500_500,900,500,0,1000,2503000,751501,500,5600000,3600000,751000,250000,501000,250000,0,0,0,251000,394622,0.3946
distribute_parallel_for_900_500_600,900,600,0,1200,3003600,901801,600,6000000,4320000,901200,300000,601200,300000,0,0,0,301200,479458,0.4795
distribute_parallel_for_900_500_700,900,700,0,1400,3504200,1052101,700,6400000,5040000,1051400,350000,701400,350000,0,0,0,351400,517220,0.5172
distribute_parallel_for_900_500_800,900,800,0,1600,4004800,1202401,800,6800000,5760000,1201600,400000,801600,400000,0,0,0,401600,580392,0.5804
distribute_parallel_for_900_500_900,900,900,0,1800,4505400,1352701,900,7200000,6480000,1351800,450000,901800,450000,0,0,0,451800,650835,0.6508
distribute_parallel_for_900_600_100,900,100,0,200,600600,180301,100,4800000,720000,180200,60000,120200,60000,0,0,0,60200,90973,0.0910
distribute_parallel_for_900_600_200,900,200,0,400,1201200,360601,200,5280000,1440000,360400,120000,240400,120000,0,0,0,120400,185871,0.1859
distribute_parallel_for_900_600_300,900,300,0,600,1801800,540901,300,5760000,2160000,540600,180000,360600,180000,0,0,0,180600,305795,0.3058
distribute_parallel_for_900_600_400,900,400,0,800,2402400,721201,400,6240000,2880000,720800,240000,480800,240000,0,0,0,240800,393240,0.3932
distribute_parallel_for_900_600_500,900,500,0,1000,3003000,901501,500,6720000,3600000,901000,300000,601000,300000,0,0,0,301000,467597,0.4676
distribute_parallel_for_900_600_600,900,600,0,1200,3603600,1081801,600,7200000,4320000,1081200,360000,721200,360000,0,0,0,361200,522029,0.5220
distribute_parallel_for_900_600_700,900,700,0,1400,4204200,1262101,700,7680000,5040000,1261400,420000,841400,420000,0,0,0,421400,616542,0.6165
distribute_parallel_for_900_600_800,900,800,0,1600,4804800,1442401,800,8160000,5760000,1441600,480000,961600,480000,0,0,0,481600,708452,0.7085
distribute_parallel_for_900_600_900,900,900,0,1800,5405400,1622701,900,8640000,6480000,1621800,540000,1081800,540000,0,0,0,541800,784356,0.7844
distribute_parallel_for_900_700_100,900,100,0,200,700600,210301,100,5600000,720000,210200,70000,140200,70000,0,0,0,70200,124327,0.1243
distribute_parallel_for_900_700_200,900,200,0,400,1401200,420601,200,6160000,1440000,420400,140000,280400,140000,0,0,0,140400,207269,0.2073
distribute_parallel_for_900_700_300,900,300,0,600,2101800,630901,300,6720000,2160000,630600,210000,420600,210000,0,0,0,210600,324089,0.3241
distribute_parallel_for_900_700_400,900,400,0,800,2802400,841201,400,7280000,2880000,840800,280000,560800,280000,0,0,0,280800,408744,0.4087
distribute_parallel_for_900_700_500,900,500,0,1000,3503000,1051501,500,7840000,3600000,1051000,350000,701000,350000,0,0,0,351000,524398,0.5244
distribute_parallel_for_900_700_600,900,600,0,1200,4203600,1261801,600,8400000,4320000,1261200,420000,841200,420000,0,0,0,421200,612461,0.6125
distribute_parallel_for_900_700_700,900,700,0,1400,4904200,1472101,700,8960000,5040000,1471400,490000,981400,490000,0,0,0,491400,728599,0.7286
distribute_parallel_for_900_700_800,900,800,0,1600,5604800,1682401,800,9520000,5760000,1681600,560000,1121600,560000,0,0,0,561600,844478,0.8445
distribute_parallel_for_900_700_900,900,900,0,1800,6305400,1892701,900,10080000,6480000,1891800,630000,1261800,630000,0,0,0,631800,1006581,1.0066
distribute_parallel_for_900_800_100,900,100,0,200,800600,240301,100,6400000,720000,240200,80000,160200,80000,0,0,0,80200,126125,0.1261
distribute_parallel_for_900_800_200,900,200,0,400,1601200,480601,200,7040000,1440000,480400,160000,320400,160000,0,0,0,160400,244398,0.2444
distribute_parallel_for_900_800_300,900,300,0,600,2401800,720901,300,7680000,2160000,720600,240000,480600,240000,0,0,0,240600,368931,0.3689
distribute_parallel_for_900_800_400,900,400,0,800,3202400,961201,400,8320000,2880000,960800,320000,640800,320000,0,0,0,320800,481534,0.4815
distribute_parallel_for_900_800_500,900,500,0,1000,4003000,1201501,500,8960000,3600000,1201000,400000,801000,400000,0,0,0,401000,671902,0.6719
distribute_parallel_for_900_800_600,900,600,0,1200,4803600,1441801,600,9600000,4320000,1441200,480000,961200,480000,0,0,0,481200,729668,0.7297
distribute_parallel_for_900_800_700,900,700,0,1400,5604200,1682101,700,10240000,5040000,1681400,560000,1121400,560000,0,0,0,561400,1001366,1.0014
distribute_parallel_for_900_800_800,900,800,0,1600,6404800,1922401,800,10880000,5760000,1921600,640000,1281600,640000,0,0,0,641600,1010218,1.0102
distribute_parallel_for_900_800_900,900,900,0,1800,7205400,2162701,900,11520000,6480000,2161800,720000,1441800,720000,0,0,0,721800,1075745,1.0757
distribute_parallel_for_900_900_100,900,100,0,200,900600,270301,100,7200000,720000,270200,90000,180200,90000,0,0,0,90200,143978,0.1440
distribute_parallel_for_900_900_1400,900,1400,0,2800,12608400,3784201,1400,16560000,10080000,3782800,1260000,2522800,1260000,0,0,0,1262800,2086824,2.0868
distribute_parallel_for_900_900_1900,900,1900,0,3800,17111400,5135701,1900,20160000,13680000,5133800,1710000,3423800,1710000,0,0,0,1713800,2751077,2.7511
distribute_parallel_for_900_900_200,900,200,0,400,1801200,540601,200,7920000,1440000,540400,180000,360400,180000,0,0,0,180400,283117,0.2831
distribute_parallel_for_900_900_2400,900,2400,0,4800,21614400,6487201,2400,23760000,17280000,6484800,2160000,4324800,2160000,0,0,0,2164800,3517085,3.5171
distribute_parallel_for_900_900_2900,900,2900,0,5800,26117400,7838701,2900,27360000,20880000,7835800,2610000,5225800,2610000,0,0,0,2615800,4220930,4.2209
distribute_parallel_for_900_900_300,900,300,0,600,2701800,810901,300,8640000,2160000,810600,270000,540600,270000,0,0,0,270600,482478,0.4825
distribute_parallel_for_900_900_3400,900,3400,0,6800,30620400,9190201,3400,30960000,24480000,9186800,3060000,6126800,3060000,0,0,0,3066800,4979735,4.9797
distribute_parallel_for_900_900_3900,900,3900,0,7800,35123400,10541701,3900,34560000,28080000,10537800,3510000,7027800,3510000,0,0,0,3517800,5674910,5.6749
distribute_parallel_for_900_900_400,900,400,0,800,3602400,1081201,400,9360000,2880000,1080800,360000,720800,360000,0,0,0,360800,575358,0.5754
distribute_parallel_for_900_900_500,900,500,0,1000,4503000,1351501,500,10080000,3600000,1351000,450000,901000,450000,0,0,0,451000,723798,0.7238
distribute_parallel_for_900_900_600,900,600,0,1200,5403600,1621801,600,10800000,4320000,1621200,540000,1081200,540000,0,0,0,541200,866539,0.8665
distribute_parallel_for_900_900_700,900,700,0,1400,6304200,1892101,700,11520000,5040000,1891400,630000,1261400,630000,0,0,0,631400,1004291,1.0043
distribute_parallel_for_900_900_800,900,800,0,1600,7204800,2162401,800,12240000,5760000,2161600,720000,1441600,720000,0,0,0,721600,1168869,1.1689
distribute_parallel_for_900_900_900,900,900,0,1800,8105400,2432701,900,12960000,6480000,2431800,810000,1621800,810000,0,0,0,811800,1331297,1.3313
