distribute_parallel_for_split_1000_1000_1000,1000,1000,0,2000,10006000,3003001,1000,16000000,8000000,3002000,1000000,2002000,1000000,0,0,0,1002000,219757,0.2198
distribute_parallel_for_split_1000_1000_1500,1000,1500,0,3000,15009000,4504501,1500,20000000,12000000,4503000,1500000,3003000,1500000,0,0,0,1503000,319640,0.3196
distribute_parallel_for_split_1000_1000_2000,1000,2000,0,4000,20012000,6006001,2000,24000000,16000000,6004000,2000000,4004000,2000000,0,0,0,2004000,418273,0.4183
distribute_parallel_for_split_1000_1000_2500,1000,2500,0,5000,25015000,7507501,2500,28000000,20000000,7505000,2500000,5005000,2500000,0,0,0,2505000,530909,0.5309
distribute_parallel_for_split_1000_1000_3000,1000,3000,0,6000,30018000,9009001,3000,32000000,24000000,9006000,3000000,6006000,3000000,0,0,0,3006000,631297,0.6313
distribute_parallel_for_split_1000_1000_3500,1000,3500,0,7000,35021000,10510501,3500,36000000,28000000,10507000,3500000,7007000,3500000,0,0,0,3507000,737944,0.7379
distribute_parallel_for_split_1000_1000_4000,1000,4000,0,8000,40024000,12012001,4000,40000000,32000000,12008000,4000000,8008000,4000000,0,0,0,4008000,835835,0.8358
distribute_parallel_for_split_1000_1500_1000,1000,1000,0,2000,15006000,4503001,1000,24000000,8000000,4502000,1500000,3002000,1500000,0,0,0,1502000,325521,0.3255
distribute_parallel_for_split_1000_1500_1500,1000,1500,0,3000,22509000,6754501,1500,30000000,12000000,6753000,2250000,4503000,2250000,0,0,0,2253000,478492,0.4785
distribute_parallel_for_split_1000_1500_2000,1000,2000,0,4000,30012000,9006001,2000,36000000,16000000,9004000,3000000,6004000,3000000,0,0,0,3004000,627270,0.6273
distribute_parallel_for_split_1000_1500_2500,1000,2500,0,5000,37515000,11257501,2500,42000000,20000000,11255000,3750000,7505000,3750000,0,0,0,3755000,798684,0.7987
distribute_parallel_for_split_1000_1500_3000,1000,3000,0,6000,45018000,13509001,3000,48000000,24000000,13506000,4500000,9006000,4500000,0,0,0,4506000,947018,0.9470
distribute_parallel_for_split_1000_1500_3500,1000,3500,0,7000,52521000,15760501,3500,54000000,28000000,15757000,5250000,10507000,5250000,0,0,0,5257000,1109950,1.1099
distribute_parallel_for_split_1000_1500_4000,1000,4000,0,8000,60024000,18012001,4000,60000000,32000000,18008000,6000000,12008000,6000000,0,0,0,6008000,1250550,1.2506
distribute_parallel_for_split_1000_2000_1000,1000,1000,0,2000,20006000,6003001,1000,32000000,8000000,6002000,2000000,4002000,2000000,0,0,0,2002000,434760,0.4348
distribute_parallel_for_split_1000_2000_1500,1000,1500,0,3000,30009000,9004501,1500,40000000,12000000,9003000,3000000,6003000,3000000,0,0,0,3003000,634740,0.6347
distribute_parallel_for_split_1000_2000_2000,1000,2000,0,4000,40012000,12006001,2000,48000000,16000000,12004000,4000000,8004000,4000000,0,0,0,4004000,838408,0.8384
distribute_parallel_for_split_1000_2000_2500,1000,2500,0,5000,50015000,15007501,2500,56000000,20000000,15005000,5000000,10005000,5000000,0,0,0,5005000,1069891,1.0699
distribute_parallel_for_split_1000_2000_3000,1000,3000,0,6000,60018000,18009001,3000,64000000,24000000,18006000,6000000,12006000,6000000,0,0,0,6006000,1264677,1.2647
distribute_parallel_for_split_1000_2000_3500,1000,3500,0,7000,70021000,21010501,3500,72000000,28000000,21007000,7000000,14007000,7000000,0,0,0,7007000,1481782,1.4818
distribute_parallel_for_split_1000_2000_4000,1000,4000,0,8000,80024000,24012001,4000,80000000,32000000,24008000,8000000,16008000,8000000,0,0,0,8008000,1666438,1.6664
distribute_parallel_for_split_1000_2500_1000,1000,1000,0,2000,25006000,7503001,1000,40000000,8000000,7502000,2500000,5002000,2500000,0,0,0,2502000,546060,0.5461
distribute_parallel_for_split_1000_2500_1500,1000,1500,0,3000,37509000,11254501,1500,50000000,12000000,11253000,3750000,7503000,3750000,0,0,0,3753000,793169,0.7932
distribute_parallel_for_split_1000_2500_2000,1000,2000,0,4000,50012000,15006001,2000,60000000,16000000,15004000,5000000,10004000,5000000,0,0,0,5004000,1048212,1.0482
distribute_parallel_for_split_1000_2500_2500,1000,2500,0,5000,62515000,18757501,2500,70000000,20000000,18755000,6250000,12505000,6250000,0,0,0,6255000,1328803,1.3288
distribute_parallel_for_split_1000_2500_3000,1000,3000,0,6000,75018000,22509001,3000,80000000,24000000,22506000,7500000,15006000,7500000,0,0,0,7506000,1581171,1.5812
distribute_parallel_for_split_1000_2500_3500,1000,3500,0,7000,87521000,26260501,3500,90000000,28000000,26257000,8750000,17507000,8750000,0,0,0,8757000,1840547,1.8405
distribute_parallel_for_split_1000_2500_4000,1000,4000,0,8000,100024000,30012001,4000,100000000,32000000,30008000,10000000,20008000,10000000,0,0,0,10008000,2076097,2.0761
distribute_parallel_for_split_1000_3000_1000,1000,1000,0,2000,30006000,9003001,1000,48000000,8000000,9002000,3000000,6002000,3000000,0,0,0,3002000,653113,0.6531
distribute_parallel_for_split_1000_3000_1500,1000,1500,0,3000,45009000,13504501,1500,60000000,12000000,13503000,4500000,9003000,4500000,0,0,0,4503000,957067,0.9571
distribute_parallel_for_split_1000_3000_2000,1000,2000,0,4000,60012000,18006001,2000,72000000,16000000,18004000,6000000,12004000,6000000,0,0,0,6004000,1254959,1.2550
distribute_parallel_for_split_1000_3000_2500,1000,2500,0,5000,75015000,22507501,2500,84000000,20000000,22505000,7500000,15005000,7500000,0,0,0,7505000,1607064,1.6071
distribute_parallel_for_split_1000_3000_3000,1000,3000,0,6000,90018000,27009001,3000,96000000,24000000,27006000,9000000,18006000,9000000,0,0,0,9006000,1895709,1.8957
distribute_parallel_for_split_1000_3000_3500,1000,3500,0,7000,105021000,31510501,3500,108000000,28000000,31507000,10500000,21007000,10500000,0,0,0,10507000,2217051,2.2171
distribute_parallel_for_split_1000_3000_4000,1000,4000,0,8000,120024000,36012001,4000,120000000,32000000,36008000,12000000,24008000,12000000,0,0,0,12008000,2500674,2.5007
distribute_parallel_for_split_1000_3500_1000,1000,1000,0,2000,35006000,10503001,1000,56000000,8000000,10502000,3500000,7002000,3500000,0,0,0,3502000,759465,0.7595
distribute_parallel_for_split_1000_3500_1500,1000,1500,0,3000,52509000,15754501,1500,70000000,12000000,15753000,5250000,10503000,5250000,0,0,0,5253000,1114158,1.1142
distribute_parallel_for_split_1000_3500_2000,1000,2000,0,4000,70012000,21006001,2000,84000000,16000000,21004000,7000000,14004000,7000000,0,0,0,7004000,1466557,1.4666
distribute_parallel_for_split_1000_3500_2500,1000,2500,0,5000,87515000,26257501,2500,98000000,20000000,26255000,8750000,17505000,8750000,0,0,0,8755000,1870847,1.8708
distribute_parallel_for_split_1000_3500_3000,1000,3000,0,6000,105018000,31509001,3000,112000000,24000000,31506000,10500000,21006000,10500000,0,0,0,10506000,2209956,2.2100
distribute_parallel_for_split_1000_3500_3500,1000,3500,0,7000,122521000,36760501,3500,126000000,28000000,36757000,12250000,24507000,12250000,0,0,0,12257000,2585524,2.5855
distribute_parallel_for_split_1000_3500_4000,1000,4000,0,8000,140024000,42012001,4000,140000000,32000000,42008000,14000000,28008000,14000000,0,0,0,14008000,2918598,2.9186
distribute_parallel_for_split_1000_4000_1000,1000,1000,0,2000,40006000,12003001,1000,64000000,8000000,12002000,4000000,8002000,4000000,0,0,0,4002000,875970,0.8760
distribute_parallel_for_split_1000_4000_1500,1000,1500,0,3000,60009000,18004501,1500,80000000,12000000,18003000,6000000,12003000,6000000,0,0,0,6003000,1277045,1.2770
distribute_parallel_for_split_1000_4000_2000,1000,2000,0,4000,80012000,24006001,2000,96000000,16000000,24004000,8000000,16004000,8000000,0,0,0,8004000,1677872,1.6779
distribute_parallel_for_split_1000_4000_2500,1000,2500,0,5000,100015000,30007501,2500,112000000,20000000,30005000,10000000,20005000,10000000,0,0,0,10005000,2131070,2.1311
distribute_parallel_for_split_1000_4000_3000,1000,3000,0,6000,120018000,36009001,3000,128000000,24000000,36006000,12000000,24006000,12000000,0,0,0,12006000,2538059,2.5381
distribute_parallel_for_split_1000_4000_3500,1000,3500,0,7000,140021000,42010501,3500,144000000,28000000,42007000,14000000,28007000,14000000,0,0,0,14007000,2955172,2.9552
distribute_parallel_for_split_1000_4000_4000,1000,4000,0,8000,160024000,48012001,4000,160000000,32000000,48008000,16000000,32008000,16000000,0,0,0,16008000,3323574,3.3236
distribute_parallel_for_split_100_100_100,100,100,0,200,100600,30301,100,160000,80000,30200,10000,20200,10000,0,0,0,10200,3264,0.0033
distribute_parallel_for_split_100_100_200,100,200,0,400,201200,60601,200,240000,160000,60400,20000,40400,20000,0,0,0,20400,2972,0.0030
distribute_parallel_for_split_100_100_300,100,300,0,600,301800,90901,300,320000,240000,90600,30000,60600,30000,0,0,0,30600,3417,0.0034
distribute_parallel_for_split_100_100_400,100,400,0,800,402400,121201,400,400000,320000,120800,40000,80800,40000,0,0,0,40800,3621,0.0036
distribute_parallel_for_split_100_100_500,100,500,0,1000,503000,151501,500,480000,400000,151000,50000,101000,50000,0,0,0,51000,3786,0.0038
distribute_parallel_for_split_100_100_600,100,600,0,1200,603600,181801,600,560000,480000,181200,60000,121200,60000,0,0,0,61200,3690,0.0037
distribute_parallel_for_split_100_100_700,100,700,0,1400,704200,212101,700,640000,560000,211400,70000,141400,70000,0,0,0,71400,5795,0.0058
distribute_parallel_for_split_100_100_800,100,800,0,1600,804800,242401,800,720000,640000,241600,80000,161600,80000,0,0,0,81600,4894,0.0049
distribute_parallel_for_split_100_100_900,100,900,0,1800,905400,272701,900,800000,720000,271800,90000,181800,90000,0,0,0,91800,6217,0.0062
distribute_parallel_for_split_100_200_100,100,100,0,200,200600,60301,100,320000,80000,60200,20000,40200,20000,0,0,0,20200,2837,0.0028
distribute_parallel_for_split_100_200_200,100,200,0,400,401200,120601,200,480000,160000,120400,40000,80400,40000,0,0,0,40400,3544,0.0035
distribute_parallel_for_split_100_200_300,100,300,0,600,601800,180901,300,640000,240000,180600,60000,120600,60000,0,0,0,60600,4221,0.0042
distribute_parallel_for_split_100_200_400,100,400,0,800,802400,241201,400,800000,320000,240800,80000,160800,80000,0,0,0,80800,5271,0.0053
distribute_parallel_for_split_100_200_500,100,500,0,1000,1003000,301501,500,960000,400000,301000,100000,201000,100000,0,0,0,101000,7752,0.0078
distribute_parallel_for_split_100_200_600,100,600,0,1200,1203600,361801,600,1120000,480000,361200,120000,241200,120000,0,0,0,121200,6788,0.0068
distribute_parallel_for_split_100_200_700,100,700,0,1400,1404200,422101,700,1280000,560000,421400,140000,281400,140000,0,0,0,141400,7871,0.0079
distribute_parallel_for_split_100_200_800,100,800,0,1600,1604800,482401,800,1440000,640000,481600,160000,321600,160000,0,0,0,161600,8023,0.0080
distribute_parallel_for_split_100_200_900,100,900,0,1800,1805400,542701,900,1600000,720000,541800,180000,361800,180000,0,0,0,181800,10580,0.0106
distribute_parallel_for_split_100_300_100,100,100,0,200,300600,90301,100,480000,80000,90200,30000,60200,30000,0,0,0,30200,3373,0.0034
distribute_parallel_for_split_100_300_200,100,200,0,400,601200,180601,200,720000,160000,180400,60000,120400,60000,0,0,0,60400,4493,0.0045
distribute_parallel_for_split_100_300_300,100,300,0,600,901800,270901,300,960000,240000,270600,90000,180600,90000,0,0,0,90600,5903,0.0059
distribute_parallel_for_split_100_300_400,100,400,0,800,1202400,361201,400,1200000,320000,360800,120000,240800,120000,0,0,0,120800,6913,0.0069
distribute_parallel_for_split_100_300_500,100,500,0,1000,1503000,451501,500,1440000,400000,451000,150000,301000,150000,0,0,0,151000,7889,0.0079
distribute_parallel_for_split_100_300_600,100,600,0,1200,1803600,541801,600,1680000,480000,541200,180000,361200,180000,0,0,0,181200,9120,0.0091
distribute_parallel_for_split_100_300_700,100,700,0,1400,2104200,632101,700,1920000,560000,631400,210000,421400,210000,0,0,0,211400,9786,0.0098
distribute_parallel_for_split_100_300_800,100,800,0,1600,2404800,722401,800,2160000,640000,721600,240000,481600,240000,0,0,0,241600,10972,0.0110
distribute_parallel_for_split_100_300_900,100,900,0,1800,2705400,812701,900,2400000,720000,811800,270000,541800,270000,0,0,0,271800,12465,0.0125
distribute_parallel_for_split_100_400_100,100,100,0,200,400600,120301,100,640000,80000,120200,40000,80200,40000,0,0,0,40200,3958,0.0040
distribute_parallel_for_split_100_400_200,100,200,0,400,801200,240601,200,960000,160000,240400,80000,160400,80000,0,0,0,80400,5862,0.0059
distribute_parallel_for_split_100_400_300,100,300,0,600,1201800,360901,300,1280000,240000,360600,120000,240600,120000,0,0,0,120600,7380,0.0074
distribute_parallel_for_split_100_400_400,100,400,0,800,1602400,481201,400,1600000,320000,480800,160000,320800,160000,0,0,0,160800,9033,0.0090
distribute_parallel_for_split_100_400_500,100,500,0,1000,2003000,601501,500,1920000,400000,601000,200000,401000,200000,0,0,0,201000,9816,0.0098
distribute_parallel_for_split_100_400_600,100,600,0,1200,2403600,721801,600,2240000,480000,721200,240000,481200,240000,0,0,0,241200,11273,0.0113
distribute_parallel_for_split_100_400_700,100,700,0,1400,2804200,842101,700,2560000,560000,841400,280000,561400,280000,0,0,0,281400,13658,0.0137
distribute_parallel_for_split_100_400_800,100,800,0,1600,3204800,962401,800,2880000,640000,961600,320000,641600,320000,0,0,0,321600,14785,0.0148
distribute_parallel_for_split_100_400_900,100,900,0,1800,3605400,1082701,900,3200000,720000,1081800,360000,721800,360000,0,0,0,361800,16630,0.0166
distribute_parallel_for_split_100_500_100,100,100,0,200,500600,150301,100,800000,80000,150200,50000,100200,50000,0,0,0,50200,4508,0.0045
distribute_parallel_for_split_100_500_200,100,200,0,400,1001200,300601,200,1200000,160000,300400,100000,200400,100000,0,0,0,100400,6830,0.0068
distribute_parallel_for_split_100_500_300,100,300,0,600,1501800,450901,300,1600000,240000,450600,150000,300600,150000,0,0,0,150600,8372,0.0084
distribute_parallel_for_split_100_500_400,100,400,0,800,2002400,601201,400,2000000,320000,600800,200000,400800,200000,0,0,0,200800,10912,0.0109
distribute_parallel_for_split_100_500_500,100,500,0,1000,2503000,751501,500,2400000,400000,751000,250000,501000,250000,0,0,0,251000,12633,0.0126
distribute_parallel_for_split_100_500_600,100,600,0,1200,3003600,901801,600,2800000,480000,901200,300000,601200,300000,0,0,0,301200,13833,0.0138
distribute_parallel_for_split_100_500_700,100,700,0,1400,3504200,1052101,700,3200000,560000,1051400,350000,701400,350000,0,0,0,351400,15396,0.0154
distribute_parallel_for_split_100_500_800,100,800,0,1600,4004800,1202401,800,3600000,640000,1201600,400000,801600,400000,0,0,0,401600,16746,0.0167
distribute_parallel_for_split_100_500_900,100,900,0,1800,4505400,1352701,900,4000000,720000,1351800,450000,901800,450000,0,0,0,451800,19718,0.0197
distribute_parallel_for_split_100_600_100,100,100,0,200,600600,180301,100,960000,80000,180200,60000,120200,60000,0,0,0,60200,5320,0.0053
distribute_parallel_for_split_100_600_200,100,200,0,400,1201200,360601,200,1440000,160000,360400,120000,240400,120000,0,0,0,120400,7627,0.0076
distribute_parallel_for_split_100_600_300,100,300,0,600,1801800,540901,300,1920000,240000,540600,180000,360600,180000,0,0,0,180600,9637,0.0096
distribute_parallel_for_split_100_600_400,100,400,0,800,2402400,721201,400,2400000,320000,720800,240000,480800,240000,0,0,0,240800,11594,0.0116
distribute_parallel_for_split_100_600_500,100,500,0,1000,3003000,901501,500,2880000,400000,901000,300000,601000,300000,0,0,0,301000,13862,0.0139
distribute_parallel_for_split_100_600_600,100,600,0,1200,3603600,1081801,600,3360000,480000,1081200,360000,721200,360000,0,0,0,361200,16053,0.0161
distribute_parallel_for_split_100_600_700,100,700,0,1400,4204200,1262101,700,3840000,560000,1261400,420000,841400,420000,0,0,0,421400,18289,0.0183
distribute_parallel_for_split_100_600_800,100,800,0,1600,4804800,1442401,800,4320000,640000,1441600,480000,961600,480000,0,0,0,481600,23446,0.0234
distribute_parallel_for_split_100_600_900,100,900,0,1800,5405400,1622701,900,4800000,720000,1621800,540000,1081800,540000,0,0,0,541800,26587,0.0266
distribute_parallel_for_split_100_700_100,100,100,0,200,700600,210301,100,1120000,80000,210200,70000,140200,70000,0,0,0,70200,6212,0.0062
distribute_parallel_for_split_100_700_200,100,200,0,400,1401200,420601,200,1680000,160000,420400,140000,280400,140000,0,0,0,140400,8603,0.0086
distribute_parallel_for_split_100_700_300,100,300,0,600,2101800,630901,300,2240000,240000,630600,210000,420600,210000,0,0,0,210600,11978,0.0120
distribute_parallel_for_split_100_700_400,100,400,0,800,2802400,841201,400,2800000,320000,840800,280000,560800,280000,0,0,0,280800,13865,0.0139
distribute_parallel_for_split_100_700_500,100,500,0,1000,3503000,1051501,500,3360000,400000,1051000,350000,701000,350000,0,0,0,351000,15826,0.0158
distribute_parallel_for_split_100_700_600,100,600,0,1200,4203600,1261801,600,3920000,480000,1261200,420000,841200,420000,0,0,0,421200,20080,0.0201
distribute_parallel_for_split_100_700_700,100,700,0,1400,4904200,1472101,700,4480000,560000,1471400,490000,981400,490000,0,0,0,491400,21247,0.0212
distribute_parallel_for_split_100_700_800,100,800,0,1600,5604800,1682401,800,5040000,640000,1681600,560000,1121600,560000,0,0,0,561600,25707,0.0257
distribute_parallel_for_split_100_700_900,100,900,0,1800,6305400,1892701,900,5600000,720000,1891800,630000,1261800,630000,0,0,0,631800,28530,0.0285
distribute_parallel_for_split_100_800_100,100,100,0,200,800600,240301,100,1280000,80000,240200,80000,160200,80000,0,0,0,80200,7037,0.0070
distribute_parallel_for_split_100_800_200,100,200,0,400,1601200,480601,200,1920000,160000,480400,160000,320400,160000,0,0,0,160400,9604,0.0096
distribute_parallel_for_split_100_800_300,100,300,0,600,2401800,720901,300,2560000,240000,720600,240000,480600,240000,0,0,0,240600,12325,0.0123
distribute_parallel_for_split_100_800_400,100,400,0,800,3202400,961201,400,3200000,320000,960800,320000,640800,320000,0,0,0,320800,16475,0.0165
distribute_parallel_for_split_100_800_500,100,500,0,1000,4003000,1201501,500,3840000,400000,1201000,400000,801000,400000,0,0,0,401000,18977,0.0190
distribute_parallel_for_split_100_800_600,100,600,0,1200,4803600,1441801,600,4480000,480000,1441200,480000,961200,480000,0,0,0,481200,22904,0.0229
distribute_parallel_for_split_100_800_700,100,700,0,1400,5604200,1682101,700,5120000,560000,1681400,560000,1121400,560000,0,0,0,561400,27586,0.0276
distribute_parallel_for_split_100_800_800,100,800,0,1600,6404800,1922401,800,5760000,640000,1921600,640000,1281600,640000,0,0,0,641600,28009,0.0280
distribute_parallel_for_split_100_800_900,100,900,0,1800,7205400,2162701,900,6400000,720000,2161800,720000,1441800,720000,0,0,0,721800,32476,0.0325
distribute_parallel_for_split_100_900_100,100,100,0,200,900600,270301,100,1440000,80000,270200,90000,180200,90000,0,0,0,90200,7641,0.0076
distribute_parallel_for_split_100_900_200,100,200,0,400,1801200,540601,200,2160000,160000,540400,180000,360400,180000,0,0,0,180400,10623,0.0106
distribute_parallel_for_split_100_900_300,100,300,0,600,2701800,810901,300,2880000,240000,810600,270000,540600,270000,0,0,0,270600,13674,0.0137
distribute_parallel_for_split_100_900_400,100,400,0,800,3602400,1081201,400,3600000,320000,1080800,360000,720800,360000,0,0,0,360800,18410,0.0184
distribute_parallel_for_split_100_900_500,100,500,0,1000,4503000,1351501,500,4320000,400000,1351000,450000,901000,450000,0,0,0,451000,22305,0.0223
distribute_parallel_for_split_100_900_600,100,600,0,1200,5403600,1621801,600,5040000,480000,1621200,540000,1081200,540000,0,0,0,541200,27600,0.0276
distribute_parallel_for_split_100_900_700,100,700,0,1400,6304200,1892101,700,5760000,560000,1891400,630000,1261400,630000,0,0,0,631400,28946,0.0289
distribute_parallel_for_split_100_900_800,100,800,0,1600,7204800,2162401,800,6480000,640000,2161600,720000,1441600,720000,0,0,0,721600,29928,0.0299
distribute_parallel_for_split_100_900_900,100,900,0,1800,8105400,2432701,900,7200000,720000,2431800,810000,1621800,810000,0,0,0,811800,36423,0.0364
distribute_parallel_for_split_1050_1050_1050,1050,1050,0,2100,11031300,3310651,1050,17640000,8820000,3309600,1102500,2207100,1102500,0,0,0,1104600,292412,0.2924
distribute_parallel_for_split_1050_1050_1100,1050,1100,0,2200,11556600,3468301,1100,18060000,9240000,3467200,1155000,2312200,1155000,0,0,0,1157200,289277,0.2893
distribute_parallel_for_split_1050_1050_1150,1050,1150,0,2300,12081900,3625951,1150,18480000,9660000,3624800,1207500,2417300,1207500,0,0,0,1209800,295140,0.2951
distribute_parallel_for_split_1050_1050_1200,1050,1200,0,2400,12607200,3783601,1200,18900000,10080000,3782400,1260000,2522400,1260000,0,0,0,1262400,310851,0.3109
distribute_parallel_for_split_1050_1050_1250,1050,1250,0,2500,13132500,3941251,1250,19320000,10500000,3940000,1312500,2627500,1312500,0,0,0,1315000,329982,0.3300
distribute_parallel_for_split_1050_1050_1300,1050,1300,0,2600,13657800,4098901,1300,19740000,10920000,4097600,1365000,2732600,1365000,0,0,0,1367600,337812,0.3378
distribute_parallel_for_split_1050_1050_1350,1050,1350,0,2700,14183100,4256551,1350,20160000,11340000,4255200,1417500,2837700,1417500,0,0,0,1420200,358256,0.3583
distribute_parallel_for_split_1050_1050_1400,1050,1400,0,2800,14708400,4414201,1400,20580000,11760000,4412800,1470000,2942800,1470000,0,0,0,1472800,379896,0.3799
distribute_parallel_for_split_1050_1050_1450,1050,1450,0,2900,15233700,4571851,1450,21000000,12180000,4570400,1522500,3047900,1522500,0,0,0,1525400,394273,0.3943
distribute_parallel_for_split_1050_1050_1500,1050,1500,0,3000,15759000,4729501,1500,21420000,12600000,4728000,1575000,3153000,1575000,0,0,0,1578000,401631,0.4016
distribute_parallel_for_split_1050_1050_1550,1050,1550,0,3100,16284300,4887151,1550,21840000,13020000,4885600,1627500,3258100,1627500,0,0,0,1630600,430198,0.4302
distribute_parallel_for_split_1050_1050_1600,1050,1600,0,3200,16809600,5044801,1600,22260000,13440000,5043200,1680000,3363200,1680000,0,0,0,1683200,440521,0.4405
distribute_parallel_for_split_1050_1050_1650,1050,1650,0,3300,17334900,5202451,1650,22680000,13860000,5200800,1732500,3468300,1732500,0,0,0,1735800,459565,0.4596
distribute_parallel_for_split_1050_1050_1700,1050,1700,0,3400,17860200,5360101,1700,23100000,14280000,5358400,1785000,3573400,1785000,0,0,0,1788400,466515,0.4665
distribute_parallel_for_split_1050_1050_1750,1050,1750,0,3500,18385500,5517751,1750,23520000,14700000,5516000,1837500,3678500,1837500,0,0,0,1841000,455297,0.4553
distribute_parallel_for_split_1050_1050_1800,1050,1800,0,3600,18910800,5675401,1800,23940000,15120000,5673600,1890000,3783600,1890000,0,0,0,1893600,471305,0.4713
distribute_parallel_for_split_1050_1050_1850,1050,1850,0,3700,19436100,5833051,1850,24360000,15540000,5831200,1942500,3888700,1942500,0,0,0,1946200,491086,0.4911
distribute_parallel_for_split_1050_1050_1900,1050,1900,0,3800,19961400,5990701,1900,24780000,15960000,5988800,1995000,3993800,1995000,0,0,0,1998800,518324,0.5183
distribute_parallel_for_split_1050_1050_1950,1050,1950,0,3900,20486700,6148351,1950,25200000,16380000,6146400,2047500,4098900,2047500,0,0,0,2051400,504039,0.5040
distribute_parallel_for_split_1050_1050_2000,1050,2000,0,4000,21012000,6306001,2000,25620000,16800000,6304000,2100000,4204000,2100000,0,0,0,2104000,506225,0.5062
distribute_parallel_for_split_1050_1100_1050,1050,1050,0,2100,11556300,3468151,1050,18480000,8820000,3467100,1155000,2312100,1155000,0,0,0,1157100,287790,0.2878
distribute_parallel_for_split_1050_1100_1100,1050,1100,0,2200,12106600,3633301,1100,18920000,9240000,3632200,1210000,2422200,1210000,0,0,0,1212200,303243,0.3032
distribute_parallel_for_split_1050_1100_1150,1050,1150,0,2300,12656900,3798451,1150,19360000,9660000,3797300,1265000,2532300,1265000,0,0,0,1267300,304382,0.3044
distribute_parallel_for_split_1050_1100_1200,1050,1200,0,2400,13207200,3963601,1200,19800000,10080000,3962400,1320000,2642400,1320000,0,0,0,1322400,340356,0.3404
distribute_parallel_for_split_1050_1100_1250,1050,1250,0,2500,13757500,4128751,1250,20240000,10500000,4127500,1375000,2752500,1375000,0,0,0,1377500,353455,0.3535
distribute_parallel_for_split_1050_1100_1300,1050,1300,0,2600,14307800,4293901,1300,20680000,10920000,4292600,1430000,2862600,1430000,0,0,0,1432600,362505,0.3625
distribute_parallel_for_split_1050_1100_1350,1050,1350,0,2700,14858100,4459051,1350,21120000,11340000,4457700,1485000,2972700,1485000,0,0,0,1487700,370083,0.3701
distribute_parallel_for_split_1050_1100_1400,1050,1400,0,2800,15408400,4624201,1400,21560000,11760000,4622800,1540000,3082800,1540000,0,0,0,1542800,386815,0.3868
distribute_parallel_for_split_1050_1100_1450,1050,1450,0,2900,15958700,4789351,1450,22000000,12180000,4787900,1595000,3192900,1595000,0,0,0,1597900,398609,0.3986
distribute_parallel_for_split_1050_1100_1500,1050,1500,0,3000,16509000,4954501,1500,22440000,12600000,4953000,1650000,3303000,1650000,0,0,0,1653000,405082,0.4051
distribute_parallel_for_split_1050_1100_1550,1050,1550,0,3100,17059300,5119651,1550,22880000,13020000,5118100,1705000,3413100,1705000,0,0,0,1708100,431738,0.4317
distribute_parallel_for_split_1050_1100_1600,1050,1600,0,3200,17609600,5284801,1600,23320000,13440000,5283200,1760000,3523200,1760000,0,0,0,1763200,430099,0.4301
distribute_parallel_for_split_1050_1100_1650,1050,1650,0,3300,18159900,5449951,1650,23760000,13860000,5448300,1815000,3633300,1815000,0,0,0,1818300,445235,0.4452
distribute_parallel_for_split_1050_1100_1700,1050,1700,0,3400,18710200,5615101,1700,24200000,14280000,5613400,1870000,3743400,1870000,0,0,0,1873400,455609,0.4556
distribute_parallel_for_split_1050_1100_1750,1050,1750,0,3500,19260500,5780251,1750,24640000,14700000,5778500,1925000,3853500,1925000,0,0,0,1928500,473134,0.4731
distribute_parallel_for_split_1050_1100_1800,1050,1800,0,3600,19810800,5945401,1800,25080000,15120000,5943600,1980000,3963600,1980000,0,0,0,1983600,485695,0.4857
distribute_parallel_for_split_1050_1100_1850,1050,1850,0,3700,20361100,6110551,1850,25520000,15540000,6108700,2035000,4073700,2035000,0,0,0,2038700,496436,0.4964
distribute_parallel_for_split_1050_1100_1900,1050,1900,0,3800,20911400,6275701,1900,25960000,15960000,6273800,2090000,4183800,2090000,0,0,0,2093800,546395,0.5464
distribute_parallel_for_split_1050_1100_1950,1050,1950,0,3900,21461700,6440851,1950,26400000,16380000,6438900,2145000,4293900,2145000,0,0,0,2148900,527078,0.5271
distribute_parallel_for_split_1050_1100_2000,1050,2000,0,4000,22012000,6606001,2000,26840000,16800000,6604000,2200000,4404000,2200000,0,0,0,2204000,543716,0.5437
distribute_parallel_for_split_1050_1150_1050,1050,1050,0,2100,12081300,3625651,1050,19320000,8820000,3624600,1207500,2417100,1207500,0,0,0,1209600,297094,0.2971
distribute_parallel_for_split_1050_1150_1100,1050,1100,0,2200,12656600,3798301,1100,19780000,9240000,3797200,1265000,2532200,1265000,0,0,0,1267200,314847,0.3148
distribute_parallel_for_split_1050_1150_1150,1050,1150,0,2300,13231900,3970951,1150,20240000,9660000,3969800,1322500,2647300,1322500,0,0,0,1324800,327922,0.3279
distribute_parallel_for_split_1050_1150_1200,1050,1200,0,2400,13807200,4143601,1200,20700000,10080000,4142400,1380000,2762400,1380000,0,0,0,1382400,344730,0.3447
distribute_parallel_for_split_1050_1150_1250,1050,1250,0,2500,14382500,4316251,1250,21160000,10500000,4315000,1437500,2877500,1437500,0,0,0,1440000,400795,0.4008
distribute_parallel_for_split_1050_1150_1300,1050,1300,0,2600,14957800,4488901,1300,21620000,10920000,4487600,1495000,2992600,1495000,0,0,0,1497600,390605,0.3906
distribute_parallel_for_split_1050_1150_1350,1050,1350,0,2700,15533100,4661551,1350,22080000,11340000,4660200,1552500,3107700,1552500,0,0,0,1555200,405681,0.4057
distribute_parallel_for_split_1050_1150_1400,1050,1400,0,2800,16108400,4834201,1400,22540000,11760000,4832800,1610000,3222800,1610000,0,0,0,1612800,394502,0.3945
distribute_parallel_for_split_1050_1150_1450,1050,1450,0,2900,16683700,5006851,1450,23000000,12180000,5005400,1667500,3337900,1667500,0,0,0,1670400,416261,0.4163
distribute_parallel_for_split_1050_1150_1500,1050,1500,0,3000,17259000,5179501,1500,23460000,12600000,5178000,1725000,3453000,1725000,0,0,0,1728000,426808,0.4268
distribute_parallel_for_split_1050_1150_1550,1050,1550,0,3100,17834300,5352151,1550,23920000,13020000,5350600,1782500,3568100,1782500,0,0,0,1785600,444732,0.4447
distribute_parallel_for_split_1050_1150_1600,1050,1600,0,3200,18409600,5524801,1600,24380000,13440000,5523200,1840000,3683200,1840000,0,0,0,1843200,449256,0.4493
distribute_parallel_for_split_1050_1150_1650,1050,1650,0,3300,18984900,5697451,1650,24840000,13860000,5695800,1897500,3798300,1897500,0,0,0,1900800,465724,0.4657
distribute_parallel_for_split_1050_1150_1700,1050,1700,0,3400,19560200,5870101,1700,25300000,14280000,5868400,1955000,3913400,1955000,0,0,0,1958400,497386,0.4974
distribute_parallel_for_split_1050_1150_1750,1050,1750,0,3500,20135500,6042751,1750,25760000,14700000,6041000,2012500,4028500,2012500,0,0,0,2016000,496699,0.4967
distribute_parallel_for_split_1050_1150_1800,1050,1800,0,3600,20710800,6215401,1800,26220000,15120000,6213600,2070000,4143600,2070000,0,0,0,2073600,501263,0.5013
distribute_parallel_for_split_1050_1150_1850,1050,1850,0,3700,21286100,6388051,1850,26680000,15540000,6386200,2127500,4258700,2127500,0,0,0,2131200,519693,0.5197
distribute_parallel_for_split_1050_1150_1900,1050,1900,0,3800,21861400,6560701,1900,27140000,15960000,6558800,2185000,4373800,2185000,0,0,0,2188800,530546,0.5305
distribute_parallel_for_split_1050_1150_1950,1050,1950,0,3900,22436700,6733351,1950,27600000,16380000,6731400,2242500,4488900,2242500,0,0,0,2246400,547839,0.5478
distribute_parallel_for_split_1050_1150_2000,1050,2000,0,4000,23012000,6906001,2000,28060000,16800000,6904000,2300000,4604000,2300000,0,0,0,2304000,552442,0.5524
distribute_parallel_for_split_1050_1200_1050,1050,1050,0,2100,12606300,3783151,1050,20160000,8820000,3782100,1260000,2522100,1260000,0,0,0,1262100,310465,0.3105
distribute_parallel_for_split_1050_1200_1100,1050,1100,0,2200,13206600,3963301,1100,20640000,9240000,3962200,1320000,2642200,1320000,0,0,0,1322200,331352,0.3314
distribute_parallel_for_split_1050_1200_1150,1050,1150,0,2300,13806900,4143451,1150,21120000,9660000,4142300,1380000,2762300,1380000,0,0,0,1382300,337577,0.3376
distribute_parallel_for_split_1050_1200_1200,1050,1200,0,2400,14407200,4323601,1200,21600000,10080000,4322400,1440000,2882400,1440000,0,0,0,1442400,353773,0.3538
distribute_parallel_for_split_1050_1200_1250,1050,1250,0,2500,15007500,4503751,1250,22080000,10500000,4502500,1500000,3002500,1500000,0,0,0,1502500,381206,0.3812
distribute_parallel_for_split_1050_1200_1300,1050,1300,0,2600,15607800,4683901,1300,22560000,10920000,4682600,1560000,3122600,1560000,0,0,0,1562600,384404,0.3844
distribute_parallel_for_split_1050_1200_1350,1050,1350,0,2700,16208100,4864051,1350,23040000,11340000,4862700,1620000,3242700,1620000,0,0,0,1622700,406551,0.4066
distribute_parallel_for_split_1050_1200_1400,1050,1400,0,2800,16808400,5044201,1400,23520000,11760000,5042800,1680000,3362800,1680000,0,0,0,1682800,411788,0.4118
distribute_parallel_for_split_1050_1200_1450,1050,1450,0,2900,17408700,5224351,1450,24000000,12180000,5222900,1740000,3482900,1740000,0,0,0,1742900,431226,0.4312
distribute_parallel_for_split_1050_1200_1500,1050,1500,0,3000,18009000,5404501,1500,24480000,12600000,5403000,1800000,3603000,1800000,0,0,0,1803000,441953,0.4420
distribute_parallel_for_split_1050_1200_1550,1050,1550,0,3100,18609300,5584651,1550,24960000,13020000,5583100,1860000,3723100,1860000,0,0,0,1863100,459000,0.4590
distribute_parallel_for_split_1050_1200_1600,1050,1600,0,3200,19209600,5764801,1600,25440000,13440000,5763200,1920000,3843200,1920000,0,0,0,1923200,481302,0.4813
distribute_parallel_for_split_1050_1200_1650,1050,1650,0,3300,19809900,5944951,1650,25920000,13860000,5943300,1980000,3963300,1980000,0,0,0,1983300,487452,0.4875
distribute_parallel_for_split_1050_1200_1700,1050,1700,0,3400,20410200,6125101,1700,26400000,14280000,6123400,2040000,4083400,2040000,0,0,0,2043400,501824,0.5018
distribute_parallel_for_split_1050_1200_1750,1050,1750,0,3500,21010500,6305251,1750,26880000,14700000,6303500,2100000,4203500,2100000,0,0,0,2103500,513205,0.5132
distribute_parallel_for_split_1050_1200_1800,1050,1800,0,3600,21610800,6485401,1800,27360000,15120000,6483600,2160000,4323600,2160000,0,0,0,2163600,533662,0.5337
distribute_parallel_for_split_1050_1200_1850,1050,1850,0,3700,22211100,6665551,1850,27840000,15540000,6663700,2220000,4443700,2220000,0,0,0,2223700,547340,0.5473
distribute_parallel_for_split_1050_1200_1900,1050,1900,0,3800,22811400,6845701,1900,28320000,15960000,6843800,2280000,4563800,2280000,0,0,0,2283800,553270,0.5533
distribute_parallel_for_split_1050_1200_1950,1050,1950,0,3900,23411700,7025851,1950,28800000,16380000,7023900,2340000,4683900,2340000,0,0,0,2343900,575652,0.5757
distribute_parallel_for_split_1050_1200_2000,1050,2000,0,4000,24012000,7206001,2000,29280000,16800000,7204000,2400000,4804000,2400000,0,0,0,2404000,576815,0.5768
distribute_parallel_for_split_1050_1250_1050,1050,1050,0,2100,13131300,3940651,1050,21000000,8820000,3939600,1312500,2627100,1312500,0,0,0,1314600,321122,0.3211
distribute_parallel_for_split_1050_1250_1100,1050,1100,0,2200,13756600,4128301,1100,21500000,9240000,4127200,1375000,2752200,1375000,0,0,0,1377200,346259,0.3463
distribute_parallel_for_split_1050_1250_1150,1050,1150,0,2300,14381900,4315951,1150,22000000,9660000,4314800,1437500,2877300,1437500,0,0,0,1439800,355570,0.3556
distribute_parallel_for_split_1050_1250_1200,1050,1200,0,2400,15007200,4503601,1200,22500000,10080000,4502400,1500000,3002400,1500000,0,0,0,1502400,377940,0.3779
distribute_parallel_for_split_1050_1250_1250,1050,1250,0,2500,15632500,4691251,1250,23000000,10500000,4690000,1562500,3127500,1562500,0,0,0,1565000,397204,0.3972
distribute_parallel_for_split_1050_1250_1300,1050,1300,0,2600,16257800,4878901,1300,23500000,10920000,4877600,1625000,3252600,1625000,0,0,0,1627600,410548,0.4105
distribute_parallel_for_split_1050_1250_1350,1050,1350,0,2700,16883100,5066551,1350,24000000,11340000,5065200,1687500,3377700,1687500,0,0,0,1690200,448914,0.4489
distribute_parallel_for_split_1050_1250_1400,1050,1400,0,2800,17508400,5254201,1400,24500000,11760000,5252800,1750000,3502800,1750000,0,0,0,1752800,432936,0.4329
distribute_parallel_for_split_1050_1250_1450,1050,1450,0,2900,18133700,5441851,1450,25000000,12180000,5440400,1812500,3627900,1812500,0,0,0,1815400,451987,0.4520
distribute_parallel_for_split_1050_1250_1500,1050,1500,0,3000,18759000,5629501,1500,25500000,12600000,5628000,1875000,3753000,1875000,0,0,0,1878000,479299,0.4793
distribute_parallel_for_split_1050_1250_1550,1050,1550,0,3100,19384300,5817151,1550,26000000,13020000,5815600,1937500,3878100,1937500,0,0,0,1940600,488997,0.4890
distribute_parallel_for_split_1050_1250_1600,1050,1600,0,3200,20009600,6004801,1600,26500000,13440000,6003200,2000000,4003200,2000000,0,0,0,2003200,483174,0.4832
distribute_parallel_for_split_1050_1250_1650,1050,1650,0,3300,20634900,6192451,1650,27000000,13860000,6190800,2062500,4128300,2062500,0,0,0,2065800,526268,0.5263
distribute_parallel_for_split_1050_1250_1700,1050,1700,0,3400,21260200,6380101,1700,27500000,14280000,6378400,2125000,4253400,2125000,0,0,0,2128400,523445,0.5234
distribute_parallel_for_split_1050_1250_1750,1050,1750,0,3500,21885500,6567751,1750,28000000,14700000,6566000,2187500,4378500,2187500,0,0,0,2191000,536322,0.5363
distribute_parallel_for_split_1050_1250_1800,1050,1800,0,3600,22510800,6755401,1800,28500000,15120000,6753600,2250000,4503600,2250000,0,0,0,2253600,549065,0.5491
distribute_parallel_for_split_1050_1250_1850,1050,1850,0,3700,23136100,6943051,1850,29000000,15540000,6941200,2312500,4628700,2312500,0,0,0,2316200,565743,0.5657
distribute_parallel_for_split_1050_1250_1900,1050,1900,0,3800,23761400,7130701,1900,29500000,15960000,7128800,2375000,4753800,2375000,0,0,0,2378800,608277,0.6083
distribute_parallel_for_split_1050_1250_1950,1050,1950,0,3900,24386700,7318351,1950,30000000,16380000,7316400,2437500,4878900,2437500,0,0,0,2441400,595676,0.5957
distribute_parallel_for_split_1050_1250_2000,1050,2000,0,4000,25012000,7506001,2000,30500000,16800000,7504000,2500000,5004000,2500000,0,0,0,2504000,634811,0.6348
distribute_parallel_for_split_1050_1300_1050,1050,1050,0,2100,13656300,4098151,1050,21840000,8820000,4097100,1365000,2732100,1365000,0,0,0,1367100,354163,0.3542
distribute_parallel_for_split_1050_1300_1100,1050,1100,0,2200,14306600,4293301,1100,22360000,9240000,4292200,1430000,2862200,1430000,0,0,0,1432200,377454,0.3775
distribute_parallel_for_split_1050_1300_1150,1050,1150,0,2300,14956900,4488451,1150,22880000,9660000,4487300,1495000,2992300,1495000,0,0,0,1497300,361097,0.3611
distribute_parallel_for_split_1050_1300_1200,1050,1200,0,2400,15607200,4683601,1200,23400000,10080000,4682400,1560000,3122400,1560000,0,0,0,1562400,380742,0.3807
distribute_parallel_for_split_1050_1300_1250,1050,1250,0,2500,16257500,4878751,1250,23920000,10500000,4877500,1625000,3252500,1625000,0,0,0,1627500,407957,0.4080
distribute_parallel_for_split_1050_1300_1300,1050,1300,0,2600,16907800,5073901,1300,24440000,10920000,5072600,1690000,3382600,1690000,0,0,0,1692600,420937,0.4209
distribute_parallel_for_split_1050_1300_1350,1050,1350,0,2700,17558100,5269051,1350,24960000,11340000,5267700,1755000,3512700,1755000,0,0,0,1757700,438306,0.4383
distribute_parallel_for_split_1050_1300_1400,1050,1400,0,2800,18208400,5464201,1400,25480000,11760000,5462800,1820000,3642800,1820000,0,0,0,1822800,444580,0.4446
distribute_parallel_for_split_1050_1300_1450,1050,1450,0,2900,18858700,5659351,1450,26000000,12180000,5657900,1885000,3772900,1885000,0,0,0,1887900,470666,0.4707
distribute_parallel_for_split_1050_1300_1500,1050,1500,0,3000,19509000,5854501,1500,26520000,12600000,5853000,1950000,3903000,1950000,0,0,0,1953000,475092,0.4751
distribute_parallel_for_split_1050_1300_1550,1050,1550,0,3100,20159300,6049651,1550,27040000,13020000,6048100,2015000,4033100,2015000,0,0,0,2018100,499191,0.4992
distribute_parallel_for_split_1050_1300_1600,1050,1600,0,3200,20809600,6244801,1600,27560000,13440000,6243200,2080000,4163200,2080000,0,0,0,2083200,504397,0.5044
distribute_parallel_for_split_1050_1300_1650,1050,1650,0,3300,21459900,6439951,1650,28080000,13860000,6438300,2145000,4293300,2145000,0,0,0,2148300,527831,0.5278
distribute_parallel_for_split_1050_1300_1700,1050,1700,0,3400,22110200,6635101,1700,28600000,14280000,6633400,2210000,4423400,2210000,0,0,0,2213400,546209,0.5462
distribute_parallel_for_split_1050_1300_1750,1050,1750,0,3500,22760500,6830251,1750,29120000,14700000,6828500,2275000,4553500,2275000,0,0,0,2278500,558666,0.5587
distribute_parallel_for_split_1050_1300_1800,1050,1800,0,3600,23410800,7025401,1800,29640000,15120000,7023600,2340000,4683600,2340000,0,0,0,2343600,574778,0.5748
distribute_parallel_for_split_1050_1300_1850,1050,1850,0,3700,24061100,7220551,1850,30160000,15540000,7218700,2405000,4813700,2405000,0,0,0,2408700,590465,0.5905
distribute_parallel_for_split_1050_1300_1900,1050,1900,0,3800,24711400,7415701,1900,30680000,15960000,7413800,2470000,4943800,2470000,0,0,0,2473800,605422,0.6054
distribute_parallel_for_split_1050_1300_1950,1050,1950,0,3900,25361700,7610851,1950,31200000,16380000,7608900,2535000,5073900,2535000,0,0,0,2538900,616326,0.6163
distribute_parallel_for_split_1050_1300_2000,1050,2000,0,4000,26012000,7806001,2000,31720000,16800000,7804000,2600000,5204000,2600000,0,0,0,2604000,629555,0.6296
distribute_parallel_for_split_1050_1350_1050,1050,1050,0,2100,14181300,4255651,1050,22680000,8820000,4254600,1417500,2837100,1417500,0,0,0,1419600,352743,0.3527
distribute_parallel_for_split_1050_1350_1100,1050,1100,0,2200,14856600,4458301,1100,23220000,9240000,4457200,1485000,2972200,1485000,0,0,0,1487200,378432,0.3784
distribute_parallel_for_split_1050_1350_1150,1050,1150,0,2300,15531900,4660951,1150,23760000,9660000,4659800,1552500,3107300,1552500,0,0,0,1554800,374364,0.3744
distribute_parallel_for_split_1050_1350_1200,1050,1200,0,2400,16207200,4863601,1200,24300000,10080000,4862400,1620000,3242400,1620000,0,0,0,1622400,401734,0.4017
distribute_parallel_for_split_1050_1350_1250,1050,1250,0,2500,16882500,5066251,1250,24840000,10500000,5065000,1687500,3377500,1687500,0,0,0,1690000,425713,0.4257
distribute_parallel_for_split_1050_1350_1300,1050,1300,0,2600,17557800,5268901,1300,25380000,10920000,5267600,1755000,3512600,1755000,0,0,0,1757600,441695,0.4417
distribute_parallel_for_split_1050_1350_1350,1050,1350,0,2700,18233100,5471551,1350,25920000,11340000,5470200,1822500,3647700,1822500,0,0,0,1825200,457280,0.4573
distribute_parallel_for_split_1050_1350_1400,1050,1400,0,2800,18908400,5674201,1400,26460000,11760000,5672800,1890000,3782800,1890000,0,0,0,1892800,467749,0.4677
distribute_parallel_for_split_1050_1350_1450,1050,1450,0,2900,19583700,5876851,1450,27000000,12180000,5875400,1957500,3917900,1957500,0,0,0,1960400,488850,0.4889
distribute_parallel_for_split_1050_1350_1500,1050,1500,0,3000,20259000,6079501,1500,27540000,12600000,6078000,2025000,4053000,2025000,0,0,0,2028000,493401,0.4934
distribute_parallel_for_split_1050_1350_1550,1050,1550,0,3100,20934300,6282151,1550,28080000,13020000,6280600,2092500,4188100,2092500,0,0,0,2095600,531507,0.5315
distribute_parallel_for_split_1050_1350_1600,1050,1600,0,3200,21609600,6484801,1600,28620000,13440000,6483200,2160000,4323200,2160000,0,0,0,2163200,532085,0.5321
distribute_parallel_for_split_1050_1350_1650,1050,1650,0,3300,22284900,6687451,1650,29160000,13860000,6685800,2227500,4458300,2227500,0,0,0,2230800,574927,0.5749
distribute_parallel_for_split_1050_1350_1700,1050,1700,0,3400,22960200,6890101,1700,29700000,14280000,6888400,2295000,4593400,2295000,0,0,0,2298400,566603,0.5666
distribute_parallel_for_split_1050_1350_1750,1050,1750,0,3500,23635500,7092751,1750,30240000,14700000,7091000,2362500,4728500,2362500,0,0,0,2366000,584500,0.5845
distribute_parallel_for_split_1050_1350_1800,1050,1800,0,3600,24310800,7295401,1800,30780000,15120000,7293600,2430000,4863600,2430000,0,0,0,2433600,595582,0.5956
distribute_parallel_for_split_1050_1350_1850,1050,1850,0,3700,24986100,7498051,1850,31320000,15540000,7496200,2497500,4998700,2497500,0,0,0,2501200,612258,0.6123
distribute_parallel_for_split_1050_1350_1900,1050,1900,0,3800,25661400,7700701,1900,31860000,15960000,7698800,2565000,5133800,2565000,0,0,0,2568800,645822,0.6458
distribute_parallel_for_split_1050_1350_1950,1050,1950,0,3900,26336700,7903351,1950,32400000,16380000,7901400,2632500,5268900,2632500,0,0,0,2636400,644131,0.6441
distribute_parallel_for_split_1050_1350_2000,1050,2000,0,4000,27012000,8106001,2000,32940000,16800000,8104000,2700000,5404000,2700000,0,0,0,2704000,648333,0.6483
distribute_parallel_for_split_1050_1400_1050,1050,1050,0,2100,14706300,4413151,1050,23520000,8820000,4412100,1470000,2942100,1470000,0,0,0,1472100,357982,0.3580
distribute_parallel_for_split_1050_1400_1100,1050,1100,0,2200,15406600,4623301,1100,24080000,9240000,4622200,1540000,3082200,1540000,0,0,0,1542200,381875,0.3819
distribute_parallel_for_split_1050_1400_1150,1050,1150,0,2300,16106900,4833451,1150,24640000,9660000,4832300,1610000,3222300,1610000,0,0,0,1612300,393045,0.3930
distribute_parallel_for_split_1050_1400_1200,1050,1200,0,2400,16807200,5043601,1200,25200000,10080000,5042400,1680000,3362400,1680000,0,0,0,1682400,414333,0.4143
distribute_parallel_for_split_1050_1400_1250,1050,1250,0,2500,17507500,5253751,1250,25760000,10500000,5252500,1750000,3502500,1750000,0,0,0,1752500,440100,0.4401
distribute_parallel_for_split_1050_1400_1300,1050,1300,0,2600,18207800,5463901,1300,26320000,10920000,5462600,1820000,3642600,1820000,0,0,0,1822600,448746,0.4487
distribute_parallel_for_split_1050_1400_1350,1050,1350,0,2700,18908100,5674051,1350,26880000,11340000,5672700,1890000,3782700,1890000,0,0,0,1892700,474831,0.4748
distribute_parallel_for_split_1050_1400_1400,1050,1400,0,2800,19608400,5884201,1400,27440000,11760000,5882800,1960000,3922800,1960000,0,0,0,1962800,473710,0.4737
distribute_parallel_for_split_1050_1400_1450,1050,1450,0,2900,20308700,6094351,1450,28000000,12180000,6092900,2030000,4062900,2030000,0,0,0,2032900,517953,0.5180
distribute_parallel_for_split_1050_1400_1500,1050,1500,0,3000,21009000,6304501,1500,28560000,12600000,6303000,2100000,4203000,2100000,0,0,0,2103000,516977,0.5170
distribute_parallel_for_split_1050_1400_1550,1050,1550,0,3100,21709300,6514651,1550,29120000,13020000,6513100,2170000,4343100,2170000,0,0,0,2173100,539424,0.5394
distribute_parallel_for_split_1050_1400_1600,1050,1600,0,3200,22409600,6724801,1600,29680000,13440000,6723200,2240000,4483200,2240000,0,0,0,2243200,542749,0.5427
distribute_parallel_for_split_1050_1400_1650,1050,1650,0,3300,23109900,6934951,1650,30240000,13860000,6933300,2310000,4623300,2310000,0,0,0,2313300,579252,0.5793
distribute_parallel_for_split_1050_1400_1700,1050,1700,0,3400,23810200,7145101,1700,30800000,14280000,7143400,2380000,4763400,2380000,0,0,0,2383400,584532,0.5845
distribute_parallel_for_split_1050_1400_1750,1050,1750,0,3500,24510500,7355251,1750,31360000,14700000,7353500,2450000,4903500,2450000,0,0,0,2453500,608109,0.6081
distribute_parallel_for_split_1050_1400_1800,1050,1800,0,3600,25210800,7565401,1800,31920000,15120000,7563600,2520000,5043600,2520000,0,0,0,2523600,616117,0.6161
distribute_parallel_for_split_1050_1400_1850,1050,1850,0,3700,25911100,7775551,1850,32480000,15540000,7773700,2590000,5183700,2590000,0,0,0,2593700,648137,0.6481
distribute_parallel_for_split_1050_1400_1900,1050,1900,0,3800,26611400,7985701,1900,33040000,15960000,7983800,2660000,5323800,2660000,0,0,0,2663800,685753,0.6858
distribute_parallel_for_split_1050_1400_1950,1050,1950,0,3900,27311700,8195851,1950,33600000,16380000,8193900,2730000,5463900,2730000,0,0,0,2733900,670197,0.6702
distribute_parallel_for_split_1050_1400_2000,1050,2000,0,4000,28012000,8406001,2000,34160000,16800000,8404000,2800000,5604000,2800000,0,0,0,2804000,705818,0.7058
distribute_parallel_for_split_1050_1450_1050,1050,1050,0,2100,15231300,4570651,1050,24360000,8820000,4569600,1522500,3047100,1522500,0,0,0,1524600,392423,0.3924
distribute_parallel_for_split_1050_1450_1100,1050,1100,0,2200,15956600,4788301,1100,24940000,9240000,4787200,1595000,3192200,1595000,0,0,0,1597200,441830,0.4418
distribute_parallel_for_split_1050_1450_1150,1050,1150,0,2300,16681900,5005951,1150,25520000,9660000,5004800,1667500,3337300,1667500,0,0,0,1669800,419449,0.4194
distribute_parallel_for_split_1050_1450_1200,1050,1200,0,2400,17407200,5223601,1200,26100000,10080000,5222400,1740000,3482400,1740000,0,0,0,1742400,451792,0.4518
distribute_parallel_for_split_1050_1450_1250,1050,1250,0,2500,18132500,5441251,1250,26680000,10500000,5440000,1812500,3627500,1812500,0,0,0,1815000,457003,0.4570
distribute_parallel_for_split_1050_1450_1300,1050,1300,0,2600,18857800,5658901,1300,27260000,10920000,5657600,1885000,3772600,1885000,0,0,0,1887600,470129,0.4701
distribute_parallel_for_split_1050_1450_1350,1050,1350,0,2700,19583100,5876551,1350,27840000,11340000,5875200,1957500,3917700,1957500,0,0,0,1960200,487603,0.4876
distribute_parallel_for_split_1050_1450_1400,1050,1400,0,2800,20308400,6094201,1400,28420000,11760000,6092800,2030000,4062800,2030000,0,0,0,2032800,497455,0.4975
distribute_parallel_for_split_1050_1450_1450,1050,1450,0,2900,21033700,6311851,1450,29000000,12180000,6310400,2102500,4207900,2102500,0,0,0,2105400,522977,0.5230
distribute_parallel_for_split_1050_1450_1500,1050,1500,0,3000,21759000,6529501,1500,29580000,12600000,6528000,2175000,4353000,2175000,0,0,0,2178000,534203,0.5342
distribute_parallel_for_split_1050_1450_1550,1050,1550,0,3100,22484300,6747151,1550,30160000,13020000,6745600,2247500,4498100,2247500,0,0,0,2250600,557909,0.5579
distribute_parallel_for_split_1050_1450_1600,1050,1600,0,3200,23209600,6964801,1600,30740000,13440000,6963200,2320000,4643200,2320000,0,0,0,2323200,560470,0.5605
distribute_parallel_for_split_1050_1450_1650,1050,1650,0,3300,23934900,7182451,1650,31320000,13860000,7180800,2392500,4788300,2392500,0,0,0,2395800,592725,0.5927
distribute_parallel_for_split_1050_1450_1700,1050,1700,0,3400,24660200,7400101,1700,31900000,14280000,7398400,2465000,4933400,2465000,0,0,0,2468400,607872,0.6079
distribute_parallel_for_split_1050_1450_1750,1050,1750,0,3500,25385500,7617751,1750,32480000,14700000,7616000,2537500,5078500,2537500,0,0,0,2541000,622610,0.6226
distribute_parallel_for_split_1050_1450_1800,1050,1800,0,3600,26110800,7835401,1800,33060000,15120000,7833600,2610000,5223600,2610000,0,0,0,2613600,632511,0.6325
distribute_parallel_for_split_1050_1450_1850,1050,1850,0,3700,26836100,8053051,1850,33640000,15540000,8051200,2682500,5368700,2682500,0,0,0,2686200,660998,0.6610
distribute_parallel_for_split_1050_1450_1900,1050,1900,0,3800,27561400,8270701,1900,34220000,15960000,8268800,2755000,5513800,2755000,0,0,0,2758800,695020,0.6950
distribute_parallel_for_split_1050_1450_1950,1050,1950,0,3900,28286700,8488351,1950,34800000,16380000,8486400,2827500,5658900,2827500,0,0,0,2831400,691209,0.6912
distribute_parallel_for_split_1050_1450_2000,1050,2000,0,4000,29012000,8706001,2000,35380000,16800000,8704000,2900000,5804000,2900000,0,0,0,2904000,694730,0.6947
distribute_parallel_for_split_1050_1500_1050,1050,1050,0,2100,15756300,4728151,1050,25200000,8820000,4727100,1575000,3152100,1575000,0,0,0,1577100,384925,0.3849
distribute_parallel_for_split_1050_1500_1100,1050,1100,0,2200,16506600,4953301,1100,25800000,9240000,4952200,1650000,3302200,1650000,0,0,0,1652200,409776,0.4098
distribute_parallel_for_split_1050_1500_1150,1050,1150,0,2300,17256900,5178451,1150,26400000,9660000,5177300,1725000,3452300,1725000,0,0,0,1727300,416515,0.4165
distribute_parallel_for_split_1050_1500_1200,1050,1200,0,2400,18007200,5403601,1200,27000000,10080000,5402400,1800000,3602400,1800000,0,0,0,1802400,442415,0.4424
distribute_parallel_for_split_1050_1500_1250,1050,1250,0,2500,18757500,5628751,1250,27600000,10500000,5627500,1875000,3752500,1875000,0,0,0,1877500,478451,0.4785
distribute_parallel_for_split_1050_1500_1300,1050,1300,0,2600,19507800,5853901,1300,28200000,10920000,5852600,1950000,3902600,1950000,0,0,0,1952600,480660,0.4807
distribute_parallel_for_split_1050_1500_1350,1050,1350,0,2700,20258100,6079051,1350,28800000,11340000,6077700,2025000,4052700,2025000,0,0,0,2027700,507676,0.5077
distribute_parallel_for_split_1050_1500_1400,1050,1400,0,2800,21008400,6304201,1400,29400000,11760000,6302800,2100000,4202800,2100000,0,0,0,2102800,511662,0.5117
distribute_parallel_for_split_1050_1500_1450,1050,1450,0,2900,21758700,6529351,1450,30000000,12180000,6527900,2175000,4352900,2175000,0,0,0,2177900,553104,0.5531
distribute_parallel_for_split_1050_1500_1500,1050,1500,0,3000,22509000,6754501,1500,30600000,12600000,6753000,2250000,4503000,2250000,0,0,0,2253000,552220,0.5522
distribute_parallel_for_split_1050_1500_1550,1050,1550,0,3100,23259300,6979651,1550,31200000,13020000,6978100,2325000,4653100,2325000,0,0,0,2328100,578234,0.5782
distribute_parallel_for_split_1050_1500_1600,1050,1600,0,3200,24009600,7204801,1600,31800000,13440000,7203200,2400000,4803200,2400000,0,0,0,2403200,581328,0.5813
distribute_parallel_for_split_1050_1500_1650,1050,1650,0,3300,24759900,7429951,1650,32400000,13860000,7428300,2475000,4953300,2475000,0,0,0,2478300,610769,0.6108
distribute_parallel_for_split_1050_1500_1700,1050,1700,0,3400,25510200,7655101,1700,33000000,14280000,7653400,2550000,5103400,2550000,0,0,0,2553400,624712,0.6247
distribute_parallel_for_split_1050_1500_1750,1050,1750,0,3500,26260500,7880251,1750,33600000,14700000,7878500,2625000,5253500,2625000,0,0,0,2628500,641424,0.6414
distribute_parallel_for_split_1050_1500_1800,1050,1800,0,3600,27010800,8105401,1800,34200000,15120000,8103600,2700000,5403600,2700000,0,0,0,2703600,672557,0.6726
distribute_parallel_for_split_1050_1500_1850,1050,1850,0,3700,27761100,8330551,1850,34800000,15540000,8328700,2775000,5553700,2775000,0,0,0,2778700,678729,0.6787
distribute_parallel_for_split_1050_1500_1900,1050,1900,0,3800,28511400,8555701,1900,35400000,15960000,8553800,2850000,5703800,2850000,0,0,0,2853800,701456,0.7015
distribute_parallel_for_split_1050_1500_1950,1050,1950,0,3900,29261700,8780851,1950,36000000,16380000,8778900,2925000,5853900,2925000,0,0,0,2928900,718209,0.7182
distribute_parallel_for_split_1050_1500_2000,1050,2000,0,4000,30012000,9006001,2000,36600000,16800000,9004000,3000000,6004000,3000000,0,0,0,3004000,730357,0.7304
distribute_parallel_for_split_1050_1550_1050,1050,1050,0,2100,16281300,4885651,1050,26040000,8820000,4884600,1627500,3257100,1627500,0,0,0,1629600,396781,0.3968
distribute_parallel_for_split_1050_1550_1100,1050,1100,0,2200,17056600,5118301,1100,26660000,9240000,5117200,1705000,3412200,1705000,0,0,0,1707200,447338,0.4473
distribute_parallel_for_split_1050_1550_1150,1050,1150,0,2300,17831900,5350951,1150,27280000,9660000,5349800,1782500,3567300,1782500,0,0,0,1784800,432777,0.4328
distribute_parallel_for_split_1050_1550_1200,1050,1200,0,2400,18607200,5583601,1200,27900000,10080000,5582400,1860000,3722400,1860000,0,0,0,1862400,453788,0.4538
distribute_parallel_for_split_1050_1550_1250,1050,1250,0,2500,19382500,5816251,1250,28520000,10500000,5815000,1937500,3877500,1937500,0,0,0,1940000,489318,0.4893
distribute_parallel_for_split_1050_1550_1300,1050,1300,0,2600,20157800,6048901,1300,29140000,10920000,6047600,2015000,4032600,2015000,0,0,0,2017600,496636,0.4966
distribute_parallel_for_split_1050_1550_1350,1050,1350,0,2700,20933100,6281551,1350,29760000,11340000,6280200,2092500,4187700,2092500,0,0,0,2095200,522839,0.5228
distribute_parallel_for_split_1050_1550_1400,1050,1400,0,2800,21708400,6514201,1400,30380000,11760000,6512800,2170000,4342800,2170000,0,0,0,2172800,531536,0.5315
distribute_parallel_for_split_1050_1550_1450,1050,1450,0,2900,22483700,6746851,1450,31000000,12180000,6745400,2247500,4497900,2247500,0,0,0,2250400,559803,0.5598
distribute_parallel_for_split_1050_1550_1500,1050,1500,0,3000,23259000,6979501,1500,31620000,12600000,6978000,2325000,4653000,2325000,0,0,0,2328000,567966,0.5680
distribute_parallel_for_split_1050_1550_1550,1050,1550,0,3100,24034300,7212151,1550,32240000,13020000,7210600,2402500,4808100,2402500,0,0,0,2405600,594329,0.5943
distribute_parallel_for_split_1050_1550_1600,1050,1600,0,3200,24809600,7444801,1600,32860000,13440000,7443200,2480000,4963200,2480000,0,0,0,2483200,603251,0.6033
distribute_parallel_for_split_1050_1550_1650,1050,1650,0,3300,25584900,7677451,1650,33480000,13860000,7675800,2557500,5118300,2557500,0,0,0,2560800,630824,0.6308
distribute_parallel_for_split_1050_1550_1700,1050,1700,0,3400,26360200,7910101,1700,34100000,14280000,7908400,2635000,5273400,2635000,0,0,0,2638400,670583,0.6706
distribute_parallel_for_split_1050_1550_1750,1050,1750,0,3500,27135500,8142751,1750,34720000,14700000,8141000,2712500,5428500,2712500,0,0,0,2716000,684883,0.6849
distribute_parallel_for_split_1050_1550_1800,1050,1800,0,3600,27910800,8375401,1800,35340000,15120000,8373600,2790000,5583600,2790000,0,0,0,2793600,685392,0.6854
distribute_parallel_for_split_1050_1550_1850,1050,1850,0,3700,28686100,8608051,1850,35960000,15540000,8606200,2867500,5738700,2867500,0,0,0,2871200,709900,0.7099
distribute_parallel_for_split_1050_1550_1900,1050,1900,0,3800,29461400,8840701,1900,36580000,15960000,8838800,2945000,5893800,2945000,0,0,0,2948800,712505,0.7125
distribute_parallel_for_split_1050_1550_1950,1050,1950,0,3900,30236700,9073351,1950,37200000,16380000,9071400,3022500,6048900,3022500,0,0,0,3026400,732506,0.7325
distribute_parallel_for_split_1050_1550_2000,1050,2000,0,4000,31012000,9306001,2000,37820000,16800000,9304000,3100000,6204000,3100000,0,0,0,3104000,766218,0.7662
distribute_parallel_for_split_1050_1600_1050,1050,1050,0,2100,16806300,5043151,1050,26880000,8820000,5042100,1680000,3362100,1680000,0,0,0,1682100,411627,0.4116
distribute_parallel_for_split_1050_1600_1100,1050,1100,0,2200,17606600,5283301,1100,27520000,9240000,5282200,1760000,3522200,1760000,0,0,0,1762200,450063,0.4501
distribute_parallel_for_split_1050_1600_1150,1050,1150,0,2300,18406900,5523451,1150,28160000,9660000,5522300,1840000,3682300,1840000,0,0,0,1842300,463418,0.4634
distribute_parallel_for_split_1050_1600_1200,1050,1200,0,2400,19207200,5763601,1200,28800000,10080000,5762400,1920000,3842400,1920000,0,0,0,1922400,508312,0.5083
distribute_parallel_for_split_1050_1600_1250,1050,1250,0,2500,20007500,6003751,1250,29440000,10500000,6002500,2000000,4002500,2000000,0,0,0,2002500,529249,0.5292
distribute_parallel_for_split_1050_1600_1300,1050,1300,0,2600,20807800,6243901,1300,30080000,10920000,6242600,2080000,4162600,2080000,0,0,0,2082600,520326,0.5203
distribute_parallel_for_split_1050_1600_1350,1050,1350,0,2700,21608100,6484051,1350,30720000,11340000,6482700,2160000,4322700,2160000,0,0,0,2162700,541922,0.5419
distribute_parallel_for_split_1050_1600_1400,1050,1400,0,2800,22408400,6724201,1400,31360000,11760000,6722800,2240000,4482800,2240000,0,0,0,2242800,543954,0.5440
distribute_parallel_for_split_1050_1600_1450,1050,1450,0,2900,23208700,6964351,1450,32000000,12180000,6962900,2320000,4642900,2320000,0,0,0,2322900,578766,0.5788
distribute_parallel_for_split_1050_1600_1500,1050,1500,0,3000,24009000,7204501,1500,32640000,12600000,7203000,2400000,4803000,2400000,0,0,0,2403000,589931,0.5899
distribute_parallel_for_split_1050_1600_1550,1050,1550,0,3100,24809300,7444651,1550,33280000,13020000,7443100,2480000,4963100,2480000,0,0,0,2483100,617256,0.6173
distribute_parallel_for_split_1050_1600_1600,1050,1600,0,3200,25609600,7684801,1600,33920000,13440000,7683200,2560000,5123200,2560000,0,0,0,2563200,615944,0.6159
distribute_parallel_for_split_1050_1600_1650,1050,1650,0,3300,26409900,7924951,1650,34560000,13860000,7923300,2640000,5283300,2640000,0,0,0,2643300,649009,0.6490
distribute_parallel_for_split_1050_1600_1700,1050,1700,0,3400,27210200,8165101,1700,35200000,14280000,8163400,2720000,5443400,2720000,0,0,0,2723400,669378,0.6694
distribute_parallel_for_split_1050_1600_1750,1050,1750,0,3500,28010500,8405251,1750,35840000,14700000,8403500,2800000,5603500,2800000,0,0,0,2803500,692252,0.6923
distribute_parallel_for_split_1050_1600_1800,1050,1800,0,3600,28810800,8645401,1800,36480000,15120000,8643600,2880000,5763600,2880000,0,0,0,2883600,717085,0.7171
distribute_parallel_for_split_1050_1600_1850,1050,1850,0,3700,29611100,8885551,1850,37120000,15540000,8883700,2960000,5923700,2960000,0,0,0,2963700,740589,0.7406
distribute_parallel_for_split_1050_1600_1900,1050,1900,0,3800,30411400,9125701,1900,37760000,15960000,9123800,3040000,6083800,3040000,0,0,0,3043800,739768,0.7398
distribute_parallel_for_split_1050_1600_1950,1050,1950,0,3900,31211700,9365851,1950,38400000,16380000,9363900,3120000,6243900,3120000,0,0,0,3123900,764779,0.7648
distribute_parallel_for_split_1050_1600_2000,1050,2000,0,4000,32012000,9606001,2000,39040000,16800000,9604000,3200000,6404000,3200000,0,0,0,3204000,806880,0.8069
distribute_parallel_for_split_1050_1650_1050,1050,1050,0,2100,17331300,5200651,1050,27720000,8820000,5199600,1732500,3467100,1732500,0,0,0,1734600,427579,0.4276
distribute_parallel_for_split_1050_1650_1100,1050,1100,0,2200,18156600,5448301,1100,28380000,9240000,5447200,1815000,3632200,1815000,0,0,0,1817200,457425,0.4574
distribute_parallel_for_split_1050_1650_1150,1050,1150,0,2300,18981900,5695951,1150,29040000,9660000,5694800,1897500,3797300,1897500,0,0,0,1899800,460745,0.4607
distribute_parallel_for_split_1050_1650_1200,1050,1200,0,2400,19807200,5943601,1200,29700000,10080000,5942400,1980000,3962400,1980000,0,0,0,1982400,490340,0.4903
distribute_parallel_for_split_1050_1650_1250,1050,1250,0,2500,20632500,6191251,1250,30360000,10500000,6190000,2062500,4127500,2062500,0,0,0,2065000,532473,0.5325
distribute_parallel_for_split_1050_1650_1300,1050,1300,0,2600,21457800,6438901,1300,31020000,10920000,6437600,2145000,4292600,2145000,0,0,0,2147600,531441,0.5314
distribute_parallel_for_split_1050_1650_1350,1050,1350,0,2700,22283100,6686551,1350,31680000,11340000,6685200,2227500,4457700,2227500,0,0,0,2230200,555244,0.5552
distribute_parallel_for_split_1050_1650_1400,1050,1400,0,2800,23108400,6934201,1400,32340000,11760000,6932800,2310000,4622800,2310000,0,0,0,2312800,568196,0.5682
distribute_parallel_for_split_1050_1650_1450,1050,1450,0,2900,23933700,7181851,1450,33000000,12180000,7180400,2392500,4787900,2392500,0,0,0,2395400,592741,0.5927
distribute_parallel_for_split_1050_1650_1500,1050,1500,0,3000,24759000,7429501,1500,33660000,12600000,7428000,2475000,4953000,2475000,0,0,0,2478000,598597,0.5986
distribute_parallel_for_split_1050_1650_1550,1050,1550,0,3100,25584300,7677151,1550,34320000,13020000,7675600,2557500,5118100,2557500,0,0,0,2560600,635278,0.6353
distribute_parallel_for_split_1050_1650_1600,1050,1600,0,3200,26409600,7924801,1600,34980000,13440000,7923200,2640000,5283200,2640000,0,0,0,2643200,631827,0.6318
distribute_parallel_for_split_1050_1650_1650,1050,1650,0,3300,27234900,8172451,1650,35640000,13860000,8170800,2722500,5448300,2722500,0,0,0,2725800,678918,0.6789
distribute_parallel_for_split_1050_1650_1700,1050,1700,0,3400,28060200,8420101,1700,36300000,14280000,8418400,2805000,5613400,2805000,0,0,0,2808400,688684,0.6887
distribute_parallel_for_split_1050_1650_1750,1050,1750,0,3500,28885500,8667751,1750,36960000,14700000,8666000,2887500,5778500,2887500,0,0,0,2891000,716918,0.7169
distribute_parallel_for_split_1050_1650_1800,1050,1800,0,3600,29710800,8915401,1800,37620000,15120000,8913600,2970000,5943600,2970000,0,0,0,2973600,725210,0.7252
distribute_parallel_for_split_1050_1650_1850,1050,1850,0,3700,30536100,9163051,1850,38280000,15540000,9161200,3052500,6108700,3052500,0,0,0,3056200,753848,0.7538
distribute_parallel_for_split_1050_1650_1900,1050,1900,0,3800,31361400,9410701,1900,38940000,15960000,9408800,3135000,6273800,3135000,0,0,0,3138800,776477,0.7765
distribute_parallel_for_split_1050_1650_1950,1050,1950,0,3900,32186700,9658351,1950,39600000,16380000,9656400,3217500,6438900,3217500,0,0,0,3221400,782087,0.7821
distribute_parallel_for_split_1050_1650_2000,1050,2000,0,4000,33012000,9906001,2000,40260000,16800000,9904000,3300000,6604000,3300000,0,0,0,3304000,798551,0.7986
distribute_parallel_for_split_1050_1700_1050,1050,1050,0,2100,17856300,5358151,1050,28560000,8820000,5357100,1785000,3572100,1785000,0,0,0,1787100,434717,0.4347
distribute_parallel_for_split_1050_1700_1100,1050,1100,0,2200,18706600,5613301,1100,29240000,9240000,5612200,1870000,3742200,1870000,0,0,0,1872200,467109,0.4671
distribute_parallel_for_split_1050_1700_1150,1050,1150,0,2300,19556900,5868451,1150,29920000,9660000,5867300,1955000,3912300,1955000,0,0,0,1957300,476059,0.4761
distribute_parallel_for_split_1050_1700_1200,1050,1200,0,2400,20407200,6123601,1200,30600000,10080000,6122400,2040000,4082400,2040000,0,0,0,2042400,500798,0.5008
distribute_parallel_for_split_1050_1700_1250,1050,1250,0,2500,21257500,6378751,1250,31280000,10500000,6377500,2125000,4252500,2125000,0,0,0,2127500,541472,0.5415
distribute_parallel_for_split_1050_1700_1300,1050,1300,0,2600,22107800,6633901,1300,31960000,10920000,6632600,2210000,4422600,2210000,0,0,0,2212600,545961,0.5460
distribute_parallel_for_split_1050_1700_1350,1050,1350,0,2700,22958100,6889051,1350,32640000,11340000,6887700,2295000,4592700,2295000,0,0,0,2297700,579962,0.5800
distribute_parallel_for_split_1050_1700_1400,1050,1400,0,2800,23808400,7144201,1400,33320000,11760000,7142800,2380000,4762800,2380000,0,0,0,2382800,604114,0.6041
distribute_parallel_for_split_1050_1700_1450,1050,1450,0,2900,24658700,7399351,1450,34000000,12180000,7397900,2465000,4932900,2465000,0,0,0,2467900,615657,0.6157
distribute_parallel_for_split_1050_1700_1500,1050,1500,0,3000,25509000,7654501,1500,34680000,12600000,7653000,2550000,5103000,2550000,0,0,0,2553000,622033,0.6220
distribute_parallel_for_split_1050_1700_1550,1050,1550,0,3100,26359300,7909651,1550,35360000,13020000,7908100,2635000,5273100,2635000,0,0,0,2638100,651678,0.6517
distribute_parallel_for_split_1050_1700_1600,1050,1600,0,3200,27209600,8164801,1600,36040000,13440000,8163200,2720000,5443200,2720000,0,0,0,2723200,657535,0.6575
distribute_parallel_for_split_1050_1700_1650,1050,1650,0,3300,28059900,8419951,1650,36720000,13860000,8418300,2805000,5613300,2805000,0,0,0,2808300,695376,0.6954
distribute_parallel_for_split_1050_1700_1700,1050,1700,0,3400,28910200,8675101,1700,37400000,14280000,8673400,2890000,5783400,2890000,0,0,0,2893400,721134,0.7211
distribute_parallel_for_split_1050_1700_1750,1050,1750,0,3500,29760500,8930251,1750,38080000,14700000,8928500,2975000,5953500,2975000,0,0,0,2978500,742587,0.7426
distribute_parallel_for_split_1050_1700_1800,1050,1800,0,3600,30610800,9185401,1800,38760000,15120000,9183600,3060000,6123600,3060000,0,0,0,3063600,773130,0.7731
distribute_parallel_for_split_1050_1700_1850,1050,1850,0,3700,31461100,9440551,1850,39440000,15540000,9438700,3145000,6293700,3145000,0,0,0,3148700,776019,0.7760
distribute_parallel_for_split_1050_1700_1900,1050,1900,0,3800,32311400,9695701,1900,40120000,15960000,9693800,3230000,6463800,3230000,0,0,0,3233800,785675,0.7857
distribute_parallel_for_split_1050_1700_1950,1050,1950,0,3900,33161700,9950851,1950,40800000,16380000,9948900,3315000,6633900,3315000,0,0,0,3318900,840942,0.8409
distribute_parallel_for_split_1050_1700_2000,1050,2000,0,4000,34012000,10206001,2000,41480000,16800000,10204000,3400000,6804000,3400000,0,0,0,3404000,820554,0.8206
distribute_parallel_for_split_1050_1750_1050,1050,1050,0,2100,18381300,5515651,1050,29400000,8820000,5514600,1837500,3677100,1837500,0,0,0,1839600,448694,0.4487
distribute_parallel_for_split_1050_1750_1100,1050,1100,0,2200,19256600,5778301,1100,30100000,9240000,5777200,1925000,3852200,1925000,0,0,0,1927200,484265,0.4843
distribute_parallel_for_split_1050_1750_1150,1050,1150,0,2300,20131900,6040951,1150,30800000,9660000,6039800,2012500,4027300,2012500,0,0,0,2014800,488085,0.4881
distribute_parallel_for_split_1050_1750_1200,1050,1200,0,2400,21007200,6303601,1200,31500000,10080000,6302400,2100000,4202400,2100000,0,0,0,2102400,513052,0.5131
distribute_parallel_for_split_1050_1750_1250,1050,1250,0,2500,21882500,6566251,1250,32200000,10500000,6565000,2187500,4377500,2187500,0,0,0,2190000,556724,0.5567
distribute_parallel_for_split_1050_1750_1300,1050,1300,0,2600,22757800,6828901,1300,32900000,10920000,6827600,2275000,4552600,2275000,0,0,0,2277600,560771,0.5608
distribute_parallel_for_split_1050_1750_1350,1050,1350,0,2700,23633100,7091551,1350,33600000,11340000,7090200,2362500,4727700,2362500,0,0,0,2365200,590094,0.5901
distribute_parallel_for_split_1050_1750_1400,1050,1400,0,2800,24508400,7354201,1400,34300000,11760000,7352800,2450000,4902800,2450000,0,0,0,2452800,596938,0.5969
distribute_parallel_for_split_1050_1750_1450,1050,1450,0,2900,25383700,7616851,1450,35000000,12180000,7615400,2537500,5077900,2537500,0,0,0,2540400,633583,0.6336
distribute_parallel_for_split_1050_1750_1500,1050,1500,0,3000,26259000,7879501,1500,35700000,12600000,7878000,2625000,5253000,2625000,0,0,0,2628000,632919,0.6329
distribute_parallel_for_split_1050_1750_1550,1050,1550,0,3100,27134300,8142151,1550,36400000,13020000,8140600,2712500,5428100,2712500,0,0,0,2715600,696815,0.6968
distribute_parallel_for_split_1050_1750_1600,1050,1600,0,3200,28009600,8404801,1600,37100000,13440000,8403200,2800000,5603200,2800000,0,0,0,2803200,682002,0.6820
distribute_parallel_for_split_1050_1750_1650,1050,1650,0,3300,28884900,8667451,1650,37800000,13860000,8665800,2887500,5778300,2887500,0,0,0,2890800,722423,0.7224
distribute_parallel_for_split_1050_1750_1700,1050,1700,0,3400,29760200,8930101,1700,38500000,14280000,8928400,2975000,5953400,2975000,0,0,0,2978400,729226,0.7292
distribute_parallel_for_split_1050_1750_1750,1050,1750,0,3500,30635500,9192751,1750,39200000,14700000,9191000,3062500,6128500,3062500,0,0,0,3066000,770885,0.7709
distribute_parallel_for_split_1050_1750_1800,1050,1800,0,3600,31510800,9455401,1800,39900000,15120000,9453600,3150000,6303600,3150000,0,0,0,3153600,767443,0.7674
distribute_parallel_for_split_1050_1750_1850,1050,1850,0,3700,32386100,9718051,1850,40600000,15540000,9716200,3237500,6478700,3237500,0,0,0,3241200,793822,0.7938
distribute_parallel_for_split_1050_1750_1900,1050,1900,0,3800,33261400,9980701,1900,41300000,15960000,9978800,3325000,6653800,3325000,0,0,0,3328800,816432,0.8164
distribute_parallel_for_split_1050_1750_1950,1050,1950,0,3900,34136700,10243351,1950,42000000,16380000,10241400,3412500,6828900,3412500,0,0,0,3416400,845432,0.8454
distribute_parallel_for_split_1050_1750_2000,1050,2000,0,4000,35012000,10506001,2000,42700000,16800000,10504000,3500000,7004000,3500000,0,0,0,3504000,851389,0.8514
distribute_parallel_for_split_1050_1800_1050,1050,1050,0,2100,18906300,5673151,1050,30240000,8820000,5672100,1890000,3782100,1890000,0,0,0,1892100,458967,0.4590
distribute_parallel_for_split_1050_1800_1100,1050,1100,0,2200,19806600,5943301,1100,30960000,9240000,5942200,1980000,3962200,1980000,0,0,0,1982200,489075,0.4891
distribute_parallel_for_split_1050_1800_1150,1050,1150,0,2300,20706900,6213451,1150,31680000,9660000,6212300,2070000,4142300,2070000,0,0,0,2072300,500799,0.5008
distribute_parallel_for_split_1050_1800_1200,1050,1200,0,2400,21607200,6483601,1200,32400000,10080000,6482400,2160000,4322400,2160000,0,0,0,2162400,536711,0.5367
distribute_parallel_for_split_1050_1800_1250,1050,1250,0,2500,22507500,6753751,1250,33120000,10500000,6752500,2250000,4502500,2250000,0,0,0,2252500,564670,0.5647
distribute_parallel_for_split_1050_1800_1300,1050,1300,0,2600,23407800,7023901,1300,33840000,10920000,7022600,2340000,4682600,2340000,0,0,0,2342600,571504,0.5715
distribute_parallel_for_split_1050_1800_1350,1050,1350,0,2700,24308100,7294051,1350,34560000,11340000,7292700,2430000,4862700,2430000,0,0,0,2432700,612790,0.6128
distribute_parallel_for_split_1050_1800_1400,1050,1400,0,2800,25208400,7564201,1400,35280000,11760000,7562800,2520000,5042800,2520000,0,0,0,2522800,612552,0.6126
distribute_parallel_for_split_1050_1800_1450,1050,1450,0,2900,26108700,7834351,1450,36000000,12180000,7832900,2610000,5222900,2610000,0,0,0,2612900,651363,0.6514
distribute_parallel_for_split_1050_1800_1500,1050,1500,0,3000,27009000,8104501,1500,36720000,12600000,8103000,2700000,5403000,2700000,0,0,0,2703000,692126,0.6921
distribute_parallel_for_split_1050_1800_1550,1050,1550,0,3100,27909300,8374651,1550,37440000,13020000,8373100,2790000,5583100,2790000,0,0,0,2793100,692592,0.6926
distribute_parallel_for_split_1050_1800_1600,1050,1600,0,3200,28809600,8644801,1600,38160000,13440000,8643200,2880000,5763200,2880000,0,0,0,2883200,698174,0.6982
distribute_parallel_for_split_1050_1800_1650,1050,1650,0,3300,29709900,8914951,1650,38880000,13860000,8913300,2970000,5943300,2970000,0,0,0,2973300,728684,0.7287
distribute_parallel_for_split_1050_1800_1700,1050,1700,0,3400,30610200,9185101,1700,39600000,14280000,9183400,3060000,6123400,3060000,0,0,0,3063400,759534,0.7595
distribute_parallel_for_split_1050_1800_1750,1050,1750,0,3500,31510500,9455251,1750,40320000,14700000,9453500,3150000,6303500,3150000,0,0,0,3153500,772669,0.7727
distribute_parallel_for_split_1050_1800_1800,1050,1800,0,3600,32410800,9725401,1800,41040000,15120000,9723600,3240000,6483600,3240000,0,0,0,3243600,821611,0.8216
distribute_parallel_for_split_1050_1800_1850,1050,1850,0,3700,33311100,9995551,1850,41760000,15540000,9993700,3330000,6663700,3330000,0,0,0,3333700,845753,0.8458
distribute_parallel_for_split_1050_1800_1900,1050,1900,0,3800,34211400,10265701,1900,42480000,15960000,10263800,3420000,6843800,3420000,0,0,0,3423800,836519,0.8365
distribute_parallel_for_split_1050_1800_1950,1050,1950,0,3900,35111700,10535851,1950,43200000,16380000,10533900,3510000,7023900,3510000,0,0,0,3513900,851674,0.8517
distribute_parallel_for_split_1050_1800_2000,1050,2000,0,4000,36012000,10806001,2000,43920000,16800000,10804000,3600000,7204000,3600000,0,0,0,3604000,867885,0.8679
distribute_parallel_for_split_1050_1850_1050,1050,1050,0,2100,19431300,5830651,1050,31080000,8820000,5829600,1942500,3887100,1942500,0,0,0,1944600,471782,0.4718
distribute_parallel_for_split_1050_1850_1100,1050,1100,0,2200,20356600,6108301,1100,31820000,9240000,6107200,2035000,4072200,2035000,0,0,0,2037200,511202,0.5112
distribute_parallel_for_split_1050_1850_1150,1050,1150,0,2300,21281900,6385951,1150,32560000,9660000,6384800,2127500,4257300,2127500,0,0,0,2129800,515633,0.5156
distribute_parallel_for_split_1050_1850_1200,1050,1200,0,2400,22207200,6663601,1200,33300000,10080000,6662400,2220000,4442400,2220000,0,0,0,2222400,546325,0.5463
distribute_parallel_for_split_1050_1850_1250,1050,1250,0,2500,23132500,6941251,1250,34040000,10500000,6940000,2312500,4627500,2312500,0,0,0,2315000,585310,0.5853
distribute_parallel_for_split_1050_1850_1300,1050,1300,0,2600,24057800,7218901,1300,34780000,10920000,7217600,2405000,4812600,2405000,0,0,0,2407600,592853,0.5929
distribute_parallel_for_split_1050_1850_1350,1050,1350,0,2700,24983100,7496551,1350,35520000,11340000,7495200,2497500,4997700,2497500,0,0,0,2500200,652242,0.6522
distribute_parallel_for_split_1050_1850_1400,1050,1400,0,2800,25908400,7774201,1400,36260000,11760000,7772800,2590000,5182800,2590000,0,0,0,2592800,642911,0.6429
distribute_parallel_for_split_1050_1850_1450,1050,1450,0,2900,26833700,8051851,1450,37000000,12180000,8050400,2682500,5367900,2682500,0,0,0,2685400,679717,0.6797
distribute_parallel_for_split_1050_1850_1500,1050,1500,0,3000,27759000,8329501,1500,37740000,12600000,8328000,2775000,5553000,2775000,0,0,0,2778000,720476,0.7205
distribute_parallel_for_split_1050_1850_1550,1050,1550,0,3100,28684300,8607151,1550,38480000,13020000,8605600,2867500,5738100,2867500,0,0,0,2870600,712632,0.7126
distribute_parallel_for_split_1050_1850_1600,1050,1600,0,3200,29609600,8884801,1600,39220000,13440000,8883200,2960000,5923200,2960000,0,0,0,2963200,713543,0.7135
distribute_parallel_for_split_1050_1850_1650,1050,1650,0,3300,30534900,9162451,1650,39960000,13860000,9160800,3052500,6108300,3052500,0,0,0,3055800,748857,0.7489
distribute_parallel_for_split_1050_1850_1700,1050,1700,0,3400,31460200,9440101,1700,40700000,14280000,9438400,3145000,6293400,3145000,0,0,0,3148400,769116,0.7691
distribute_parallel_for_split_1050_1850_1750,1050,1750,0,3500,32385500,9717751,1750,41440000,14700000,9716000,3237500,6478500,3237500,0,0,0,3241000,788861,0.7889
distribute_parallel_for_split_1050_1850_1800,1050,1800,0,3600,33310800,9995401,1800,42180000,15120000,9993600,3330000,6663600,3330000,0,0,0,3333600,820790,0.8208
distribute_parallel_for_split_1050_1850_1850,1050,1850,0,3700,34236100,10273051,1850,42920000,15540000,10271200,3422500,6848700,3422500,0,0,0,3426200,835987,0.8360
distribute_parallel_for_split_1050_1850_1900,1050,1900,0,3800,35161400,10550701,1900,43660000,15960000,10548800,3515000,7033800,3515000,0,0,0,3518800,858956,0.8590
distribute_parallel_for_split_1050_1850_1950,1050,1950,0,3900,36086700,10828351,1950,44400000,16380000,10826400,3607500,7218900,3607500,0,0,0,3611400,872359,0.8724
distribute_parallel_for_split_1050_1850_2000,1050,2000,0,4000,37012000,11106001,2000,45140000,16800000,11104000,3700000,7404000,3700000,0,0,0,3704000,894361,0.8944
distribute_parallel_for_split_1050_1900_1050,1050,1050,0,2100,19956300,5988151,1050,31920000,8820000,5987100,1995000,3992100,1995000,0,0,0,1997100,502757,0.5028
distribute_parallel_for_split_1050_1900_1100,1050,1100,0,2200,20906600,6273301,1100,32680000,9240000,6272200,2090000,4182200,2090000,0,0,0,2092200,520400,0.5204
distribute_parallel_for_split_1050_1900_1150,1050,1150,0,2300,21856900,6558451,1150,33440000,9660000,6557300,2185000,4372300,2185000,0,0,0,2187300,550773,0.5508
distribute_parallel_for_split_1050_1900_1200,1050,1200,0,2400,22807200,6843601,1200,34200000,10080000,6842400,2280000,4562400,2280000,0,0,0,2282400,555749,0.5557
distribute_parallel_for_split_1050_1900_1250,1050,1250,0,2500,23757500,7128751,1250,34960000,10500000,7127500,2375000,4752500,2375000,0,0,0,2377500,597993,0.5980
distribute_parallel_for_split_1050_1900_1300,1050,1300,0,2600,24707800,7413901,1300,35720000,10920000,7412600,2470000,4942600,2470000,0,0,0,2472600,616768,0.6168
distribute_parallel_for_split_1050_1900_1350,1050,1350,0,2700,25658100,7699051,1350,36480000,11340000,7697700,2565000,5132700,2565000,0,0,0,2567700,643051,0.6431
distribute_parallel_for_split_1050_1900_1400,1050,1400,0,2800,26608400,7984201,1400,37240000,11760000,7982800,2660000,5322800,2660000,0,0,0,2662800,656172,0.6562
distribute_parallel_for_split_1050_1900_1450,1050,1450,0,2900,27558700,8269351,1450,38000000,12180000,8267900,2755000,5512900,2755000,0,0,0,2757900,683940,0.6839
distribute_parallel_for_split_1050_1900_1500,1050,1500,0,3000,28509000,8554501,1500,38760000,12600000,8553000,2850000,5703000,2850000,0,0,0,2853000,699999,0.7000
distribute_parallel_for_split_1050_1900_1550,1050,1550,0,3100,29459300,8839651,1550,39520000,13020000,8838100,2945000,5893100,2945000,0,0,0,2948100,728266,0.7283
distribute_parallel_for_split_1050_1900_1600,1050,1600,0,3200,30409600,9124801,1600,40280000,13440000,9123200,3040000,6083200,3040000,0,0,0,3043200,735789,0.7358
distribute_parallel_for_split_1050_1900_1650,1050,1650,0,3300,31359900,9409951,1650,41040000,13860000,9408300,3135000,6273300,3135000,0,0,0,3138300,770069,0.7701
distribute_parallel_for_split_1050_1900_1700,1050,1700,0,3400,32310200,9695101,1700,41800000,14280000,9693400,3230000,6463400,3230000,0,0,0,3233400,790258,0.7903
distribute_parallel_for_split_1050_1900_1750,1050,1750,0,3500,33260500,9980251,1750,42560000,14700000,9978500,3325000,6653500,3325000,0,0,0,3328500,817566,0.8176
distribute_parallel_for_split_1050_1900_1800,1050,1800,0,3600,34210800,10265401,1800,43320000,15120000,10263600,3420000,6843600,3420000,0,0,0,3423600,835676,0.8357
distribute_parallel_for_split_1050_1900_1850,1050,1850,0,3700,35161100,10550551,1850,44080000,15540000,10548700,3515000,7033700,3515000,0,0,0,3518700,859467,0.8595
distribute_parallel_for_split_1050_1900_1900,1050,1900,0,3800,36111400,10835701,1900,44840000,15960000,10833800,3610000,7223800,3610000,0,0,0,3613800,888627,0.8886
distribute_parallel_for_split_1050_1900_1950,1050,1950,0,3900,37061700,11120851,1950,45600000,16380000,11118900,3705000,7413900,3705000,0,0,0,3708900,911493,0.9115
distribute_parallel_for_split_1050_1900_2000,1050,2000,0,4000,38012000,11406001,2000,46360000,16800000,11404000,3800000,7604000,3800000,0,0,0,3804000,914863,0.9149
distribute_parallel_for_split_1050_1950_1050,1050,1050,0,2100,20481300,6145651,1050,32760000,8820000,6144600,2047500,4097100,2047500,0,0,0,2049600,515667,0.5157
distribute_parallel_for_split_1050_1950_1100,1050,1100,0,2200,21456600,6438301,1100,33540000,9240000,6437200,2145000,4292200,2145000,0,0,0,2147200,531223,0.5312
distribute_parallel_for_split_1050_1950_1150,1050,1150,0,2300,22431900,6730951,1150,34320000,9660000,6729800,2242500,4487300,2242500,0,0,0,2244800,545321,0.5453
distribute_parallel_for_split_1050_1950_1200,1050,1200,0,2400,23407200,7023601,1200,35100000,10080000,7022400,2340000,4682400,2340000,0,0,0,2342400,576520,0.5765
distribute_parallel_for_split_1050_1950_1250,1050,1250,0,2500,24382500,7316251,1250,35880000,10500000,7315000,2437500,4877500,2437500,0,0,0,2440000,612435,0.6124
distribute_parallel_for_split_1050_1950_1300,1050,1300,0,2600,25357800,7608901,1300,36660000,10920000,7607600,2535000,5072600,2535000,0,0,0,2537600,633048,0.6330
distribute_parallel_for_split_1050_1950_1350,1050,1350,0,2700,26333100,7901551,1350,37440000,11340000,7900200,2632500,5267700,2632500,0,0,0,2635200,656395,0.6564
distribute_parallel_for_split_1050_1950_1400,1050,1400,0,2800,27308400,8194201,1400,38220000,11760000,8192800,2730000,5462800,2730000,0,0,0,2732800,701955,0.7020
distribute_parallel_for_split_1050_1950_1450,1050,1450,0,2900,28283700,8486851,1450,39000000,12180000,8485400,2827500,5657900,2827500,0,0,0,2830400,703392,0.7034
distribute_parallel_for_split_1050_1950_1500,1050,1500,0,3000,29259000,8779501,1500,39780000,12600000,8778000,2925000,5853000,2925000,0,0,0,2928000,722656,0.7227
distribute_parallel_for_split_1050_1950_1550,1050,1550,0,3100,30234300,9072151,1550,40560000,13020000,9070600,3022500,6048100,3022500,0,0,0,3025600,746049,0.7460
distribute_parallel_for_split_1050_1950_1600,1050,1600,0,3200,31209600,9364801,1600,41340000,13440000,9363200,3120000,6243200,3120000,0,0,0,3123200,754983,0.7550
distribute_parallel_for_split_1050_1950_1650,1050,1650,0,3300,32184900,9657451,1650,42120000,13860000,9655800,3217500,6438300,3217500,0,0,0,3220800,791129,0.7911
distribute_parallel_for_split_1050_1950_1700,1050,1700,0,3400,33160200,9950101,1700,42900000,14280000,9948400,3315000,6633400,3315000,0,0,0,3318400,815019,0.8150
distribute_parallel_for_split_1050_1950_1750,1050,1750,0,3500,34135500,10242751,1750,43680000,14700000,10241000,3412500,6828500,3412500,0,0,0,3416000,836315,0.8363
distribute_parallel_for_split_1050_1950_1800,1050,1800,0,3600,35110800,10535401,1800,44460000,15120000,10533600,3510000,7023600,3510000,0,0,0,3513600,885339,0.8853
distribute_parallel_for_split_1050_1950_1850,1050,1850,0,3700,36086100,10828051,1850,45240000,15540000,10826200,3607500,7218700,3607500,0,0,0,3611200,878757,0.8788
distribute_parallel_for_split_1050_1950_1900,1050,1900,0,3800,37061400,11120701,1900,46020000,15960000,11118800,3705000,7413800,3705000,0,0,0,3708800,941542,0.9415
distribute_parallel_for_split_1050_1950_1950,1050,1950,0,3900,38036700,11413351,1950,46800000,16380000,11411400,3802500,7608900,3802500,0,0,0,3806400,929866,0.9299
distribute_parallel_for_split_1050_1950_2000,1050,2000,0,4000,39012000,11706001,2000,47580000,16800000,11704000,3900000,7804000,3900000,0,0,0,3904000,977991,0.9780
distribute_parallel_for_split_1050_2000_1050,1050,1050,0,2100,21006300,6303151,1050,33600000,8820000,6302100,2100000,4202100,2100000,0,0,0,2102100,513462,0.5135
distribute_parallel_for_split_1050_2000_1100,1050,1100,0,2200,22006600,6603301,1100,34400000,9240000,6602200,2200000,4402200,2200000,0,0,0,2202200,563600,0.5636
distribute_parallel_for_split_1050_2000_1150,1050,1150,0,2300,23006900,6903451,1150,35200000,9660000,6902300,2300000,4602300,2300000,0,0,0,2302300,562054,0.5621
distribute_parallel_for_split_1050_2000_1200,1050,1200,0,2400,24007200,7203601,1200,36000000,10080000,7202400,2400000,4802400,2400000,0,0,0,2402400,622149,0.6221
distribute_parallel_for_split_1050_2000_1250,1050,1250,0,2500,25007500,7503751,1250,36800000,10500000,7502500,2500000,5002500,2500000,0,0,0,2502500,632306,0.6323
distribute_parallel_for_split_1050_2000_1300,1050,1300,0,2600,26007800,7803901,1300,37600000,10920000,7802600,2600000,5202600,2600000,0,0,0,2602600,647123,0.6471
distribute_parallel_for_split_1050_2000_1350,1050,1350,0,2700,27008100,8104051,1350,38400000,11340000,8102700,2700000,5402700,2700000,0,0,0,2702700,675807,0.6758
distribute_parallel_for_split_1050_2000_1400,1050,1400,0,2800,28008400,8404201,1400,39200000,11760000,8402800,2800000,5602800,2800000,0,0,0,2802800,703425,0.7034
distribute_parallel_for_split_1050_2000_1450,1050,1450,0,2900,29008700,8704351,1450,40000000,12180000,8702900,2900000,5802900,2900000,0,0,0,2902900,720618,0.7206
distribute_parallel_for_split_1050_2000_1500,1050,1500,0,3000,30009000,9004501,1500,40800000,12600000,9003000,3000000,6003000,3000000,0,0,0,3003000,735490,0.7355
distribute_parallel_for_split_1050_2000_1550,1050,1550,0,3100,31009300,9304651,1550,41600000,13020000,9303100,3100000,6203100,3100000,0,0,0,3103100,769880,0.7699
distribute_parallel_for_split_1050_2000_1600,1050,1600,0,3200,32009600,9604801,1600,42400000,13440000,9603200,3200000,6403200,3200000,0,0,0,3203200,775653,0.7757
distribute_parallel_for_split_1050_2000_1650,1050,1650,0,3300,33009900,9904951,1650,43200000,13860000,9903300,3300000,6603300,3300000,0,0,0,3303300,816501,0.8165
distribute_parallel_for_split_1050_2000_1700,1050,1700,0,3400,34010200,10205101,1700,44000000,14280000,10203400,3400000,6803400,3400000,0,0,0,3403400,837230,0.8372
distribute_parallel_for_split_1050_2000_1750,1050,1750,0,3500,35010500,10505251,1750,44800000,14700000,10503500,3500000,7003500,3500000,0,0,0,3503500,864869,0.8649
distribute_parallel_for_split_1050_2000_1800,1050,1800,0,3600,36010800,10805401,1800,45600000,15120000,10803600,3600000,7203600,3600000,0,0,0,3603600,880071,0.8801
distribute_parallel_for_split_1050_2000_1850,1050,1850,0,3700,37011100,11105551,1850,46400000,15540000,11103700,3700000,7403700,3700000,0,0,0,3703700,903110,0.9031
distribute_parallel_for_split_1050_2000_1900,1050,1900,0,3800,38011400,11405701,1900,47200000,15960000,11403800,3800000,7603800,3800000,0,0,0,3803800,918522,0.9185
distribute_parallel_for_split_1050_2000_1950,1050,1950,0,3900,39011700,11705851,1950,48000000,16380000,11703900,3900000,7803900,3900000,0,0,0,3903900,948035,0.9480
distribute_parallel_for_split_1050_2000_2000,1050,2000,0,4000,40012000,12006001,2000,48800000,16800000,12004000,4000000,8004000,4000000,0,0,0,4004000,978810,0.9788
distribute_parallel_for_split_1100_1050_1050,1100,1050,0,2100,11031300,3310651,1050,18060000,9240000,3309600,1102500,2207100,1102500,0,0,0,1104600,279671,0.2797
distribute_parallel_for_split_1100_1050_1100,1100,1100,0,2200,11556600,3468301,1100,18480000,9680000,3467200,1155000,2312200,1155000,0,0,0,1157200,301559,0.3016
distribute_parallel_for_split_1100_1050_1150,1100,1150,0,2300,12081900,3625951,1150,18900000,10120000,3624800,1207500,2417300,1207500,0,0,0,1209800,336216,0.3362
distribute_parallel_for_split_1100_1050_1200,1100,1200,0,2400,12607200,3783601,1200,19320000,10560000,3782400,1260000,2522400,1260000,0,0,0,1262400,357415,0.3574
distribute_parallel_for_split_1100_1050_1250,1100,1250,0,2500,13132500,3941251,1250,19740000,11000000,3940000,1312500,2627500,1312500,0,0,0,1315000,363819,0.3638
distribute_parallel_for_split_1100_1050_1300,1100,1300,0,2600,13657800,4098901,1300,20160000,11440000,4097600,1365000,2732600,1365000,0,0,0,1367600,353364,0.3534
distribute_parallel_for_split_1100_1050_1350,1100,1350,0,2700,14183100,4256551,1350,20580000,11880000,4255200,1417500,2837700,1417500,0,0,0,1420200,395758,0.3958
distribute_parallel_for_split_1100_1050_1400,1100,1400,0,2800,14708400,4414201,1400,21000000,12320000,4412800,1470000,2942800,1470000,0,0,0,1472800,386402,0.3864
distribute_parallel_for_split_1100_1050_1450,1100,1450,0,2900,15233700,4571851,1450,21420000,12760000,4570400,1522500,3047900,1522500,0,0,0,1525400,392937,0.3929
distribute_parallel_for_split_1100_1050_1500,1100,1500,0,3000,15759000,4729501,1500,21840000,13200000,4728000,1575000,3153000,1575000,0,0,0,1578000,397465,0.3975
distribute_parallel_for_split_1100_1050_1550,1100,1550,0,3100,16284300,4887151,1550,22260000,13640000,4885600,1627500,3258100,1627500,0,0,0,1630600,418477,0.4185
distribute_parallel_for_split_1100_1050_1600,1100,1600,0,3200,16809600,5044801,1600,22680000,14080000,5043200,1680000,3363200,1680000,0,0,0,1683200,422473,0.4225
distribute_parallel_for_split_1100_1050_1650,1100,1650,0,3300,17334900,5202451,1650,23100000,14520000,5200800,1732500,3468300,1732500,0,0,0,1735800,443910,0.4439
distribute_parallel_for_split_1100_1050_1700,1100,1700,0,3400,17860200,5360101,1700,23520000,14960000,5358400,1785000,3573400,1785000,0,0,0,1788400,450371,0.4504
distribute_parallel_for_split_1100_1050_1750,1100,1750,0,3500,18385500,5517751,1750,23940000,15400000,5516000,1837500,3678500,1837500,0,0,0,1841000,465692,0.4657
distribute_parallel_for_split_1100_1050_1800,1100,1800,0,3600,18910800,5675401,1800,24360000,15840000,5673600,1890000,3783600,1890000,0,0,0,1893600,474919,0.4749
distribute_parallel_for_split_1100_1050_1850,1100,1850,0,3700,19436100,5833051,1850,24780000,16280000,5831200,1942500,3888700,1942500,0,0,0,1946200,513398,0.5134
distribute_parallel_for_split_1100_1050_1900,1100,1900,0,3800,19961400,5990701,1900,25200000,16720000,5988800,1995000,3993800,1995000,0,0,0,1998800,519337,0.5193
distribute_parallel_for_split_1100_1050_1950,1100,1950,0,3900,20486700,6148351,1950,25620000,17160000,6146400,2047500,4098900,2047500,0,0,0,2051400,518695,0.5187
distribute_parallel_for_split_1100_1050_2000,1100,2000,0,4000,21012000,6306001,2000,26040000,17600000,6304000,2100000,4204000,2100000,0,0,0,2104000,523191,0.5232
distribute_parallel_for_split_1100_1100_1050,1100,1050,0,2100,11556300,3468151,1050,18920000,9240000,3467100,1155000,2312100,1155000,0,0,0,1157100,294723,0.2947
distribute_parallel_for_split_1100_1100_1100,1100,1100,0,2200,12106600,3633301,1100,19360000,9680000,3632200,1210000,2422200,1210000,0,0,0,1212200,314523,0.3145
distribute_parallel_for_split_1100_1100_1150,1100,1150,0,2300,12656900,3798451,1150,19800000,10120000,3797300,1265000,2532300,1265000,0,0,0,1267300,319314,0.3193
distribute_parallel_for_split_1100_1100_1200,1100,1200,0,2400,13207200,3963601,1200,20240000,10560000,3962400,1320000,2642400,1320000,0,0,0,1322400,336459,0.3365
distribute_parallel_for_split_1100_1100_1250,1100,1250,0,2500,13757500,4128751,1250,20680000,11000000,4127500,1375000,2752500,1375000,0,0,0,1377500,360807,0.3608
distribute_parallel_for_split_1100_1100_1300,1100,1300,0,2600,14307800,4293901,1300,21120000,11440000,4292600,1430000,2862600,1430000,0,0,0,1432600,366372,0.3664
distribute_parallel_for_split_1100_1100_1350,1100,1350,0,2700,14858100,4459051,1350,21560000,11880000,4457700,1485000,2972700,1485000,0,0,0,1487700,385962,0.3860
distribute_parallel_for_split_1100_1100_1400,1100,1400,0,2800,15408400,4624201,1400,22000000,12320000,4622800,1540000,3082800,1540000,0,0,0,1542800,393154,0.3932
distribute_parallel_for_split_1100_1100_1450,1100,1450,0,2900,15958700,4789351,1450,22440000,12760000,4787900,1595000,3192900,1595000,0,0,0,1597900,412028,0.4120
distribute_parallel_for_split_1100_1100_1500,1100,1500,0,3000,16509000,4954501,1500,22880000,13200000,4953000,1650000,3303000,1650000,0,0,0,1653000,422262,0.4223
distribute_parallel_for_split_1100_1100_1550,1100,1550,0,3100,17059300,5119651,1550,23320000,13640000,5118100,1705000,3413100,1705000,0,0,0,1708100,437544,0.4375
distribute_parallel_for_split_1100_1100_1600,1100,1600,0,3200,17609600,5284801,1600,23760000,14080000,5283200,1760000,3523200,1760000,0,0,0,1763200,443222,0.4432
distribute_parallel_for_split_1100_1100_1650,1100,1650,0,3300,18159900,5449951,1650,24200000,14520000,5448300,1815000,3633300,1815000,0,0,0,1818300,463646,0.4636
distribute_parallel_for_split_1100_1100_1700,1100,1700,0,3400,18710200,5615101,1700,24640000,14960000,5613400,1870000,3743400,1870000,0,0,0,1873400,483319,0.4833
distribute_parallel_for_split_1100_1100_1750,1100,1750,0,3500,19260500,5780251,1750,25080000,15400000,5778500,1925000,3853500,1925000,0,0,0,1928500,492478,0.4925
distribute_parallel_for_split_1100_1100_1800,1100,1800,0,3600,19810800,5945401,1800,25520000,15840000,5943600,1980000,3963600,1980000,0,0,0,1983600,500451,0.5005
distribute_parallel_for_split_1100_1100_1850,1100,1850,0,3700,20361100,6110551,1850,25960000,16280000,6108700,2035000,4073700,2035000,0,0,0,2038700,518441,0.5184
distribute_parallel_for_split_1100_1100_1900,1100,1900,0,3800,20911400,6275701,1900,26400000,16720000,6273800,2090000,4183800,2090000,0,0,0,2093800,527499,0.5275
distribute_parallel_for_split_1100_1100_1950,1100,1950,0,3900,21461700,6440851,1950,26840000,17160000,6438900,2145000,4293900,2145000,0,0,0,2148900,546847,0.5468
distribute_parallel_for_split_1100_1100_2000,1100,2000,0,4000,22012000,6606001,2000,27280000,17600000,6604000,2200000,4404000,2200000,0,0,0,2204000,552371,0.5524
distribute_parallel_for_split_1100_1150_1050,1100,1050,0,2100,12081300,3625651,1050,19780000,9240000,3624600,1207500,2417100,1207500,0,0,0,1209600,336910,0.3369
distribute_parallel_for_split_1100_1150_1100,1100,1100,0,2200,12656600,3798301,1100,20240000,9680000,3797200,1265000,2532200,1265000,0,0,0,1267200,344829,0.3448
distribute_parallel_for_split_1100_1150_1150,1100,1150,0,2300,13231900,3970951,1150,20700000,10120000,3969800,1322500,2647300,1322500,0,0,0,1324800,334871,0.3349
distribute_parallel_for_split_1100_1150_1200,1100,1200,0,2400,13807200,4143601,1200,21160000,10560000,4142400,1380000,2762400,1380000,0,0,0,1382400,358286,0.3583
distribute_parallel_for_split_1100_1150_1250,1100,1250,0,2500,14382500,4316251,1250,21620000,11000000,4315000,1437500,2877500,1437500,0,0,0,1440000,376496,0.3765
distribute_parallel_for_split_1100_1150_1300,1100,1300,0,2600,14957800,4488901,1300,22080000,11440000,4487600,1495000,2992600,1495000,0,0,0,1497600,380649,0.3806
distribute_parallel_for_split_1100_1150_1350,1100,1350,0,2700,15533100,4661551,1350,22540000,11880000,4660200,1552500,3107700,1552500,0,0,0,1555200,403996,0.4040
distribute_parallel_for_split_1100_1150_1400,1100,1400,0,2800,16108400,4834201,1400,23000000,12320000,4832800,1610000,3222800,1610000,0,0,0,1612800,407999,0.4080
distribute_parallel_for_split_1100_1150_1450,1100,1450,0,2900,16683700,5006851,1450,23460000,12760000,5005400,1667500,3337900,1667500,0,0,0,1670400,432469,0.4325
distribute_parallel_for_split_1100_1150_1500,1100,1500,0,3000,17259000,5179501,1500,23920000,13200000,5178000,1725000,3453000,1725000,0,0,0,1728000,451455,0.4515
distribute_parallel_for_split_1100_1150_1550,1100,1550,0,3100,17834300,5352151,1550,24380000,13640000,5350600,1782500,3568100,1782500,0,0,0,1785600,472789,0.4728
distribute_parallel_for_split_1100_1150_1600,1100,1600,0,3200,18409600,5524801,1600,24840000,14080000,5523200,1840000,3683200,1840000,0,0,0,1843200,462234,0.4622
distribute_parallel_for_split_1100_1150_1650,1100,1650,0,3300,18984900,5697451,1650,25300000,14520000,5695800,1897500,3798300,1897500,0,0,0,1900800,488857,0.4889
distribute_parallel_for_split_1100_1150_1700,1100,1700,0,3400,19560200,5870101,1700,25760000,14960000,5868400,1955000,3913400,1955000,0,0,0,1958400,497432,0.4974
distribute_parallel_for_split_1100_1150_1750,1100,1750,0,3500,20135500,6042751,1750,26220000,15400000,6041000,2012500,4028500,2012500,0,0,0,2016000,521314,0.5213
distribute_parallel_for_split_1100_1150_1800,1100,1800,0,3600,20710800,6215401,1800,26680000,15840000,6213600,2070000,4143600,2070000,0,0,0,2073600,523626,0.5236
distribute_parallel_for_split_1100_1150_1850,1100,1850,0,3700,21286100,6388051,1850,27140000,16280000,6386200,2127500,4258700,2127500,0,0,0,2131200,542599,0.5426
distribute_parallel_for_split_1100_1150_1900,1100,1900,0,3800,21861400,6560701,1900,27600000,16720000,6558800,2185000,4373800,2185000,0,0,0,2188800,569407,0.5694
distribute_parallel_for_split_1100_1150_1950,1100,1950,0,3900,22436700,6733351,1950,28060000,17160000,6731400,2242500,4488900,2242500,0,0,0,2246400,597083,0.5971
distribute_parallel_for_split_1100_1150_2000,1100,2000,0,4000,23012000,6906001,2000,28520000,17600000,6904000,2300000,4604000,2300000,0,0,0,2304000,592790,0.5928
distribute_parallel_for_split_1100_1200_1050,1100,1050,0,2100,12606300,3783151,1050,20640000,9240000,3782100,1260000,2522100,1260000,0,0,0,1262100,338878,0.3389
distribute_parallel_for_split_1100_1200_1100,1100,1100,0,2200,13206600,3963301,1100,21120000,9680000,3962200,1320000,2642200,1320000,0,0,0,1322200,355358,0.3554
distribute_parallel_for_split_1100_1200_1150,1100,1150,0,2300,13806900,4143451,1150,21600000,10120000,4142300,1380000,2762300,1380000,0,0,0,1382300,364694,0.3647
distribute_parallel_for_split_1100_1200_1200,1100,1200,0,2400,14407200,4323601,1200,22080000,10560000,4322400,1440000,2882400,1440000,0,0,0,1442400,383619,0.3836
distribute_parallel_for_split_1100_1200_1250,1100,1250,0,2500,15007500,4503751,1250,22560000,11000000,4502500,1500000,3002500,1500000,0,0,0,1502500,391722,0.3917
distribute_parallel_for_split_1100_1200_1300,1100,1300,0,2600,15607800,4683901,1300,23040000,11440000,4682600,1560000,3122600,1560000,0,0,0,1562600,397234,0.3972
distribute_parallel_for_split_1100_1200_1350,1100,1350,0,2700,16208100,4864051,1350,23520000,11880000,4862700,1620000,3242700,1620000,0,0,0,1622700,421799,0.4218
distribute_parallel_for_split_1100_1200_1400,1100,1400,0,2800,16808400,5044201,1400,24000000,12320000,5042800,1680000,3362800,1680000,0,0,0,1682800,429930,0.4299
distribute_parallel_for_split_1100_1200_1450,1100,1450,0,2900,17408700,5224351,1450,24480000,12760000,5222900,1740000,3482900,1740000,0,0,0,1742900,450299,0.4503
distribute_parallel_for_split_1100_1200_1500,1100,1500,0,3000,18009000,5404501,1500,24960000,13200000,5403000,1800000,3603000,1800000,0,0,0,1803000,468823,0.4688
distribute_parallel_for_split_1100_1200_1550,1100,1550,0,3100,18609300,5584651,1550,25440000,13640000,5583100,1860000,3723100,1860000,0,0,0,1863100,479112,0.4791
distribute_parallel_for_split_1100_1200_1600,1100,1600,0,3200,19209600,5764801,1600,25920000,14080000,5763200,1920000,3843200,1920000,0,0,0,1923200,480018,0.4800
distribute_parallel_for_split_1100_1200_1650,1100,1650,0,3300,19809900,5944951,1650,26400000,14520000,5943300,1980000,3963300,1980000,0,0,0,1983300,505851,0.5059
distribute_parallel_for_split_1100_1200_1700,1100,1700,0,3400,20410200,6125101,1700,26880000,14960000,6123400,2040000,4083400,2040000,0,0,0,2043400,516693,0.5167
distribute_parallel_for_split_1100_1200_1750,1100,1750,0,3500,21010500,6305251,1750,27360000,15400000,6303500,2100000,4203500,2100000,0,0,0,2103500,535986,0.5360
distribute_parallel_for_split_1100_1200_1800,1100,1800,0,3600,21610800,6485401,1800,27840000,15840000,6483600,2160000,4323600,2160000,0,0,0,2163600,553477,0.5535
distribute_parallel_for_split_1100_1200_1850,1100,1850,0,3700,22211100,6665551,1850,28320000,16280000,6663700,2220000,4443700,2220000,0,0,0,2223700,592550,0.5926
distribute_parallel_for_split_1100_1200_1900,1100,1900,0,3800,22811400,6845701,1900,28800000,16720000,6843800,2280000,4563800,2280000,0,0,0,2283800,589868,0.5899
distribute_parallel_for_split_1100_1200_1950,1100,1950,0,3900,23411700,7025851,1950,29280000,17160000,7023900,2340000,4683900,2340000,0,0,0,2343900,595135,0.5951
distribute_parallel_for_split_1100_1200_2000,1100,2000,0,4000,24012000,7206001,2000,29760000,17600000,7204000,2400000,4804000,2400000,0,0,0,2404000,598116,0.5981
distribute_parallel_for_split_1100_1250_1050,1100,1050,0,2100,13131300,3940651,1050,21500000,9240000,3939600,1312500,2627100,1312500,0,0,0,1314600,331573,0.3316
distribute_parallel_for_split_1100_1250_1100,1100,1100,0,2200,13756600,4128301,1100,22000000,9680000,4127200,1375000,2752200,1375000,0,0,0,1377200,359008,0.3590
distribute_parallel_for_split_1100_1250_1150,1100,1150,0,2300,14381900,4315951,1150,22500000,10120000,4314800,1437500,2877300,1437500,0,0,0,1439800,361410,0.3614
distribute_parallel_for_split_1100_1250_1200,1100,1200,0,2400,15007200,4503601,1200,23000000,10560000,4502400,1500000,3002400,1500000,0,0,0,1502400,385953,0.3860
distribute_parallel_for_split_1100_1250_1250,1100,1250,0,2500,15632500,4691251,1250,23500000,11000000,4690000,1562500,3127500,1562500,0,0,0,1565000,407178,0.4072
distribute_parallel_for_split_1100_1250_1300,1100,1300,0,2600,16257800,4878901,1300,24000000,11440000,4877600,1625000,3252600,1625000,0,0,0,1627600,414089,0.4141
distribute_parallel_for_split_1100_1250_1350,1100,1350,0,2700,16883100,5066551,1350,24500000,11880000,5065200,1687500,3377700,1687500,0,0,0,1690200,438684,0.4387
distribute_parallel_for_split_1100_1250_1400,1100,1400,0,2800,17508400,5254201,1400,25000000,12320000,5252800,1750000,3502800,1750000,0,0,0,1752800,451808,0.4518
distribute_parallel_for_split_1100_1250_1450,1100,1450,0,2900,18133700,5441851,1450,25500000,12760000,5440400,1812500,3627900,1812500,0,0,0,1815400,469365,0.4694
distribute_parallel_for_split_1100_1250_1500,1100,1500,0,3000,18759000,5629501,1500,26000000,13200000,5628000,1875000,3753000,1875000,0,0,0,1878000,473767,0.4738
distribute_parallel_for_split_1100_1250_1550,1100,1550,0,3100,19384300,5817151,1550,26500000,13640000,5815600,1937500,3878100,1937500,0,0,0,1940600,497762,0.4978
distribute_parallel_for_split_1100_1250_1600,1100,1600,0,3200,20009600,6004801,1600,27000000,14080000,6003200,2000000,4003200,2000000,0,0,0,2003200,503623,0.5036
distribute_parallel_for_split_1100_1250_1650,1100,1650,0,3300,20634900,6192451,1650,27500000,14520000,6190800,2062500,4128300,2062500,0,0,0,2065800,529903,0.5299
distribute_parallel_for_split_1100_1250_1700,1100,1700,0,3400,21260200,6380101,1700,28000000,14960000,6378400,2125000,4253400,2125000,0,0,0,2128400,538548,0.5385
distribute_parallel_for_split_1100_1250_1750,1100,1750,0,3500,21885500,6567751,1750,28500000,15400000,6566000,2187500,4378500,2187500,0,0,0,2191000,557578,0.5576
distribute_parallel_for_split_1100_1250_1800,1100,1800,0,3600,22510800,6755401,1800,29000000,15840000,6753600,2250000,4503600,2250000,0,0,0,2253600,568185,0.5682
distribute_parallel_for_split_1100_1250_1850,1100,1850,0,3700,23136100,6943051,1850,29500000,16280000,6941200,2312500,4628700,2312500,0,0,0,2316200,589307,0.5893
distribute_parallel_for_split_1100_1250_1900,1100,1900,0,3800,23761400,7130701,1900,30000000,16720000,7128800,2375000,4753800,2375000,0,0,0,2378800,597116,0.5971
distribute_parallel_for_split_1100_1250_1950,1100,1950,0,3900,24386700,7318351,1950,30500000,17160000,7316400,2437500,4878900,2437500,0,0,0,2441400,616119,0.6161
distribute_parallel_for_split_1100_1250_2000,1100,2000,0,4000,25012000,7506001,2000,31000000,17600000,7504000,2500000,5004000,2500000,0,0,0,2504000,622611,0.6226
distribute_parallel_for_split_1100_1300_1050,1100,1050,0,2100,13656300,4098151,1050,22360000,9240000,4097100,1365000,2732100,1365000,0,0,0,1367100,351322,0.3513
distribute_parallel_for_split_1100_1300_1100,1100,1100,0,2200,14306600,4293301,1100,22880000,9680000,4292200,1430000,2862200,1430000,0,0,0,1432200,379197,0.3792
distribute_parallel_for_split_1100_1300_1150,1100,1150,0,2300,14956900,4488451,1150,23400000,10120000,4487300,1495000,2992300,1495000,0,0,0,1497300,372543,0.3725
distribute_parallel_for_split_1100_1300_1200,1100,1200,0,2400,15607200,4683601,1200,23920000,10560000,4682400,1560000,3122400,1560000,0,0,0,1562400,398300,0.3983
distribute_parallel_for_split_1100_1300_1250,1100,1250,0,2500,16257500,4878751,1250,24440000,11000000,4877500,1625000,3252500,1625000,0,0,0,1627500,427039,0.4270
distribute_parallel_for_split_1100_1300_1300,1100,1300,0,2600,16907800,5073901,1300,24960000,11440000,5072600,1690000,3382600,1690000,0,0,0,1692600,460220,0.4602
distribute_parallel_for_split_1100_1300_1350,1100,1350,0,2700,17558100,5269051,1350,25480000,11880000,5267700,1755000,3512700,1755000,0,0,0,1757700,462403,0.4624
distribute_parallel_for_split_1100_1300_1400,1100,1400,0,2800,18208400,5464201,1400,26000000,12320000,5462800,1820000,3642800,1820000,0,0,0,1822800,463951,0.4640
distribute_parallel_for_split_1100_1300_1450,1100,1450,0,2900,18858700,5659351,1450,26520000,12760000,5657900,1885000,3772900,1885000,0,0,0,1887900,486437,0.4864
distribute_parallel_for_split_1100_1300_1500,1100,1500,0,3000,19509000,5854501,1500,27040000,13200000,5853000,1950000,3903000,1950000,0,0,0,1953000,494654,0.4947
distribute_parallel_for_split_1100_1300_1550,1100,1550,0,3100,20159300,6049651,1550,27560000,13640000,6048100,2015000,4033100,2015000,0,0,0,2018100,514408,0.5144
distribute_parallel_for_split_1100_1300_1600,1100,1600,0,3200,20809600,6244801,1600,28080000,14080000,6243200,2080000,4163200,2080000,0,0,0,2083200,521626,0.5216
distribute_parallel_for_split_1100_1300_1650,1100,1650,0,3300,21459900,6439951,1650,28600000,14520000,6438300,2145000,4293300,2145000,0,0,0,2148300,546857,0.5469
distribute_parallel_for_split_1100_1300_1700,1100,1700,0,3400,22110200,6635101,1700,29120000,14960000,6633400,2210000,4423400,2210000,0,0,0,2213400,557072,0.5571
distribute_parallel_for_split_1100_1300_1750,1100,1750,0,3500,22760500,6830251,1750,29640000,15400000,6828500,2275000,4553500,2275000,0,0,0,2278500,581159,0.5812
distribute_parallel_for_split_1100_1300_1800,1100,1800,0,3600,23410800,7025401,1800,30160000,15840000,7023600,2340000,4683600,2340000,0,0,0,2343600,605776,0.6058
distribute_parallel_for_split_1100_1300_1850,1100,1850,0,3700,24061100,7220551,1850,30680000,16280000,7218700,2405000,4813700,2405000,0,0,0,2408700,634363,0.6344
distribute_parallel_for_split_1100_1300_1900,1100,1900,0,3800,24711400,7415701,1900,31200000,16720000,7413800,2470000,4943800,2470000,0,0,0,2473800,620001,0.6200
distribute_parallel_for_split_1100_1300_1950,1100,1950,0,3900,25361700,7610851,1950,31720000,17160000,7608900,2535000,5073900,2535000,0,0,0,2538900,640704,0.6407
distribute_parallel_for_split_1100_1300_2000,1100,2000,0,4000,26012000,7806001,2000,32240000,17600000,7804000,2600000,5204000,2600000,0,0,0,2604000,651356,0.6514
distribute_parallel_for_split_1100_1350_1050,1100,1050,0,2100,14181300,4255651,1050,23220000,9240000,4254600,1417500,2837100,1417500,0,0,0,1419600,364269,0.3643
distribute_parallel_for_split_1100_1350_1100,1100,1100,0,2200,14856600,4458301,1100,23760000,9680000,4457200,1485000,2972200,1485000,0,0,0,1487200,385601,0.3856
distribute_parallel_for_split_1100_1350_1150,1100,1150,0,2300,15531900,4660951,1150,24300000,10120000,4659800,1552500,3107300,1552500,0,0,0,1554800,387285,0.3873
distribute_parallel_for_split_1100_1350_1200,1100,1200,0,2400,16207200,4863601,1200,24840000,10560000,4862400,1620000,3242400,1620000,0,0,0,1622400,413998,0.4140
distribute_parallel_for_split_1100_1350_1250,1100,1250,0,2500,16882500,5066251,1250,25380000,11000000,5065000,1687500,3377500,1687500,0,0,0,1690000,440874,0.4409
distribute_parallel_for_split_1100_1350_1300,1100,1300,0,2600,17557800,5268901,1300,25920000,11440000,5267600,1755000,3512600,1755000,0,0,0,1757600,448604,0.4486
distribute_parallel_for_split_1100_1350_1350,1100,1350,0,2700,18233100,5471551,1350,26460000,11880000,5470200,1822500,3647700,1822500,0,0,0,1825200,490703,0.4907
distribute_parallel_for_split_1100_1350_1400,1100,1400,0,2800,18908400,5674201,1400,27000000,12320000,5672800,1890000,3782800,1890000,0,0,0,1892800,478694,0.4787
distribute_parallel_for_split_1100_1350_1450,1100,1450,0,2900,19583700,5876851,1450,27540000,12760000,5875400,1957500,3917900,1957500,0,0,0,1960400,530428,0.5304
distribute_parallel_for_split_1100_1350_1500,1100,1500,0,3000,20259000,6079501,1500,28080000,13200000,6078000,2025000,4053000,2025000,0,0,0,2028000,515785,0.5158
distribute_parallel_for_split_1100_1350_1550,1100,1550,0,3100,20934300,6282151,1550,28620000,13640000,6280600,2092500,4188100,2092500,0,0,0,2095600,566155,0.5662
distribute_parallel_for_split_1100_1350_1600,1100,1600,0,3200,21609600,6484801,1600,29160000,14080000,6483200,2160000,4323200,2160000,0,0,0,2163200,555644,0.5556
distribute_parallel_for_split_1100_1350_1650,1100,1650,0,3300,22284900,6687451,1650,29700000,14520000,6685800,2227500,4458300,2227500,0,0,0,2230800,577746,0.5777
distribute_parallel_for_split_1100_1350_1700,1100,1700,0,3400,22960200,6890101,1700,30240000,14960000,6888400,2295000,4593400,2295000,0,0,0,2298400,581974,0.5820
distribute_parallel_for_split_1100_1350_1750,1100,1750,0,3500,23635500,7092751,1750,30780000,15400000,7091000,2362500,4728500,2362500,0,0,0,2366000,629132,0.6291
distribute_parallel_for_split_1100_1350_1800,1100,1800,0,3600,24310800,7295401,1800,31320000,15840000,7293600,2430000,4863600,2430000,0,0,0,2433600,653446,0.6534
distribute_parallel_for_split_1100_1350_1850,1100,1850,0,3700,24986100,7498051,1850,31860000,16280000,7496200,2497500,4998700,2497500,0,0,0,2501200,671884,0.6719
distribute_parallel_for_split_1100_1350_1900,1100,1900,0,3800,25661400,7700701,1900,32400000,16720000,7698800,2565000,5133800,2565000,0,0,0,2568800,661905,0.6619
distribute_parallel_for_split_1100_1350_1950,1100,1950,0,3900,26336700,7903351,1950,32940000,17160000,7901400,2632500,5268900,2632500,0,0,0,2636400,689909,0.6899
distribute_parallel_for_split_1100_1350_2000,1100,2000,0,4000,27012000,8106001,2000,33480000,17600000,8104000,2700000,5404000,2700000,0,0,0,2704000,693612,0.6936
distribute_parallel_for_split_1100_1400_1050,1100,1050,0,2100,14706300,4413151,1050,24080000,9240000,4412100,1470000,2942100,1470000,0,0,0,1472100,370994,0.3710
distribute_parallel_for_split_1100_1400_1100,1100,1100,0,2200,15406600,4623301,1100,24640000,9680000,4622200,1540000,3082200,1540000,0,0,0,1542200,395924,0.3959
distribute_parallel_for_split_1100_1400_1150,1100,1150,0,2300,16106900,4833451,1150,25200000,10120000,4832300,1610000,3222300,1610000,0,0,0,1612300,400755,0.4008
distribute_parallel_for_split_1100_1400_1200,1100,1200,0,2400,16807200,5043601,1200,25760000,10560000,5042400,1680000,3362400,1680000,0,0,0,1682400,426478,0.4265
distribute_parallel_for_split_1100_1400_1250,1100,1250,0,2500,17507500,5253751,1250,26320000,11000000,5252500,1750000,3502500,1750000,0,0,0,1752500,461227,0.4612
distribute_parallel_for_split_1100_1400_1300,1100,1300,0,2600,18207800,5463901,1300,26880000,11440000,5462600,1820000,3642600,1820000,0,0,0,1822600,493135,0.4931
distribute_parallel_for_split_1100_1400_1350,1100,1350,0,2700,18908100,5674051,1350,27440000,11880000,5672700,1890000,3782700,1890000,0,0,0,1892700,494794,0.4948
distribute_parallel_for_split_1100_1400_1400,1100,1400,0,2800,19608400,5884201,1400,28000000,12320000,5882800,1960000,3922800,1960000,0,0,0,1962800,497941,0.4979
distribute_parallel_for_split_1100_1400_1450,1100,1450,0,2900,20308700,6094351,1450,28560000,12760000,6092900,2030000,4062900,2030000,0,0,0,2032900,528544,0.5285
distribute_parallel_for_split_1100_1400_1500,1100,1500,0,3000,21009000,6304501,1500,29120000,13200000,6303000,2100000,4203000,2100000,0,0,0,2103000,532703,0.5327
distribute_parallel_for_split_1100_1400_1550,1100,1550,0,3100,21709300,6514651,1550,29680000,13640000,6513100,2170000,4343100,2170000,0,0,0,2173100,560223,0.5602
distribute_parallel_for_split_1100_1400_1600,1100,1600,0,3200,22409600,6724801,1600,30240000,14080000,6723200,2240000,4483200,2240000,0,0,0,2243200,559144,0.5591
distribute_parallel_for_split_1100_1400_1650,1100,1650,0,3300,23109900,6934951,1650,30800000,14520000,6933300,2310000,4623300,2310000,0,0,0,2313300,593076,0.5931
distribute_parallel_for_split_1100_1400_1700,1100,1700,0,3400,23810200,7145101,1700,31360000,14960000,7143400,2380000,4763400,2380000,0,0,0,2383400,602454,0.6025
distribute_parallel_for_split_1100_1400_1750,1100,1750,0,3500,24510500,7355251,1750,31920000,15400000,7353500,2450000,4903500,2450000,0,0,0,2453500,647463,0.6475
distribute_parallel_for_split_1100_1400_1800,1100,1800,0,3600,25210800,7565401,1800,32480000,15840000,7563600,2520000,5043600,2520000,0,0,0,2523600,648899,0.6489
distribute_parallel_for_split_1100_1400_1850,1100,1850,0,3700,25911100,7775551,1850,33040000,16280000,7773700,2590000,5183700,2590000,0,0,0,2593700,660639,0.6606
distribute_parallel_for_split_1100_1400_1900,1100,1900,0,3800,26611400,7985701,1900,33600000,16720000,7983800,2660000,5323800,2660000,0,0,0,2663800,669050,0.6691
distribute_parallel_for_split_1100_1400_1950,1100,1950,0,3900,27311700,8195851,1950,34160000,17160000,8193900,2730000,5463900,2730000,0,0,0,2733900,686673,0.6867
distribute_parallel_for_split_1100_1400_2000,1100,2000,0,4000,28012000,8406001,2000,34720000,17600000,8404000,2800000,5604000,2800000,0,0,0,2804000,719887,0.7199
distribute_parallel_for_split_1100_1450_1050,1100,1050,0,2100,15231300,4570651,1050,24940000,9240000,4569600,1522500,3047100,1522500,0,0,0,1524600,387325,0.3873
distribute_parallel_for_split_1100_1450_1100,1100,1100,0,2200,15956600,4788301,1100,25520000,9680000,4787200,1595000,3192200,1595000,0,0,0,1597200,410999,0.4110
distribute_parallel_for_split_1100_1450_1150,1100,1150,0,2300,16681900,5005951,1150,26100000,10120000,5004800,1667500,3337300,1667500,0,0,0,1669800,417546,0.4175
distribute_parallel_for_split_1100_1450_1200,1100,1200,0,2400,17407200,5223601,1200,26680000,10560000,5222400,1740000,3482400,1740000,0,0,0,1742400,442292,0.4423
distribute_parallel_for_split_1100_1450_1250,1100,1250,0,2500,18132500,5441251,1250,27260000,11000000,5440000,1812500,3627500,1812500,0,0,0,1815000,475314,0.4753
distribute_parallel_for_split_1100_1450_1300,1100,1300,0,2600,18857800,5658901,1300,27840000,11440000,5657600,1885000,3772600,1885000,0,0,0,1887600,483692,0.4837
distribute_parallel_for_split_1100_1450_1350,1100,1350,0,2700,19583100,5876551,1350,28420000,11880000,5875200,1957500,3917700,1957500,0,0,0,1960200,525390,0.5254
distribute_parallel_for_split_1100_1450_1400,1100,1400,0,2800,20308400,6094201,1400,29000000,12320000,6092800,2030000,4062800,2030000,0,0,0,2032800,510348,0.5103
distribute_parallel_for_split_1100_1450_1450,1100,1450,0,2900,21033700,6311851,1450,29580000,12760000,6310400,2102500,4207900,2102500,0,0,0,2105400,545732,0.5457
distribute_parallel_for_split_1100_1450_1500,1100,1500,0,3000,21759000,6529501,1500,30160000,13200000,6528000,2175000,4353000,2175000,0,0,0,2178000,556698,0.5567
distribute_parallel_for_split_1100_1450_1550,1100,1550,0,3100,22484300,6747151,1550,30740000,13640000,6745600,2247500,4498100,2247500,0,0,0,2250600,583076,0.5831
distribute_parallel_for_split_1100_1450_1600,1100,1600,0,3200,23209600,6964801,1600,31320000,14080000,6963200,2320000,4643200,2320000,0,0,0,2323200,583839,0.5838
distribute_parallel_for_split_1100_1450_1650,1100,1650,0,3300,23934900,7182451,1650,31900000,14520000,7180800,2392500,4788300,2392500,0,0,0,2395800,612329,0.6123
distribute_parallel_for_split_1100_1450_1700,1100,1700,0,3400,24660200,7400101,1700,32480000,14960000,7398400,2465000,4933400,2465000,0,0,0,2468400,625375,0.6254
distribute_parallel_for_split_1100_1450_1750,1100,1750,0,3500,25385500,7617751,1750,33060000,15400000,7616000,2537500,5078500,2537500,0,0,0,2541000,663545,0.6635
distribute_parallel_for_split_1100_1450_1800,1100,1800,0,3600,26110800,7835401,1800,33640000,15840000,7833600,2610000,5223600,2610000,0,0,0,2613600,656354,0.6564
distribute_parallel_for_split_1100_1450_1850,1100,1850,0,3700,26836100,8053051,1850,34220000,16280000,8051200,2682500,5368700,2682500,0,0,0,2686200,682118,0.6821
distribute_parallel_for_split_1100_1450_1900,1100,1900,0,3800,27561400,8270701,1900,34800000,16720000,8268800,2755000,5513800,2755000,0,0,0,2758800,691502,0.6915
distribute_parallel_for_split_1100_1450_1950,1100,1950,0,3900,28286700,8488351,1950,35380000,17160000,8486400,2827500,5658900,2827500,0,0,0,2831400,731774,0.7318
distribute_parallel_for_split_1100_1450_2000,1100,2000,0,4000,29012000,8706001,2000,35960000,17600000,8704000,2900000,5804000,2900000,0,0,0,2904000,723683,0.7237
distribute_parallel_for_split_1100_1500_1050,1100,1050,0,2100,15756300,4728151,1050,25800000,9240000,4727100,1575000,3152100,1575000,0,0,0,1577100,395552,0.3956
distribute_parallel_for_split_1100_1500_1100,1100,1100,0,2200,16506600,4953301,1100,26400000,9680000,4952200,1650000,3302200,1650000,0,0,0,1652200,426449,0.4264
distribute_parallel_for_split_1100_1500_1150,1100,1150,0,2300,17256900,5178451,1150,27000000,10120000,5177300,1725000,3452300,1725000,0,0,0,1727300,430899,0.4309
distribute_parallel_for_split_1100_1500_1200,1100,1200,0,2400,18007200,5403601,1200,27600000,10560000,5402400,1800000,3602400,1800000,0,0,0,1802400,463774,0.4638
distribute_parallel_for_split_1100_1500_1250,1100,1250,0,2500,18757500,5628751,1250,28200000,11000000,5627500,1875000,3752500,1875000,0,0,0,1877500,488373,0.4884
distribute_parallel_for_split_1100_1500_1300,1100,1300,0,2600,19507800,5853901,1300,28800000,11440000,5852600,1950000,3902600,1950000,0,0,0,1952600,498008,0.4980
distribute_parallel_for_split_1100_1500_1350,1100,1350,0,2700,20258100,6079051,1350,29400000,11880000,6077700,2025000,4052700,2025000,0,0,0,2027700,530535,0.5305
distribute_parallel_for_split_1100_1500_1400,1100,1400,0,2800,21008400,6304201,1400,30000000,12320000,6302800,2100000,4202800,2100000,0,0,0,2102800,532305,0.5323
distribute_parallel_for_split_1100_1500_1450,1100,1450,0,2900,21758700,6529351,1450,30600000,12760000,6527900,2175000,4352900,2175000,0,0,0,2177900,559343,0.5593
distribute_parallel_for_split_1100_1500_1500,1100,1500,0,3000,22509000,6754501,1500,31200000,13200000,6753000,2250000,4503000,2250000,0,0,0,2253000,597858,0.5979
distribute_parallel_for_split_1100_1500_1550,1100,1550,0,3100,23259300,6979651,1550,31800000,13640000,6978100,2325000,4653100,2325000,0,0,0,2328100,599334,0.5993
distribute_parallel_for_split_1100_1500_1600,1100,1600,0,3200,24009600,7204801,1600,32400000,14080000,7203200,2400000,4803200,2400000,0,0,0,2403200,600513,0.6005
distribute_parallel_for_split_1100_1500_1650,1100,1650,0,3300,24759900,7429951,1650,33000000,14520000,7428300,2475000,4953300,2475000,0,0,0,2478300,633504,0.6335
distribute_parallel_for_split_1100_1500_1700,1100,1700,0,3400,25510200,7655101,1700,33600000,14960000,7653400,2550000,5103400,2550000,0,0,0,2553400,642985,0.6430
distribute_parallel_for_split_1100_1500_1750,1100,1750,0,3500,26260500,7880251,1750,34200000,15400000,7878500,2625000,5253500,2625000,0,0,0,2628500,665563,0.6656
distribute_parallel_for_split_1100_1500_1800,1100,1800,0,3600,27010800,8105401,1800,34800000,15840000,8103600,2700000,5403600,2700000,0,0,0,2703600,679813,0.6798
distribute_parallel_for_split_1100_1500_1850,1100,1850,0,3700,27761100,8330551,1850,35400000,16280000,8328700,2775000,5553700,2775000,0,0,0,2778700,703385,0.7034
distribute_parallel_for_split_1100_1500_1900,1100,1900,0,3800,28511400,8555701,1900,36000000,16720000,8553800,2850000,5703800,2850000,0,0,0,2853800,717526,0.7175
distribute_parallel_for_split_1100_1500_1950,1100,1950,0,3900,29261700,8780851,1950,36600000,17160000,8778900,2925000,5853900,2925000,0,0,0,2928900,737970,0.7380
distribute_parallel_for_split_1100_1500_2000,1100,2000,0,4000,30012000,9006001,2000,37200000,17600000,9004000,3000000,6004000,3000000,0,0,0,3004000,763614,0.7636
distribute_parallel_for_split_1100_1550_1050,1100,1050,0,2100,16281300,4885651,1050,26660000,9240000,4884600,1627500,3257100,1627500,0,0,0,1629600,414393,0.4144
distribute_parallel_for_split_1100_1550_1100,1100,1100,0,2200,17056600,5118301,1100,27280000,9680000,5117200,1705000,3412200,1705000,0,0,0,1707200,504394,0.5044
distribute_parallel_for_split_1100_1550_1150,1100,1150,0,2300,17831900,5350951,1150,27900000,10120000,5349800,1782500,3567300,1782500,0,0,0,1784800,488590,0.4886
distribute_parallel_for_split_1100_1550_1200,1100,1200,0,2400,18607200,5583601,1200,28520000,10560000,5582400,1860000,3722400,1860000,0,0,0,1862400,496347,0.4963
distribute_parallel_for_split_1100_1550_1250,1100,1250,0,2500,19382500,5816251,1250,29140000,11000000,5815000,1937500,3877500,1937500,0,0,0,1940000,508651,0.5087
distribute_parallel_for_split_1100_1550_1300,1100,1300,0,2600,20157800,6048901,1300,29760000,11440000,6047600,2015000,4032600,2015000,0,0,0,2017600,516059,0.5161
distribute_parallel_for_split_1100_1550_1350,1100,1350,0,2700,20933100,6281551,1350,30380000,11880000,6280200,2092500,4187700,2092500,0,0,0,2095200,564820,0.5648
distribute_parallel_for_split_1100_1550_1400,1100,1400,0,2800,21708400,6514201,1400,31000000,12320000,6512800,2170000,4342800,2170000,0,0,0,2172800,552344,0.5523
distribute_parallel_for_split_1100_1550_1450,1100,1450,0,2900,22483700,6746851,1450,31620000,12760000,6745400,2247500,4497900,2247500,0,0,0,2250400,596429,0.5964
distribute_parallel_for_split_1100_1550_1500,1100,1500,0,3000,23259000,6979501,1500,32240000,13200000,6978000,2325000,4653000,2325000,0,0,0,2328000,591089,0.5911
distribute_parallel_for_split_1100_1550_1550,1100,1550,0,3100,24034300,7212151,1550,32860000,13640000,7210600,2402500,4808100,2402500,0,0,0,2405600,648908,0.6489
distribute_parallel_for_split_1100_1550_1600,1100,1600,0,3200,24809600,7444801,1600,33480000,14080000,7443200,2480000,4963200,2480000,0,0,0,2483200,640689,0.6407
distribute_parallel_for_split_1100_1550_1650,1100,1650,0,3300,25584900,7677451,1650,34100000,14520000,7675800,2557500,5118300,2557500,0,0,0,2560800,654257,0.6543
distribute_parallel_for_split_1100_1550_1700,1100,1700,0,3400,26360200,7910101,1700,34720000,14960000,7908400,2635000,5273400,2635000,0,0,0,2638400,668744,0.6687
distribute_parallel_for_split_1100_1550_1750,1100,1750,0,3500,27135500,8142751,1750,35340000,15400000,8141000,2712500,5428500,2712500,0,0,0,2716000,692837,0.6928
distribute_parallel_for_split_1100_1550_1800,1100,1800,0,3600,27910800,8375401,1800,35960000,15840000,8373600,2790000,5583600,2790000,0,0,0,2793600,700925,0.7009
distribute_parallel_for_split_1100_1550_1850,1100,1850,0,3700,28686100,8608051,1850,36580000,16280000,8606200,2867500,5738700,2867500,0,0,0,2871200,729470,0.7295
distribute_parallel_for_split_1100_1550_1900,1100,1900,0,3800,29461400,8840701,1900,37200000,16720000,8838800,2945000,5893800,2945000,0,0,0,2948800,741881,0.7419
distribute_parallel_for_split_1100_1550_1950,1100,1950,0,3900,30236700,9073351,1950,37820000,17160000,9071400,3022500,6048900,3022500,0,0,0,3026400,764133,0.7641
distribute_parallel_for_split_1100_1550_2000,1100,2000,0,4000,31012000,9306001,2000,38440000,17600000,9304000,3100000,6204000,3100000,0,0,0,3104000,774375,0.7744
distribute_parallel_for_split_1100_1600_1050,1100,1050,0,2100,16806300,5043151,1050,27520000,9240000,5042100,1680000,3362100,1680000,0,0,0,1682100,421146,0.4211
distribute_parallel_for_split_1100_1600_1100,1100,1100,0,2200,17606600,5283301,1100,28160000,9680000,5282200,1760000,3522200,1760000,0,0,0,1762200,454605,0.4546
distribute_parallel_for_split_1100_1600_1150,1100,1150,0,2300,18406900,5523451,1150,28800000,10120000,5522300,1840000,3682300,1840000,0,0,0,1842300,462059,0.4621
distribute_parallel_for_split_1100_1600_1200,1100,1200,0,2400,19207200,5763601,1200,29440000,10560000,5762400,1920000,3842400,1920000,0,0,0,1922400,489474,0.4895
distribute_parallel_for_split_1100_1600_1250,1100,1250,0,2500,20007500,6003751,1250,30080000,11000000,6002500,2000000,4002500,2000000,0,0,0,2002500,522059,0.5221
distribute_parallel_for_split_1100_1600_1300,1100,1300,0,2600,20807800,6243901,1300,30720000,11440000,6242600,2080000,4162600,2080000,0,0,0,2082600,531095,0.5311
distribute_parallel_for_split_1100_1600_1350,1100,1350,0,2700,21608100,6484051,1350,31360000,11880000,6482700,2160000,4322700,2160000,0,0,0,2162700,579205,0.5792
distribute_parallel_for_split_1100_1600_1400,1100,1400,0,2800,22408400,6724201,1400,32000000,12320000,6722800,2240000,4482800,2240000,0,0,0,2242800,565910,0.5659
distribute_parallel_for_split_1100_1600_1450,1100,1450,0,2900,23208700,6964351,1450,32640000,12760000,6962900,2320000,4642900,2320000,0,0,0,2322900,599508,0.5995
distribute_parallel_for_split_1100_1600_1500,1100,1500,0,3000,24009000,7204501,1500,33280000,13200000,7203000,2400000,4803000,2400000,0,0,0,2403000,633325,0.6333
distribute_parallel_for_split_1100_1600_1550,1100,1550,0,3100,24809300,7444651,1550,33920000,13640000,7443100,2480000,4963100,2480000,0,0,0,2483100,634904,0.6349
distribute_parallel_for_split_1100_1600_1600,1100,1600,0,3200,25609600,7684801,1600,34560000,14080000,7683200,2560000,5123200,2560000,0,0,0,2563200,643228,0.6432
distribute_parallel_for_split_1100_1600_1650,1100,1650,0,3300,26409900,7924951,1650,35200000,14520000,7923300,2640000,5283300,2640000,0,0,0,2643300,673060,0.6731
distribute_parallel_for_split_1100_1600_1700,1100,1700,0,3400,27210200,8165101,1700,35840000,14960000,8163400,2720000,5443400,2720000,0,0,0,2723400,685342,0.6853
distribute_parallel_for_split_1100_1600_1750,1100,1750,0,3500,28010500,8405251,1750,36480000,15400000,8403500,2800000,5603500,2800000,0,0,0,2803500,714890,0.7149
distribute_parallel_for_split_1100_1600_1800,1100,1800,0,3600,28810800,8645401,1800,37120000,15840000,8643600,2880000,5763600,2880000,0,0,0,2883600,726317,0.7263
distribute_parallel_for_split_1100_1600_1850,1100,1850,0,3700,29611100,8885551,1850,37760000,16280000,8883700,2960000,5923700,2960000,0,0,0,2963700,751408,0.7514
distribute_parallel_for_split_1100_1600_1900,1100,1900,0,3800,30411400,9125701,1900,38400000,16720000,9123800,3040000,6083800,3040000,0,0,0,3043800,762042,0.7620
distribute_parallel_for_split_1100_1600_1950,1100,1950,0,3900,31211700,9365851,1950,39040000,17160000,9363900,3120000,6243900,3120000,0,0,0,3123900,789107,0.7891
distribute_parallel_for_split_1100_1600_2000,1100,2000,0,4000,32012000,9606001,2000,39680000,17600000,9604000,3200000,6404000,3200000,0,0,0,3204000,797035,0.7970
distribute_parallel_for_split_1100_1650_1050,1100,1050,0,2100,17331300,5200651,1050,28380000,9240000,5199600,1732500,3467100,1732500,0,0,0,1734600,435149,0.4351
distribute_parallel_for_split_1100_1650_1100,1100,1100,0,2200,18156600,5448301,1100,29040000,9680000,5447200,1815000,3632200,1815000,0,0,0,1817200,470707,0.4707
distribute_parallel_for_split_1100_1650_1150,1100,1150,0,2300,18981900,5695951,1150,29700000,10120000,5694800,1897500,3797300,1897500,0,0,0,1899800,473581,0.4736
distribute_parallel_for_split_1100_1650_1200,1100,1200,0,2400,19807200,5943601,1200,30360000,10560000,5942400,1980000,3962400,1980000,0,0,0,1982400,503642,0.5036
distribute_parallel_for_split_1100_1650_1250,1100,1250,0,2500,20632500,6191251,1250,31020000,11000000,6190000,2062500,4127500,2062500,0,0,0,2065000,540026,0.5400
distribute_parallel_for_split_1100_1650_1300,1100,1300,0,2600,21457800,6438901,1300,31680000,11440000,6437600,2145000,4292600,2145000,0,0,0,2147600,568791,0.5688
distribute_parallel_for_split_1100_1650_1350,1100,1350,0,2700,22283100,6686551,1350,32340000,11880000,6685200,2227500,4457700,2227500,0,0,0,2230200,579880,0.5799
distribute_parallel_for_split_1100_1650_1400,1100,1400,0,2800,23108400,6934201,1400,33000000,12320000,6932800,2310000,4622800,2310000,0,0,0,2312800,582520,0.5825
distribute_parallel_for_split_1100_1650_1450,1100,1450,0,2900,23933700,7181851,1450,33660000,12760000,7180400,2392500,4787900,2392500,0,0,0,2395400,617294,0.6173
distribute_parallel_for_split_1100_1650_1500,1100,1500,0,3000,24759000,7429501,1500,34320000,13200000,7428000,2475000,4953000,2475000,0,0,0,2478000,625625,0.6256
distribute_parallel_for_split_1100_1650_1550,1100,1550,0,3100,25584300,7677151,1550,34980000,13640000,7675600,2557500,5118100,2557500,0,0,0,2560600,660766,0.6608
distribute_parallel_for_split_1100_1650_1600,1100,1600,0,3200,26409600,7924801,1600,35640000,14080000,7923200,2640000,5283200,2640000,0,0,0,2643200,660673,0.6607
distribute_parallel_for_split_1100_1650_1650,1100,1650,0,3300,27234900,8172451,1650,36300000,14520000,8170800,2722500,5448300,2722500,0,0,0,2725800,698610,0.6986
distribute_parallel_for_split_1100_1650_1700,1100,1700,0,3400,28060200,8420101,1700,36960000,14960000,8418400,2805000,5613400,2805000,0,0,0,2808400,714388,0.7144
distribute_parallel_for_split_1100_1650_1750,1100,1750,0,3500,28885500,8667751,1750,37620000,15400000,8666000,2887500,5778500,2887500,0,0,0,2891000,734936,0.7349
distribute_parallel_for_split_1100_1650_1800,1100,1800,0,3600,29710800,8915401,1800,38280000,15840000,8913600,2970000,5943600,2970000,0,0,0,2973600,779917,0.7799
distribute_parallel_for_split_1100_1650_1850,1100,1850,0,3700,30536100,9163051,1850,38940000,16280000,9161200,3052500,6108700,3052500,0,0,0,3056200,796139,0.7961
distribute_parallel_for_split_1100_1650_1900,1100,1900,0,3800,31361400,9410701,1900,39600000,16720000,9408800,3135000,6273800,3135000,0,0,0,3138800,789487,0.7895
distribute_parallel_for_split_1100_1650_1950,1100,1950,0,3900,32186700,9658351,1950,40260000,17160000,9656400,3217500,6438900,3217500,0,0,0,3221400,816514,0.8165
distribute_parallel_for_split_1100_1650_2000,1100,2000,0,4000,33012000,9906001,2000,40920000,17600000,9904000,3300000,6604000,3300000,0,0,0,3304000,820782,0.8208
distribute_parallel_for_split_1100_1700_1050,1100,1050,0,2100,17856300,5358151,1050,29240000,9240000,5357100,1785000,3572100,1785000,0,0,0,1787100,451804,0.4518
distribute_parallel_for_split_1100_1700_1100,1100,1100,0,2200,18706600,5613301,1100,29920000,9680000,5612200,1870000,3742200,1870000,0,0,0,1872200,481768,0.4818
distribute_parallel_for_split_1100_1700_1150,1100,1150,0,2300,19556900,5868451,1150,30600000,10120000,5867300,1955000,3912300,1955000,0,0,0,1957300,488645,0.4886
distribute_parallel_for_split_1100_1700_1200,1100,1200,0,2400,20407200,6123601,1200,31280000,10560000,6122400,2040000,4082400,2040000,0,0,0,2042400,520858,0.5209
distribute_parallel_for_split_1100_1700_1250,1100,1250,0,2500,21257500,6378751,1250,31960000,11000000,6377500,2125000,4252500,2125000,0,0,0,2127500,556062,0.5561
distribute_parallel_for_split_1100_1700_1300,1100,1300,0,2600,22107800,6633901,1300,32640000,11440000,6632600,2210000,4422600,2210000,0,0,0,2212600,562717,0.5627
distribute_parallel_for_split_1100_1700_1350,1100,1350,0,2700,22958100,6889051,1350,33320000,11880000,6887700,2295000,4592700,2295000,0,0,0,2297700,592459,0.5925
distribute_parallel_for_split_1100_1700_1400,1100,1400,0,2800,23808400,7144201,1400,34000000,12320000,7142800,2380000,4762800,2380000,0,0,0,2382800,605318,0.6053
distribute_parallel_for_split_1100_1700_1450,1100,1450,0,2900,24658700,7399351,1450,34680000,12760000,7397900,2465000,4932900,2465000,0,0,0,2467900,636658,0.6367
distribute_parallel_for_split_1100_1700_1500,1100,1500,0,3000,25509000,7654501,1500,35360000,13200000,7653000,2550000,5103000,2550000,0,0,0,2553000,659035,0.6590
distribute_parallel_for_split_1100_1700_1550,1100,1550,0,3100,26359300,7909651,1550,36040000,13640000,7908100,2635000,5273100,2635000,0,0,0,2638100,680822,0.6808
distribute_parallel_for_split_1100_1700_1600,1100,1600,0,3200,27209600,8164801,1600,36720000,14080000,8163200,2720000,5443200,2720000,0,0,0,2723200,693032,0.6930
distribute_parallel_for_split_1100_1700_1650,1100,1650,0,3300,28059900,8419951,1650,37400000,14520000,8418300,2805000,5613300,2805000,0,0,0,2808300,760781,0.7608
distribute_parallel_for_split_1100_1700_1700,1100,1700,0,3400,28910200,8675101,1700,38080000,14960000,8673400,2890000,5783400,2890000,0,0,0,2893400,745505,0.7455
distribute_parallel_for_split_1100_1700_1750,1100,1750,0,3500,29760500,8930251,1750,38760000,15400000,8928500,2975000,5953500,2975000,0,0,0,2978500,777333,0.7773
distribute_parallel_for_split_1100_1700_1800,1100,1800,0,3600,30610800,9185401,1800,39440000,15840000,9183600,3060000,6123600,3060000,0,0,0,3063600,771167,0.7712
distribute_parallel_for_split_1100_1700_1850,1100,1850,0,3700,31461100,9440551,1850,40120000,16280000,9438700,3145000,6293700,3145000,0,0,0,3148700,804833,0.8048
distribute_parallel_for_split_1100_1700_1900,1100,1900,0,3800,32311400,9695701,1900,40800000,16720000,9693800,3230000,6463800,3230000,0,0,0,3233800,818122,0.8181
distribute_parallel_for_split_1100_1700_1950,1100,1950,0,3900,33161700,9950851,1950,41480000,17160000,9948900,3315000,6633900,3315000,0,0,0,3318900,864737,0.8647
distribute_parallel_for_split_1100_1700_2000,1100,2000,0,4000,34012000,10206001,2000,42160000,17600000,10204000,3400000,6804000,3400000,0,0,0,3404000,846856,0.8469
distribute_parallel_for_split_1100_1750_1050,1100,1050,0,2100,18381300,5515651,1050,30100000,9240000,5514600,1837500,3677100,1837500,0,0,0,1839600,460136,0.4601
distribute_parallel_for_split_1100_1750_1100,1100,1100,0,2200,19256600,5778301,1100,30800000,9680000,5777200,1925000,3852200,1925000,0,0,0,1927200,496175,0.4962
distribute_parallel_for_split_1100_1750_1150,1100,1150,0,2300,20131900,6040951,1150,31500000,10120000,6039800,2012500,4027300,2012500,0,0,0,2014800,517773,0.5178
distribute_parallel_for_split_1100_1750_1200,1100,1200,0,2400,21007200,6303601,1200,32200000,10560000,6302400,2100000,4202400,2100000,0,0,0,2102400,537485,0.5375
distribute_parallel_for_split_1100_1750_1250,1100,1250,0,2500,21882500,6566251,1250,32900000,11000000,6565000,2187500,4377500,2187500,0,0,0,2190000,575771,0.5758
distribute_parallel_for_split_1100_1750_1300,1100,1300,0,2600,22757800,6828901,1300,33600000,11440000,6827600,2275000,4552600,2275000,0,0,0,2277600,580427,0.5804
distribute_parallel_for_split_1100_1750_1350,1100,1350,0,2700,23633100,7091551,1350,34300000,11880000,7090200,2362500,4727700,2362500,0,0,0,2365200,614642,0.6146
distribute_parallel_for_split_1100_1750_1400,1100,1400,0,2800,24508400,7354201,1400,35000000,12320000,7352800,2450000,4902800,2450000,0,0,0,2452800,626746,0.6267
distribute_parallel_for_split_1100_1750_1450,1100,1450,0,2900,25383700,7616851,1450,35700000,12760000,7615400,2537500,5077900,2537500,0,0,0,2540400,659529,0.6595
distribute_parallel_for_split_1100_1750_1500,1100,1500,0,3000,26259000,7879501,1500,36400000,13200000,7878000,2625000,5253000,2625000,0,0,0,2628000,661832,0.6618
distribute_parallel_for_split_1100_1750_1550,1100,1550,0,3100,27134300,8142151,1550,37100000,13640000,8140600,2712500,5428100,2712500,0,0,0,2715600,693920,0.6939
distribute_parallel_for_split_1100_1750_1600,1100,1600,0,3200,28009600,8404801,1600,37800000,14080000,8403200,2800000,5603200,2800000,0,0,0,2803200,704714,0.7047
distribute_parallel_for_split_1100_1750_1650,1100,1650,0,3300,28884900,8667451,1650,38500000,14520000,8665800,2887500,5778300,2887500,0,0,0,2890800,735965,0.7360
distribute_parallel_for_split_1100_1750_1700,1100,1700,0,3400,29760200,8930101,1700,39200000,14960000,8928400,2975000,5953400,2975000,0,0,0,2978400,753232,0.7532
distribute_parallel_for_split_1100_1750_1750,1100,1750,0,3500,30635500,9192751,1750,39900000,15400000,9191000,3062500,6128500,3062500,0,0,0,3066000,805878,0.8059
distribute_parallel_for_split_1100_1750_1800,1100,1800,0,3600,31510800,9455401,1800,40600000,15840000,9453600,3150000,6303600,3150000,0,0,0,3153600,789051,0.7891
distribute_parallel_for_split_1100_1750_1850,1100,1850,0,3700,32386100,9718051,1850,41300000,16280000,9716200,3237500,6478700,3237500,0,0,0,3241200,818587,0.8186
distribute_parallel_for_split_1100_1750_1900,1100,1900,0,3800,33261400,9980701,1900,42000000,16720000,9978800,3325000,6653800,3325000,0,0,0,3328800,858024,0.8580
distribute_parallel_for_split_1100_1750_1950,1100,1950,0,3900,34136700,10243351,1950,42700000,17160000,10241400,3412500,6828900,3412500,0,0,0,3416400,863295,0.8633
distribute_parallel_for_split_1100_1750_2000,1100,2000,0,4000,35012000,10506001,2000,43400000,17600000,10504000,3500000,7004000,3500000,0,0,0,3504000,872169,0.8722
distribute_parallel_for_split_1100_1800_1050,1100,1050,0,2100,18906300,5673151,1050,30960000,9240000,5672100,1890000,3782100,1890000,0,0,0,1892100,479400,0.4794
distribute_parallel_for_split_1100_1800_1100,1100,1100,0,2200,19806600,5943301,1100,31680000,9680000,5942200,1980000,3962200,1980000,0,0,0,1982200,509720,0.5097
distribute_parallel_for_split_1100_1800_1150,1100,1150,0,2300,20706900,6213451,1150,32400000,10120000,6212300,2070000,4142300,2070000,0,0,0,2072300,516612,0.5166
distribute_parallel_for_split_1100_1800_1200,1100,1200,0,2400,21607200,6483601,1200,33120000,10560000,6482400,2160000,4322400,2160000,0,0,0,2162400,548768,0.5488
distribute_parallel_for_split_1100_1800_1250,1100,1250,0,2500,22507500,6753751,1250,33840000,11000000,6752500,2250000,4502500,2250000,0,0,0,2252500,588730,0.5887
distribute_parallel_for_split_1100_1800_1300,1100,1300,0,2600,23407800,7023901,1300,34560000,11440000,7022600,2340000,4682600,2340000,0,0,0,2342600,594720,0.5947
distribute_parallel_for_split_1100_1800_1350,1100,1350,0,2700,24308100,7294051,1350,35280000,11880000,7292700,2430000,4862700,2430000,0,0,0,2432700,626861,0.6269
distribute_parallel_for_split_1100_1800_1400,1100,1400,0,2800,25208400,7564201,1400,36000000,12320000,7562800,2520000,5042800,2520000,0,0,0,2522800,635777,0.6358
distribute_parallel_for_split_1100_1800_1450,1100,1450,0,2900,26108700,7834351,1450,36720000,12760000,7832900,2610000,5222900,2610000,0,0,0,2612900,671756,0.6718
distribute_parallel_for_split_1100_1800_1500,1100,1500,0,3000,27009000,8104501,1500,37440000,13200000,8103000,2700000,5403000,2700000,0,0,0,2703000,683114,0.6831
distribute_parallel_for_split_1100_1800_1550,1100,1550,0,3100,27909300,8374651,1550,38160000,13640000,8373100,2790000,5583100,2790000,0,0,0,2793100,718017,0.7180
distribute_parallel_for_split_1100_1800_1600,1100,1600,0,3200,28809600,8644801,1600,38880000,14080000,8643200,2880000,5763200,2880000,0,0,0,2883200,759945,0.7599
distribute_parallel_for_split_1100_1800_1650,1100,1650,0,3300,29709900,8914951,1650,39600000,14520000,8913300,2970000,5943300,2970000,0,0,0,2973300,776727,0.7767
distribute_parallel_for_split_1100_1800_1700,1100,1700,0,3400,30610200,9185101,1700,40320000,14960000,9183400,3060000,6123400,3060000,0,0,0,3063400,798983,0.7990
distribute_parallel_for_split_1100_1800_1750,1100,1750,0,3500,31510500,9455251,1750,41040000,15400000,9453500,3150000,6303500,3150000,0,0,0,3153500,804345,0.8043
distribute_parallel_for_split_1100_1800_1800,1100,1800,0,3600,32410800,9725401,1800,41760000,15840000,9723600,3240000,6483600,3240000,0,0,0,3243600,808985,0.8090
distribute_parallel_for_split_1100_1800_1850,1100,1850,0,3700,33311100,9995551,1850,42480000,16280000,9993700,3330000,6663700,3330000,0,0,0,3333700,846193,0.8462
distribute_parallel_for_split_1100_1800_1900,1100,1900,0,3800,34211400,10265701,1900,43200000,16720000,10263800,3420000,6843800,3420000,0,0,0,3423800,858853,0.8589
distribute_parallel_for_split_1100_1800_1950,1100,1950,0,3900,35111700,10535851,1950,43920000,17160000,10533900,3510000,7023900,3510000,0,0,0,3513900,909877,0.9099
distribute_parallel_for_split_1100_1800_2000,1100,2000,0,4000,36012000,10806001,2000,44640000,17600000,10804000,3600000,7204000,3600000,0,0,0,3604000,897797,0.8978
distribute_parallel_for_split_1100_1850_1050,1100,1050,0,2100,19431300,5830651,1050,31820000,9240000,5829600,1942500,3887100,1942500,0,0,0,1944600,489771,0.4898
distribute_parallel_for_split_1100_1850_1100,1100,1100,0,2200,20356600,6108301,1100,32560000,9680000,6107200,2035000,4072200,2035000,0,0,0,2037200,524642,0.5246
distribute_parallel_for_split_1100_1850_1150,1100,1150,0,2300,21281900,6385951,1150,33300000,10120000,6384800,2127500,4257300,2127500,0,0,0,2129800,531799,0.5318
distribute_parallel_for_split_1100_1850_1200,1100,1200,0,2400,22207200,6663601,1200,34040000,10560000,6662400,2220000,4442400,2220000,0,0,0,2222400,567518,0.5675
distribute_parallel_for_split_1100_1850_1250,1100,1250,0,2500,23132500,6941251,1250,34780000,11000000,6940000,2312500,4627500,2312500,0,0,0,2315000,621876,0.6219
distribute_parallel_for_split_1100_1850_1300,1100,1300,0,2600,24057800,7218901,1300,35520000,11440000,7217600,2405000,4812600,2405000,0,0,0,2407600,613537,0.6135
distribute_parallel_for_split_1100_1850_1350,1100,1350,0,2700,24983100,7496551,1350,36260000,11880000,7495200,2497500,4997700,2497500,0,0,0,2500200,654420,0.6544
distribute_parallel_for_split_1100_1850_1400,1100,1400,0,2800,25908400,7774201,1400,37000000,12320000,7772800,2590000,5182800,2590000,0,0,0,2592800,655222,0.6552
distribute_parallel_for_split_1100_1850_1450,1100,1450,0,2900,26833700,8051851,1450,37740000,12760000,8050400,2682500,5367900,2682500,0,0,0,2685400,688678,0.6887
distribute_parallel_for_split_1100_1850_1500,1100,1500,0,3000,27759000,8329501,1500,38480000,13200000,8328000,2775000,5553000,2775000,0,0,0,2778000,699882,0.6999
distribute_parallel_for_split_1100_1850_1550,1100,1550,0,3100,28684300,8607151,1550,39220000,13640000,8605600,2867500,5738100,2867500,0,0,0,2870600,754151,0.7542
distribute_parallel_for_split_1100_1850_1600,1100,1600,0,3200,29609600,8884801,1600,39960000,14080000,8883200,2960000,5923200,2960000,0,0,0,2963200,739067,0.7391
distribute_parallel_for_split_1100_1850_1650,1100,1650,0,3300,30534900,9162451,1650,40700000,14520000,9160800,3052500,6108300,3052500,0,0,0,3055800,784383,0.7844
distribute_parallel_for_split_1100_1850_1700,1100,1700,0,3400,31460200,9440101,1700,41440000,14960000,9438400,3145000,6293400,3145000,0,0,0,3148400,795459,0.7955
distribute_parallel_for_split_1100_1850_1750,1100,1750,0,3500,32385500,9717751,1750,42180000,15400000,9716000,3237500,6478500,3237500,0,0,0,3241000,823539,0.8235
distribute_parallel_for_split_1100_1850_1800,1100,1800,0,3600,33310800,9995401,1800,42920000,15840000,9993600,3330000,6663600,3330000,0,0,0,3333600,874890,0.8749
distribute_parallel_for_split_1100_1850_1850,1100,1850,0,3700,34236100,10273051,1850,43660000,16280000,10271200,3422500,6848700,3422500,0,0,0,3426200,923869,0.9239
distribute_parallel_for_split_1100_1850_1900,1100,1900,0,3800,35161400,10550701,1900,44400000,16720000,10548800,3515000,7033800,3515000,0,0,0,3518800,899634,0.8996
distribute_parallel_for_split_1100_1850_1950,1100,1950,0,3900,36086700,10828351,1950,45140000,17160000,10826400,3607500,7218900,3607500,0,0,0,3611400,931692,0.9317
distribute_parallel_for_split_1100_1850_2000,1100,2000,0,4000,37012000,11106001,2000,45880000,17600000,11104000,3700000,7404000,3700000,0,0,0,3704000,946134,0.9461
distribute_parallel_for_split_1100_1900_1050,1100,1050,0,2100,19956300,5988151,1050,32680000,9240000,5987100,1995000,3992100,1995000,0,0,0,1997100,502106,0.5021
distribute_parallel_for_split_1100_1900_1100,1100,1100,0,2200,20906600,6273301,1100,33440000,9680000,6272200,2090000,4182200,2090000,0,0,0,2092200,551628,0.5516
distribute_parallel_for_split_1100_1900_1150,1100,1150,0,2300,21856900,6558451,1150,34200000,10120000,6557300,2185000,4372300,2185000,0,0,0,2187300,543439,0.5434
distribute_parallel_for_split_1100_1900_1200,1100,1200,0,2400,22807200,6843601,1200,34960000,10560000,6842400,2280000,4562400,2280000,0,0,0,2282400,583440,0.5834
distribute_parallel_for_split_1100_1900_1250,1100,1250,0,2500,23757500,7128751,1250,35720000,11000000,7127500,2375000,4752500,2375000,0,0,0,2377500,621455,0.6215
distribute_parallel_for_split_1100_1900_1300,1100,1300,0,2600,24707800,7413901,1300,36480000,11440000,7412600,2470000,4942600,2470000,0,0,0,2472600,629077,0.6291
distribute_parallel_for_split_1100_1900_1350,1100,1350,0,2700,25658100,7699051,1350,37240000,11880000,7697700,2565000,5132700,2565000,0,0,0,2567700,667297,0.6673
distribute_parallel_for_split_1100_1900_1400,1100,1400,0,2800,26608400,7984201,1400,38000000,12320000,7982800,2660000,5322800,2660000,0,0,0,2662800,689661,0.6897
distribute_parallel_for_split_1100_1900_1450,1100,1450,0,2900,27558700,8269351,1450,38760000,12760000,8267900,2755000,5512900,2755000,0,0,0,2757900,707772,0.7078
distribute_parallel_for_split_1100_1900_1500,1100,1500,0,3000,28509000,8554501,1500,39520000,13200000,8553000,2850000,5703000,2850000,0,0,0,2853000,722306,0.7223
distribute_parallel_for_split_1100_1900_1550,1100,1550,0,3100,29459300,8839651,1550,40280000,13640000,8838100,2945000,5893100,2945000,0,0,0,2948100,760484,0.7605
distribute_parallel_for_split_1100_1900_1600,1100,1600,0,3200,30409600,9124801,1600,41040000,14080000,9123200,3040000,6083200,3040000,0,0,0,3043200,762953,0.7630
distribute_parallel_for_split_1100_1900_1650,1100,1650,0,3300,31359900,9409951,1650,41800000,14520000,9408300,3135000,6273300,3135000,0,0,0,3138300,830044,0.8300
distribute_parallel_for_split_1100_1900_1700,1100,1700,0,3400,32310200,9695101,1700,42560000,14960000,9693400,3230000,6463400,3230000,0,0,0,3233400,817145,0.8171
distribute_parallel_for_split_1100_1900_1750,1100,1750,0,3500,33260500,9980251,1750,43320000,15400000,9978500,3325000,6653500,3325000,0,0,0,3328500,840877,0.8409
distribute_parallel_for_split_1100_1900_1800,1100,1800,0,3600,34210800,10265401,1800,44080000,15840000,10263600,3420000,6843600,3420000,0,0,0,3423600,862314,0.8623
distribute_parallel_for_split_1100_1900_1850,1100,1850,0,3700,35161100,10550551,1850,44840000,16280000,10548700,3515000,7033700,3515000,0,0,0,3518700,925038,0.9250
distribute_parallel_for_split_1100_1900_1900,1100,1900,0,3800,36111400,10835701,1900,45600000,16720000,10833800,3610000,7223800,3610000,0,0,0,3613800,901502,0.9015
distribute_parallel_for_split_1100_1900_1950,1100,1950,0,3900,37061700,11120851,1950,46360000,17160000,11118900,3705000,7413900,3705000,0,0,0,3708900,939560,0.9396
distribute_parallel_for_split_1100_1900_2000,1100,2000,0,4000,38012000,11406001,2000,47120000,17600000,11404000,3800000,7604000,3800000,0,0,0,3804000,940253,0.9403
distribute_parallel_for_split_1100_1950_1050,1100,1050,0,2100,20481300,6145651,1050,33540000,9240000,6144600,2047500,4097100,2047500,0,0,0,2049600,513430,0.5134
distribute_parallel_for_split_1100_1950_1100,1100,1100,0,2200,21456600,6438301,1100,34320000,9680000,6437200,2145000,4292200,2145000,0,0,0,2147200,552745,0.5527
distribute_parallel_for_split_1100_1950_1150,1100,1150,0,2300,22431900,6730951,1150,35100000,10120000,6729800,2242500,4487300,2242500,0,0,0,2244800,562548,0.5625
distribute_parallel_for_split_1100_1950_1200,1100,1200,0,2400,23407200,7023601,1200,35880000,10560000,7022400,2340000,4682400,2340000,0,0,0,2342400,625036,0.6250
distribute_parallel_for_split_1100_1950_1250,1100,1250,0,2500,24382500,7316251,1250,36660000,11000000,7315000,2437500,4877500,2437500,0,0,0,2440000,645670,0.6457
distribute_parallel_for_split_1100_1950_1300,1100,1300,0,2600,25357800,7608901,1300,37440000,11440000,7607600,2535000,5072600,2535000,0,0,0,2537600,654049,0.6540
distribute_parallel_for_split_1100_1950_1350,1100,1350,0,2700,26333100,7901551,1350,38220000,11880000,7900200,2632500,5267700,2632500,0,0,0,2635200,686021,0.6860
distribute_parallel_for_split_1100_1950_1400,1100,1400,0,2800,27308400,8194201,1400,39000000,12320000,8192800,2730000,5462800,2730000,0,0,0,2732800,689475,0.6895
distribute_parallel_for_split_1100_1950_1450,1100,1450,0,2900,28283700,8486851,1450,39780000,12760000,8485400,2827500,5657900,2827500,0,0,0,2830400,728167,0.7282
distribute_parallel_for_split_1100_1950_1500,1100,1500,0,3000,29259000,8779501,1500,40560000,13200000,8778000,2925000,5853000,2925000,0,0,0,2928000,739868,0.7399
distribute_parallel_for_split_1100_1950_1550,1100,1550,0,3100,30234300,9072151,1550,41340000,13640000,9070600,3022500,6048100,3022500,0,0,0,3025600,779222,0.7792
distribute_parallel_for_split_1100_1950_1600,1100,1600,0,3200,31209600,9364801,1600,42120000,14080000,9363200,3120000,6243200,3120000,0,0,0,3123200,779257,0.7793
distribute_parallel_for_split_1100_1950_1650,1100,1650,0,3300,32184900,9657451,1650,42900000,14520000,9655800,3217500,6438300,3217500,0,0,0,3220800,830838,0.8308
distribute_parallel_for_split_1100_1950_1700,1100,1700,0,3400,33160200,9950101,1700,43680000,14960000,9948400,3315000,6633400,3315000,0,0,0,3318400,840439,0.8404
distribute_parallel_for_split_1100_1950_1750,1100,1750,0,3500,34135500,10242751,1750,44460000,15400000,10241000,3412500,6828500,3412500,0,0,0,3416000,868504,0.8685
distribute_parallel_for_split_1100_1950_1800,1100,1800,0,3600,35110800,10535401,1800,45240000,15840000,10533600,3510000,7023600,3510000,0,0,0,3513600,896692,0.8967
distribute_parallel_for_split_1100_1950_1850,1100,1850,0,3700,36086100,10828051,1850,46020000,16280000,10826200,3607500,7218700,3607500,0,0,0,3611200,912723,0.9127
distribute_parallel_for_split_1100_1950_1900,1100,1900,0,3800,37061400,11120701,1900,46800000,16720000,11118800,3705000,7413800,3705000,0,0,0,3708800,927467,0.9275
distribute_parallel_for_split_1100_1950_1950,1100,1950,0,3900,38036700,11413351,1950,47580000,17160000,11411400,3802500,7608900,3802500,0,0,0,3806400,960428,0.9604
distribute_parallel_for_split_1100_1950_2000,1100,2000,0,4000,39012000,11706001,2000,48360000,17600000,11704000,3900000,7804000,3900000,0,0,0,3904000,965932,0.9659
distribute_parallel_for_split_1100_2000_1050,1100,1050,0,2100,21006300,6303151,1050,34400000,9240000,6302100,2100000,4202100,2100000,0,0,0,2102100,526782,0.5268
distribute_parallel_for_split_1100_2000_1100,1100,1100,0,2200,22006600,6603301,1100,35200000,9680000,6602200,2200000,4402200,2200000,0,0,0,2202200,569697,0.5697
distribute_parallel_for_split_1100_2000_1150,1100,1150,0,2300,23006900,6903451,1150,36000000,10120000,6902300,2300000,4602300,2300000,0,0,0,2302300,574817,0.5748
distribute_parallel_for_split_1100_2000_1200,1100,1200,0,2400,24007200,7203601,1200,36800000,10560000,7202400,2400000,4802400,2400000,0,0,0,2402400,614869,0.6149
distribute_parallel_for_split_1100_2000_1250,1100,1250,0,2500,25007500,7503751,1250,37600000,11000000,7502500,2500000,5002500,2500000,0,0,0,2502500,656227,0.6562
distribute_parallel_for_split_1100_2000_1300,1100,1300,0,2600,26007800,7803901,1300,38400000,11440000,7802600,2600000,5202600,2600000,0,0,0,2602600,663315,0.6633
distribute_parallel_for_split_1100_2000_1350,1100,1350,0,2700,27008100,8104051,1350,39200000,11880000,8102700,2700000,5402700,2700000,0,0,0,2702700,702360,0.7024
distribute_parallel_for_split_1100_2000_1400,1100,1400,0,2800,28008400,8404201,1400,40000000,12320000,8402800,2800000,5602800,2800000,0,0,0,2802800,708415,0.7084
distribute_parallel_for_split_1100_2000_1450,1100,1450,0,2900,29008700,8704351,1450,40800000,12760000,8702900,2900000,5802900,2900000,0,0,0,2902900,756841,0.7568
distribute_parallel_for_split_1100_2000_1500,1100,1500,0,3000,30009000,9004501,1500,41600000,13200000,9003000,3000000,6003000,3000000,0,0,0,3003000,773479,0.7735
distribute_parallel_for_split_1100_2000_1550,1100,1550,0,3100,31009300,9304651,1550,42400000,13640000,9303100,3100000,6203100,3100000,0,0,0,3103100,820593,0.8206
distribute_parallel_for_split_1100_2000_1600,1100,1600,0,3200,32009600,9604801,1600,43200000,14080000,9603200,3200000,6403200,3200000,0,0,0,3203200,815554,0.8156
distribute_parallel_for_split_1100_2000_1650,1100,1650,0,3300,33009900,9904951,1650,44000000,14520000,9903300,3300000,6603300,3300000,0,0,0,3303300,938924,0.9389
distribute_parallel_for_split_1100_2000_1700,1100,1700,0,3400,34010200,10205101,1700,44800000,14960000,10203400,3400000,6803400,3400000,0,0,0,3403400,875812,0.8758
distribute_parallel_for_split_1100_2000_1750,1100,1750,0,3500,35010500,10505251,1750,45600000,15400000,10503500,3500000,7003500,3500000,0,0,0,3503500,905650,0.9056
distribute_parallel_for_split_1100_2000_1800,1100,1800,0,3600,36010800,10805401,1800,46400000,15840000,10803600,3600000,7203600,3600000,0,0,0,3603600,925799,0.9258
distribute_parallel_for_split_1100_2000_1850,1100,1850,0,3700,37011100,11105551,1850,47200000,16280000,11103700,3700000,7403700,3700000,0,0,0,3703700,962101,0.9621
distribute_parallel_for_split_1100_2000_1900,1100,1900,0,3800,38011400,11405701,1900,48000000,16720000,11403800,3800000,7603800,3800000,0,0,0,3803800,955565,0.9556
distribute_parallel_for_split_1100_2000_1950,1100,1950,0,3900,39011700,11705851,1950,48800000,17160000,11703900,3900000,7803900,3900000,0,0,0,3903900,982010,0.9820
distribute_parallel_for_split_1100_2000_2000,1100,2000,0,4000,40012000,12006001,2000,49600000,17600000,12004000,4000000,8004000,4000000,0,0,0,4004000,994898,0.9949
distribute_parallel_for_split_1150_1050_1050,1150,1050,0,2100,11031300,3310651,1050,18480000,9660000,3309600,1102500,2207100,1102500,0,0,0,1104600,280636,0.2806
distribute_parallel_for_split_1150_1050_1100,1150,1100,0,2200,11556600,3468301,1100,18900000,10120000,3467200,1155000,2312200,1155000,0,0,0,1157200,304935,0.3049
distribute_parallel_for_split_1150_1050_1150,1150,1150,0,2300,12081900,3625951,1150,19320000,10580000,3624800,1207500,2417300,1207500,0,0,0,1209800,308931,0.3089
distribute_parallel_for_split_1150_1050_1200,1150,1200,0,2400,12607200,3783601,1200,19740000,11040000,3782400,1260000,2522400,1260000,0,0,0,1262400,325758,0.3258
distribute_parallel_for_split_1150_1050_1250,1150,1250,0,2500,13132500,3941251,1250,20160000,11500000,3940000,1312500,2627500,1312500,0,0,0,1315000,348166,0.3482
distribute_parallel_for_split_1150_1050_1300,1150,1300,0,2600,13657800,4098901,1300,20580000,11960000,4097600,1365000,2732600,1365000,0,0,0,1367600,357222,0.3572
distribute_parallel_for_split_1150_1050_1350,1150,1350,0,2700,14183100,4256551,1350,21000000,12420000,4255200,1417500,2837700,1417500,0,0,0,1420200,374291,0.3743
distribute_parallel_for_split_1150_1050_1400,1150,1400,0,2800,14708400,4414201,1400,21420000,12880000,4412800,1470000,2942800,1470000,0,0,0,1472800,382491,0.3825
distribute_parallel_for_split_1150_1050_1450,1150,1450,0,2900,15233700,4571851,1450,21840000,13340000,4570400,1522500,3047900,1522500,0,0,0,1525400,395948,0.3959
distribute_parallel_for_split_1150_1050_1500,1150,1500,0,3000,15759000,4729501,1500,22260000,13800000,4728000,1575000,3153000,1575000,0,0,0,1578000,401523,0.4015
distribute_parallel_for_split_1150_1050_1550,1150,1550,0,3100,16284300,4887151,1550,22680000,14260000,4885600,1627500,3258100,1627500,0,0,0,1630600,420965,0.4210
distribute_parallel_for_split_1150_1050_1600,1150,1600,0,3200,16809600,5044801,1600,23100000,14720000,5043200,1680000,3363200,1680000,0,0,0,1683200,426501,0.4265
distribute_parallel_for_split_1150_1050_1650,1150,1650,0,3300,17334900,5202451,1650,23520000,15180000,5200800,1732500,3468300,1732500,0,0,0,1735800,447174,0.4472
distribute_parallel_for_split_1150_1050_1700,1150,1700,0,3400,17860200,5360101,1700,23940000,15640000,5358400,1785000,3573400,1785000,0,0,0,1788400,460170,0.4602
distribute_parallel_for_split_1150_1050_1750,1150,1750,0,3500,18385500,5517751,1750,24360000,16100000,5516000,1837500,3678500,1837500,0,0,0,1841000,473022,0.4730
distribute_parallel_for_split_1150_1050_1800,1150,1800,0,3600,18910800,5675401,1800,24780000,16560000,5673600,1890000,3783600,1890000,0,0,0,1893600,480429,0.4804
distribute_parallel_for_split_1150_1050_1850,1150,1850,0,3700,19436100,5833051,1850,25200000,17020000,5831200,1942500,3888700,1942500,0,0,0,1946200,521426,0.5214
distribute_parallel_for_split_1150_1050_1900,1150,1900,0,3800,19961400,5990701,1900,25620000,17480000,5988800,1995000,3993800,1995000,0,0,0,1998800,505014,0.5050
distribute_parallel_for_split_1150_1050_1950,1150,1950,0,3900,20486700,6148351,1950,26040000,17940000,6146400,2047500,4098900,2047500,0,0,0,2051400,520698,0.5207
distribute_parallel_for_split_1150_1050_2000,1150,2000,0,4000,21012000,6306001,2000,26460000,18400000,6304000,2100000,4204000,2100000,0,0,0,2104000,531120,0.5311
distribute_parallel_for_split_1150_1100_1050,1150,1050,0,2100,11556300,3468151,1050,19360000,9660000,3467100,1155000,2312100,1155000,0,0,0,1157100,294120,0.2941
distribute_parallel_for_split_1150_1100_1100,1150,1100,0,2200,12106600,3633301,1100,19800000,10120000,3632200,1210000,2422200,1210000,0,0,0,1212200,317500,0.3175
distribute_parallel_for_split_1150_1100_1150,1150,1150,0,2300,12656900,3798451,1150,20240000,10580000,3797300,1265000,2532300,1265000,0,0,0,1267300,323552,0.3236
distribute_parallel_for_split_1150_1100_1200,1150,1200,0,2400,13207200,3963601,1200,20680000,11040000,3962400,1320000,2642400,1320000,0,0,0,1322400,339528,0.3395
distribute_parallel_for_split_1150_1100_1250,1150,1250,0,2500,13757500,4128751,1250,21120000,11500000,4127500,1375000,2752500,1375000,0,0,0,1377500,363470,0.3635
distribute_parallel_for_split_1150_1100_1300,1150,1300,0,2600,14307800,4293901,1300,21560000,11960000,4292600,1430000,2862600,1430000,0,0,0,1432600,386202,0.3862
distribute_parallel_for_split_1150_1100_1350,1150,1350,0,2700,14858100,4459051,1350,22000000,12420000,4457700,1485000,2972700,1485000,0,0,0,1487700,389528,0.3895
distribute_parallel_for_split_1150_1100_1400,1150,1400,0,2800,15408400,4624201,1400,22440000,12880000,4622800,1540000,3082800,1540000,0,0,0,1542800,393393,0.3934
distribute_parallel_for_split_1150_1100_1450,1150,1450,0,2900,15958700,4789351,1450,22880000,13340000,4787900,1595000,3192900,1595000,0,0,0,1597900,417737,0.4177
distribute_parallel_for_split_1150_1100_1500,1150,1500,0,3000,16509000,4954501,1500,23320000,13800000,4953000,1650000,3303000,1650000,0,0,0,1653000,421667,0.4217
distribute_parallel_for_split_1150_1100_1550,1150,1550,0,3100,17059300,5119651,1550,23760000,14260000,5118100,1705000,3413100,1705000,0,0,0,1708100,441959,0.4420
distribute_parallel_for_split_1150_1100_1600,1150,1600,0,3200,17609600,5284801,1600,24200000,14720000,5283200,1760000,3523200,1760000,0,0,0,1763200,445981,0.4460
distribute_parallel_for_split_1150_1100_1650,1150,1650,0,3300,18159900,5449951,1650,24640000,15180000,5448300,1815000,3633300,1815000,0,0,0,1818300,470846,0.4708
distribute_parallel_for_split_1150_1100_1700,1150,1700,0,3400,18710200,5615101,1700,25080000,15640000,5613400,1870000,3743400,1870000,0,0,0,1873400,478466,0.4785
distribute_parallel_for_split_1150_1100_1750,1150,1750,0,3500,19260500,5780251,1750,25520000,16100000,5778500,1925000,3853500,1925000,0,0,0,1928500,497610,0.4976
distribute_parallel_for_split_1150_1100_1800,1150,1800,0,3600,19810800,5945401,1800,25960000,16560000,5943600,1980000,3963600,1980000,0,0,0,1983600,509765,0.5098
distribute_parallel_for_split_1150_1100_1850,1150,1850,0,3700,20361100,6110551,1850,26400000,17020000,6108700,2035000,4073700,2035000,0,0,0,2038700,534517,0.5345
distribute_parallel_for_split_1150_1100_1900,1150,1900,0,3800,20911400,6275701,1900,26840000,17480000,6273800,2090000,4183800,2090000,0,0,0,2093800,579130,0.5791
distribute_parallel_for_split_1150_1100_1950,1150,1950,0,3900,21461700,6440851,1950,27280000,17940000,6438900,2145000,4293900,2145000,0,0,0,2148900,550706,0.5507
distribute_parallel_for_split_1150_1100_2000,1150,2000,0,4000,22012000,6606001,2000,27720000,18400000,6604000,2200000,4404000,2200000,0,0,0,2204000,553268,0.5533
distribute_parallel_for_split_1150_1150_1050,1150,1050,0,2100,12081300,3625651,1050,20240000,9660000,3624600,1207500,2417100,1207500,0,0,0,1209600,306672,0.3067
distribute_parallel_for_split_1150_1150_1100,1150,1100,0,2200,12656600,3798301,1100,20700000,10120000,3797200,1265000,2532200,1265000,0,0,0,1267200,331795,0.3318
distribute_parallel_for_split_1150_1150_1150,1150,1150,0,2300,13231900,3970951,1150,21160000,10580000,3969800,1322500,2647300,1322500,0,0,0,1324800,340017,0.3400
distribute_parallel_for_split_1150_1150_1200,1150,1200,0,2400,13807200,4143601,1200,21620000,11040000,4142400,1380000,2762400,1380000,0,0,0,1382400,358095,0.3581
distribute_parallel_for_split_1150_1150_1250,1150,1250,0,2500,14382500,4316251,1250,22080000,11500000,4315000,1437500,2877500,1437500,0,0,0,1440000,380474,0.3805
distribute_parallel_for_split_1150_1150_1300,1150,1300,0,2600,14957800,4488901,1300,22540000,11960000,4487600,1495000,2992600,1495000,0,0,0,1497600,383596,0.3836
distribute_parallel_for_split_1150_1150_1350,1150,1350,0,2700,15533100,4661551,1350,23000000,12420000,4660200,1552500,3107700,1552500,0,0,0,1555200,407644,0.4076
distribute_parallel_for_split_1150_1150_1400,1150,1400,0,2800,16108400,4834201,1400,23460000,12880000,4832800,1610000,3222800,1610000,0,0,0,1612800,410219,0.4102
distribute_parallel_for_split_1150_1150_1450,1150,1450,0,2900,16683700,5006851,1450,23920000,13340000,5005400,1667500,3337900,1667500,0,0,0,1670400,434258,0.4343
distribute_parallel_for_split_1150_1150_1500,1150,1500,0,3000,17259000,5179501,1500,24380000,13800000,5178000,1725000,3453000,1725000,0,0,0,1728000,442006,0.4420
distribute_parallel_for_split_1150_1150_1550,1150,1550,0,3100,17834300,5352151,1550,24840000,14260000,5350600,1782500,3568100,1782500,0,0,0,1785600,463469,0.4635
distribute_parallel_for_split_1150_1150_1600,1150,1600,0,3200,18409600,5524801,1600,25300000,14720000,5523200,1840000,3683200,1840000,0,0,0,1843200,464399,0.4644
distribute_parallel_for_split_1150_1150_1650,1150,1650,0,3300,18984900,5697451,1650,25760000,15180000,5695800,1897500,3798300,1897500,0,0,0,1900800,489595,0.4896
distribute_parallel_for_split_1150_1150_1700,1150,1700,0,3400,19560200,5870101,1700,26220000,15640000,5868400,1955000,3913400,1955000,0,0,0,1958400,498807,0.4988
distribute_parallel_for_split_1150_1150_1750,1150,1750,0,3500,20135500,6042751,1750,26680000,16100000,6041000,2012500,4028500,2012500,0,0,0,2016000,518984,0.5190
distribute_parallel_for_split_1150_1150_1800,1150,1800,0,3600,20710800,6215401,1800,27140000,16560000,6213600,2070000,4143600,2070000,0,0,0,2073600,526601,0.5266
distribute_parallel_for_split_1150_1150_1850,1150,1850,0,3700,21286100,6388051,1850,27600000,17020000,6386200,2127500,4258700,2127500,0,0,0,2131200,560272,0.5603
distribute_parallel_for_split_1150_1150_1900,1150,1900,0,3800,21861400,6560701,1900,28060000,17480000,6558800,2185000,4373800,2185000,0,0,0,2188800,562769,0.5628
distribute_parallel_for_split_1150_1150_1950,1150,1950,0,3900,22436700,6733351,1950,28520000,17940000,6731400,2242500,4488900,2242500,0,0,0,2246400,574137,0.5741
distribute_parallel_for_split_1150_1150_2000,1150,2000,0,4000,23012000,6906001,2000,28980000,18400000,6904000,2300000,4604000,2300000,0,0,0,2304000,581970,0.5820
distribute_parallel_for_split_1150_1200_1050,1150,1050,0,2100,12606300,3783151,1050,21120000,9660000,3782100,1260000,2522100,1260000,0,0,0,1262100,320187,0.3202
distribute_parallel_for_split_1150_1200_1100,1150,1100,0,2200,13206600,3963301,1100,21600000,10120000,3962200,1320000,2642200,1320000,0,0,0,1322200,343601,0.3436
distribute_parallel_for_split_1150_1200_1150,1150,1150,0,2300,13806900,4143451,1150,22080000,10580000,4142300,1380000,2762300,1380000,0,0,0,1382300,349091,0.3491
distribute_parallel_for_split_1150_1200_1200,1150,1200,0,2400,14407200,4323601,1200,22560000,11040000,4322400,1440000,2882400,1440000,0,0,0,1442400,375329,0.3753
distribute_parallel_for_split_1150_1200_1250,1150,1250,0,2500,15007500,4503751,1250,23040000,11500000,4502500,1500000,3002500,1500000,0,0,0,1502500,395025,0.3950
distribute_parallel_for_split_1150_1200_1300,1150,1300,0,2600,15607800,4683901,1300,23520000,11960000,4682600,1560000,3122600,1560000,0,0,0,1562600,405524,0.4055
distribute_parallel_for_split_1150_1200_1350,1150,1350,0,2700,16208100,4864051,1350,24000000,12420000,4862700,1620000,3242700,1620000,0,0,0,1622700,444317,0.4443
distribute_parallel_for_split_1150_1200_1400,1150,1400,0,2800,16808400,5044201,1400,24480000,12880000,5042800,1680000,3362800,1680000,0,0,0,1682800,468302,0.4683
distribute_parallel_for_split_1150_1200_1450,1150,1450,0,2900,17408700,5224351,1450,24960000,13340000,5222900,1740000,3482900,1740000,0,0,0,1742900,472919,0.4729
distribute_parallel_for_split_1150_1200_1500,1150,1500,0,3000,18009000,5404501,1500,25440000,13800000,5403000,1800000,3603000,1800000,0,0,0,1803000,466813,0.4668
distribute_parallel_for_split_1150_1200_1550,1150,1550,0,3100,18609300,5584651,1550,25920000,14260000,5583100,1860000,3723100,1860000,0,0,0,1863100,481736,0.4817
distribute_parallel_for_split_1150_1200_1600,1150,1600,0,3200,19209600,5764801,1600,26400000,14720000,5763200,1920000,3843200,1920000,0,0,0,1923200,486041,0.4860
distribute_parallel_for_split_1150_1200_1650,1150,1650,0,3300,19809900,5944951,1650,26880000,15180000,5943300,1980000,3963300,1980000,0,0,0,1983300,511133,0.5111
distribute_parallel_for_split_1150_1200_1700,1150,1700,0,3400,20410200,6125101,1700,27360000,15640000,6123400,2040000,4083400,2040000,0,0,0,2043400,520529,0.5205
distribute_parallel_for_split_1150_1200_1750,1150,1750,0,3500,21010500,6305251,1750,27840000,16100000,6303500,2100000,4203500,2100000,0,0,0,2103500,545373,0.5454
distribute_parallel_for_split_1150_1200_1800,1150,1800,0,3600,21610800,6485401,1800,28320000,16560000,6483600,2160000,4323600,2160000,0,0,0,2163600,550946,0.5509
distribute_parallel_for_split_1150_1200_1850,1150,1850,0,3700,22211100,6665551,1850,28800000,17020000,6663700,2220000,4443700,2220000,0,0,0,2223700,578838,0.5788
distribute_parallel_for_split_1150_1200_1900,1150,1900,0,3800,22811400,6845701,1900,29280000,17480000,6843800,2280000,4563800,2280000,0,0,0,2283800,611502,0.6115
distribute_parallel_for_split_1150_1200_1950,1150,1950,0,3900,23411700,7025851,1950,29760000,17940000,7023900,2340000,4683900,2340000,0,0,0,2343900,600139,0.6001
distribute_parallel_for_split_1150_1200_2000,1150,2000,0,4000,24012000,7206001,2000,30240000,18400000,7204000,2400000,4804000,2400000,0,0,0,2404000,605535,0.6055
distribute_parallel_for_split_1150_1250_1050,1150,1050,0,2100,13131300,3940651,1050,22000000,9660000,3939600,1312500,2627100,1312500,0,0,0,1314600,334003,0.3340
distribute_parallel_for_split_1150_1250_1100,1150,1100,0,2200,13756600,4128301,1100,22500000,10120000,4127200,1375000,2752200,1375000,0,0,0,1377200,360295,0.3603
distribute_parallel_for_split_1150_1250_1150,1150,1150,0,2300,14381900,4315951,1150,23000000,10580000,4314800,1437500,2877300,1437500,0,0,0,1439800,365100,0.3651
distribute_parallel_for_split_1150_1250_1200,1150,1200,0,2400,15007200,4503601,1200,23500000,11040000,4502400,1500000,3002400,1500000,0,0,0,1502400,412031,0.4120
distribute_parallel_for_split_1150_1250_1250,1150,1250,0,2500,15632500,4691251,1250,24000000,11500000,4690000,1562500,3127500,1562500,0,0,0,1565000,416412,0.4164
distribute_parallel_for_split_1150_1250_1300,1150,1300,0,2600,16257800,4878901,1300,24500000,11960000,4877600,1625000,3252600,1625000,0,0,0,1627600,446804,0.4468
distribute_parallel_for_split_1150_1250_1350,1150,1350,0,2700,16883100,5066551,1350,25000000,12420000,5065200,1687500,3377700,1687500,0,0,0,1690200,450818,0.4508
distribute_parallel_for_split_1150_1250_1400,1150,1400,0,2800,17508400,5254201,1400,25500000,12880000,5252800,1750000,3502800,1750000,0,0,0,1752800,471525,0.4715
distribute_parallel_for_split_1150_1250_1450,1150,1450,0,2900,18133700,5441851,1450,26000000,13340000,5440400,1812500,3627900,1812500,0,0,0,1815400,472703,0.4727
distribute_parallel_for_split_1150_1250_1500,1150,1500,0,3000,18759000,5629501,1500,26500000,13800000,5628000,1875000,3753000,1875000,0,0,0,1878000,493362,0.4934
distribute_parallel_for_split_1150_1250_1550,1150,1550,0,3100,19384300,5817151,1550,27000000,14260000,5815600,1937500,3878100,1937500,0,0,0,1940600,511675,0.5117
distribute_parallel_for_split_1150_1250_1600,1150,1600,0,3200,20009600,6004801,1600,27500000,14720000,6003200,2000000,4003200,2000000,0,0,0,2003200,504380,0.5044
distribute_parallel_for_split_1150_1250_1650,1150,1650,0,3300,20634900,6192451,1650,28000000,15180000,6190800,2062500,4128300,2062500,0,0,0,2065800,534741,0.5347
distribute_parallel_for_split_1150_1250_1700,1150,1700,0,3400,21260200,6380101,1700,28500000,15640000,6378400,2125000,4253400,2125000,0,0,0,2128400,541866,0.5419
distribute_parallel_for_split_1150_1250_1750,1150,1750,0,3500,21885500,6567751,1750,29000000,16100000,6566000,2187500,4378500,2187500,0,0,0,2191000,563016,0.5630
distribute_parallel_for_split_1150_1250_1800,1150,1800,0,3600,22510800,6755401,1800,29500000,16560000,6753600,2250000,4503600,2250000,0,0,0,2253600,572204,0.5722
distribute_parallel_for_split_1150_1250_1850,1150,1850,0,3700,23136100,6943051,1850,30000000,17020000,6941200,2312500,4628700,2312500,0,0,0,2316200,620313,0.6203
distribute_parallel_for_split_1150_1250_1900,1150,1900,0,3800,23761400,7130701,1900,30500000,17480000,7128800,2375000,4753800,2375000,0,0,0,2378800,623685,0.6237
distribute_parallel_for_split_1150_1250_1950,1150,1950,0,3900,24386700,7318351,1950,31000000,17940000,7316400,2437500,4878900,2437500,0,0,0,2441400,628449,0.6284
distribute_parallel_for_split_1150_1250_2000,1150,2000,0,4000,25012000,7506001,2000,31500000,18400000,7504000,2500000,5004000,2500000,0,0,0,2504000,628396,0.6284
distribute_parallel_for_split_1150_1300_1050,1150,1050,0,2100,13656300,4098151,1050,22880000,9660000,4097100,1365000,2732100,1365000,0,0,0,1367100,345651,0.3457
distribute_parallel_for_split_1150_1300_1100,1150,1100,0,2200,14306600,4293301,1100,23400000,10120000,4292200,1430000,2862200,1430000,0,0,0,1432200,373573,0.3736
distribute_parallel_for_split_1150_1300_1150,1150,1150,0,2300,14956900,4488451,1150,23920000,10580000,4487300,1495000,2992300,1495000,0,0,0,1497300,381573,0.3816
distribute_parallel_for_split_1150_1300_1200,1150,1200,0,2400,15607200,4683601,1200,24440000,11040000,4682400,1560000,3122400,1560000,0,0,0,1562400,406995,0.4070
distribute_parallel_for_split_1150_1300_1250,1150,1250,0,2500,16257500,4878751,1250,24960000,11500000,4877500,1625000,3252500,1625000,0,0,0,1627500,430711,0.4307
distribute_parallel_for_split_1150_1300_1300,1150,1300,0,2600,16907800,5073901,1300,25480000,11960000,5072600,1690000,3382600,1690000,0,0,0,1692600,433108,0.4331
distribute_parallel_for_split_1150_1300_1350,1150,1350,0,2700,17558100,5269051,1350,26000000,12420000,5267700,1755000,3512700,1755000,0,0,0,1757700,462497,0.4625
distribute_parallel_for_split_1150_1300_1400,1150,1400,0,2800,18208400,5464201,1400,26520000,12880000,5462800,1820000,3642800,1820000,0,0,0,1822800,466207,0.4662
distribute_parallel_for_split_1150_1300_1450,1150,1450,0,2900,18858700,5659351,1450,27040000,13340000,5657900,1885000,3772900,1885000,0,0,0,1887900,491145,0.4911
distribute_parallel_for_split_1150_1300_1500,1150,1500,0,3000,19509000,5854501,1500,27560000,13800000,5853000,1950000,3903000,1950000,0,0,0,1953000,523674,0.5237
distribute_parallel_for_split_1150_1300_1550,1150,1550,0,3100,20159300,6049651,1550,28080000,14260000,6048100,2015000,4033100,2015000,0,0,0,2018100,525347,0.5253
distribute_parallel_for_split_1150_1300_1600,1150,1600,0,3200,20809600,6244801,1600,28600000,14720000,6243200,2080000,4163200,2080000,0,0,0,2083200,528255,0.5283
distribute_parallel_for_split_1150_1300_1650,1150,1650,0,3300,21459900,6439951,1650,29120000,15180000,6438300,2145000,4293300,2145000,0,0,0,2148300,558328,0.5583
distribute_parallel_for_split_1150_1300_1700,1150,1700,0,3400,22110200,6635101,1700,29640000,15640000,6633400,2210000,4423400,2210000,0,0,0,2213400,566339,0.5663
distribute_parallel_for_split_1150_1300_1750,1150,1750,0,3500,22760500,6830251,1750,30160000,16100000,6828500,2275000,4553500,2275000,0,0,0,2278500,587723,0.5877
distribute_parallel_for_split_1150_1300_1800,1150,1800,0,3600,23410800,7025401,1800,30680000,16560000,7023600,2340000,4683600,2340000,0,0,0,2343600,592435,0.5924
distribute_parallel_for_split_1150_1300_1850,1150,1850,0,3700,24061100,7220551,1850,31200000,17020000,7218700,2405000,4813700,2405000,0,0,0,2408700,643686,0.6437
distribute_parallel_for_split_1150_1300_1900,1150,1900,0,3800,24711400,7415701,1900,31720000,17480000,7413800,2470000,4943800,2470000,0,0,0,2473800,624651,0.6247
distribute_parallel_for_split_1150_1300_1950,1150,1950,0,3900,25361700,7610851,1950,32240000,17940000,7608900,2535000,5073900,2535000,0,0,0,2538900,649440,0.6494
distribute_parallel_for_split_1150_1300_2000,1150,2000,0,4000,26012000,7806001,2000,32760000,18400000,7804000,2600000,5204000,2600000,0,0,0,2604000,662717,0.6627
distribute_parallel_for_split_1150_1350_1050,1150,1050,0,2100,14181300,4255651,1050,23760000,9660000,4254600,1417500,2837100,1417500,0,0,0,1419600,359137,0.3591
distribute_parallel_for_split_1150_1350_1100,1150,1100,0,2200,14856600,4458301,1100,24300000,10120000,4457200,1485000,2972200,1485000,0,0,0,1487200,387164,0.3872
distribute_parallel_for_split_1150_1350_1150,1150,1150,0,2300,15531900,4660951,1150,24840000,10580000,4659800,1552500,3107300,1552500,0,0,0,1554800,392837,0.3928
distribute_parallel_for_split_1150_1350_1200,1150,1200,0,2400,16207200,4863601,1200,25380000,11040000,4862400,1620000,3242400,1620000,0,0,0,1622400,419291,0.4193
distribute_parallel_for_split_1150_1350_1250,1150,1250,0,2500,16882500,5066251,1250,25920000,11500000,5065000,1687500,3377500,1687500,0,0,0,1690000,447485,0.4475
distribute_parallel_for_split_1150_1350_1300,1150,1300,0,2600,17557800,5268901,1300,26460000,11960000,5267600,1755000,3512600,1755000,0,0,0,1757600,452330,0.4523
distribute_parallel_for_split_1150_1350_1350,1150,1350,0,2700,18233100,5471551,1350,27000000,12420000,5470200,1822500,3647700,1822500,0,0,0,1825200,476498,0.4765
distribute_parallel_for_split_1150_1350_1400,1150,1400,0,2800,18908400,5674201,1400,27540000,12880000,5672800,1890000,3782800,1890000,0,0,0,1892800,480979,0.4810
distribute_parallel_for_split_1150_1350_1450,1150,1450,0,2900,19583700,5876851,1450,28080000,13340000,5875400,1957500,3917900,1957500,0,0,0,1960400,542373,0.5424
distribute_parallel_for_split_1150_1350_1500,1150,1500,0,3000,20259000,6079501,1500,28620000,13800000,6078000,2025000,4053000,2025000,0,0,0,2028000,568512,0.5685
distribute_parallel_for_split_1150_1350_1550,1150,1550,0,3100,20934300,6282151,1550,29160000,14260000,6280600,2092500,4188100,2092500,0,0,0,2095600,547406,0.5474
distribute_parallel_for_split_1150_1350_1600,1150,1600,0,3200,21609600,6484801,1600,29700000,14720000,6483200,2160000,4323200,2160000,0,0,0,2163200,572770,0.5728
distribute_parallel_for_split_1150_1350_1650,1150,1650,0,3300,22284900,6687451,1650,30240000,15180000,6685800,2227500,4458300,2227500,0,0,0,2230800,578115,0.5781
distribute_parallel_for_split_1150_1350_1700,1150,1700,0,3400,22960200,6890101,1700,30780000,15640000,6888400,2295000,4593400,2295000,0,0,0,2298400,587275,0.5873
distribute_parallel_for_split_1150_1350_1750,1150,1750,0,3500,23635500,7092751,1750,31320000,16100000,7091000,2362500,4728500,2362500,0,0,0,2366000,612853,0.6129
distribute_parallel_for_split_1150_1350_1800,1150,1800,0,3600,24310800,7295401,1800,31860000,16560000,7293600,2430000,4863600,2430000,0,0,0,2433600,619196,0.6192
distribute_parallel_for_split_1150_1350_1850,1150,1850,0,3700,24986100,7498051,1850,32400000,17020000,7496200,2497500,4998700,2497500,0,0,0,2501200,644303,0.6443
distribute_parallel_for_split_1150_1350_1900,1150,1900,0,3800,25661400,7700701,1900,32940000,17480000,7698800,2565000,5133800,2565000,0,0,0,2568800,651246,0.6512
distribute_parallel_for_split_1150_1350_1950,1150,1950,0,3900,26336700,7903351,1950,33480000,17940000,7901400,2632500,5268900,2632500,0,0,0,2636400,671639,0.6716
distribute_parallel_for_split_1150_1350_2000,1150,2000,0,4000,27012000,8106001,2000,34020000,18400000,8104000,2700000,5404000,2700000,0,0,0,2704000,681180,0.6812
distribute_parallel_for_split_1150_1400_1050,1150,1050,0,2100,14706300,4413151,1050,24640000,9660000,4412100,1470000,2942100,1470000,0,0,0,1472100,373426,0.3734
distribute_parallel_for_split_1150_1400_1100,1150,1100,0,2200,15406600,4623301,1100,25200000,10120000,4622200,1540000,3082200,1540000,0,0,0,1542200,401893,0.4019
distribute_parallel_for_split_1150_1400_1150,1150,1150,0,2300,16106900,4833451,1150,25760000,10580000,4832300,1610000,3222300,1610000,0,0,0,1612300,406939,0.4069
distribute_parallel_for_split_1150_1400_1200,1150,1200,0,2400,16807200,5043601,1200,26320000,11040000,5042400,1680000,3362400,1680000,0,0,0,1682400,435143,0.4351
distribute_parallel_for_split_1150_1400_1250,1150,1250,0,2500,17507500,5253751,1250,26880000,11500000,5252500,1750000,3502500,1750000,0,0,0,1752500,462057,0.4621
distribute_parallel_for_split_1150_1400_1300,1150,1300,0,2600,18207800,5463901,1300,27440000,11960000,5462600,1820000,3642600,1820000,0,0,0,1822600,471959,0.4720
distribute_parallel_for_split_1150_1400_1350,1150,1350,0,2700,18908100,5674051,1350,28000000,12420000,5672700,1890000,3782700,1890000,0,0,0,1892700,499326,0.4993
distribute_parallel_for_split_1150_1400_1400,1150,1400,0,2800,19608400,5884201,1400,28560000,12880000,5882800,1960000,3922800,1960000,0,0,0,1962800,501979,0.5020
distribute_parallel_for_split_1150_1400_1450,1150,1450,0,2900,20308700,6094351,1450,29120000,13340000,6092900,2030000,4062900,2030000,0,0,0,2032900,528746,0.5287
distribute_parallel_for_split_1150_1400_1500,1150,1500,0,3000,21009000,6304501,1500,29680000,13800000,6303000,2100000,4203000,2100000,0,0,0,2103000,533888,0.5339
distribute_parallel_for_split_1150_1400_1550,1150,1550,0,3100,21709300,6514651,1550,30240000,14260000,6513100,2170000,4343100,2170000,0,0,0,2173100,565014,0.5650
distribute_parallel_for_split_1150_1400_1600,1150,1600,0,3200,22409600,6724801,1600,30800000,14720000,6723200,2240000,4483200,2240000,0,0,0,2243200,570378,0.5704
distribute_parallel_for_split_1150_1400_1650,1150,1650,0,3300,23109900,6934951,1650,31360000,15180000,6933300,2310000,4623300,2310000,0,0,0,2313300,600430,0.6004
distribute_parallel_for_split_1150_1400_1700,1150,1700,0,3400,23810200,7145101,1700,31920000,15640000,7143400,2380000,4763400,2380000,0,0,0,2383400,606989,0.6070
distribute_parallel_for_split_1150_1400_1750,1150,1750,0,3500,24510500,7355251,1750,32480000,16100000,7353500,2450000,4903500,2450000,0,0,0,2453500,633460,0.6335
distribute_parallel_for_split_1150_1400_1800,1150,1800,0,3600,25210800,7565401,1800,33040000,16560000,7563600,2520000,5043600,2520000,0,0,0,2523600,641062,0.6411
distribute_parallel_for_split_1150_1400_1850,1150,1850,0,3700,25911100,7775551,1850,33600000,17020000,7773700,2590000,5183700,2590000,0,0,0,2593700,660677,0.6607
distribute_parallel_for_split_1150_1400_1900,1150,1900,0,3800,26611400,7985701,1900,34160000,17480000,7983800,2660000,5323800,2660000,0,0,0,2663800,677949,0.6779
distribute_parallel_for_split_1150_1400_1950,1150,1950,0,3900,27311700,8195851,1950,34720000,17940000,8193900,2730000,5463900,2730000,0,0,0,2733900,696396,0.6964
distribute_parallel_for_split_1150_1400_2000,1150,2000,0,4000,28012000,8406001,2000,35280000,18400000,8404000,2800000,5604000,2800000,0,0,0,2804000,702792,0.7028
distribute_parallel_for_split_1150_1450_1050,1150,1050,0,2100,15231300,4570651,1050,25520000,9660000,4569600,1522500,3047100,1522500,0,0,0,1524600,401591,0.4016
distribute_parallel_for_split_1150_1450_1100,1150,1100,0,2200,15956600,4788301,1100,26100000,10120000,4787200,1595000,3192200,1595000,0,0,0,1597200,447050,0.4471
distribute_parallel_for_split_1150_1450_1150,1150,1150,0,2300,16681900,5005951,1150,26680000,10580000,5004800,1667500,3337300,1667500,0,0,0,1669800,442374,0.4424
distribute_parallel_for_split_1150_1450_1200,1150,1200,0,2400,17407200,5223601,1200,27260000,11040000,5222400,1740000,3482400,1740000,0,0,0,1742400,495117,0.4951
distribute_parallel_for_split_1150_1450_1250,1150,1250,0,2500,18132500,5441251,1250,27840000,11500000,5440000,1812500,3627500,1812500,0,0,0,1815000,501015,0.5010
distribute_parallel_for_split_1150_1450_1300,1150,1300,0,2600,18857800,5658901,1300,28420000,11960000,5657600,1885000,3772600,1885000,0,0,0,1887600,503955,0.5040
distribute_parallel_for_split_1150_1450_1350,1150,1350,0,2700,19583100,5876551,1350,29000000,12420000,5875200,1957500,3917700,1957500,0,0,0,1960200,528182,0.5282
distribute_parallel_for_split_1150_1450_1400,1150,1400,0,2800,20308400,6094201,1400,29580000,12880000,6092800,2030000,4062800,2030000,0,0,0,2032800,532697,0.5327
distribute_parallel_for_split_1150_1450_1450,1150,1450,0,2900,21033700,6311851,1450,30160000,13340000,6310400,2102500,4207900,2102500,0,0,0,2105400,567156,0.5672
distribute_parallel_for_split_1150_1450_1500,1150,1500,0,3000,21759000,6529501,1500,30740000,13800000,6528000,2175000,4353000,2175000,0,0,0,2178000,558150,0.5582
distribute_parallel_for_split_1150_1450_1550,1150,1550,0,3100,22484300,6747151,1550,31320000,14260000,6745600,2247500,4498100,2247500,0,0,0,2250600,598189,0.5982
distribute_parallel_for_split_1150_1450_1600,1150,1600,0,3200,23209600,6964801,1600,31900000,14720000,6963200,2320000,4643200,2320000,0,0,0,2323200,593125,0.5931
distribute_parallel_for_split_1150_1450_1650,1150,1650,0,3300,23934900,7182451,1650,32480000,15180000,7180800,2392500,4788300,2392500,0,0,0,2395800,626009,0.6260
distribute_parallel_for_split_1150_1450_1700,1150,1700,0,3400,24660200,7400101,1700,33060000,15640000,7398400,2465000,4933400,2465000,0,0,0,2468400,692938,0.6929
distribute_parallel_for_split_1150_1450_1750,1150,1750,0,3500,25385500,7617751,1750,33640000,16100000,7616000,2537500,5078500,2537500,0,0,0,2541000,655969,0.6560
distribute_parallel_for_split_1150_1450_1800,1150,1800,0,3600,26110800,7835401,1800,34220000,16560000,7833600,2610000,5223600,2610000,0,0,0,2613600,663561,0.6636
distribute_parallel_for_split_1150_1450_1850,1150,1850,0,3700,26836100,8053051,1850,34800000,17020000,8051200,2682500,5368700,2682500,0,0,0,2686200,686918,0.6869
distribute_parallel_for_split_1150_1450_1900,1150,1900,0,3800,27561400,8270701,1900,35380000,17480000,8268800,2755000,5513800,2755000,0,0,0,2758800,694998,0.6950
distribute_parallel_for_split_1150_1450_1950,1150,1950,0,3900,28286700,8488351,1950,35960000,17940000,8486400,2827500,5658900,2827500,0,0,0,2831400,722629,0.7226
distribute_parallel_for_split_1150_1450_2000,1150,2000,0,4000,29012000,8706001,2000,36540000,18400000,8704000,2900000,5804000,2900000,0,0,0,2904000,730222,0.7302
distribute_parallel_for_split_1150_1500_1050,1150,1050,0,2100,15756300,4728151,1050,26400000,9660000,4727100,1575000,3152100,1575000,0,0,0,1577100,397833,0.3978
distribute_parallel_for_split_1150_1500_1100,1150,1100,0,2200,16506600,4953301,1100,27000000,10120000,4952200,1650000,3302200,1650000,0,0,0,1652200,438610,0.4386
distribute_parallel_for_split_1150_1500_1150,1150,1150,0,2300,17256900,5178451,1150,27600000,10580000,5177300,1725000,3452300,1725000,0,0,0,1727300,435993,0.4360
distribute_parallel_for_split_1150_1500_1200,1150,1200,0,2400,18007200,5403601,1200,28200000,11040000,5402400,1800000,3602400,1800000,0,0,0,1802400,463158,0.4632
distribute_parallel_for_split_1150_1500_1250,1150,1250,0,2500,18757500,5628751,1250,28800000,11500000,5627500,1875000,3752500,1875000,0,0,0,1877500,507554,0.5076
distribute_parallel_for_split_1150_1500_1300,1150,1300,0,2600,19507800,5853901,1300,29400000,11960000,5852600,1950000,3902600,1950000,0,0,0,1952600,511149,0.5111
distribute_parallel_for_split_1150_1500_1350,1150,1350,0,2700,20258100,6079051,1350,30000000,12420000,6077700,2025000,4052700,2025000,0,0,0,2027700,530076,0.5301
distribute_parallel_for_split_1150_1500_1400,1150,1400,0,2800,21008400,6304201,1400,30600000,12880000,6302800,2100000,4202800,2100000,0,0,0,2102800,535697,0.5357
distribute_parallel_for_split_1150_1500_1450,1150,1450,0,2900,21758700,6529351,1450,31200000,13340000,6527900,2175000,4352900,2175000,0,0,0,2177900,580983,0.5810
distribute_parallel_for_split_1150_1500_1500,1150,1500,0,3000,22509000,6754501,1500,31800000,13800000,6753000,2250000,4503000,2250000,0,0,0,2253000,583386,0.5834
distribute_parallel_for_split_1150_1500_1550,1150,1550,0,3100,23259300,6979651,1550,32400000,14260000,6978100,2325000,4653100,2325000,0,0,0,2328100,605016,0.6050
distribute_parallel_for_split_1150_1500_1600,1150,1600,0,3200,24009600,7204801,1600,33000000,14720000,7203200,2400000,4803200,2400000,0,0,0,2403200,651866,0.6519
distribute_parallel_for_split_1150_1500_1650,1150,1650,0,3300,24759900,7429951,1650,33600000,15180000,7428300,2475000,4953300,2475000,0,0,0,2478300,640058,0.6401
distribute_parallel_for_split_1150_1500_1700,1150,1700,0,3400,25510200,7655101,1700,34200000,15640000,7653400,2550000,5103400,2550000,0,0,0,2553400,649868,0.6499
distribute_parallel_for_split_1150_1500_1750,1150,1750,0,3500,26260500,7880251,1750,34800000,16100000,7878500,2625000,5253500,2625000,0,0,0,2628500,675143,0.6751
distribute_parallel_for_split_1150_1500_1800,1150,1800,0,3600,27010800,8105401,1800,35400000,16560000,8103600,2700000,5403600,2700000,0,0,0,2703600,684219,0.6842
distribute_parallel_for_split_1150_1500_1850,1150,1850,0,3700,27761100,8330551,1850,36000000,17020000,8328700,2775000,5553700,2775000,0,0,0,2778700,710333,0.7103
distribute_parallel_for_split_1150_1500_1900,1150,1900,0,3800,28511400,8555701,1900,36600000,17480000,8553800,2850000,5703800,2850000,0,0,0,2853800,727138,0.7271
distribute_parallel_for_split_1200_1200_1200,1200,1200,0,2400,14407200,4323601,1200,23040000,11520000,4322400,1440000,2882400,1440000,0,0,0,1442400,372425,0.3724
distribute_parallel_for_split_1200_1200_1700,1200,1700,0,3400,20410200,6125101,1700,27840000,16320000,6123400,2040000,4083400,2040000,0,0,0,2043400,524048,0.5240
distribute_parallel_for_split_1200_1200_2200,1200,2200,0,4400,26413200,7926601,2200,32640000,21120000,7924400,2640000,5284400,2640000,0,0,0,2644400,667636,0.6676
distribute_parallel_for_split_1200_1200_2700,1200,2700,0,5400,32416200,9728101,2700,37440000,25920000,9725400,3240000,6485400,3240000,0,0,0,3245400,836716,0.8367
distribute_parallel_for_split_1200_1200_3200,1200,3200,0,6400,38419200,11529601,3200,42240000,30720000,11526400,3840000,7686400,3840000,0,0,0,3846400,975971,0.9760
distribute_parallel_for_split_1200_1200_3700,1200,3700,0,7400,44422200,13331101,3700,47040000,35520000,13327400,4440000,8887400,4440000,0,0,0,4447400,1148048,1.1480
distribute_parallel_for_split_1200_1200_4200,1200,4200,0,8400,50425200,15132601,4200,51840000,40320000,15128400,5040000,10088400,5040000,0,0,0,5048400,1280139,1.2801
distribute_parallel_for_split_1200_1700_1200,1200,1200,0,2400,20407200,6123601,1200,32640000,11520000,6122400,2040000,4082400,2040000,0,0,0,2042400,527715,0.5277
distribute_parallel_for_split_1200_1700_1700,1200,1700,0,3400,28910200,8675101,1700,39440000,16320000,8673400,2890000,5783400,2890000,0,0,0,2893400,745376,0.7454
distribute_parallel_for_split_1200_1700_2200,1200,2200,0,4400,37413200,11226601,2200,46240000,21120000,11224400,3740000,7484400,3740000,0,0,0,3744400,951743,0.9517
distribute_parallel_for_split_1200_1700_2700,1200,2700,0,5400,45916200,13778101,2700,53040000,25920000,13775400,4590000,9185400,4590000,0,0,0,4595400,1181189,1.1812
distribute_parallel_for_split_1200_1700_3200,1200,3200,0,6400,54419200,16329601,3200,59840000,30720000,16326400,5440000,10886400,5440000,0,0,0,5446400,1374776,1.3748
distribute_parallel_for_split_1200_1700_3700,1200,3700,0,7400,62922200,18881101,3700,66640000,35520000,18877400,6290000,12587400,6290000,0,0,0,6297400,1607364,1.6074
distribute_parallel_for_split_1200_1700_4200,1200,4200,0,8400,71425200,21432601,4200,73440000,40320000,21428400,7140000,14288400,7140000,0,0,0,7148400,1812616,1.8126
distribute_parallel_for_split_1200_2200_1200,1200,1200,0,2400,26407200,7923601,1200,42240000,11520000,7922400,2640000,5282400,2640000,0,0,0,2642400,688974,0.6890
distribute_parallel_for_split_1200_2200_1700,1200,1700,0,3400,37410200,11225101,1700,51040000,16320000,11223400,3740000,7483400,3740000,0,0,0,3743400,960851,0.9609
distribute_parallel_for_split_1200_2200_2200,1200,2200,0,4400,48413200,14526601,2200,59840000,21120000,14524400,4840000,9684400,4840000,0,0,0,4844400,1315308,1.3153
distribute_parallel_for_split_1200_2200_2700,1200,2700,0,5400,59416200,17828101,2700,68640000,25920000,17825400,5940000,11885400,5940000,0,0,0,5945400,1523977,1.5240
distribute_parallel_for_split_1200_2200_3200,1200,3200,0,6400,70419200,21129601,3200,77440000,30720000,21126400,7040000,14086400,7040000,0,0,0,7046400,1786581,1.7866
distribute_parallel_for_split_1200_2200_3700,1200,3700,0,7400,81422200,24431101,3700,86240000,35520000,24427400,8140000,16287400,8140000,0,0,0,8147400,2070254,2.0703
distribute_parallel_for_split_1200_2200_4200,1200,4200,0,8400,92425200,27732601,4200,95040000,40320000,27728400,9240000,18488400,9240000,0,0,0,9248400,2352476,2.3525
distribute_parallel_for_split_1200_2700_1200,1200,1200,0,2400,32407200,9723601,1200,51840000,11520000,9722400,3240000,6482400,3240000,0,0,0,3242400,835014,0.8350
distribute_parallel_for_split_1200_2700_1700,1200,1700,0,3400,45910200,13775101,1700,62640000,16320000,13773400,4590000,9183400,4590000,0,0,0,4593400,1181085,1.1811
distribute_parallel_for_split_1200_2700_2200,1200,2200,0,4400,59413200,17826601,2200,73440000,21120000,17824400,5940000,11884400,5940000,0,0,0,5944400,1501106,1.5011
distribute_parallel_for_split_1200_2700_2700,1200,2700,0,5400,72916200,21878101,2700,84240000,25920000,21875400,7290000,14585400,7290000,0,0,0,7295400,1876210,1.8762
distribute_parallel_for_split_1200_2700_3200,1200,3200,0,6400,86419200,25929601,3200,95040000,30720000,25926400,8640000,17286400,8640000,0,0,0,8646400,2232747,2.2327
distribute_parallel_for_split_1200_2700_3700,1200,3700,0,7400,99922200,29981101,3700,105840000,35520000,29977400,9990000,19987400,9990000,0,0,0,9997400,2550147,2.5501
distribute_parallel_for_split_1200_2700_4200,1200,4200,0,8400,113425200,34032601,4200,116640000,40320000,34028400,11340000,22688400,11340000,0,0,0,11348400,2869924,2.8699
distribute_parallel_for_split_1200_3200_1200,1200,1200,0,2400,38407200,11523601,1200,61440000,11520000,11522400,3840000,7682400,3840000,0,0,0,3842400,998456,0.9985
distribute_parallel_for_split_1200_3200_1700,1200,1700,0,3400,54410200,16325101,1700,74240000,16320000,16323400,5440000,10883400,5440000,0,0,0,5443400,1396169,1.3962
distribute_parallel_for_split_1200_3200_2200,1200,2200,0,4400,70413200,21126601,2200,87040000,21120000,21124400,7040000,14084400,7040000,0,0,0,7044400,1812564,1.8126
distribute_parallel_for_split_1200_3200_2700,1200,2700,0,5400,86416200,25928101,2700,99840000,25920000,25925400,8640000,17285400,8640000,0,0,0,8645400,2217166,2.2172
distribute_parallel_for_split_1200_3200_3200,1200,3200,0,6400,102419200,30729601,3200,112640000,30720000,30726400,10240000,20486400,10240000,0,0,0,10246400,2672006,2.6720
distribute_parallel_for_split_1200_3200_3700,1200,3700,0,7400,118422200,35531101,3700,125440000,35520000,35527400,11840000,23687400,11840000,0,0,0,11847400,3053398,3.0534
distribute_parallel_for_split_1200_3200_4200,1200,4200,0,8400,134425200,40332601,4200,138240000,40320000,40328400,13440000,26888400,13440000,0,0,0,13448400,3417013,3.4170
distribute_parallel_for_split_1200_3700_1200,1200,1200,0,2400,44407200,13323601,1200,71040000,11520000,13322400,4440000,8882400,4440000,0,0,0,4442400,1147415,1.1474
distribute_parallel_for_split_1200_3700_1700,1200,1700,0,3400,62910200,18875101,1700,85840000,16320000,18873400,6290000,12583400,6290000,0,0,0,6293400,1639718,1.6397
distribute_parallel_for_split_1200_3700_2200,1200,2200,0,4400,81413200,24426601,2200,100640000,21120000,24424400,8140000,16284400,8140000,0,0,0,8144400,2051641,2.0516
distribute_parallel_for_split_1200_3700_2700,1200,2700,0,5400,99916200,29978101,2700,115440000,25920000,29975400,9990000,19985400,9990000,0,0,0,9995400,2597228,2.5972
distribute_parallel_for_split_1200_3700_3200,1200,3200,0,6400,118419200,35529601,3200,130240000,30720000,35526400,11840000,23686400,11840000,0,0,0,11846400,2986772,2.9868
distribute_parallel_for_split_1200_3700_3700,1200,3700,0,7400,136922200,41081101,3700,145040000,35520000,41077400,13690000,27387400,13690000,0,0,0,13697400,3484619,3.4846
distribute_parallel_for_split_1200_3700_4200,1200,4200,0,8400,155425200,46632601,4200,159840000,40320000,46628400,15540000,31088400,15540000,0,0,0,15548400,3937729,3.9377
distribute_parallel_for_split_1250_1250_1250,1250,1250,0,2500,15632500,4691251,1250,25000000,12500000,4690000,1562500,3127500,1562500,0,0,0,1565000,450568,0.4506
distribute_parallel_for_split_1250_1250_1750,1250,1750,0,3500,21885500,6567751,1750,30000000,17500000,6566000,2187500,4378500,2187500,0,0,0,2191000,614189,0.6142
distribute_parallel_for_split_1250_1250_2250,1250,2250,0,4500,28138500,8444251,2250,35000000,22500000,8442000,2812500,5629500,2812500,0,0,0,2817000,786572,0.7866
distribute_parallel_for_split_1250_1250_2750,1250,2750,0,5500,34391500,10320751,2750,40000000,27500000,10318000,3437500,6880500,3437500,0,0,0,3443000,950460,0.9505
distribute_parallel_for_split_1250_1250_3250,1250,3250,0,6500,40644500,12197251,3250,45000000,32500000,12194000,4062500,8131500,4062500,0,0,0,4069000,1116016,1.1160
distribute_parallel_for_split_1250_1250_3750,1250,3750,0,7500,46897500,14073751,3750,50000000,37500000,14070000,4687500,9382500,4687500,0,0,0,4695000,1303958,1.3040
distribute_parallel_for_split_1250_1250_4250,1250,4250,0,8500,53150500,15950251,4250,55000000,42500000,15946000,5312500,10633500,5312500,0,0,0,5321000,1469793,1.4698
distribute_parallel_for_split_1250_1750_1250,1250,1250,0,2500,21882500,6566251,1250,35000000,12500000,6565000,2187500,4377500,2187500,0,0,0,2190000,632300,0.6323
distribute_parallel_for_split_1250_1750_1750,1250,1750,0,3500,30635500,9192751,1750,42000000,17500000,9191000,3062500,6128500,3062500,0,0,0,3066000,861894,0.8619
distribute_parallel_for_split_1250_1750_2250,1250,2250,0,4500,39388500,11819251,2250,49000000,22500000,11817000,3937500,7879500,3937500,0,0,0,3942000,1100112,1.1001
distribute_parallel_for_split_1250_1750_2750,1250,2750,0,5500,48141500,14445751,2750,56000000,27500000,14443000,4812500,9630500,4812500,0,0,0,4818000,1334389,1.3344
distribute_parallel_for_split_1250_1750_3250,1250,3250,0,6500,56894500,17072251,3250,63000000,32500000,17069000,5687500,11381500,5687500,0,0,0,5694000,1566559,1.5666
distribute_parallel_for_split_1250_1750_3750,1250,3750,0,7500,65647500,19698751,3750,70000000,37500000,19695000,6562500,13132500,6562500,0,0,0,6570000,1824735,1.8247
distribute_parallel_for_split_1250_1750_4250,1250,4250,0,8500,74400500,22325251,4250,77000000,42500000,22321000,7437500,14883500,7437500,0,0,0,7446000,2052996,2.0530
distribute_parallel_for_split_1250_2250_1250,1250,1250,0,2500,28132500,8441251,1250,45000000,12500000,8440000,2812500,5627500,2812500,0,0,0,2815000,818007,0.8180
distribute_parallel_for_split_1250_2250_1750,1250,1750,0,3500,39385500,11817751,1750,54000000,17500000,11816000,3937500,7878500,3937500,0,0,0,3941000,1107118,1.1071
distribute_parallel_for_split_1250_2250_2250,1250,2250,0,4500,50638500,15194251,2250,63000000,22500000,15192000,5062500,10129500,5062500,0,0,0,5067000,1415497,1.4155
distribute_parallel_for_split_1250_2250_2750,1250,2750,0,5500,61891500,18570751,2750,72000000,27500000,18568000,6187500,12380500,6187500,0,0,0,6193000,1712741,1.7127
distribute_parallel_for_split_1250_2250_3250,1250,3250,0,6500,73144500,21947251,3250,81000000,32500000,21944000,7312500,14631500,7312500,0,0,0,7319000,2010905,2.0109
distribute_parallel_for_split_1250_2250_3750,1250,3750,0,7500,84397500,25323751,3750,90000000,37500000,25320000,8437500,16882500,8437500,0,0,0,8445000,2377603,2.3776
distribute_parallel_for_split_1250_2250_4250,1250,4250,0,8500,95650500,28700251,4250,99000000,42500000,28696000,9562500,19133500,9562500,0,0,0,9571000,2685545,2.6855
distribute_parallel_for_split_1250_2750_1250,1250,1250,0,2500,34382500,10316251,1250,55000000,12500000,10315000,3437500,6877500,3437500,0,0,0,3440000,995962,0.9960
distribute_parallel_for_split_1250_2750_1750,1250,1750,0,3500,48135500,14442751,1750,66000000,17500000,14441000,4812500,9628500,4812500,0,0,0,4816000,1356247,1.3562
distribute_parallel_for_split_1250_2750_2250,1250,2250,0,4500,61888500,18569251,2250,77000000,22500000,18567000,6187500,12379500,6187500,0,0,0,6192000,1725161,1.7252
distribute_parallel_for_split_1250_2750_2750,1250,2750,0,5500,75641500,22695751,2750,88000000,27500000,22693000,7562500,15130500,7562500,0,0,0,7568000,2084859,2.0849
distribute_parallel_for_split_1250_2750_3250,1250,3250,0,6500,89394500,26822251,3250,99000000,32500000,26819000,8937500,17881500,8937500,0,0,0,8944000,2455625,2.4556
distribute_parallel_for_split_1250_2750_3750,1250,3750,0,7500,103147500,30948751,3750,110000000,37500000,30945000,10312500,20632500,10312500,0,0,0,10320000,2862380,2.8624
distribute_parallel_for_split_1250_2750_4250,1250,4250,0,8500,116900500,35075251,4250,121000000,42500000,35071000,11687500,23383500,11687500,0,0,0,11696000,3223836,3.2238
distribute_parallel_for_split_1250_3250_1250,1250,1250,0,2500,40632500,12191251,1250,65000000,12500000,12190000,4062500,8127500,4062500,0,0,0,4065000,1180342,1.1803
distribute_parallel_for_split_1250_3250_1750,1250,1750,0,3500,56885500,17067751,1750,78000000,17500000,17066000,5687500,11378500,5687500,0,0,0,5691000,1667786,1.6678
distribute_parallel_for_split_1250_3250_2250,1250,2250,0,4500,73138500,21944251,2250,91000000,22500000,21942000,7312500,14629500,7312500,0,0,0,7317000,2046020,2.0460
distribute_parallel_for_split_1250_3250_2750,1250,2750,0,5500,89391500,26820751,2750,104000000,27500000,26818000,8937500,17880500,8937500,0,0,0,8943000,2470711,2.4707
distribute_parallel_for_split_1250_3250_3250,1250,3250,0,6500,105644500,31697251,3250,117000000,32500000,31694000,10562500,21131500,10562500,0,0,0,10569000,2918946,2.9189
distribute_parallel_for_split_1250_3250_3750,1250,3750,0,7500,121897500,36573751,3750,130000000,37500000,36570000,12187500,24382500,12187500,0,0,0,12195000,3386910,3.3869
distribute_parallel_for_split_1250_3250_4250,1250,4250,0,8500,138150500,41450251,4250,143000000,42500000,41446000,13812500,27633500,13812500,0,0,0,13821000,3823487,3.8235
distribute_parallel_for_split_1250_3750_1250,1250,1250,0,2500,46882500,14066251,1250,75000000,12500000,14065000,4687500,9377500,4687500,0,0,0,4690000,1362956,1.3630
distribute_parallel_for_split_1250_3750_1750,1250,1750,0,3500,65635500,19692751,1750,90000000,17500000,19691000,6562500,13128500,6562500,0,0,0,6566000,1899866,1.8999
distribute_parallel_for_split_1250_3750_2250,1250,2250,0,4500,84388500,25319251,2250,105000000,22500000,25317000,8437500,16879500,8437500,0,0,0,8442000,2406085,2.4061
distribute_parallel_for_split_1250_3750_2750,1250,2750,0,5500,103141500,30945751,2750,120000000,27500000,30943000,10312500,20630500,10312500,0,0,0,10318000,2846989,2.8470
distribute_parallel_for_split_1250_3750_3250,1250,3250,0,6500,121894500,36572251,3250,135000000,32500000,36569000,12187500,24381500,12187500,0,0,0,12194000,3346209,3.3462
distribute_parallel_for_split_1250_3750_3750,1250,3750,0,7500,140647500,42198751,3750,150000000,37500000,42195000,14062500,28132500,14062500,0,0,0,14070000,3908159,3.9082
distribute_parallel_for_split_1250_3750_4250,1250,4250,0,8500,159400500,47825251,4250,165000000,42500000,47821000,15937500,31883500,15937500,0,0,0,15946000,4391461,4.3915
distribute_parallel_for_split_1250_4250_1250,1250,1250,0,2500,53132500,15941251,1250,85000000,12500000,15940000,5312500,10627500,5312500,0,0,0,5315000,1574892,1.5749
distribute_parallel_for_split_1250_4250_1750,1250,1750,0,3500,74385500,22317751,1750,102000000,17500000,22316000,7437500,14878500,7437500,0,0,0,7441000,2091859,2.0919
distribute_parallel_for_split_1250_4250_2250,1250,2250,0,4500,95638500,28694251,2250,119000000,22500000,28692000,9562500,19129500,9562500,0,0,0,9567000,2663226,2.6632
distribute_parallel_for_split_1250_4250_2750,1250,2750,0,5500,116891500,35070751,2750,136000000,27500000,35068000,11687500,23380500,11687500,0,0,0,11693000,3225459,3.2255
distribute_parallel_for_split_1250_4250_3250,1250,3250,0,6500,138144500,41447251,3250,153000000,32500000,41444000,13812500,27631500,13812500,0,0,0,13819000,3800638,3.8006
distribute_parallel_for_split_1250_4250_3750,1250,3750,0,7500,159397500,47823751,3750,170000000,37500000,47820000,15937500,31882500,15937500,0,0,0,15945000,4432910,4.4329
distribute_parallel_for_split_1250_4250_4250,1250,4250,0,8500,180650500,54200251,4250,187000000,42500000,54196000,18062500,36133500,18062500,0,0,0,18071000,4998395,4.9984
distribute_parallel_for_split_1400_1400_1400,1400,1400,0,2800,19608400,5884201,1400,31360000,15680000,5882800,1960000,3922800,1960000,0,0,0,1962800,592462,0.5925
distribute_parallel_for_split_1400_1400_1900,1400,1900,0,3800,26611400,7985701,1900,36960000,21280000,7983800,2660000,5323800,2660000,0,0,0,2663800,801547,0.8015
distribute_parallel_for_split_1400_1400_2400,1400,2400,0,4800,33614400,10087201,2400,42560000,26880000,10084800,3360000,6724800,3360000,0,0,0,3364800,994572,0.9946
distribute_parallel_for_split_1400_1400_2900,1400,2900,0,5800,40617400,12188701,2900,48160000,32480000,12185800,4060000,8125800,4060000,0,0,0,4065800,1262902,1.2629
distribute_parallel_for_split_1400_1400_3400,1400,3400,0,6800,47620400,14290201,3400,53760000,38080000,14286800,4760000,9526800,4760000,0,0,0,4766800,1413301,1.4133
distribute_parallel_for_split_1400_1400_3900,1400,3900,0,7800,54623400,16391701,3900,59360000,43680000,16387800,5460000,10927800,5460000,0,0,0,5467800,1616252,1.6163
distribute_parallel_for_split_1400_1400_900,1400,900,0,1800,12605400,3782701,900,25760000,10080000,3781800,1260000,2521800,1260000,0,0,0,1261800,394595,0.3946
distribute_parallel_for_split_1400_1900_1400,1400,1400,0,2800,26608400,7984201,1400,42560000,15680000,7982800,2660000,5322800,2660000,0,0,0,2662800,816706,0.8167
distribute_parallel_for_split_1400_1900_1900,1400,1900,0,3800,36111400,10835701,1900,50160000,21280000,10833800,3610000,7223800,3610000,0,0,0,3613800,1079987,1.0800
distribute_parallel_for_split_1400_1900_2400,1400,2400,0,4800,45614400,13687201,2400,57760000,26880000,13684800,4560000,9124800,4560000,0,0,0,4564800,1347367,1.3474
distribute_parallel_for_split_1400_1900_2900,1400,2900,0,5800,55117400,16538701,2900,65360000,32480000,16535800,5510000,11025800,5510000,0,0,0,5515800,1664511,1.6645
distribute_parallel_for_split_1400_1900_3400,1400,3400,0,6800,64620400,19390201,3400,72960000,38080000,19386800,6460000,12926800,6460000,0,0,0,6466800,1931401,1.9314
distribute_parallel_for_split_1400_1900_3900,1400,3900,0,7800,74123400,22241701,3900,80560000,43680000,22237800,7410000,14827800,7410000,0,0,0,7417800,2200675,2.2007
distribute_parallel_for_split_1400_1900_900,1400,900,0,1800,17105400,5132701,900,34960000,10080000,5131800,1710000,3421800,1710000,0,0,0,1711800,531835,0.5318
distribute_parallel_for_split_1400_2400_1400,1400,1400,0,2800,33608400,10084201,1400,53760000,15680000,10082800,3360000,6722800,3360000,0,0,0,3362800,1084260,1.0843
distribute_parallel_for_split_1400_2400_1900,1400,1900,0,3800,45611400,13685701,1900,63360000,21280000,13683800,4560000,9123800,4560000,0,0,0,4563800,1397234,1.3972
distribute_parallel_for_split_1400_2400_2400,1400,2400,0,4800,57614400,17287201,2400,72960000,26880000,17284800,5760000,11524800,5760000,0,0,0,5764800,1688737,1.6887
distribute_parallel_for_split_1400_2400_2900,1400,2900,0,5800,69617400,20888701,2900,82560000,32480000,20885800,6960000,13925800,6960000,0,0,0,6965800,2078908,2.0789
distribute_parallel_for_split_1400_2400_3400,1400,3400,0,6800,81620400,24490201,3400,92160000,38080000,24486800,8160000,16326800,8160000,0,0,0,8166800,2442181,2.4422
distribute_parallel_for_split_1400_2400_3900,1400,3900,0,7800,93623400,28091701,3900,101760000,43680000,28087800,9360000,18727800,9360000,0,0,0,9367800,2777618,2.7776
distribute_parallel_for_split_1400_2400_900,1400,900,0,1800,21605400,6482701,900,44160000,10080000,6481800,2160000,4321800,2160000,0,0,0,2161800,669766,0.6698
distribute_parallel_for_split_1400_2900_1400,1400,1400,0,2800,40608400,12184201,1400,64960000,15680000,12182800,4060000,8122800,4060000,0,0,0,4062800,1224157,1.2242
distribute_parallel_for_split_1400_2900_1900,1400,1900,0,3800,55111400,16535701,1900,76560000,21280000,16533800,5510000,11023800,5510000,0,0,0,5513800,1643094,1.6431
distribute_parallel_for_split_1400_2900_2400,1400,2400,0,4800,69614400,20887201,2400,88160000,26880000,20884800,6960000,13924800,6960000,0,0,0,6964800,2065482,2.0655
distribute_parallel_for_split_1400_2900_2900,1400,2900,0,5800,84117400,25238701,2900,99760000,32480000,25235800,8410000,16825800,8410000,0,0,0,8415800,2508569,2.5086
distribute_parallel_for_split_1400_2900_3400,1400,3400,0,6800,98620400,29590201,3400,111360000,38080000,29586800,9860000,19726800,9860000,0,0,0,9866800,2937892,2.9379
distribute_parallel_for_split_1400_2900_3900,1400,3900,0,7800,113123400,33941701,3900,122960000,43680000,33937800,11310000,22627800,11310000,0,0,0,11317800,3348059,3.3481
distribute_parallel_for_split_1400_2900_900,1400,900,0,1800,26105400,7832701,900,53360000,10080000,7831800,2610000,5221800,2610000,0,0,0,2611800,815690,0.8157
distribute_parallel_for_split_1400_3400_1400,1400,1400,0,2800,47608400,14284201,1400,76160000,15680000,14282800,4760000,9522800,4760000,0,0,0,4762800,1429088,1.4291
distribute_parallel_for_split_1400_3400_1900,1400,1900,0,3800,64611400,19385701,1900,89760000,21280000,19383800,6460000,12923800,6460000,0,0,0,6463800,1949095,1.9491
distribute_parallel_for_split_1400_3400_2400,1400,2400,0,4800,81614400,24487201,2400,103360000,26880000,24484800,8160000,16324800,8160000,0,0,0,8164800,2411321,2.4113
distribute_parallel_for_split_1400_3400_2900,1400,2900,0,5800,98617400,29588701,2900,116960000,32480000,29585800,9860000,19725800,9860000,0,0,0,9865800,2988820,2.9888
distribute_parallel_for_split_1400_3400_3400,1400,3400,0,6800,115620400,34690201,3400,130560000,38080000,34686800,11560000,23126800,11560000,0,0,0,11566800,3436017,3.4360
distribute_parallel_for_split_1400_3400_3900,1400,3900,0,7800,132623400,39791701,3900,144160000,43680000,39787800,13260000,26527800,13260000,0,0,0,13267800,3921745,3.9217
distribute_parallel_for_split_1400_3400_900,1400,900,0,1800,30605400,9182701,900,62560000,10080000,9181800,3060000,6121800,3060000,0,0,0,3061800,957342,0.9573
distribute_parallel_for_split_1400_3900_1400,1400,1400,0,2800,54608400,16384201,1400,87360000,15680000,16382800,5460000,10922800,5460000,0,0,0,5462800,1643799,1.6438
distribute_parallel_for_split_1400_3900_1900,1400,1900,0,3800,74111400,22235701,1900,102960000,21280000,22233800,7410000,14823800,7410000,0,0,0,7413800,2221168,2.2212
distribute_parallel_for_split_1400_3900_2400,1400,2400,0,4800,93614400,28087201,2400,118560000,26880000,28084800,9360000,18724800,9360000,0,0,0,9364800,2839846,2.8398
distribute_parallel_for_split_1400_3900_2900,1400,2900,0,5800,113117400,33938701,2900,134160000,32480000,33935800,11310000,22625800,11310000,0,0,0,11315800,3406315,3.4063
distribute_parallel_for_split_1400_3900_3400,1400,3400,0,6800,132620400,39790201,3400,149760000,38080000,39786800,13260000,26526800,13260000,0,0,0,13266800,3995877,3.9959
distribute_parallel_for_split_1400_3900_3900,1400,3900,0,7800,152123400,45641701,3900,165360000,43680000,45637800,15210000,30427800,15210000,0,0,0,15217800,4559334,4.5593
distribute_parallel_for_split_1400_3900_900,1400,900,0,1800,35105400,10532701,900,71760000,10080000,10531800,3510000,7021800,3510000,0,0,0,3511800,1108027,1.1080
distribute_parallel_for_split_1400_900_1400,1400,1400,0,2800,12608400,3784201,1400,20160000,15680000,3782800,1260000,2522800,1260000,0,0,0,1262800,396798,0.3968
distribute_parallel_for_split_1400_900_1900,1400,1900,0,3800,17111400,5135701,1900,23760000,21280000,5133800,1710000,3423800,1710000,0,0,0,1713800,510704,0.5107
distribute_parallel_for_split_1400_900_2400,1400,2400,0,4800,21614400,6487201,2400,27360000,26880000,6484800,2160000,4324800,2160000,0,0,0,2164800,654321,0.6543
distribute_parallel_for_split_1400_900_2900,1400,2900,0,5800,26117400,7838701,2900,30960000,32480000,7835800,2610000,5225800,2610000,0,0,0,2615800,782404,0.7824
distribute_parallel_for_split_1400_900_3400,1400,3400,0,6800,30620400,9190201,3400,34560000,38080000,9186800,3060000,6126800,3060000,0,0,0,3066800,929434,0.9294
distribute_parallel_for_split_1400_900_3900,1400,3900,0,7800,35123400,10541701,3900,38160000,43680000,10537800,3510000,7027800,3510000,0,0,0,3517800,1069253,1.0693
distribute_parallel_for_split_1400_900_900,1400,900,0,1800,8105400,2432701,900,16560000,10080000,2431800,810000,1621800,810000,0,0,0,811800,267156,0.2672
distribute_parallel_for_split_1500_1000_1000,1500,1000,0,2000,10006000,3003001,1000,20000000,12000000,3002000,1000000,2002000,1000000,0,0,0,1002000,342301,0.3423
distribute_parallel_for_split_1500_1000_1500,1500,1500,0,3000,15009000,4504501,1500,24000000,18000000,4503000,1500000,3003000,1500000,0,0,0,1503000,499774,0.4998
distribute_parallel_for_split_1500_1000_2000,1500,2000,0,4000,20012000,6006001,2000,28000000,24000000,6004000,2000000,4004000,2000000,0,0,0,2004000,654442,0.6544
distribute_parallel_for_split_1500_1000_2500,1500,2500,0,5000,25015000,7507501,2500,32000000,30000000,7505000,2500000,5005000,2500000,0,0,0,2505000,837598,0.8376
distribute_parallel_for_split_1500_1000_3000,1500,3000,0,6000,30018000,9009001,3000,36000000,36000000,9006000,3000000,6006000,3000000,0,0,0,3006000,992489,0.9925
distribute_parallel_for_split_1500_1000_3500,1500,3500,0,7000,35021000,10510501,3500,40000000,42000000,10507000,3500000,7007000,3500000,0,0,0,3507000,1158646,1.1586
distribute_parallel_for_split_1500_1000_4000,1500,4000,0,8000,40024000,12012001,4000,44000000,48000000,12008000,4000000,8008000,4000000,0,0,0,4008000,1310225,1.3102
distribute_parallel_for_split_1500_1500_1000,1500,1000,0,2000,15006000,4503001,1000,30000000,12000000,4502000,1500000,3002000,1500000,0,0,0,1502000,510187,0.5102
distribute_parallel_for_split_1500_1500_1500,1500,1500,0,3000,22509000,6754501,1500,36000000,18000000,6753000,2250000,4503000,2250000,0,0,0,2253000,749277,0.7493
distribute_parallel_for_split_1500_1500_2000,1500,2000,0,4000,30012000,9006001,2000,42000000,24000000,9004000,3000000,6004000,3000000,0,0,0,3004000,984282,0.9843
distribute_parallel_for_split_1500_1500_2500,1500,2500,0,5000,37515000,11257501,2500,48000000,30000000,11255000,3750000,7505000,3750000,0,0,0,3755000,1254083,1.2541
distribute_parallel_for_split_1500_1500_3000,1500,3000,0,6000,45018000,13509001,3000,54000000,36000000,13506000,4500000,9006000,4500000,0,0,0,4506000,1485434,1.4854
distribute_parallel_for_split_1500_1500_3500,1500,3500,0,7000,52521000,15760501,3500,60000000,42000000,15757000,5250000,10507000,5250000,0,0,0,5257000,1733573,1.7336
distribute_parallel_for_split_1500_1500_4000,1500,4000,0,8000,60024000,18012001,4000,66000000,48000000,18008000,6000000,12008000,6000000,0,0,0,6008000,1968308,1.9683
distribute_parallel_for_split_1500_2000_1000,1500,1000,0,2000,20006000,6003001,1000,40000000,12000000,6002000,2000000,4002000,2000000,0,0,0,2002000,681757,0.6818
distribute_parallel_for_split_1500_2000_1500,1500,1500,0,3000,30009000,9004501,1500,48000000,18000000,9003000,3000000,6003000,3000000,0,0,0,3003000,1001054,1.0011
distribute_parallel_for_split_1500_2000_2000,1500,2000,0,4000,40012000,12006001,2000,56000000,24000000,12004000,4000000,8004000,4000000,0,0,0,4004000,1312991,1.3130
distribute_parallel_for_split_1500_2000_2500,1500,2500,0,5000,50015000,15007501,2500,64000000,30000000,15005000,5000000,10005000,5000000,0,0,0,5005000,1672030,1.6720
distribute_parallel_for_split_1500_2000_3000,1500,3000,0,6000,60018000,18009001,3000,72000000,36000000,18006000,6000000,12006000,6000000,0,0,0,6006000,1981648,1.9816
distribute_parallel_for_split_1500_2000_3500,1500,3500,0,7000,70021000,21010501,3500,80000000,42000000,21007000,7000000,14007000,7000000,0,0,0,7007000,2315474,2.3155
distribute_parallel_for_split_1500_2000_4000,1500,4000,0,8000,80024000,24012001,4000,88000000,48000000,24008000,8000000,16008000,8000000,0,0,0,8008000,2608631,2.6086
distribute_parallel_for_split_1500_2500_1000,1500,1000,0,2000,25006000,7503001,1000,50000000,12000000,7502000,2500000,5002000,2500000,0,0,0,2502000,855795,0.8558
distribute_parallel_for_split_1500_2500_1500,1500,1500,0,3000,37509000,11254501,1500,60000000,18000000,11253000,3750000,7503000,3750000,0,0,0,3753000,1251613,1.2516
distribute_parallel_for_split_1500_2500_2000,1500,2000,0,4000,50012000,15006001,2000,70000000,24000000,15004000,5000000,10004000,5000000,0,0,0,5004000,1640889,1.6409
distribute_parallel_for_split_1500_2500_2500,1500,2500,0,5000,62515000,18757501,2500,80000000,30000000,18755000,6250000,12505000,6250000,0,0,0,6255000,2083731,2.0837
distribute_parallel_for_split_1500_2500_3000,1500,3000,0,6000,75018000,22509001,3000,90000000,36000000,22506000,7500000,15006000,7500000,0,0,0,7506000,2475137,2.4751
distribute_parallel_for_split_1500_2500_3500,1500,3500,0,7000,87521000,26260501,3500,100000000,42000000,26257000,8750000,17507000,8750000,0,0,0,8757000,2892650,2.8927
distribute_parallel_for_split_1500_2500_4000,1500,4000,0,8000,100024000,30012001,4000,110000000,48000000,30008000,10000000,20008000,10000000,0,0,0,10008000,3254959,3.2550
distribute_parallel_for_split_1500_3000_1000,1500,1000,0,2000,30006000,9003001,1000,60000000,12000000,9002000,3000000,6002000,3000000,0,0,0,3002000,1025375,1.0254
distribute_parallel_for_split_1500_3000_1500,1500,1500,0,3000,45009000,13504501,1500,72000000,18000000,13503000,4500000,9003000,4500000,0,0,0,4503000,1498818,1.4988
distribute_parallel_for_split_1500_3000_2000,1500,2000,0,4000,60012000,18006001,2000,84000000,24000000,18004000,6000000,12004000,6000000,0,0,0,6004000,1969526,1.9695
distribute_parallel_for_split_1500_3000_2500,1500,2500,0,5000,75015000,22507501,2500,96000000,30000000,22505000,7500000,15005000,7500000,0,0,0,7505000,2494642,2.4946
distribute_parallel_for_split_1500_3000_3000,1500,3000,0,6000,90018000,27009001,3000,108000000,36000000,27006000,9000000,18006000,9000000,0,0,0,9006000,2976214,2.9762
distribute_parallel_for_split_1500_3000_3500,1500,3500,0,7000,105021000,31510501,3500,120000000,42000000,31507000,10500000,21007000,10500000,0,0,0,10507000,3461177,3.4612
distribute_parallel_for_split_1500_3000_4000,1500,4000,0,8000,120024000,36012001,4000,132000000,48000000,36008000,12000000,24008000,12000000,0,0,0,12008000,3927296,3.9273
distribute_parallel_for_split_1500_3500_1000,1500,1000,0,2000,35006000,10503001,1000,70000000,12000000,10502000,3500000,7002000,3500000,0,0,0,3502000,1191862,1.1919
distribute_parallel_for_split_1500_3500_1500,1500,1500,0,3000,52509000,15754501,1500,84000000,18000000,15753000,5250000,10503000,5250000,0,0,0,5253000,1748543,1.7485
distribute_parallel_for_split_1500_3500_2000,1500,2000,0,4000,70012000,21006001,2000,98000000,24000000,21004000,7000000,14004000,7000000,0,0,0,7004000,2293772,2.2938
distribute_parallel_for_split_1500_3500_2500,1500,2500,0,5000,87515000,26257501,2500,112000000,30000000,26255000,8750000,17505000,8750000,0,0,0,8755000,2928903,2.9289
distribute_parallel_for_split_1500_3500_3000,1500,3000,0,6000,105018000,31509001,3000,126000000,36000000,31506000,10500000,21006000,10500000,0,0,0,10506000,3478087,3.4781
distribute_parallel_for_split_1500_3500_3500,1500,3500,0,7000,122521000,36760501,3500,140000000,42000000,36757000,12250000,24507000,12250000,0,0,0,12257000,4053672,4.0537
distribute_parallel_for_split_1500_3500_4000,1500,4000,0,8000,140024000,42012001,4000,154000000,48000000,42008000,14000000,28008000,14000000,0,0,0,14008000,4568920,4.5689
distribute_parallel_for_split_1500_4000_1000,1500,1000,0,2000,40006000,12003001,1000,80000000,12000000,12002000,4000000,8002000,4000000,0,0,0,4002000,1364544,1.3645
distribute_parallel_for_split_1500_4000_1500,1500,1500,0,3000,60009000,18004501,1500,96000000,18000000,18003000,6000000,12003000,6000000,0,0,0,6003000,2003534,2.0035
distribute_parallel_for_split_1500_4000_2000,1500,2000,0,4000,80012000,24006001,2000,112000000,24000000,24004000,8000000,16004000,8000000,0,0,0,8004000,2626937,2.6269
distribute_parallel_for_split_1500_4000_2500,1500,2500,0,5000,100015000,30007501,2500,128000000,30000000,30005000,10000000,20005000,10000000,0,0,0,10005000,3342710,3.3427
distribute_parallel_for_split_1500_4000_3000,1500,3000,0,6000,120018000,36009001,3000,144000000,36000000,36006000,12000000,24006000,12000000,0,0,0,12006000,3963840,3.9638
distribute_parallel_for_split_1500_4000_3500,1500,3500,0,7000,140021000,42010501,3500,160000000,42000000,42007000,14000000,28007000,14000000,0,0,0,14007000,4626395,4.6264
distribute_parallel_for_split_1500_4000_4000,1500,4000,0,8000,160024000,48012001,4000,176000000,48000000,48008000,16000000,32008000,16000000,0,0,0,16008000,5210424,5.2104
distribute_parallel_for_split_1700_1200_1200,1700,1200,0,2400,14407200,4323601,1200,27840000,16320000,4322400,1440000,2882400,1440000,0,0,0,1442400,549419,0.5494
distribute_parallel_for_split_1700_1200_1700,1700,1700,0,3400,20410200,6125101,1700,32640000,23120000,6123400,2040000,4083400,2040000,0,0,0,2043400,771567,0.7716
distribute_parallel_for_split_1700_1200_2200,1700,2200,0,4400,26413200,7926601,2200,37440000,29920000,7924400,2640000,5284400,2640000,0,0,0,2644400,980776,0.9808
distribute_parallel_for_split_1700_1200_2700,1700,2700,0,5400,32416200,9728101,2700,42240000,36720000,9725400,3240000,6485400,3240000,0,0,0,3245400,1223996,1.2240
distribute_parallel_for_split_1700_1200_3200,1700,3200,0,6400,38419200,11529601,3200,47040000,43520000,11526400,3840000,7686400,3840000,0,0,0,3846400,1441064,1.4411
distribute_parallel_for_split_1700_1200_3700,1700,3700,0,7400,44422200,13331101,3700,51840000,50320000,13327400,4440000,8887400,4440000,0,0,0,4447400,1660750,1.6607
distribute_parallel_for_split_1700_1200_4200,1700,4200,0,8400,50425200,15132601,4200,56640000,57120000,15128400,5040000,10088400,5040000,0,0,0,5048400,1894067,1.8941
distribute_parallel_for_split_1700_1700_1200,1700,1200,0,2400,20407200,6123601,1200,39440000,16320000,6122400,2040000,4082400,2040000,0,0,0,2042400,777470,0.7775
distribute_parallel_for_split_1700_1700_1700,1700,1700,0,3400,28910200,8675101,1700,46240000,23120000,8673400,2890000,5783400,2890000,0,0,0,2893400,1089107,1.0891
distribute_parallel_for_split_1700_1700_2200,1700,2200,0,4400,37413200,11226601,2200,53040000,29920000,11224400,3740000,7484400,3740000,0,0,0,3744400,1392544,1.3925
distribute_parallel_for_split_1700_1700_2700,1700,2700,0,5400,45916200,13778101,2700,59840000,36720000,13775400,4590000,9185400,4590000,0,0,0,4595400,1730818,1.7308
distribute_parallel_for_split_1700_1700_3200,1700,3200,0,6400,54419200,16329601,3200,66640000,43520000,16326400,5440000,10886400,5440000,0,0,0,5446400,2044792,2.0448
distribute_parallel_for_split_1700_1700_3700,1700,3700,0,7400,62922200,18881101,3700,73440000,50320000,18877400,6290000,12587400,6290000,0,0,0,6297400,2362022,2.3620
distribute_parallel_for_split_1700_1700_4200,1700,4200,0,8400,71425200,21432601,4200,80240000,57120000,21428400,7140000,14288400,7140000,0,0,0,7148400,2700796,2.7008
distribute_parallel_for_split_1700_2200_1200,1700,1200,0,2400,26407200,7923601,1200,51040000,16320000,7922400,2640000,5282400,2640000,0,0,0,2642400,1004867,1.0049
distribute_parallel_for_split_1700_2200_1700,1700,1700,0,3400,37410200,11225101,1700,59840000,23120000,11223400,3740000,7483400,3740000,0,0,0,3743400,1411845,1.4118
distribute_parallel_for_split_1700_2200_2200,1700,2200,0,4400,48413200,14526601,2200,68640000,29920000,14524400,4840000,9684400,4840000,0,0,0,4844400,1803771,1.8038
distribute_parallel_for_split_1700_2200_2700,1700,2700,0,5400,59416200,17828101,2700,77440000,36720000,17825400,5940000,11885400,5940000,0,0,0,5945400,2290856,2.2909
distribute_parallel_for_split_1700_2200_3200,1700,3200,0,6400,70419200,21129601,3200,86240000,43520000,21126400,7040000,14086400,7040000,0,0,0,7046400,2605668,2.6057
distribute_parallel_for_split_1700_2200_3700,1700,3700,0,7400,81422200,24431101,3700,95040000,50320000,24427400,8140000,16287400,8140000,0,0,0,8147400,3050820,3.0508
distribute_parallel_for_split_1700_2200_4200,1700,4200,0,8400,92425200,27732601,4200,103840000,57120000,27728400,9240000,18488400,9240000,0,0,0,9248400,3443101,3.4431
distribute_parallel_for_split_1700_2700_1200,1700,1200,0,2400,32407200,9723601,1200,62640000,16320000,9722400,3240000,6482400,3240000,0,0,0,3242400,1234876,1.2349
distribute_parallel_for_split_1700_2700_1700,1700,1700,0,3400,45910200,13775101,1700,73440000,23120000,13773400,4590000,9183400,4590000,0,0,0,4593400,1737913,1.7379
distribute_parallel_for_split_1700_2700_2200,1700,2200,0,4400,59413200,17826601,2200,84240000,29920000,17824400,5940000,11884400,5940000,0,0,0,5944400,2214914,2.2149
distribute_parallel_for_split_1700_2700_2700,1700,2700,0,5400,72916200,21878101,2700,95040000,36720000,21875400,7290000,14585400,7290000,0,0,0,7295400,2782319,2.7823
distribute_parallel_for_split_1700_2700_3200,1700,3200,0,6400,86419200,25929601,3200,105840000,43520000,25926400,8640000,17286400,8640000,0,0,0,8646400,3250919,3.2509
distribute_parallel_for_split_1700_2700_3700,1700,3700,0,7400,99922200,29981101,3700,116640000,50320000,29977400,9990000,19987400,9990000,0,0,0,9997400,3715870,3.7159
distribute_parallel_for_split_1700_2700_4200,1700,4200,0,8400,113425200,34032601,4200,127440000,57120000,34028400,11340000,22688400,11340000,0,0,0,11348400,4223009,4.2230
distribute_parallel_for_split_1700_3200_1200,1700,1200,0,2400,38407200,11523601,1200,74240000,16320000,11522400,3840000,7682400,3840000,0,0,0,3842400,1466288,1.4663
distribute_parallel_for_split_1700_3200_1700,1700,1700,0,3400,54410200,16325101,1700,87040000,23120000,16323400,5440000,10883400,5440000,0,0,0,5443400,2047039,2.0470
distribute_parallel_for_split_1700_3200_2200,1700,2200,0,4400,70413200,21126601,2200,99840000,29920000,21124400,7040000,14084400,7040000,0,0,0,7044400,2618091,2.6181
distribute_parallel_for_split_1700_3200_2700,1700,2700,0,5400,86416200,25928101,2700,112640000,36720000,25925400,8640000,17285400,8640000,0,0,0,8645400,3279766,3.2798
distribute_parallel_for_split_1700_3200_3200,1700,3200,0,6400,102419200,30729601,3200,125440000,43520000,30726400,10240000,20486400,10240000,0,0,0,10246400,3851408,3.8514
distribute_parallel_for_split_1700_3200_3700,1700,3700,0,7400,118422200,35531101,3700,138240000,50320000,35527400,11840000,23687400,11840000,0,0,0,11847400,4434846,4.4348
distribute_parallel_for_split_1700_3200_4200,1700,4200,0,8400,134425200,40332601,4200,151040000,57120000,40328400,13440000,26888400,13440000,0,0,0,13448400,5011879,5.0119
distribute_parallel_for_split_1700_3700_1200,1700,1200,0,2400,44407200,13323601,1200,85840000,16320000,13322400,4440000,8882400,4440000,0,0,0,4442400,1697105,1.6971
distribute_parallel_for_split_1700_3700_1700,1700,1700,0,3400,62910200,18875101,1700,100640000,23120000,18873400,6290000,12583400,6290000,0,0,0,6293400,2377809,2.3778
distribute_parallel_for_split_1700_3700_2200,1700,2200,0,4400,81413200,24426601,2200,115440000,29920000,24424400,8140000,16284400,8140000,0,0,0,8144400,3041214,3.0412
distribute_parallel_for_split_1700_3700_2700,1700,2700,0,5400,99916200,29978101,2700,130240000,36720000,29975400,9990000,19985400,9990000,0,0,0,9995400,3865861,3.8659
distribute_parallel_for_split_1700_3700_3200,1700,3200,0,6400,118419200,35529601,3200,145040000,43520000,35526400,11840000,23686400,11840000,0,0,0,11846400,4389819,4.3898
distribute_parallel_for_split_1700_3700_3700,1700,3700,0,7400,136922200,41081101,3700,159840000,50320000,41077400,13690000,27387400,13690000,0,0,0,13697400,5098248,5.0982
distribute_parallel_for_split_1700_3700_4200,1700,4200,0,8400,155425200,46632601,4200,174640000,57120000,46628400,15540000,31088400,15540000,0,0,0,15548400,5835171,5.8352
distribute_parallel_for_split_1750_1250_1250,1750,1250,0,2500,15632500,4691251,1250,30000000,17500000,4690000,1562500,3127500,1562500,0,0,0,1565000,637400,0.6374
distribute_parallel_for_split_1750_1250_1750,1750,1750,0,3500,21885500,6567751,1750,35000000,24500000,6566000,2187500,4378500,2187500,0,0,0,2191000,831416,0.8314
distribute_parallel_for_split_1750_1250_2250,1750,2250,0,4500,28138500,8444251,2250,40000000,31500000,8442000,2812500,5629500,2812500,0,0,0,2817000,1071758,1.0718
distribute_parallel_for_split_1750_1250_2750,1750,2750,0,5500,34391500,10320751,2750,45000000,38500000,10318000,3437500,6880500,3437500,0,0,0,3443000,1301843,1.3018
distribute_parallel_for_split_1750_1250_3250,1750,3250,0,6500,40644500,12197251,3250,50000000,45500000,12194000,4062500,8131500,4062500,0,0,0,4069000,1514018,1.5140
distribute_parallel_for_split_1750_1250_3750,1750,3750,0,7500,46897500,14073751,3750,55000000,52500000,14070000,4687500,9382500,4687500,0,0,0,4695000,1754411,1.7544
distribute_parallel_for_split_1750_1250_4250,1750,4250,0,8500,53150500,15950251,4250,60000000,59500000,15946000,5312500,10633500,5312500,0,0,0,5321000,1979917,1.9799
distribute_parallel_for_split_1750_1750_1250,1750,1250,0,2500,21882500,6566251,1250,42000000,17500000,6565000,2187500,4377500,2187500,0,0,0,2190000,874042,0.8740
distribute_parallel_for_split_1750_1750_1750,1750,1750,0,3500,30635500,9192751,1750,49000000,24500000,9191000,3062500,6128500,3062500,0,0,0,3066000,1161541,1.1615
distribute_parallel_for_split_1750_1750_2250,1750,2250,0,4500,39388500,11819251,2250,56000000,31500000,11817000,3937500,7879500,3937500,0,0,0,3942000,1475845,1.4758
distribute_parallel_for_split_1750_1750_2750,1750,2750,0,5500,48141500,14445751,2750,63000000,38500000,14443000,4812500,9630500,4812500,0,0,0,4818000,1790259,1.7903
distribute_parallel_for_split_1750_1750_3250,1750,3250,0,6500,56894500,17072251,3250,70000000,45500000,17069000,5687500,11381500,5687500,0,0,0,5694000,2109651,2.1097
distribute_parallel_for_split_1750_1750_3750,1750,3750,0,7500,65647500,19698751,3750,77000000,52500000,19695000,6562500,13132500,6562500,0,0,0,6570000,2453972,2.4540
distribute_parallel_for_split_1750_1750_4250,1750,4250,0,8500,74400500,22325251,4250,84000000,59500000,22321000,7437500,14883500,7437500,0,0,0,7446000,2831835,2.8318
distribute_parallel_for_split_1750_2250_1250,1750,1250,0,2500,28132500,8441251,1250,54000000,17500000,8440000,2812500,5627500,2812500,0,0,0,2815000,1092161,1.0922
distribute_parallel_for_split_1750_2250_1750,1750,1750,0,3500,39385500,11817751,1750,63000000,24500000,11816000,3937500,7878500,3937500,0,0,0,3941000,1490234,1.4902
distribute_parallel_for_split_1750_2250_2250,1750,2250,0,4500,50638500,15194251,2250,72000000,31500000,15192000,5062500,10129500,5062500,0,0,0,5067000,1901843,1.9018
distribute_parallel_for_split_1750_2250_2750,1750,2750,0,5500,61891500,18570751,2750,81000000,38500000,18568000,6187500,12380500,6187500,0,0,0,6193000,2314962,2.3150
distribute_parallel_for_split_1750_2250_3250,1750,3250,0,6500,73144500,21947251,3250,90000000,45500000,21944000,7312500,14631500,7312500,0,0,0,7319000,2760871,2.7609
distribute_parallel_for_split_1750_2250_3750,1750,3750,0,7500,84397500,25323751,3750,99000000,52500000,25320000,8437500,16882500,8437500,0,0,0,8445000,3150914,3.1509
distribute_parallel_for_split_1750_2250_4250,1750,4250,0,8500,95650500,28700251,4250,108000000,59500000,28696000,9562500,19133500,9562500,0,0,0,9571000,3552824,3.5528
distribute_parallel_for_split_1750_2750_1250,1750,1250,0,2500,34382500,10316251,1250,66000000,17500000,10315000,3437500,6877500,3437500,0,0,0,3440000,1339681,1.3397
distribute_parallel_for_split_1750_2750_1750,1750,1750,0,3500,48135500,14442751,1750,77000000,24500000,14441000,4812500,9628500,4812500,0,0,0,4816000,1816426,1.8164
distribute_parallel_for_split_1750_2750_2250,1750,2250,0,4500,61888500,18569251,2250,88000000,31500000,18567000,6187500,12379500,6187500,0,0,0,6192000,2321175,2.3212
distribute_parallel_for_split_1750_2750_2750,1750,2750,0,5500,75641500,22695751,2750,99000000,38500000,22693000,7562500,15130500,7562500,0,0,0,7568000,2837366,2.8374
distribute_parallel_for_split_1750_2750_3250,1750,3250,0,6500,89394500,26822251,3250,110000000,45500000,26819000,8937500,17881500,8937500,0,0,0,8944000,3351344,3.3513
distribute_parallel_for_split_1750_2750_3750,1750,3750,0,7500,103147500,30948751,3750,121000000,52500000,30945000,10312500,20632500,10312500,0,0,0,10320000,4008896,4.0089
distribute_parallel_for_split_1750_2750_4250,1750,4250,0,8500,116900500,35075251,4250,132000000,59500000,35071000,11687500,23383500,11687500,0,0,0,11696000,4341944,4.3419
distribute_parallel_for_split_1750_3250_1250,1750,1250,0,2500,40632500,12191251,1250,78000000,17500000,12190000,4062500,8127500,4062500,0,0,0,4065000,1579807,1.5798
distribute_parallel_for_split_1750_3250_1750,1750,1750,0,3500,56885500,17067751,1750,91000000,24500000,17066000,5687500,11378500,5687500,0,0,0,5691000,2176912,2.1769
distribute_parallel_for_split_1750_3250_2250,1750,2250,0,4500,73138500,21944251,2250,104000000,31500000,21942000,7312500,14629500,7312500,0,0,0,7317000,2748310,2.7483
distribute_parallel_for_split_1750_3250_2750,1750,2750,0,5500,89391500,26820751,2750,117000000,38500000,26818000,8937500,17880500,8937500,0,0,0,8943000,3314037,3.3140
distribute_parallel_for_split_1750_3250_3250,1750,3250,0,6500,105644500,31697251,3250,130000000,45500000,31694000,10562500,21131500,10562500,0,0,0,10569000,3984623,3.9846
distribute_parallel_for_split_1750_3250_3750,1750,3750,0,7500,121897500,36573751,3750,143000000,52500000,36570000,12187500,24382500,12187500,0,0,0,12195000,4559542,4.5595
distribute_parallel_for_split_1750_3250_4250,1750,4250,0,8500,138150500,41450251,4250,156000000,59500000,41446000,13812500,27633500,13812500,0,0,0,13821000,5117308,5.1173
distribute_parallel_for_split_1750_3750_1250,1750,1250,0,2500,46882500,14066251,1250,90000000,17500000,14065000,4687500,9377500,4687500,0,0,0,4690000,1821558,1.8216
distribute_parallel_for_split_1750_3750_1750,1750,1750,0,3500,65635500,19692751,1750,105000000,24500000,19691000,6562500,13128500,6562500,0,0,0,6566000,2483498,2.4835
distribute_parallel_for_split_1750_3750_2250,1750,2250,0,4500,84388500,25319251,2250,120000000,31500000,25317000,8437500,16879500,8437500,0,0,0,8442000,3160236,3.1602
distribute_parallel_for_split_1750_3750_2750,1750,2750,0,5500,103141500,30945751,2750,135000000,38500000,30943000,10312500,20630500,10312500,0,0,0,10318000,3852635,3.8526
distribute_parallel_for_split_1750_3750_3250,1750,3250,0,6500,121894500,36572251,3250,150000000,45500000,36569000,12187500,24381500,12187500,0,0,0,12194000,4589885,4.5899
distribute_parallel_for_split_1750_3750_3750,1750,3750,0,7500,140647500,42198751,3750,165000000,52500000,42195000,14062500,28132500,14062500,0,0,0,14070000,5332605,5.3326
distribute_parallel_for_split_1750_3750_4250,1750,4250,0,8500,159400500,47825251,4250,180000000,59500000,47821000,15937500,31883500,15937500,0,0,0,15946000,5943665,5.9437
distribute_parallel_for_split_1750_4250_1250,1750,1250,0,2500,53132500,15941251,1250,102000000,17500000,15940000,5312500,10627500,5312500,0,0,0,5315000,2066424,2.0664
distribute_parallel_for_split_1750_4250_1750,1750,1750,0,3500,74385500,22317751,1750,119000000,24500000,22316000,7437500,14878500,7437500,0,0,0,7441000,2847677,2.8477
distribute_parallel_for_split_1750_4250_2250,1750,2250,0,4500,95638500,28694251,2250,136000000,31500000,28692000,9562500,19129500,9562500,0,0,0,9567000,3596732,3.5967
distribute_parallel_for_split_1750_4250_2750,1750,2750,0,5500,116891500,35070751,2750,153000000,38500000,35068000,11687500,23380500,11687500,0,0,0,11693000,4343810,4.3438
distribute_parallel_for_split_1750_4250_3250,1750,3250,0,6500,138144500,41447251,3250,170000000,45500000,41444000,13812500,27631500,13812500,0,0,0,13819000,5128132,5.1281
distribute_parallel_for_split_1750_4250_3750,1750,3750,0,7500,159397500,47823751,3750,187000000,52500000,47820000,15937500,31882500,15937500,0,0,0,15945000,6013860,6.0139
distribute_parallel_for_split_1750_4250_4250,1750,4250,0,8500,180650500,54200251,4250,204000000,59500000,54196000,18062500,36133500,18062500,0,0,0,18071000,6710014,6.7100
distribute_parallel_for_split_1900_1400_1400,1900,1400,0,2800,19608400,5884201,1400,36960000,21280000,5882800,1960000,3922800,1960000,0,0,0,1962800,826140,0.8261
distribute_parallel_for_split_1900_1400_1900,1900,1900,0,3800,26611400,7985701,1900,42560000,28880000,7983800,2660000,5323800,2660000,0,0,0,2663800,1118248,1.1182
distribute_parallel_for_split_1900_1400_2400,1900,2400,0,4800,33614400,10087201,2400,48160000,36480000,10084800,3360000,6724800,3360000,0,0,0,3364800,1384252,1.3843
distribute_parallel_for_split_1900_1400_2900,1900,2900,0,5800,40617400,12188701,2900,53760000,44080000,12185800,4060000,8125800,4060000,0,0,0,4065800,1711937,1.7119
distribute_parallel_for_split_1900_1400_3400,1900,3400,0,6800,47620400,14290201,3400,59360000,51680000,14286800,4760000,9526800,4760000,0,0,0,4766800,2006486,2.0065
distribute_parallel_for_split_1900_1400_3900,1900,3900,0,7800,54623400,16391701,3900,64960000,59280000,16387800,5460000,10927800,5460000,0,0,0,5467800,2283037,2.2830
distribute_parallel_for_split_1900_1400_900,1900,900,0,1800,12605400,3782701,900,31360000,13680000,3781800,1260000,2521800,1260000,0,0,0,1261800,550354,0.5504
distribute_parallel_for_split_1900_1900_1400,1900,1400,0,2800,26608400,7984201,1400,50160000,21280000,7982800,2660000,5322800,2660000,0,0,0,2662800,1140334,1.1403
distribute_parallel_for_split_1900_1900_1900,1900,1900,0,3800,36111400,10835701,1900,57760000,28880000,10833800,3610000,7223800,3610000,0,0,0,3613800,1507697,1.5077
distribute_parallel_for_split_1900_1900_2400,1900,2400,0,4800,45614400,13687201,2400,65360000,36480000,13684800,4560000,9124800,4560000,0,0,0,4564800,1877316,1.8773
distribute_parallel_for_split_1900_1900_2900,1900,2900,0,5800,55117400,16538701,2900,72960000,44080000,16535800,5510000,11025800,5510000,0,0,0,5515800,2305164,2.3052
distribute_parallel_for_split_1900_1900_3400,1900,3400,0,6800,64620400,19390201,3400,80560000,51680000,19386800,6460000,12926800,6460000,0,0,0,6466800,2697622,2.6976
distribute_parallel_for_split_1900_1900_3900,1900,3900,0,7800,74123400,22241701,3900,88160000,59280000,22237800,7410000,14827800,7410000,0,0,0,7417800,3087965,3.0880
distribute_parallel_for_split_1900_1900_900,1900,900,0,1800,17105400,5132701,900,42560000,13680000,5131800,1710000,3421800,1710000,0,0,0,1711800,743884,0.7439
distribute_parallel_for_split_1900_2400_1400,1900,1400,0,2800,33608400,10084201,1400,63360000,21280000,10082800,3360000,6722800,3360000,0,0,0,3362800,1450574,1.4506
distribute_parallel_for_split_1900_2400_1900,1900,1900,0,3800,45611400,13685701,1900,72960000,28880000,13683800,4560000,9123800,4560000,0,0,0,4563800,1898639,1.8986
distribute_parallel_for_split_1900_2400_2400,1900,2400,0,4800,57614400,17287201,2400,82560000,36480000,17284800,5760000,11524800,5760000,0,0,0,5764800,2362436,2.3624
distribute_parallel_for_split_1900_2400_2900,1900,2900,0,5800,69617400,20888701,2900,92160000,44080000,20885800,6960000,13925800,6960000,0,0,0,6965800,2922541,2.9225
distribute_parallel_for_split_1900_2400_3400,1900,3400,0,6800,81620400,24490201,3400,101760000,51680000,24486800,8160000,16326800,8160000,0,0,0,8166800,3417478,3.4175
distribute_parallel_for_split_1900_2400_3900,1900,3900,0,7800,93623400,28091701,3900,111360000,59280000,28087800,9360000,18727800,9360000,0,0,0,9367800,3895754,3.8958
distribute_parallel_for_split_1900_2400_900,1900,900,0,1800,21605400,6482701,900,53760000,13680000,6481800,2160000,4321800,2160000,0,0,0,2161800,943504,0.9435
distribute_parallel_for_split_1900_2900_1400,1900,1400,0,2800,40608400,12184201,1400,76560000,21280000,12182800,4060000,8122800,4060000,0,0,0,4062800,1720320,1.7203
distribute_parallel_for_split_1900_2900_1900,1900,1900,0,3800,55111400,16535701,1900,88160000,28880000,16533800,5510000,11023800,5510000,0,0,0,5513800,2296875,2.2969
distribute_parallel_for_split_1900_2900_2400,1900,2400,0,4800,69614400,20887201,2400,99760000,36480000,20884800,6960000,13924800,6960000,0,0,0,6964800,2901261,2.9013
distribute_parallel_for_split_1900_2900_2900,1900,2900,0,5800,84117400,25238701,2900,111360000,44080000,25235800,8410000,16825800,8410000,0,0,0,8415800,3498794,3.4988
distribute_parallel_for_split_1900_2900_3400,1900,3400,0,6800,98620400,29590201,3400,122960000,51680000,29586800,9860000,19726800,9860000,0,0,0,9866800,4149383,4.1494
distribute_parallel_for_split_1900_2900_3900,1900,3900,0,7800,113123400,33941701,3900,134560000,59280000,33937800,11310000,22627800,11310000,0,0,0,11317800,4694027,4.6940
distribute_parallel_for_split_1900_2900_900,1900,900,0,1800,26105400,7832701,900,64960000,13680000,7831800,2610000,5221800,2610000,0,0,0,2611800,1140761,1.1408
distribute_parallel_for_split_1900_3400_1400,1900,1400,0,2800,47608400,14284201,1400,89760000,21280000,14282800,4760000,9522800,4760000,0,0,0,4762800,2002958,2.0030
distribute_parallel_for_split_1900_3400_1900,1900,1900,0,3800,64611400,19385701,1900,103360000,28880000,19383800,6460000,12923800,6460000,0,0,0,6463800,2706217,2.7062
distribute_parallel_for_split_1900_3400_2400,1900,2400,0,4800,81614400,24487201,2400,116960000,36480000,24484800,8160000,16324800,8160000,0,0,0,8164800,3458674,3.4587
distribute_parallel_for_split_1900_3400_2900,1900,2900,0,5800,98617400,29588701,2900,130560000,44080000,29585800,9860000,19725800,9860000,0,0,0,9865800,4109810,4.1098
distribute_parallel_for_split_1900_3400_3400,1900,3400,0,6800,115620400,34690201,3400,144160000,51680000,34686800,11560000,23126800,11560000,0,0,0,11566800,4851236,4.8512
distribute_parallel_for_split_1900_3400_3900,1900,3900,0,7800,132623400,39791701,3900,157760000,59280000,39787800,13260000,26527800,13260000,0,0,0,13267800,5514593,5.5146
distribute_parallel_for_split_1900_3400_900,1900,900,0,1800,30605400,9182701,900,76160000,13680000,9181800,3060000,6121800,3060000,0,0,0,3061800,1341145,1.3411
distribute_parallel_for_split_1900_3900_1400,1900,1400,0,2800,54608400,16384201,1400,102960000,21280000,16382800,5460000,10922800,5460000,0,0,0,5462800,2310366,2.3104
distribute_parallel_for_split_1900_3900_1900,1900,1900,0,3800,74111400,22235701,1900,118560000,28880000,22233800,7410000,14823800,7410000,0,0,0,7413800,3113945,3.1139
distribute_parallel_for_split_1900_3900_2400,1900,2400,0,4800,93614400,28087201,2400,134160000,36480000,28084800,9360000,18724800,9360000,0,0,0,9364800,3835719,3.8357
distribute_parallel_for_split_1900_3900_2900,1900,2900,0,5800,113117400,33938701,2900,149760000,44080000,33935800,11310000,22625800,11310000,0,0,0,11315800,4726722,4.7267
distribute_parallel_for_split_1900_3900_3400,1900,3400,0,6800,132620400,39790201,3400,165360000,51680000,39786800,13260000,26526800,13260000,0,0,0,13266800,5528396,5.5284
distribute_parallel_for_split_1900_3900_3900,1900,3900,0,7800,152123400,45641701,3900,180960000,59280000,45637800,15210000,30427800,15210000,0,0,0,15217800,6319722,6.3197
distribute_parallel_for_split_1900_3900_900,1900,900,0,1800,35105400,10532701,900,87360000,13680000,10531800,3510000,7021800,3510000,0,0,0,3511800,1534542,1.5345
distribute_parallel_for_split_1900_900_1400,1900,1400,0,2800,12608400,3784201,1400,23760000,21280000,3782800,1260000,2522800,1260000,0,0,0,1262800,534745,0.5347
distribute_parallel_for_split_1900_900_1900,1900,1900,0,3800,17111400,5135701,1900,27360000,28880000,5133800,1710000,3423800,1710000,0,0,0,1713800,714144,0.7141
distribute_parallel_for_split_1900_900_2400,1900,2400,0,4800,21614400,6487201,2400,30960000,36480000,6484800,2160000,4324800,2160000,0,0,0,2164800,892514,0.8925
distribute_parallel_for_split_1900_900_2900,1900,2900,0,5800,26117400,7838701,2900,34560000,44080000,7835800,2610000,5225800,2610000,0,0,0,2615800,1100193,1.1002
distribute_parallel_for_split_1900_900_3400,1900,3400,0,6800,30620400,9190201,3400,38160000,51680000,9186800,3060000,6126800,3060000,0,0,0,3066800,1276277,1.2763
distribute_parallel_for_split_1900_900_3900,1900,3900,0,7800,35123400,10541701,3900,41760000,59280000,10537800,3510000,7027800,3510000,0,0,0,3517800,1470807,1.4708
distribute_parallel_for_split_1900_900_900,1900,900,0,1800,8105400,2432701,900,20160000,13680000,2431800,810000,1621800,810000,0,0,0,811800,364973,0.3650
distribute_parallel_for_split_2000_1000_1000,2000,1000,0,2000,10006000,3003001,1000,24000000,16000000,3002000,1000000,2002000,1000000,0,0,0,1002000,434117,0.4341
distribute_parallel_for_split_2000_1000_1500,2000,1500,0,3000,15009000,4504501,1500,28000000,24000000,4503000,1500000,3003000,1500000,0,0,0,1503000,634001,0.6340
distribute_parallel_for_split_2000_1000_2000,2000,2000,0,4000,20012000,6006001,2000,32000000,32000000,6004000,2000000,4004000,2000000,0,0,0,2004000,834000,0.8340
distribute_parallel_for_split_2000_1000_2500,2000,2500,0,5000,25015000,7507501,2500,36000000,40000000,7505000,2500000,5005000,2500000,0,0,0,2505000,1064267,1.0643
distribute_parallel_for_split_2000_1000_3000,2000,3000,0,6000,30018000,9009001,3000,40000000,48000000,9006000,3000000,6006000,3000000,0,0,0,3006000,1260096,1.2601
distribute_parallel_for_split_2000_1000_3500,2000,3500,0,7000,35021000,10510501,3500,44000000,56000000,10507000,3500000,7007000,3500000,0,0,0,3507000,1464789,1.4648
distribute_parallel_for_split_2000_1000_4000,2000,4000,0,8000,40024000,12012001,4000,48000000,64000000,12008000,4000000,8008000,4000000,0,0,0,4008000,1654381,1.6544
distribute_parallel_for_split_2000_1500_1000,2000,1000,0,2000,15006000,4503001,1000,36000000,16000000,4502000,1500000,3002000,1500000,0,0,0,1502000,649371,0.6494
distribute_parallel_for_split_2000_1500_1500,2000,1500,0,3000,22509000,6754501,1500,42000000,24000000,6753000,2250000,4503000,2250000,0,0,0,2253000,947216,0.9472
distribute_parallel_for_split_2000_1500_2000,2000,2000,0,4000,30012000,9006001,2000,48000000,32000000,9004000,3000000,6004000,3000000,0,0,0,3004000,1248051,1.2481
distribute_parallel_for_split_2000_1500_2500,2000,2500,0,5000,37515000,11257501,2500,54000000,40000000,11255000,3750000,7505000,3750000,0,0,0,3755000,1594439,1.5944
distribute_parallel_for_split_2000_1500_3000,2000,3000,0,6000,45018000,13509001,3000,60000000,48000000,13506000,4500000,9006000,4500000,0,0,0,4506000,1878363,1.8784
distribute_parallel_for_split_2000_1500_3500,2000,3500,0,7000,52521000,15760501,3500,66000000,56000000,15757000,5250000,10507000,5250000,0,0,0,5257000,2202982,2.2030
distribute_parallel_for_split_2000_1500_4000,2000,4000,0,8000,60024000,18012001,4000,72000000,64000000,18008000,6000000,12008000,6000000,0,0,0,6008000,2474028,2.4740
distribute_parallel_for_split_2000_2000_1000,2000,1000,0,2000,20006000,6003001,1000,48000000,16000000,6002000,2000000,4002000,2000000,0,0,0,2002000,862555,0.8626
distribute_parallel_for_split_2000_2000_1500,2000,1500,0,3000,30009000,9004501,1500,56000000,24000000,9003000,3000000,6003000,3000000,0,0,0,3003000,1265548,1.2655
distribute_parallel_for_split_2000_2000_2000,2000,2000,0,4000,40012000,12006001,2000,64000000,32000000,12004000,4000000,8004000,4000000,0,0,0,4004000,1659943,1.6599
distribute_parallel_for_split_2000_2000_2500,2000,2500,0,5000,50015000,15007501,2500,72000000,40000000,15005000,5000000,10005000,5000000,0,0,0,5005000,2125961,2.1260
distribute_parallel_for_split_2000_2000_3000,2000,3000,0,6000,60018000,18009001,3000,80000000,48000000,18006000,6000000,12006000,6000000,0,0,0,6006000,2507518,2.5075
distribute_parallel_for_split_2000_2000_3500,2000,3500,0,7000,70021000,21010501,3500,88000000,56000000,21007000,7000000,14007000,7000000,0,0,0,7007000,2925686,2.9257
distribute_parallel_for_split_2000_2000_4000,2000,4000,0,8000,80024000,24012001,4000,96000000,64000000,24008000,8000000,16008000,8000000,0,0,0,8008000,3312179,3.3122
distribute_parallel_for_split_2000_2500_1000,2000,1000,0,2000,25006000,7503001,1000,60000000,16000000,7502000,2500000,5002000,2500000,0,0,0,2502000,1081607,1.0816
distribute_parallel_for_split_2000_2500_1500,2000,1500,0,3000,37509000,11254501,1500,70000000,24000000,11253000,3750000,7503000,3750000,0,0,0,3753000,1584355,1.5844
distribute_parallel_for_split_2000_2500_2000,2000,2000,0,4000,50012000,15006001,2000,80000000,32000000,15004000,5000000,10004000,5000000,0,0,0,5004000,2077818,2.0778
distribute_parallel_for_split_2000_2500_2500,2000,2500,0,5000,62515000,18757501,2500,90000000,40000000,18755000,6250000,12505000,6250000,0,0,0,6255000,2655248,2.6552
distribute_parallel_for_split_2000_2500_3000,2000,3000,0,6000,75018000,22509001,3000,100000000,48000000,22506000,7500000,15006000,7500000,0,0,0,7506000,3144962,3.1450
distribute_parallel_for_split_2000_2500_3500,2000,3500,0,7000,87521000,26260501,3500,110000000,56000000,26257000,8750000,17507000,8750000,0,0,0,8757000,3656731,3.6567
distribute_parallel_for_split_2000_2500_4000,2000,4000,0,8000,100024000,30012001,4000,120000000,64000000,30008000,10000000,20008000,10000000,0,0,0,10008000,4127332,4.1273
distribute_parallel_for_split_2000_3000_1000,2000,1000,0,2000,30006000,9003001,1000,72000000,16000000,9002000,3000000,6002000,3000000,0,0,0,3002000,1296935,1.2969
distribute_parallel_for_split_2000_3000_1500,2000,1500,0,3000,45009000,13504501,1500,84000000,24000000,13503000,4500000,9003000,4500000,0,0,0,4503000,1896207,1.8962
distribute_parallel_for_split_2000_3000_2000,2000,2000,0,4000,60012000,18006001,2000,96000000,32000000,18004000,6000000,12004000,6000000,0,0,0,6004000,2488641,2.4886
distribute_parallel_for_split_2000_3000_2500,2000,2500,0,5000,75015000,22507501,2500,108000000,40000000,22505000,7500000,15005000,7500000,0,0,0,7505000,3164454,3.1645
distribute_parallel_for_split_2000_3000_3000,2000,3000,0,6000,90018000,27009001,3000,120000000,48000000,27006000,9000000,18006000,9000000,0,0,0,9006000,3768266,3.7683
distribute_parallel_for_split_2000_3000_3500,2000,3500,0,7000,105021000,31510501,3500,132000000,56000000,31507000,10500000,21007000,10500000,0,0,0,10507000,4384273,4.3843
distribute_parallel_for_split_2000_3000_4000,2000,4000,0,8000,120024000,36012001,4000,144000000,64000000,36008000,12000000,24008000,12000000,0,0,0,12008000,4949099,4.9491
distribute_parallel_for_split_2000_3500_1000,2000,1000,0,2000,35006000,10503001,1000,84000000,16000000,10502000,3500000,7002000,3500000,0,0,0,3502000,1518143,1.5181
distribute_parallel_for_split_2000_3500_1500,2000,1500,0,3000,52509000,15754501,1500,98000000,24000000,15753000,5250000,10503000,5250000,0,0,0,5253000,2210363,2.2104
distribute_parallel_for_split_2000_3500_2000,2000,2000,0,4000,70012000,21006001,2000,112000000,32000000,21004000,7000000,14004000,7000000,0,0,0,7004000,2904713,2.9047
distribute_parallel_for_split_2000_3500_2500,2000,2500,0,5000,87515000,26257501,2500,126000000,40000000,26255000,8750000,17505000,8750000,0,0,0,8755000,3704807,3.7048
distribute_parallel_for_split_2000_3500_3000,2000,3000,0,6000,105018000,31509001,3000,140000000,48000000,31506000,10500000,21006000,10500000,0,0,0,10506000,4389119,4.3891
distribute_parallel_for_split_2000_3500_3500,2000,3500,0,7000,122521000,36760501,3500,154000000,56000000,36757000,12250000,24507000,12250000,0,0,0,12257000,5138111,5.1381
distribute_parallel_for_split_2000_3500_4000,2000,4000,0,8000,140024000,42012001,4000,168000000,64000000,42008000,14000000,28008000,14000000,0,0,0,14008000,5771507,5.7715
distribute_parallel_for_split_2000_4000_1000,2000,1000,0,2000,40006000,12003001,1000,96000000,16000000,12002000,4000000,8002000,4000000,0,0,0,4002000,1727285,1.7273
distribute_parallel_for_split_2000_4000_1500,2000,1500,0,3000,60009000,18004501,1500,112000000,24000000,18003000,6000000,12003000,6000000,0,0,0,6003000,2527800,2.5278
distribute_parallel_for_split_2000_4000_2000,2000,2000,0,4000,80012000,24006001,2000,128000000,32000000,24004000,8000000,16004000,8000000,0,0,0,8004000,3327215,3.3272
distribute_parallel_for_split_2000_4000_2500,2000,2500,0,5000,100015000,30007501,2500,144000000,40000000,30005000,10000000,20005000,10000000,0,0,0,10005000,4225494,4.2255
distribute_parallel_for_split_2000_4000_3000,2000,3000,0,6000,120018000,36009001,3000,160000000,48000000,36006000,12000000,24006000,12000000,0,0,0,12006000,4997662,4.9977
distribute_parallel_for_split_2000_4000_3500,2000,3500,0,7000,140021000,42010501,3500,176000000,56000000,42007000,14000000,28007000,14000000,0,0,0,14007000,5849683,5.8497
distribute_parallel_for_split_2000_4000_4000,2000,4000,0,8000,160024000,48012001,4000,192000000,64000000,48008000,16000000,32008000,16000000,0,0,0,16008000,6615549,6.6155
distribute_parallel_for_split_200_100_100,200,100,0,200,100600,30301,100,240000,160000,30200,10000,20200,10000,0,0,0,10200,2396,0.0024
distribute_parallel_for_split_200_100_200,200,200,0,400,201200,60601,200,320000,320000,60400,20000,40400,20000,0,0,0,20400,2556,0.0026
distribute_parallel_for_split_200_100_300,200,300,0,600,301800,90901,300,400000,480000,90600,30000,60600,30000,0,0,0,30600,3480,0.0035
distribute_parallel_for_split_200_100_400,200,400,0,800,402400,121201,400,480000,640000,120800,40000,80800,40000,0,0,0,40800,4515,0.0045
distribute_parallel_for_split_200_100_500,200,500,0,1000,503000,151501,500,560000,800000,151000,50000,101000,50000,0,0,0,51000,4955,0.0050
distribute_parallel_for_split_200_100_600,200,600,0,1200,603600,181801,600,640000,960000,181200,60000,121200,60000,0,0,0,61200,5224,0.0052
distribute_parallel_for_split_200_100_700,200,700,0,1400,704200,212101,700,720000,1120000,211400,70000,141400,70000,0,0,0,71400,5234,0.0052
distribute_parallel_for_split_200_100_800,200,800,0,1600,804800,242401,800,800000,1280000,241600,80000,161600,80000,0,0,0,81600,47077,0.0471
distribute_parallel_for_split_200_100_900,200,900,0,1800,905400,272701,900,880000,1440000,271800,90000,181800,90000,0,0,0,91800,6076,0.0061
distribute_parallel_for_split_200_200_100,200,100,0,200,200600,60301,100,480000,160000,60200,20000,40200,20000,0,0,0,20200,2961,0.0030
distribute_parallel_for_split_200_200_200,200,200,0,400,401200,120601,200,640000,320000,120400,40000,80400,40000,0,0,0,40400,4027,0.0040
distribute_parallel_for_split_200_200_300,200,300,0,600,601800,180901,300,800000,480000,180600,60000,120600,60000,0,0,0,60600,5565,0.0056
distribute_parallel_for_split_200_200_400,200,400,0,800,802400,241201,400,960000,640000,240800,80000,160800,80000,0,0,0,80800,5885,0.0059
distribute_parallel_for_split_200_200_500,200,500,0,1000,1003000,301501,500,1120000,800000,301000,100000,201000,100000,0,0,0,101000,7506,0.0075
distribute_parallel_for_split_200_200_600,200,600,0,1200,1203600,361801,600,1280000,960000,361200,120000,241200,120000,0,0,0,121200,8082,0.0081
distribute_parallel_for_split_200_200_700,200,700,0,1400,1404200,422101,700,1440000,1120000,421400,140000,281400,140000,0,0,0,141400,9003,0.0090
distribute_parallel_for_split_200_200_800,200,800,0,1600,1604800,482401,800,1600000,1280000,481600,160000,321600,160000,0,0,0,161600,10397,0.0104
distribute_parallel_for_split_200_200_900,200,900,0,1800,1805400,542701,900,1760000,1440000,541800,180000,361800,180000,0,0,0,181800,10836,0.0108
distribute_parallel_for_split_200_300_100,200,100,0,200,300600,90301,100,720000,160000,90200,30000,60200,30000,0,0,0,30200,3890,0.0039
distribute_parallel_for_split_200_300_200,200,200,0,400,601200,180601,200,960000,320000,180400,60000,120400,60000,0,0,0,60400,5627,0.0056
distribute_parallel_for_split_200_300_300,200,300,0,600,901800,270901,300,1200000,480000,270600,90000,180600,90000,0,0,0,90600,6529,0.0065
distribute_parallel_for_split_200_300_400,200,400,0,800,1202400,361201,400,1440000,640000,360800,120000,240800,120000,0,0,0,120800,8606,0.0086
distribute_parallel_for_split_200_300_500,200,500,0,1000,1503000,451501,500,1680000,800000,451000,150000,301000,150000,0,0,0,151000,10074,0.0101
distribute_parallel_for_split_200_300_600,200,600,0,1200,1803600,541801,600,1920000,960000,541200,180000,361200,180000,0,0,0,181200,11613,0.0116
distribute_parallel_for_split_200_300_700,200,700,0,1400,2104200,632101,700,2160000,1120000,631400,210000,421400,210000,0,0,0,211400,12002,0.0120
distribute_parallel_for_split_200_300_800,200,800,0,1600,2404800,722401,800,2400000,1280000,721600,240000,481600,240000,0,0,0,241600,13236,0.0132
distribute_parallel_for_split_200_300_900,200,900,0,1800,2705400,812701,900,2640000,1440000,811800,270000,541800,270000,0,0,0,271800,15932,0.0159
distribute_parallel_for_split_200_400_100,200,100,0,200,400600,120301,100,960000,160000,120200,40000,80200,40000,0,0,0,40200,5454,0.0055
distribute_parallel_for_split_200_400_200,200,200,0,400,801200,240601,200,1280000,320000,240400,80000,160400,80000,0,0,0,80400,6803,0.0068
distribute_parallel_for_split_200_400_300,200,300,0,600,1201800,360901,300,1600000,480000,360600,120000,240600,120000,0,0,0,120600,9060,0.0091
distribute_parallel_for_split_200_400_400,200,400,0,800,1602400,481201,400,1920000,640000,480800,160000,320800,160000,0,0,0,160800,10932,0.0109
distribute_parallel_for_split_200_400_500,200,500,0,1000,2003000,601501,500,2240000,800000,601000,200000,401000,200000,0,0,0,201000,12490,0.0125
distribute_parallel_for_split_200_400_600,200,600,0,1200,2403600,721801,600,2560000,960000,721200,240000,481200,240000,0,0,0,241200,39814,0.0398
distribute_parallel_for_split_200_400_700,200,700,0,1400,2804200,842101,700,2880000,1120000,841400,280000,561400,280000,0,0,0,281400,16860,0.0169
distribute_parallel_for_split_200_400_800,200,800,0,1600,3204800,962401,800,3200000,1280000,961600,320000,641600,320000,0,0,0,321600,20405,0.0204
distribute_parallel_for_split_200_400_900,200,900,0,1800,3605400,1082701,900,3520000,1440000,1081800,360000,721800,360000,0,0,0,361800,20071,0.0201
distribute_parallel_for_split_200_500_100,200,100,0,200,500600,150301,100,1200000,160000,150200,50000,100200,50000,0,0,0,50200,33844,0.0338
distribute_parallel_for_split_200_500_200,200,200,0,400,1001200,300601,200,1600000,320000,300400,100000,200400,100000,0,0,0,100400,16871,0.0169
distribute_parallel_for_split_200_500_300,200,300,0,600,1501800,450901,300,2000000,480000,450600,150000,300600,150000,0,0,0,150600,16892,0.0169
distribute_parallel_for_split_200_500_400,200,400,0,800,2002400,601201,400,2400000,640000,600800,200000,400800,200000,0,0,0,200800,13340,0.0133
distribute_parallel_for_split_200_500_500,200,500,0,1000,2503000,751501,500,2800000,800000,751000,250000,501000,250000,0,0,0,251000,15534,0.0155
distribute_parallel_for_split_200_500_600,200,600,0,1200,3003600,901801,600,3200000,960000,901200,300000,601200,300000,0,0,0,301200,20439,0.0204
distribute_parallel_for_split_200_500_700,200,700,0,1400,3504200,1052101,700,3600000,1120000,1051400,350000,701400,350000,0,0,0,351400,19972,0.0200
distribute_parallel_for_split_200_500_800,200,800,0,1600,4004800,1202401,800,4000000,1280000,1201600,400000,801600,400000,0,0,0,401600,24168,0.0242
distribute_parallel_for_split_200_500_900,200,900,0,1800,4505400,1352701,900,4400000,1440000,1351800,450000,901800,450000,0,0,0,451800,24839,0.0248
distribute_parallel_for_split_200_600_100,200,100,0,200,600600,180301,100,1440000,160000,180200,60000,120200,60000,0,0,0,60200,6790,0.0068
distribute_parallel_for_split_200_600_200,200,200,0,400,1201200,360601,200,1920000,320000,360400,120000,240400,120000,0,0,0,120400,10130,0.0101
distribute_parallel_for_split_200_600_300,200,300,0,600,1801800,540901,300,2400000,480000,540600,180000,360600,180000,0,0,0,180600,11605,0.0116
distribute_parallel_for_split_200_600_400,200,400,0,800,2402400,721201,400,2880000,640000,720800,240000,480800,240000,0,0,0,240800,14125,0.0141
distribute_parallel_for_split_200_600_500,200,500,0,1000,3003000,901501,500,3360000,800000,901000,300000,601000,300000,0,0,0,301000,16650,0.0167
distribute_parallel_for_split_200_600_600,200,600,0,1200,3603600,1081801,600,3840000,960000,1081200,360000,721200,360000,0,0,0,361200,20286,0.0203
distribute_parallel_for_split_200_600_700,200,700,0,1400,4204200,1262101,700,4320000,1120000,1261400,420000,841400,420000,0,0,0,421400,21777,0.0218
distribute_parallel_for_split_200_600_800,200,800,0,1600,4804800,1442401,800,4800000,1280000,1441600,480000,961600,480000,0,0,0,481600,24043,0.0240
distribute_parallel_for_split_200_600_900,200,900,0,1800,5405400,1622701,900,5280000,1440000,1621800,540000,1081800,540000,0,0,0,541800,29301,0.0293
distribute_parallel_for_split_200_700_100,200,100,0,200,700600,210301,100,1680000,160000,210200,70000,140200,70000,0,0,0,70200,7264,0.0073
distribute_parallel_for_split_200_700_200,200,200,0,400,1401200,420601,200,2240000,320000,420400,140000,280400,140000,0,0,0,140400,10355,0.0104
distribute_parallel_for_split_200_700_300,200,300,0,600,2101800,630901,300,2800000,480000,630600,210000,420600,210000,0,0,0,210600,13307,0.0133
distribute_parallel_for_split_200_700_400,200,400,0,800,2802400,841201,400,3360000,640000,840800,280000,560800,280000,0,0,0,280800,17071,0.0171
distribute_parallel_for_split_200_700_500,200,500,0,1000,3503000,1051501,500,3920000,800000,1051000,350000,701000,350000,0,0,0,351000,21936,0.0219
distribute_parallel_for_split_200_700_600,200,600,0,1200,4203600,1261801,600,4480000,960000,1261200,420000,841200,420000,0,0,0,421200,25680,0.0257
distribute_parallel_for_split_200_700_700,200,700,0,1400,4904200,1472101,700,5040000,1120000,1471400,490000,981400,490000,0,0,0,491400,27006,0.0270
distribute_parallel_for_split_200_700_800,200,800,0,1600,5604800,1682401,800,5600000,1280000,1681600,560000,1121600,560000,0,0,0,561600,31582,0.0316
distribute_parallel_for_split_200_700_900,200,900,0,1800,6305400,1892701,900,6160000,1440000,1891800,630000,1261800,630000,0,0,0,631800,33683,0.0337
distribute_parallel_for_split_200_800_100,200,100,0,200,800600,240301,100,1920000,160000,240200,80000,160200,80000,0,0,0,80200,7938,0.0079
distribute_parallel_for_split_200_800_200,200,200,0,400,1601200,480601,200,2560000,320000,480400,160000,320400,160000,0,0,0,160400,12301,0.0123
distribute_parallel_for_split_200_800_300,200,300,0,600,2401800,720901,300,3200000,480000,720600,240000,480600,240000,0,0,0,240600,15006,0.0150
distribute_parallel_for_split_200_800_400,200,400,0,800,3202400,961201,400,3840000,640000,960800,320000,640800,320000,0,0,0,320800,19102,0.0191
distribute_parallel_for_split_200_800_500,200,500,0,1000,4003000,1201501,500,4480000,800000,1201000,400000,801000,400000,0,0,0,401000,24389,0.0244
distribute_parallel_for_split_200_800_600,200,600,0,1200,4803600,1441801,600,5120000,960000,1441200,480000,961200,480000,0,0,0,481200,26877,0.0269
distribute_parallel_for_split_200_800_700,200,700,0,1400,5604200,1682101,700,5760000,1120000,1681400,560000,1121400,560000,0,0,0,561400,28674,0.0287
distribute_parallel_for_split_200_800_800,200,800,0,1600,6404800,1922401,800,6400000,1280000,1921600,640000,1281600,640000,0,0,0,641600,34705,0.0347
distribute_parallel_for_split_200_800_900,200,900,0,1800,7205400,2162701,900,7040000,1440000,2161800,720000,1441800,720000,0,0,0,721800,39902,0.0399
distribute_parallel_for_split_200_900_100,200,100,0,200,900600,270301,100,2160000,160000,270200,90000,180200,90000,0,0,0,90200,36347,0.0363
distribute_parallel_for_split_200_900_200,200,200,0,400,1801200,540601,200,2880000,320000,540400,180000,360400,180000,0,0,0,180400,12814,0.0128
distribute_parallel_for_split_200_900_300,200,300,0,600,2701800,810901,300,3600000,480000,810600,270000,540600,270000,0,0,0,270600,17531,0.0175
distribute_parallel_for_split_200_900_400,200,400,0,800,3602400,1081201,400,4320000,640000,1080800,360000,720800,360000,0,0,0,360800,22886,0.0229
distribute_parallel_for_split_200_900_500,200,500,0,1000,4503000,1351501,500,5040000,800000,1351000,450000,901000,450000,0,0,0,451000,28540,0.0285
distribute_parallel_for_split_200_900_600,200,600,0,1200,5403600,1621801,600,5760000,960000,1621200,540000,1081200,540000,0,0,0,541200,30766,0.0308
distribute_parallel_for_split_200_900_700,200,700,0,1400,6304200,1892101,700,6480000,1120000,1891400,630000,1261400,630000,0,0,0,631400,33231,0.0332
distribute_parallel_for_split_200_900_800,200,800,0,1600,7204800,2162401,800,7200000,1280000,2161600,720000,1441600,720000,0,0,0,721600,39343,0.0393
distribute_parallel_for_split_200_900_900,200,900,0,1800,8105400,2432701,900,7920000,1440000,2431800,810000,1621800,810000,0,0,0,811800,41067,0.0411
distribute_parallel_for_split_2150_2150_2150,2150,2150,0,4300,46237900,13873951,2150,73960000,36980000,13871800,4622500,9249300,4622500,0,0,0,4626800,2141018,2.1410
distribute_parallel_for_split_2150_2150_2250,2150,2250,0,4500,48388500,14519251,2250,75680000,38700000,14517000,4837500,9679500,4837500,0,0,0,4842000,2249489,2.2495
distribute_parallel_for_split_2150_2150_2350,2150,2350,0,4700,50539100,15164551,2350,77400000,40420000,15162200,5052500,10109700,5052500,0,0,0,5057200,2334861,2.3349
distribute_parallel_for_split_2150_2150_2450,2150,2450,0,4900,52689700,15809851,2450,79120000,42140000,15807400,5267500,10539900,5267500,0,0,0,5272400,2449258,2.4493
distribute_parallel_for_split_2150_2150_2550,2150,2550,0,5100,54840300,16455151,2550,80840000,43860000,16452600,5482500,10970100,5482500,0,0,0,5487600,2565512,2.5655
distribute_parallel_for_split_2150_2150_2650,2150,2650,0,5300,56990900,17100451,2650,82560000,45580000,17097800,5697500,11400300,5697500,0,0,0,5702800,2669785,2.6698
distribute_parallel_for_split_2150_2150_2750,2150,2750,0,5500,59141500,17745751,2750,84280000,47300000,17743000,5912500,11830500,5912500,0,0,0,5918000,2698472,2.6985
distribute_parallel_for_split_2150_2150_2850,2150,2850,0,5700,61292100,18391051,2850,86000000,49020000,18388200,6127500,12260700,6127500,0,0,0,6133200,2813732,2.8137
distribute_parallel_for_split_2150_2150_2950,2150,2950,0,5900,63442700,19036351,2950,87720000,50740000,19033400,6342500,12690900,6342500,0,0,0,6348400,2978193,2.9782
distribute_parallel_for_split_2150_2250_2150,2150,2150,0,4300,48387900,14518951,2150,77400000,36980000,14516800,4837500,9679300,4837500,0,0,0,4841800,2244228,2.2442
distribute_parallel_for_split_2150_2250_2250,2150,2250,0,4500,50638500,15194251,2250,79200000,38700000,15192000,5062500,10129500,5062500,0,0,0,5067000,2343056,2.3431
distribute_parallel_for_split_2150_2250_2350,2150,2350,0,4700,52889100,15869551,2350,81000000,40420000,15867200,5287500,10579700,5287500,0,0,0,5292200,2447850,2.4478
distribute_parallel_for_split_2150_2250_2450,2150,2450,0,4900,55139700,16544851,2450,82800000,42140000,16542400,5512500,11029900,5512500,0,0,0,5517400,2530678,2.5307
distribute_parallel_for_split_2150_2250_2550,2150,2550,0,5100,57390300,17220151,2550,84600000,43860000,17217600,5737500,11480100,5737500,0,0,0,5742600,2641264,2.6413
distribute_parallel_for_split_2150_2250_2650,2150,2650,0,5300,59640900,17895451,2650,86400000,45580000,17892800,5962500,11930300,5962500,0,0,0,5967800,2739331,2.7393
distribute_parallel_for_split_2150_2250_2750,2150,2750,0,5500,61891500,18570751,2750,88200000,47300000,18568000,6187500,12380500,6187500,0,0,0,6193000,2833364,2.8334
distribute_parallel_for_split_2150_2250_2850,2150,2850,0,5700,64142100,19246051,2850,90000000,49020000,19243200,6412500,12830700,6412500,0,0,0,6418200,2939924,2.9399
distribute_parallel_for_split_2150_2250_2950,2150,2950,0,5900,66392700,19921351,2950,91800000,50740000,19918400,6637500,13280900,6637500,0,0,0,6643400,3060751,3.0608
distribute_parallel_for_split_2150_2350_2150,2150,2150,0,4300,50537900,15163951,2150,80840000,36980000,15161800,5052500,10109300,5052500,0,0,0,5056800,2355282,2.3553
distribute_parallel_for_split_2150_2350_2250,2150,2250,0,4500,52888500,15869251,2250,82720000,38700000,15867000,5287500,10579500,5287500,0,0,0,5292000,2441259,2.4413
distribute_parallel_for_split_2150_2350_2350,2150,2350,0,4700,55239100,16574551,2350,84600000,40420000,16572200,5522500,11049700,5522500,0,0,0,5527200,2541134,2.5411
distribute_parallel_for_split_2150_2350_2450,2150,2450,0,4900,57589700,17279851,2450,86480000,42140000,17277400,5757500,11519900,5757500,0,0,0,5762400,2697531,2.6975
distribute_parallel_for_split_2150_2350_2550,2150,2550,0,5100,59940300,17985151,2550,88360000,43860000,17982600,5992500,11990100,5992500,0,0,0,5997600,2769627,2.7696
distribute_parallel_for_split_2150_2350_2650,2150,2650,0,5300,62290900,18690451,2650,90240000,45580000,18687800,6227500,12460300,6227500,0,0,0,6232800,2855032,2.8550
distribute_parallel_for_split_2150_2350_2750,2150,2750,0,5500,64641500,19395751,2750,92120000,47300000,19393000,6462500,12930500,6462500,0,0,0,6468000,2953126,2.9531
distribute_parallel_for_split_2150_2350_2850,2150,2850,0,5700,66992100,20101051,2850,94000000,49020000,20098200,6697500,13400700,6697500,0,0,0,6703200,3065904,3.0659
distribute_parallel_for_split_2150_2350_2950,2150,2950,0,5900,69342700,20806351,2950,95880000,50740000,20803400,6932500,13870900,6932500,0,0,0,6938400,3183480,3.1835
distribute_parallel_for_split_2150_2450_2150,2150,2150,0,4300,52687900,15808951,2150,84280000,36980000,15806800,5267500,10539300,5267500,0,0,0,5271800,2459858,2.4599
distribute_parallel_for_split_2150_2450_2250,2150,2250,0,4500,55138500,16544251,2250,86240000,38700000,16542000,5512500,11029500,5512500,0,0,0,5517000,2556718,2.5567
distribute_parallel_for_split_2150_2450_2350,2150,2350,0,4700,57589100,17279551,2350,88200000,40420000,17277200,5757500,11519700,5757500,0,0,0,5762200,2660076,2.6601
distribute_parallel_for_split_2150_2450_2450,2150,2450,0,4900,60039700,18014851,2450,90160000,42140000,18012400,6002500,12009900,6002500,0,0,0,6007400,2767038,2.7670
distribute_parallel_for_split_2150_2450_2550,2150,2550,0,5100,62490300,18750151,2550,92120000,43860000,18747600,6247500,12500100,6247500,0,0,0,6252600,2868044,2.8680
distribute_parallel_for_split_2150_2450_2650,2150,2650,0,5300,64940900,19485451,2650,94080000,45580000,19482800,6492500,12990300,6492500,0,0,0,6497800,2981752,2.9818
distribute_parallel_for_split_2150_2450_2750,2150,2750,0,5500,67391500,20220751,2750,96040000,47300000,20218000,6737500,13480500,6737500,0,0,0,6743000,3084647,3.0846
distribute_parallel_for_split_2150_2450_2850,2150,2850,0,5700,69842100,20956051,2850,98000000,49020000,20953200,6982500,13970700,6982500,0,0,0,6988200,3203443,3.2034
distribute_parallel_for_split_2150_2450_2950,2150,2950,0,5900,72292700,21691351,2950,99960000,50740000,21688400,7227500,14460900,7227500,0,0,0,7233400,3312576,3.3126
distribute_parallel_for_split_2150_2550_2150,2150,2150,0,4300,54837900,16453951,2150,87720000,36980000,16451800,5482500,10969300,5482500,0,0,0,5486800,2543287,2.5433
distribute_parallel_for_split_2150_2550_2250,2150,2250,0,4500,57388500,17219251,2250,89760000,38700000,17217000,5737500,11479500,5737500,0,0,0,5742000,2669761,2.6698
distribute_parallel_for_split_2150_2550_2350,2150,2350,0,4700,59939100,17984551,2350,91800000,40420000,17982200,5992500,11989700,5992500,0,0,0,5997200,2842577,2.8426
distribute_parallel_for_split_2150_2550_2450,2150,2450,0,4900,62489700,18749851,2450,93840000,42140000,18747400,6247500,12499900,6247500,0,0,0,6252400,2907800,2.9078
distribute_parallel_for_split_2150_2550_2550,2150,2550,0,5100,65040300,19515151,2550,95880000,43860000,19512600,6502500,13010100,6502500,0,0,0,6507600,3095891,3.0959
distribute_parallel_for_split_2150_2550_2650,2150,2650,0,5300,67590900,20280451,2650,97920000,45580000,20277800,6757500,13520300,6757500,0,0,0,6762800,3104699,3.1047
distribute_parallel_for_split_2150_2550_2750,2150,2750,0,5500,70141500,21045751,2750,99960000,47300000,21043000,7012500,14030500,7012500,0,0,0,7018000,3224743,3.2247
distribute_parallel_for_split_2150_2550_2850,2150,2850,0,5700,72692100,21811051,2850,102000000,49020000,21808200,7267500,14540700,7267500,0,0,0,7273200,3345334,3.3453
distribute_parallel_for_split_2150_2550_2950,2150,2950,0,5900,75242700,22576351,2950,104040000,50740000,22573400,7522500,15050900,7522500,0,0,0,7528400,3458702,3.4587
distribute_parallel_for_split_2150_2650_2150,2150,2150,0,4300,56987900,17098951,2150,91160000,36980000,17096800,5697500,11399300,5697500,0,0,0,5701800,2647034,2.6470
distribute_parallel_for_split_2150_2650_2250,2150,2250,0,4500,59638500,17894251,2250,93280000,38700000,17892000,5962500,11929500,5962500,0,0,0,5967000,2836670,2.8367
distribute_parallel_for_split_2150_2650_2350,2150,2350,0,4700,62289100,18689551,2350,95400000,40420000,18687200,6227500,12459700,6227500,0,0,0,6232200,2865414,2.8654
distribute_parallel_for_split_2150_2650_2450,2150,2450,0,4900,64939700,19484851,2450,97520000,42140000,19482400,6492500,12989900,6492500,0,0,0,6497400,3008110,3.0081
distribute_parallel_for_split_2150_2650_2550,2150,2550,0,5100,67590300,20280151,2550,99640000,43860000,20277600,6757500,13520100,6757500,0,0,0,6762600,3100697,3.1007
distribute_parallel_for_split_2150_2650_2650,2150,2650,0,5300,70240900,21075451,2650,101760000,45580000,21072800,7022500,14050300,7022500,0,0,0,7027800,3289534,3.2895
distribute_parallel_for_split_2150_2650_2750,2150,2750,0,5500,72891500,21870751,2750,103880000,47300000,21868000,7287500,14580500,7287500,0,0,0,7293000,3349285,3.3493
distribute_parallel_for_split_2150_2650_2850,2150,2850,0,5700,75542100,22666051,2850,106000000,49020000,22663200,7552500,15110700,7552500,0,0,0,7558200,3462011,3.4620
distribute_parallel_for_split_2150_2650_2950,2150,2950,0,5900,78192700,23461351,2950,108120000,50740000,23458400,7817500,15640900,7817500,0,0,0,7823400,3618454,3.6185
distribute_parallel_for_split_2150_2750_2150,2150,2150,0,4300,59137900,17743951,2150,94600000,36980000,17741800,5912500,11829300,5912500,0,0,0,5916800,2752038,2.7520
distribute_parallel_for_split_2150_2750_2250,2150,2250,0,4500,61888500,18569251,2250,96800000,38700000,18567000,6187500,12379500,6187500,0,0,0,6192000,2873372,2.8734
distribute_parallel_for_split_2150_2750_2350,2150,2350,0,4700,64639100,19394551,2350,99000000,40420000,19392200,6462500,12929700,6462500,0,0,0,6467200,2981709,2.9817
distribute_parallel_for_split_2150_2750_2450,2150,2450,0,4900,67389700,20219851,2450,101200000,42140000,20217400,6737500,13479900,6737500,0,0,0,6742400,3104004,3.1040
distribute_parallel_for_split_2150_2750_2550,2150,2550,0,5100,70140300,21045151,2550,103400000,43860000,21042600,7012500,14030100,7012500,0,0,0,7017600,3221530,3.2215
distribute_parallel_for_split_2150_2750_2650,2150,2650,0,5300,72890900,21870451,2650,105600000,45580000,21867800,7287500,14580300,7287500,0,0,0,7292800,3346064,3.3461
distribute_parallel_for_split_2150_2750_2750,2150,2750,0,5500,75641500,22695751,2750,107800000,47300000,22693000,7562500,15130500,7562500,0,0,0,7568000,3494236,3.4942
distribute_parallel_for_split_2150_2750_2850,2150,2850,0,5700,78392100,23521051,2850,110000000,49020000,23518200,7837500,15680700,7837500,0,0,0,7843200,3592880,3.5929
distribute_parallel_for_split_2150_2750_2950,2150,2950,0,5900,81142700,24346351,2950,112200000,50740000,24343400,8112500,16230900,8112500,0,0,0,8118400,3723238,3.7232
distribute_parallel_for_split_2150_2850_2150,2150,2150,0,4300,61287900,18388951,2150,98040000,36980000,18386800,6127500,12259300,6127500,0,0,0,6131800,2833684,2.8337
distribute_parallel_for_split_2150_2850_2250,2150,2250,0,4500,64138500,19244251,2250,100320000,38700000,19242000,6412500,12829500,6412500,0,0,0,6417000,2971633,2.9716
distribute_parallel_for_split_2150_2850_2350,2150,2350,0,4700,66989100,20099551,2350,102600000,40420000,20097200,6697500,13399700,6697500,0,0,0,6702200,3097580,3.0976
distribute_parallel_for_split_2150_2850_2450,2150,2450,0,4900,69839700,20954851,2450,104880000,42140000,20952400,6982500,13969900,6982500,0,0,0,6987400,3265662,3.2657
distribute_parallel_for_split_2150_2850_2550,2150,2550,0,5100,72690300,21810151,2550,107160000,43860000,21807600,7267500,14540100,7267500,0,0,0,7272600,3379023,3.3790
distribute_parallel_for_split_2150_2850_2650,2150,2650,0,5300,75540900,22665451,2650,109440000,45580000,22662800,7552500,15110300,7552500,0,0,0,7557800,3469288,3.4693
distribute_parallel_for_split_2150_2850_2750,2150,2750,0,5500,78391500,23520751,2750,111720000,47300000,23518000,7837500,15680500,7837500,0,0,0,7843000,3619990,3.6200
distribute_parallel_for_split_2150_2850_2850,2150,2850,0,5700,81242100,24376051,2850,114000000,49020000,24373200,8122500,16250700,8122500,0,0,0,8128200,3731317,3.7313
distribute_parallel_for_split_2150_2850_2950,2150,2950,0,5900,84092700,25231351,2950,116280000,50740000,25228400,8407500,16820900,8407500,0,0,0,8413400,3859954,3.8600
distribute_parallel_for_split_2150_2950_2150,2150,2150,0,4300,63437900,19033951,2150,101480000,36980000,19031800,6342500,12689300,6342500,0,0,0,6346800,2946383,2.9464
distribute_parallel_for_split_2150_2950_2250,2150,2250,0,4500,66388500,19919251,2250,103840000,38700000,19917000,6637500,13279500,6637500,0,0,0,6642000,3100926,3.1009
distribute_parallel_for_split_2150_2950_2350,2150,2350,0,4700,69339100,20804551,2350,106200000,40420000,20802200,6932500,13869700,6932500,0,0,0,6937200,3237225,3.2372
distribute_parallel_for_split_2150_2950_2450,2150,2450,0,4900,72289700,21689851,2450,108560000,42140000,21687400,7227500,14459900,7227500,0,0,0,7232400,3337705,3.3377
distribute_parallel_for_split_2150_2950_2550,2150,2550,0,5100,75240300,22575151,2550,110920000,43860000,22572600,7522500,15050100,7522500,0,0,0,7527600,3450270,3.4503
distribute_parallel_for_split_2150_2950_2650,2150,2650,0,5300,78190900,23460451,2650,113280000,45580000,23457800,7817500,15640300,7817500,0,0,0,7822800,3590201,3.5902
distribute_parallel_for_split_2150_2950_2750,2150,2750,0,5500,81141500,24345751,2750,115640000,47300000,24343000,8112500,16230500,8112500,0,0,0,8118000,3726746,3.7267
distribute_parallel_for_split_2150_2950_2850,2150,2850,0,5700,84092100,25231051,2850,118000000,49020000,25228200,8407500,16820700,8407500,0,0,0,8413200,3863602,3.8636
distribute_parallel_for_split_2150_2950_2950,2150,2950,0,5900,87042700,26116351,2950,120360000,50740000,26113400,8702500,17410900,8702500,0,0,0,8708400,4002359,4.0024
distribute_parallel_for_split_2200_1200_1200,2200,1200,0,2400,14407200,4323601,1200,32640000,21120000,4322400,1440000,2882400,1440000,0,0,0,1442400,681879,0.6819
distribute_parallel_for_split_2200_1200_1700,2200,1700,0,3400,20410200,6125101,1700,37440000,29920000,6123400,2040000,4083400,2040000,0,0,0,2043400,957366,0.9574
distribute_parallel_for_split_2200_1200_2200,2200,2200,0,4400,26413200,7926601,2200,42240000,38720000,7924400,2640000,5284400,2640000,0,0,0,2644400,1219420,1.2194
distribute_parallel_for_split_2200_1200_2700,2200,2700,0,5400,32416200,9728101,2700,47040000,47520000,9725400,3240000,6485400,3240000,0,0,0,3245400,1553899,1.5539
distribute_parallel_for_split_2200_1200_3200,2200,3200,0,6400,38419200,11529601,3200,51840000,56320000,11526400,3840000,7686400,3840000,0,0,0,3846400,1793488,1.7935
distribute_parallel_for_split_2200_1200_3700,2200,3700,0,7400,44422200,13331101,3700,56640000,65120000,13327400,4440000,8887400,4440000,0,0,0,4447400,2062949,2.0629
distribute_parallel_for_split_2200_1200_4200,2200,4200,0,8400,50425200,15132601,4200,61440000,73920000,15128400,5040000,10088400,5040000,0,0,0,5048400,2336471,2.3365
distribute_parallel_for_split_2200_1700_1200,2200,1200,0,2400,20407200,6123601,1200,46240000,21120000,6122400,2040000,4082400,2040000,0,0,0,2042400,964805,0.9648
distribute_parallel_for_split_2200_1700_1700,2200,1700,0,3400,28910200,8675101,1700,53040000,29920000,8673400,2890000,5783400,2890000,0,0,0,2893400,1385756,1.3858
distribute_parallel_for_split_2200_1700_2200,2200,2200,0,4400,37413200,11226601,2200,59840000,38720000,11224400,3740000,7484400,3740000,0,0,0,3744400,1724240,1.7242
distribute_parallel_for_split_2200_1700_2700,2200,2700,0,5400,45916200,13778101,2700,66640000,47520000,13775400,4590000,9185400,4590000,0,0,0,4595400,2184879,2.1849
distribute_parallel_for_split_2200_1700_3200,2200,3200,0,6400,54419200,16329601,3200,73440000,56320000,16326400,5440000,10886400,5440000,0,0,0,5446400,2507369,2.5074
distribute_parallel_for_split_2200_1700_3700,2200,3700,0,7400,62922200,18881101,3700,80240000,65120000,18877400,6290000,12587400,6290000,0,0,0,6297400,2916313,2.9163
distribute_parallel_for_split_2200_1700_4200,2200,4200,0,8400,71425200,21432601,4200,87040000,73920000,21428400,7140000,14288400,7140000,0,0,0,7148400,3293107,3.2931
distribute_parallel_for_split_2200_2200_1200,2200,1200,0,2400,26407200,7923601,1200,59840000,21120000,7922400,2640000,5282400,2640000,0,0,0,2642400,1311882,1.3119
distribute_parallel_for_split_2200_2200_1700,2200,1700,0,3400,37410200,11225101,1700,68640000,29920000,11223400,3740000,7483400,3740000,0,0,0,3743400,1754957,1.7550
distribute_parallel_for_split_2200_2200_2200,2200,2200,0,4400,48413200,14526601,2200,77440000,38720000,14524400,4840000,9684400,4840000,0,0,0,4844400,2223754,2.2238
distribute_parallel_for_split_2200_2200_2700,2200,2700,0,5400,59416200,17828101,2700,86240000,47520000,17825400,5940000,11885400,5940000,0,0,0,5945400,2776174,2.7762
distribute_parallel_for_split_2200_2200_3200,2200,3200,0,6400,70419200,21129601,3200,95040000,56320000,21126400,7040000,14086400,7040000,0,0,0,7046400,3235588,3.2356
distribute_parallel_for_split_2200_2200_3700,2200,3700,0,7400,81422200,24431101,3700,103840000,65120000,24427400,8140000,16287400,8140000,0,0,0,8147400,3774881,3.7749
distribute_parallel_for_split_2200_2200_4200,2200,4200,0,8400,92425200,27732601,4200,112640000,73920000,27728400,9240000,18488400,9240000,0,0,0,9248400,4347160,4.3472
distribute_parallel_for_split_2200_2700_1200,2200,1200,0,2400,32407200,9723601,1200,73440000,21120000,9722400,3240000,6482400,3240000,0,0,0,3242400,1540514,1.5405
distribute_parallel_for_split_2200_2700_1700,2200,1700,0,3400,45910200,13775101,1700,84240000,29920000,13773400,4590000,9183400,4590000,0,0,0,4593400,2148269,2.1483
distribute_parallel_for_split_2200_2700_2200,2200,2200,0,4400,59413200,17826601,2200,95040000,38720000,17824400,5940000,11884400,5940000,0,0,0,5944400,2741558,2.7416
distribute_parallel_for_split_2200_2700_2700,2200,2700,0,5400,72916200,21878101,2700,105840000,47520000,21875400,7290000,14585400,7290000,0,0,0,7295400,3429266,3.4293
distribute_parallel_for_split_2200_2700_3200,2200,3200,0,6400,86419200,25929601,3200,116640000,56320000,25926400,8640000,17286400,8640000,0,0,0,8646400,4063757,4.0638
distribute_parallel_for_split_2200_2700_3700,2200,3700,0,7400,99922200,29981101,3700,127440000,65120000,29977400,9990000,19987400,9990000,0,0,0,9997400,4629354,4.6294
distribute_parallel_for_split_2200_2700_4200,2200,4200,0,8400,113425200,34032601,4200,138240000,73920000,34028400,11340000,22688400,11340000,0,0,0,11348400,5238592,5.2386
distribute_parallel_for_split_2200_3200_1200,2200,1200,0,2400,38407200,11523601,1200,87040000,21120000,11522400,3840000,7682400,3840000,0,0,0,3842400,1879220,1.8792
distribute_parallel_for_split_2200_3200_1700,2200,1700,0,3400,54410200,16325101,1700,99840000,29920000,16323400,5440000,10883400,5440000,0,0,0,5443400,2535684,2.5357
distribute_parallel_for_split_2200_3200_2200,2200,2200,0,4400,70413200,21126601,2200,112640000,38720000,21124400,7040000,14084400,7040000,0,0,0,7044400,3244744,3.2447
distribute_parallel_for_split_2200_3200_2700,2200,2700,0,5400,86416200,25928101,2700,125440000,47520000,25925400,8640000,17285400,8640000,0,0,0,8645400,4048170,4.0482
distribute_parallel_for_split_2200_3200_3200,2200,3200,0,6400,102419200,30729601,3200,138240000,56320000,30726400,10240000,20486400,10240000,0,0,0,10246400,4693845,4.6938
distribute_parallel_for_split_2200_3200_3700,2200,3700,0,7400,118422200,35531101,3700,151040000,65120000,35527400,11840000,23687400,11840000,0,0,0,11847400,5470446,5.4704
distribute_parallel_for_split_2200_3200_4200,2200,4200,0,8400,134425200,40332601,4200,163840000,73920000,40328400,13440000,26888400,13440000,0,0,0,13448400,6210941,6.2109
distribute_parallel_for_split_2200_3700_1200,2200,1200,0,2400,44407200,13323601,1200,100640000,21120000,13322400,4440000,8882400,4440000,0,0,0,4442400,2103780,2.1038
distribute_parallel_for_split_2200_3700_1700,2200,1700,0,3400,62910200,18875101,1700,115440000,29920000,18873400,6290000,12583400,6290000,0,0,0,6293400,2988671,2.9887
distribute_parallel_for_split_2200_3700_2200,2200,2200,0,4400,81413200,24426601,2200,130240000,38720000,24424400,8140000,16284400,8140000,0,0,0,8144400,3759488,3.7595
distribute_parallel_for_split_2200_3700_2700,2200,2700,0,5400,99916200,29978101,2700,145040000,47520000,29975400,9990000,19985400,9990000,0,0,0,9995400,4719703,4.7197
distribute_parallel_for_split_2200_3700_3200,2200,3200,0,6400,118419200,35529601,3200,159840000,56320000,35526400,11840000,23686400,11840000,0,0,0,11846400,5448669,5.4487
distribute_parallel_for_split_2200_3700_3700,2200,3700,0,7400,136922200,41081101,3700,174640000,65120000,41077400,13690000,27387400,13690000,0,0,0,13697400,6345352,6.3454
distribute_parallel_for_split_2200_3700_4200,2200,4200,0,8400,155425200,46632601,4200,189440000,73920000,46628400,15540000,31088400,15540000,0,0,0,15548400,7190897,7.1909
distribute_parallel_for_split_2250_1250_1250,2250,1250,0,2500,15632500,4691251,1250,35000000,22500000,4690000,1562500,3127500,1562500,0,0,0,1565000,796568,0.7966
distribute_parallel_for_split_2250_1250_1750,2250,1750,0,3500,21885500,6567751,1750,40000000,31500000,6566000,2187500,4378500,2187500,0,0,0,2191000,1035777,1.0358
distribute_parallel_for_split_2250_1250_2250,2250,2250,0,4500,28138500,8444251,2250,45000000,40500000,8442000,2812500,5629500,2812500,0,0,0,2817000,1326024,1.3260
distribute_parallel_for_split_2250_1250_2750,2250,2750,0,5500,34391500,10320751,2750,50000000,49500000,10318000,3437500,6880500,3437500,0,0,0,3443000,1708332,1.7083
distribute_parallel_for_split_2250_1250_3250,2250,3250,0,6500,40644500,12197251,3250,55000000,58500000,12194000,4062500,8131500,4062500,0,0,0,4069000,1891216,1.8912
distribute_parallel_for_split_2250_1250_3750,2250,3750,0,7500,46897500,14073751,3750,60000000,67500000,14070000,4687500,9382500,4687500,0,0,0,4695000,2178187,2.1782
distribute_parallel_for_split_2250_1250_4250,2250,4250,0,8500,53150500,15950251,4250,65000000,76500000,15946000,5312500,10633500,5312500,0,0,0,5321000,2470259,2.4703
distribute_parallel_for_split_2250_1750_1250,2250,1250,0,2500,21882500,6566251,1250,49000000,22500000,6565000,2187500,4377500,2187500,0,0,0,2190000,1057266,1.0573
distribute_parallel_for_split_2250_1750_1750,2250,1750,0,3500,30635500,9192751,1750,56000000,31500000,9191000,3062500,6128500,3062500,0,0,0,3066000,1439871,1.4399
distribute_parallel_for_split_2250_1750_2250,2250,2250,0,4500,39388500,11819251,2250,63000000,40500000,11817000,3937500,7879500,3937500,0,0,0,3942000,1905823,1.9058
distribute_parallel_for_split_2250_1750_2750,2250,2750,0,5500,48141500,14445751,2750,70000000,49500000,14443000,4812500,9630500,4812500,0,0,0,4818000,2225222,2.2252
distribute_parallel_for_split_2250_1750_3250,2250,3250,0,6500,56894500,17072251,3250,77000000,58500000,17069000,5687500,11381500,5687500,0,0,0,5694000,2618056,2.6181
distribute_parallel_for_split_2250_1750_3750,2250,3750,0,7500,65647500,19698751,3750,84000000,67500000,19695000,6562500,13132500,6562500,0,0,0,6570000,3070312,3.0703
distribute_parallel_for_split_2250_1750_4250,2250,4250,0,8500,74400500,22325251,4250,91000000,76500000,22321000,7437500,14883500,7437500,0,0,0,7446000,3432736,3.4327
distribute_parallel_for_split_2250_2150_2150,2250,2150,0,4300,46237900,13873951,2150,75680000,38700000,13871800,4622500,9249300,4622500,0,0,0,4626800,2181576,2.1816
distribute_parallel_for_split_2250_2150_2250,2250,2250,0,4500,48388500,14519251,2250,77400000,40500000,14517000,4837500,9679500,4837500,0,0,0,4842000,2291082,2.2911
distribute_parallel_for_split_2250_2150_2350,2250,2350,0,4700,50539100,15164551,2350,79120000,42300000,15162200,5052500,10109700,5052500,0,0,0,5057200,2425998,2.4260
distribute_parallel_for_split_2250_2150_2450,2250,2450,0,4900,52689700,15809851,2450,80840000,44100000,15807400,5267500,10539900,5267500,0,0,0,5272400,2476503,2.4765
distribute_parallel_for_split_2250_2150_2550,2250,2550,0,5100,54840300,16455151,2550,82560000,45900000,16452600,5482500,10970100,5482500,0,0,0,5487600,2561928,2.5619
distribute_parallel_for_split_2250_2150_2650,2250,2650,0,5300,56990900,17100451,2650,84280000,47700000,17097800,5697500,11400300,5697500,0,0,0,5702800,2658318,2.6583
distribute_parallel_for_split_2250_2150_2750,2250,2750,0,5500,59141500,17745751,2750,86000000,49500000,17743000,5912500,11830500,5912500,0,0,0,5918000,2749952,2.7500
distribute_parallel_for_split_2250_2150_2850,2250,2850,0,5700,61292100,18391051,2850,87720000,51300000,18388200,6127500,12260700,6127500,0,0,0,6133200,2917795,2.9178
distribute_parallel_for_split_2250_2150_2950,2250,2950,0,5900,63442700,19036351,2950,89440000,53100000,19033400,6342500,12690900,6342500,0,0,0,6348400,2970358,2.9704
distribute_parallel_for_split_2250_2250_1250,2250,1250,0,2500,28132500,8441251,1250,63000000,22500000,8440000,2812500,5627500,2812500,0,0,0,2815000,1355165,1.3552
distribute_parallel_for_split_2250_2250_1750,2250,1750,0,3500,39385500,11817751,1750,72000000,31500000,11816000,3937500,7878500,3937500,0,0,0,3941000,1850405,1.8504
distribute_parallel_for_split_2250_2250_2150,2250,2150,0,4300,48387900,14518951,2150,79200000,38700000,14516800,4837500,9679300,4837500,0,0,0,4841800,2292482,2.2925
distribute_parallel_for_split_2250_2250_2250,2250,2250,0,4500,50638500,15194251,2250,81000000,40500000,15192000,5062500,10129500,5062500,0,0,0,5067000,2384669,2.3847
distribute_parallel_for_split_2250_2250_2350,2250,2350,0,4700,52889100,15869551,2350,82800000,42300000,15867200,5287500,10579700,5287500,0,0,0,5292200,2487567,2.4876
distribute_parallel_for_split_2250_2250_2450,2250,2450,0,4900,55139700,16544851,2450,84600000,44100000,16542400,5512500,11029900,5512500,0,0,0,5517400,2602496,2.6025
distribute_parallel_for_split_2250_2250_2550,2250,2550,0,5100,57390300,17220151,2550,86400000,45900000,17217600,5737500,11480100,5737500,0,0,0,5742600,2689153,2.6892
distribute_parallel_for_split_2250_2250_2650,2250,2650,0,5300,59640900,17895451,2650,88200000,47700000,17892800,5962500,11930300,5962500,0,0,0,5967800,2776960,2.7770
distribute_parallel_for_split_2250_2250_2750,2250,2750,0,5500,61891500,18570751,2750,90000000,49500000,18568000,6187500,12380500,6187500,0,0,0,6193000,2890212,2.8902
distribute_parallel_for_split_2250_2250_2850,2250,2850,0,5700,64142100,19246051,2850,91800000,51300000,19243200,6412500,12830700,6412500,0,0,0,6418200,3018804,3.0188
distribute_parallel_for_split_2250_2250_2950,2250,2950,0,5900,66392700,19921351,2950,93600000,53100000,19918400,6637500,13280900,6637500,0,0,0,6643400,3166886,3.1669
distribute_parallel_for_split_2250_2250_3250,2250,3250,0,6500,73144500,21947251,3250,99000000,58500000,21944000,7312500,14631500,7312500,0,0,0,7319000,3447935,3.4479
distribute_parallel_for_split_2250_2250_3750,2250,3750,0,7500,84397500,25323751,3750,108000000,67500000,25320000,8437500,16882500,8437500,0,0,0,8445000,3912283,3.9123
distribute_parallel_for_split_2250_2250_4250,2250,4250,0,8500,95650500,28700251,4250,117000000,76500000,28696000,9562500,19133500,9562500,0,0,0,9571000,4396886,4.3969
distribute_parallel_for_split_2250_2350_2150,2250,2150,0,4300,50537900,15163951,2150,82720000,38700000,15161800,5052500,10109300,5052500,0,0,0,5056800,2391845,2.3918
distribute_parallel_for_split_2250_2350_2250,2250,2250,0,4500,52888500,15869251,2250,84600000,40500000,15867000,5287500,10579500,5287500,0,0,0,5292000,2498106,2.4981
distribute_parallel_for_split_2250_2350_2350,2250,2350,0,4700,55239100,16574551,2350,86480000,42300000,16572200,5522500,11049700,5522500,0,0,0,5527200,2590405,2.5904
distribute_parallel_for_split_2250_2350_2450,2250,2450,0,4900,57589700,17279851,2450,88360000,44100000,17277400,5757500,11519900,5757500,0,0,0,5762400,2748076,2.7481
distribute_parallel_for_split_2250_2350_2550,2250,2550,0,5100,59940300,17985151,2550,90240000,45900000,17982600,5992500,11990100,5992500,0,0,0,5997600,2845767,2.8458
distribute_parallel_for_split_2250_2350_2650,2250,2650,0,5300,62290900,18690451,2650,92120000,47700000,18687800,6227500,12460300,6227500,0,0,0,6232800,2905928,2.9059
distribute_parallel_for_split_2250_2350_2750,2250,2750,0,5500,64641500,19395751,2750,94000000,49500000,19393000,6462500,12930500,6462500,0,0,0,6468000,3022031,3.0220
distribute_parallel_for_split_2250_2350_2850,2250,2850,0,5700,66992100,20101051,2850,95880000,51300000,20098200,6697500,13400700,6697500,0,0,0,6703200,3160299,3.1603
distribute_parallel_for_split_2250_2350_2950,2250,2950,0,5900,69342700,20806351,2950,97760000,53100000,20803400,6932500,13870900,6932500,0,0,0,6938400,3258916,3.2589
distribute_parallel_for_split_2250_2450_2150,2250,2150,0,4300,52687900,15808951,2150,86240000,38700000,15806800,5267500,10539300,5267500,0,0,0,5271800,2487066,2.4871
distribute_parallel_for_split_2250_2450_2250,2250,2250,0,4500,55138500,16544251,2250,88200000,40500000,16542000,5512500,11029500,5512500,0,0,0,5517000,2598769,2.5988
distribute_parallel_for_split_2250_2450_2350,2250,2350,0,4700,57589100,17279551,2350,90160000,42300000,17277200,5757500,11519700,5757500,0,0,0,5762200,2880881,2.8809
distribute_parallel_for_split_2250_2450_2450,2250,2450,0,4900,60039700,18014851,2450,92120000,44100000,18012400,6002500,12009900,6002500,0,0,0,6007400,2807313,2.8073
distribute_parallel_for_split_2250_2450_2550,2250,2550,0,5100,62490300,18750151,2550,94080000,45900000,18747600,6247500,12500100,6247500,0,0,0,6252600,2919627,2.9196
distribute_parallel_for_split_2250_2450_2650,2250,2650,0,5300,64940900,19485451,2650,96040000,47700000,19482800,6492500,12990300,6492500,0,0,0,6497800,3018369,3.0184
distribute_parallel_for_split_2250_2450_2750,2250,2750,0,5500,67391500,20220751,2750,98000000,49500000,20218000,6737500,13480500,6737500,0,0,0,6743000,3145214,3.1452
distribute_parallel_for_split_2250_2450_2850,2250,2850,0,5700,69842100,20956051,2850,99960000,51300000,20953200,6982500,13970700,6982500,0,0,0,6988200,3271757,3.2718
distribute_parallel_for_split_2250_2450_2950,2250,2950,0,5900,72292700,21691351,2950,101920000,53100000,21688400,7227500,14460900,7227500,0,0,0,7233400,3379219,3.3792
distribute_parallel_for_split_2250_2550_2150,2250,2150,0,4300,54837900,16453951,2150,89760000,38700000,16451800,5482500,10969300,5482500,0,0,0,5486800,2666494,2.6665
distribute_parallel_for_split_2250_2550_2250,2250,2250,0,4500,57388500,17219251,2250,91800000,40500000,17217000,5737500,11479500,5737500,0,0,0,5742000,2703396,2.7034
distribute_parallel_for_split_2250_2550_2350,2250,2350,0,4700,59939100,17984551,2350,93840000,42300000,17982200,5992500,11989700,5992500,0,0,0,5997200,2826898,2.8269
distribute_parallel_for_split_2250_2550_2450,2250,2450,0,4900,62489700,18749851,2450,95880000,44100000,18747400,6247500,12499900,6247500,0,0,0,6252400,2987232,2.9872
distribute_parallel_for_split_2250_2550_2550,2250,2550,0,5100,65040300,19515151,2550,97920000,45900000,19512600,6502500,13010100,6502500,0,0,0,6507600,3117888,3.1179
distribute_parallel_for_split_2250_2550_2650,2250,2650,0,5300,67590900,20280451,2650,99960000,47700000,20277800,6757500,13520300,6757500,0,0,0,6762800,3152616,3.1526
distribute_parallel_for_split_2250_2550_2750,2250,2750,0,5500,70141500,21045751,2750,102000000,49500000,21043000,7012500,14030500,7012500,0,0,0,7018000,3279915,3.2799
distribute_parallel_for_split_2250_2550_2850,2250,2850,0,5700,72692100,21811051,2850,104040000,51300000,21808200,7267500,14540700,7267500,0,0,0,7273200,3453914,3.4539
distribute_parallel_for_split_2250_2550_2950,2250,2950,0,5900,75242700,22576351,2950,106080000,53100000,22573400,7522500,15050900,7522500,0,0,0,7528400,3522961,3.5230
distribute_parallel_for_split_2250_2650_2150,2250,2150,0,4300,56987900,17098951,2150,93280000,38700000,17096800,5697500,11399300,5697500,0,0,0,5701800,2686539,2.6865
distribute_parallel_for_split_2250_2650_2250,2250,2250,0,4500,59638500,17894251,2250,95400000,40500000,17892000,5962500,11929500,5962500,0,0,0,5967000,2808374,2.8084
distribute_parallel_for_split_2250_2650_2350,2250,2350,0,4700,62289100,18689551,2350,97520000,42300000,18687200,6227500,12459700,6227500,0,0,0,6232200,2913990,2.9140
distribute_parallel_for_split_2250_2650_2450,2250,2450,0,4900,64939700,19484851,2450,99640000,44100000,19482400,6492500,12989900,6492500,0,0,0,6497400,3043505,3.0435
distribute_parallel_for_split_2250_2650_2550,2250,2550,0,5100,67590300,20280151,2550,101760000,45900000,20277600,6757500,13520100,6757500,0,0,0,6762600,3157228,3.1572
distribute_parallel_for_split_2250_2650_2650,2250,2650,0,5300,70240900,21075451,2650,103880000,47700000,21072800,7022500,14050300,7022500,0,0,0,7027800,3280234,3.2802
distribute_parallel_for_split_2250_2650_2750,2250,2750,0,5500,72891500,21870751,2750,106000000,49500000,21868000,7287500,14580500,7287500,0,0,0,7293000,3400666,3.4007
distribute_parallel_for_split_2250_2650_2850,2250,2850,0,5700,75542100,22666051,2850,108120000,51300000,22663200,7552500,15110700,7552500,0,0,0,7558200,3538290,3.5383
distribute_parallel_for_split_2250_2650_2950,2250,2950,0,5900,78192700,23461351,2950,110240000,53100000,23458400,7817500,15640900,7817500,0,0,0,7823400,3651502,3.6515
distribute_parallel_for_split_2250_2750_1250,2250,1250,0,2500,34382500,10316251,1250,77000000,22500000,10315000,3437500,6877500,3437500,0,0,0,3440000,1687491,1.6875
distribute_parallel_for_split_2250_2750_1750,2250,1750,0,3500,48135500,14442751,1750,88000000,31500000,14441000,4812500,9628500,4812500,0,0,0,4816000,2283471,2.2835
distribute_parallel_for_split_2250_2750_2150,2250,2150,0,4300,59137900,17743951,2150,96800000,38700000,17741800,5912500,11829300,5912500,0,0,0,5916800,2812279,2.8123
distribute_parallel_for_split_2250_2750_2250,2250,2250,0,4500,61888500,18569251,2250,99000000,40500000,18567000,6187500,12379500,6187500,0,0,0,6192000,2957481,2.9575
distribute_parallel_for_split_2250_2750_2350,2250,2350,0,4700,64639100,19394551,2350,101200000,42300000,19392200,6462500,12929700,6462500,0,0,0,6467200,3096011,3.0960
distribute_parallel_for_split_2250_2750_2450,2250,2450,0,4900,67389700,20219851,2450,103400000,44100000,20217400,6737500,13479900,6737500,0,0,0,6742400,3164023,3.1640
distribute_parallel_for_split_2250_2750_2550,2250,2550,0,5100,70140300,21045151,2550,105600000,45900000,21042600,7012500,14030100,7012500,0,0,0,7017600,3277370,3.2774
distribute_parallel_for_split_2250_2750_2650,2250,2650,0,5300,72890900,21870451,2650,107800000,47700000,21867800,7287500,14580300,7287500,0,0,0,7292800,3408357,3.4084
distribute_parallel_for_split_2250_2750_2750,2250,2750,0,5500,75641500,22695751,2750,110000000,49500000,22693000,7562500,15130500,7562500,0,0,0,7568000,3516787,3.5168
distribute_parallel_for_split_2250_2750_2850,2250,2850,0,5700,78392100,23521051,2850,112200000,51300000,23518200,7837500,15680700,7837500,0,0,0,7843200,3655587,3.6556
distribute_parallel_for_split_2250_2750_2950,2250,2950,0,5900,81142700,24346351,2950,114400000,53100000,24343400,8112500,16230900,8112500,0,0,0,8118400,3781419,3.7814
distribute_parallel_for_split_2250_2750_3250,2250,3250,0,6500,89394500,26822251,3250,121000000,58500000,26819000,8937500,17881500,8937500,0,0,0,8944000,4105190,4.1052
distribute_parallel_for_split_2250_2750_3750,2250,3750,0,7500,103147500,30948751,3750,132000000,67500000,30945000,10312500,20632500,10312500,0,0,0,10320000,4784950,4.7850
distribute_parallel_for_split_2250_2750_4250,2250,4250,0,8500,116900500,35075251,4250,143000000,76500000,35071000,11687500,23383500,11687500,0,0,0,11696000,5434052,5.4341
distribute_parallel_for_split_2250_2850_2150,2250,2150,0,4300,61287900,18388951,2150,100320000,38700000,18386800,6127500,12259300,6127500,0,0,0,6131800,2895739,2.8957
distribute_parallel_for_split_2250_2850_2250,2250,2250,0,4500,64138500,19244251,2250,102600000,40500000,19242000,6412500,12829500,6412500,0,0,0,6417000,3020447,3.0204
distribute_parallel_for_split_2250_2850_2350,2250,2350,0,4700,66989100,20099551,2350,104880000,42300000,20097200,6697500,13399700,6697500,0,0,0,6702200,3162349,3.1623
distribute_parallel_for_split_2250_2850_2450,2250,2450,0,4900,69839700,20954851,2450,107160000,44100000,20952400,6982500,13969900,6982500,0,0,0,6987400,3278082,3.2781
distribute_parallel_for_split_2250_2850_2550,2250,2550,0,5100,72690300,21810151,2550,109440000,45900000,21807600,7267500,14540100,7267500,0,0,0,7272600,3441285,3.4413
distribute_parallel_for_split_2250_2850_2650,2250,2650,0,5300,75540900,22665451,2650,111720000,47700000,22662800,7552500,15110300,7552500,0,0,0,7557800,3532139,3.5321
distribute_parallel_for_split_2250_2850_2750,2250,2750,0,5500,78391500,23520751,2750,114000000,49500000,23518000,7837500,15680500,7837500,0,0,0,7843000,3649623,3.6496
distribute_parallel_for_split_2250_2850_2850,2250,2850,0,5700,81242100,24376051,2850,116280000,51300000,24373200,8122500,16250700,8122500,0,0,0,8128200,3941867,3.9419
distribute_parallel_for_split_2250_2850_2950,2250,2950,0,5900,84092700,25231351,2950,118560000,53100000,25228400,8407500,16820900,8407500,0,0,0,8413400,4011853,4.0119
distribute_parallel_for_split_2250_2950_2150,2250,2150,0,4300,63437900,19033951,2150,103840000,38700000,19031800,6342500,12689300,6342500,0,0,0,6346800,2986912,2.9869
distribute_parallel_for_split_2250_2950_2250,2250,2250,0,4500,66388500,19919251,2250,106200000,40500000,19917000,6637500,13279500,6637500,0,0,0,6642000,3122137,3.1221
distribute_parallel_for_split_2250_2950_2350,2250,2350,0,4700,69339100,20804551,2350,108560000,42300000,20802200,6932500,13869700,6932500,0,0,0,6937200,3248886,3.2489
distribute_parallel_for_split_2250_2950_2450,2250,2450,0,4900,72289700,21689851,2450,110920000,44100000,21687400,7227500,14459900,7227500,0,0,0,7232400,3412260,3.4123
distribute_parallel_for_split_2250_2950_2550,2250,2550,0,5100,75240300,22575151,2550,113280000,45900000,22572600,7522500,15050100,7522500,0,0,0,7527600,3541230,3.5412
distribute_parallel_for_split_2250_2950_2650,2250,2650,0,5300,78190900,23460451,2650,115640000,47700000,23457800,7817500,15640300,7817500,0,0,0,7822800,3661652,3.6617
distribute_parallel_for_split_2250_2950_2750,2250,2750,0,5500,81141500,24345751,2750,118000000,49500000,24343000,8112500,16230500,8112500,0,0,0,8118000,3783796,3.7838
distribute_parallel_for_split_2250_2950_2850,2250,2850,0,5700,84092100,25231051,2850,120360000,51300000,25228200,8407500,16820700,8407500,0,0,0,8413200,3949571,3.9496
distribute_parallel_for_split_2250_2950_2950,2250,2950,0,5900,87042700,26116351,2950,122720000,53100000,26113400,8702500,17410900,8702500,0,0,0,8708400,4054633,4.0546
distribute_parallel_for_split_2250_3250_1250,2250,1250,0,2500,40632500,12191251,1250,91000000,22500000,12190000,4062500,8127500,4062500,0,0,0,4065000,1956553,1.9566
distribute_parallel_for_split_2250_3250_1750,2250,1750,0,3500,56885500,17067751,1750,104000000,31500000,17066000,5687500,11378500,5687500,0,0,0,5691000,2671392,2.6714
distribute_parallel_for_split_2250_3250_2250,2250,2250,0,4500,73138500,21944251,2250,117000000,40500000,21942000,7312500,14629500,7312500,0,0,0,7317000,3409515,3.4095
distribute_parallel_for_split_2250_3250_2750,2250,2750,0,5500,89391500,26820751,2750,130000000,49500000,26818000,8937500,17880500,8937500,0,0,0,8943000,4128623,4.1286
distribute_parallel_for_split_2250_3250_3250,2250,3250,0,6500,105644500,31697251,3250,143000000,58500000,31694000,10562500,21131500,10562500,0,0,0,10569000,4942718,4.9427
distribute_parallel_for_split_2250_3250_3750,2250,3750,0,7500,121897500,36573751,3750,156000000,67500000,36570000,12187500,24382500,12187500,0,0,0,12195000,5645566,5.6456
distribute_parallel_for_split_2250_3250_4250,2250,4250,0,8500,138150500,41450251,4250,169000000,76500000,41446000,13812500,27633500,13812500,0,0,0,13821000,6374384,6.3744
distribute_parallel_for_split_2250_3750_1250,2250,1250,0,2500,46882500,14066251,1250,105000000,22500000,14065000,4687500,9377500,4687500,0,0,0,4690000,2337658,2.3377
distribute_parallel_for_split_2250_3750_1750,2250,1750,0,3500,65635500,19692751,1750,120000000,31500000,19691000,6562500,13128500,6562500,0,0,0,6566000,3115436,3.1154
distribute_parallel_for_split_2250_3750_2250,2250,2250,0,4500,84388500,25319251,2250,135000000,40500000,25317000,8437500,16879500,8437500,0,0,0,8442000,3926766,3.9268
distribute_parallel_for_split_2250_3750_2750,2250,2750,0,5500,103141500,30945751,2750,150000000,49500000,30943000,10312500,20630500,10312500,0,0,0,10318000,4747659,4.7477
distribute_parallel_for_split_2250_3750_3250,2250,3250,0,6500,121894500,36572251,3250,165000000,58500000,36569000,12187500,24381500,12187500,0,0,0,12194000,5605267,5.6053
distribute_parallel_for_split_2250_3750_3750,2250,3750,0,7500,140647500,42198751,3750,180000000,67500000,42195000,14062500,28132500,14062500,0,0,0,14070000,6564588,6.5646
distribute_parallel_for_split_2250_3750_4250,2250,4250,0,8500,159400500,47825251,4250,195000000,76500000,47821000,15937500,31883500,15937500,0,0,0,15946000,7372897,7.3729
distribute_parallel_for_split_2250_4250_1250,2250,1250,0,2500,53132500,15941251,1250,119000000,22500000,15940000,5312500,10627500,5312500,0,0,0,5315000,2575863,2.5759
distribute_parallel_for_split_2250_4250_1750,2250,1750,0,3500,74385500,22317751,1750,136000000,31500000,22316000,7437500,14878500,7437500,0,0,0,7441000,3497101,3.4971
distribute_parallel_for_split_2250_4250_2250,2250,2250,0,4500,95638500,28694251,2250,153000000,40500000,28692000,9562500,19129500,9562500,0,0,0,9567000,4467218,4.4672
distribute_parallel_for_split_2250_4250_2750,2250,2750,0,5500,116891500,35070751,2750,170000000,49500000,35068000,11687500,23380500,11687500,0,0,0,11693000,5465879,5.4659
distribute_parallel_for_split_2250_4250_3250,2250,3250,0,6500,138144500,41447251,3250,187000000,58500000,41444000,13812500,27631500,13812500,0,0,0,13819000,6353081,6.3531
distribute_parallel_for_split_2250_4250_3750,2250,3750,0,7500,159397500,47823751,3750,204000000,67500000,47820000,15937500,31882500,15937500,0,0,0,15945000,7514515,7.5145
distribute_parallel_for_split_2250_4250_4250,2250,4250,0,8500,180650500,54200251,4250,221000000,76500000,54196000,18062500,36133500,18062500,0,0,0,18071000,8402763,8.4028
distribute_parallel_for_split_2350_2150_2150,2350,2150,0,4300,46237900,13873951,2150,77400000,40420000,13871800,4622500,9249300,4622500,0,0,0,4626800,2323902,2.3239
distribute_parallel_for_split_2350_2150_2250,2350,2250,0,4500,48388500,14519251,2250,79120000,42300000,14517000,4837500,9679500,4837500,0,0,0,4842000,2484398,2.4844
distribute_parallel_for_split_2350_2150_2350,2350,2350,0,4700,50539100,15164551,2350,80840000,44180000,15162200,5052500,10109700,5052500,0,0,0,5057200,2547992,2.5480
distribute_parallel_for_split_2350_2150_2450,2350,2450,0,4900,52689700,15809851,2450,82560000,46060000,15807400,5267500,10539900,5267500,0,0,0,5272400,2646903,2.6469
distribute_parallel_for_split_2350_2150_2550,2350,2550,0,5100,54840300,16455151,2550,84280000,47940000,16452600,5482500,10970100,5482500,0,0,0,5487600,2748735,2.7487
distribute_parallel_for_split_2350_2150_2650,2350,2650,0,5300,56990900,17100451,2650,86000000,49820000,17097800,5697500,11400300,5697500,0,0,0,5702800,2864733,2.8647
distribute_parallel_for_split_2350_2150_2750,2350,2750,0,5500,59141500,17745751,2750,87720000,51700000,17743000,5912500,11830500,5912500,0,0,0,5918000,2956185,2.9562
distribute_parallel_for_split_2350_2150_2850,2350,2850,0,5700,61292100,18391051,2850,89440000,53580000,18388200,6127500,12260700,6127500,0,0,0,6133200,3100143,3.1001
distribute_parallel_for_split_2350_2150_2950,2350,2950,0,5900,63442700,19036351,2950,91160000,55460000,19033400,6342500,12690900,6342500,0,0,0,6348400,3173275,3.1733
distribute_parallel_for_split_2350_2250_2150,2350,2150,0,4300,48387900,14518951,2150,81000000,40420000,14516800,4837500,9679300,4837500,0,0,0,4841800,2441649,2.4416
distribute_parallel_for_split_2350_2250_2250,2350,2250,0,4500,50638500,15194251,2250,82800000,42300000,15192000,5062500,10129500,5062500,0,0,0,5067000,2557161,2.5572
distribute_parallel_for_split_2350_2250_2350,2350,2350,0,4700,52889100,15869551,2350,84600000,44180000,15867200,5287500,10579700,5287500,0,0,0,5292200,2661263,2.6613
distribute_parallel_for_split_2350_2250_2450,2350,2450,0,4900,55139700,16544851,2450,86400000,46060000,16542400,5512500,11029900,5512500,0,0,0,5517400,2773126,2.7731
distribute_parallel_for_split_2350_2250_2550,2350,2550,0,5100,57390300,17220151,2550,88200000,47940000,17217600,5737500,11480100,5737500,0,0,0,5742600,2872777,2.8728
distribute_parallel_for_split_2350_2250_2650,2350,2650,0,5300,59640900,17895451,2650,90000000,49820000,17892800,5962500,11930300,5962500,0,0,0,5967800,2971010,2.9710
distribute_parallel_for_split_2350_2250_2750,2350,2750,0,5500,61891500,18570751,2750,91800000,51700000,18568000,6187500,12380500,6187500,0,0,0,6193000,3091556,3.0916
distribute_parallel_for_split_2350_2250_2850,2350,2850,0,5700,64142100,19246051,2850,93600000,53580000,19243200,6412500,12830700,6412500,0,0,0,6418200,3201543,3.2015
distribute_parallel_for_split_2350_2250_2950,2350,2950,0,5900,66392700,19921351,2950,95400000,55460000,19918400,6637500,13280900,6637500,0,0,0,6643400,3330754,3.3308
distribute_parallel_for_split_2350_2350_2150,2350,2150,0,4300,50537900,15163951,2150,84600000,40420000,15161800,5052500,10109300,5052500,0,0,0,5056800,2588225,2.5882
distribute_parallel_for_split_2350_2350_2250,2350,2250,0,4500,52888500,15869251,2250,86480000,42300000,15867000,5287500,10579500,5287500,0,0,0,5292000,2728999,2.7290
distribute_parallel_for_split_2350_2350_2350,2350,2350,0,4700,55239100,16574551,2350,88360000,44180000,16572200,5522500,11049700,5522500,0,0,0,5527200,2769571,2.7696
distribute_parallel_for_split_2350_2350_2450,2350,2450,0,4900,57589700,17279851,2450,90240000,46060000,17277400,5757500,11519900,5757500,0,0,0,5762400,2887966,2.8880
distribute_parallel_for_split_2350_2350_2550,2350,2550,0,5100,59940300,17985151,2550,92120000,47940000,17982600,5992500,11990100,5992500,0,0,0,5997600,2994887,2.9949
distribute_parallel_for_split_2350_2350_2650,2350,2650,0,5300,62290900,18690451,2650,94000000,49820000,18687800,6227500,12460300,6227500,0,0,0,6232800,3119598,3.1196
distribute_parallel_for_split_2350_2350_2750,2350,2750,0,5500,64641500,19395751,2750,95880000,51700000,19393000,6462500,12930500,6462500,0,0,0,6468000,3228000,3.2280
distribute_parallel_for_split_2350_2350_2850,2350,2850,0,5700,66992100,20101051,2850,97760000,53580000,20098200,6697500,13400700,6697500,0,0,0,6703200,3359282,3.3593
distribute_parallel_for_split_2350_2350_2950,2350,2950,0,5900,69342700,20806351,2950,99640000,55460000,20803400,6932500,13870900,6932500,0,0,0,6938400,3481995,3.4820
distribute_parallel_for_split_2350_2450_2150,2350,2150,0,4300,52687900,15808951,2150,88200000,40420000,15806800,5267500,10539300,5267500,0,0,0,5271800,2789847,2.7898
distribute_parallel_for_split_2350_2450_2250,2350,2250,0,4500,55138500,16544251,2250,90160000,42300000,16542000,5512500,11029500,5512500,0,0,0,5517000,2872186,2.8722
distribute_parallel_for_split_2350_2450_2350,2350,2350,0,4700,57589100,17279551,2350,92120000,44180000,17277200,5757500,11519700,5757500,0,0,0,5762200,2919042,2.9190
distribute_parallel_for_split_2350_2450_2450,2350,2450,0,4900,60039700,18014851,2450,94080000,46060000,18012400,6002500,12009900,6002500,0,0,0,6007400,3012851,3.0129
distribute_parallel_for_split_2350_2450_2550,2350,2550,0,5100,62490300,18750151,2550,96040000,47940000,18747600,6247500,12500100,6247500,0,0,0,6252600,3127672,3.1277
distribute_parallel_for_split_2350_2450_2650,2350,2650,0,5300,64940900,19485451,2650,98000000,49820000,19482800,6492500,12990300,6492500,0,0,0,6497800,3248309,3.2483
distribute_parallel_for_split_2350_2450_2750,2350,2750,0,5500,67391500,20220751,2750,99960000,51700000,20218000,6737500,13480500,6737500,0,0,0,6743000,3355249,3.3552
distribute_parallel_for_split_2350_2450_2850,2350,2850,0,5700,69842100,20956051,2850,101920000,53580000,20953200,6982500,13970700,6982500,0,0,0,6988200,3518226,3.5182
distribute_parallel_for_split_2350_2450_2950,2350,2950,0,5900,72292700,21691351,2950,103880000,55460000,21688400,7227500,14460900,7227500,0,0,0,7233400,3609400,3.6094
distribute_parallel_for_split_2350_2550_2150,2350,2150,0,4300,54837900,16453951,2150,91800000,40420000,16451800,5482500,10969300,5482500,0,0,0,5486800,2797551,2.7976
distribute_parallel_for_split_2350_2550_2250,2350,2250,0,4500,57388500,17219251,2250,93840000,42300000,17217000,5737500,11479500,5737500,0,0,0,5742000,2896263,2.8963
distribute_parallel_for_split_2350_2550_2350,2350,2350,0,4700,59939100,17984551,2350,95880000,44180000,17982200,5992500,11989700,5992500,0,0,0,5997200,3011288,3.0113
distribute_parallel_for_split_2350_2550_2450,2350,2450,0,4900,62489700,18749851,2450,97920000,46060000,18747400,6247500,12499900,6247500,0,0,0,6252400,3130189,3.1302
distribute_parallel_for_split_2350_2550_2550,2350,2550,0,5100,65040300,19515151,2550,99960000,47940000,19512600,6502500,13010100,6502500,0,0,0,6507600,3262833,3.2628
distribute_parallel_for_split_2350_2550_2650,2350,2650,0,5300,67590900,20280451,2650,102000000,49820000,20277800,6757500,13520300,6757500,0,0,0,6762800,3377647,3.3776
distribute_parallel_for_split_2350_2550_2750,2350,2750,0,5500,70141500,21045751,2750,104040000,51700000,21043000,7012500,14030500,7012500,0,0,0,7018000,3497853,3.4979
distribute_parallel_for_split_2350_2550_2850,2350,2850,0,5700,72692100,21811051,2850,106080000,53580000,21808200,7267500,14540700,7267500,0,0,0,7273200,3635952,3.6360
distribute_parallel_for_split_2350_2550_2950,2350,2950,0,5900,75242700,22576351,2950,108120000,55460000,22573400,7522500,15050900,7522500,0,0,0,7528400,3827116,3.8271
distribute_parallel_for_split_2350_2650_2150,2350,2150,0,4300,56987900,17098951,2150,95400000,40420000,17096800,5697500,11399300,5697500,0,0,0,5701800,2930821,2.9308
distribute_parallel_for_split_2350_2650_2250,2350,2250,0,4500,59638500,17894251,2250,97520000,42300000,17892000,5962500,11929500,5962500,0,0,0,5967000,3054360,3.0544
distribute_parallel_for_split_2350_2650_2350,2350,2350,0,4700,62289100,18689551,2350,99640000,44180000,18687200,6227500,12459700,6227500,0,0,0,6232200,3140373,3.1404
distribute_parallel_for_split_2350_2650_2450,2350,2450,0,4900,64939700,19484851,2450,101760000,46060000,19482400,6492500,12989900,6492500,0,0,0,6497400,3238966,3.2390
distribute_parallel_for_split_2350_2650_2550,2350,2550,0,5100,67590300,20280151,2550,103880000,47940000,20277600,6757500,13520100,6757500,0,0,0,6762600,3388820,3.3888
distribute_parallel_for_split_2350_2650_2650,2350,2650,0,5300,70240900,21075451,2650,106000000,49820000,21072800,7022500,14050300,7022500,0,0,0,7027800,3523300,3.5233
distribute_parallel_for_split_2350_2650_2750,2350,2750,0,5500,72891500,21870751,2750,108120000,51700000,21868000,7287500,14580500,7287500,0,0,0,7293000,3638062,3.6381
distribute_parallel_for_split_2350_2650_2850,2350,2850,0,5700,75542100,22666051,2850,110240000,53580000,22663200,7552500,15110700,7552500,0,0,0,7558200,3776144,3.7761
distribute_parallel_for_split_2350_2650_2950,2350,2950,0,5900,78192700,23461351,2950,112360000,55460000,23458400,7817500,15640900,7817500,0,0,0,7823400,3902152,3.9022
distribute_parallel_for_split_2350_2750_2150,2350,2150,0,4300,59137900,17743951,2150,99000000,40420000,17741800,5912500,11829300,5912500,0,0,0,5916800,2977206,2.9772
distribute_parallel_for_split_2350_2750_2250,2350,2250,0,4500,61888500,18569251,2250,101200000,42300000,18567000,6187500,12379500,6187500,0,0,0,6192000,3136847,3.1368
distribute_parallel_for_split_2350_2750_2350,2350,2350,0,4700,64639100,19394551,2350,103400000,44180000,19392200,6462500,12929700,6462500,0,0,0,6467200,3254206,3.2542
distribute_parallel_for_split_2350_2750_2450,2350,2450,0,4900,67389700,20219851,2450,105600000,46060000,20217400,6737500,13479900,6737500,0,0,0,6742400,3395207,3.3952
distribute_parallel_for_split_2350_2750_2550,2350,2550,0,5100,70140300,21045151,2550,107800000,47940000,21042600,7012500,14030100,7012500,0,0,0,7017600,3517924,3.5179
distribute_parallel_for_split_2350_2750_2650,2350,2650,0,5300,72890900,21870451,2650,110000000,49820000,21867800,7287500,14580300,7287500,0,0,0,7292800,3647078,3.6471
distribute_parallel_for_split_2350_2750_2750,2350,2750,0,5500,75641500,22695751,2750,112200000,51700000,22693000,7562500,15130500,7562500,0,0,0,7568000,3769514,3.7695
distribute_parallel_for_split_2350_2750_2850,2350,2850,0,5700,78392100,23521051,2850,114400000,53580000,23518200,7837500,15680700,7837500,0,0,0,7843200,3997362,3.9974
distribute_parallel_for_split_2350_2750_2950,2350,2950,0,5900,81142700,24346351,2950,116600000,55460000,24343400,8112500,16230900,8112500,0,0,0,8118400,4057181,4.0572
distribute_parallel_for_split_2350_2850_2150,2350,2150,0,4300,61287900,18388951,2150,102600000,40420000,18386800,6127500,12259300,6127500,0,0,0,6131800,3168814,3.1688
distribute_parallel_for_split_2350_2850_2250,2350,2250,0,4500,64138500,19244251,2250,104880000,42300000,19242000,6412500,12829500,6412500,0,0,0,6417000,3238087,3.2381
distribute_parallel_for_split_2350_2850_2350,2350,2350,0,4700,66989100,20099551,2350,107160000,44180000,20097200,6697500,13399700,6697500,0,0,0,6702200,3385824,3.3858
distribute_parallel_for_split_2350_2850_2450,2350,2450,0,4900,69839700,20954851,2450,109440000,46060000,20952400,6982500,13969900,6982500,0,0,0,6987400,3501732,3.5017
distribute_parallel_for_split_2350_2850_2550,2350,2550,0,5100,72690300,21810151,2550,111720000,47940000,21807600,7267500,14540100,7267500,0,0,0,7272600,3641524,3.6415
distribute_parallel_for_split_2350_2850_2650,2350,2650,0,5300,75540900,22665451,2650,114000000,49820000,22662800,7552500,15110300,7552500,0,0,0,7557800,3770113,3.7701
distribute_parallel_for_split_2350_2850_2750,2350,2750,0,5500,78391500,23520751,2750,116280000,51700000,23518000,7837500,15680500,7837500,0,0,0,7843000,3986431,3.9864
distribute_parallel_for_split_2350_2850_2850,2350,2850,0,5700,81242100,24376051,2850,118560000,53580000,24373200,8122500,16250700,8122500,0,0,0,8128200,4079851,4.0799
distribute_parallel_for_split_2350_2850_2950,2350,2950,0,5900,84092700,25231351,2950,120840000,55460000,25228400,8407500,16820900,8407500,0,0,0,8413400,4258065,4.2581
distribute_parallel_for_split_2350_2950_2150,2350,2150,0,4300,63437900,19033951,2150,106200000,40420000,19031800,6342500,12689300,6342500,0,0,0,6346800,3196440,3.1964
distribute_parallel_for_split_2350_2950_2250,2350,2250,0,4500,66388500,19919251,2250,108560000,42300000,19917000,6637500,13279500,6637500,0,0,0,6642000,3338445,3.3384
distribute_parallel_for_split_2350_2950_2350,2350,2350,0,4700,69339100,20804551,2350,110920000,44180000,20802200,6932500,13869700,6932500,0,0,0,6937200,3490360,3.4904
distribute_parallel_for_split_2350_2950_2450,2350,2450,0,4900,72289700,21689851,2450,113280000,46060000,21687400,7227500,14459900,7227500,0,0,0,7232400,3624370,3.6244
distribute_parallel_for_split_2350_2950_2550,2350,2550,0,5100,75240300,22575151,2550,115640000,47940000,22572600,7522500,15050100,7522500,0,0,0,7527600,3785295,3.7853
distribute_parallel_for_split_2350_2950_2650,2350,2650,0,5300,78190900,23460451,2650,118000000,49820000,23457800,7817500,15640300,7817500,0,0,0,7822800,3895706,3.8957
distribute_parallel_for_split_2350_2950_2750,2350,2750,0,5500,81141500,24345751,2750,120360000,51700000,24343000,8112500,16230500,8112500,0,0,0,8118000,4200688,4.2007
distribute_parallel_for_split_2350_2950_2850,2350,2850,0,5700,84092100,25231051,2850,122720000,53580000,25228200,8407500,16820700,8407500,0,0,0,8413200,4233631,4.2336
distribute_parallel_for_split_2350_2950_2950,2350,2950,0,5900,87042700,26116351,2950,125080000,55460000,26113400,8702500,17410900,8702500,0,0,0,8708400,4396141,4.3961
distribute_parallel_for_split_2400_1400_1400,2400,1400,0,2800,19608400,5884201,1400,42560000,26880000,5882800,1960000,3922800,1960000,0,0,0,1962800,1012961,1.0130
distribute_parallel_for_split_2400_1400_1900,2400,1900,0,3800,26611400,7985701,1900,48160000,36480000,7983800,2660000,5323800,2660000,0,0,0,2663800,1382880,1.3829
distribute_parallel_for_split_2400_1400_2400,2400,2400,0,4800,33614400,10087201,2400,53760000,46080000,10084800,3360000,6724800,3360000,0,0,0,3364800,1739253,1.7393
distribute_parallel_for_split_2400_1400_2900,2400,2900,0,5800,40617400,12188701,2900,59360000,55680000,12185800,4060000,8125800,4060000,0,0,0,4065800,2080165,2.0802
distribute_parallel_for_split_2400_1400_3400,2400,3400,0,6800,47620400,14290201,3400,64960000,65280000,14286800,4760000,9526800,4760000,0,0,0,4766800,2431699,2.4317
distribute_parallel_for_split_2400_1400_3900,2400,3900,0,7800,54623400,16391701,3900,70560000,74880000,16387800,5460000,10927800,5460000,0,0,0,5467800,2764207,2.7642
distribute_parallel_for_split_2400_1400_900,2400,900,0,1800,12605400,3782701,900,36960000,17280000,3781800,1260000,2521800,1260000,0,0,0,1261800,677176,0.6772
distribute_parallel_for_split_2400_1900_1400,2400,1400,0,2800,26608400,7984201,1400,57760000,26880000,7982800,2660000,5322800,2660000,0,0,0,2662800,1364415,1.3644
distribute_parallel_for_split_2400_1900_1900,2400,1900,0,3800,36111400,10835701,1900,65360000,36480000,10833800,3610000,7223800,3610000,0,0,0,3613800,1837895,1.8379
distribute_parallel_for_split_2400_1900_2400,2400,2400,0,4800,45614400,13687201,2400,72960000,46080000,13684800,4560000,9124800,4560000,0,0,0,4564800,2324846,2.3248
distribute_parallel_for_split_2400_1900_2900,2400,2900,0,5800,55117400,16538701,2900,80560000,55680000,16535800,5510000,11025800,5510000,0,0,0,5515800,2815403,2.8154
distribute_parallel_for_split_2400_1900_3400,2400,3400,0,6800,64620400,19390201,3400,88160000,65280000,19386800,6460000,12926800,6460000,0,0,0,6466800,3300128,3.3001
distribute_parallel_for_split_2400_1900_3900,2400,3900,0,7800,74123400,22241701,3900,95760000,74880000,22237800,7410000,14827800,7410000,0,0,0,7417800,3745201,3.7452
distribute_parallel_for_split_2400_1900_900,2400,900,0,1800,17105400,5132701,900,50160000,17280000,5131800,1710000,3421800,1710000,0,0,0,1711800,912881,0.9129
distribute_parallel_for_split_2400_2400_1400,2400,1400,0,2800,33608400,10084201,1400,72960000,26880000,10082800,3360000,6722800,3360000,0,0,0,3362800,1742759,1.7428
distribute_parallel_for_split_2400_2400_1900,2400,1900,0,3800,45611400,13685701,1900,82560000,36480000,13683800,4560000,9123800,4560000,0,0,0,4563800,2319880,2.3199
distribute_parallel_for_split_2400_2400_2400,2400,2400,0,4800,57614400,17287201,2400,92160000,46080000,17284800,5760000,11524800,5760000,0,0,0,5764800,2875718,2.8757
distribute_parallel_for_split_2400_2400_2900,2400,2900,0,5800,69617400,20888701,2900,101760000,55680000,20885800,6960000,13925800,6960000,0,0,0,6965800,3546765,3.5468
distribute_parallel_for_split_2400_2400_3400,2400,3400,0,6800,81620400,24490201,3400,111360000,65280000,24486800,8160000,16326800,8160000,0,0,0,8166800,4142269,4.1423
distribute_parallel_for_split_2400_2400_3900,2400,3900,0,7800,93623400,28091701,3900,120960000,74880000,28087800,9360000,18727800,9360000,0,0,0,9367800,4724044,4.7240
distribute_parallel_for_split_2400_2400_900,2400,900,0,1800,21605400,6482701,900,63360000,17280000,6481800,2160000,4321800,2160000,0,0,0,2161800,1151812,1.1518
distribute_parallel_for_split_2400_2900_1400,2400,1400,0,2800,40608400,12184201,1400,88160000,26880000,12182800,4060000,8122800,4060000,0,0,0,4062800,2145151,2.1452
distribute_parallel_for_split_2400_2900_1900,2400,1900,0,3800,55111400,16535701,1900,99760000,36480000,16533800,5510000,11023800,5510000,0,0,0,5513800,2889836,2.8898
distribute_parallel_for_split_2400_2900_2400,2400,2400,0,4800,69614400,20887201,2400,111360000,46080000,20884800,6960000,13924800,6960000,0,0,0,6964800,3527859,3.5279
distribute_parallel_for_split_2400_2900_2900,2400,2900,0,5800,84117400,25238701,2900,122960000,55680000,25235800,8410000,16825800,8410000,0,0,0,8415800,4284594,4.2846
distribute_parallel_for_split_2400_2900_3400,2400,3400,0,6800,98620400,29590201,3400,134560000,65280000,29586800,9860000,19726800,9860000,0,0,0,9866800,5005373,5.0054
distribute_parallel_for_split_2400_2900_3900,2400,3900,0,7800,113123400,33941701,3900,146160000,74880000,33937800,11310000,22627800,11310000,0,0,0,11317800,5732526,5.7325
distribute_parallel_for_split_2400_2900_900,2400,900,0,1800,26105400,7832701,900,76560000,17280000,7831800,2610000,5221800,2610000,0,0,0,2611800,1389267,1.3893
distribute_parallel_for_split_2400_3400_1400,2400,1400,0,2800,47608400,14284201,1400,103360000,26880000,14282800,4760000,9522800,4760000,0,0,0,4762800,2444861,2.4449
distribute_parallel_for_split_2400_3400_1900,2400,1900,0,3800,64611400,19385701,1900,116960000,36480000,19383800,6460000,12923800,6460000,0,0,0,6463800,3358659,3.3587
distribute_parallel_for_split_2400_3400_2400,2400,2400,0,4800,81614400,24487201,2400,130560000,46080000,24484800,8160000,16324800,8160000,0,0,0,8164800,4070479,4.0705
distribute_parallel_for_split_2400_3400_2900,2400,2900,0,5800,98617400,29588701,2900,144160000,55680000,29585800,9860000,19725800,9860000,0,0,0,9865800,5036741,5.0367
distribute_parallel_for_split_2400_3400_3400,2400,3400,0,6800,115620400,34690201,3400,157760000,65280000,34686800,11560000,23126800,11560000,0,0,0,11566800,5866817,5.8668
distribute_parallel_for_split_2400_3400_3900,2400,3900,0,7800,132623400,39791701,3900,171360000,74880000,39787800,13260000,26527800,13260000,0,0,0,13267800,6697790,6.6978
distribute_parallel_for_split_2400_3400_900,2400,900,0,1800,30605400,9182701,900,89760000,17280000,9181800,3060000,6121800,3060000,0,0,0,3061800,1634461,1.6345
distribute_parallel_for_split_2400_3900_1400,2400,1400,0,2800,54608400,16384201,1400,118560000,26880000,16382800,5460000,10922800,5460000,0,0,0,5462800,2860287,2.8603
distribute_parallel_for_split_2400_3900_1900,2400,1900,0,3800,74111400,22235701,1900,134160000,36480000,22233800,7410000,14823800,7410000,0,0,0,7413800,3772606,3.7726
distribute_parallel_for_split_2400_3900_2400,2400,2400,0,4800,93614400,28087201,2400,149760000,46080000,28084800,9360000,18724800,9360000,0,0,0,9364800,4749871,4.7499
distribute_parallel_for_split_2400_3900_2900,2400,2900,0,5800,113117400,33938701,2900,165360000,55680000,33935800,11310000,22625800,11310000,0,0,0,11315800,5754672,5.7547
distribute_parallel_for_split_2400_3900_3400,2400,3400,0,6800,132620400,39790201,3400,180960000,65280000,39786800,13260000,26526800,13260000,0,0,0,13266800,6751853,6.7519
distribute_parallel_for_split_2400_3900_3900,2400,3900,0,7800,152123400,45641701,3900,196560000,74880000,45637800,15210000,30427800,15210000,0,0,0,15217800,7707923,7.7079
distribute_parallel_for_split_2400_3900_900,2400,900,0,1800,35105400,10532701,900,102960000,17280000,10531800,3510000,7021800,3510000,0,0,0,3511800,1869449,1.8694
distribute_parallel_for_split_2400_900_1400,2400,1400,0,2800,12608400,3784201,1400,27360000,26880000,3782800,1260000,2522800,1260000,0,0,0,1262800,665621,0.6656
distribute_parallel_for_split_2400_900_1900,2400,1900,0,3800,17111400,5135701,1900,30960000,36480000,5133800,1710000,3423800,1710000,0,0,0,1713800,873429,0.8734
distribute_parallel_for_split_2400_900_2400,2400,2400,0,4800,21614400,6487201,2400,34560000,46080000,6484800,2160000,4324800,2160000,0,0,0,2164800,1082676,1.0827
distribute_parallel_for_split_2400_900_2900,2400,2900,0,5800,26117400,7838701,2900,38160000,55680000,7835800,2610000,5225800,2610000,0,0,0,2615800,1337728,1.3377
distribute_parallel_for_split_2400_900_3400,2400,3400,0,6800,30620400,9190201,3400,41760000,65280000,9186800,3060000,6126800,3060000,0,0,0,3066800,1566367,1.5664
distribute_parallel_for_split_2400_900_3900,2400,3900,0,7800,35123400,10541701,3900,45360000,74880000,10537800,3510000,7027800,3510000,0,0,0,3517800,1781623,1.7816
distribute_parallel_for_split_2400_900_900,2400,900,0,1800,8105400,2432701,900,23760000,17280000,2431800,810000,1621800,810000,0,0,0,811800,434961,0.4350
distribute_parallel_for_split_2450_2150_2150,2450,2150,0,4300,46237900,13873951,2150,79120000,42140000,13871800,4622500,9249300,4622500,0,0,0,4626800,2378197,2.3782
distribute_parallel_for_split_2450_2150_2250,2450,2250,0,4500,48388500,14519251,2250,80840000,44100000,14517000,4837500,9679500,4837500,0,0,0,4842000,2491505,2.4915
distribute_parallel_for_split_2450_2150_2350,2450,2350,0,4700,50539100,15164551,2350,82560000,46060000,15162200,5052500,10109700,5052500,0,0,0,5057200,2597008,2.5970
distribute_parallel_for_split_2450_2150_2450,2450,2450,0,4900,52689700,15809851,2450,84280000,48020000,15807400,5267500,10539900,5267500,0,0,0,5272400,2682037,2.6820
distribute_parallel_for_split_2450_2150_2550,2450,2550,0,5100,54840300,16455151,2550,86000000,49980000,16452600,5482500,10970100,5482500,0,0,0,5487600,2803495,2.8035
distribute_parallel_for_split_2450_2150_2650,2450,2650,0,5300,56990900,17100451,2650,87720000,51940000,17097800,5697500,11400300,5697500,0,0,0,5702800,2915480,2.9155
distribute_parallel_for_split_2450_2150_2750,2450,2750,0,5500,59141500,17745751,2750,89440000,53900000,17743000,5912500,11830500,5912500,0,0,0,5918000,2993400,2.9934
distribute_parallel_for_split_2450_2150_2950,2450,2950,0,5900,63442700,19036351,2950,92880000,57820000,19033400,6342500,12690900,6342500,0,0,0,6348400,3336875,3.3369
distribute_parallel_for_split_2450_2250_2150,2450,2150,0,4300,48387900,14518951,2150,82800000,42140000,14516800,4837500,9679300,4837500,0,0,0,4841800,2527404,2.5274
distribute_parallel_for_split_2450_2250_2250,2450,2250,0,4500,50638500,15194251,2250,84600000,44100000,15192000,5062500,10129500,5062500,0,0,0,5067000,2627780,2.6278
distribute_parallel_for_split_2450_2250_2350,2450,2350,0,4700,52889100,15869551,2350,86400000,46060000,15867200,5287500,10579700,5287500,0,0,0,5292200,2697135,2.6971
distribute_parallel_for_split_2450_2250_2450,2450,2450,0,4900,55139700,16544851,2450,88200000,48020000,16542400,5512500,11029900,5512500,0,0,0,5517400,2815011,2.8150
distribute_parallel_for_split_2450_2250_2550,2450,2550,0,5100,57390300,17220151,2550,90000000,49980000,17217600,5737500,11480100,5737500,0,0,0,5742600,2924599,2.9246
distribute_parallel_for_split_2450_2250_2650,2450,2650,0,5300,59640900,17895451,2650,91800000,51940000,17892800,5962500,11930300,5962500,0,0,0,5967800,3023354,3.0234
distribute_parallel_for_split_2450_2250_2750,2450,2750,0,5500,61891500,18570751,2750,93600000,53900000,18568000,6187500,12380500,6187500,0,0,0,6193000,3149216,3.1492
distribute_parallel_for_split_2450_2250_2850,2450,2850,0,5700,64142100,19246051,2850,95400000,55860000,19243200,6412500,12830700,6412500,0,0,0,6418200,3264850,3.2649
distribute_parallel_for_split_2450_2250_2950,2450,2950,0,5900,66392700,19921351,2950,97200000,57820000,19918400,6637500,13280900,6637500,0,0,0,6643400,3478849,3.4788
distribute_parallel_for_split_2450_2350_2150,2450,2150,0,4300,50537900,15163951,2150,86480000,42140000,15161800,5052500,10109300,5052500,0,0,0,5056800,2593390,2.5934
distribute_parallel_for_split_2450_2350_2250,2450,2250,0,4500,52888500,15869251,2250,88360000,44100000,15867000,5287500,10579500,5287500,0,0,0,5292000,2720343,2.7203
distribute_parallel_for_split_2450_2350_2350,2450,2350,0,4700,55239100,16574551,2350,90240000,46060000,16572200,5522500,11049700,5522500,0,0,0,5527200,2821956,2.8220
distribute_parallel_for_split_2450_2350_2450,2450,2450,0,4900,57589700,17279851,2450,92120000,48020000,17277400,5757500,11519900,5757500,0,0,0,5762400,2938934,2.9389
distribute_parallel_for_split_2450_2350_2550,2450,2550,0,5100,59940300,17985151,2550,94000000,49980000,17982600,5992500,11990100,5992500,0,0,0,5997600,3060660,3.0607
distribute_parallel_for_split_2450_2350_2650,2450,2650,0,5300,62290900,18690451,2650,95880000,51940000,18687800,6227500,12460300,6227500,0,0,0,6232800,3171225,3.1712
distribute_parallel_for_split_2450_2350_2750,2450,2750,0,5500,64641500,19395751,2750,97760000,53900000,19393000,6462500,12930500,6462500,0,0,0,6468000,3275966,3.2760
distribute_parallel_for_split_2450_2350_2850,2450,2850,0,5700,66992100,20101051,2850,99640000,55860000,20098200,6697500,13400700,6697500,0,0,0,6703200,3431537,3.4315
distribute_parallel_for_split_2450_2350_2950,2450,2950,0,5900,69342700,20806351,2950,101520000,57820000,20803400,6932500,13870900,6932500,0,0,0,6938400,3540724,3.5407
distribute_parallel_for_split_2450_2450_2150,2450,2150,0,4300,52687900,15808951,2150,90160000,42140000,15806800,5267500,10539300,5267500,0,0,0,5271800,2715067,2.7151
distribute_parallel_for_split_2450_2450_2250,2450,2250,0,4500,55138500,16544251,2250,92120000,44100000,16542000,5512500,11029500,5512500,0,0,0,5517000,2828232,2.8282
distribute_parallel_for_split_2450_2450_2350,2450,2350,0,4700,57589100,17279551,2350,94080000,46060000,17277200,5757500,11519700,5757500,0,0,0,5762200,2938223,2.9382
distribute_parallel_for_split_2450_2450_2450,2450,2450,0,4900,60039700,18014851,2450,96040000,48020000,18012400,6002500,12009900,6002500,0,0,0,6007400,3070128,3.0701
distribute_parallel_for_split_2450_2450_2550,2450,2550,0,5100,62490300,18750151,2550,98000000,49980000,18747600,6247500,12500100,6247500,0,0,0,6252600,3184486,3.1845
distribute_parallel_for_split_2450_2450_2650,2450,2650,0,5300,64940900,19485451,2650,99960000,51940000,19482800,6492500,12990300,6492500,0,0,0,6497800,3304226,3.3042
distribute_parallel_for_split_2450_2450_2750,2450,2750,0,5500,67391500,20220751,2750,101920000,53900000,20218000,6737500,13480500,6737500,0,0,0,6743000,3416179,3.4162
distribute_parallel_for_split_2450_2450_2850,2450,2850,0,5700,69842100,20956051,2850,103880000,55860000,20953200,6982500,13970700,6982500,0,0,0,6988200,3558448,3.5584
distribute_parallel_for_split_2450_2450_2950,2450,2950,0,5900,72292700,21691351,2950,105840000,57820000,21688400,7227500,14460900,7227500,0,0,0,7233400,3686438,3.6864
distribute_parallel_for_split_2450_2550_2150,2450,2150,0,4300,54837900,16453951,2150,93840000,42140000,16451800,5482500,10969300,5482500,0,0,0,5486800,2826184,2.8262
distribute_parallel_for_split_2450_2550_2250,2450,2250,0,4500,57388500,17219251,2250,95880000,44100000,17217000,5737500,11479500,5737500,0,0,0,5742000,2955623,2.9556
distribute_parallel_for_split_2450_2550_2350,2450,2350,0,4700,59939100,17984551,2350,97920000,46060000,17982200,5992500,11989700,5992500,0,0,0,5997200,3062117,3.0621
distribute_parallel_for_split_2450_2550_2450,2450,2450,0,4900,62489700,18749851,2450,99960000,48020000,18747400,6247500,12499900,6247500,0,0,0,6252400,3234872,3.2349
distribute_parallel_for_split_2450_2550_2550,2450,2550,0,5100,65040300,19515151,2550,102000000,49980000,19512600,6502500,13010100,6502500,0,0,0,6507600,3334239,3.3342
distribute_parallel_for_split_2450_2550_2650,2450,2650,0,5300,67590900,20280451,2650,104040000,51940000,20277800,6757500,13520300,6757500,0,0,0,6762800,3511884,3.5119
distribute_parallel_for_split_2450_2550_2750,2450,2750,0,5500,70141500,21045751,2750,106080000,53900000,21043000,7012500,14030500,7012500,0,0,0,7018000,3558233,3.5582
distribute_parallel_for_split_2450_2550_2850,2450,2850,0,5700,72692100,21811051,2850,108120000,55860000,21808200,7267500,14540700,7267500,0,0,0,7273200,3699503,3.6995
distribute_parallel_for_split_2450_2550_2950,2450,2950,0,5900,75242700,22576351,2950,110160000,57820000,22573400,7522500,15050900,7522500,0,0,0,7528400,3820726,3.8207
distribute_parallel_for_split_2450_2650_2150,2450,2150,0,4300,56987900,17098951,2150,97520000,42140000,17096800,5697500,11399300,5697500,0,0,0,5701800,2928943,2.9289
distribute_parallel_for_split_2450_2650_2250,2450,2250,0,4500,59638500,17894251,2250,99640000,44100000,17892000,5962500,11929500,5962500,0,0,0,5967000,3081658,3.0817
distribute_parallel_for_split_2450_2650_2350,2450,2350,0,4700,62289100,18689551,2350,101760000,46060000,18687200,6227500,12459700,6227500,0,0,0,6232200,3185708,3.1857
distribute_parallel_for_split_2450_2650_2450,2450,2450,0,4900,64939700,19484851,2450,103880000,48020000,19482400,6492500,12989900,6492500,0,0,0,6497400,3315403,3.3154
distribute_parallel_for_split_2450_2650_2550,2450,2550,0,5100,67590300,20280151,2550,106000000,49980000,20277600,6757500,13520100,6757500,0,0,0,6762600,3445354,3.4454
distribute_parallel_for_split_2450_2650_2650,2450,2650,0,5300,70240900,21075451,2650,108120000,51940000,21072800,7022500,14050300,7022500,0,0,0,7027800,3587521,3.5875
distribute_parallel_for_split_2450_2650_2750,2450,2750,0,5500,72891500,21870751,2750,110240000,53900000,21868000,7287500,14580500,7287500,0,0,0,7293000,3700604,3.7006
distribute_parallel_for_split_2450_2650_2850,2450,2850,0,5700,75542100,22666051,2850,112360000,55860000,22663200,7552500,15110700,7552500,0,0,0,7558200,3847584,3.8476
distribute_parallel_for_split_2450_2650_2950,2450,2950,0,5900,78192700,23461351,2950,114480000,57820000,23458400,7817500,15640900,7817500,0,0,0,7823400,3980455,3.9805
distribute_parallel_for_split_2450_2750_2150,2450,2150,0,4300,59137900,17743951,2150,101200000,42140000,17741800,5912500,11829300,5912500,0,0,0,5916800,3046339,3.0463
distribute_parallel_for_split_2450_2750_2250,2450,2250,0,4500,61888500,18569251,2250,103400000,44100000,18567000,6187500,12379500,6187500,0,0,0,6192000,3242397,3.2424
distribute_parallel_for_split_2450_2750_2350,2450,2350,0,4700,64639100,19394551,2350,105600000,46060000,19392200,6462500,12929700,6462500,0,0,0,6467200,3340860,3.3409
distribute_parallel_for_split_2450_2750_2450,2450,2450,0,4900,67389700,20219851,2450,107800000,48020000,20217400,6737500,13479900,6737500,0,0,0,6742400,3434298,3.4343
distribute_parallel_for_split_2450_2750_2550,2450,2550,0,5100,70140300,21045151,2550,110000000,49980000,21042600,7012500,14030100,7012500,0,0,0,7017600,3578732,3.5787
distribute_parallel_for_split_2450_2750_2650,2450,2650,0,5300,72890900,21870451,2650,112200000,51940000,21867800,7287500,14580300,7287500,0,0,0,7292800,3729991,3.7300
distribute_parallel_for_split_2450_2750_2750,2450,2750,0,5500,75641500,22695751,2750,114400000,53900000,22693000,7562500,15130500,7562500,0,0,0,7568000,3839876,3.8399
distribute_parallel_for_split_2450_2750_2850,2450,2850,0,5700,78392100,23521051,2850,116600000,55860000,23518200,7837500,15680700,7837500,0,0,0,7843200,4033553,4.0336
distribute_parallel_for_split_2450_2750_2950,2450,2950,0,5900,81142700,24346351,2950,118800000,57820000,24343400,8112500,16230900,8112500,0,0,0,8118400,4133586,4.1336
distribute_parallel_for_split_2450_2850_2150,2450,2150,0,4300,61287900,18388951,2150,104880000,42140000,18386800,6127500,12259300,6127500,0,0,0,6131800,3161042,3.1610
distribute_parallel_for_split_2450_2850_2250,2450,2250,0,4500,64138500,19244251,2250,107160000,44100000,19242000,6412500,12829500,6412500,0,0,0,6417000,3298326,3.2983
distribute_parallel_for_split_2450_2850_2350,2450,2350,0,4700,66989100,20099551,2350,109440000,46060000,20097200,6697500,13399700,6697500,0,0,0,6702200,3418676,3.4187
distribute_parallel_for_split_2450_2850_2450,2450,2450,0,4900,69839700,20954851,2450,111720000,48020000,20952400,6982500,13969900,6982500,0,0,0,6987400,3562889,3.5629
distribute_parallel_for_split_2450_2850_2550,2450,2550,0,5100,72690300,21810151,2550,114000000,49980000,21807600,7267500,14540100,7267500,0,0,0,7272600,3689713,3.6897
distribute_parallel_for_split_2450_2850_2650,2450,2650,0,5300,75540900,22665451,2650,116280000,51940000,22662800,7552500,15110300,7552500,0,0,0,7557800,3869974,3.8700
distribute_parallel_for_split_2450_2850_2750,2450,2750,0,5500,78391500,23520751,2750,118560000,53900000,23518000,7837500,15680500,7837500,0,0,0,7843000,3971919,3.9719
distribute_parallel_for_split_2450_2850_2850,2450,2850,0,5700,81242100,24376051,2850,120840000,55860000,24373200,8122500,16250700,8122500,0,0,0,8128200,4136469,4.1365
distribute_parallel_for_split_2450_2850_2950,2450,2950,0,5900,84092700,25231351,2950,123120000,57820000,25228400,8407500,16820900,8407500,0,0,0,8413400,4349223,4.3492
distribute_parallel_for_split_2450_2950_2150,2450,2150,0,4300,63437900,19033951,2150,108560000,42140000,19031800,6342500,12689300,6342500,0,0,0,6346800,3271387,3.2714
distribute_parallel_for_split_2450_2950_2250,2450,2250,0,4500,66388500,19919251,2250,110920000,44100000,19917000,6637500,13279500,6637500,0,0,0,6642000,3413814,3.4138
distribute_parallel_for_split_2450_2950_2350,2450,2350,0,4700,69339100,20804551,2350,113280000,46060000,20802200,6932500,13869700,6932500,0,0,0,6937200,3557872,3.5579
distribute_parallel_for_split_2450_2950_2450,2450,2450,0,4900,72289700,21689851,2450,115640000,48020000,21687400,7227500,14459900,7227500,0,0,0,7232400,3685272,3.6853
distribute_parallel_for_split_2450_2950_2550,2450,2550,0,5100,75240300,22575151,2550,118000000,49980000,22572600,7522500,15050100,7522500,0,0,0,7527600,3826177,3.8262
distribute_parallel_for_split_2450_2950_2650,2450,2650,0,5300,78190900,23460451,2650,120360000,51940000,23457800,7817500,15640300,7817500,0,0,0,7822800,3982954,3.9830
distribute_parallel_for_split_2450_2950_2750,2450,2750,0,5500,81141500,24345751,2750,122720000,53900000,24343000,8112500,16230500,8112500,0,0,0,8118000,4133334,4.1333
distribute_parallel_for_split_2450_2950_2850,2450,2850,0,5700,84092100,25231051,2850,125080000,55860000,25228200,8407500,16820700,8407500,0,0,0,8413200,4339045,4.3390
distribute_parallel_for_split_2500_1000_1000,2500,1000,0,2000,10006000,3003001,1000,28000000,20000000,3002000,1000000,2002000,1000000,0,0,0,1002000,546432,0.5464
distribute_parallel_for_split_2500_1000_1500,2500,1500,0,3000,15009000,4504501,1500,32000000,30000000,4503000,1500000,3003000,1500000,0,0,0,1503000,797143,0.7971
distribute_parallel_for_split_2500_1000_2000,2500,2000,0,4000,20012000,6006001,2000,36000000,40000000,6004000,2000000,4004000,2000000,0,0,0,2004000,1046840,1.0468
distribute_parallel_for_split_2500_1000_2500,2500,2500,0,5000,25015000,7507501,2500,40000000,50000000,7505000,2500000,5005000,2500000,0,0,0,2505000,1335346,1.3353
distribute_parallel_for_split_2500_1000_3000,2500,3000,0,6000,30018000,9009001,3000,44000000,60000000,9006000,3000000,6006000,3000000,0,0,0,3006000,1581921,1.5819
distribute_parallel_for_split_2500_1000_3500,2500,3500,0,7000,35021000,10510501,3500,48000000,70000000,10507000,3500000,7007000,3500000,0,0,0,3507000,1849847,1.8498
distribute_parallel_for_split_2500_1000_4000,2500,4000,0,8000,40024000,12012001,4000,52000000,80000000,12008000,4000000,8008000,4000000,0,0,0,4008000,2093465,2.0935
distribute_parallel_for_split_2500_1500_1000,2500,1000,0,2000,15006000,4503001,1000,42000000,20000000,4502000,1500000,3002000,1500000,0,0,0,1502000,816011,0.8160
distribute_parallel_for_split_2500_1500_1500,2500,1500,0,3000,22509000,6754501,1500,48000000,30000000,6753000,2250000,4503000,2250000,0,0,0,2253000,1197641,1.1976
distribute_parallel_for_split_2500_1500_2000,2500,2000,0,4000,30012000,9006001,2000,54000000,40000000,9004000,3000000,6004000,3000000,0,0,0,3004000,1567852,1.5679
distribute_parallel_for_split_2500_1500_2500,2500,2500,0,5000,37515000,11257501,2500,60000000,50000000,11255000,3750000,7505000,3750000,0,0,0,3755000,2009218,2.0092
distribute_parallel_for_split_2500_1500_3000,2500,3000,0,6000,45018000,13509001,3000,66000000,60000000,13506000,4500000,9006000,4500000,0,0,0,4506000,2366747,2.3667
distribute_parallel_for_split_2500_1500_3500,2500,3500,0,7000,52521000,15760501,3500,72000000,70000000,15757000,5250000,10507000,5250000,0,0,0,5257000,2769664,2.7697
distribute_parallel_for_split_2500_1500_4000,2500,4000,0,8000,60024000,18012001,4000,78000000,80000000,18008000,6000000,12008000,6000000,0,0,0,6008000,3121125,3.1211
distribute_parallel_for_split_2500_2000_1000,2500,1000,0,2000,20006000,6003001,1000,56000000,20000000,6002000,2000000,4002000,2000000,0,0,0,2002000,1095023,1.0950
distribute_parallel_for_split_2500_2000_1500,2500,1500,0,3000,30009000,9004501,1500,64000000,30000000,9003000,3000000,6003000,3000000,0,0,0,3003000,1597850,1.5978
distribute_parallel_for_split_2500_2000_2000,2500,2000,0,4000,40012000,12006001,2000,72000000,40000000,12004000,4000000,8004000,4000000,0,0,0,4004000,2171902,2.1719
distribute_parallel_for_split_2500_2000_2500,2500,2500,0,5000,50015000,15007501,2500,80000000,50000000,15005000,5000000,10005000,5000000,0,0,0,5005000,2744760,2.7448
distribute_parallel_for_split_2500_2000_3000,2500,3000,0,6000,60018000,18009001,3000,88000000,60000000,18006000,6000000,12006000,6000000,0,0,0,6006000,3194628,3.1946
distribute_parallel_for_split_2500_2000_3500,2500,3500,0,7000,70021000,21010501,3500,96000000,70000000,21007000,7000000,14007000,7000000,0,0,0,7007000,3696623,3.6966
distribute_parallel_for_split_2500_2000_4000,2500,4000,0,8000,80024000,24012001,4000,104000000,80000000,24008000,8000000,16008000,8000000,0,0,0,8008000,4167790,4.1678
distribute_parallel_for_split_2500_2500_1000,2500,1000,0,2000,25006000,7503001,1000,70000000,20000000,7502000,2500000,5002000,2500000,0,0,0,2502000,1367305,1.3673
distribute_parallel_for_split_2500_2500_1500,2500,1500,0,3000,37509000,11254501,1500,80000000,30000000,11253000,3750000,7503000,3750000,0,0,0,3753000,2026876,2.0269
distribute_parallel_for_split_2500_2500_2000,2500,2000,0,4000,50012000,15006001,2000,90000000,40000000,15004000,5000000,10004000,5000000,0,0,0,5004000,2624315,2.6243
distribute_parallel_for_split_2500_2500_2500,2500,2500,0,5000,62515000,18757501,2500,100000000,50000000,18755000,6250000,12505000,6250000,0,0,0,6255000,3352410,3.3524
distribute_parallel_for_split_2500_2500_3000,2500,3000,0,6000,75018000,22509001,3000,110000000,60000000,22506000,7500000,15006000,7500000,0,0,0,7506000,3954724,3.9547
distribute_parallel_for_split_2500_2500_3500,2500,3500,0,7000,87521000,26260501,3500,120000000,70000000,26257000,8750000,17507000,8750000,0,0,0,8757000,4599887,4.5999
distribute_parallel_for_split_2500_2500_4000,2500,4000,0,8000,100024000,30012001,4000,130000000,80000000,30008000,10000000,20008000,10000000,0,0,0,10008000,5188728,5.1887
distribute_parallel_for_split_2500_3000_1000,2500,1000,0,2000,30006000,9003001,1000,84000000,20000000,9002000,3000000,6002000,3000000,0,0,0,3002000,1635821,1.6358
distribute_parallel_for_split_2500_3000_1500,2500,1500,0,3000,45009000,13504501,1500,96000000,30000000,13503000,4500000,9003000,4500000,0,0,0,4503000,2433829,2.4338
distribute_parallel_for_split_2500_3000_2000,2500,2000,0,4000,60012000,18006001,2000,108000000,40000000,18004000,6000000,12004000,6000000,0,0,0,6004000,3145634,3.1456
distribute_parallel_for_split_2500_3000_2500,2500,2500,0,5000,75015000,22507501,2500,120000000,50000000,22505000,7500000,15005000,7500000,0,0,0,7505000,4002349,4.0023
distribute_parallel_for_split_2500_3000_3000,2500,3000,0,6000,90018000,27009001,3000,132000000,60000000,27006000,9000000,18006000,9000000,0,0,0,9006000,4744105,4.7441
distribute_parallel_for_split_2500_3000_3500,2500,3500,0,7000,105021000,31510501,3500,144000000,70000000,31507000,10500000,21007000,10500000,0,0,0,10507000,5537308,5.5373
distribute_parallel_for_split_2500_3000_4000,2500,4000,0,8000,120024000,36012001,4000,156000000,80000000,36008000,12000000,24008000,12000000,0,0,0,12008000,6249602,6.2496
distribute_parallel_for_split_2500_3500_1000,2500,1000,0,2000,35006000,10503001,1000,98000000,20000000,10502000,3500000,7002000,3500000,0,0,0,3502000,1906086,1.9061
distribute_parallel_for_split_2500_3500_1500,2500,1500,0,3000,52509000,15754501,1500,112000000,30000000,15753000,5250000,10503000,5250000,0,0,0,5253000,2794533,2.7945
distribute_parallel_for_split_2500_3500_2000,2500,2000,0,4000,70012000,21006001,2000,126000000,40000000,21004000,7000000,14004000,7000000,0,0,0,7004000,3665315,3.6653
distribute_parallel_for_split_2500_3500_2500,2500,2500,0,5000,87515000,26257501,2500,140000000,50000000,26255000,8750000,17505000,8750000,0,0,0,8755000,4714036,4.7140
distribute_parallel_for_split_2500_3500_3000,2500,3000,0,6000,105018000,31509001,3000,154000000,60000000,31506000,10500000,21006000,10500000,0,0,0,10506000,5515299,5.5153
distribute_parallel_for_split_2500_3500_3500,2500,3500,0,7000,122521000,36760501,3500,168000000,70000000,36757000,12250000,24507000,12250000,0,0,0,12257000,6445581,6.4456
distribute_parallel_for_split_2500_3500_4000,2500,4000,0,8000,140024000,42012001,4000,182000000,80000000,42008000,14000000,28008000,14000000,0,0,0,14008000,7268167,7.2682
distribute_parallel_for_split_2500_4000_1000,2500,1000,0,2000,40006000,12003001,1000,112000000,20000000,12002000,4000000,8002000,4000000,0,0,0,4002000,2199791,2.1998
distribute_parallel_for_split_2500_4000_1500,2500,1500,0,3000,60009000,18004501,1500,128000000,30000000,18003000,6000000,12003000,6000000,0,0,0,6003000,3318849,3.3188
distribute_parallel_for_split_2500_4000_2000,2500,2000,0,4000,80012000,24006001,2000,144000000,40000000,24004000,8000000,16004000,8000000,0,0,0,8004000,4177878,4.1779
distribute_parallel_for_split_2500_4000_2500,2500,2500,0,5000,100015000,30007501,2500,160000000,50000000,30005000,10000000,20005000,10000000,0,0,0,10005000,5333710,5.3337
distribute_parallel_for_split_2500_4000_3000,2500,3000,0,6000,120018000,36009001,3000,176000000,60000000,36006000,12000000,24006000,12000000,0,0,0,12006000,6333873,6.3339
distribute_parallel_for_split_2500_4000_3500,2500,3500,0,7000,140021000,42010501,3500,192000000,70000000,42007000,14000000,28007000,14000000,0,0,0,14007000,7377581,7.3776
distribute_parallel_for_split_2500_4000_4000,2500,4000,0,8000,160024000,48012001,4000,208000000,80000000,48008000,16000000,32008000,16000000,0,0,0,16008000,8384079,8.3841
distribute_parallel_for_split_2700_1200_1200,2700,1200,0,2400,14407200,4323601,1200,37440000,25920000,4322400,1440000,2882400,1440000,0,0,0,1442400,829334,0.8293
distribute_parallel_for_split_2700_1200_1700,2700,1700,0,3400,20410200,6125101,1700,42240000,36720000,6123400,2040000,4083400,2040000,0,0,0,2043400,1175884,1.1759
distribute_parallel_for_split_2700_1200_2200,2700,2200,0,4400,26413200,7926601,2200,47040000,47520000,7924400,2640000,5284400,2640000,0,0,0,2644400,1489236,1.4892
distribute_parallel_for_split_2700_1200_2700,2700,2700,0,5400,32416200,9728101,2700,51840000,58320000,9725400,3240000,6485400,3240000,0,0,0,3245400,1840506,1.8405
distribute_parallel_for_split_2700_1200_3200,2700,3200,0,6400,38419200,11529601,3200,56640000,69120000,11526400,3840000,7686400,3840000,0,0,0,3846400,2154623,2.1546
distribute_parallel_for_split_2700_1200_3700,2700,3700,0,7400,44422200,13331101,3700,61440000,79920000,13327400,4440000,8887400,4440000,0,0,0,4447400,2505743,2.5057
distribute_parallel_for_split_2700_1200_4200,2700,4200,0,8400,50425200,15132601,4200,66240000,90720000,15128400,5040000,10088400,5040000,0,0,0,5048400,2831301,2.8313
distribute_parallel_for_split_2700_1700_1200,2700,1200,0,2400,20407200,6123601,1200,53040000,25920000,6122400,2040000,4082400,2040000,0,0,0,2042400,1171808,1.1718
distribute_parallel_for_split_2700_1700_1700,2700,1700,0,3400,28910200,8675101,1700,59840000,36720000,8673400,2890000,5783400,2890000,0,0,0,2893400,1670623,1.6706
distribute_parallel_for_split_2700_1700_2200,2700,2200,0,4400,37413200,11226601,2200,66640000,47520000,11224400,3740000,7484400,3740000,0,0,0,3744400,2096700,2.0967
distribute_parallel_for_split_2700_1700_2700,2700,2700,0,5400,45916200,13778101,2700,73440000,58320000,13775400,4590000,9185400,4590000,0,0,0,4595400,2618084,2.6181
distribute_parallel_for_split_2700_1700_3200,2700,3200,0,6400,54419200,16329601,3200,80240000,69120000,16326400,5440000,10886400,5440000,0,0,0,5446400,3037819,3.0378
distribute_parallel_for_split_2700_1700_3700,2700,3700,0,7400,62922200,18881101,3700,87040000,79920000,18877400,6290000,12587400,6290000,0,0,0,6297400,3583838,3.5838
distribute_parallel_for_split_2700_1700_4200,2700,4200,0,8400,71425200,21432601,4200,93840000,90720000,21428400,7140000,14288400,7140000,0,0,0,7148400,4091409,4.0914
distribute_parallel_for_split_2700_2200_1200,2700,1200,0,2400,26407200,7923601,1200,68640000,25920000,7922400,2640000,5282400,2640000,0,0,0,2642400,1526472,1.5265
distribute_parallel_for_split_2700_2200_1700,2700,1700,0,3400,37410200,11225101,1700,77440000,36720000,11223400,3740000,7483400,3740000,0,0,0,3743400,2156532,2.1565
distribute_parallel_for_split_2700_2200_2200,2700,2200,0,4400,48413200,14526601,2200,86240000,47520000,14524400,4840000,9684400,4840000,0,0,0,4844400,2715387,2.7154
distribute_parallel_for_split_2700_2200_2700,2700,2700,0,5400,59416200,17828101,2700,95040000,58320000,17825400,5940000,11885400,5940000,0,0,0,5945400,3407298,3.4073
distribute_parallel_for_split_2700_2200_3200,2700,3200,0,6400,70419200,21129601,3200,103840000,69120000,21126400,7040000,14086400,7040000,0,0,0,7046400,3936410,3.9364
distribute_parallel_for_split_2700_2200_3700,2700,3700,0,7400,81422200,24431101,3700,112640000,79920000,24427400,8140000,16287400,8140000,0,0,0,8147400,4586343,4.5863
distribute_parallel_for_split_2700_2200_4200,2700,4200,0,8400,92425200,27732601,4200,121440000,90720000,27728400,9240000,18488400,9240000,0,0,0,9248400,5188338,5.1883
distribute_parallel_for_split_2700_2700_1200,2700,1200,0,2400,32407200,9723601,1200,84240000,25920000,9722400,3240000,6482400,3240000,0,0,0,3242400,1856812,1.8568
distribute_parallel_for_split_2700_2700_1700,2700,1700,0,3400,45910200,13775101,1700,95040000,36720000,13773400,4590000,9183400,4590000,0,0,0,4593400,2668512,2.6685
distribute_parallel_for_split_2700_2700_2200,2700,2200,0,4400,59413200,17826601,2200,105840000,47520000,17824400,5940000,11884400,5940000,0,0,0,5944400,3356554,3.3566
distribute_parallel_for_split_2700_2700_2700,2700,2700,0,5400,72916200,21878101,2700,116640000,58320000,21875400,7290000,14585400,7290000,0,0,0,7295400,4150707,4.1507
distribute_parallel_for_split_2700_2700_3200,2700,3200,0,6400,86419200,25929601,3200,127440000,69120000,25926400,8640000,17286400,8640000,0,0,0,8646400,4825903,4.8259
distribute_parallel_for_split_2700_2700_3700,2700,3700,0,7400,99922200,29981101,3700,138240000,79920000,29977400,9990000,19987400,9990000,0,0,0,9997400,5623016,5.6230
distribute_parallel_for_split_2700_2700_4200,2700,4200,0,8400,113425200,34032601,4200,149040000,90720000,34028400,11340000,22688400,11340000,0,0,0,11348400,6419829,6.4198
distribute_parallel_for_split_2700_3200_1200,2700,1200,0,2400,38407200,11523601,1200,99840000,25920000,11522400,3840000,7682400,3840000,0,0,0,3842400,2255891,2.2559
distribute_parallel_for_split_2700_3200_1700,2700,1700,0,3400,54410200,16325101,1700,112640000,36720000,16323400,5440000,10883400,5440000,0,0,0,5443400,3096382,3.0964
distribute_parallel_for_split_2700_3200_2200,2700,2200,0,4400,70413200,21126601,2200,125440000,47520000,21124400,7040000,14084400,7040000,0,0,0,7044400,3949307,3.9493
distribute_parallel_for_split_2700_3200_2700,2700,2700,0,5400,86416200,25928101,2700,138240000,58320000,25925400,8640000,17285400,8640000,0,0,0,8645400,4937237,4.9372
distribute_parallel_for_split_2700_3200_3200,2700,3200,0,6400,102419200,30729601,3200,151040000,69120000,30726400,10240000,20486400,10240000,0,0,0,10246400,5714837,5.7148
distribute_parallel_for_split_2700_3200_3700,2700,3700,0,7400,118422200,35531101,3700,163840000,79920000,35527400,11840000,23687400,11840000,0,0,0,11847400,6688805,6.6888
distribute_parallel_for_split_2700_3200_4200,2700,4200,0,8400,134425200,40332601,4200,176640000,90720000,40328400,13440000,26888400,13440000,0,0,0,13448400,7660716,7.6607
distribute_parallel_for_split_2700_3700_1200,2700,1200,0,2400,44407200,13323601,1200,115440000,25920000,13322400,4440000,8882400,4440000,0,0,0,4442400,2552321,2.5523
distribute_parallel_for_split_2700_3700_1700,2700,1700,0,3400,62910200,18875101,1700,130240000,36720000,18873400,6290000,12583400,6290000,0,0,0,6293400,3578121,3.5781
distribute_parallel_for_split_2700_3700_2200,2700,2200,0,4400,81413200,24426601,2200,145040000,47520000,24424400,8140000,16284400,8140000,0,0,0,8144400,4586959,4.5870
distribute_parallel_for_split_2700_3700_2700,2700,2700,0,5400,99916200,29978101,2700,159840000,58320000,29975400,9990000,19985400,9990000,0,0,0,9995400,5756895,5.7569
distribute_parallel_for_split_2700_3700_3200,2700,3200,0,6400,118419200,35529601,3200,174640000,69120000,35526400,11840000,23686400,11840000,0,0,0,11846400,6671896,6.6719
distribute_parallel_for_split_2700_3700_3700,2700,3700,0,7400,136922200,41081101,3700,189440000,79920000,41077400,13690000,27387400,13690000,0,0,0,13697400,7732624,7.7326
distribute_parallel_for_split_2700_3700_4200,2700,4200,0,8400,155425200,46632601,4200,204240000,90720000,46628400,15540000,31088400,15540000,0,0,0,15548400,8742024,8.7420
distribute_parallel_for_split_2750_1250_1250,2750,1250,0,2500,15632500,4691251,1250,40000000,27500000,4690000,1562500,3127500,1562500,0,0,0,1565000,942672,0.9427
distribute_parallel_for_split_2750_1250_1750,2750,1750,0,3500,21885500,6567751,1750,45000000,38500000,6566000,2187500,4378500,2187500,0,0,0,2191000,1282496,1.2825
distribute_parallel_for_split_2750_1250_2250,2750,2250,0,4500,28138500,8444251,2250,50000000,49500000,8442000,2812500,5629500,2812500,0,0,0,2817000,1634255,1.6343
distribute_parallel_for_split_2750_1250_2750,2750,2750,0,5500,34391500,10320751,2750,55000000,60500000,10318000,3437500,6880500,3437500,0,0,0,3443000,1984299,1.9843
distribute_parallel_for_split_2750_1250_3250,2750,3250,0,6500,40644500,12197251,3250,60000000,71500000,12194000,4062500,8131500,4062500,0,0,0,4069000,2342244,2.3422
distribute_parallel_for_split_2750_1250_3750,2750,3750,0,7500,46897500,14073751,3750,65000000,82500000,14070000,4687500,9382500,4687500,0,0,0,4695000,2749863,2.7499
distribute_parallel_for_split_2750_1250_4250,2750,4250,0,8500,53150500,15950251,4250,70000000,93500000,15946000,5312500,10633500,5312500,0,0,0,5321000,3051517,3.0515
distribute_parallel_for_split_2750_1750_1250,2750,1250,0,2500,21882500,6566251,1250,56000000,27500000,6565000,2187500,4377500,2187500,0,0,0,2190000,1317740,1.3177
distribute_parallel_for_split_2750_1750_1750,2750,1750,0,3500,30635500,9192751,1750,63000000,38500000,9191000,3062500,6128500,3062500,0,0,0,3066000,1794076,1.7941
distribute_parallel_for_split_2750_1750_2250,2750,2250,0,4500,39388500,11819251,2250,70000000,49500000,11817000,3937500,7879500,3937500,0,0,0,3942000,2289443,2.2894
distribute_parallel_for_split_2750_1750_2750,2750,2750,0,5500,48141500,14445751,2750,77000000,60500000,14443000,4812500,9630500,4812500,0,0,0,4818000,2773280,2.7733
distribute_parallel_for_split_2750_1750_3250,2750,3250,0,6500,56894500,17072251,3250,84000000,71500000,17069000,5687500,11381500,5687500,0,0,0,5694000,3263896,3.2639
distribute_parallel_for_split_2750_1750_3750,2750,3750,0,7500,65647500,19698751,3750,91000000,82500000,19695000,6562500,13132500,6562500,0,0,0,6570000,3837667,3.8377
distribute_parallel_for_split_2750_1750_4250,2750,4250,0,8500,74400500,22325251,4250,98000000,93500000,22321000,7437500,14883500,7437500,0,0,0,7446000,4404888,4.4049
distribute_parallel_for_split_2750_2250_1250,2750,1250,0,2500,28132500,8441251,1250,72000000,27500000,8440000,2812500,5627500,2812500,0,0,0,2815000,1754880,1.7549
distribute_parallel_for_split_2750_2250_1750,2750,1750,0,3500,39385500,11817751,1750,81000000,38500000,11816000,3937500,7878500,3937500,0,0,0,3941000,2304547,2.3045
distribute_parallel_for_split_2750_2250_2250,2750,2250,0,4500,50638500,15194251,2250,90000000,49500000,15192000,5062500,10129500,5062500,0,0,0,5067000,2938177,2.9382
distribute_parallel_for_split_2750_2250_2750,2750,2750,0,5500,61891500,18570751,2750,99000000,60500000,18568000,6187500,12380500,6187500,0,0,0,6193000,3568029,3.5680
distribute_parallel_for_split_2750_2250_3250,2750,3250,0,6500,73144500,21947251,3250,108000000,71500000,21944000,7312500,14631500,7312500,0,0,0,7319000,4201702,4.2017
distribute_parallel_for_split_2750_2250_3750,2750,3750,0,7500,84397500,25323751,3750,117000000,82500000,25320000,8437500,16882500,8437500,0,0,0,8445000,4881697,4.8817
distribute_parallel_for_split_2750_2250_4250,2750,4250,0,8500,95650500,28700251,4250,126000000,93500000,28696000,9562500,19133500,9562500,0,0,0,9571000,5534977,5.5350
distribute_parallel_for_split_2750_2750_1250,2750,1250,0,2500,34382500,10316251,1250,88000000,27500000,10315000,3437500,6877500,3437500,0,0,0,3440000,2068098,2.0681
distribute_parallel_for_split_2750_2750_1750,2750,1750,0,3500,48135500,14442751,1750,99000000,38500000,14441000,4812500,9628500,4812500,0,0,0,4816000,2822232,2.8222
distribute_parallel_for_split_2750_2750_2250,2750,2250,0,4500,61888500,18569251,2250,110000000,49500000,18567000,6187500,12379500,6187500,0,0,0,6192000,3625118,3.6251
distribute_parallel_for_split_2750_2750_2750,2750,2750,0,5500,75641500,22695751,2750,121000000,60500000,22693000,7562500,15130500,7562500,0,0,0,7568000,4353676,4.3537
distribute_parallel_for_split_2750_2750_3250,2750,3250,0,6500,89394500,26822251,3250,132000000,71500000,26819000,8937500,17881500,8937500,0,0,0,8944000,5135865,5.1359
distribute_parallel_for_split_2750_2750_3750,2750,3750,0,7500,103147500,30948751,3750,143000000,82500000,30945000,10312500,20632500,10312500,0,0,0,10320000,5956021,5.9560
distribute_parallel_for_split_2750_2750_4250,2750,4250,0,8500,116900500,35075251,4250,154000000,93500000,35071000,11687500,23383500,11687500,0,0,0,11696000,6721616,6.7216
distribute_parallel_for_split_2750_3250_1250,2750,1250,0,2500,40632500,12191251,1250,104000000,27500000,12190000,4062500,8127500,4062500,0,0,0,4065000,2531807,2.5318
distribute_parallel_for_split_2750_3250_1750,2750,1750,0,3500,56885500,17067751,1750,117000000,38500000,17066000,5687500,11378500,5687500,0,0,0,5691000,3346300,3.3463
distribute_parallel_for_split_2750_3250_2250,2750,2250,0,4500,73138500,21944251,2250,130000000,49500000,21942000,7312500,14629500,7312500,0,0,0,7317000,4301029,4.3010
distribute_parallel_for_split_2750_3250_2750,2750,2750,0,5500,89391500,26820751,2750,143000000,60500000,26818000,8937500,17880500,8937500,0,0,0,8943000,5135839,5.1358
distribute_parallel_for_split_2750_3250_3250,2750,3250,0,6500,105644500,31697251,3250,156000000,71500000,31694000,10562500,21131500,10562500,0,0,0,10569000,6051228,6.0512
distribute_parallel_for_split_2750_3250_3750,2750,3750,0,7500,121897500,36573751,3750,169000000,82500000,36570000,12187500,24382500,12187500,0,0,0,12195000,7039127,7.0391
distribute_parallel_for_split_2750_3250_4250,2750,4250,0,8500,138150500,41450251,4250,182000000,93500000,41446000,13812500,27633500,13812500,0,0,0,13821000,7940790,7.9408
distribute_parallel_for_split_2750_3750_1250,2750,1250,0,2500,46882500,14066251,1250,120000000,27500000,14065000,4687500,9377500,4687500,0,0,0,4690000,2823619,2.8236
distribute_parallel_for_split_2750_3750_1750,2750,1750,0,3500,65635500,19692751,1750,135000000,38500000,19691000,6562500,13128500,6562500,0,0,0,6566000,3860985,3.8610
distribute_parallel_for_split_2750_3750_2250,2750,2250,0,4500,84388500,25319251,2250,150000000,49500000,25317000,8437500,16879500,8437500,0,0,0,8442000,4957020,4.9570
distribute_parallel_for_split_2750_3750_2750,2750,2750,0,5500,103141500,30945751,2750,165000000,60500000,30943000,10312500,20630500,10312500,0,0,0,10318000,5927039,5.9270
distribute_parallel_for_split_2750_3750_3250,2750,3250,0,6500,121894500,36572251,3250,180000000,71500000,36569000,12187500,24381500,12187500,0,0,0,12194000,7086636,7.0866
distribute_parallel_for_split_2750_3750_3750,2750,3750,0,7500,140647500,42198751,3750,195000000,82500000,42195000,14062500,28132500,14062500,0,0,0,14070000,8214080,8.2141
distribute_parallel_for_split_2750_3750_4250,2750,4250,0,8500,159400500,47825251,4250,210000000,93500000,47821000,15937500,31883500,15937500,0,0,0,15946000,9204765,9.2048
distribute_parallel_for_split_2750_4250_1250,2750,1250,0,2500,53132500,15941251,1250,136000000,27500000,15940000,5312500,10627500,5312500,0,0,0,5315000,3203842,3.2038
distribute_parallel_for_split_2750_4250_1750,2750,1750,0,3500,74385500,22317751,1750,153000000,38500000,22316000,7437500,14878500,7437500,0,0,0,7441000,4359638,4.3596
distribute_parallel_for_split_2750_4250_2250,2750,2250,0,4500,95638500,28694251,2250,170000000,49500000,28692000,9562500,19129500,9562500,0,0,0,9567000,5601838,5.6018
distribute_parallel_for_split_2750_4250_2750,2750,2750,0,5500,116891500,35070751,2750,187000000,60500000,35068000,11687500,23380500,11687500,0,0,0,11693000,6723422,6.7234
distribute_parallel_for_split_2750_4250_3250,2750,3250,0,6500,138144500,41447251,3250,204000000,71500000,41444000,13812500,27631500,13812500,0,0,0,13819000,7930507,7.9305
distribute_parallel_for_split_2750_4250_3750,2750,3750,0,7500,159397500,47823751,3750,221000000,82500000,47820000,15937500,31882500,15937500,0,0,0,15945000,9241848,9.2418
distribute_parallel_for_split_2750_4250_4250,2750,4250,0,8500,180650500,54200251,4250,238000000,93500000,54196000,18062500,36133500,18062500,0,0,0,18071000,10723160,10.7232
distribute_parallel_for_split_2900_1400_1400,2900,1400,0,2800,19608400,5884201,1400,48160000,32480000,5882800,1960000,3922800,1960000,0,0,0,1962800,1206549,1.2065
distribute_parallel_for_split_2900_1400_1900,2900,1900,0,3800,26611400,7985701,1900,53760000,44080000,7983800,2660000,5323800,2660000,0,0,0,2663800,1624188,1.6242
distribute_parallel_for_split_2900_1400_2400,2900,2400,0,4800,33614400,10087201,2400,59360000,55680000,10084800,3360000,6724800,3360000,0,0,0,3364800,2004582,2.0046
distribute_parallel_for_split_2900_1400_2900,2900,2900,0,5800,40617400,12188701,2900,64960000,67280000,12185800,4060000,8125800,4060000,0,0,0,4065800,2472670,2.4727
distribute_parallel_for_split_2900_1400_3400,2900,3400,0,6800,47620400,14290201,3400,70560000,78880000,14286800,4760000,9526800,4760000,0,0,0,4766800,2885983,2.8860
distribute_parallel_for_split_2900_1400_3900,2900,3900,0,7800,54623400,16391701,3900,76160000,90480000,16387800,5460000,10927800,5460000,0,0,0,5467800,3319869,3.3199
distribute_parallel_for_split_2900_1400_900,2900,900,0,1800,12605400,3782701,900,42560000,20880000,3781800,1260000,2521800,1260000,0,0,0,1261800,798333,0.7983
distribute_parallel_for_split_2900_1900_1400,2900,1400,0,2800,26608400,7984201,1400,65360000,32480000,7982800,2660000,5322800,2660000,0,0,0,2662800,1673820,1.6738
distribute_parallel_for_split_2900_1900_1900,2900,1900,0,3800,36111400,10835701,1900,72960000,44080000,10833800,3610000,7223800,3610000,0,0,0,3613800,2310872,2.3109
distribute_parallel_for_split_2900_1900_2400,2900,2400,0,4800,45614400,13687201,2400,80560000,55680000,13684800,4560000,9124800,4560000,0,0,0,4564800,2785305,2.7853
distribute_parallel_for_split_2900_1900_2900,2900,2900,0,5800,55117400,16538701,2900,88160000,67280000,16535800,5510000,11025800,5510000,0,0,0,5515800,3352176,3.3522
distribute_parallel_for_split_2900_1900_3400,2900,3400,0,6800,64620400,19390201,3400,95760000,78880000,19386800,6460000,12926800,6460000,0,0,0,6466800,3921674,3.9217
distribute_parallel_for_split_2900_1900_3900,2900,3900,0,7800,74123400,22241701,3900,103360000,90480000,22237800,7410000,14827800,7410000,0,0,0,7417800,4476476,4.4765
distribute_parallel_for_split_2900_1900_900,2900,900,0,1800,17105400,5132701,900,57760000,20880000,5131800,1710000,3421800,1710000,0,0,0,1711800,1093824,1.0938
distribute_parallel_for_split_2900_2400_1400,2900,1400,0,2800,33608400,10084201,1400,82560000,32480000,10082800,3360000,6722800,3360000,0,0,0,3362800,2057125,2.0571
distribute_parallel_for_split_2900_2400_1900,2900,1900,0,3800,45611400,13685701,1900,92160000,44080000,13683800,4560000,9123800,4560000,0,0,0,4563800,2768919,2.7689
distribute_parallel_for_split_2900_2400_2400,2900,2400,0,4800,57614400,17287201,2400,101760000,55680000,17284800,5760000,11524800,5760000,0,0,0,5764800,3449563,3.4496
distribute_parallel_for_split_2900_2400_2900,2900,2900,0,5800,69617400,20888701,2900,111360000,67280000,20885800,6960000,13925800,6960000,0,0,0,6965800,4244922,4.2449
distribute_parallel_for_split_2900_2400_3400,2900,3400,0,6800,81620400,24490201,3400,120960000,78880000,24486800,8160000,16326800,8160000,0,0,0,8166800,4929343,4.9293
distribute_parallel_for_split_2900_2400_3900,2900,3900,0,7800,93623400,28091701,3900,130560000,90480000,28087800,9360000,18727800,9360000,0,0,0,9367800,5651331,5.6513
distribute_parallel_for_split_2900_2400_900,2900,900,0,1800,21605400,6482701,900,72960000,20880000,6481800,2160000,4321800,2160000,0,0,0,2161800,1372597,1.3726
distribute_parallel_for_split_2900_2900_1400,2900,1400,0,2800,40608400,12184201,1400,99760000,32480000,12182800,4060000,8122800,4060000,0,0,0,4062800,2479657,2.4797
distribute_parallel_for_split_2900_2900_1900,2900,1900,0,3800,55111400,16535701,1900,111360000,44080000,16533800,5510000,11023800,5510000,0,0,0,5513800,3364678,3.3647
distribute_parallel_for_split_2900_2900_2400,2900,2400,0,4800,69614400,20887201,2400,122960000,55680000,20884800,6960000,13924800,6960000,0,0,0,6964800,4148649,4.1486
distribute_parallel_for_split_2900_2900_2900,2900,2900,0,5800,84117400,25238701,2900,134560000,67280000,25235800,8410000,16825800,8410000,0,0,0,8415800,5177127,5.1771
distribute_parallel_for_split_2900_2900_3400,2900,3400,0,6800,98620400,29590201,3400,146160000,78880000,29586800,9860000,19726800,9860000,0,0,0,9866800,6054995,6.0550
distribute_parallel_for_split_2900_2900_3900,2900,3900,0,7800,113123400,33941701,3900,157760000,90480000,33937800,11310000,22627800,11310000,0,0,0,11317800,6813870,6.8139
distribute_parallel_for_split_2900_2900_900,2900,900,0,1800,26105400,7832701,900,88160000,20880000,7831800,2610000,5221800,2610000,0,0,0,2611800,1664387,1.6644
distribute_parallel_for_split_2900_3400_1400,2900,1400,0,2800,47608400,14284201,1400,116960000,32480000,14282800,4760000,9522800,4760000,0,0,0,4762800,2910502,2.9105
distribute_parallel_for_split_2900_3400_1900,2900,1900,0,3800,64611400,19385701,1900,130560000,44080000,19383800,6460000,12923800,6460000,0,0,0,6463800,3925402,3.9254
distribute_parallel_for_split_2900_3400_2400,2900,2400,0,4800,81614400,24487201,2400,144160000,55680000,24484800,8160000,16324800,8160000,0,0,0,8164800,4915831,4.9158
distribute_parallel_for_split_2900_3400_2900,2900,2900,0,5800,98617400,29588701,2900,157760000,67280000,29585800,9860000,19725800,9860000,0,0,0,9865800,6043799,6.0438
distribute_parallel_for_split_2900_3400_3400,2900,3400,0,6800,115620400,34690201,3400,171360000,78880000,34686800,11560000,23126800,11560000,0,0,0,11566800,6993179,6.9932
distribute_parallel_for_split_2900_3400_3900,2900,3900,0,7800,132623400,39791701,3900,184960000,90480000,39787800,13260000,26527800,13260000,0,0,0,13267800,8074908,8.0749
distribute_parallel_for_split_2900_3400_900,2900,900,0,1800,30605400,9182701,900,103360000,20880000,9181800,3060000,6121800,3060000,0,0,0,3061800,1970382,1.9704
distribute_parallel_for_split_2900_3900_1400,2900,1400,0,2800,54608400,16384201,1400,134160000,32480000,16382800,5460000,10922800,5460000,0,0,0,5462800,3390104,3.3901
distribute_parallel_for_split_2900_3900_1900,2900,1900,0,3800,74111400,22235701,1900,149760000,44080000,22233800,7410000,14823800,7410000,0,0,0,7413800,4571305,4.5713
distribute_parallel_for_split_2900_3900_2400,2900,2400,0,4800,93614400,28087201,2400,165360000,55680000,28084800,9360000,18724800,9360000,0,0,0,9364800,5599588,5.5996
distribute_parallel_for_split_2900_3900_2900,2900,2900,0,5800,113117400,33938701,2900,180960000,67280000,33935800,11310000,22625800,11310000,0,0,0,11315800,6991259,6.9913
distribute_parallel_for_split_2900_3900_3400,2900,3400,0,6800,132620400,39790201,3400,196560000,78880000,39786800,13260000,26526800,13260000,0,0,0,13266800,8041752,8.0418
distribute_parallel_for_split_2900_3900_3900,2900,3900,0,7800,152123400,45641701,3900,212160000,90480000,45637800,15210000,30427800,15210000,0,0,0,15217800,9212737,9.2127
distribute_parallel_for_split_2900_3900_900,2900,900,0,1800,35105400,10532701,900,118560000,20880000,10531800,3510000,7021800,3510000,0,0,0,3511800,2227179,2.2272
distribute_parallel_for_split_2900_900_1400,2900,1400,0,2800,12608400,3784201,1400,30960000,32480000,3782800,1260000,2522800,1260000,0,0,0,1262800,777660,0.7777
distribute_parallel_for_split_2900_900_1900,2900,1900,0,3800,17111400,5135701,1900,34560000,44080000,5133800,1710000,3423800,1710000,0,0,0,1713800,1039286,1.0393
distribute_parallel_for_split_2900_900_2400,2900,2400,0,4800,21614400,6487201,2400,38160000,55680000,6484800,2160000,4324800,2160000,0,0,0,2164800,1291578,1.2916
distribute_parallel_for_split_2900_900_2900,2900,2900,0,5800,26117400,7838701,2900,41760000,67280000,7835800,2610000,5225800,2610000,0,0,0,2615800,1607104,1.6071
distribute_parallel_for_split_2900_900_3400,2900,3400,0,6800,30620400,9190201,3400,45360000,78880000,9186800,3060000,6126800,3060000,0,0,0,3066800,1911694,1.9117
distribute_parallel_for_split_2900_900_3900,2900,3900,0,7800,35123400,10541701,3900,48960000,90480000,10537800,3510000,7027800,3510000,0,0,0,3517800,2146055,2.1461
distribute_parallel_for_split_2900_900_900,2900,900,0,1800,8105400,2432701,900,27360000,20880000,2431800,810000,1621800,810000,0,0,0,811800,518196,0.5182
distribute_parallel_for_split_3000_1000_1000,3000,1000,0,2000,10006000,3003001,1000,32000000,24000000,3002000,1000000,2002000,1000000,0,0,0,1002000,649638,0.6496
distribute_parallel_for_split_3000_1000_1500,3000,1500,0,3000,15009000,4504501,1500,36000000,36000000,4503000,1500000,3003000,1500000,0,0,0,1503000,947009,0.9470
distribute_parallel_for_split_3000_1000_2000,3000,2000,0,4000,20012000,6006001,2000,40000000,48000000,6004000,2000000,4004000,2000000,0,0,0,2004000,1248410,1.2484
distribute_parallel_for_split_3000_1000_2500,3000,2500,0,5000,25015000,7507501,2500,44000000,60000000,7505000,2500000,5005000,2500000,0,0,0,2505000,1603532,1.6035
distribute_parallel_for_split_3000_1000_3000,3000,3000,0,6000,30018000,9009001,3000,48000000,72000000,9006000,3000000,6006000,3000000,0,0,0,3006000,1886379,1.8864
distribute_parallel_for_split_3000_1000_3500,3000,3500,0,7000,35021000,10510501,3500,52000000,84000000,10507000,3500000,7007000,3500000,0,0,0,3507000,2203172,2.2032
distribute_parallel_for_split_3000_1000_4000,3000,4000,0,8000,40024000,12012001,4000,56000000,96000000,12008000,4000000,8008000,4000000,0,0,0,4008000,2485834,2.4858
distribute_parallel_for_split_3000_1500_1000,3000,1000,0,2000,15006000,4503001,1000,48000000,24000000,4502000,1500000,3002000,1500000,0,0,0,1502000,979054,0.9791
distribute_parallel_for_split_3000_1500_1500,3000,1500,0,3000,22509000,6754501,1500,54000000,36000000,6753000,2250000,4503000,2250000,0,0,0,2253000,1426267,1.4263
distribute_parallel_for_split_3000_1500_2000,3000,2000,0,4000,30012000,9006001,2000,60000000,48000000,9004000,3000000,6004000,3000000,0,0,0,3004000,1871288,1.8713
distribute_parallel_for_split_3000_1500_2500,3000,2500,0,5000,37515000,11257501,2500,66000000,60000000,11255000,3750000,7505000,3750000,0,0,0,3755000,2387095,2.3871
distribute_parallel_for_split_3000_1500_3000,3000,3000,0,6000,45018000,13509001,3000,72000000,72000000,13506000,4500000,9006000,4500000,0,0,0,4506000,2842035,2.8420
distribute_parallel_for_split_3000_1500_3500,3000,3500,0,7000,52521000,15760501,3500,78000000,84000000,15757000,5250000,10507000,5250000,0,0,0,5257000,3306583,3.3066
distribute_parallel_for_split_3000_1500_4000,3000,4000,0,8000,60024000,18012001,4000,84000000,96000000,18008000,6000000,12008000,6000000,0,0,0,6008000,3727549,3.7275
distribute_parallel_for_split_3000_2000_1000,3000,1000,0,2000,20006000,6003001,1000,64000000,24000000,6002000,2000000,4002000,2000000,0,0,0,2002000,1303899,1.3039
distribute_parallel_for_split_3000_2000_1500,3000,1500,0,3000,30009000,9004501,1500,72000000,36000000,9003000,3000000,6003000,3000000,0,0,0,3003000,1897936,1.8979
distribute_parallel_for_split_3000_2000_2000,3000,2000,0,4000,40012000,12006001,2000,80000000,48000000,12004000,4000000,8004000,4000000,0,0,0,4004000,2499189,2.4992
distribute_parallel_for_split_3000_2000_2500,3000,2500,0,5000,50015000,15007501,2500,88000000,60000000,15005000,5000000,10005000,5000000,0,0,0,5005000,3173236,3.1732
distribute_parallel_for_split_3000_2000_3000,3000,3000,0,6000,60018000,18009001,3000,96000000,72000000,18006000,6000000,12006000,6000000,0,0,0,6006000,3767108,3.7671
distribute_parallel_for_split_3000_2000_3500,3000,3500,0,7000,70021000,21010501,3500,104000000,84000000,21007000,7000000,14007000,7000000,0,0,0,7007000,4399572,4.3996
distribute_parallel_for_split_3000_2000_4000,3000,4000,0,8000,80024000,24012001,4000,112000000,96000000,24008000,8000000,16008000,8000000,0,0,0,8008000,4949830,4.9498
distribute_parallel_for_split_3000_2500_1000,3000,1000,0,2000,25006000,7503001,1000,80000000,24000000,7502000,2500000,5002000,2500000,0,0,0,2502000,1616257,1.6163
distribute_parallel_for_split_3000_2500_1500,3000,1500,0,3000,37509000,11254501,1500,90000000,36000000,11253000,3750000,7503000,3750000,0,0,0,3753000,2371484,2.3715
distribute_parallel_for_split_3000_2500_2000,3000,2000,0,4000,50012000,15006001,2000,100000000,48000000,15004000,5000000,10004000,5000000,0,0,0,5004000,3113188,3.1132
distribute_parallel_for_split_3000_2500_2500,3000,2500,0,5000,62515000,18757501,2500,110000000,60000000,18755000,6250000,12505000,6250000,0,0,0,6255000,3980915,3.9809
distribute_parallel_for_split_3000_2500_3000,3000,3000,0,6000,75018000,22509001,3000,120000000,72000000,22506000,7500000,15006000,7500000,0,0,0,7506000,4699240,4.6992
distribute_parallel_for_split_3000_2500_3500,3000,3500,0,7000,87521000,26260501,3500,130000000,84000000,26257000,8750000,17507000,8750000,0,0,0,8757000,5493088,5.4931
distribute_parallel_for_split_3000_2500_4000,3000,4000,0,8000,100024000,30012001,4000,140000000,96000000,30008000,10000000,20008000,10000000,0,0,0,10008000,6175011,6.1750
distribute_parallel_for_split_3000_3000_1000,3000,1000,0,2000,30006000,9003001,1000,96000000,24000000,9002000,3000000,6002000,3000000,0,0,0,3002000,1951143,1.9511
distribute_parallel_for_split_3000_3000_1500,3000,1500,0,3000,45009000,13504501,1500,108000000,36000000,13503000,4500000,9003000,4500000,0,0,0,4503000,2874592,2.8746
distribute_parallel_for_split_3000_3000_2000,3000,2000,0,4000,60012000,18006001,2000,120000000,48000000,18004000,6000000,12004000,6000000,0,0,0,6004000,3743494,3.7435
distribute_parallel_for_split_3000_3000_2500,3000,2500,0,5000,75015000,22507501,2500,132000000,60000000,22505000,7500000,15005000,7500000,0,0,0,7505000,4766367,4.7664
distribute_parallel_for_split_3000_3000_3000,3000,3000,0,6000,90018000,27009001,3000,144000000,72000000,27006000,9000000,18006000,9000000,0,0,0,9006000,5639354,5.6394
distribute_parallel_for_split_3000_3000_3500,3000,3500,0,7000,105021000,31510501,3500,156000000,84000000,31507000,10500000,21007000,10500000,0,0,0,10507000,6580306,6.5803
distribute_parallel_for_split_3000_3000_4000,3000,4000,0,8000,120024000,36012001,4000,168000000,96000000,36008000,12000000,24008000,12000000,0,0,0,12008000,7399302,7.3993
distribute_parallel_for_split_3000_3500_1000,3000,1000,0,2000,35006000,10503001,1000,112000000,24000000,10502000,3500000,7002000,3500000,0,0,0,3502000,2281605,2.2816
distribute_parallel_for_split_3000_3500_1500,3000,1500,0,3000,52509000,15754501,1500,126000000,36000000,15753000,5250000,10503000,5250000,0,0,0,5253000,3342876,3.3429
distribute_parallel_for_split_300_100_100,300,100,0,200,100600,30301,100,320000,240000,30200,10000,20200,10000,0,0,0,10200,3304,0.0033
distribute_parallel_for_split_300_100_200,300,200,0,400,201200,60601,200,400000,480000,60400,20000,40400,20000,0,0,0,20400,10018,0.0100
distribute_parallel_for_split_300_100_300,300,300,0,600,301800,90901,300,480000,720000,90600,30000,60600,30000,0,0,0,30600,5773,0.0058
distribute_parallel_for_split_300_100_400,300,400,0,800,402400,121201,400,560000,960000,120800,40000,80800,40000,0,0,0,40800,6246,0.0062
distribute_parallel_for_split_300_100_500,300,500,0,1000,503000,151501,500,640000,1200000,151000,50000,101000,50000,0,0,0,51000,7449,0.0074
distribute_parallel_for_split_300_100_600,300,600,0,1200,603600,181801,600,720000,1440000,181200,60000,121200,60000,0,0,0,61200,7809,0.0078
distribute_parallel_for_split_300_100_700,300,700,0,1400,704200,212101,700,800000,1680000,211400,70000,141400,70000,0,0,0,71400,10875,0.0109
distribute_parallel_for_split_300_100_800,300,800,0,1600,804800,242401,800,880000,1920000,241600,80000,161600,80000,0,0,0,81600,9827,0.0098
distribute_parallel_for_split_300_100_900,300,900,0,1800,905400,272701,900,960000,2160000,271800,90000,181800,90000,0,0,0,91800,10361,0.0104
distribute_parallel_for_split_300_200_100,300,100,0,200,200600,60301,100,640000,240000,60200,20000,40200,20000,0,0,0,20200,4577,0.0046
distribute_parallel_for_split_300_200_200,300,200,0,400,401200,120601,200,800000,480000,120400,40000,80400,40000,0,0,0,40400,7411,0.0074
distribute_parallel_for_split_300_200_300,300,300,0,600,601800,180901,300,960000,720000,180600,60000,120600,60000,0,0,0,60600,8108,0.0081
distribute_parallel_for_split_300_200_400,300,400,0,800,802400,241201,400,1120000,960000,240800,80000,160800,80000,0,0,0,80800,11563,0.0116
distribute_parallel_for_split_300_200_500,300,500,0,1000,1003000,301501,500,1280000,1200000,301000,100000,201000,100000,0,0,0,101000,12385,0.0124
distribute_parallel_for_split_300_200_600,300,600,0,1200,1203600,361801,600,1440000,1440000,361200,120000,241200,120000,0,0,0,121200,14606,0.0146
distribute_parallel_for_split_300_200_700,300,700,0,1400,1404200,422101,700,1600000,1680000,421400,140000,281400,140000,0,0,0,141400,15369,0.0154
distribute_parallel_for_split_300_200_800,300,800,0,1600,1604800,482401,800,1760000,1920000,481600,160000,321600,160000,0,0,0,161600,17114,0.0171
distribute_parallel_for_split_300_200_900,300,900,0,1800,1805400,542701,900,1920000,2160000,541800,180000,361800,180000,0,0,0,181800,19082,0.0191
distribute_parallel_for_split_300_300_100,300,100,0,200,300600,90301,100,960000,240000,90200,30000,60200,30000,0,0,0,30200,6907,0.0069
distribute_parallel_for_split_300_300_200,300,200,0,400,601200,180601,200,1200000,480000,180400,60000,120400,60000,0,0,0,60400,8895,0.0089
distribute_parallel_for_split_300_300_300,300,300,0,600,901800,270901,300,1440000,720000,270600,90000,180600,90000,0,0,0,90600,12079,0.0121
distribute_parallel_for_split_300_300_400,300,400,0,800,1202400,361201,400,1680000,960000,360800,120000,240800,120000,0,0,0,120800,14756,0.0148
distribute_parallel_for_split_300_300_500,300,500,0,1000,1503000,451501,500,1920000,1200000,451000,150000,301000,150000,0,0,0,151000,16498,0.0165
distribute_parallel_for_split_300_300_600,300,600,0,1200,1803600,541801,600,2160000,1440000,541200,180000,361200,180000,0,0,0,181200,18870,0.0189
distribute_parallel_for_split_300_300_700,300,700,0,1400,2104200,632101,700,2400000,1680000,631400,210000,421400,210000,0,0,0,211400,21222,0.0212
distribute_parallel_for_split_300_300_800,300,800,0,1600,2404800,722401,800,2640000,1920000,721600,240000,481600,240000,0,0,0,241600,23523,0.0235
distribute_parallel_for_split_300_300_900,300,900,0,1800,2705400,812701,900,2880000,2160000,811800,270000,541800,270000,0,0,0,271800,28494,0.0285
distribute_parallel_for_split_300_400_100,300,100,0,200,400600,120301,100,1280000,240000,120200,40000,80200,40000,0,0,0,40200,8234,0.0082
distribute_parallel_for_split_300_400_200,300,200,0,400,801200,240601,200,1600000,480000,240400,80000,160400,80000,0,0,0,80400,11684,0.0117
distribute_parallel_for_split_300_400_300,300,300,0,600,1201800,360901,300,1920000,720000,360600,120000,240600,120000,0,0,0,120600,14617,0.0146
distribute_parallel_for_split_300_400_400,300,400,0,800,1602400,481201,400,2240000,960000,480800,160000,320800,160000,0,0,0,160800,17853,0.0179
distribute_parallel_for_split_300_400_500,300,500,0,1000,2003000,601501,500,2560000,1200000,601000,200000,401000,200000,0,0,0,201000,21189,0.0212
distribute_parallel_for_split_300_400_600,300,600,0,1200,2403600,721801,600,2880000,1440000,721200,240000,481200,240000,0,0,0,241200,28661,0.0287
distribute_parallel_for_split_300_400_700,300,700,0,1400,2804200,842101,700,3200000,1680000,841400,280000,561400,280000,0,0,0,281400,30925,0.0309
distribute_parallel_for_split_300_400_800,300,800,0,1600,3204800,962401,800,3520000,1920000,961600,320000,641600,320000,0,0,0,321600,32549,0.0325
distribute_parallel_for_split_300_400_900,300,900,0,1800,3605400,1082701,900,3840000,2160000,1081800,360000,721800,360000,0,0,0,361800,36012,0.0360
distribute_parallel_for_split_300_500_100,300,100,0,200,500600,150301,100,1600000,240000,150200,50000,100200,50000,0,0,0,50200,9622,0.0096
distribute_parallel_for_split_300_500_200,300,200,0,400,1001200,300601,200,2000000,480000,300400,100000,200400,100000,0,0,0,100400,14085,0.0141
distribute_parallel_for_split_300_500_300,300,300,0,600,1501800,450901,300,2400000,720000,450600,150000,300600,150000,0,0,0,150600,17990,0.0180
distribute_parallel_for_split_300_500_400,300,400,0,800,2002400,601201,400,2800000,960000,600800,200000,400800,200000,0,0,0,200800,23226,0.0232
distribute_parallel_for_split_300_500_500,300,500,0,1000,2503000,751501,500,3200000,1200000,751000,250000,501000,250000,0,0,0,251000,27111,0.0271
distribute_parallel_for_split_300_500_600,300,600,0,1200,3003600,901801,600,3600000,1440000,901200,300000,601200,300000,0,0,0,301200,33303,0.0333
distribute_parallel_for_split_300_500_700,300,700,0,1400,3504200,1052101,700,4000000,1680000,1051400,350000,701400,350000,0,0,0,351400,36402,0.0364
distribute_parallel_for_split_300_500_800,300,800,0,1600,4004800,1202401,800,4400000,1920000,1201600,400000,801600,400000,0,0,0,401600,53384,0.0534
distribute_parallel_for_split_300_500_900,300,900,0,1800,4505400,1352701,900,4800000,2160000,1351800,450000,901800,450000,0,0,0,451800,44064,0.0441
distribute_parallel_for_split_300_600_100,300,100,0,200,600600,180301,100,1920000,240000,180200,60000,120200,60000,0,0,0,60200,11643,0.0116
distribute_parallel_for_split_300_600_200,300,200,0,400,1201200,360601,200,2400000,480000,360400,120000,240400,120000,0,0,0,120400,16946,0.0169
distribute_parallel_for_split_300_600_300,300,300,0,600,1801800,540901,300,2880000,720000,540600,180000,360600,180000,0,0,0,180600,21649,0.0216
distribute_parallel_for_split_300_600_400,300,400,0,800,2402400,721201,400,3360000,960000,720800,240000,480800,240000,0,0,0,240800,28518,0.0285
distribute_parallel_for_split_300_600_500,300,500,0,1000,3003000,901501,500,3840000,1200000,901000,300000,601000,300000,0,0,0,301000,31300,0.0313
distribute_parallel_for_split_300_600_600,300,600,0,1200,3603600,1081801,600,4320000,1440000,1081200,360000,721200,360000,0,0,0,361200,41109,0.0411
distribute_parallel_for_split_300_600_700,300,700,0,1400,4204200,1262101,700,4800000,1680000,1261400,420000,841400,420000,0,0,0,421400,50077,0.0501
distribute_parallel_for_split_300_600_800,300,800,0,1600,4804800,1442401,800,5280000,1920000,1441600,480000,961600,480000,0,0,0,481600,48207,0.0482
distribute_parallel_for_split_300_600_900,300,900,0,1800,5405400,1622701,900,5760000,2160000,1621800,540000,1081800,540000,0,0,0,541800,52974,0.0530
distribute_parallel_for_split_300_700_100,300,100,0,200,700600,210301,100,2240000,240000,210200,70000,140200,70000,0,0,0,70200,13033,0.0130
distribute_parallel_for_split_300_700_200,300,200,0,400,1401200,420601,200,2800000,480000,420400,140000,280400,140000,0,0,0,140400,18933,0.0189
distribute_parallel_for_split_300_700_300,300,300,0,600,2101800,630901,300,3360000,720000,630600,210000,420600,210000,0,0,0,210600,24891,0.0249
distribute_parallel_for_split_300_700_400,300,400,0,800,2802400,841201,400,3920000,960000,840800,280000,560800,280000,0,0,0,280800,30361,0.0304
distribute_parallel_for_split_300_700_500,300,500,0,1000,3503000,1051501,500,4480000,1200000,1051000,350000,701000,350000,0,0,0,351000,41013,0.0410
distribute_parallel_for_split_300_700_600,300,600,0,1200,4203600,1261801,600,5040000,1440000,1261200,420000,841200,420000,0,0,0,421200,41861,0.0419
distribute_parallel_for_split_300_700_700,300,700,0,1400,4904200,1472101,700,5600000,1680000,1471400,490000,981400,490000,0,0,0,491400,50816,0.0508
distribute_parallel_for_split_300_700_800,300,800,0,1600,5604800,1682401,800,6160000,1920000,1681600,560000,1121600,560000,0,0,0,561600,54450,0.0544
distribute_parallel_for_split_300_700_900,300,900,0,1800,6305400,1892701,900,6720000,2160000,1891800,630000,1261800,630000,0,0,0,631800,60672,0.0607
distribute_parallel_for_split_300_800_100,300,100,0,200,800600,240301,100,2560000,240000,240200,80000,160200,80000,0,0,0,80200,16869,0.0169
distribute_parallel_for_split_300_800_200,300,200,0,400,1601200,480601,200,3200000,480000,480400,160000,320400,160000,0,0,0,160400,21315,0.0213
distribute_parallel_for_split_300_800_300,300,300,0,600,2401800,720901,300,3840000,720000,720600,240000,480600,240000,0,0,0,240600,29880,0.0299
distribute_parallel_for_split_300_800_400,300,400,0,800,3202400,961201,400,4480000,960000,960800,320000,640800,320000,0,0,0,320800,35208,0.0352
distribute_parallel_for_split_300_800_500,300,500,0,1000,4003000,1201501,500,5120000,1200000,1201000,400000,801000,400000,0,0,0,401000,56973,0.0570
distribute_parallel_for_split_300_800_600,300,600,0,1200,4803600,1441801,600,5760000,1440000,1441200,480000,961200,480000,0,0,0,481200,55571,0.0556
distribute_parallel_for_split_300_800_700,300,700,0,1400,5604200,1682101,700,6400000,1680000,1681400,560000,1121400,560000,0,0,0,561400,58563,0.0586
distribute_parallel_for_split_300_800_800,300,800,0,1600,6404800,1922401,800,7040000,1920000,1921600,640000,1281600,640000,0,0,0,641600,62354,0.0624
distribute_parallel_for_split_300_800_900,300,900,0,1800,7205400,2162701,900,7680000,2160000,2161800,720000,1441800,720000,0,0,0,721800,68000,0.0680
distribute_parallel_for_split_300_900_100,300,100,0,200,900600,270301,100,2880000,240000,270200,90000,180200,90000,0,0,0,90200,15130,0.0151
distribute_parallel_for_split_300_900_200,300,200,0,400,1801200,540601,200,3600000,480000,540400,180000,360400,180000,0,0,0,180400,22250,0.0222
distribute_parallel_for_split_300_900_300,300,300,0,600,2701800,810901,300,4320000,720000,810600,270000,540600,270000,0,0,0,270600,30429,0.0304
distribute_parallel_for_split_300_900_400,300,400,0,800,3602400,1081201,400,5040000,960000,1080800,360000,720800,360000,0,0,0,360800,50778,0.0508
distribute_parallel_for_split_300_900_500,300,500,0,1000,4503000,1351501,500,5760000,1200000,1351000,450000,901000,450000,0,0,0,451000,44665,0.0447
distribute_parallel_for_split_300_900_600,300,600,0,1200,5403600,1621801,600,6480000,1440000,1621200,540000,1081200,540000,0,0,0,541200,53306,0.0533
distribute_parallel_for_split_300_900_700,300,700,0,1400,6304200,1892101,700,7200000,1680000,1891400,630000,1261400,630000,0,0,0,631400,59534,0.0595
distribute_parallel_for_split_300_900_800,300,800,0,1600,7204800,2162401,800,7920000,1920000,2161600,720000,1441600,720000,0,0,0,721600,65726,0.0657
distribute_parallel_for_split_300_900_900,300,900,0,1800,8105400,2432701,900,8640000,2160000,2431800,810000,1621800,810000,0,0,0,811800,78910,0.0789
distribute_parallel_for_split_3200_1200_1200,3200,1200,0,2400,14407200,4323601,1200,42240000,30720000,4322400,1440000,2882400,1440000,0,0,0,1442400,987412,0.9874
distribute_parallel_for_split_3200_1200_1700,3200,1700,0,3400,20410200,6125101,1700,47040000,43520000,6123400,2040000,4083400,2040000,0,0,0,2043400,1385097,1.3851
distribute_parallel_for_split_3200_1200_2200,3200,2200,0,4400,26413200,7926601,2200,51840000,56320000,7924400,2640000,5284400,2640000,0,0,0,2644400,1796903,1.7969
distribute_parallel_for_split_3200_1200_2700,3200,2700,0,5400,32416200,9728101,2700,56640000,69120000,9725400,3240000,6485400,3240000,0,0,0,3245400,2198784,2.1988
distribute_parallel_for_split_3200_1200_3200,3200,3200,0,6400,38419200,11529601,3200,61440000,81920000,11526400,3840000,7686400,3840000,0,0,0,3846400,2602072,2.6021
distribute_parallel_for_split_3200_1200_3700,3200,3700,0,7400,44422200,13331101,3700,66240000,94720000,13327400,4440000,8887400,4440000,0,0,0,4447400,2977905,2.9779
distribute_parallel_for_split_3200_1200_4200,3200,4200,0,8400,50425200,15132601,4200,71040000,107520000,15128400,5040000,10088400,5040000,0,0,0,5048400,3378649,3.3786
distribute_parallel_for_split_3200_1700_1200,3200,1200,0,2400,20407200,6123601,1200,59840000,30720000,6122400,2040000,4082400,2040000,0,0,0,2042400,1399461,1.3995
distribute_parallel_for_split_3200_1700_1700,3200,1700,0,3400,28910200,8675101,1700,66640000,43520000,8673400,2890000,5783400,2890000,0,0,0,2893400,1959896,1.9599
distribute_parallel_for_split_3200_1700_2200,3200,2200,0,4400,37413200,11226601,2200,73440000,56320000,11224400,3740000,7484400,3740000,0,0,0,3744400,2512628,2.5126
distribute_parallel_for_split_3200_1700_2700,3200,2700,0,5400,45916200,13778101,2700,80240000,69120000,13775400,4590000,9185400,4590000,0,0,0,4595400,3121552,3.1216
distribute_parallel_for_split_3200_1700_3200,3200,3200,0,6400,54419200,16329601,3200,87040000,81920000,16326400,5440000,10886400,5440000,0,0,0,5446400,3622856,3.6229
distribute_parallel_for_split_3200_1700_3700,3200,3700,0,7400,62922200,18881101,3700,93840000,94720000,18877400,6290000,12587400,6290000,0,0,0,6297400,4237816,4.2378
distribute_parallel_for_split_3200_1700_4200,3200,4200,0,8400,71425200,21432601,4200,100640000,107520000,21428400,7140000,14288400,7140000,0,0,0,7148400,4776903,4.7769
distribute_parallel_for_split_3200_2200_1200,3200,1200,0,2400,26407200,7923601,1200,77440000,30720000,7922400,2640000,5282400,2640000,0,0,0,2642400,1841852,1.8419
distribute_parallel_for_split_3200_2200_1700,3200,1700,0,3400,37410200,11225101,1700,86240000,43520000,11223400,3740000,7483400,3740000,0,0,0,3743400,2563461,2.5635
distribute_parallel_for_split_3200_2200_2200,3200,2200,0,4400,48413200,14526601,2200,95040000,56320000,14524400,4840000,9684400,4840000,0,0,0,4844400,3234089,3.2341
distribute_parallel_for_split_3200_2200_2700,3200,2700,0,5400,59416200,17828101,2700,103840000,69120000,17825400,5940000,11885400,5940000,0,0,0,5945400,4027645,4.0276
distribute_parallel_for_split_3200_2200_3200,3200,3200,0,6400,70419200,21129601,3200,112640000,81920000,21126400,7040000,14086400,7040000,0,0,0,7046400,4690165,4.6902
distribute_parallel_for_split_3200_2200_3700,3200,3700,0,7400,81422200,24431101,3700,121440000,94720000,24427400,8140000,16287400,8140000,0,0,0,8147400,5618895,5.6189
distribute_parallel_for_split_3200_2200_4200,3200,4200,0,8400,92425200,27732601,4200,130240000,107520000,27728400,9240000,18488400,9240000,0,0,0,9248400,6195972,6.1960
distribute_parallel_for_split_3200_2700_1200,3200,1200,0,2400,32407200,9723601,1200,95040000,30720000,9722400,3240000,6482400,3240000,0,0,0,3242400,2243946,2.2439
distribute_parallel_for_split_3200_2700_1700,3200,1700,0,3400,45910200,13775101,1700,105840000,43520000,13773400,4590000,9183400,4590000,0,0,0,4593400,3108604,3.1086
distribute_parallel_for_split_3200_2700_2200,3200,2200,0,4400,59413200,17826601,2200,116640000,56320000,17824400,5940000,11884400,5940000,0,0,0,5944400,3960768,3.9608
distribute_parallel_for_split_3200_2700_2700,3200,2700,0,5400,72916200,21878101,2700,127440000,69120000,21875400,7290000,14585400,7290000,0,0,0,7295400,4930470,4.9305
distribute_parallel_for_split_3200_2700_3200,3200,3200,0,6400,86419200,25929601,3200,138240000,81920000,25926400,8640000,17286400,8640000,0,0,0,8646400,5751226,5.7512
distribute_parallel_for_split_3200_2700_3700,3200,3700,0,7400,99922200,29981101,3700,149040000,94720000,29977400,9990000,19987400,9990000,0,0,0,9997400,6700117,6.7001
distribute_parallel_for_split_3200_2700_4200,3200,4200,0,8400,113425200,34032601,4200,159840000,107520000,34028400,11340000,22688400,11340000,0,0,0,11348400,7669586,7.6696
distribute_parallel_for_split_3200_3200_1200,3200,1200,0,2400,38407200,11523601,1200,112640000,30720000,11522400,3840000,7682400,3840000,0,0,0,3842400,2678843,2.6788
distribute_parallel_for_split_3200_3200_1700,3200,1700,0,3400,54410200,16325101,1700,125440000,43520000,16323400,5440000,10883400,5440000,0,0,0,5443400,3743307,3.7433
distribute_parallel_for_split_3200_3200_2200,3200,2200,0,4400,70413200,21126601,2200,138240000,56320000,21124400,7040000,14084400,7040000,0,0,0,7044400,4714786,4.7148
distribute_parallel_for_split_3200_3200_2700,3200,2700,0,5400,86416200,25928101,2700,151040000,69120000,25925400,8640000,17285400,8640000,0,0,0,8645400,5846979,5.8470
distribute_parallel_for_split_3200_3200_3200,3200,3200,0,6400,102419200,30729601,3200,163840000,81920000,30726400,10240000,20486400,10240000,0,0,0,10246400,6816593,6.8166
distribute_parallel_for_split_3200_3200_3700,3200,3700,0,7400,118422200,35531101,3700,176640000,94720000,35527400,11840000,23687400,11840000,0,0,0,11847400,7931332,7.9313
distribute_parallel_for_split_3200_3200_4200,3200,4200,0,8400,134425200,40332601,4200,189440000,107520000,40328400,13440000,26888400,13440000,0,0,0,13448400,9193946,9.1939
distribute_parallel_for_split_3200_3700_1200,3200,1200,0,2400,44407200,13323601,1200,130240000,30720000,13322400,4440000,8882400,4440000,0,0,0,4442400,3035576,3.0356
distribute_parallel_for_split_3200_3700_1700,3200,1700,0,3400,62910200,18875101,1700,145040000,43520000,18873400,6290000,12583400,6290000,0,0,0,6293400,4263773,4.2638
distribute_parallel_for_split_3200_3700_2200,3200,2200,0,4400,81413200,24426601,2200,159840000,56320000,24424400,8140000,16284400,8140000,0,0,0,8144400,5468322,5.4683
distribute_parallel_for_split_3200_3700_2700,3200,2700,0,5400,99916200,29978101,2700,174640000,69120000,29975400,9990000,19985400,9990000,0,0,0,9995400,6760211,6.7602
distribute_parallel_for_split_3200_3700_3200,3200,3200,0,6400,118419200,35529601,3200,189440000,81920000,35526400,11840000,23686400,11840000,0,0,0,11846400,7971591,7.9716
distribute_parallel_for_split_3200_3700_3700,3200,3700,0,7400,136922200,41081101,3700,204240000,94720000,41077400,13690000,27387400,13690000,0,0,0,13697400,9244232,9.2442
distribute_parallel_for_split_3200_3700_4200,3200,4200,0,8400,155425200,46632601,4200,219040000,107520000,46628400,15540000,31088400,15540000,0,0,0,15548400,10396920,10.3969
distribute_parallel_for_split_3250_1250_1250,3250,1250,0,2500,15632500,4691251,1250,45000000,32500000,4690000,1562500,3127500,1562500,0,0,0,1565000,1095903,1.0959
distribute_parallel_for_split_3250_1250_1750,3250,1750,0,3500,21885500,6567751,1750,50000000,45500000,6566000,2187500,4378500,2187500,0,0,0,2191000,1490248,1.4902
distribute_parallel_for_split_3250_1250_2250,3250,2250,0,4500,28138500,8444251,2250,55000000,58500000,8442000,2812500,5629500,2812500,0,0,0,2817000,1897750,1.8978
distribute_parallel_for_split_3250_1250_2750,3250,2750,0,5500,34391500,10320751,2750,60000000,71500000,10318000,3437500,6880500,3437500,0,0,0,3443000,2300355,2.3004
distribute_parallel_for_split_3250_1250_3250,3250,3250,0,6500,40644500,12197251,3250,65000000,84500000,12194000,4062500,8131500,4062500,0,0,0,4069000,2714763,2.7148
distribute_parallel_for_split_3250_1250_3750,3250,3750,0,7500,46897500,14073751,3750,70000000,97500000,14070000,4687500,9382500,4687500,0,0,0,4695000,3154436,3.1544
distribute_parallel_for_split_3250_1250_4250,3250,4250,0,8500,53150500,15950251,4250,75000000,110500000,15946000,5312500,10633500,5312500,0,0,0,5321000,3539460,3.5395
distribute_parallel_for_split_3250_1750_1250,3250,1250,0,2500,21882500,6566251,1250,63000000,32500000,6565000,2187500,4377500,2187500,0,0,0,2190000,1546336,1.5463
distribute_parallel_for_split_3250_1750_1750,3250,1750,0,3500,30635500,9192751,1750,70000000,45500000,9191000,3062500,6128500,3062500,0,0,0,3066000,2079229,2.0792
distribute_parallel_for_split_3250_1750_2250,3250,2250,0,4500,39388500,11819251,2250,77000000,58500000,11817000,3937500,7879500,3937500,0,0,0,3942000,2700900,2.7009
distribute_parallel_for_split_3250_1750_2750,3250,2750,0,5500,48141500,14445751,2750,84000000,71500000,14443000,4812500,9630500,4812500,0,0,0,4818000,3252167,3.2522
distribute_parallel_for_split_3250_1750_3250,3250,3250,0,6500,56894500,17072251,3250,91000000,84500000,17069000,5687500,11381500,5687500,0,0,0,5694000,3799374,3.7994
distribute_parallel_for_split_3250_1750_3750,3250,3750,0,7500,65647500,19698751,3750,98000000,97500000,19695000,6562500,13132500,6562500,0,0,0,6570000,4410849,4.4108
distribute_parallel_for_split_3250_1750_4250,3250,4250,0,8500,74400500,22325251,4250,105000000,110500000,22321000,7437500,14883500,7437500,0,0,0,7446000,4974027,4.9740
distribute_parallel_for_split_3250_2250_1250,3250,1250,0,2500,28132500,8441251,1250,81000000,32500000,8440000,2812500,5627500,2812500,0,0,0,2815000,1965994,1.9660
distribute_parallel_for_split_3250_2250_1750,3250,1750,0,3500,39385500,11817751,1750,90000000,45500000,11816000,3937500,7878500,3937500,0,0,0,3941000,2676836,2.6768
distribute_parallel_for_split_3250_2250_2250,3250,2250,0,4500,50638500,15194251,2250,99000000,58500000,15192000,5062500,10129500,5062500,0,0,0,5067000,3411759,3.4118
distribute_parallel_for_split_3250_2250_2750,3250,2750,0,5500,61891500,18570751,2750,108000000,71500000,18568000,6187500,12380500,6187500,0,0,0,6193000,4176000,4.1760
distribute_parallel_for_split_3250_2250_3250,3250,3250,0,6500,73144500,21947251,3250,117000000,84500000,21944000,7312500,14631500,7312500,0,0,0,7319000,4930216,4.9302
distribute_parallel_for_split_3250_2250_3750,3250,3750,0,7500,84397500,25323751,3750,126000000,97500000,25320000,8437500,16882500,8437500,0,0,0,8445000,5675018,5.6750
distribute_parallel_for_split_3250_2250_4250,3250,4250,0,8500,95650500,28700251,4250,135000000,110500000,28696000,9562500,19133500,9562500,0,0,0,9571000,6351688,6.3517
distribute_parallel_for_split_3250_2750_1250,3250,1250,0,2500,34382500,10316251,1250,99000000,32500000,10315000,3437500,6877500,3437500,0,0,0,3440000,2412582,2.4126
distribute_parallel_for_split_3250_2750_1750,3250,1750,0,3500,48135500,14442751,1750,110000000,45500000,14441000,4812500,9628500,4812500,0,0,0,4816000,3270194,3.2702
distribute_parallel_for_split_3250_2750_2250,3250,2250,0,4500,61888500,18569251,2250,121000000,58500000,18567000,6187500,12379500,6187500,0,0,0,6192000,4227980,4.2280
distribute_parallel_for_split_3250_2750_2750,3250,2750,0,5500,75641500,22695751,2750,132000000,71500000,22693000,7562500,15130500,7562500,0,0,0,7568000,5041640,5.0416
distribute_parallel_for_split_3250_2750_3250,3250,3250,0,6500,89394500,26822251,3250,143000000,84500000,26819000,8937500,17881500,8937500,0,0,0,8944000,5951418,5.9514
distribute_parallel_for_split_3250_2750_3750,3250,3750,0,7500,103147500,30948751,3750,154000000,97500000,30945000,10312500,20632500,10312500,0,0,0,10320000,6918707,6.9187
distribute_parallel_for_split_3250_2750_4250,3250,4250,0,8500,116900500,35075251,4250,165000000,110500000,35071000,11687500,23383500,11687500,0,0,0,11696000,7849697,7.8497
distribute_parallel_for_split_3250_3250_1250,3250,1250,0,2500,40632500,12191251,1250,117000000,32500000,12190000,4062500,8127500,4062500,0,0,0,4065000,2900002,2.9000
distribute_parallel_for_split_3250_3250_1750,3250,1750,0,3500,56885500,17067751,1750,130000000,45500000,17066000,5687500,11378500,5687500,0,0,0,5691000,3861770,3.8618
distribute_parallel_for_split_3250_3250_2250,3250,2250,0,4500,73138500,21944251,2250,143000000,58500000,21942000,7312500,14629500,7312500,0,0,0,7317000,4954836,4.9548
distribute_parallel_for_split_3250_3250_2750,3250,2750,0,5500,89391500,26820751,2750,156000000,71500000,26818000,8937500,17880500,8937500,0,0,0,8943000,5961554,5.9616
distribute_parallel_for_split_3250_3250_3250,3250,3250,0,6500,105644500,31697251,3250,169000000,84500000,31694000,10562500,21131500,10562500,0,0,0,10569000,7150875,7.1509
distribute_parallel_for_split_3250_3250_3750,3250,3750,0,7500,121897500,36573751,3750,182000000,97500000,36570000,12187500,24382500,12187500,0,0,0,12195000,8154112,8.1541
distribute_parallel_for_split_3250_3250_4250,3250,4250,0,8500,138150500,41450251,4250,195000000,110500000,41446000,13812500,27633500,13812500,0,0,0,13821000,9295136,9.2951
distribute_parallel_for_split_3250_3750_1250,3250,1250,0,2500,46882500,14066251,1250,135000000,32500000,14065000,4687500,9377500,4687500,0,0,0,4690000,3277580,3.2776
distribute_parallel_for_split_3250_3750_1750,3250,1750,0,3500,65635500,19692751,1750,150000000,45500000,19691000,6562500,13128500,6562500,0,0,0,6566000,4498216,4.4982
distribute_parallel_for_split_3250_3750_2250,3250,2250,0,4500,84388500,25319251,2250,165000000,58500000,25317000,8437500,16879500,8437500,0,0,0,8442000,5724777,5.7248
distribute_parallel_for_split_3250_3750_2750,3250,2750,0,5500,103141500,30945751,2750,180000000,71500000,30943000,10312500,20630500,10312500,0,0,0,10318000,6873903,6.8739
distribute_parallel_for_split_3250_3750_3250,3250,3250,0,6500,121894500,36572251,3250,195000000,84500000,36569000,12187500,24381500,12187500,0,0,0,12194000,8101002,8.1010
distribute_parallel_for_split_3250_3750_3750,3250,3750,0,7500,140647500,42198751,3750,210000000,97500000,42195000,14062500,28132500,14062500,0,0,0,14070000,9471773,9.4718
distribute_parallel_for_split_3250_3750_4250,3250,4250,0,8500,159400500,47825251,4250,225000000,110500000,47821000,15937500,31883500,15937500,0,0,0,15946000,10632450,10.6325
distribute_parallel_for_split_3250_4250_1250,3250,1250,0,2500,53132500,15941251,1250,153000000,32500000,15940000,5312500,10627500,5312500,0,0,0,5315000,3705821,3.7058
distribute_parallel_for_split_3250_4250_1750,3250,1750,0,3500,74385500,22317751,1750,170000000,45500000,22316000,7437500,14878500,7437500,0,0,0,7441000,5047850,5.0479
distribute_parallel_for_split_3250_4250_2750,3250,2750,0,5500,116891500,35070751,2750,204000000,71500000,35068000,11687500,23380500,11687500,0,0,0,11693000,8105880,8.1059
distribute_parallel_for_split_3250_4250_3250,3250,3250,0,6500,138144500,41447251,3250,221000000,84500000,41444000,13812500,27631500,13812500,0,0,0,13819000,9361913,9.3619
distribute_parallel_for_split_3250_4250_3750,3250,3750,0,7500,159397500,47823751,3750,238000000,97500000,47820000,15937500,31882500,15937500,0,0,0,15945000,10893098,10.8931
distribute_parallel_for_split_3250_4250_4250,3250,4250,0,8500,180650500,54200251,4250,255000000,110500000,54196000,18062500,36133500,18062500,0,0,0,18071000,12275799,12.2758
distribute_parallel_for_split_3400_1400_1400,3400,1400,0,2800,19608400,5884201,1400,53760000,38080000,5882800,1960000,3922800,1960000,0,0,0,1962800,1418643,1.4186
distribute_parallel_for_split_3400_1400_1900,3400,1900,0,3800,26611400,7985701,1900,59360000,51680000,7983800,2660000,5323800,2660000,0,0,0,2663800,1910740,1.9107
distribute_parallel_for_split_3400_1400_2400,3400,2400,0,4800,33614400,10087201,2400,64960000,65280000,10084800,3360000,6724800,3360000,0,0,0,3364800,2377405,2.3774
distribute_parallel_for_split_3400_1400_2900,3400,2900,0,5800,40617400,12188701,2900,70560000,78880000,12185800,4060000,8125800,4060000,0,0,0,4065800,2928335,2.9283
distribute_parallel_for_split_3400_1400_3400,3400,3400,0,6800,47620400,14290201,3400,76160000,92480000,14286800,4760000,9526800,4760000,0,0,0,4766800,3418250,3.4183
distribute_parallel_for_split_3400_1400_3900,3400,3900,0,7800,54623400,16391701,3900,81760000,106080000,16387800,5460000,10927800,5460000,0,0,0,5467800,3897904,3.8979
distribute_parallel_for_split_3400_1400_900,3400,900,0,1800,12605400,3782701,900,48160000,24480000,3781800,1260000,2521800,1260000,0,0,0,1261800,958882,0.9589
distribute_parallel_for_split_3400_1900_1400,3400,1400,0,2800,26608400,7984201,1400,72960000,38080000,7982800,2660000,5322800,2660000,0,0,0,2662800,1930983,1.9310
distribute_parallel_for_split_3400_1900_1900,3400,1900,0,3800,36111400,10835701,1900,80560000,51680000,10833800,3610000,7223800,3610000,0,0,0,3613800,2633506,2.6335
distribute_parallel_for_split_3400_1900_2400,3400,2400,0,4800,45614400,13687201,2400,88160000,65280000,13684800,4560000,9124800,4560000,0,0,0,4564800,3270459,3.2705
distribute_parallel_for_split_3400_1900_2900,3400,2900,0,5800,55117400,16538701,2900,95760000,78880000,16535800,5510000,11025800,5510000,0,0,0,5515800,4006337,4.0063
distribute_parallel_for_split_3400_1900_3400,3400,3400,0,6800,64620400,19390201,3400,103360000,92480000,19386800,6460000,12926800,6460000,0,0,0,6466800,4642812,4.6428
distribute_parallel_for_split_3400_1900_3900,3400,3900,0,7800,74123400,22241701,3900,110960000,106080000,22237800,7410000,14827800,7410000,0,0,0,7417800,5294796,5.2948
distribute_parallel_for_split_3400_1900_900,3400,900,0,1800,17105400,5132701,900,65360000,24480000,5131800,1710000,3421800,1710000,0,0,0,1711800,1281885,1.2819
distribute_parallel_for_split_3400_2400_1400,3400,1400,0,2800,33608400,10084201,1400,92160000,38080000,10082800,3360000,6722800,3360000,0,0,0,3362800,2427545,2.4275
distribute_parallel_for_split_3400_2400_1900,3400,1900,0,3800,45611400,13685701,1900,101760000,51680000,13683800,4560000,9123800,4560000,0,0,0,4563800,3269422,3.2694
distribute_parallel_for_split_3400_2400_2400,3400,2400,0,4800,57614400,17287201,2400,111360000,65280000,17284800,5760000,11524800,5760000,0,0,0,5764800,4059745,4.0597
distribute_parallel_for_split_3400_2400_2900,3400,2900,0,5800,69617400,20888701,2900,120960000,78880000,20885800,6960000,13925800,6960000,0,0,0,6965800,5031698,5.0317
distribute_parallel_for_split_3400_2400_3400,3400,3400,0,6800,81620400,24490201,3400,130560000,92480000,24486800,8160000,16326800,8160000,0,0,0,8166800,5883059,5.8831
distribute_parallel_for_split_3400_2400_3900,3400,3900,0,7800,93623400,28091701,3900,140160000,106080000,28087800,9360000,18727800,9360000,0,0,0,9367800,6672093,6.6721
distribute_parallel_for_split_3400_2400_900,3400,900,0,1800,21605400,6482701,900,82560000,24480000,6481800,2160000,4321800,2160000,0,0,0,2161800,1624216,1.6242
distribute_parallel_for_split_3400_2900_1400,3400,1400,0,2800,40608400,12184201,1400,111360000,38080000,12182800,4060000,8122800,4060000,0,0,0,4062800,2938096,2.9381
distribute_parallel_for_split_3400_2900_1900,3400,1900,0,3800,55111400,16535701,1900,122960000,51680000,16533800,5510000,11023800,5510000,0,0,0,5513800,4018234,4.0182
distribute_parallel_for_split_3400_2900_2400,3400,2400,0,4800,69614400,20887201,2400,134560000,65280000,20884800,6960000,13924800,6960000,0,0,0,6964800,5029957,5.0300
distribute_parallel_for_split_3400_2900_2900,3400,2900,0,5800,84117400,25238701,2900,146160000,78880000,25235800,8410000,16825800,8410000,0,0,0,8415800,6148808,6.1488
distribute_parallel_for_split_3400_2900_3400,3400,3400,0,6800,98620400,29590201,3400,157760000,92480000,29586800,9860000,19726800,9860000,0,0,0,9866800,7055398,7.0554
distribute_parallel_for_split_3400_2900_3900,3400,3900,0,7800,113123400,33941701,3900,169360000,106080000,33937800,11310000,22627800,11310000,0,0,0,11317800,8053374,8.0534
distribute_parallel_for_split_3400_2900_900,3400,900,0,1800,26105400,7832701,900,99760000,24480000,7831800,2610000,5221800,2610000,0,0,0,2611800,1963573,1.9636
distribute_parallel_for_split_3400_3400_1400,3400,1400,0,2800,47608400,14284201,1400,130560000,38080000,14282800,4760000,9522800,4760000,0,0,0,4762800,3441964,3.4420
distribute_parallel_for_split_3400_3400_1900,3400,1900,0,3800,64611400,19385701,1900,144160000,51680000,19383800,6460000,12923800,6460000,0,0,0,6463800,4632707,4.6327
distribute_parallel_for_split_3400_3400_2400,3400,2400,0,4800,81614400,24487201,2400,157760000,65280000,24484800,8160000,16324800,8160000,0,0,0,8164800,5798116,5.7981
distribute_parallel_for_split_3400_3400_2900,3400,2900,0,5800,98617400,29588701,2900,171360000,78880000,29585800,9860000,19725800,9860000,0,0,0,9865800,7101259,7.1013
distribute_parallel_for_split_3400_3400_3400,3400,3400,0,6800,115620400,34690201,3400,184960000,92480000,34686800,11560000,23126800,11560000,0,0,0,11566800,8275196,8.2752
distribute_parallel_for_split_3400_3400_3900,3400,3900,0,7800,132623400,39791701,3900,198560000,106080000,39787800,13260000,26527800,13260000,0,0,0,13267800,9437779,9.4378
distribute_parallel_for_split_3400_3400_900,3400,900,0,1800,30605400,9182701,900,116960000,24480000,9181800,3060000,6121800,3060000,0,0,0,3061800,2295284,2.2953
distribute_parallel_for_split_3400_3900_1400,3400,1400,0,2800,54608400,16384201,1400,149760000,38080000,16382800,5460000,10922800,5460000,0,0,0,5462800,4054970,4.0550
distribute_parallel_for_split_3400_3900_1900,3400,1900,0,3800,74111400,22235701,1900,165360000,51680000,22233800,7410000,14823800,7410000,0,0,0,7413800,5323872,5.3239
distribute_parallel_for_split_3400_3900_2400,3400,2400,0,4800,93614400,28087201,2400,180960000,65280000,28084800,9360000,18724800,9360000,0,0,0,9364800,6595580,6.5956
distribute_parallel_for_split_3400_3900_2900,3400,2900,0,5800,113117400,33938701,2900,196560000,78880000,33935800,11310000,22625800,11310000,0,0,0,11315800,8172834,8.1728
distribute_parallel_for_split_3400_3900_3400,3400,3400,0,6800,132620400,39790201,3400,212160000,92480000,39786800,13260000,26526800,13260000,0,0,0,13266800,9504266,9.5043
distribute_parallel_for_split_3400_3900_3900,3400,3900,0,7800,152123400,45641701,3900,227760000,106080000,45637800,15210000,30427800,15210000,0,0,0,15217800,10863106,10.8631
distribute_parallel_for_split_3400_3900_900,3400,900,0,1800,35105400,10532701,900,134160000,24480000,10531800,3510000,7021800,3510000,0,0,0,3511800,2698868,2.6989
distribute_parallel_for_split_3400_900_1400,3400,1400,0,2800,12608400,3784201,1400,34560000,38080000,3782800,1260000,2522800,1260000,0,0,0,1262800,915773,0.9158
distribute_parallel_for_split_3400_900_1900,3400,1900,0,3800,17111400,5135701,1900,38160000,51680000,5133800,1710000,3423800,1710000,0,0,0,1713800,1233358,1.2334
distribute_parallel_for_split_3400_900_2400,3400,2400,0,4800,21614400,6487201,2400,41760000,65280000,6484800,2160000,4324800,2160000,0,0,0,2164800,1530572,1.5306
distribute_parallel_for_split_3400_900_2900,3400,2900,0,5800,26117400,7838701,2900,45360000,78880000,7835800,2610000,5225800,2610000,0,0,0,2615800,1887790,1.8878
distribute_parallel_for_split_3400_900_3400,3400,3400,0,6800,30620400,9190201,3400,48960000,92480000,9186800,3060000,6126800,3060000,0,0,0,3066800,2197506,2.1975
distribute_parallel_for_split_3400_900_3900,3400,3900,0,7800,35123400,10541701,3900,52560000,106080000,10537800,3510000,7027800,3510000,0,0,0,3517800,2564206,2.5642
distribute_parallel_for_split_3400_900_900,3400,900,0,1800,8105400,2432701,900,30960000,24480000,2431800,810000,1621800,810000,0,0,0,811800,609319,0.6093
distribute_parallel_for_split_3700_1200_1200,3700,1200,0,2400,14407200,4323601,1200,47040000,35520000,4322400,1440000,2882400,1440000,0,0,0,1442400,1128117,1.1281
distribute_parallel_for_split_3700_1200_1700,3700,1700,0,3400,20410200,6125101,1700,51840000,50320000,6123400,2040000,4083400,2040000,0,0,0,2043400,1581571,1.5816
distribute_parallel_for_split_3700_1200_2200,3700,2200,0,4400,26413200,7926601,2200,56640000,65120000,7924400,2640000,5284400,2640000,0,0,0,2644400,2043981,2.0440
distribute_parallel_for_split_3700_1200_2700,3700,2700,0,5400,32416200,9728101,2700,61440000,79920000,9725400,3240000,6485400,3240000,0,0,0,3245400,2546337,2.5463
distribute_parallel_for_split_3700_1200_3200,3700,3200,0,6400,38419200,11529601,3200,66240000,94720000,11526400,3840000,7686400,3840000,0,0,0,3846400,2917601,2.9176
distribute_parallel_for_split_3700_1200_3700,3700,3700,0,7400,44422200,13331101,3700,71040000,109520000,13327400,4440000,8887400,4440000,0,0,0,4447400,3412204,3.4122
distribute_parallel_for_split_3700_1200_4200,3700,4200,0,8400,50425200,15132601,4200,75840000,124320000,15128400,5040000,10088400,5040000,0,0,0,5048400,3866401,3.8664
distribute_parallel_for_split_3700_1700_1200,3700,1200,0,2400,20407200,6123601,1200,66640000,35520000,6122400,2040000,4082400,2040000,0,0,0,2042400,1634940,1.6349
distribute_parallel_for_split_3700_1700_1700,3700,1700,0,3400,28910200,8675101,1700,73440000,50320000,8673400,2890000,5783400,2890000,0,0,0,2893400,2239513,2.2395
distribute_parallel_for_split_3700_1700_2200,3700,2200,0,4400,37413200,11226601,2200,80240000,65120000,11224400,3740000,7484400,3740000,0,0,0,3744400,2859518,2.8595
distribute_parallel_for_split_3700_1700_2700,3700,2700,0,5400,45916200,13778101,2700,87040000,79920000,13775400,4590000,9185400,4590000,0,0,0,4595400,3557925,3.5579
distribute_parallel_for_split_3700_1700_3200,3700,3200,0,6400,54419200,16329601,3200,93840000,94720000,16326400,5440000,10886400,5440000,0,0,0,5446400,4138521,4.1385
distribute_parallel_for_split_3700_1700_3700,3700,3700,0,7400,62922200,18881101,3700,100640000,109520000,18877400,6290000,12587400,6290000,0,0,0,6297400,4888086,4.8881
distribute_parallel_for_split_3700_1700_4200,3700,4200,0,8400,71425200,21432601,4200,107440000,124320000,21428400,7140000,14288400,7140000,0,0,0,7148400,5543013,5.5430
distribute_parallel_for_split_3700_2200_1200,3700,1200,0,2400,26407200,7923601,1200,86240000,35520000,7922400,2640000,5282400,2640000,0,0,0,2642400,2066730,2.0667
distribute_parallel_for_split_3700_2200_1700,3700,1700,0,3400,37410200,11225101,1700,95040000,50320000,11223400,3740000,7483400,3740000,0,0,0,3743400,2894208,2.8942
distribute_parallel_for_split_3700_2200_2200,3700,2200,0,4400,48413200,14526601,2200,103840000,65120000,14524400,4840000,9684400,4840000,0,0,0,4844400,3738222,3.7382
distribute_parallel_for_split_3700_2200_2700,3700,2700,0,5400,59416200,17828101,2700,112640000,79920000,17825400,5940000,11885400,5940000,0,0,0,5945400,4600476,4.6005
distribute_parallel_for_split_3700_2200_3200,3700,3200,0,6400,70419200,21129601,3200,121440000,94720000,21126400,7040000,14086400,7040000,0,0,0,7046400,5348556,5.3486
distribute_parallel_for_split_3700_2200_3700,3700,3700,0,7400,81422200,24431101,3700,130240000,109520000,24427400,8140000,16287400,8140000,0,0,0,8147400,6243123,6.2431
distribute_parallel_for_split_3700_2200_4200,3700,4200,0,8400,92425200,27732601,4200,139040000,124320000,27728400,9240000,18488400,9240000,0,0,0,9248400,7196905,7.1969
distribute_parallel_for_split_3700_2700_1200,3700,1200,0,2400,32407200,9723601,1200,105840000,35520000,9722400,3240000,6482400,3240000,0,0,0,3242400,2534809,2.5348
distribute_parallel_for_split_3700_2700_1700,3700,1700,0,3400,45910200,13775101,1700,116640000,50320000,13773400,4590000,9183400,4590000,0,0,0,4593400,3555838,3.5558
distribute_parallel_for_split_3700_2700_2200,3700,2200,0,4400,59413200,17826601,2200,127440000,65120000,17824400,5940000,11884400,5940000,0,0,0,5944400,4538550,4.5385
distribute_parallel_for_split_3700_2700_2700,3700,2700,0,5400,72916200,21878101,2700,138240000,79920000,21875400,7290000,14585400,7290000,0,0,0,7295400,5642057,5.6421
distribute_parallel_for_split_3700_2700_3200,3700,3200,0,6400,86419200,25929601,3200,149040000,94720000,25926400,8640000,17286400,8640000,0,0,0,8646400,6568694,6.5687
distribute_parallel_for_split_3700_2700_3700,3700,3700,0,7400,99922200,29981101,3700,159840000,109520000,29977400,9990000,19987400,9990000,0,0,0,9997400,7691632,7.6916
distribute_parallel_for_split_3700_2700_4200,3700,4200,0,8400,113425200,34032601,4200,170640000,124320000,34028400,11340000,22688400,11340000,0,0,0,11348400,8672093,8.6721
distribute_parallel_for_split_3700_3200_1200,3700,1200,0,2400,38407200,11523601,1200,125440000,35520000,11522400,3840000,7682400,3840000,0,0,0,3842400,3027175,3.0272
distribute_parallel_for_split_3700_3200_1700,3700,1700,0,3400,54410200,16325101,1700,138240000,50320000,16323400,5440000,10883400,5440000,0,0,0,5443400,4208485,4.2085
distribute_parallel_for_split_3700_3200_2200,3700,2200,0,4400,70413200,21126601,2200,151040000,65120000,21124400,7040000,14084400,7040000,0,0,0,7044400,5375370,5.3754
distribute_parallel_for_split_3700_3200_2700,3700,2700,0,5400,86416200,25928101,2700,163840000,79920000,25925400,8640000,17285400,8640000,0,0,0,8645400,6674215,6.6742
distribute_parallel_for_split_3700_3200_3200,3700,3200,0,6400,102419200,30729601,3200,176640000,94720000,30726400,10240000,20486400,10240000,0,0,0,10246400,8020553,8.0206
distribute_parallel_for_split_3700_3200_3700,3700,3700,0,7400,118422200,35531101,3700,189440000,109520000,35527400,11840000,23687400,11840000,0,0,0,11847400,9081529,9.0815
distribute_parallel_for_split_3700_3200_4200,3700,4200,0,8400,134425200,40332601,4200,202240000,124320000,40328400,13440000,26888400,13440000,0,0,0,13448400,10248803,10.2488
distribute_parallel_for_split_3700_3700_1200,3700,1200,0,2400,44407200,13323601,1200,145040000,35520000,13322400,4440000,8882400,4440000,0,0,0,4442400,3462466,3.4625
distribute_parallel_for_split_3700_3700_1700,3700,1700,0,3400,62910200,18875101,1700,159840000,50320000,18873400,6290000,12583400,6290000,0,0,0,6293400,5093848,5.0938
distribute_parallel_for_split_3700_3700_2200,3700,2200,0,4400,81413200,24426601,2200,174640000,65120000,24424400,8140000,16284400,8140000,0,0,0,8144400,6253454,6.2535
distribute_parallel_for_split_3700_3700_2700,3700,2700,0,5400,99916200,29978101,2700,189440000,79920000,29975400,9990000,19985400,9990000,0,0,0,9995400,7755698,7.7557
distribute_parallel_for_split_3700_3700_3200,3700,3200,0,6400,118419200,35529601,3200,204240000,94720000,35526400,11840000,23686400,11840000,0,0,0,11846400,8990838,8.9908
distribute_parallel_for_split_3700_3700_3700,3700,3700,0,7400,136922200,41081101,3700,219040000,109520000,41077400,13690000,27387400,13690000,0,0,0,13697400,10510509,10.5105
distribute_parallel_for_split_3700_3700_4200,3700,4200,0,8400,155425200,46632601,4200,233840000,124320000,46628400,15540000,31088400,15540000,0,0,0,15548400,12001194,12.0012
distribute_parallel_for_split_3750_1250_1250,3750,1250,0,2500,15632500,4691251,1250,50000000,37500000,4690000,1562500,3127500,1562500,0,0,0,1565000,1299195,1.2992
distribute_parallel_for_split_3750_1250_1750,3750,1750,0,3500,21885500,6567751,1750,55000000,52500000,6566000,2187500,4378500,2187500,0,0,0,2191000,1765491,1.7655
distribute_parallel_for_split_3750_1250_2250,3750,2250,0,4500,28138500,8444251,2250,60000000,67500000,8442000,2812500,5629500,2812500,0,0,0,2817000,2250107,2.2501
distribute_parallel_for_split_3750_1250_2750,3750,2750,0,5500,34391500,10320751,2750,65000000,82500000,10318000,3437500,6880500,3437500,0,0,0,3443000,2720641,2.7206
distribute_parallel_for_split_3750_1250_3250,3750,3250,0,6500,40644500,12197251,3250,70000000,97500000,12194000,4062500,8131500,4062500,0,0,0,4069000,3224954,3.2250
distribute_parallel_for_split_3750_1250_3750,3750,3750,0,7500,46897500,14073751,3750,75000000,112500000,14070000,4687500,9382500,4687500,0,0,0,4695000,3744849,3.7448
distribute_parallel_for_split_3750_1250_4250,3750,4250,0,8500,53150500,15950251,4250,80000000,127500000,15946000,5312500,10633500,5312500,0,0,0,5321000,4220549,4.2205
distribute_parallel_for_split_3750_1750_1250,3750,1250,0,2500,21882500,6566251,1250,70000000,37500000,6565000,2187500,4377500,2187500,0,0,0,2190000,1823590,1.8236
distribute_parallel_for_split_3750_1750_1750,3750,1750,0,3500,30635500,9192751,1750,77000000,52500000,9191000,3062500,6128500,3062500,0,0,0,3066000,2477129,2.4771
distribute_parallel_for_split_3750_1750_2250,3750,2250,0,4500,39388500,11819251,2250,84000000,67500000,11817000,3937500,7879500,3937500,0,0,0,3942000,3145599,3.1456
distribute_parallel_for_split_3750_1750_2750,3750,2750,0,5500,48141500,14445751,2750,91000000,82500000,14443000,4812500,9630500,4812500,0,0,0,4818000,3811885,3.8119
distribute_parallel_for_split_3750_1750_3250,3750,3250,0,6500,56894500,17072251,3250,98000000,97500000,17069000,5687500,11381500,5687500,0,0,0,5694000,4505658,4.5057
distribute_parallel_for_split_3750_1750_3750,3750,3750,0,7500,65647500,19698751,3750,105000000,112500000,19695000,6562500,13132500,6562500,0,0,0,6570000,5242345,5.2423
distribute_parallel_for_split_3750_1750_4250,3750,4250,0,8500,74400500,22325251,4250,112000000,127500000,22321000,7437500,14883500,7437500,0,0,0,7446000,5893550,5.8936
distribute_parallel_for_split_3750_2250_1250,3750,1250,0,2500,28132500,8441251,1250,90000000,37500000,8440000,2812500,5627500,2812500,0,0,0,2815000,2368270,2.3683
distribute_parallel_for_split_3750_2250_1750,3750,1750,0,3500,39385500,11817751,1750,99000000,52500000,11816000,3937500,7878500,3937500,0,0,0,3941000,3165776,3.1658
distribute_parallel_for_split_3750_2250_2250,3750,2250,0,4500,50638500,15194251,2250,108000000,67500000,15192000,5062500,10129500,5062500,0,0,0,5067000,4051179,4.0512
distribute_parallel_for_split_3750_2250_2750,3750,2750,0,5500,61891500,18570751,2750,117000000,82500000,18568000,6187500,12380500,6187500,0,0,0,6193000,4897845,4.8978
distribute_parallel_for_split_3750_2250_3250,3750,3250,0,6500,73144500,21947251,3250,126000000,97500000,21944000,7312500,14631500,7312500,0,0,0,7319000,5785974,5.7860
distribute_parallel_for_split_3750_2250_3750,3750,3750,0,7500,84397500,25323751,3750,135000000,112500000,25320000,8437500,16882500,8437500,0,0,0,8445000,6808955,6.8090
distribute_parallel_for_split_3750_2250_4250,3750,4250,0,8500,95650500,28700251,4250,144000000,127500000,28696000,9562500,19133500,9562500,0,0,0,9571000,7648592,7.6486
distribute_parallel_for_split_3750_2750_1250,3750,1250,0,2500,34382500,10316251,1250,110000000,37500000,10315000,3437500,6877500,3437500,0,0,0,3440000,2890886,2.8909
distribute_parallel_for_split_3750_2750_1750,3750,1750,0,3500,48135500,14442751,1750,121000000,52500000,14441000,4812500,9628500,4812500,0,0,0,4816000,3865217,3.8652
distribute_parallel_for_split_3750_2750_2250,3750,2250,0,4500,61888500,18569251,2250,132000000,67500000,18567000,6187500,12379500,6187500,0,0,0,6192000,4961521,4.9615
distribute_parallel_for_split_3750_2750_2750,3750,2750,0,5500,75641500,22695751,2750,143000000,82500000,22693000,7562500,15130500,7562500,0,0,0,7568000,5981854,5.9819
distribute_parallel_for_split_3750_2750_3250,3750,3250,0,6500,89394500,26822251,3250,154000000,97500000,26819000,8937500,17881500,8937500,0,0,0,8944000,7049966,7.0500
distribute_parallel_for_split_3750_2750_3750,3750,3750,0,7500,103147500,30948751,3750,165000000,112500000,30945000,10312500,20632500,10312500,0,0,0,10320000,8206665,8.2067
distribute_parallel_for_split_3750_2750_4250,3750,4250,0,8500,116900500,35075251,4250,176000000,127500000,35071000,11687500,23383500,11687500,0,0,0,11696000,9235022,9.2350
distribute_parallel_for_split_3750_3250_1250,3750,1250,0,2500,40632500,12191251,1250,130000000,37500000,12190000,4062500,8127500,4062500,0,0,0,4065000,3369701,3.3697
distribute_parallel_for_split_3750_3250_1750,3750,1750,0,3500,56885500,17067751,1750,143000000,52500000,17066000,5687500,11378500,5687500,0,0,0,5691000,4596236,4.5962
distribute_parallel_for_split_3750_3250_2250,3750,2250,0,4500,73138500,21944251,2250,156000000,67500000,21942000,7312500,14629500,7312500,0,0,0,7317000,5877984,5.8780
distribute_parallel_for_split_3750_3250_2750,3750,2750,0,5500,89391500,26820751,2750,169000000,82500000,26818000,8937500,17880500,8937500,0,0,0,8943000,7069483,7.0695
distribute_parallel_for_split_3750_3250_3250,3750,3250,0,6500,105644500,31697251,3250,182000000,97500000,31694000,10562500,21131500,10562500,0,0,0,10569000,8339854,8.3399
distribute_parallel_for_split_3750_3250_3750,3750,3750,0,7500,121897500,36573751,3750,195000000,112500000,36570000,12187500,24382500,12187500,0,0,0,12195000,9712586,9.7126
distribute_parallel_for_split_3750_3250_4250,3750,4250,0,8500,138150500,41450251,4250,208000000,127500000,41446000,13812500,27633500,13812500,0,0,0,13821000,10896507,10.8965
distribute_parallel_for_split_3750_3750_1250,3750,1250,0,2500,46882500,14066251,1250,150000000,37500000,14065000,4687500,9377500,4687500,0,0,0,4690000,3866952,3.8670
distribute_parallel_for_split_3750_3750_1750,3750,1750,0,3500,65635500,19692751,1750,165000000,52500000,19691000,6562500,13128500,6562500,0,0,0,6566000,5262457,5.2625
distribute_parallel_for_split_3750_3750_2250,3750,2250,0,4500,84388500,25319251,2250,180000000,67500000,25317000,8437500,16879500,8437500,0,0,0,8442000,6737844,6.7378
distribute_parallel_for_split_3750_3750_2750,3750,2750,0,5500,103141500,30945751,2750,195000000,82500000,30943000,10312500,20630500,10312500,0,0,0,10318000,8153604,8.1536
distribute_parallel_for_split_3750_3750_3250,3750,3250,0,6500,121894500,36572251,3250,210000000,97500000,36569000,12187500,24381500,12187500,0,0,0,12194000,9577251,9.5773
distribute_parallel_for_split_3750_3750_3750,3750,3750,0,7500,140647500,42198751,3750,225000000,112500000,42195000,14062500,28132500,14062500,0,0,0,14070000,11175001,11.1750
distribute_parallel_for_split_3750_3750_4250,3750,4250,0,8500,159400500,47825251,4250,240000000,127500000,47821000,15937500,31883500,15937500,0,0,0,15946000,12527237,12.5272
distribute_parallel_for_split_3900_1400_1400,3900,1400,0,2800,19608400,5884201,1400,59360000,43680000,5882800,1960000,3922800,1960000,0,0,0,1962800,1612997,1.6130
distribute_parallel_for_split_3900_1400_1900,3900,1900,0,3800,26611400,7985701,1900,64960000,59280000,7983800,2660000,5323800,2660000,0,0,0,2663800,2262032,2.2620
distribute_parallel_for_split_3900_1400_2400,3900,2400,0,4800,33614400,10087201,2400,70560000,74880000,10084800,3360000,6724800,3360000,0,0,0,3364800,2809888,2.8099
distribute_parallel_for_split_3900_1400_2900,3900,2900,0,5800,40617400,12188701,2900,76160000,90480000,12185800,4060000,8125800,4060000,0,0,0,4065800,3329729,3.3297
distribute_parallel_for_split_3900_1400_3400,3900,3400,0,6800,47620400,14290201,3400,81760000,106080000,14286800,4760000,9526800,4760000,0,0,0,4766800,3878390,3.8784
distribute_parallel_for_split_3900_1400_3900,3900,3900,0,7800,54623400,16391701,3900,87360000,121680000,16387800,5460000,10927800,5460000,0,0,0,5467800,4428849,4.4288
distribute_parallel_for_split_3900_1400_900,3900,900,0,1800,12605400,3782701,900,53760000,28080000,3781800,1260000,2521800,1260000,0,0,0,1261800,1076624,1.0766
distribute_parallel_for_split_3900_1900_1400,3900,1400,0,2800,26608400,7984201,1400,80560000,43680000,7982800,2660000,5322800,2660000,0,0,0,2662800,2185674,2.1857
distribute_parallel_for_split_3900_1900_1900,3900,1900,0,3800,36111400,10835701,1900,88160000,59280000,10833800,3610000,7223800,3610000,0,0,0,3613800,2977603,2.9776
distribute_parallel_for_split_3900_1900_2400,3900,2400,0,4800,45614400,13687201,2400,95760000,74880000,13684800,4560000,9124800,4560000,0,0,0,4564800,3646402,3.6464
distribute_parallel_for_split_3900_1900_2900,3900,2900,0,5800,55117400,16538701,2900,103360000,90480000,16535800,5510000,11025800,5510000,0,0,0,5515800,4492777,4.4928
distribute_parallel_for_split_3900_1900_3400,3900,3400,0,6800,64620400,19390201,3400,110960000,106080000,19386800,6460000,12926800,6460000,0,0,0,6466800,5338277,5.3383
distribute_parallel_for_split_3900_1900_3900,3900,3900,0,7800,74123400,22241701,3900,118560000,121680000,22237800,7410000,14827800,7410000,0,0,0,7417800,6184884,6.1849
distribute_parallel_for_split_3900_1900_900,3900,900,0,1800,17105400,5132701,900,72960000,28080000,5131800,1710000,3421800,1710000,0,0,0,1711800,1467723,1.4677
distribute_parallel_for_split_3900_2400_1400,3900,1400,0,2800,33608400,10084201,1400,101760000,43680000,10082800,3360000,6722800,3360000,0,0,0,3362800,2753577,2.7536
distribute_parallel_for_split_3900_2400_1900,3900,1900,0,3800,45611400,13685701,1900,111360000,59280000,13683800,4560000,9123800,4560000,0,0,0,4563800,3709851,3.7099
distribute_parallel_for_split_3900_2400_2400,3900,2400,0,4800,57614400,17287201,2400,120960000,74880000,17284800,5760000,11524800,5760000,0,0,0,5764800,4589493,4.5895
distribute_parallel_for_split_3900_2400_2900,3900,2900,0,5800,69617400,20888701,2900,130560000,90480000,20885800,6960000,13925800,6960000,0,0,0,6965800,5663261,5.6633
distribute_parallel_for_split_3900_2400_3400,3900,3400,0,6800,81620400,24490201,3400,140160000,106080000,24486800,8160000,16326800,8160000,0,0,0,8166800,6608370,6.6084
distribute_parallel_for_split_3900_2400_3900,3900,3900,0,7800,93623400,28091701,3900,149760000,121680000,28087800,9360000,18727800,9360000,0,0,0,9367800,7587027,7.5870
distribute_parallel_for_split_3900_2400_900,3900,900,0,1800,21605400,6482701,900,92160000,28080000,6481800,2160000,4321800,2160000,0,0,0,2161800,1860453,1.8605
distribute_parallel_for_split_3900_2900_1400,3900,1400,0,2800,40608400,12184201,1400,122960000,43680000,12182800,4060000,8122800,4060000,0,0,0,4062800,3321659,3.3217
distribute_parallel_for_split_3900_2900_1900,3900,1900,0,3800,55111400,16535701,1900,134560000,59280000,16533800,5510000,11023800,5510000,0,0,0,5513800,4470650,4.4707
distribute_parallel_for_split_3900_2900_2400,3900,2400,0,4800,69614400,20887201,2400,146160000,74880000,20884800,6960000,13924800,6960000,0,0,0,6964800,5610047,5.6100
distribute_parallel_for_split_3900_2900_2900,3900,2900,0,5800,84117400,25238701,2900,157760000,90480000,25235800,8410000,16825800,8410000,0,0,0,8415800,6861255,6.8613
distribute_parallel_for_split_3900_2900_3400,3900,3400,0,6800,98620400,29590201,3400,169360000,106080000,29586800,9860000,19726800,9860000,0,0,0,9866800,7979602,7.9796
distribute_parallel_for_split_3900_2900_3900,3900,3900,0,7800,113123400,33941701,3900,180960000,121680000,33937800,11310000,22627800,11310000,0,0,0,11317800,9098116,9.0981
distribute_parallel_for_split_3900_2900_900,3900,900,0,1800,26105400,7832701,900,111360000,28080000,7831800,2610000,5221800,2610000,0,0,0,2611800,2219757,2.2198
distribute_parallel_for_split_3900_3400_1400,3900,1400,0,2800,47608400,14284201,1400,144160000,43680000,14282800,4760000,9522800,4760000,0,0,0,4762800,3894247,3.8942
distribute_parallel_for_split_3900_3400_1900,3900,1900,0,3800,64611400,19385701,1900,157760000,59280000,19383800,6460000,12923800,6460000,0,0,0,6463800,5291604,5.2916
distribute_parallel_for_split_3900_3400_2400,3900,2400,0,4800,81614400,24487201,2400,171360000,74880000,24484800,8160000,16324800,8160000,0,0,0,8164800,6504988,6.5050
distribute_parallel_for_split_3900_3400_2900,3900,2900,0,5800,98617400,29588701,2900,184960000,90480000,29585800,9860000,19725800,9860000,0,0,0,9865800,8049334,8.0493
distribute_parallel_for_split_3900_3400_3400,3900,3400,0,6800,115620400,34690201,3400,198560000,106080000,34686800,11560000,23126800,11560000,0,0,0,11566800,9468689,9.4687
distribute_parallel_for_split_3900_3400_3900,3900,3900,0,7800,132623400,39791701,3900,212160000,121680000,39787800,13260000,26527800,13260000,0,0,0,13267800,10673783,10.6738
distribute_parallel_for_split_3900_3400_900,3900,900,0,1800,30605400,9182701,900,130560000,28080000,9181800,3060000,6121800,3060000,0,0,0,3061800,2601187,2.6012
distribute_parallel_for_split_3900_3900_1400,3900,1400,0,2800,54608400,16384201,1400,165360000,43680000,16382800,5460000,10922800,5460000,0,0,0,5462800,4462717,4.4627
distribute_parallel_for_split_3900_3900_1900,3900,1900,0,3800,74111400,22235701,1900,180960000,59280000,22233800,7410000,14823800,7410000,0,0,0,7413800,6013718,6.0137
distribute_parallel_for_split_3900_3900_2400,3900,2400,0,4800,93614400,28087201,2400,196560000,74880000,28084800,9360000,18724800,9360000,0,0,0,9364800,7456358,7.4564
distribute_parallel_for_split_3900_3900_2900,3900,2900,0,5800,113117400,33938701,2900,212160000,90480000,33935800,11310000,22625800,11310000,0,0,0,11315800,9212437,9.2124
distribute_parallel_for_split_3900_3900_3400,3900,3400,0,6800,132620400,39790201,3400,227760000,106080000,39786800,13260000,26526800,13260000,0,0,0,13266800,10732360,10.7324
distribute_parallel_for_split_3900_3900_3900,3900,3900,0,7800,152123400,45641701,3900,243360000,121680000,45637800,15210000,30427800,15210000,0,0,0,15217800,12316560,12.3166
distribute_parallel_for_split_3900_3900_900,3900,900,0,1800,35105400,10532701,900,149760000,28080000,10531800,3510000,7021800,3510000,0,0,0,3511800,2975350,2.9754
distribute_parallel_for_split_3900_900_1400,3900,1400,0,2800,12608400,3784201,1400,38160000,43680000,3782800,1260000,2522800,1260000,0,0,0,1262800,1035844,1.0358
distribute_parallel_for_split_3900_900_1900,3900,1900,0,3800,17111400,5135701,1900,41760000,59280000,5133800,1710000,3423800,1710000,0,0,0,1713800,1393913,1.3939
distribute_parallel_for_split_3900_900_2400,3900,2400,0,4800,21614400,6487201,2400,45360000,74880000,6484800,2160000,4324800,2160000,0,0,0,2164800,1730054,1.7301
distribute_parallel_for_split_3900_900_2900,3900,2900,0,5800,26117400,7838701,2900,48960000,90480000,7835800,2610000,5225800,2610000,0,0,0,2615800,2134751,2.1348
distribute_parallel_for_split_3900_900_3400,3900,3400,0,6800,30620400,9190201,3400,52560000,106080000,9186800,3060000,6126800,3060000,0,0,0,3066800,2494031,2.4940
distribute_parallel_for_split_3900_900_3900,3900,3900,0,7800,35123400,10541701,3900,56160000,121680000,10537800,3510000,7027800,3510000,0,0,0,3517800,2843194,2.8432
distribute_parallel_for_split_3900_900_900,3900,900,0,1800,8105400,2432701,900,34560000,28080000,2431800,810000,1621800,810000,0,0,0,811800,693810,0.6938
distribute_parallel_for_split_400_100_100,400,100,0,200,100600,30301,100,400000,320000,30200,10000,20200,10000,0,0,0,10200,7643,0.0076
distribute_parallel_for_split_400_100_200,400,200,0,400,201200,60601,200,480000,640000,60400,20000,40400,20000,0,0,0,20400,5737,0.0057
distribute_parallel_for_split_400_100_300,400,300,0,600,301800,90901,300,560000,960000,90600,30000,60600,30000,0,0,0,30600,5685,0.0057
distribute_parallel_for_split_400_100_400,400,400,0,800,402400,121201,400,640000,1280000,120800,40000,80800,40000,0,0,0,40800,11073,0.0111
distribute_parallel_for_split_400_100_500,400,500,0,1000,503000,151501,500,720000,1600000,151000,50000,101000,50000,0,0,0,51000,11665,0.0117
distribute_parallel_for_split_400_100_600,400,600,0,1200,603600,181801,600,800000,1920000,181200,60000,121200,60000,0,0,0,61200,17775,0.0178
distribute_parallel_for_split_400_100_700,400,700,0,1400,704200,212101,700,880000,2240000,211400,70000,141400,70000,0,0,0,71400,9480,0.0095
distribute_parallel_for_split_400_100_800,400,800,0,1600,804800,242401,800,960000,2560000,241600,80000,161600,80000,0,0,0,81600,25885,0.0259
distribute_parallel_for_split_400_100_900,400,900,0,1800,905400,272701,900,1040000,2880000,271800,90000,181800,90000,0,0,0,91800,11380,0.0114
distribute_parallel_for_split_400_200_100,400,100,0,200,200600,60301,100,800000,320000,60200,20000,40200,20000,0,0,0,20200,5635,0.0056
distribute_parallel_for_split_400_200_200,400,200,0,400,401200,120601,200,960000,640000,120400,40000,80400,40000,0,0,0,40400,11279,0.0113
distribute_parallel_for_split_400_200_300,400,300,0,600,601800,180901,300,1120000,960000,180600,60000,120600,60000,0,0,0,60600,28861,0.0289
distribute_parallel_for_split_400_200_400,400,400,0,800,802400,241201,400,1280000,1280000,240800,80000,160800,80000,0,0,0,80800,11660,0.0117
distribute_parallel_for_split_400_200_500,400,500,0,1000,1003000,301501,500,1440000,1600000,301000,100000,201000,100000,0,0,0,101000,13383,0.0134
distribute_parallel_for_split_400_200_600,400,600,0,1200,1203600,361801,600,1600000,1920000,361200,120000,241200,120000,0,0,0,121200,14692,0.0147
distribute_parallel_for_split_400_200_700,400,700,0,1400,1404200,422101,700,1760000,2240000,421400,140000,281400,140000,0,0,0,141400,16639,0.0166
distribute_parallel_for_split_400_200_800,400,800,0,1600,1604800,482401,800,1920000,2560000,481600,160000,321600,160000,0,0,0,161600,19149,0.0191
distribute_parallel_for_split_400_200_900,400,900,0,1800,1805400,542701,900,2080000,2880000,541800,180000,361800,180000,0,0,0,181800,19295,0.0193
distribute_parallel_for_split_400_300_100,400,100,0,200,300600,90301,100,1200000,320000,90200,30000,60200,30000,0,0,0,30200,7017,0.0070
distribute_parallel_for_split_400_300_200,400,200,0,400,601200,180601,200,1440000,640000,180400,60000,120400,60000,0,0,0,60400,9612,0.0096
distribute_parallel_for_split_400_300_300,400,300,0,600,901800,270901,300,1680000,960000,270600,90000,180600,90000,0,0,0,90600,12138,0.0121
distribute_parallel_for_split_400_300_400,400,400,0,800,1202400,361201,400,1920000,1280000,360800,120000,240800,120000,0,0,0,120800,16808,0.0168
distribute_parallel_for_split_400_300_500,400,500,0,1000,1503000,451501,500,2160000,1600000,451000,150000,301000,150000,0,0,0,151000,17323,0.0173
distribute_parallel_for_split_400_300_600,400,600,0,1200,1803600,541801,600,2400000,1920000,541200,180000,361200,180000,0,0,0,181200,20677,0.0207
distribute_parallel_for_split_400_300_700,400,700,0,1400,2104200,632101,700,2640000,2240000,631400,210000,421400,210000,0,0,0,211400,35567,0.0356
distribute_parallel_for_split_400_300_800,400,800,0,1600,2404800,722401,800,2880000,2560000,721600,240000,481600,240000,0,0,0,241600,23952,0.0240
distribute_parallel_for_split_400_300_900,400,900,0,1800,2705400,812701,900,3120000,2880000,811800,270000,541800,270000,0,0,0,271800,27603,0.0276
distribute_parallel_for_split_400_400_100,400,100,0,200,400600,120301,100,1600000,320000,120200,40000,80200,40000,0,0,0,40200,8571,0.0086
distribute_parallel_for_split_400_400_200,400,200,0,400,801200,240601,200,1920000,640000,240400,80000,160400,80000,0,0,0,80400,12076,0.0121
distribute_parallel_for_split_400_400_300,400,300,0,600,1201800,360901,300,2240000,960000,360600,120000,240600,120000,0,0,0,120600,15133,0.0151
distribute_parallel_for_split_400_400_400,400,400,0,800,1602400,481201,400,2560000,1280000,480800,160000,320800,160000,0,0,0,160800,18007,0.0180
distribute_parallel_for_split_400_400_500,400,500,0,1000,2003000,601501,500,2880000,1600000,601000,200000,401000,200000,0,0,0,201000,22555,0.0226
distribute_parallel_for_split_400_400_600,400,600,0,1200,2403600,721801,600,3200000,1920000,721200,240000,481200,240000,0,0,0,241200,24487,0.0245
distribute_parallel_for_split_400_400_700,400,700,0,1400,2804200,842101,700,3520000,2240000,841400,280000,561400,280000,0,0,0,281400,28905,0.0289
distribute_parallel_for_split_400_400_800,400,800,0,1600,3204800,962401,800,3840000,2560000,961600,320000,641600,320000,0,0,0,321600,34176,0.0342
distribute_parallel_for_split_400_400_900,400,900,0,1800,3605400,1082701,900,4160000,2880000,1081800,360000,721800,360000,0,0,0,361800,37920,0.0379
distribute_parallel_for_split_400_500_100,400,100,0,200,500600,150301,100,2000000,320000,150200,50000,100200,50000,0,0,0,50200,10077,0.0101
distribute_parallel_for_split_400_500_200,400,200,0,400,1001200,300601,200,2400000,640000,300400,100000,200400,100000,0,0,0,100400,14172,0.0142
distribute_parallel_for_split_400_500_300,400,300,0,600,1501800,450901,300,2800000,960000,450600,150000,300600,150000,0,0,0,150600,18019,0.0180
distribute_parallel_for_split_400_500_400,400,400,0,800,2002400,601201,400,3200000,1280000,600800,200000,400800,200000,0,0,0,200800,23689,0.0237
distribute_parallel_for_split_400_500_500,400,500,0,1000,2503000,751501,500,3600000,1600000,751000,250000,501000,250000,0,0,0,251000,37182,0.0372
distribute_parallel_for_split_400_500_600,400,600,0,1200,3003600,901801,600,4000000,1920000,901200,300000,601200,300000,0,0,0,301200,31565,0.0316
distribute_parallel_for_split_400_500_700,400,700,0,1400,3504200,1052101,700,4400000,2240000,1051400,350000,701400,350000,0,0,0,351400,36680,0.0367
distribute_parallel_for_split_400_500_800,400,800,0,1600,4004800,1202401,800,4800000,2560000,1201600,400000,801600,400000,0,0,0,401600,40393,0.0404
distribute_parallel_for_split_400_500_900,400,900,0,1800,4505400,1352701,900,5200000,2880000,1351800,450000,901800,450000,0,0,0,451800,45374,0.0454
distribute_parallel_for_split_400_600_100,400,100,0,200,600600,180301,100,2400000,320000,180200,60000,120200,60000,0,0,0,60200,11076,0.0111
distribute_parallel_for_split_400_600_200,400,200,0,400,1201200,360601,200,2880000,640000,360400,120000,240400,120000,0,0,0,120400,16637,0.0166
distribute_parallel_for_split_400_600_300,400,300,0,600,1801800,540901,300,3360000,960000,540600,180000,360600,180000,0,0,0,180600,20889,0.0209
distribute_parallel_for_split_400_600_400,400,400,0,800,2402400,721201,400,3840000,1280000,720800,240000,480800,240000,0,0,0,240800,28475,0.0285
distribute_parallel_for_split_400_600_500,400,500,0,1000,3003000,901501,500,4320000,1600000,901000,300000,601000,300000,0,0,0,301000,31423,0.0314
distribute_parallel_for_split_400_600_600,400,600,0,1200,3603600,1081801,600,4800000,1920000,1081200,360000,721200,360000,0,0,0,361200,37008,0.0370
distribute_parallel_for_split_400_600_700,400,700,0,1400,4204200,1262101,700,5280000,2240000,1261400,420000,841400,420000,0,0,0,421400,40574,0.0406
distribute_parallel_for_split_400_600_800,400,800,0,1600,4804800,1442401,800,5760000,2560000,1441600,480000,961600,480000,0,0,0,481600,45514,0.0455
distribute_parallel_for_split_400_600_900,400,900,0,1800,5405400,1622701,900,6240000,2880000,1621800,540000,1081800,540000,0,0,0,541800,52037,0.0520
distribute_parallel_for_split_400_700_100,400,100,0,200,700600,210301,100,2800000,320000,210200,70000,140200,70000,0,0,0,70200,12142,0.0121
distribute_parallel_for_split_400_700_200,400,200,0,400,1401200,420601,200,3360000,640000,420400,140000,280400,140000,0,0,0,140400,18260,0.0183
distribute_parallel_for_split_400_700_300,400,300,0,600,2101800,630901,300,3920000,960000,630600,210000,420600,210000,0,0,0,210600,24531,0.0245
distribute_parallel_for_split_400_700_400,400,400,0,800,2802400,841201,400,4480000,1280000,840800,280000,560800,280000,0,0,0,280800,31736,0.0317
distribute_parallel_for_split_400_700_500,400,500,0,1000,3503000,1051501,500,5040000,1600000,1051000,350000,701000,350000,0,0,0,351000,37275,0.0373
distribute_parallel_for_split_400_700_600,400,600,0,1200,4203600,1261801,600,5600000,1920000,1261200,420000,841200,420000,0,0,0,421200,53561,0.0536
distribute_parallel_for_split_400_700_700,400,700,0,1400,4904200,1472101,700,6160000,2240000,1471400,490000,981400,490000,0,0,0,491400,47678,0.0477
distribute_parallel_for_split_400_700_800,400,800,0,1600,5604800,1682401,800,6720000,2560000,1681600,560000,1121600,560000,0,0,0,561600,54257,0.0543
distribute_parallel_for_split_400_700_900,400,900,0,1800,6305400,1892701,900,7280000,2880000,1891800,630000,1261800,630000,0,0,0,631800,61994,0.0620
distribute_parallel_for_split_400_800_100,400,100,0,200,800600,240301,100,3200000,320000,240200,80000,160200,80000,0,0,0,80200,13582,0.0136
distribute_parallel_for_split_400_800_200,400,200,0,400,1601200,480601,200,3840000,640000,480400,160000,320400,160000,0,0,0,160400,20675,0.0207
distribute_parallel_for_split_400_800_300,400,300,0,600,2401800,720901,300,4480000,960000,720600,240000,480600,240000,0,0,0,240600,27781,0.0278
distribute_parallel_for_split_400_800_400,400,400,0,800,3202400,961201,400,5120000,1280000,960800,320000,640800,320000,0,0,0,320800,34884,0.0349
distribute_parallel_for_split_400_800_500,400,500,0,1000,4003000,1201501,500,5760000,1600000,1201000,400000,801000,400000,0,0,0,401000,39768,0.0398
distribute_parallel_for_split_400_800_600,400,600,0,1200,4803600,1441801,600,6400000,1920000,1441200,480000,961200,480000,0,0,0,481200,48572,0.0486
distribute_parallel_for_split_400_800_700,400,700,0,1400,5604200,1682101,700,7040000,2240000,1681400,560000,1121400,560000,0,0,0,561400,53485,0.0535
distribute_parallel_for_split_400_800_800,400,800,0,1600,6404800,1922401,800,7680000,2560000,1921600,640000,1281600,640000,0,0,0,641600,60038,0.0600
distribute_parallel_for_split_400_800_900,400,900,0,1800,7205400,2162701,900,8320000,2880000,2161800,720000,1441800,720000,0,0,0,721800,68911,0.0689
distribute_parallel_for_split_400_900_100,400,100,0,200,900600,270301,100,3600000,320000,270200,90000,180200,90000,0,0,0,90200,16121,0.0161
distribute_parallel_for_split_400_900_200,400,200,0,400,1801200,540601,200,4320000,640000,540400,180000,360400,180000,0,0,0,180400,22787,0.0228
distribute_parallel_for_split_400_900_300,400,300,0,600,2701800,810901,300,5040000,960000,810600,270000,540600,270000,0,0,0,270600,30090,0.0301
distribute_parallel_for_split_400_900_400,400,400,0,800,3602400,1081201,400,5760000,1280000,1080800,360000,720800,360000,0,0,0,360800,39691,0.0397
distribute_parallel_for_split_400_900_500,400,500,0,1000,4503000,1351501,500,6480000,1600000,1351000,450000,901000,450000,0,0,0,451000,46671,0.0467
distribute_parallel_for_split_400_900_600,400,600,0,1200,5403600,1621801,600,7200000,1920000,1621200,540000,1081200,540000,0,0,0,541200,54093,0.0541
distribute_parallel_for_split_400_900_700,400,700,0,1400,6304200,1892101,700,7920000,2240000,1891400,630000,1261400,630000,0,0,0,631400,59005,0.0590
distribute_parallel_for_split_400_900_800,400,800,0,1600,7204800,2162401,800,8640000,2560000,2161600,720000,1441600,720000,0,0,0,721600,67531,0.0675
distribute_parallel_for_split_400_900_900,400,900,0,1800,8105400,2432701,900,9360000,2880000,2431800,810000,1621800,810000,0,0,0,811800,77001,0.0770
distribute_parallel_for_split_4500_4500_4500,4500,4500,0,9000,202527000,60763501,4500,324000000,162000000,60759000,20250000,40509000,20250000,0,0,0,20259000,18939957,18.9400
distribute_parallel_for_split_4500_4500_5000,4500,5000,0,10000,225030000,67515001,5000,342000000,180000000,67510000,22500000,45010000,22500000,0,0,0,22510000,21072464,21.0725
distribute_parallel_for_split_4500_4500_5500,4500,5500,0,11000,247533000,74266501,5500,360000000,198000000,74261000,24750000,49511000,24750000,0,0,0,24761000,23158570,23.1586
distribute_parallel_for_split_4500_4500_6000,4500,6000,0,12000,270036000,81018001,6000,378000000,216000000,81012000,27000000,54012000,27000000,0,0,0,27012000,25146098,25.1461
distribute_parallel_for_split_4500_5000_4500,4500,4500,0,9000,225027000,67513501,4500,360000000,162000000,67509000,22500000,45009000,22500000,0,0,0,22509000,21241543,21.2415
distribute_parallel_for_split_4500_5000_5000,4500,5000,0,10000,250030000,75015001,5000,380000000,180000000,75010000,25000000,50010000,25000000,0,0,0,25010000,23449733,23.4497
distribute_parallel_for_split_4500_5000_5500,4500,5500,0,11000,275033000,82516501,5500,400000000,198000000,82511000,27500000,55011000,27500000,0,0,0,27511000,25765794,25.7658
distribute_parallel_for_split_4500_5000_6000,4500,6000,0,12000,300036000,90018001,6000,420000000,216000000,90012000,30000000,60012000,30000000,0,0,0,30012000,27921758,27.9218
distribute_parallel_for_split_4500_5500_4500,4500,4500,0,9000,247527000,74263501,4500,396000000,162000000,74259000,24750000,49509000,24750000,0,0,0,24759000,23145089,23.1451
distribute_parallel_for_split_4500_5500_5000,4500,5000,0,10000,275030000,82515001,5000,418000000,180000000,82510000,27500000,55010000,27500000,0,0,0,27510000,26033006,26.0330
distribute_parallel_for_split_4500_5500_5500,4500,5500,0,11000,302533000,90766501,5500,440000000,198000000,90761000,30250000,60511000,30250000,0,0,0,30261000,28380186,28.3802
distribute_parallel_for_split_4500_5500_6000,4500,6000,0,12000,330036000,99018001,6000,462000000,216000000,99012000,33000000,66012000,33000000,0,0,0,33012000,30721468,30.7215
distribute_parallel_for_split_4500_6000_4500,4500,4500,0,9000,270027000,81013501,4500,432000000,162000000,81009000,27000000,54009000,27000000,0,0,0,27009000,25640371,25.6404
distribute_parallel_for_split_4500_6000_5000,4500,5000,0,10000,300030000,90015001,5000,456000000,180000000,90010000,30000000,60010000,30000000,0,0,0,30010000,28158043,28.1580
distribute_parallel_for_split_4500_6000_5500,4500,5500,0,11000,330033000,99016501,5500,480000000,198000000,99011000,33000000,66011000,33000000,0,0,0,33011000,31034889,31.0349
distribute_parallel_for_split_4500_6000_6000,4500,6000,0,12000,360036000,108018001,6000,504000000,216000000,108012000,36000000,72012000,36000000,0,0,0,36012000,33631865,33.6319
distribute_parallel_for_split_5000_4500_4500,5000,4500,0,9000,202527000,60763501,4500,342000000,180000000,60759000,20250000,40509000,20250000,0,0,0,20259000,21203635,21.2036
distribute_parallel_for_split_5000_4500_5000,5000,5000,0,10000,225030000,67515001,5000,360000000,200000000,67510000,22500000,45010000,22500000,0,0,0,22510000,23555037,23.5550
distribute_parallel_for_split_5000_4500_5500,5000,5500,0,11000,247533000,74266501,5500,378000000,220000000,74261000,24750000,49511000,24750000,0,0,0,24761000,25930893,25.9309
distribute_parallel_for_split_5000_4500_6000,5000,6000,0,12000,270036000,81018001,6000,396000000,240000000,81012000,27000000,54012000,27000000,0,0,0,27012000,28040649,28.0406
distribute_parallel_for_split_5000_5000_4500,5000,4500,0,9000,225027000,67513501,4500,380000000,180000000,67509000,22500000,45009000,22500000,0,0,0,22509000,23526851,23.5269
distribute_parallel_for_split_5000_5000_5000,5000,5000,0,10000,250030000,75015001,5000,400000000,200000000,75010000,25000000,50010000,25000000,0,0,0,25010000,26215515,26.2155
distribute_parallel_for_split_5000_5000_5500,5000,5500,0,11000,275033000,82516501,5500,420000000,220000000,82511000,27500000,55011000,27500000,0,0,0,27511000,28831636,28.8316
distribute_parallel_for_split_5000_5000_6000,5000,6000,0,12000,300036000,90018001,6000,440000000,240000000,90012000,30000000,60012000,30000000,0,0,0,30012000,31240559,31.2406
distribute_parallel_for_split_5000_5500_4500,5000,4500,0,9000,247527000,74263501,4500,418000000,180000000,74259000,24750000,49509000,24750000,0,0,0,24759000,26242072,26.2421
distribute_parallel_for_split_5000_5500_5000,5000,5000,0,10000,275030000,82515001,5000,440000000,200000000,82510000,27500000,55010000,27500000,0,0,0,27510000,28896133,28.8961
distribute_parallel_for_split_5000_5500_5500,5000,5500,0,11000,302533000,90766501,5500,462000000,220000000,90761000,30250000,60511000,30250000,0,0,0,30261000,31737967,31.7380
distribute_parallel_for_split_5000_5500_6000,5000,6000,0,12000,330036000,99018001,6000,484000000,240000000,99012000,33000000,66012000,33000000,0,0,0,33012000,34304548,34.3045
distribute_parallel_for_split_5000_6000_4500,5000,4500,0,9000,270027000,81013501,4500,456000000,180000000,81009000,27000000,54009000,27000000,0,0,0,27009000,28427463,28.4275
distribute_parallel_for_split_5000_6000_5000,5000,5000,0,10000,300030000,90015001,5000,480000000,200000000,90010000,30000000,60010000,30000000,0,0,0,30010000,31462519,31.4625
distribute_parallel_for_split_5000_6000_5500,5000,5500,0,11000,330033000,99016501,5500,504000000,220000000,99011000,33000000,66011000,33000000,0,0,0,33011000,34602474,34.6025
distribute_parallel_for_split_5000_6000_6000,5000,6000,0,12000,360036000,108018001,6000,528000000,240000000,108012000,36000000,72012000,36000000,0,0,0,36012000,37425214,37.4252
distribute_parallel_for_split_500_100_100,500,100,0,200,100600,30301,100,480000,400000,30200,10000,20200,10000,0,0,0,10200,4033,0.0040
distribute_parallel_for_split_500_100_200,500,200,0,400,201200,60601,200,560000,800000,60400,20000,40400,20000,0,0,0,20400,6302,0.0063
distribute_parallel_for_split_500_100_300,500,300,0,600,301800,90901,300,640000,1200000,90600,30000,60600,30000,0,0,0,30600,7545,0.0075
distribute_parallel_for_split_500_100_400,500,400,0,800,402400,121201,400,720000,1600000,120800,40000,80800,40000,0,0,0,40800,9109,0.0091
distribute_parallel_for_split_500_100_500,500,500,0,1000,503000,151501,500,800000,2000000,151000,50000,101000,50000,0,0,0,51000,9995,0.0100
distribute_parallel_for_split_500_100_600,500,600,0,1200,603600,181801,600,880000,2400000,181200,60000,121200,60000,0,0,0,61200,10810,0.0108
distribute_parallel_for_split_500_100_700,500,700,0,1400,704200,212101,700,960000,2800000,211400,70000,141400,70000,0,0,0,71400,11787,0.0118
distribute_parallel_for_split_500_100_800,500,800,0,1600,804800,242401,800,1040000,3200000,241600,80000,161600,80000,0,0,0,81600,13277,0.0133
distribute_parallel_for_split_500_100_900,500,900,0,1800,905400,272701,900,1120000,3600000,271800,90000,181800,90000,0,0,0,91800,15284,0.0153
distribute_parallel_for_split_500_200_100,500,100,0,200,200600,60301,100,960000,400000,60200,20000,40200,20000,0,0,0,20200,6864,0.0069
distribute_parallel_for_split_500_200_200,500,200,0,400,401200,120601,200,1120000,800000,120400,40000,80400,40000,0,0,0,40400,10326,0.0103
distribute_parallel_for_split_500_200_300,500,300,0,600,601800,180901,300,1280000,1200000,180600,60000,120600,60000,0,0,0,60600,11841,0.0118
distribute_parallel_for_split_500_200_400,500,400,0,800,802400,241201,400,1440000,1600000,240800,80000,160800,80000,0,0,0,80800,32599,0.0326
distribute_parallel_for_split_500_200_500,500,500,0,1000,1003000,301501,500,1600000,2000000,301000,100000,201000,100000,0,0,0,101000,17562,0.0176
distribute_parallel_for_split_500_200_600,500,600,0,1200,1203600,361801,600,1760000,2400000,361200,120000,241200,120000,0,0,0,121200,19006,0.0190
distribute_parallel_for_split_500_200_700,500,700,0,1400,1404200,422101,700,1920000,2800000,421400,140000,281400,140000,0,0,0,141400,21528,0.0215
distribute_parallel_for_split_500_200_800,500,800,0,1600,1604800,482401,800,2080000,3200000,481600,160000,321600,160000,0,0,0,161600,23750,0.0238
distribute_parallel_for_split_500_200_900,500,900,0,1800,1805400,542701,900,2240000,3600000,541800,180000,361800,180000,0,0,0,181800,26328,0.0263
distribute_parallel_for_split_500_300_100,500,100,0,200,300600,90301,100,1440000,400000,90200,30000,60200,30000,0,0,0,30200,9350,0.0094
distribute_parallel_for_split_500_300_200,500,200,0,400,601200,180601,200,1680000,800000,180400,60000,120400,60000,0,0,0,60400,12735,0.0127
distribute_parallel_for_split_500_300_300,500,300,0,600,901800,270901,300,1920000,1200000,270600,90000,180600,90000,0,0,0,90600,16460,0.0165
distribute_parallel_for_split_500_300_400,500,400,0,800,1202400,361201,400,2160000,1600000,360800,120000,240800,120000,0,0,0,120800,19807,0.0198
distribute_parallel_for_split_500_300_500,500,500,0,1000,1503000,451501,500,2400000,2000000,451000,150000,301000,150000,0,0,0,151000,24157,0.0242
distribute_parallel_for_split_500_300_600,500,600,0,1200,1803600,541801,600,2640000,2400000,541200,180000,361200,180000,0,0,0,181200,27700,0.0277
distribute_parallel_for_split_500_300_700,500,700,0,1400,2104200,632101,700,2880000,2800000,631400,210000,421400,210000,0,0,0,211400,30473,0.0305
distribute_parallel_for_split_500_300_800,500,800,0,1600,2404800,722401,800,3120000,3200000,721600,240000,481600,240000,0,0,0,241600,33844,0.0338
distribute_parallel_for_split_500_300_900,500,900,0,1800,2705400,812701,900,3360000,3600000,811800,270000,541800,270000,0,0,0,271800,39377,0.0394
distribute_parallel_for_split_500_400_100,500,100,0,200,400600,120301,100,1920000,400000,120200,40000,80200,40000,0,0,0,40200,11432,0.0114
distribute_parallel_for_split_500_400_200,500,200,0,400,801200,240601,200,2240000,800000,240400,80000,160400,80000,0,0,0,80400,16331,0.0163
distribute_parallel_for_split_500_400_300,500,300,0,600,1201800,360901,300,2560000,1200000,360600,120000,240600,120000,0,0,0,120600,20711,0.0207
distribute_parallel_for_split_500_400_400,500,400,0,800,1602400,481201,400,2880000,1600000,480800,160000,320800,160000,0,0,0,160800,25406,0.0254
distribute_parallel_for_split_500_400_500,500,500,0,1000,2003000,601501,500,3200000,2000000,601000,200000,401000,200000,0,0,0,201000,30180,0.0302
distribute_parallel_for_split_500_400_600,500,600,0,1200,2403600,721801,600,3520000,2400000,721200,240000,481200,240000,0,0,0,241200,36642,0.0366
distribute_parallel_for_split_500_400_700,500,700,0,1400,2804200,842101,700,3840000,2800000,841400,280000,561400,280000,0,0,0,281400,40719,0.0407
distribute_parallel_for_split_500_400_800,500,800,0,1600,3204800,962401,800,4160000,3200000,961600,320000,641600,320000,0,0,0,321600,44714,0.0447
distribute_parallel_for_split_500_400_900,500,900,0,1800,3605400,1082701,900,4480000,3600000,1081800,360000,721800,360000,0,0,0,361800,55151,0.0552
distribute_parallel_for_split_500_500_100,500,100,0,200,500600,150301,100,2400000,400000,150200,50000,100200,50000,0,0,0,50200,14501,0.0145
distribute_parallel_for_split_500_500_200,500,200,0,400,1001200,300601,200,2800000,800000,300400,100000,200400,100000,0,0,0,100400,20176,0.0202
distribute_parallel_for_split_500_500_300,500,300,0,600,1501800,450901,300,3200000,1200000,450600,150000,300600,150000,0,0,0,150600,27233,0.0272
distribute_parallel_for_split_500_500_400,500,400,0,800,2002400,601201,400,3600000,1600000,600800,200000,400800,200000,0,0,0,200800,31370,0.0314
distribute_parallel_for_split_500_500_500,500,500,0,1000,2503000,751501,500,4000000,2000000,751000,250000,501000,250000,0,0,0,251000,39858,0.0399
distribute_parallel_for_split_500_500_600,500,600,0,1200,3003600,901801,600,4400000,2400000,901200,300000,601200,300000,0,0,0,301200,43059,0.0431
distribute_parallel_for_split_500_500_700,500,700,0,1400,3504200,1052101,700,4800000,2800000,1051400,350000,701400,350000,0,0,0,351400,49372,0.0494
distribute_parallel_for_split_500_500_800,500,800,0,1600,4004800,1202401,800,5200000,3200000,1201600,400000,801600,400000,0,0,0,401600,54985,0.0550
distribute_parallel_for_split_500_500_900,500,900,0,1800,4505400,1352701,900,5600000,3600000,1351800,450000,901800,450000,0,0,0,451800,61923,0.0619
distribute_parallel_for_split_500_600_100,500,100,0,200,600600,180301,100,2880000,400000,180200,60000,120200,60000,0,0,0,60200,16099,0.0161
distribute_parallel_for_split_500_600_200,500,200,0,400,1201200,360601,200,3360000,800000,360400,120000,240400,120000,0,0,0,120400,22889,0.0229
distribute_parallel_for_split_500_600_300,500,300,0,600,1801800,540901,300,3840000,1200000,540600,180000,360600,180000,0,0,0,180600,30496,0.0305
distribute_parallel_for_split_500_600_400,500,400,0,800,2402400,721201,400,4320000,1600000,720800,240000,480800,240000,0,0,0,240800,37861,0.0379
distribute_parallel_for_split_500_600_500,500,500,0,1000,3003000,901501,500,4800000,2000000,901000,300000,601000,300000,0,0,0,301000,45664,0.0457
distribute_parallel_for_split_500_600_600,500,600,0,1200,3603600,1081801,600,5280000,2400000,1081200,360000,721200,360000,0,0,0,361200,50568,0.0506
distribute_parallel_for_split_500_600_700,500,700,0,1400,4204200,1262101,700,5760000,2800000,1261400,420000,841400,420000,0,0,0,421400,58029,0.0580
distribute_parallel_for_split_500_600_800,500,800,0,1600,4804800,1442401,800,6240000,3200000,1441600,480000,961600,480000,0,0,0,481600,64777,0.0648
distribute_parallel_for_split_500_600_900,500,900,0,1800,5405400,1622701,900,6720000,3600000,1621800,540000,1081800,540000,0,0,0,541800,72707,0.0727
distribute_parallel_for_split_500_700_100,500,100,0,200,700600,210301,100,3360000,400000,210200,70000,140200,70000,0,0,0,70200,17236,0.0172
distribute_parallel_for_split_500_700_200,500,200,0,400,1401200,420601,200,3920000,800000,420400,140000,280400,140000,0,0,0,140400,25915,0.0259
distribute_parallel_for_split_500_700_300,500,300,0,600,2101800,630901,300,4480000,1200000,630600,210000,420600,210000,0,0,0,210600,34873,0.0349
distribute_parallel_for_split_500_700_400,500,400,0,800,2802400,841201,400,5040000,1600000,840800,280000,560800,280000,0,0,0,280800,42394,0.0424
distribute_parallel_for_split_500_700_500,500,500,0,1000,3503000,1051501,500,5600000,2000000,1051000,350000,701000,350000,0,0,0,351000,50523,0.0505
distribute_parallel_for_split_500_700_600,500,600,0,1200,4203600,1261801,600,6160000,2400000,1261200,420000,841200,420000,0,0,0,421200,59424,0.0594
distribute_parallel_for_split_500_700_700,500,700,0,1400,4904200,1472101,700,6720000,2800000,1471400,490000,981400,490000,0,0,0,491400,68281,0.0683
distribute_parallel_for_split_500_700_800,500,800,0,1600,5604800,1682401,800,7280000,3200000,1681600,560000,1121600,560000,0,0,0,561600,76784,0.0768
distribute_parallel_for_split_500_700_900,500,900,0,1800,6305400,1892701,900,7840000,3600000,1891800,630000,1261800,630000,0,0,0,631800,86585,0.0866
distribute_parallel_for_split_500_800_100,500,100,0,200,800600,240301,100,3840000,400000,240200,80000,160200,80000,0,0,0,80200,19261,0.0193
distribute_parallel_for_split_500_800_200,500,200,0,400,1601200,480601,200,4480000,800000,480400,160000,320400,160000,0,0,0,160400,29090,0.0291
distribute_parallel_for_split_500_800_300,500,300,0,600,2401800,720901,300,5120000,1200000,720600,240000,480600,240000,0,0,0,240600,38327,0.0383
distribute_parallel_for_split_500_800_400,500,400,0,800,3202400,961201,400,5760000,1600000,960800,320000,640800,320000,0,0,0,320800,49816,0.0498
distribute_parallel_for_split_500_800_500,500,500,0,1000,4003000,1201501,500,6400000,2000000,1201000,400000,801000,400000,0,0,0,401000,57358,0.0574
distribute_parallel_for_split_500_800_600,500,600,0,1200,4803600,1441801,600,7040000,2400000,1441200,480000,961200,480000,0,0,0,481200,68662,0.0687
distribute_parallel_for_split_500_800_700,500,700,0,1400,5604200,1682101,700,7680000,2800000,1681400,560000,1121400,560000,0,0,0,561400,76457,0.0765
distribute_parallel_for_split_500_800_800,500,800,0,1600,6404800,1922401,800,8320000,3200000,1921600,640000,1281600,640000,0,0,0,641600,87130,0.0871
distribute_parallel_for_split_500_800_900,500,900,0,1800,7205400,2162701,900,8960000,3600000,2161800,720000,1441800,720000,0,0,0,721800,97745,0.0977
distribute_parallel_for_split_500_900_100,500,100,0,200,900600,270301,100,4320000,400000,270200,90000,180200,90000,0,0,0,90200,26985,0.0270
distribute_parallel_for_split_500_900_200,500,200,0,400,1801200,540601,200,5040000,800000,540400,180000,360400,180000,0,0,0,180400,33436,0.0334
distribute_parallel_for_split_500_900_300,500,300,0,600,2701800,810901,300,5760000,1200000,810600,270000,540600,270000,0,0,0,270600,43868,0.0439
distribute_parallel_for_split_500_900_400,500,400,0,800,3602400,1081201,400,6480000,1600000,1080800,360000,720800,360000,0,0,0,360800,56568,0.0566
distribute_parallel_for_split_500_900_500,500,500,0,1000,4503000,1351501,500,7200000,2000000,1351000,450000,901000,450000,0,0,0,451000,64772,0.0648
distribute_parallel_for_split_500_900_600,500,600,0,1200,5403600,1621801,600,7920000,2400000,1621200,540000,1081200,540000,0,0,0,541200,75701,0.0757
distribute_parallel_for_split_500_900_700,500,700,0,1400,6304200,1892101,700,8640000,2800000,1891400,630000,1261400,630000,0,0,0,631400,88343,0.0883
distribute_parallel_for_split_500_900_800,500,800,0,1600,7204800,2162401,800,9360000,3200000,2161600,720000,1441600,720000,0,0,0,721600,97640,0.0976
distribute_parallel_for_split_500_900_900,500,900,0,1800,8105400,2432701,900,10080000,3600000,2431800,810000,1621800,810000,0,0,0,811800,109610,0.1096
distribute_parallel_for_split_5500_4500_4500,5500,4500,0,9000,202527000,60763501,4500,360000000,198000000,60759000,20250000,40509000,20250000,0,0,0,20259000,23138226,23.1382
distribute_parallel_for_split_5500_4500_5000,5500,5000,0,10000,225030000,67515001,5000,378000000,220000000,67510000,22500000,45010000,22500000,0,0,0,22510000,25891581,25.8916
distribute_parallel_for_split_5500_4500_5500,5500,5500,0,11000,247533000,74266501,5500,396000000,242000000,74261000,24750000,49511000,24750000,0,0,0,24761000,28401679,28.4017
distribute_parallel_for_split_5500_4500_6000,5500,6000,0,12000,270036000,81018001,6000,414000000,264000000,81012000,27000000,54012000,27000000,0,0,0,27012000,30636504,30.6365
distribute_parallel_for_split_5500_5000_4500,5500,4500,0,9000,225027000,67513501,4500,400000000,198000000,67509000,22500000,45009000,22500000,0,0,0,22509000,25773030,25.7730
distribute_parallel_for_split_5500_5000_5500,5500,5500,0,11000,275033000,82516501,5500,440000000,242000000,82511000,27500000,55011000,27500000,0,0,0,27511000,31512878,31.5129
distribute_parallel_for_split_5500_5000_6000,5500,6000,0,12000,300036000,90018001,6000,460000000,264000000,90012000,30000000,60012000,30000000,0,0,0,30012000,34132960,34.1330
distribute_parallel_for_split_5500_5500_4500,5500,4500,0,9000,247527000,74263501,4500,440000000,198000000,74259000,24750000,49509000,24750000,0,0,0,24759000,28350704,28.3507
distribute_parallel_for_split_5500_5500_5000,5500,5000,0,10000,275030000,82515001,5000,462000000,220000000,82510000,27500000,55010000,27500000,0,0,0,27510000,31584720,31.5847
distribute_parallel_for_split_5500_5500_5500,5500,5500,0,11000,302533000,90766501,5500,484000000,242000000,90761000,30250000,60511000,30250000,0,0,0,30261000,34642295,34.6423
distribute_parallel_for_split_5500_5500_6000,5500,6000,0,12000,330036000,99018001,6000,506000000,264000000,99012000,33000000,66012000,33000000,0,0,0,33012000,37460953,37.4610
distribute_parallel_for_split_5500_6000_4500,5500,4500,0,9000,270027000,81013501,4500,480000000,198000000,81009000,27000000,54009000,27000000,0,0,0,27009000,30895543,30.8955
distribute_parallel_for_split_5500_6000_5000,5500,5000,0,10000,300030000,90015001,5000,504000000,220000000,90010000,30000000,60010000,30000000,0,0,0,30010000,34443051,34.4431
distribute_parallel_for_split_5500_6000_5500,5500,5500,0,11000,330033000,99016501,5500,528000000,242000000,99011000,33000000,66011000,33000000,0,0,0,33011000,37920417,37.9204
distribute_parallel_for_split_600_100_100,600,100,0,200,100600,30301,100,560000,480000,30200,10000,20200,10000,0,0,0,10200,4353,0.0044
distribute_parallel_for_split_600_100_200,600,200,0,400,201200,60601,200,640000,960000,60400,20000,40400,20000,0,0,0,20400,6393,0.0064
distribute_parallel_for_split_600_100_300,600,300,0,600,301800,90901,300,720000,1440000,90600,30000,60600,30000,0,0,0,30600,8029,0.0080
distribute_parallel_for_split_600_100_400,600,400,0,800,402400,121201,400,800000,1920000,120800,40000,80800,40000,0,0,0,40800,9014,0.0090
distribute_parallel_for_split_600_100_500,600,500,0,1000,503000,151501,500,880000,2400000,151000,50000,101000,50000,0,0,0,51000,9664,0.0097
distribute_parallel_for_split_600_100_600,600,600,0,1200,603600,181801,600,960000,2880000,181200,60000,121200,60000,0,0,0,61200,11061,0.0111
distribute_parallel_for_split_600_100_700,600,700,0,1400,704200,212101,700,1040000,3360000,211400,70000,141400,70000,0,0,0,71400,12380,0.0124
distribute_parallel_for_split_600_100_800,600,800,0,1600,804800,242401,800,1120000,3840000,241600,80000,161600,80000,0,0,0,81600,14215,0.0142
distribute_parallel_for_split_600_100_900,600,900,0,1800,905400,272701,900,1200000,4320000,271800,90000,181800,90000,0,0,0,91800,15435,0.0154
distribute_parallel_for_split_600_200_100,600,100,0,200,200600,60301,100,1120000,480000,60200,20000,40200,20000,0,0,0,20200,7749,0.0077
distribute_parallel_for_split_600_200_200,600,200,0,400,401200,120601,200,1280000,960000,120400,40000,80400,40000,0,0,0,40400,10985,0.0110
distribute_parallel_for_split_600_200_300,600,300,0,600,601800,180901,300,1440000,1440000,180600,60000,120600,60000,0,0,0,60600,12320,0.0123
distribute_parallel_for_split_600_200_400,600,400,0,800,802400,241201,400,1600000,1920000,240800,80000,160800,80000,0,0,0,80800,14830,0.0148
distribute_parallel_for_split_600_200_500,600,500,0,1000,1003000,301501,500,1760000,2400000,301000,100000,201000,100000,0,0,0,101000,17948,0.0179
distribute_parallel_for_split_600_200_600,600,600,0,1200,1203600,361801,600,1920000,2880000,361200,120000,241200,120000,0,0,0,121200,19770,0.0198
distribute_parallel_for_split_600_200_700,600,700,0,1400,1404200,422101,700,2080000,3360000,421400,140000,281400,140000,0,0,0,141400,22683,0.0227
distribute_parallel_for_split_600_200_800,600,800,0,1600,1604800,482401,800,2240000,3840000,481600,160000,321600,160000,0,0,0,161600,24447,0.0244
distribute_parallel_for_split_600_200_900,600,900,0,1800,1805400,542701,900,2400000,4320000,541800,180000,361800,180000,0,0,0,181800,27347,0.0273
distribute_parallel_for_split_600_300_100,600,100,0,200,300600,90301,100,1680000,480000,90200,30000,60200,30000,0,0,0,30200,9538,0.0095
distribute_parallel_for_split_600_300_200,600,200,0,400,601200,180601,200,1920000,960000,180400,60000,120400,60000,0,0,0,60400,14383,0.0144
distribute_parallel_for_split_600_300_300,600,300,0,600,901800,270901,300,2160000,1440000,270600,90000,180600,90000,0,0,0,90600,16656,0.0167
distribute_parallel_for_split_600_300_400,600,400,0,800,1202400,361201,400,2400000,1920000,360800,120000,240800,120000,0,0,0,120800,20245,0.0202
distribute_parallel_for_split_600_300_500,600,500,0,1000,1503000,451501,500,2640000,2400000,451000,150000,301000,150000,0,0,0,151000,25247,0.0252
distribute_parallel_for_split_600_300_600,600,600,0,1200,1803600,541801,600,2880000,2880000,541200,180000,361200,180000,0,0,0,181200,28497,0.0285
distribute_parallel_for_split_600_300_700,600,700,0,1400,2104200,632101,700,3120000,3360000,631400,210000,421400,210000,0,0,0,211400,31163,0.0312
distribute_parallel_for_split_600_300_800,600,800,0,1600,2404800,722401,800,3360000,3840000,721600,240000,481600,240000,0,0,0,241600,34884,0.0349
distribute_parallel_for_split_600_300_900,600,900,0,1800,2705400,812701,900,3600000,4320000,811800,270000,541800,270000,0,0,0,271800,39440,0.0394
distribute_parallel_for_split_600_400_100,600,100,0,200,400600,120301,100,2240000,480000,120200,40000,80200,40000,0,0,0,40200,11636,0.0116
distribute_parallel_for_split_600_400_200,600,200,0,400,801200,240601,200,2560000,960000,240400,80000,160400,80000,0,0,0,80400,16530,0.0165
distribute_parallel_for_split_600_400_300,600,300,0,600,1201800,360901,300,2880000,1440000,360600,120000,240600,120000,0,0,0,120600,21353,0.0214
distribute_parallel_for_split_600_400_400,600,400,0,800,1602400,481201,400,3200000,1920000,480800,160000,320800,160000,0,0,0,160800,25814,0.0258
distribute_parallel_for_split_600_400_500,600,500,0,1000,2003000,601501,500,3520000,2400000,601000,200000,401000,200000,0,0,0,201000,33166,0.0332
distribute_parallel_for_split_600_400_600,600,600,0,1200,2403600,721801,600,3840000,2880000,721200,240000,481200,240000,0,0,0,241200,35987,0.0360
distribute_parallel_for_split_600_400_700,600,700,0,1400,2804200,842101,700,4160000,3360000,841400,280000,561400,280000,0,0,0,281400,41622,0.0416
distribute_parallel_for_split_600_400_800,600,800,0,1600,3204800,962401,800,4480000,3840000,961600,320000,641600,320000,0,0,0,321600,46050,0.0461
distribute_parallel_for_split_600_400_900,600,900,0,1800,3605400,1082701,900,4800000,4320000,1081800,360000,721800,360000,0,0,0,361800,50817,0.0508
distribute_parallel_for_split_600_500_100,600,100,0,200,500600,150301,100,2800000,480000,150200,50000,100200,50000,0,0,0,50200,13521,0.0135
distribute_parallel_for_split_600_500_200,600,200,0,400,1001200,300601,200,3200000,960000,300400,100000,200400,100000,0,0,0,100400,20669,0.0207
distribute_parallel_for_split_600_500_300,600,300,0,600,1501800,450901,300,3600000,1440000,450600,150000,300600,150000,0,0,0,150600,25637,0.0256
distribute_parallel_for_split_600_500_400,600,400,0,800,2002400,601201,400,4000000,1920000,600800,200000,400800,200000,0,0,0,200800,31640,0.0316
distribute_parallel_for_split_600_500_500,600,500,0,1000,2503000,751501,500,4400000,2400000,751000,250000,501000,250000,0,0,0,251000,38369,0.0384
distribute_parallel_for_split_600_500_600,600,600,0,1200,3003600,901801,600,4800000,2880000,901200,300000,601200,300000,0,0,0,301200,44461,0.0445
distribute_parallel_for_split_600_500_700,600,700,0,1400,3504200,1052101,700,5200000,3360000,1051400,350000,701400,350000,0,0,0,351400,49769,0.0498
distribute_parallel_for_split_600_500_800,600,800,0,1600,4004800,1202401,800,5600000,3840000,1201600,400000,801600,400000,0,0,0,401600,55649,0.0556
distribute_parallel_for_split_600_500_900,600,900,0,1800,4505400,1352701,900,6000000,4320000,1351800,450000,901800,450000,0,0,0,451800,64325,0.0643
distribute_parallel_for_split_600_600_100,600,100,0,200,600600,180301,100,3360000,480000,180200,60000,120200,60000,0,0,0,60200,15470,0.0155
distribute_parallel_for_split_600_600_200,600,200,0,400,1201200,360601,200,3840000,960000,360400,120000,240400,120000,0,0,0,120400,22842,0.0228
distribute_parallel_for_split_600_600_300,600,300,0,600,1801800,540901,300,4320000,1440000,540600,180000,360600,180000,0,0,0,180600,30189,0.0302
distribute_parallel_for_split_600_600_400,600,400,0,800,2402400,721201,400,4800000,1920000,720800,240000,480800,240000,0,0,0,240800,37623,0.0376
distribute_parallel_for_split_600_600_500,600,500,0,1000,3003000,901501,500,5280000,2400000,901000,300000,601000,300000,0,0,0,301000,48585,0.0486
distribute_parallel_for_split_600_600_600,600,600,0,1200,3603600,1081801,600,5760000,2880000,1081200,360000,721200,360000,0,0,0,361200,52154,0.0522
distribute_parallel_for_split_600_600_700,600,700,0,1400,4204200,1262101,700,6240000,3360000,1261400,420000,841400,420000,0,0,0,421400,59991,0.0600
distribute_parallel_for_split_600_600_800,600,800,0,1600,4804800,1442401,800,6720000,3840000,1441600,480000,961600,480000,0,0,0,481600,68987,0.0690
distribute_parallel_for_split_600_600_900,600,900,0,1800,5405400,1622701,900,7200000,4320000,1621800,540000,1081800,540000,0,0,0,541800,76447,0.0764
distribute_parallel_for_split_600_700_100,600,100,0,200,700600,210301,100,3920000,480000,210200,70000,140200,70000,0,0,0,70200,17465,0.0175
distribute_parallel_for_split_600_700_200,600,200,0,400,1401200,420601,200,4480000,960000,420400,140000,280400,140000,0,0,0,140400,26786,0.0268
distribute_parallel_for_split_600_700_300,600,300,0,600,2101800,630901,300,5040000,1440000,630600,210000,420600,210000,0,0,0,210600,36016,0.0360
distribute_parallel_for_split_600_700_400,600,400,0,800,2802400,841201,400,5600000,1920000,840800,280000,560800,280000,0,0,0,280800,43362,0.0434
distribute_parallel_for_split_600_700_500,600,500,0,1000,3503000,1051501,500,6160000,2400000,1051000,350000,701000,350000,0,0,0,351000,51633,0.0516
distribute_parallel_for_split_600_700_600,600,600,0,1200,4203600,1261801,600,6720000,2880000,1261200,420000,841200,420000,0,0,0,421200,60829,0.0608
distribute_parallel_for_split_600_700_700,600,700,0,1400,4904200,1472101,700,7280000,3360000,1471400,490000,981400,490000,0,0,0,491400,69953,0.0700
distribute_parallel_for_split_600_700_800,600,800,0,1600,5604800,1682401,800,7840000,3840000,1681600,560000,1121600,560000,0,0,0,561600,76723,0.0767
distribute_parallel_for_split_600_700_900,600,900,0,1800,6305400,1892701,900,8400000,4320000,1891800,630000,1261800,630000,0,0,0,631800,86838,0.0868
distribute_parallel_for_split_600_800_100,600,100,0,200,800600,240301,100,4480000,480000,240200,80000,160200,80000,0,0,0,80200,20129,0.0201
distribute_parallel_for_split_600_800_200,600,200,0,400,1601200,480601,200,5120000,960000,480400,160000,320400,160000,0,0,0,160400,29602,0.0296
distribute_parallel_for_split_600_800_300,600,300,0,600,2401800,720901,300,5760000,1440000,720600,240000,480600,240000,0,0,0,240600,39965,0.0400
distribute_parallel_for_split_600_800_400,600,400,0,800,3202400,961201,400,6400000,1920000,960800,320000,640800,320000,0,0,0,320800,50325,0.0503
distribute_parallel_for_split_600_800_500,600,500,0,1000,4003000,1201501,500,7040000,2400000,1201000,400000,801000,400000,0,0,0,401000,59391,0.0594
distribute_parallel_for_split_600_800_600,600,600,0,1200,4803600,1441801,600,7680000,2880000,1441200,480000,961200,480000,0,0,0,481200,69204,0.0692
distribute_parallel_for_split_600_800_700,600,700,0,1400,5604200,1682101,700,8320000,3360000,1681400,560000,1121400,560000,0,0,0,561400,78235,0.0782
distribute_parallel_for_split_600_800_800,600,800,0,1600,6404800,1922401,800,8960000,3840000,1921600,640000,1281600,640000,0,0,0,641600,89129,0.0891
distribute_parallel_for_split_600_800_900,600,900,0,1800,7205400,2162701,900,9600000,4320000,2161800,720000,1441800,720000,0,0,0,721800,101116,0.1011
distribute_parallel_for_split_600_900_100,600,100,0,200,900600,270301,100,5040000,480000,270200,90000,180200,90000,0,0,0,90200,23534,0.0235
distribute_parallel_for_split_600_900_200,600,200,0,400,1801200,540601,200,5760000,960000,540400,180000,360400,180000,0,0,0,180400,40464,0.0405
distribute_parallel_for_split_600_900_300,600,300,0,600,2701800,810901,300,6480000,1440000,810600,270000,540600,270000,0,0,0,270600,46255,0.0463
distribute_parallel_for_split_600_900_400,600,400,0,800,3602400,1081201,400,7200000,1920000,1080800,360000,720800,360000,0,0,0,360800,54748,0.0547
distribute_parallel_for_split_600_900_500,600,500,0,1000,4503000,1351501,500,7920000,2400000,1351000,450000,901000,450000,0,0,0,451000,68257,0.0683
distribute_parallel_for_split_600_900_600,600,600,0,1200,5403600,1621801,600,8640000,2880000,1621200,540000,1081200,540000,0,0,0,541200,78059,0.0781
distribute_parallel_for_split_600_900_700,600,700,0,1400,6304200,1892101,700,9360000,3360000,1891400,630000,1261400,630000,0,0,0,631400,89497,0.0895
distribute_parallel_for_split_600_900_800,600,800,0,1600,7204800,2162401,800,10080000,3840000,2161600,720000,1441600,720000,0,0,0,721600,97991,0.0980
distribute_parallel_for_split_600_900_900,600,900,0,1800,8105400,2432701,900,10800000,4320000,2431800,810000,1621800,810000,0,0,0,811800,110376,0.1104
distribute_parallel_for_split_6500_6500_6500,6500,6500,0,13000,422539000,126769501,6500,676000000,338000000,126763000,42250000,84513000,42250000,0,0,0,42263000,57340750,57.3407
distribute_parallel_for_split_6500_6500_7000,6500,7000,0,14000,455042000,136521001,7000,702000000,364000000,136514000,45500000,91014000,45500000,0,0,0,45514000,61469490,61.4695
distribute_parallel_for_split_6500_6500_7500,6500,7500,0,15000,487545000,146272501,7500,728000000,390000000,146265000,48750000,97515000,48750000,0,0,0,48765000,66421545,66.4215
distribute_parallel_for_split_6500_6500_8000,6500,8000,0,16000,520048000,156024001,8000,754000000,416000000,156016000,52000000,104016000,52000000,0,0,0,52016000,69689508,69.6895
distribute_parallel_for_split_6500_7000_6500,6500,6500,0,13000,455039000,136519501,6500,728000000,338000000,136513000,45500000,91013000,45500000,0,0,0,45513000,61937892,61.9379
distribute_parallel_for_split_6500_7000_7000,6500,7000,0,14000,490042000,147021001,7000,756000000,364000000,147014000,49000000,98014000,49000000,0,0,0,49014000,66067630,66.0676
distribute_parallel_for_split_6500_7000_7500,6500,7500,0,15000,525045000,157522501,7500,784000000,390000000,157515000,52500000,105015000,52500000,0,0,0,52515000,71494150,71.4942
distribute_parallel_for_split_6500_7000_8000,6500,8000,0,16000,560048000,168024001,8000,812000000,416000000,168016000,56000000,112016000,56000000,0,0,0,56016000,75055976,75.0560
distribute_parallel_for_split_6500_7500_6500,6500,6500,0,13000,487539000,146269501,6500,780000000,338000000,146263000,48750000,97513000,48750000,0,0,0,48763000,66381817,66.3818
distribute_parallel_for_split_6500_7500_7000,6500,7000,0,14000,525042000,157521001,7000,810000000,364000000,157514000,52500000,105014000,52500000,0,0,0,52514000,71177280,71.1773
distribute_parallel_for_split_6500_7500_7500,6500,7500,0,15000,562545000,168772501,7500,840000000,390000000,168765000,56250000,112515000,56250000,0,0,0,56265000,76399472,76.3995
distribute_parallel_for_split_6500_7500_8000,6500,8000,0,16000,600048000,180024001,8000,870000000,416000000,180016000,60000000,120016000,60000000,0,0,0,60016000,80620608,80.6206
distribute_parallel_for_split_6500_8000_6500,6500,6500,0,13000,520039000,156019501,6500,832000000,338000000,156013000,52000000,104013000,52000000,0,0,0,52013000,70657360,70.6574
distribute_parallel_for_split_6500_8000_7000,6500,7000,0,14000,560042000,168021001,7000,864000000,364000000,168014000,56000000,112014000,56000000,0,0,0,56014000,75575848,75.5758
distribute_parallel_for_split_6500_8000_7500,6500,7500,0,15000,600045000,180022501,7500,896000000,390000000,180015000,60000000,120015000,60000000,0,0,0,60015000,81472652,81.4727
distribute_parallel_for_split_6500_8000_8000,6500,8000,0,16000,640048000,192024001,8000,928000000,416000000,192016000,64000000,128016000,64000000,0,0,0,64016000,86038102,86.0381
distribute_parallel_for_split_7000_6500_6500,7000,6500,0,13000,422539000,126769501,6500,702000000,364000000,126763000,42250000,84513000,42250000,0,0,0,42263000,61717801,61.7178
distribute_parallel_for_split_7000_6500_7000,7000,7000,0,14000,455042000,136521001,7000,728000000,392000000,136514000,45500000,91014000,45500000,0,0,0,45514000,66175611,66.1756
distribute_parallel_for_split_7000_6500_7500,7000,7500,0,15000,487545000,146272501,7500,754000000,420000000,146265000,48750000,97515000,48750000,0,0,0,48765000,71259434,71.2594
distribute_parallel_for_split_7000_6500_8000,7000,8000,0,16000,520048000,156024001,8000,780000000,448000000,156016000,52000000,104016000,52000000,0,0,0,52016000,74950599,74.9506
distribute_parallel_for_split_7000_7000_6500,7000,6500,0,13000,455039000,136519501,6500,756000000,364000000,136513000,45500000,91013000,45500000,0,0,0,45513000,66464861,66.4649
distribute_parallel_for_split_700_100_100,700,100,0,200,100600,30301,100,640000,560000,30200,10000,20200,10000,0,0,0,10200,5948,0.0059
distribute_parallel_for_split_700_100_200,700,200,0,400,201200,60601,200,720000,1120000,60400,20000,40400,20000,0,0,0,20400,7601,0.0076
distribute_parallel_for_split_700_100_300,700,300,0,600,301800,90901,300,800000,1680000,90600,30000,60600,30000,0,0,0,30600,9085,0.0091
distribute_parallel_for_split_700_100_400,700,400,0,800,402400,121201,400,880000,2240000,120800,40000,80800,40000,0,0,0,40800,11280,0.0113
distribute_parallel_for_split_700_100_500,700,500,0,1000,503000,151501,500,960000,2800000,151000,50000,101000,50000,0,0,0,51000,12449,0.0124
distribute_parallel_for_split_700_100_600,700,600,0,1200,603600,181801,600,1040000,3360000,181200,60000,121200,60000,0,0,0,61200,13795,0.0138
distribute_parallel_for_split_700_100_700,700,700,0,1400,704200,212101,700,1120000,3920000,211400,70000,141400,70000,0,0,0,71400,15898,0.0159
distribute_parallel_for_split_700_100_800,700,800,0,1600,804800,242401,800,1200000,4480000,241600,80000,161600,80000,0,0,0,81600,17645,0.0176
distribute_parallel_for_split_700_100_900,700,900,0,1800,905400,272701,900,1280000,5040000,271800,90000,181800,90000,0,0,0,91800,19542,0.0195
distribute_parallel_for_split_700_200_100,700,100,0,200,200600,60301,100,1280000,560000,60200,20000,40200,20000,0,0,0,20200,8891,0.0089
distribute_parallel_for_split_700_200_200,700,200,0,400,401200,120601,200,1440000,1120000,120400,40000,80400,40000,0,0,0,40400,13009,0.0130
distribute_parallel_for_split_700_200_300,700,300,0,600,601800,180901,300,1600000,1680000,180600,60000,120600,60000,0,0,0,60600,15706,0.0157
distribute_parallel_for_split_700_200_400,700,400,0,800,802400,241201,400,1760000,2240000,240800,80000,160800,80000,0,0,0,80800,19335,0.0193
distribute_parallel_for_split_700_200_500,700,500,0,1000,1003000,301501,500,1920000,2800000,301000,100000,201000,100000,0,0,0,101000,22346,0.0223
distribute_parallel_for_split_700_200_600,700,600,0,1200,1203600,361801,600,2080000,3360000,361200,120000,241200,120000,0,0,0,121200,24576,0.0246
distribute_parallel_for_split_700_200_700,700,700,0,1400,1404200,422101,700,2240000,3920000,421400,140000,281400,140000,0,0,0,141400,27798,0.0278
distribute_parallel_for_split_700_200_800,700,800,0,1600,1604800,482401,800,2400000,4480000,481600,160000,321600,160000,0,0,0,161600,30802,0.0308
distribute_parallel_for_split_700_200_900,700,900,0,1800,1805400,542701,900,2560000,5040000,541800,180000,361800,180000,0,0,0,181800,35339,0.0353
distribute_parallel_for_split_700_300_100,700,100,0,200,300600,90301,100,1920000,560000,90200,30000,60200,30000,0,0,0,30200,11602,0.0116
distribute_parallel_for_split_700_300_200,700,200,0,400,601200,180601,200,2160000,1120000,180400,60000,120400,60000,0,0,0,60400,16513,0.0165
distribute_parallel_for_split_700_300_300,700,300,0,600,901800,270901,300,2400000,1680000,270600,90000,180600,90000,0,0,0,90600,21268,0.0213
distribute_parallel_for_split_700_300_400,700,400,0,800,1202400,361201,400,2640000,2240000,360800,120000,240800,120000,0,0,0,120800,25627,0.0256
distribute_parallel_for_split_700_300_500,700,500,0,1000,1503000,451501,500,2880000,2800000,451000,150000,301000,150000,0,0,0,151000,33642,0.0336
distribute_parallel_for_split_700_300_600,700,600,0,1200,1803600,541801,600,3120000,3360000,541200,180000,361200,180000,0,0,0,181200,35587,0.0356
distribute_parallel_for_split_700_300_700,700,700,0,1400,2104200,632101,700,3360000,3920000,631400,210000,421400,210000,0,0,0,211400,47419,0.0474
distribute_parallel_for_split_700_300_800,700,800,0,1600,2404800,722401,800,3600000,4480000,721600,240000,481600,240000,0,0,0,241600,45364,0.0454
distribute_parallel_for_split_700_300_900,700,900,0,1800,2705400,812701,900,3840000,5040000,811800,270000,541800,270000,0,0,0,271800,52102,0.0521
distribute_parallel_for_split_700_400_100,700,100,0,200,400600,120301,100,2560000,560000,120200,40000,80200,40000,0,0,0,40200,14380,0.0144
distribute_parallel_for_split_700_400_200,700,200,0,400,801200,240601,200,2880000,1120000,240400,80000,160400,80000,0,0,0,80400,20631,0.0206
distribute_parallel_for_split_700_400_300,700,300,0,600,1201800,360901,300,3200000,1680000,360600,120000,240600,120000,0,0,0,120600,26743,0.0267
distribute_parallel_for_split_700_400_400,700,400,0,800,1602400,481201,400,3520000,2240000,480800,160000,320800,160000,0,0,0,160800,38118,0.0381
distribute_parallel_for_split_700_400_500,700,500,0,1000,2003000,601501,500,3840000,2800000,601000,200000,401000,200000,0,0,0,201000,41577,0.0416
distribute_parallel_for_split_700_400_600,700,600,0,1200,2403600,721801,600,4160000,3360000,721200,240000,481200,240000,0,0,0,241200,47506,0.0475
distribute_parallel_for_split_700_400_700,700,700,0,1400,2804200,842101,700,4480000,3920000,841400,280000,561400,280000,0,0,0,281400,54281,0.0543
distribute_parallel_for_split_700_400_800,700,800,0,1600,3204800,962401,800,4800000,4480000,961600,320000,641600,320000,0,0,0,321600,62923,0.0629
distribute_parallel_for_split_700_400_900,700,900,0,1800,3605400,1082701,900,5120000,5040000,1081800,360000,721800,360000,0,0,0,361800,67716,0.0677
distribute_parallel_for_split_700_500_100,700,100,0,200,500600,150301,100,3200000,560000,150200,50000,100200,50000,0,0,0,50200,45177,0.0452
distribute_parallel_for_split_700_500_200,700,200,0,400,1001200,300601,200,3600000,1120000,300400,100000,200400,100000,0,0,0,100400,25747,0.0257
distribute_parallel_for_split_700_500_300,700,300,0,600,1501800,450901,300,4000000,1680000,450600,150000,300600,150000,0,0,0,150600,32570,0.0326
distribute_parallel_for_split_700_500_400,700,400,0,800,2002400,601201,400,4400000,2240000,600800,200000,400800,200000,0,0,0,200800,41152,0.0412
distribute_parallel_for_split_700_500_500,700,500,0,1000,2503000,751501,500,4800000,2800000,751000,250000,501000,250000,0,0,0,251000,48785,0.0488
distribute_parallel_for_split_700_500_600,700,600,0,1200,3003600,901801,600,5200000,3360000,901200,300000,601200,300000,0,0,0,301200,56569,0.0566
distribute_parallel_for_split_700_500_700,700,700,0,1400,3504200,1052101,700,5600000,3920000,1051400,350000,701400,350000,0,0,0,351400,64324,0.0643
distribute_parallel_for_split_700_500_800,700,800,0,1600,4004800,1202401,800,6000000,4480000,1201600,400000,801600,400000,0,0,0,401600,72210,0.0722
distribute_parallel_for_split_700_500_900,700,900,0,1800,4505400,1352701,900,6400000,5040000,1351800,450000,901800,450000,0,0,0,451800,80757,0.0808
distribute_parallel_for_split_700_600_100,700,100,0,200,600600,180301,100,3840000,560000,180200,60000,120200,60000,0,0,0,60200,19297,0.0193
distribute_parallel_for_split_700_600_200,700,200,0,400,1201200,360601,200,4320000,1120000,360400,120000,240400,120000,0,0,0,120400,29546,0.0295
distribute_parallel_for_split_700_600_300,700,300,0,600,1801800,540901,300,4800000,1680000,540600,180000,360600,180000,0,0,0,180600,38762,0.0388
distribute_parallel_for_split_700_600_400,700,400,0,800,2402400,721201,400,5280000,2240000,720800,240000,480800,240000,0,0,0,240800,47636,0.0476
distribute_parallel_for_split_700_600_500,700,500,0,1000,3003000,901501,500,5760000,2800000,901000,300000,601000,300000,0,0,0,301000,60289,0.0603
distribute_parallel_for_split_700_600_600,700,600,0,1200,3603600,1081801,600,6240000,3360000,1081200,360000,721200,360000,0,0,0,361200,67103,0.0671
distribute_parallel_for_split_700_600_700,700,700,0,1400,4204200,1262101,700,6720000,3920000,1261400,420000,841400,420000,0,0,0,421400,76943,0.0769
distribute_parallel_for_split_700_600_800,700,800,0,1600,4804800,1442401,800,7200000,4480000,1441600,480000,961600,480000,0,0,0,481600,92500,0.0925
distribute_parallel_for_split_700_600_900,700,900,0,1800,5405400,1622701,900,7680000,5040000,1621800,540000,1081800,540000,0,0,0,541800,97024,0.0970
distribute_parallel_for_split_700_700_100,700,100,0,200,700600,210301,100,4480000,560000,210200,70000,140200,70000,0,0,0,70200,23816,0.0238
distribute_parallel_for_split_700_700_200,700,200,0,400,1401200,420601,200,5040000,1120000,420400,140000,280400,140000,0,0,0,140400,34185,0.0342
distribute_parallel_for_split_700_700_300,700,300,0,600,2101800,630901,300,5600000,1680000,630600,210000,420600,210000,0,0,0,210600,45247,0.0452
distribute_parallel_for_split_700_700_400,700,400,0,800,2802400,841201,400,6160000,2240000,840800,280000,560800,280000,0,0,0,280800,56047,0.0560
distribute_parallel_for_split_700_700_500,700,500,0,1000,3503000,1051501,500,6720000,2800000,1051000,350000,701000,350000,0,0,0,351000,71801,0.0718
distribute_parallel_for_split_700_700_600,700,600,0,1200,4203600,1261801,600,7280000,3360000,1261200,420000,841200,420000,0,0,0,421200,78874,0.0789
distribute_parallel_for_split_700_700_700,700,700,0,1400,4904200,1472101,700,7840000,3920000,1471400,490000,981400,490000,0,0,0,491400,89918,0.0899
distribute_parallel_for_split_700_700_800,700,800,0,1600,5604800,1682401,800,8400000,4480000,1681600,560000,1121600,560000,0,0,0,561600,117312,0.1173
distribute_parallel_for_split_700_700_900,700,900,0,1800,6305400,1892701,900,8960000,5040000,1891800,630000,1261800,630000,0,0,0,631800,122882,0.1229
distribute_parallel_for_split_700_800_100,700,100,0,200,800600,240301,100,5120000,560000,240200,80000,160200,80000,0,0,0,80200,26763,0.0268
distribute_parallel_for_split_700_800_200,700,200,0,400,1601200,480601,200,5760000,1120000,480400,160000,320400,160000,0,0,0,160400,49919,0.0499
distribute_parallel_for_split_700_800_300,700,300,0,600,2401800,720901,300,6400000,1680000,720600,240000,480600,240000,0,0,0,240600,58926,0.0589
distribute_parallel_for_split_700_800_400,700,400,0,800,3202400,961201,400,7040000,2240000,960800,320000,640800,320000,0,0,0,320800,77775,0.0778
distribute_parallel_for_split_700_800_500,700,500,0,1000,4003000,1201501,500,7680000,2800000,1201000,400000,801000,400000,0,0,0,401000,78091,0.0781
distribute_parallel_for_split_700_800_600,700,600,0,1200,4803600,1441801,600,8320000,3360000,1441200,480000,961200,480000,0,0,0,481200,90049,0.0900
distribute_parallel_for_split_700_800_700,700,700,0,1400,5604200,1682101,700,8960000,3920000,1681400,560000,1121400,560000,0,0,0,561400,102913,0.1029
distribute_parallel_for_split_700_800_800,700,800,0,1600,6404800,1922401,800,9600000,4480000,1921600,640000,1281600,640000,0,0,0,641600,125875,0.1259
distribute_parallel_for_split_700_800_900,700,900,0,1800,7205400,2162701,900,10240000,5040000,2161800,720000,1441800,720000,0,0,0,721800,146970,0.1470
distribute_parallel_for_split_700_900_100,700,100,0,200,900600,270301,100,5760000,560000,270200,90000,180200,90000,0,0,0,90200,29982,0.0300
distribute_parallel_for_split_700_900_200,700,200,0,400,1801200,540601,200,6480000,1120000,540400,180000,360400,180000,0,0,0,180400,44939,0.0449
distribute_parallel_for_split_700_900_300,700,300,0,600,2701800,810901,300,7200000,1680000,810600,270000,540600,270000,0,0,0,270600,63912,0.0639
distribute_parallel_for_split_700_900_400,700,400,0,800,3602400,1081201,400,7920000,2240000,1080800,360000,720800,360000,0,0,0,360800,73014,0.0730
distribute_parallel_for_split_700_900_500,700,500,0,1000,4503000,1351501,500,8640000,2800000,1351000,450000,901000,450000,0,0,0,451000,84812,0.0848
distribute_parallel_for_split_700_900_600,700,600,0,1200,5403600,1621801,600,9360000,3360000,1621200,540000,1081200,540000,0,0,0,541200,99941,0.0999
distribute_parallel_for_split_700_900_700,700,700,0,1400,6304200,1892101,700,10080000,3920000,1891400,630000,1261400,630000,0,0,0,631400,117179,0.1172
distribute_parallel_for_split_700_900_800,700,800,0,1600,7204800,2162401,800,10800000,4480000,2161600,720000,1441600,720000,0,0,0,721600,130734,0.1307
distribute_parallel_for_split_700_900_900,700,900,0,1800,8105400,2432701,900,11520000,5040000,2431800,810000,1621800,810000,0,0,0,811800,158564,0.1586
distribute_parallel_for_split_800_100_100,800,100,0,200,100600,30301,100,720000,640000,30200,10000,20200,10000,0,0,0,10200,15660,0.0157
distribute_parallel_for_split_800_100_200,800,200,0,400,201200,60601,200,800000,1280000,60400,20000,40400,20000,0,0,0,20400,8026,0.0080
distribute_parallel_for_split_800_100_300,800,300,0,600,301800,90901,300,880000,1920000,90600,30000,60600,30000,0,0,0,30600,9828,0.0098
distribute_parallel_for_split_800_100_400,800,400,0,800,402400,121201,400,960000,2560000,120800,40000,80800,40000,0,0,0,40800,18936,0.0189
distribute_parallel_for_split_800_100_500,800,500,0,1000,503000,151501,500,1040000,3200000,151000,50000,101000,50000,0,0,0,51000,13125,0.0131
distribute_parallel_for_split_800_100_600,800,600,0,1200,603600,181801,600,1120000,3840000,181200,60000,121200,60000,0,0,0,61200,15411,0.0154
distribute_parallel_for_split_800_100_700,800,700,0,1400,704200,212101,700,1200000,4480000,211400,70000,141400,70000,0,0,0,71400,23688,0.0237
distribute_parallel_for_split_800_100_800,800,800,0,1600,804800,242401,800,1280000,5120000,241600,80000,161600,80000,0,0,0,81600,22399,0.0224
distribute_parallel_for_split_800_100_900,800,900,0,1800,905400,272701,900,1360000,5760000,271800,90000,181800,90000,0,0,0,91800,21041,0.0210
distribute_parallel_for_split_800_200_100,800,100,0,200,200600,60301,100,1440000,640000,60200,20000,40200,20000,0,0,0,20200,9229,0.0092
distribute_parallel_for_split_800_200_200,800,200,0,400,401200,120601,200,1600000,1280000,120400,40000,80400,40000,0,0,0,40400,13670,0.0137
distribute_parallel_for_split_800_200_300,800,300,0,600,601800,180901,300,1760000,1920000,180600,60000,120600,60000,0,0,0,60600,17246,0.0172
distribute_parallel_for_split_800_200_400,800,400,0,800,802400,241201,400,1920000,2560000,240800,80000,160800,80000,0,0,0,80800,19789,0.0198
distribute_parallel_for_split_800_200_500,800,500,0,1000,1003000,301501,500,2080000,3200000,301000,100000,201000,100000,0,0,0,101000,22301,0.0223
distribute_parallel_for_split_800_200_600,800,600,0,1200,1203600,361801,600,2240000,3840000,361200,120000,241200,120000,0,0,0,121200,25438,0.0254
distribute_parallel_for_split_800_200_700,800,700,0,1400,1404200,422101,700,2400000,4480000,421400,140000,281400,140000,0,0,0,141400,28826,0.0288
distribute_parallel_for_split_800_200_800,800,800,0,1600,1604800,482401,800,2560000,5120000,481600,160000,321600,160000,0,0,0,161600,31886,0.0319
distribute_parallel_for_split_800_200_900,800,900,0,1800,1805400,542701,900,2720000,5760000,541800,180000,361800,180000,0,0,0,181800,35401,0.0354
distribute_parallel_for_split_800_300_100,800,100,0,200,300600,90301,100,2160000,640000,90200,30000,60200,30000,0,0,0,30200,12201,0.0122
distribute_parallel_for_split_800_300_200,800,200,0,400,601200,180601,200,2400000,1280000,180400,60000,120400,60000,0,0,0,60400,16601,0.0166
distribute_parallel_for_split_800_300_300,800,300,0,600,901800,270901,300,2640000,1920000,270600,90000,180600,90000,0,0,0,90600,23037,0.0230
distribute_parallel_for_split_800_300_400,800,400,0,800,1202400,361201,400,2880000,2560000,360800,120000,240800,120000,0,0,0,120800,26067,0.0261
distribute_parallel_for_split_800_300_500,800,500,0,1000,1503000,451501,500,3120000,3200000,451000,150000,301000,150000,0,0,0,151000,32829,0.0328
distribute_parallel_for_split_800_300_600,800,600,0,1200,1803600,541801,600,3360000,3840000,541200,180000,361200,180000,0,0,0,181200,35906,0.0359
distribute_parallel_for_split_800_300_700,800,700,0,1400,2104200,632101,700,3600000,4480000,631400,210000,421400,210000,0,0,0,211400,45702,0.0457
distribute_parallel_for_split_800_300_800,800,800,0,1600,2404800,722401,800,3840000,5120000,721600,240000,481600,240000,0,0,0,241600,46992,0.0470
distribute_parallel_for_split_800_300_900,800,900,0,1800,2705400,812701,900,4080000,5760000,811800,270000,541800,270000,0,0,0,271800,51987,0.0520
distribute_parallel_for_split_800_400_100,800,100,0,200,400600,120301,100,2880000,640000,120200,40000,80200,40000,0,0,0,40200,14407,0.0144
distribute_parallel_for_split_800_400_200,800,200,0,400,801200,240601,200,3200000,1280000,240400,80000,160400,80000,0,0,0,80400,21121,0.0211
distribute_parallel_for_split_800_400_300,800,300,0,600,1201800,360901,300,3520000,1920000,360600,120000,240600,120000,0,0,0,120600,28049,0.0280
distribute_parallel_for_split_800_400_400,800,400,0,800,1602400,481201,400,3840000,2560000,480800,160000,320800,160000,0,0,0,160800,33641,0.0336
distribute_parallel_for_split_800_400_500,800,500,0,1000,2003000,601501,500,4160000,3200000,601000,200000,401000,200000,0,0,0,201000,41977,0.0420
distribute_parallel_for_split_800_400_600,800,600,0,1200,2403600,721801,600,4480000,3840000,721200,240000,481200,240000,0,0,0,241200,47293,0.0473
distribute_parallel_for_split_800_400_700,800,700,0,1400,2804200,842101,700,4800000,4480000,841400,280000,561400,280000,0,0,0,281400,70307,0.0703
distribute_parallel_for_split_800_400_800,800,800,0,1600,3204800,962401,800,5120000,5120000,961600,320000,641600,320000,0,0,0,321600,63352,0.0634
distribute_parallel_for_split_800_400_900,800,900,0,1800,3605400,1082701,900,5440000,5760000,1081800,360000,721800,360000,0,0,0,361800,69781,0.0698
distribute_parallel_for_split_800_500_100,800,100,0,200,500600,150301,100,3600000,640000,150200,50000,100200,50000,0,0,0,50200,17717,0.0177
distribute_parallel_for_split_800_500_200,800,200,0,400,1001200,300601,200,4000000,1280000,300400,100000,200400,100000,0,0,0,100400,26293,0.0263
distribute_parallel_for_split_800_500_300,800,300,0,600,1501800,450901,300,4400000,1920000,450600,150000,300600,150000,0,0,0,150600,33338,0.0333
distribute_parallel_for_split_800_500_400,800,400,0,800,2002400,601201,400,4800000,2560000,600800,200000,400800,200000,0,0,0,200800,41183,0.0412
distribute_parallel_for_split_800_500_500,800,500,0,1000,2503000,751501,500,5200000,3200000,751000,250000,501000,250000,0,0,0,251000,49639,0.0496
distribute_parallel_for_split_800_500_600,800,600,0,1200,3003600,901801,600,5600000,3840000,901200,300000,601200,300000,0,0,0,301200,57821,0.0578
distribute_parallel_for_split_800_500_700,800,700,0,1400,3504200,1052101,700,6000000,4480000,1051400,350000,701400,350000,0,0,0,351400,66618,0.0666
distribute_parallel_for_split_800_500_800,800,800,0,1600,4004800,1202401,800,6400000,5120000,1201600,400000,801600,400000,0,0,0,401600,73699,0.0737
distribute_parallel_for_split_800_500_900,800,900,0,1800,4505400,1352701,900,6800000,5760000,1351800,450000,901800,450000,0,0,0,451800,82652,0.0827
distribute_parallel_for_split_800_600_100,800,100,0,200,600600,180301,100,4320000,640000,180200,60000,120200,60000,0,0,0,60200,20260,0.0203
distribute_parallel_for_split_800_600_200,800,200,0,400,1201200,360601,200,4800000,1280000,360400,120000,240400,120000,0,0,0,120400,29941,0.0299
distribute_parallel_for_split_800_600_300,800,300,0,600,1801800,540901,300,5280000,1920000,540600,180000,360600,180000,0,0,0,180600,40339,0.0403
distribute_parallel_for_split_800_600_400,800,400,0,800,2402400,721201,400,5760000,2560000,720800,240000,480800,240000,0,0,0,240800,50042,0.0500
distribute_parallel_for_split_800_600_500,800,500,0,1000,3003000,901501,500,6240000,3200000,901000,300000,601000,300000,0,0,0,301000,58981,0.0590
distribute_parallel_for_split_800_600_600,800,600,0,1200,3603600,1081801,600,6720000,3840000,1081200,360000,721200,360000,0,0,0,361200,68648,0.0686
distribute_parallel_for_split_800_600_700,800,700,0,1400,4204200,1262101,700,7200000,4480000,1261400,420000,841400,420000,0,0,0,421400,77615,0.0776
distribute_parallel_for_split_800_600_800,800,800,0,1600,4804800,1442401,800,7680000,5120000,1441600,480000,961600,480000,0,0,0,481600,89774,0.0898
distribute_parallel_for_split_800_600_900,800,900,0,1800,5405400,1622701,900,8160000,5760000,1621800,540000,1081800,540000,0,0,0,541800,99299,0.0993
distribute_parallel_for_split_800_700_100,800,100,0,200,700600,210301,100,5040000,640000,210200,70000,140200,70000,0,0,0,70200,23168,0.0232
distribute_parallel_for_split_800_700_200,800,200,0,400,1401200,420601,200,5600000,1280000,420400,140000,280400,140000,0,0,0,140400,34554,0.0346
distribute_parallel_for_split_800_700_300,800,300,0,600,2101800,630901,300,6160000,1920000,630600,210000,420600,210000,0,0,0,210600,47481,0.0475
distribute_parallel_for_split_800_700_400,800,400,0,800,2802400,841201,400,6720000,2560000,840800,280000,560800,280000,0,0,0,280800,57964,0.0580
distribute_parallel_for_split_800_700_500,800,500,0,1000,3503000,1051501,500,7280000,3200000,1051000,350000,701000,350000,0,0,0,351000,103580,0.1036
distribute_parallel_for_split_800_700_600,800,600,0,1200,4203600,1261801,600,7840000,3840000,1261200,420000,841200,420000,0,0,0,421200,80856,0.0809
distribute_parallel_for_split_800_700_700,800,700,0,1400,4904200,1472101,700,8400000,4480000,1471400,490000,981400,490000,0,0,0,491400,104756,0.1048
distribute_parallel_for_split_800_700_800,800,800,0,1600,5604800,1682401,800,8960000,5120000,1681600,560000,1121600,560000,0,0,0,561600,101639,0.1016
distribute_parallel_for_split_800_700_900,800,900,0,1800,6305400,1892701,900,9520000,5760000,1891800,630000,1261800,630000,0,0,0,631800,116361,0.1164
distribute_parallel_for_split_800_800_100,800,100,0,200,800600,240301,100,5760000,640000,240200,80000,160200,80000,0,0,0,80200,26682,0.0267
distribute_parallel_for_split_800_800_200,800,200,0,400,1601200,480601,200,6400000,1280000,480400,160000,320400,160000,0,0,0,160400,38925,0.0389
distribute_parallel_for_split_800_800_300,800,300,0,600,2401800,720901,300,7040000,1920000,720600,240000,480600,240000,0,0,0,240600,53198,0.0532
distribute_parallel_for_split_800_800_400,800,400,0,800,3202400,961201,400,7680000,2560000,960800,320000,640800,320000,0,0,0,320800,66070,0.0661
distribute_parallel_for_split_800_800_500,800,500,0,1000,4003000,1201501,500,8320000,3200000,1201000,400000,801000,400000,0,0,0,401000,78782,0.0788
distribute_parallel_for_split_800_800_600,800,600,0,1200,4803600,1441801,600,8960000,3840000,1441200,480000,961200,480000,0,0,0,481200,91499,0.0915
distribute_parallel_for_split_800_800_700,800,700,0,1400,5604200,1682101,700,9600000,4480000,1681400,560000,1121400,560000,0,0,0,561400,104133,0.1041
distribute_parallel_for_split_800_800_800,800,800,0,1600,6404800,1922401,800,10240000,5120000,1921600,640000,1281600,640000,0,0,0,641600,115816,0.1158
distribute_parallel_for_split_800_800_900,800,900,0,1800,7205400,2162701,900,10880000,5760000,2161800,720000,1441800,720000,0,0,0,721800,131534,0.1315
distribute_parallel_for_split_800_900_100,800,100,0,200,900600,270301,100,6480000,640000,270200,90000,180200,90000,0,0,0,90200,29697,0.0297
distribute_parallel_for_split_800_900_200,800,200,0,400,1801200,540601,200,7200000,1280000,540400,180000,360400,180000,0,0,0,180400,44259,0.0443
distribute_parallel_for_split_800_900_300,800,300,0,600,2701800,810901,300,7920000,1920000,810600,270000,540600,270000,0,0,0,270600,58401,0.0584
distribute_parallel_for_split_800_900_400,800,400,0,800,3602400,1081201,400,8640000,2560000,1080800,360000,720800,360000,0,0,0,360800,72560,0.0726
distribute_parallel_for_split_800_900_500,800,500,0,1000,4503000,1351501,500,9360000,3200000,1351000,450000,901000,450000,0,0,0,451000,86928,0.0869
distribute_parallel_for_split_800_900_600,800,600,0,1200,5403600,1621801,600,10080000,3840000,1621200,540000,1081200,540000,0,0,0,541200,101177,0.1012
distribute_parallel_for_split_800_900_700,800,700,0,1400,6304200,1892101,700,10800000,4480000,1891400,630000,1261400,630000,0,0,0,631400,117377,0.1174
distribute_parallel_for_split_800_900_800,800,800,0,1600,7204800,2162401,800,11520000,5120000,2161600,720000,1441600,720000,0,0,0,721600,131419,0.1314
distribute_parallel_for_split_800_900_900,800,900,0,1800,8105400,2432701,900,12240000,5760000,2431800,810000,1621800,810000,0,0,0,811800,148232,0.1482
distribute_parallel_for_split_900_100_100,900,100,0,200,100600,30301,100,800000,720000,30200,10000,20200,10000,0,0,0,10200,6663,0.0067
distribute_parallel_for_split_900_100_200,900,200,0,400,201200,60601,200,880000,1440000,60400,20000,40400,20000,0,0,0,20400,9009,0.0090
distribute_parallel_for_split_900_100_300,900,300,0,600,301800,90901,300,960000,2160000,90600,30000,60600,30000,0,0,0,30600,11063,0.0111
distribute_parallel_for_split_900_100_400,900,400,0,800,402400,121201,400,1040000,2880000,120800,40000,80800,40000,0,0,0,40800,13687,0.0137
distribute_parallel_for_split_900_100_500,900,500,0,1000,503000,151501,500,1120000,3600000,151000,50000,101000,50000,0,0,0,51000,15540,0.0155
distribute_parallel_for_split_900_100_600,900,600,0,1200,603600,181801,600,1200000,4320000,181200,60000,121200,60000,0,0,0,61200,17183,0.0172
distribute_parallel_for_split_900_100_700,900,700,0,1400,704200,212101,700,1280000,5040000,211400,70000,141400,70000,0,0,0,71400,19530,0.0195
distribute_parallel_for_split_900_100_800,900,800,0,1600,804800,242401,800,1360000,5760000,241600,80000,161600,80000,0,0,0,81600,21496,0.0215
distribute_parallel_for_split_900_100_900,900,900,0,1800,905400,272701,900,1440000,6480000,271800,90000,181800,90000,0,0,0,91800,23668,0.0237
distribute_parallel_for_split_900_1400_1400,900,1400,0,2800,19608400,5884201,1400,25760000,10080000,5882800,1960000,3922800,1960000,0,0,0,1962800,416195,0.4162
distribute_parallel_for_split_900_1400_1900,900,1900,0,3800,26611400,7985701,1900,31360000,13680000,7983800,2660000,5323800,2660000,0,0,0,2663800,561032,0.5610
distribute_parallel_for_split_900_1400_2400,900,2400,0,4800,33614400,10087201,2400,36960000,17280000,10084800,3360000,6724800,3360000,0,0,0,3364800,700211,0.7002
distribute_parallel_for_split_900_1400_2900,900,2900,0,5800,40617400,12188701,2900,42560000,20880000,12185800,4060000,8125800,4060000,0,0,0,4065800,862498,0.8625
distribute_parallel_for_split_900_1400_3400,900,3400,0,6800,47620400,14290201,3400,48160000,24480000,14286800,4760000,9526800,4760000,0,0,0,4766800,1005124,1.0051
distribute_parallel_for_split_900_1400_3900,900,3900,0,7800,54623400,16391701,3900,53760000,28080000,16387800,5460000,10927800,5460000,0,0,0,5467800,1139144,1.1391
distribute_parallel_for_split_900_1400_900,900,900,0,1800,12605400,3782701,900,20160000,6480000,3781800,1260000,2521800,1260000,0,0,0,1261800,281210,0.2812
distribute_parallel_for_split_900_1900_1400,900,1400,0,2800,26608400,7984201,1400,34960000,10080000,7982800,2660000,5322800,2660000,0,0,0,2662800,567669,0.5677
distribute_parallel_for_split_900_1900_1900,900,1900,0,3800,36111400,10835701,1900,42560000,13680000,10833800,3610000,7223800,3610000,0,0,0,3613800,762463,0.7625
distribute_parallel_for_split_900_1900_2400,900,2400,0,4800,45614400,13687201,2400,50160000,17280000,13684800,4560000,9124800,4560000,0,0,0,4564800,950284,0.9503
distribute_parallel_for_split_900_1900_2900,900,2900,0,5800,55117400,16538701,2900,57760000,20880000,16535800,5510000,11025800,5510000,0,0,0,5515800,1169079,1.1691
distribute_parallel_for_split_900_1900_3400,900,3400,0,6800,64620400,19390201,3400,65360000,24480000,19386800,6460000,12926800,6460000,0,0,0,6466800,1360218,1.3602
distribute_parallel_for_split_900_1900_3900,900,3900,0,7800,74123400,22241701,3900,72960000,28080000,22237800,7410000,14827800,7410000,0,0,0,7417800,1549458,1.5495
distribute_parallel_for_split_900_1900_900,900,900,0,1800,17105400,5132701,900,27360000,6480000,5131800,1710000,3421800,1710000,0,0,0,1711800,375680,0.3757
distribute_parallel_for_split_900_200_100,900,100,0,200,200600,60301,100,1600000,720000,60200,20000,40200,20000,0,0,0,20200,10528,0.0105
distribute_parallel_for_split_900_200_200,900,200,0,400,401200,120601,200,1760000,1440000,120400,40000,80400,40000,0,0,0,40400,15202,0.0152
distribute_parallel_for_split_900_200_300,900,300,0,600,601800,180901,300,1920000,2160000,180600,60000,120600,60000,0,0,0,60600,18263,0.0183
distribute_parallel_for_split_900_200_400,900,400,0,800,802400,241201,400,2080000,2880000,240800,80000,160800,80000,0,0,0,80800,22512,0.0225
distribute_parallel_for_split_900_200_500,900,500,0,1000,1003000,301501,500,2240000,3600000,301000,100000,201000,100000,0,0,0,101000,27089,0.0271
distribute_parallel_for_split_900_200_600,900,600,0,1200,1203600,361801,600,2400000,4320000,361200,120000,241200,120000,0,0,0,121200,30165,0.0302
distribute_parallel_for_split_900_200_700,900,700,0,1400,1404200,422101,700,2560000,5040000,421400,140000,281400,140000,0,0,0,141400,34439,0.0344
distribute_parallel_for_split_900_200_800,900,800,0,1600,1604800,482401,800,2720000,5760000,481600,160000,321600,160000,0,0,0,161600,38864,0.0389
distribute_parallel_for_split_900_200_900,900,900,0,1800,1805400,542701,900,2880000,6480000,541800,180000,361800,180000,0,0,0,181800,43757,0.0438
distribute_parallel_for_split_900_2400_1400,900,1400,0,2800,33608400,10084201,1400,44160000,10080000,10082800,3360000,6722800,3360000,0,0,0,3362800,713060,0.7131
distribute_parallel_for_split_900_2400_1900,900,1900,0,3800,45611400,13685701,1900,53760000,13680000,13683800,4560000,9123800,4560000,0,0,0,4563800,986180,0.9862
distribute_parallel_for_split_900_2400_2400,900,2400,0,4800,57614400,17287201,2400,63360000,17280000,17284800,5760000,11524800,5760000,0,0,0,5764800,1197676,1.1977
distribute_parallel_for_split_900_2400_2900,900,2900,0,5800,69617400,20888701,2900,72960000,20880000,20885800,6960000,13925800,6960000,0,0,0,6965800,1482741,1.4827
distribute_parallel_for_split_900_2400_3400,900,3400,0,6800,81620400,24490201,3400,82560000,24480000,24486800,8160000,16326800,8160000,0,0,0,8166800,1746375,1.7464
distribute_parallel_for_split_900_2400_3900,900,3900,0,7800,93623400,28091701,3900,92160000,28080000,28087800,9360000,18727800,9360000,0,0,0,9367800,1981593,1.9816
distribute_parallel_for_split_900_2400_900,900,900,0,1800,21605400,6482701,900,34560000,6480000,6481800,2160000,4321800,2160000,0,0,0,2161800,474476,0.4745
distribute_parallel_for_split_900_2900_1400,900,1400,0,2800,40608400,12184201,1400,53360000,10080000,12182800,4060000,8122800,4060000,0,0,0,4062800,886833,0.8868
distribute_parallel_for_split_900_2900_1900,900,1900,0,3800,55111400,16535701,1900,64960000,13680000,16533800,5510000,11023800,5510000,0,0,0,5513800,1184751,1.1848
distribute_parallel_for_split_900_2900_2400,900,2400,0,4800,69614400,20887201,2400,76560000,17280000,20884800,6960000,13924800,6960000,0,0,0,6964800,1436424,1.4364
distribute_parallel_for_split_900_2900_2900,900,2900,0,5800,84117400,25238701,2900,88160000,20880000,25235800,8410000,16825800,8410000,0,0,0,8415800,1754007,1.7540
distribute_parallel_for_split_900_2900_3400,900,3400,0,6800,98620400,29590201,3400,99760000,24480000,29586800,9860000,19726800,9860000,0,0,0,9866800,2062517,2.0625
distribute_parallel_for_split_900_2900_3900,900,3900,0,7800,113123400,33941701,3900,111360000,28080000,33937800,11310000,22627800,11310000,0,0,0,11317800,2349220,2.3492
distribute_parallel_for_split_900_2900_900,900,900,0,1800,26105400,7832701,900,41760000,6480000,7831800,2610000,5221800,2610000,0,0,0,2611800,570308,0.5703
distribute_parallel_for_split_900_300_100,900,100,0,200,300600,90301,100,2400000,720000,90200,30000,60200,30000,0,0,0,30200,13751,0.0138
distribute_parallel_for_split_900_300_200,900,200,0,400,601200,180601,200,2640000,1440000,180400,60000,120400,60000,0,0,0,60400,19566,0.0196
distribute_parallel_for_split_900_300_300,900,300,0,600,901800,270901,300,2880000,2160000,270600,90000,180600,90000,0,0,0,90600,25599,0.0256
distribute_parallel_for_split_900_300_400,900,400,0,800,1202400,361201,400,3120000,2880000,360800,120000,240800,120000,0,0,0,120800,32908,0.0329
distribute_parallel_for_split_900_300_500,900,500,0,1000,1503000,451501,500,3360000,3600000,451000,150000,301000,150000,0,0,0,151000,38554,0.0386
distribute_parallel_for_split_900_300_600,900,600,0,1200,1803600,541801,600,3600000,4320000,541200,180000,361200,180000,0,0,0,181200,44997,0.0450
distribute_parallel_for_split_900_300_700,900,700,0,1400,2104200,632101,700,3840000,5040000,631400,210000,421400,210000,0,0,0,211400,49949,0.0499
distribute_parallel_for_split_900_300_800,900,800,0,1600,2404800,722401,800,4080000,5760000,721600,240000,481600,240000,0,0,0,241600,56442,0.0564
distribute_parallel_for_split_900_300_900,900,900,0,1800,2705400,812701,900,4320000,6480000,811800,270000,541800,270000,0,0,0,271800,62637,0.0626
distribute_parallel_for_split_900_3400_1400,900,1400,0,2800,47608400,14284201,1400,62560000,10080000,14282800,4760000,9522800,4760000,0,0,0,4762800,1011322,1.0113
distribute_parallel_for_split_900_3400_1900,900,1900,0,3800,64611400,19385701,1900,76160000,13680000,19383800,6460000,12923800,6460000,0,0,0,6463800,1354736,1.3547
distribute_parallel_for_split_900_3400_2400,900,2400,0,4800,81614400,24487201,2400,89760000,17280000,24484800,8160000,16324800,8160000,0,0,0,8164800,1692447,1.6924
distribute_parallel_for_split_900_3400_2900,900,2900,0,5800,98617400,29588701,2900,103360000,20880000,29585800,9860000,19725800,9860000,0,0,0,9865800,2070569,2.0706
distribute_parallel_for_split_900_3400_3400,900,3400,0,6800,115620400,34690201,3400,116960000,24480000,34686800,11560000,23126800,11560000,0,0,0,11566800,2414756,2.4148
distribute_parallel_for_split_900_3400_3900,900,3900,0,7800,132623400,39791701,3900,130560000,28080000,39787800,13260000,26527800,13260000,0,0,0,13267800,2758165,2.7582
distribute_parallel_for_split_900_3400_900,900,900,0,1800,30605400,9182701,900,48960000,6480000,9181800,3060000,6121800,3060000,0,0,0,3061800,671823,0.6718
distribute_parallel_for_split_900_3900_1400,900,1400,0,2800,54608400,16384201,1400,71760000,10080000,16382800,5460000,10922800,5460000,0,0,0,5462800,1157565,1.1576
distribute_parallel_for_split_900_3900_1900,900,1900,0,3800,74111400,22235701,1900,87360000,13680000,22233800,7410000,14823800,7410000,0,0,0,7413800,1569401,1.5694
distribute_parallel_for_split_900_3900_2400,900,2400,0,4800,93614400,28087201,2400,102960000,17280000,28084800,9360000,18724800,9360000,0,0,0,9364800,2027170,2.0272
distribute_parallel_for_split_900_3900_2900,900,2900,0,5800,113117400,33938701,2900,118560000,20880000,33935800,11310000,22625800,11310000,0,0,0,11315800,2392507,2.3925
distribute_parallel_for_split_900_3900_3400,900,3400,0,6800,132620400,39790201,3400,134160000,24480000,39786800,13260000,26526800,13260000,0,0,0,13266800,2790051,2.7901
distribute_parallel_for_split_900_3900_3900,900,3900,0,7800,152123400,45641701,3900,149760000,28080000,45637800,15210000,30427800,15210000,0,0,0,15217800,3188965,3.1890
distribute_parallel_for_split_900_3900_900,900,900,0,1800,35105400,10532701,900,56160000,6480000,10531800,3510000,7021800,3510000,0,0,0,3511800,770980,0.7710
distribute_parallel_for_split_900_400_100,900,100,0,200,400600,120301,100,3200000,720000,120200,40000,80200,40000,0,0,0,40200,17499,0.0175
distribute_parallel_for_split_900_400_200,900,200,0,400,801200,240601,200,3520000,1440000,240400,80000,160400,80000,0,0,0,80400,25030,0.0250
distribute_parallel_for_split_900_400_300,900,300,0,600,1201800,360901,300,3840000,2160000,360600,120000,240600,120000,0,0,0,120600,33290,0.0333
distribute_parallel_for_split_900_400_400,900,400,0,800,1602400,481201,400,4160000,2880000,480800,160000,320800,160000,0,0,0,160800,41300,0.0413
distribute_parallel_for_split_900_400_500,900,500,0,1000,2003000,601501,500,4480000,3600000,601000,200000,401000,200000,0,0,0,201000,51722,0.0517
distribute_parallel_for_split_900_400_600,900,600,0,1200,2403600,721801,600,4800000,4320000,721200,240000,481200,240000,0,0,0,241200,59459,0.0595
distribute_parallel_for_split_900_400_700,900,700,0,1400,2804200,842101,700,5120000,5040000,841400,280000,561400,280000,0,0,0,281400,65813,0.0658
distribute_parallel_for_split_900_400_800,900,800,0,1600,3204800,962401,800,5440000,5760000,961600,320000,641600,320000,0,0,0,321600,75441,0.0754
distribute_parallel_for_split_900_400_900,900,900,0,1800,3605400,1082701,900,5760000,6480000,1081800,360000,721800,360000,0,0,0,361800,83520,0.0835
distribute_parallel_for_split_900_500_100,900,100,0,200,500600,150301,100,4000000,720000,150200,50000,100200,50000,0,0,0,50200,22298,0.0223
distribute_parallel_for_split_900_500_200,900,200,0,400,1001200,300601,200,4400000,1440000,300400,100000,200400,100000,0,0,0,100400,33906,0.0339
distribute_parallel_for_split_900_500_300,900,300,0,600,1501800,450901,300,4800000,2160000,450600,150000,300600,150000,0,0,0,150600,53506,0.0535
distribute_parallel_for_split_900_500_400,900,400,0,800,2002400,601201,400,5200000,2880000,600800,200000,400800,200000,0,0,0,200800,59208,0.0592
distribute_parallel_for_split_900_500_500,900,500,0,1000,2503000,751501,500,5600000,3600000,751000,250000,501000,250000,0,0,0,251000,73826,0.0738
distribute_parallel_for_split_900_500_600,900,600,0,1200,3003600,901801,600,6000000,4320000,901200,300000,601200,300000,0,0,0,301200,72081,0.0721
distribute_parallel_for_split_900_500_700,900,700,0,1400,3504200,1052101,700,6400000,5040000,1051400,350000,701400,350000,0,0,0,351400,86837,0.0868
distribute_parallel_for_split_900_500_800,900,800,0,1600,4004800,1202401,800,6800000,5760000,1201600,400000,801600,400000,0,0,0,401600,92158,0.0922
distribute_parallel_for_split_900_500_900,900,900,0,1800,4505400,1352701,900,7200000,6480000,1351800,450000,901800,450000,0,0,0,451800,99920,0.0999
distribute_parallel_for_split_900_600_100,900,100,0,200,600600,180301,100,4800000,720000,180200,60000,120200,60000,0,0,0,60200,24302,0.0243
distribute_parallel_for_split_900_600_200,900,200,0,400,1201200,360601,200,5280000,1440000,360400,120000,240400,120000,0,0,0,120400,36137,0.0361
distribute_parallel_for_split_900_600_300,900,300,0,600,1801800,540901,300,5760000,2160000,540600,180000,360600,180000,0,0,0,180600,49622,0.0496
distribute_parallel_for_split_900_600_400,900,400,0,800,2402400,721201,400,6240000,2880000,720800,240000,480800,240000,0,0,0,240800,60163,0.0602
distribute_parallel_for_split_900_600_500,900,500,0,1000,3003000,901501,500,6720000,3600000,901000,300000,601000,300000,0,0,0,301000,72979,0.0730
distribute_parallel_for_split_900_600_600,900,600,0,1200,3603600,1081801,600,7200000,4320000,1081200,360000,721200,360000,0,0,0,361200,84158,0.0842
distribute_parallel_for_split_900_600_700,900,700,0,1400,4204200,1262101,700,7680000,5040000,1261400,420000,841400,420000,0,0,0,421400,100730,0.1007
distribute_parallel_for_split_900_600_800,900,800,0,1600,4804800,1442401,800,8160000,5760000,1441600,480000,961600,480000,0,0,0,481600,106321,0.1063
distribute_parallel_for_split_900_600_900,900,900,0,1800,5405400,1622701,900,8640000,6480000,1621800,540000,1081800,540000,0,0,0,541800,119327,0.1193
distribute_parallel_for_split_900_700_100,900,100,0,200,700600,210301,100,5600000,720000,210200,70000,140200,70000,0,0,0,70200,28484,0.0285
distribute_parallel_for_split_900_700_200,900,200,0,400,1401200,420601,200,6160000,1440000,420400,140000,280400,140000,0,0,0,140400,42237,0.0422
distribute_parallel_for_split_900_700_300,900,300,0,600,2101800,630901,300,6720000,2160000,630600,210000,420600,210000,0,0,0,210600,57223,0.0572
distribute_parallel_for_split_900_700_400,900,400,0,800,2802400,841201,400,7280000,2880000,840800,280000,560800,280000,0,0,0,280800,68643,0.0686
distribute_parallel_for_split_900_700_500,900,500,0,1000,3503000,1051501,500,7840000,3600000,1051000,350000,701000,350000,0,0,0,351000,82585,0.0826
distribute_parallel_for_split_900_700_600,900,600,0,1200,4203600,1261801,600,8400000,4320000,1261200,420000,841200,420000,0,0,0,421200,94972,0.0950
distribute_parallel_for_split_900_700_700,900,700,0,1400,4904200,1472101,700,8960000,5040000,1471400,490000,981400,490000,0,0,0,491400,110191,0.1102
distribute_parallel_for_split_900_700_800,900,800,0,1600,5604800,1682401,800,9520000,5760000,1681600,560000,1121600,560000,0,0,0,561600,124008,0.1240
distribute_parallel_for_split_900_700_900,900,900,0,1800,6305400,1892701,900,10080000,6480000,1891800,630000,1261800,630000,0,0,0,631800,139769,0.1398
distribute_parallel_for_split_900_800_100,900,100,0,200,800600,240301,100,6400000,720000,240200,80000,160200,80000,0,0,0,80200,32946,0.0329
distribute_parallel_for_split_900_800_200,900,200,0,400,1601200,480601,200,7040000,1440000,480400,160000,320400,160000,0,0,0,160400,55604,0.0556
distribute_parallel_for_split_900_800_300,900,300,0,600,2401800,720901,300,7680000,2160000,720600,240000,480600,240000,0,0,0,240600,81949,0.0819
distribute_parallel_for_split_900_800_400,900,400,0,800,3202400,961201,400,8320000,2880000,960800,320000,640800,320000,0,0,0,320800,78610,0.0786
distribute_parallel_for_split_900_800_500,900,500,0,1000,4003000,1201501,500,8960000,3600000,1201000,400000,801000,400000,0,0,0,401000,95191,0.0952
distribute_parallel_for_split_900_800_600,900,600,0,1200,4803600,1441801,600,9600000,4320000,1441200,480000,961200,480000,0,0,0,481200,108416,0.1084
distribute_parallel_for_split_900_800_700,900,700,0,1400,5604200,1682101,700,10240000,5040000,1681400,560000,1121400,560000,0,0,0,561400,126488,0.1265
distribute_parallel_for_split_900_800_800,900,800,0,1600,6404800,1922401,800,10880000,5760000,1921600,640000,1281600,640000,0,0,0,641600,142264,0.1423
distribute_parallel_for_split_900_800_900,900,900,0,1800,7205400,2162701,900,11520000,6480000,2161800,720000,1441800,720000,0,0,0,721800,159506,0.1595
distribute_parallel_for_split_900_900_100,900,100,0,200,900600,270301,100,7200000,720000,270200,90000,180200,90000,0,0,0,90200,34956,0.0350
distribute_parallel_for_split_900_900_1400,900,1400,0,2800,12608400,3784201,1400,16560000,10080000,3782800,1260000,2522800,1260000,0,0,0,1262800,268541,0.2685
distribute_parallel_for_split_900_900_1900,900,1900,0,3800,17111400,5135701,1900,20160000,13680000,5133800,1710000,3423800,1710000,0,0,0,1713800,362436,0.3624
distribute_parallel_for_split_900_900_200,900,200,0,400,1801200,540601,200,7920000,1440000,540400,180000,360400,180000,0,0,0,180400,52092,0.0521
distribute_parallel_for_split_900_900_2400,900,2400,0,4800,21614400,6487201,2400,23760000,17280000,6484800,2160000,4324800,2160000,0,0,0,2164800,449405,0.4494
distribute_parallel_for_split_900_900_2900,900,2900,0,5800,26117400,7838701,2900,27360000,20880000,7835800,2610000,5225800,2610000,0,0,0,2615800,551230,0.5512
distribute_parallel_for_split_900_900_300,900,300,0,600,2701800,810901,300,8640000,2160000,810600,270000,540600,270000,0,0,0,270600,71234,0.0712
distribute_parallel_for_split_900_900_3400,900,3400,0,6800,30620400,9190201,3400,30960000,24480000,9186800,3060000,6126800,3060000,0,0,0,3066800,643401,0.6434
distribute_parallel_for_split_900_900_3900,900,3900,0,7800,35123400,10541701,3900,34560000,28080000,10537800,3510000,7027800,3510000,0,0,0,3517800,733857,0.7339
distribute_parallel_for_split_900_900_400,900,400,0,800,3602400,1081201,400,9360000,2880000,1080800,360000,720800,360000,0,0,0,360800,85987,0.0860
distribute_parallel_for_split_900_900_500,900,500,0,1000,4503000,1351501,500,10080000,3600000,1351000,450000,901000,450000,0,0,0,451000,106500,0.1065
distribute_parallel_for_split_900_900_600,900,600,0,1200,5403600,1621801,600,10800000,4320000,1621200,540000,1081200,540000,0,0,0,541200,122476,0.1225
distribute_parallel_for_split_900_900_700,900,700,0,1400,6304200,1892101,700,11520000,5040000,1891400,630000,1261400,630000,0,0,0,631400,140587,0.1406
distribute_parallel_for_split_900_900_800,900,800,0,1600,7204800,2162401,800,12240000,5760000,2161600,720000,1441600,720000,0,0,0,721600,157438,0.1574
distribute_parallel_for_split_900_900_900,900,900,0,1800,8105400,2432701,900,12960000,6480000,2431800,810000,1621800,810000,0,0,0,811800,179703,0.1797
