swap_distribute_parallel_for_collapse_1000_1000_1000,1000,1000,0,2000,10006000,3003001,1000,16000000,8000000,3002000,1000000,2002000,1000000,0,0,0,1002000,686710,0.6867
swap_distribute_parallel_for_collapse_1000_1000_1500,1000,1500,0,3000,15009000,4504501,1500,20000000,12000000,4503000,1500000,3003000,1500000,0,0,0,1503000,1046859,1.0469
swap_distribute_parallel_for_collapse_1000_1000_2000,1000,2000,0,4000,20012000,6006001,2000,24000000,16000000,6004000,2000000,4004000,2000000,0,0,0,2004000,1402080,1.4021
swap_distribute_parallel_for_collapse_1000_1000_2500,1000,2500,0,5000,25015000,7507501,2500,28000000,20000000,7505000,2500000,5005000,2500000,0,0,0,2505000,1756412,1.7564
swap_distribute_parallel_for_collapse_1000_1000_3000,1000,3000,0,6000,30018000,9009001,3000,32000000,24000000,9006000,3000000,6006000,3000000,0,0,0,3006000,2117295,2.1173
swap_distribute_parallel_for_collapse_1000_1000_3500,1000,3500,0,7000,35021000,10510501,3500,36000000,28000000,10507000,3500000,7007000,3500000,0,0,0,3507000,2482649,2.4826
swap_distribute_parallel_for_collapse_1000_1000_4000,1000,4000,0,8000,40024000,12012001,4000,40000000,32000000,12008000,4000000,8008000,4000000,0,0,0,4008000,2829518,2.8295
swap_distribute_parallel_for_collapse_1000_1500_1000,1000,1000,0,2000,15006000,4503001,1000,24000000,8000000,4502000,1500000,3002000,1500000,0,0,0,1502000,1066753,1.0668
swap_distribute_parallel_for_collapse_1000_1500_1500,1000,1500,0,3000,22509000,6754501,1500,30000000,12000000,6753000,2250000,4503000,2250000,0,0,0,2253000,1616745,1.6167
swap_distribute_parallel_for_collapse_1000_1500_2000,1000,2000,0,4000,30012000,9006001,2000,36000000,16000000,9004000,3000000,6004000,3000000,0,0,0,3004000,2161873,2.1619
swap_distribute_parallel_for_collapse_1000_1500_2500,1000,2500,0,5000,37515000,11257501,2500,42000000,20000000,11255000,3750000,7505000,3750000,0,0,0,3755000,2709961,2.7100
swap_distribute_parallel_for_collapse_1000_1500_3000,1000,3000,0,6000,45018000,13509001,3000,48000000,24000000,13506000,4500000,9006000,4500000,0,0,0,4506000,3256414,3.2564
swap_distribute_parallel_for_collapse_1000_1500_3500,1000,3500,0,7000,52521000,15760501,3500,54000000,28000000,15757000,5250000,10507000,5250000,0,0,0,5257000,3804880,3.8049
swap_distribute_parallel_for_collapse_1000_1500_4000,1000,4000,0,8000,60024000,18012001,4000,60000000,32000000,18008000,6000000,12008000,6000000,0,0,0,6008000,4350792,4.3508
swap_distribute_parallel_for_collapse_1000_2000_1000,1000,1000,0,2000,20006000,6003001,1000,32000000,8000000,6002000,2000000,4002000,2000000,0,0,0,2002000,1407091,1.4071
swap_distribute_parallel_for_collapse_1000_2000_1500,1000,1500,0,3000,30009000,9004501,1500,40000000,12000000,9003000,3000000,6003000,3000000,0,0,0,3003000,2126434,2.1264
swap_distribute_parallel_for_collapse_1000_2000_2000,1000,2000,0,4000,40012000,12006001,2000,48000000,16000000,12004000,4000000,8004000,4000000,0,0,0,4004000,2845021,2.8450
swap_distribute_parallel_for_collapse_1000_2000_2500,1000,2500,0,5000,50015000,15007501,2500,56000000,20000000,15005000,5000000,10005000,5000000,0,0,0,5005000,3568148,3.5681
swap_distribute_parallel_for_collapse_1000_2000_3000,1000,3000,0,6000,60018000,18009001,3000,64000000,24000000,18006000,6000000,12006000,6000000,0,0,0,6006000,4287964,4.2880
swap_distribute_parallel_for_collapse_1000_2000_3500,1000,3500,0,7000,70021000,21010501,3500,72000000,28000000,21007000,7000000,14007000,7000000,0,0,0,7007000,5016657,5.0167
swap_distribute_parallel_for_collapse_1000_2000_4000,1000,4000,0,8000,80024000,24012001,4000,80000000,32000000,24008000,8000000,16008000,8000000,0,0,0,8008000,5728001,5.7280
swap_distribute_parallel_for_collapse_1000_2500_1000,1000,1000,0,2000,25006000,7503001,1000,40000000,8000000,7502000,2500000,5002000,2500000,0,0,0,2502000,1812067,1.8121
swap_distribute_parallel_for_collapse_1000_2500_1500,1000,1500,0,3000,37509000,11254501,1500,50000000,12000000,11253000,3750000,7503000,3750000,0,0,0,3753000,2730471,2.7305
swap_distribute_parallel_for_collapse_1000_2500_2000,1000,2000,0,4000,50012000,15006001,2000,60000000,16000000,15004000,5000000,10004000,5000000,0,0,0,5004000,3649221,3.6492
swap_distribute_parallel_for_collapse_1000_2500_2500,1000,2500,0,5000,62515000,18757501,2500,70000000,20000000,18755000,6250000,12505000,6250000,0,0,0,6255000,4576532,4.5765
swap_distribute_parallel_for_collapse_1000_2500_3000,1000,3000,0,6000,75018000,22509001,3000,80000000,24000000,22506000,7500000,15006000,7500000,0,0,0,7506000,5483619,5.4836
swap_distribute_parallel_for_collapse_1000_2500_3500,1000,3500,0,7000,87521000,26260501,3500,90000000,28000000,26257000,8750000,17507000,8750000,0,0,0,8757000,6404620,6.4046
swap_distribute_parallel_for_collapse_1000_2500_4000,1000,4000,0,8000,100024000,30012001,4000,100000000,32000000,30008000,10000000,20008000,10000000,0,0,0,10008000,7323441,7.3234
swap_distribute_parallel_for_collapse_1000_3000_1000,1000,1000,0,2000,30006000,9003001,1000,48000000,8000000,9002000,3000000,6002000,3000000,0,0,0,3002000,2199700,2.1997
swap_distribute_parallel_for_collapse_1000_3000_1500,1000,1500,0,3000,45009000,13504501,1500,60000000,12000000,13503000,4500000,9003000,4500000,0,0,0,4503000,3318461,3.3185
swap_distribute_parallel_for_collapse_1000_3000_2000,1000,2000,0,4000,60012000,18006001,2000,72000000,16000000,18004000,6000000,12004000,6000000,0,0,0,6004000,4429351,4.4294
swap_distribute_parallel_for_collapse_1000_3000_2500,1000,2500,0,5000,75015000,22507501,2500,84000000,20000000,22505000,7500000,15005000,7500000,0,0,0,7505000,5539676,5.5397
swap_distribute_parallel_for_collapse_1000_3000_3000,1000,3000,0,6000,90018000,27009001,3000,96000000,24000000,27006000,9000000,18006000,9000000,0,0,0,9006000,6654985,6.6550
swap_distribute_parallel_for_collapse_1000_3000_3500,1000,3500,0,7000,105021000,31510501,3500,108000000,28000000,31507000,10500000,21007000,10500000,0,0,0,10507000,7770439,7.7704
swap_distribute_parallel_for_collapse_1000_3000_4000,1000,4000,0,8000,120024000,36012001,4000,120000000,32000000,36008000,12000000,24008000,12000000,0,0,0,12008000,8884737,8.8847
swap_distribute_parallel_for_collapse_1000_3500_1000,1000,1000,0,2000,35006000,10503001,1000,56000000,8000000,10502000,3500000,7002000,3500000,0,0,0,3502000,2559163,2.5592
swap_distribute_parallel_for_collapse_1000_3500_1500,1000,1500,0,3000,52509000,15754501,1500,70000000,12000000,15753000,5250000,10503000,5250000,0,0,0,5253000,3855566,3.8556
swap_distribute_parallel_for_collapse_1000_3500_2000,1000,2000,0,4000,70012000,21006001,2000,84000000,16000000,21004000,7000000,14004000,7000000,0,0,0,7004000,5146433,5.1464
swap_distribute_parallel_for_collapse_1000_3500_2500,1000,2500,0,5000,87515000,26257501,2500,98000000,20000000,26255000,8750000,17505000,8750000,0,0,0,8755000,6441834,6.4418
swap_distribute_parallel_for_collapse_1000_3500_3000,1000,3000,0,6000,105018000,31509001,3000,112000000,24000000,31506000,10500000,21006000,10500000,0,0,0,10506000,7739622,7.7396
swap_distribute_parallel_for_collapse_1000_3500_3500,1000,3500,0,7000,122521000,36760501,3500,126000000,28000000,36757000,12250000,24507000,12250000,0,0,0,12257000,9035628,9.0356
swap_distribute_parallel_for_collapse_1000_3500_4000,1000,4000,0,8000,140024000,42012001,4000,140000000,32000000,42008000,14000000,28008000,14000000,0,0,0,14008000,10329783,10.3298
swap_distribute_parallel_for_collapse_1000_4000_1000,1000,1000,0,2000,40006000,12003001,1000,64000000,8000000,12002000,4000000,8002000,4000000,0,0,0,4002000,2940069,2.9401
swap_distribute_parallel_for_collapse_1000_4000_1500,1000,1500,0,3000,60009000,18004501,1500,80000000,12000000,18003000,6000000,12003000,6000000,0,0,0,6003000,4422822,4.4228
swap_distribute_parallel_for_collapse_1000_4000_2000,1000,2000,0,4000,80012000,24006001,2000,96000000,16000000,24004000,8000000,16004000,8000000,0,0,0,8004000,5916082,5.9161
swap_distribute_parallel_for_collapse_1000_4000_2500,1000,2500,0,5000,100015000,30007501,2500,112000000,20000000,30005000,10000000,20005000,10000000,0,0,0,10005000,7392883,7.3929
swap_distribute_parallel_for_collapse_1000_4000_3000,1000,3000,0,6000,120018000,36009001,3000,128000000,24000000,36006000,12000000,24006000,12000000,0,0,0,12006000,8873971,8.8740
swap_distribute_parallel_for_collapse_1000_4000_3500,1000,3500,0,7000,140021000,42010501,3500,144000000,28000000,42007000,14000000,28007000,14000000,0,0,0,14007000,10360620,10.3606
swap_distribute_parallel_for_collapse_1000_4000_4000,1000,4000,0,8000,160024000,48012001,4000,160000000,32000000,48008000,16000000,32008000,16000000,0,0,0,16008000,11848796,11.8488
swap_distribute_parallel_for_collapse_100_100_100,100,100,0,200,100600,30301,100,160000,80000,30200,10000,20200,10000,0,0,0,10200,1805,0.0018
swap_distribute_parallel_for_collapse_100_100_200,100,200,0,400,201200,60601,200,240000,160000,60400,20000,40400,20000,0,0,0,20400,2077,0.0021
swap_distribute_parallel_for_collapse_100_100_300,100,300,0,600,301800,90901,300,320000,240000,90600,30000,60600,30000,0,0,0,30600,2973,0.0030
swap_distribute_parallel_for_collapse_100_100_400,100,400,0,800,402400,121201,400,400000,320000,120800,40000,80800,40000,0,0,0,40800,2828,0.0028
swap_distribute_parallel_for_collapse_100_100_500,100,500,0,1000,503000,151501,500,480000,400000,151000,50000,101000,50000,0,0,0,51000,3013,0.0030
swap_distribute_parallel_for_collapse_100_100_600,100,600,0,1200,603600,181801,600,560000,480000,181200,60000,121200,60000,0,0,0,61200,3526,0.0035
swap_distribute_parallel_for_collapse_100_100_700,100,700,0,1400,704200,212101,700,640000,560000,211400,70000,141400,70000,0,0,0,71400,4690,0.0047
swap_distribute_parallel_for_collapse_100_100_800,100,800,0,1600,804800,242401,800,720000,640000,241600,80000,161600,80000,0,0,0,81600,4873,0.0049
swap_distribute_parallel_for_collapse_100_100_900,100,900,0,1800,905400,272701,900,800000,720000,271800,90000,181800,90000,0,0,0,91800,5712,0.0057
swap_distribute_parallel_for_collapse_100_200_100,100,100,0,200,200600,60301,100,320000,80000,60200,20000,40200,20000,0,0,0,20200,1993,0.0020
swap_distribute_parallel_for_collapse_100_200_200,100,200,0,400,401200,120601,200,480000,160000,120400,40000,80400,40000,0,0,0,40400,2378,0.0024
swap_distribute_parallel_for_collapse_100_200_300,100,300,0,600,601800,180901,300,640000,240000,180600,60000,120600,60000,0,0,0,60600,3947,0.0039
swap_distribute_parallel_for_collapse_100_200_400,100,400,0,800,802400,241201,400,800000,320000,240800,80000,160800,80000,0,0,0,80800,5328,0.0053
swap_distribute_parallel_for_collapse_100_200_500,100,500,0,1000,1003000,301501,500,960000,400000,301000,100000,201000,100000,0,0,0,101000,5583,0.0056
swap_distribute_parallel_for_collapse_100_200_600,100,600,0,1200,1203600,361801,600,1120000,480000,361200,120000,241200,120000,0,0,0,121200,6971,0.0070
swap_distribute_parallel_for_collapse_100_200_700,100,700,0,1400,1404200,422101,700,1280000,560000,421400,140000,281400,140000,0,0,0,141400,7754,0.0078
swap_distribute_parallel_for_collapse_100_200_800,100,800,0,1600,1604800,482401,800,1440000,640000,481600,160000,321600,160000,0,0,0,161600,8108,0.0081
swap_distribute_parallel_for_collapse_100_200_900,100,900,0,1800,1805400,542701,900,1600000,720000,541800,180000,361800,180000,0,0,0,181800,9284,0.0093
swap_distribute_parallel_for_collapse_100_300_100,100,100,0,200,300600,90301,100,480000,80000,90200,30000,60200,30000,0,0,0,30200,2394,0.0024
swap_distribute_parallel_for_collapse_100_300_200,100,200,0,400,601200,180601,200,720000,160000,180400,60000,120400,60000,0,0,0,60400,3144,0.0031
swap_distribute_parallel_for_collapse_100_300_300,100,300,0,600,901800,270901,300,960000,240000,270600,90000,180600,90000,0,0,0,90600,6537,0.0065
swap_distribute_parallel_for_collapse_100_300_400,100,400,0,800,1202400,361201,400,1200000,320000,360800,120000,240800,120000,0,0,0,120800,6845,0.0068
swap_distribute_parallel_for_collapse_100_300_500,100,500,0,1000,1503000,451501,500,1440000,400000,451000,150000,301000,150000,0,0,0,151000,7365,0.0074
swap_distribute_parallel_for_collapse_100_300_600,100,600,0,1200,1803600,541801,600,1680000,480000,541200,180000,361200,180000,0,0,0,181200,10149,0.0101
swap_distribute_parallel_for_collapse_100_300_700,100,700,0,1400,2104200,632101,700,1920000,560000,631400,210000,421400,210000,0,0,0,211400,10003,0.0100
swap_distribute_parallel_for_collapse_100_300_800,100,800,0,1600,2404800,722401,800,2160000,640000,721600,240000,481600,240000,0,0,0,241600,11302,0.0113
swap_distribute_parallel_for_collapse_100_300_900,100,900,0,1800,2705400,812701,900,2400000,720000,811800,270000,541800,270000,0,0,0,271800,12748,0.0127
swap_distribute_parallel_for_collapse_100_400_100,100,100,0,200,400600,120301,100,640000,80000,120200,40000,80200,40000,0,0,0,40200,2737,0.0027
swap_distribute_parallel_for_collapse_100_400_200,100,200,0,400,801200,240601,200,960000,160000,240400,80000,160400,80000,0,0,0,80400,4480,0.0045
swap_distribute_parallel_for_collapse_100_400_300,100,300,0,600,1201800,360901,300,1280000,240000,360600,120000,240600,120000,0,0,0,120600,7800,0.0078
swap_distribute_parallel_for_collapse_100_400_400,100,400,0,800,1602400,481201,400,1600000,320000,480800,160000,320800,160000,0,0,0,160800,9260,0.0093
swap_distribute_parallel_for_collapse_100_400_500,100,500,0,1000,2003000,601501,500,1920000,400000,601000,200000,401000,200000,0,0,0,201000,9304,0.0093
swap_distribute_parallel_for_collapse_100_400_600,100,600,0,1200,2403600,721801,600,2240000,480000,721200,240000,481200,240000,0,0,0,241200,12251,0.0123
swap_distribute_parallel_for_collapse_100_400_700,100,700,0,1400,2804200,842101,700,2560000,560000,841400,280000,561400,280000,0,0,0,281400,13580,0.0136
swap_distribute_parallel_for_collapse_100_400_800,100,800,0,1600,3204800,962401,800,2880000,640000,961600,320000,641600,320000,0,0,0,321600,14692,0.0147
swap_distribute_parallel_for_collapse_100_400_900,100,900,0,1800,3605400,1082701,900,3200000,720000,1081800,360000,721800,360000,0,0,0,361800,16933,0.0169
swap_distribute_parallel_for_collapse_100_500_100,100,100,0,200,500600,150301,100,800000,80000,150200,50000,100200,50000,0,0,0,50200,3330,0.0033
swap_distribute_parallel_for_collapse_100_500_200,100,200,0,400,1001200,300601,200,1200000,160000,300400,100000,200400,100000,0,0,0,100400,5155,0.0052
swap_distribute_parallel_for_collapse_100_500_300,100,300,0,600,1501800,450901,300,1600000,240000,450600,150000,300600,150000,0,0,0,150600,9037,0.0090
swap_distribute_parallel_for_collapse_100_500_400,100,400,0,800,2002400,601201,400,2000000,320000,600800,200000,400800,200000,0,0,0,200800,11461,0.0115
swap_distribute_parallel_for_collapse_100_500_500,100,500,0,1000,2503000,751501,500,2400000,400000,751000,250000,501000,250000,0,0,0,251000,11186,0.0112
swap_distribute_parallel_for_collapse_100_500_600,100,600,0,1200,3003600,901801,600,2800000,480000,901200,300000,601200,300000,0,0,0,301200,14938,0.0149
swap_distribute_parallel_for_collapse_100_500_700,100,700,0,1400,3504200,1052101,700,3200000,560000,1051400,350000,701400,350000,0,0,0,351400,15793,0.0158
swap_distribute_parallel_for_collapse_100_500_800,100,800,0,1600,4004800,1202401,800,3600000,640000,1201600,400000,801600,400000,0,0,0,401600,18014,0.0180
swap_distribute_parallel_for_collapse_100_500_900,100,900,0,1800,4505400,1352701,900,4000000,720000,1351800,450000,901800,450000,0,0,0,451800,21133,0.0211
swap_distribute_parallel_for_collapse_100_600_100,100,100,0,200,600600,180301,100,960000,80000,180200,60000,120200,60000,0,0,0,60200,3722,0.0037
swap_distribute_parallel_for_collapse_100_600_200,100,200,0,400,1201200,360601,200,1440000,160000,360400,120000,240400,120000,0,0,0,120400,5898,0.0059
swap_distribute_parallel_for_collapse_100_600_300,100,300,0,600,1801800,540901,300,1920000,240000,540600,180000,360600,180000,0,0,0,180600,10579,0.0106
swap_distribute_parallel_for_collapse_100_600_400,100,400,0,800,2402400,721201,400,2400000,320000,720800,240000,480800,240000,0,0,0,240800,12582,0.0126
swap_distribute_parallel_for_collapse_100_600_500,100,500,0,1000,3003000,901501,500,2880000,400000,901000,300000,601000,300000,0,0,0,301000,13128,0.0131
swap_distribute_parallel_for_collapse_100_600_600,100,600,0,1200,3603600,1081801,600,3360000,480000,1081200,360000,721200,360000,0,0,0,361200,17265,0.0173
swap_distribute_parallel_for_collapse_100_600_700,100,700,0,1400,4204200,1262101,700,3840000,560000,1261400,420000,841400,420000,0,0,0,421400,18812,0.0188
swap_distribute_parallel_for_collapse_100_600_800,100,800,0,1600,4804800,1442401,800,4320000,640000,1441600,480000,961600,480000,0,0,0,481600,21933,0.0219
swap_distribute_parallel_for_collapse_100_600_900,100,900,0,1800,5405400,1622701,900,4800000,720000,1621800,540000,1081800,540000,0,0,0,541800,25054,0.0251
swap_distribute_parallel_for_collapse_100_700_100,100,100,0,200,700600,210301,100,1120000,80000,210200,70000,140200,70000,0,0,0,70200,4817,0.0048
swap_distribute_parallel_for_collapse_100_700_200,100,200,0,400,1401200,420601,200,1680000,160000,420400,140000,280400,140000,0,0,0,140400,6648,0.0066
swap_distribute_parallel_for_collapse_100_700_300,100,300,0,600,2101800,630901,300,2240000,240000,630600,210000,420600,210000,0,0,0,210600,13049,0.0130
swap_distribute_parallel_for_collapse_100_700_400,100,400,0,800,2802400,841201,400,2800000,320000,840800,280000,560800,280000,0,0,0,280800,14409,0.0144
swap_distribute_parallel_for_collapse_100_700_500,100,500,0,1000,3503000,1051501,500,3360000,400000,1051000,350000,701000,350000,0,0,0,351000,15317,0.0153
swap_distribute_parallel_for_collapse_100_700_600,100,600,0,1200,4203600,1261801,600,3920000,480000,1261200,420000,841200,420000,0,0,0,421200,20433,0.0204
swap_distribute_parallel_for_collapse_100_700_700,100,700,0,1400,4904200,1472101,700,4480000,560000,1471400,490000,981400,490000,0,0,0,491400,23187,0.0232
swap_distribute_parallel_for_collapse_100_700_800,100,800,0,1600,5604800,1682401,800,5040000,640000,1681600,560000,1121600,560000,0,0,0,561600,25652,0.0257
swap_distribute_parallel_for_collapse_100_700_900,100,900,0,1800,6305400,1892701,900,5600000,720000,1891800,630000,1261800,630000,0,0,0,631800,28189,0.0282
swap_distribute_parallel_for_collapse_100_800_100,100,100,0,200,800600,240301,100,1280000,80000,240200,80000,160200,80000,0,0,0,80200,5330,0.0053
swap_distribute_parallel_for_collapse_100_800_200,100,200,0,400,1601200,480601,200,1920000,160000,480400,160000,320400,160000,0,0,0,160400,7942,0.0079
swap_distribute_parallel_for_collapse_100_800_300,100,300,0,600,2401800,720901,300,2560000,240000,720600,240000,480600,240000,0,0,0,240600,15096,0.0151
swap_distribute_parallel_for_collapse_100_800_400,100,400,0,800,3202400,961201,400,3200000,320000,960800,320000,640800,320000,0,0,0,320800,16461,0.0165
swap_distribute_parallel_for_collapse_100_800_500,100,500,0,1000,4003000,1201501,500,3840000,400000,1201000,400000,801000,400000,0,0,0,401000,17055,0.0171
swap_distribute_parallel_for_collapse_100_800_600,100,600,0,1200,4803600,1441801,600,4480000,480000,1441200,480000,961200,480000,0,0,0,481200,23353,0.0234
swap_distribute_parallel_for_collapse_100_800_700,100,700,0,1400,5604200,1682101,700,5120000,560000,1681400,560000,1121400,560000,0,0,0,561400,25459,0.0255
swap_distribute_parallel_for_collapse_100_800_800,100,800,0,1600,6404800,1922401,800,5760000,640000,1921600,640000,1281600,640000,0,0,0,641600,28551,0.0286
swap_distribute_parallel_for_collapse_100_800_900,100,900,0,1800,7205400,2162701,900,6400000,720000,2161800,720000,1441800,720000,0,0,0,721800,31435,0.0314
swap_distribute_parallel_for_collapse_100_900_100,100,100,0,200,900600,270301,100,1440000,80000,270200,90000,180200,90000,0,0,0,90200,5816,0.0058
swap_distribute_parallel_for_collapse_100_900_200,100,200,0,400,1801200,540601,200,2160000,160000,540400,180000,360400,180000,0,0,0,180400,8199,0.0082
swap_distribute_parallel_for_collapse_100_900_300,100,300,0,600,2701800,810901,300,2880000,240000,810600,270000,540600,270000,0,0,0,270600,16307,0.0163
swap_distribute_parallel_for_collapse_100_900_400,100,400,0,800,3602400,1081201,400,3600000,320000,1080800,360000,720800,360000,0,0,0,360800,18129,0.0181
swap_distribute_parallel_for_collapse_100_900_500,100,500,0,1000,4503000,1351501,500,4320000,400000,1351000,450000,901000,450000,0,0,0,451000,19506,0.0195
swap_distribute_parallel_for_collapse_100_900_600,100,600,0,1200,5403600,1621801,600,5040000,480000,1621200,540000,1081200,540000,0,0,0,541200,26468,0.0265
swap_distribute_parallel_for_collapse_100_900_700,100,700,0,1400,6304200,1892101,700,5760000,560000,1891400,630000,1261400,630000,0,0,0,631400,27920,0.0279
swap_distribute_parallel_for_collapse_100_900_800,100,800,0,1600,7204800,2162401,800,6480000,640000,2161600,720000,1441600,720000,0,0,0,721600,31907,0.0319
swap_distribute_parallel_for_collapse_100_900_900,100,900,0,1800,8105400,2432701,900,7200000,720000,2431800,810000,1621800,810000,0,0,0,811800,35216,0.0352
swap_distribute_parallel_for_collapse_1050_1050_1050,1050,1050,0,2100,11031300,3310651,1050,17640000,8820000,3309600,1102500,2207100,1102500,0,0,0,1104600,811228,0.8112
swap_distribute_parallel_for_collapse_1050_1050_1100,1050,1100,0,2200,11556600,3468301,1100,18060000,9240000,3467200,1155000,2312200,1155000,0,0,0,1157200,847597,0.8476
swap_distribute_parallel_for_collapse_1050_1050_1150,1050,1150,0,2300,12081900,3625951,1150,18480000,9660000,3624800,1207500,2417300,1207500,0,0,0,1209800,888890,0.8889
swap_distribute_parallel_for_collapse_1050_1050_1200,1050,1200,0,2400,12607200,3783601,1200,18900000,10080000,3782400,1260000,2522400,1260000,0,0,0,1262400,925834,0.9258
swap_distribute_parallel_for_collapse_1050_1050_1250,1050,1250,0,2500,13132500,3941251,1250,19320000,10500000,3940000,1312500,2627500,1312500,0,0,0,1315000,965304,0.9653
swap_distribute_parallel_for_collapse_1050_1050_1300,1050,1300,0,2600,13657800,4098901,1300,19740000,10920000,4097600,1365000,2732600,1365000,0,0,0,1367600,1007422,1.0074
swap_distribute_parallel_for_collapse_1050_1050_1350,1050,1350,0,2700,14183100,4256551,1350,20160000,11340000,4255200,1417500,2837700,1417500,0,0,0,1420200,1045756,1.0458
swap_distribute_parallel_for_collapse_1050_1050_1400,1050,1400,0,2800,14708400,4414201,1400,20580000,11760000,4412800,1470000,2942800,1470000,0,0,0,1472800,1084228,1.0842
swap_distribute_parallel_for_collapse_1050_1050_1450,1050,1450,0,2900,15233700,4571851,1450,21000000,12180000,4570400,1522500,3047900,1522500,0,0,0,1525400,1130999,1.1310
swap_distribute_parallel_for_collapse_1050_1050_1500,1050,1500,0,3000,15759000,4729501,1500,21420000,12600000,4728000,1575000,3153000,1575000,0,0,0,1578000,1170724,1.1707
swap_distribute_parallel_for_collapse_1050_1050_1550,1050,1550,0,3100,16284300,4887151,1550,21840000,13020000,4885600,1627500,3258100,1627500,0,0,0,1630600,1223354,1.2234
swap_distribute_parallel_for_collapse_1050_1050_1600,1050,1600,0,3200,16809600,5044801,1600,22260000,13440000,5043200,1680000,3363200,1680000,0,0,0,1683200,1260871,1.2609
swap_distribute_parallel_for_collapse_1050_1050_1650,1050,1650,0,3300,17334900,5202451,1650,22680000,13860000,5200800,1732500,3468300,1732500,0,0,0,1735800,1325866,1.3259
swap_distribute_parallel_for_collapse_1050_1050_1700,1050,1700,0,3400,17860200,5360101,1700,23100000,14280000,5358400,1785000,3573400,1785000,0,0,0,1788400,1340960,1.3410
swap_distribute_parallel_for_collapse_1050_1050_1750,1050,1750,0,3500,18385500,5517751,1750,23520000,14700000,5516000,1837500,3678500,1837500,0,0,0,1841000,1362675,1.3627
swap_distribute_parallel_for_collapse_1050_1050_1800,1050,1800,0,3600,18910800,5675401,1800,23940000,15120000,5673600,1890000,3783600,1890000,0,0,0,1893600,1400930,1.4009
swap_distribute_parallel_for_collapse_1050_1050_1850,1050,1850,0,3700,19436100,5833051,1850,24360000,15540000,5831200,1942500,3888700,1942500,0,0,0,1946200,1482209,1.4822
swap_distribute_parallel_for_collapse_1050_1050_1900,1050,1900,0,3800,19961400,5990701,1900,24780000,15960000,5988800,1995000,3993800,1995000,0,0,0,1998800,1515709,1.5157
swap_distribute_parallel_for_collapse_1050_1050_1950,1050,1950,0,3900,20486700,6148351,1950,25200000,16380000,6146400,2047500,4098900,2047500,0,0,0,2051400,1522366,1.5224
swap_distribute_parallel_for_collapse_1050_1050_2000,1050,2000,0,4000,21012000,6306001,2000,25620000,16800000,6304000,2100000,4204000,2100000,0,0,0,2104000,1556050,1.5560
swap_distribute_parallel_for_collapse_1050_1100_1050,1050,1050,0,2100,11556300,3468151,1050,18480000,8820000,3467100,1155000,2312100,1155000,0,0,0,1157100,857111,0.8571
swap_distribute_parallel_for_collapse_1050_1100_1100,1050,1100,0,2200,12106600,3633301,1100,18920000,9240000,3632200,1210000,2422200,1210000,0,0,0,1212200,894670,0.8947
swap_distribute_parallel_for_collapse_1050_1100_1150,1050,1150,0,2300,12656900,3798451,1150,19360000,9660000,3797300,1265000,2532300,1265000,0,0,0,1267300,946558,0.9466
swap_distribute_parallel_for_collapse_1050_1100_1200,1050,1200,0,2400,13207200,3963601,1200,19800000,10080000,3962400,1320000,2642400,1320000,0,0,0,1322400,995788,0.9958
swap_distribute_parallel_for_collapse_1050_1100_1250,1050,1250,0,2500,13757500,4128751,1250,20240000,10500000,4127500,1375000,2752500,1375000,0,0,0,1377500,1022097,1.0221
swap_distribute_parallel_for_collapse_1050_1100_1300,1050,1300,0,2600,14307800,4293901,1300,20680000,10920000,4292600,1430000,2862600,1430000,0,0,0,1432600,1065348,1.0653
swap_distribute_parallel_for_collapse_1050_1100_1350,1050,1350,0,2700,14858100,4459051,1350,21120000,11340000,4457700,1485000,2972700,1485000,0,0,0,1487700,1104411,1.1044
swap_distribute_parallel_for_collapse_1050_1100_1400,1050,1400,0,2800,15408400,4624201,1400,21560000,11760000,4622800,1540000,3082800,1540000,0,0,0,1542800,1145782,1.1458
swap_distribute_parallel_for_collapse_1050_1100_1450,1050,1450,0,2900,15958700,4789351,1450,22000000,12180000,4787900,1595000,3192900,1595000,0,0,0,1597900,1204774,1.2048
swap_distribute_parallel_for_collapse_1050_1100_1500,1050,1500,0,3000,16509000,4954501,1500,22440000,12600000,4953000,1650000,3303000,1650000,0,0,0,1653000,1228383,1.2284
swap_distribute_parallel_for_collapse_1050_1100_1550,1050,1550,0,3100,17059300,5119651,1550,22880000,13020000,5118100,1705000,3413100,1705000,0,0,0,1708100,1282263,1.2823
swap_distribute_parallel_for_collapse_1050_1100_1600,1050,1600,0,3200,17609600,5284801,1600,23320000,13440000,5283200,1760000,3523200,1760000,0,0,0,1763200,1312601,1.3126
swap_distribute_parallel_for_collapse_1050_1100_1650,1050,1650,0,3300,18159900,5449951,1650,23760000,13860000,5448300,1815000,3633300,1815000,0,0,0,1818300,1354122,1.3541
swap_distribute_parallel_for_collapse_1050_1100_1700,1050,1700,0,3400,18710200,5615101,1700,24200000,14280000,5613400,1870000,3743400,1870000,0,0,0,1873400,1396285,1.3963
swap_distribute_parallel_for_collapse_1050_1100_1750,1050,1750,0,3500,19260500,5780251,1750,24640000,14700000,5778500,1925000,3853500,1925000,0,0,0,1928500,1437378,1.4374
swap_distribute_parallel_for_collapse_1050_1100_1800,1050,1800,0,3600,19810800,5945401,1800,25080000,15120000,5943600,1980000,3963600,1980000,0,0,0,1983600,1479144,1.4791
swap_distribute_parallel_for_collapse_1050_1100_1850,1050,1850,0,3700,20361100,6110551,1850,25520000,15540000,6108700,2035000,4073700,2035000,0,0,0,2038700,1528155,1.5282
swap_distribute_parallel_for_collapse_1050_1100_1900,1050,1900,0,3800,20911400,6275701,1900,25960000,15960000,6273800,2090000,4183800,2090000,0,0,0,2093800,1565265,1.5653
swap_distribute_parallel_for_collapse_1050_1100_1950,1050,1950,0,3900,21461700,6440851,1950,26400000,16380000,6438900,2145000,4293900,2145000,0,0,0,2148900,1604911,1.6049
swap_distribute_parallel_for_collapse_1050_1100_2000,1050,2000,0,4000,22012000,6606001,2000,26840000,16800000,6604000,2200000,4404000,2200000,0,0,0,2204000,1649637,1.6496
swap_distribute_parallel_for_collapse_1050_1150_1050,1050,1050,0,2100,12081300,3625651,1050,19320000,8820000,3624600,1207500,2417100,1207500,0,0,0,1209600,897503,0.8975
swap_distribute_parallel_for_collapse_1050_1150_1100,1050,1100,0,2200,12656600,3798301,1100,19780000,9240000,3797200,1265000,2532200,1265000,0,0,0,1267200,940484,0.9405
swap_distribute_parallel_for_collapse_1050_1150_1150,1050,1150,0,2300,13231900,3970951,1150,20240000,9660000,3969800,1322500,2647300,1322500,0,0,0,1324800,985763,0.9858
swap_distribute_parallel_for_collapse_1050_1150_1200,1050,1200,0,2400,13807200,4143601,1200,20700000,10080000,4142400,1380000,2762400,1380000,0,0,0,1382400,1040279,1.0403
swap_distribute_parallel_for_collapse_1050_1150_1250,1050,1250,0,2500,14382500,4316251,1250,21160000,10500000,4315000,1437500,2877500,1437500,0,0,0,1440000,1072645,1.0726
swap_distribute_parallel_for_collapse_1050_1150_1300,1050,1300,0,2600,14957800,4488901,1300,21620000,10920000,4487600,1495000,2992600,1495000,0,0,0,1497600,1128554,1.1286
swap_distribute_parallel_for_collapse_1050_1150_1350,1050,1350,0,2700,15533100,4661551,1350,22080000,11340000,4660200,1552500,3107700,1552500,0,0,0,1555200,1160604,1.1606
swap_distribute_parallel_for_collapse_1050_1150_1400,1050,1400,0,2800,16108400,4834201,1400,22540000,11760000,4832800,1610000,3222800,1610000,0,0,0,1612800,1202864,1.2029
swap_distribute_parallel_for_collapse_1050_1150_1450,1050,1450,0,2900,16683700,5006851,1450,23000000,12180000,5005400,1667500,3337900,1667500,0,0,0,1670400,1247775,1.2478
swap_distribute_parallel_for_collapse_1050_1150_1500,1050,1500,0,3000,17259000,5179501,1500,23460000,12600000,5178000,1725000,3453000,1725000,0,0,0,1728000,1289165,1.2892
swap_distribute_parallel_for_collapse_1050_1150_1550,1050,1550,0,3100,17834300,5352151,1550,23920000,13020000,5350600,1782500,3568100,1782500,0,0,0,1785600,1331598,1.3316
swap_distribute_parallel_for_collapse_1050_1150_1600,1050,1600,0,3200,18409600,5524801,1600,24380000,13440000,5523200,1840000,3683200,1840000,0,0,0,1843200,1376570,1.3766
swap_distribute_parallel_for_collapse_1050_1150_1650,1050,1650,0,3300,18984900,5697451,1650,24840000,13860000,5695800,1897500,3798300,1897500,0,0,0,1900800,1431199,1.4312
swap_distribute_parallel_for_collapse_1050_1150_1700,1050,1700,0,3400,19560200,5870101,1700,25300000,14280000,5868400,1955000,3913400,1955000,0,0,0,1958400,1463558,1.4636
swap_distribute_parallel_for_collapse_1050_1150_1750,1050,1750,0,3500,20135500,6042751,1750,25760000,14700000,6041000,2012500,4028500,2012500,0,0,0,2016000,1508599,1.5086
swap_distribute_parallel_for_collapse_1050_1150_1800,1050,1800,0,3600,20710800,6215401,1800,26220000,15120000,6213600,2070000,4143600,2070000,0,0,0,2073600,1550828,1.5508
swap_distribute_parallel_for_collapse_1050_1150_1850,1050,1850,0,3700,21286100,6388051,1850,26680000,15540000,6386200,2127500,4258700,2127500,0,0,0,2131200,1599882,1.5999
swap_distribute_parallel_for_collapse_1050_1150_1900,1050,1900,0,3800,21861400,6560701,1900,27140000,15960000,6558800,2185000,4373800,2185000,0,0,0,2188800,1640473,1.6405
swap_distribute_parallel_for_collapse_1050_1150_1950,1050,1950,0,3900,22436700,6733351,1950,27600000,16380000,6731400,2242500,4488900,2242500,0,0,0,2246400,1687063,1.6871
swap_distribute_parallel_for_collapse_1050_1150_2000,1050,2000,0,4000,23012000,6906001,2000,28060000,16800000,6904000,2300000,4604000,2300000,0,0,0,2304000,1730036,1.7300
swap_distribute_parallel_for_collapse_1050_1200_1050,1050,1050,0,2100,12606300,3783151,1050,20160000,8820000,3782100,1260000,2522100,1260000,0,0,0,1262100,934785,0.9348
swap_distribute_parallel_for_collapse_1050_1200_1100,1050,1100,0,2200,13206600,3963301,1100,20640000,9240000,3962200,1320000,2642200,1320000,0,0,0,1322200,983173,0.9832
swap_distribute_parallel_for_collapse_1050_1200_1150,1050,1150,0,2300,13806900,4143451,1150,21120000,9660000,4142300,1380000,2762300,1380000,0,0,0,1382300,1027166,1.0272
swap_distribute_parallel_for_collapse_1050_1200_1200,1050,1200,0,2400,14407200,4323601,1200,21600000,10080000,4322400,1440000,2882400,1440000,0,0,0,1442400,1074944,1.0749
swap_distribute_parallel_for_collapse_1050_1200_1250,1050,1250,0,2500,15007500,4503751,1250,22080000,10500000,4502500,1500000,3002500,1500000,0,0,0,1502500,1117353,1.1174
swap_distribute_parallel_for_collapse_1050_1200_1300,1050,1300,0,2600,15607800,4683901,1300,22560000,10920000,4682600,1560000,3122600,1560000,0,0,0,1562600,1167127,1.1671
swap_distribute_parallel_for_collapse_1050_1200_1350,1050,1350,0,2700,16208100,4864051,1350,23040000,11340000,4862700,1620000,3242700,1620000,0,0,0,1622700,1210284,1.2103
swap_distribute_parallel_for_collapse_1050_1200_1400,1050,1400,0,2800,16808400,5044201,1400,23520000,11760000,5042800,1680000,3362800,1680000,0,0,0,1682800,1254634,1.2546
swap_distribute_parallel_for_collapse_1050_1200_1450,1050,1450,0,2900,17408700,5224351,1450,24000000,12180000,5222900,1740000,3482900,1740000,0,0,0,1742900,1302896,1.3029
swap_distribute_parallel_for_collapse_1050_1200_1500,1050,1500,0,3000,18009000,5404501,1500,24480000,12600000,5403000,1800000,3603000,1800000,0,0,0,1803000,1345570,1.3456
swap_distribute_parallel_for_collapse_1050_1200_1550,1050,1550,0,3100,18609300,5584651,1550,24960000,13020000,5583100,1860000,3723100,1860000,0,0,0,1863100,1398161,1.3982
swap_distribute_parallel_for_collapse_1050_1200_1600,1050,1600,0,3200,19209600,5764801,1600,25440000,13440000,5763200,1920000,3843200,1920000,0,0,0,1923200,1453633,1.4536
swap_distribute_parallel_for_collapse_1050_1200_1650,1050,1650,0,3300,19809900,5944951,1650,25920000,13860000,5943300,1980000,3963300,1980000,0,0,0,1983300,1495579,1.4956
swap_distribute_parallel_for_collapse_1050_1200_1700,1050,1700,0,3400,20410200,6125101,1700,26400000,14280000,6123400,2040000,4083400,2040000,0,0,0,2043400,1539733,1.5397
swap_distribute_parallel_for_collapse_1050_1200_1750,1050,1750,0,3500,21010500,6305251,1750,26880000,14700000,6303500,2100000,4203500,2100000,0,0,0,2103500,1572715,1.5727
swap_distribute_parallel_for_collapse_1050_1200_1800,1050,1800,0,3600,21610800,6485401,1800,27360000,15120000,6483600,2160000,4323600,2160000,0,0,0,2163600,1622264,1.6223
swap_distribute_parallel_for_collapse_1050_1200_1850,1050,1850,0,3700,22211100,6665551,1850,27840000,15540000,6663700,2220000,4443700,2220000,0,0,0,2223700,1664547,1.6645
swap_distribute_parallel_for_collapse_1050_1200_1900,1050,1900,0,3800,22811400,6845701,1900,28320000,15960000,6843800,2280000,4563800,2280000,0,0,0,2283800,1711468,1.7115
swap_distribute_parallel_for_collapse_1050_1200_1950,1050,1950,0,3900,23411700,7025851,1950,28800000,16380000,7023900,2340000,4683900,2340000,0,0,0,2343900,1756567,1.7566
swap_distribute_parallel_for_collapse_1050_1200_2000,1050,2000,0,4000,24012000,7206001,2000,29280000,16800000,7204000,2400000,4804000,2400000,0,0,0,2404000,1810355,1.8104
swap_distribute_parallel_for_collapse_1050_1250_1050,1050,1050,0,2100,13131300,3940651,1050,21000000,8820000,3939600,1312500,2627100,1312500,0,0,0,1314600,975257,0.9753
swap_distribute_parallel_for_collapse_1050_1250_1100,1050,1100,0,2200,13756600,4128301,1100,21500000,9240000,4127200,1375000,2752200,1375000,0,0,0,1377200,1025210,1.0252
swap_distribute_parallel_for_collapse_1050_1250_1150,1050,1150,0,2300,14381900,4315951,1150,22000000,9660000,4314800,1437500,2877300,1437500,0,0,0,1439800,1072463,1.0725
swap_distribute_parallel_for_collapse_1050_1250_1200,1050,1200,0,2400,15007200,4503601,1200,22500000,10080000,4502400,1500000,3002400,1500000,0,0,0,1502400,1119121,1.1191
swap_distribute_parallel_for_collapse_1050_1250_1250,1050,1250,0,2500,15632500,4691251,1250,23000000,10500000,4690000,1562500,3127500,1562500,0,0,0,1565000,1165997,1.1660
swap_distribute_parallel_for_collapse_1050_1250_1300,1050,1300,0,2600,16257800,4878901,1300,23500000,10920000,4877600,1625000,3252600,1625000,0,0,0,1627600,1218030,1.2180
swap_distribute_parallel_for_collapse_1050_1250_1350,1050,1350,0,2700,16883100,5066551,1350,24000000,11340000,5065200,1687500,3377700,1687500,0,0,0,1690200,1270897,1.2709
swap_distribute_parallel_for_collapse_1050_1250_1400,1050,1400,0,2800,17508400,5254201,1400,24500000,11760000,5252800,1750000,3502800,1750000,0,0,0,1752800,1328997,1.3290
swap_distribute_parallel_for_collapse_1050_1250_1450,1050,1450,0,2900,18133700,5441851,1450,25000000,12180000,5440400,1812500,3627900,1812500,0,0,0,1815400,1360214,1.3602
swap_distribute_parallel_for_collapse_1050_1250_1500,1050,1500,0,3000,18759000,5629501,1500,25500000,12600000,5628000,1875000,3753000,1875000,0,0,0,1878000,1410975,1.4110
swap_distribute_parallel_for_collapse_1050_1250_1550,1050,1550,0,3100,19384300,5817151,1550,26000000,13020000,5815600,1937500,3878100,1937500,0,0,0,1940600,1459712,1.4597
swap_distribute_parallel_for_collapse_1050_1250_1600,1050,1600,0,3200,20009600,6004801,1600,26500000,13440000,6003200,2000000,4003200,2000000,0,0,0,2003200,1508166,1.5082
swap_distribute_parallel_for_collapse_1050_1250_1650,1050,1650,0,3300,20634900,6192451,1650,27000000,13860000,6190800,2062500,4128300,2062500,0,0,0,2065800,1560099,1.5601
swap_distribute_parallel_for_collapse_1050_1250_1700,1050,1700,0,3400,21260200,6380101,1700,27500000,14280000,6378400,2125000,4253400,2125000,0,0,0,2128400,1593960,1.5940
swap_distribute_parallel_for_collapse_1050_1250_1750,1050,1750,0,3500,21885500,6567751,1750,28000000,14700000,6566000,2187500,4378500,2187500,0,0,0,2191000,1639954,1.6400
swap_distribute_parallel_for_collapse_1050_1250_1800,1050,1800,0,3600,22510800,6755401,1800,28500000,15120000,6753600,2250000,4503600,2250000,0,0,0,2253600,1689023,1.6890
swap_distribute_parallel_for_collapse_1050_1250_1850,1050,1850,0,3700,23136100,6943051,1850,29000000,15540000,6941200,2312500,4628700,2312500,0,0,0,2316200,1736089,1.7361
swap_distribute_parallel_for_collapse_1050_1250_1900,1050,1900,0,3800,23761400,7130701,1900,29500000,15960000,7128800,2375000,4753800,2375000,0,0,0,2378800,1782050,1.7820
swap_distribute_parallel_for_collapse_1050_1250_1950,1050,1950,0,3900,24386700,7318351,1950,30000000,16380000,7316400,2437500,4878900,2437500,0,0,0,2441400,1833661,1.8337
swap_distribute_parallel_for_collapse_1050_1250_2000,1050,2000,0,4000,25012000,7506001,2000,30500000,16800000,7504000,2500000,5004000,2500000,0,0,0,2504000,1887940,1.8879
swap_distribute_parallel_for_collapse_1050_1300_1050,1050,1050,0,2100,13656300,4098151,1050,21840000,8820000,4097100,1365000,2732100,1365000,0,0,0,1367100,1034358,1.0344
swap_distribute_parallel_for_collapse_1050_1300_1100,1050,1100,0,2200,14306600,4293301,1100,22360000,9240000,4292200,1430000,2862200,1430000,0,0,0,1432200,1083253,1.0833
swap_distribute_parallel_for_collapse_1050_1300_1150,1050,1150,0,2300,14956900,4488451,1150,22880000,9660000,4487300,1495000,2992300,1495000,0,0,0,1497300,1116113,1.1161
swap_distribute_parallel_for_collapse_1050_1300_1200,1050,1200,0,2400,15607200,4683601,1200,23400000,10080000,4682400,1560000,3122400,1560000,0,0,0,1562400,1168929,1.1689
swap_distribute_parallel_for_collapse_1050_1300_1250,1050,1250,0,2500,16257500,4878751,1250,23920000,10500000,4877500,1625000,3252500,1625000,0,0,0,1627500,1218121,1.2181
swap_distribute_parallel_for_collapse_1050_1300_1300,1050,1300,0,2600,16907800,5073901,1300,24440000,10920000,5072600,1690000,3382600,1690000,0,0,0,1692600,1269157,1.2692
swap_distribute_parallel_for_collapse_1050_1300_1350,1050,1350,0,2700,17558100,5269051,1350,24960000,11340000,5267700,1755000,3512700,1755000,0,0,0,1757700,1318995,1.3190
swap_distribute_parallel_for_collapse_1050_1300_1400,1050,1400,0,2800,18208400,5464201,1400,25480000,11760000,5462800,1820000,3642800,1820000,0,0,0,1822800,1361828,1.3618
swap_distribute_parallel_for_collapse_1050_1300_1450,1050,1450,0,2900,18858700,5659351,1450,26000000,12180000,5657900,1885000,3772900,1885000,0,0,0,1887900,1410231,1.4102
swap_distribute_parallel_for_collapse_1050_1300_1500,1050,1500,0,3000,19509000,5854501,1500,26520000,12600000,5853000,1950000,3903000,1950000,0,0,0,1953000,1460972,1.4610
swap_distribute_parallel_for_collapse_1050_1300_1550,1050,1550,0,3100,20159300,6049651,1550,27040000,13020000,6048100,2015000,4033100,2015000,0,0,0,2018100,1513936,1.5139
swap_distribute_parallel_for_collapse_1050_1300_1600,1050,1600,0,3200,20809600,6244801,1600,27560000,13440000,6243200,2080000,4163200,2080000,0,0,0,2083200,1560380,1.5604
swap_distribute_parallel_for_collapse_1050_1300_1650,1050,1650,0,3300,21459900,6439951,1650,28080000,13860000,6438300,2145000,4293300,2145000,0,0,0,2148300,1610266,1.6103
swap_distribute_parallel_for_collapse_1050_1300_1700,1050,1700,0,3400,22110200,6635101,1700,28600000,14280000,6633400,2210000,4423400,2210000,0,0,0,2213400,1664583,1.6646
swap_distribute_parallel_for_collapse_1050_1300_1750,1050,1750,0,3500,22760500,6830251,1750,29120000,14700000,6828500,2275000,4553500,2275000,0,0,0,2278500,1711091,1.7111
swap_distribute_parallel_for_collapse_1050_1300_1800,1050,1800,0,3600,23410800,7025401,1800,29640000,15120000,7023600,2340000,4683600,2340000,0,0,0,2343600,1760674,1.7607
swap_distribute_parallel_for_collapse_1050_1300_1850,1050,1850,0,3700,24061100,7220551,1850,30160000,15540000,7218700,2405000,4813700,2405000,0,0,0,2408700,1810230,1.8102
swap_distribute_parallel_for_collapse_1050_1300_1900,1050,1900,0,3800,24711400,7415701,1900,30680000,15960000,7413800,2470000,4943800,2470000,0,0,0,2473800,1858788,1.8588
swap_distribute_parallel_for_collapse_1050_1300_1950,1050,1950,0,3900,25361700,7610851,1950,31200000,16380000,7608900,2535000,5073900,2535000,0,0,0,2538900,1908230,1.9082
swap_distribute_parallel_for_collapse_1050_1300_2000,1050,2000,0,4000,26012000,7806001,2000,31720000,16800000,7804000,2600000,5204000,2600000,0,0,0,2604000,1957849,1.9578
swap_distribute_parallel_for_collapse_1050_1350_1050,1050,1050,0,2100,14181300,4255651,1050,22680000,8820000,4254600,1417500,2837100,1417500,0,0,0,1419600,1058685,1.0587
swap_distribute_parallel_for_collapse_1050_1350_1100,1050,1100,0,2200,14856600,4458301,1100,23220000,9240000,4457200,1485000,2972200,1485000,0,0,0,1487200,1104373,1.1044
swap_distribute_parallel_for_collapse_1050_1350_1150,1050,1150,0,2300,15531900,4660951,1150,23760000,9660000,4659800,1552500,3107300,1552500,0,0,0,1554800,1157949,1.1579
swap_distribute_parallel_for_collapse_1050_1350_1200,1050,1200,0,2400,16207200,4863601,1200,24300000,10080000,4862400,1620000,3242400,1620000,0,0,0,1622400,1221099,1.2211
swap_distribute_parallel_for_collapse_1050_1350_1250,1050,1250,0,2500,16882500,5066251,1250,24840000,10500000,5065000,1687500,3377500,1687500,0,0,0,1690000,1260649,1.2606
swap_distribute_parallel_for_collapse_1050_1350_1300,1050,1300,0,2600,17557800,5268901,1300,25380000,10920000,5267600,1755000,3512600,1755000,0,0,0,1757600,1310186,1.3102
swap_distribute_parallel_for_collapse_1050_1350_1350,1050,1350,0,2700,18233100,5471551,1350,25920000,11340000,5470200,1822500,3647700,1822500,0,0,0,1825200,1366974,1.3670
swap_distribute_parallel_for_collapse_1050_1350_1400,1050,1400,0,2800,18908400,5674201,1400,26460000,11760000,5672800,1890000,3782800,1890000,0,0,0,1892800,1417067,1.4171
swap_distribute_parallel_for_collapse_1050_1350_1450,1050,1450,0,2900,19583700,5876851,1450,27000000,12180000,5875400,1957500,3917900,1957500,0,0,0,1960400,1465984,1.4660
swap_distribute_parallel_for_collapse_1050_1350_1500,1050,1500,0,3000,20259000,6079501,1500,27540000,12600000,6078000,2025000,4053000,2025000,0,0,0,2028000,1521886,1.5219
swap_distribute_parallel_for_collapse_1050_1350_1550,1050,1550,0,3100,20934300,6282151,1550,28080000,13020000,6280600,2092500,4188100,2092500,0,0,0,2095600,1588593,1.5886
swap_distribute_parallel_for_collapse_1050_1350_1600,1050,1600,0,3200,21609600,6484801,1600,28620000,13440000,6483200,2160000,4323200,2160000,0,0,0,2163200,1625968,1.6260
swap_distribute_parallel_for_collapse_1050_1350_1650,1050,1650,0,3300,22284900,6687451,1650,29160000,13860000,6685800,2227500,4458300,2227500,0,0,0,2230800,1686241,1.6862
swap_distribute_parallel_for_collapse_1050_1350_1700,1050,1700,0,3400,22960200,6890101,1700,29700000,14280000,6888400,2295000,4593400,2295000,0,0,0,2298400,1722662,1.7227
swap_distribute_parallel_for_collapse_1050_1350_1750,1050,1750,0,3500,23635500,7092751,1750,30240000,14700000,7091000,2362500,4728500,2362500,0,0,0,2366000,1772452,1.7725
swap_distribute_parallel_for_collapse_1050_1350_1800,1050,1800,0,3600,24310800,7295401,1800,30780000,15120000,7293600,2430000,4863600,2430000,0,0,0,2433600,1826048,1.8260
swap_distribute_parallel_for_collapse_1050_1350_1850,1050,1850,0,3700,24986100,7498051,1850,31320000,15540000,7496200,2497500,4998700,2497500,0,0,0,2501200,1878144,1.8781
swap_distribute_parallel_for_collapse_1050_1350_1900,1050,1900,0,3800,25661400,7700701,1900,31860000,15960000,7698800,2565000,5133800,2565000,0,0,0,2568800,1955732,1.9557
swap_distribute_parallel_for_collapse_1050_1350_1950,1050,1950,0,3900,26336700,7903351,1950,32400000,16380000,7901400,2632500,5268900,2632500,0,0,0,2636400,1977605,1.9776
swap_distribute_parallel_for_collapse_1050_1350_2000,1050,2000,0,4000,27012000,8106001,2000,32940000,16800000,8104000,2700000,5404000,2700000,0,0,0,2704000,2028994,2.0290
swap_distribute_parallel_for_collapse_1050_1400_1050,1050,1050,0,2100,14706300,4413151,1050,23520000,8820000,4412100,1470000,2942100,1470000,0,0,0,1472100,1098062,1.0981
swap_distribute_parallel_for_collapse_1050_1400_1100,1050,1100,0,2200,15406600,4623301,1100,24080000,9240000,4622200,1540000,3082200,1540000,0,0,0,1542200,1152607,1.1526
swap_distribute_parallel_for_collapse_1050_1400_1150,1050,1150,0,2300,16106900,4833451,1150,24640000,9660000,4832300,1610000,3222300,1610000,0,0,0,1612300,1207665,1.2077
swap_distribute_parallel_for_collapse_1050_1400_1200,1050,1200,0,2400,16807200,5043601,1200,25200000,10080000,5042400,1680000,3362400,1680000,0,0,0,1682400,1260589,1.2606
swap_distribute_parallel_for_collapse_1050_1400_1250,1050,1250,0,2500,17507500,5253751,1250,25760000,10500000,5252500,1750000,3502500,1750000,0,0,0,1752500,1313804,1.3138
swap_distribute_parallel_for_collapse_1050_1400_1300,1050,1300,0,2600,18207800,5463901,1300,26320000,10920000,5462600,1820000,3642600,1820000,0,0,0,1822600,1366187,1.3662
swap_distribute_parallel_for_collapse_1050_1400_1350,1050,1350,0,2700,18908100,5674051,1350,26880000,11340000,5672700,1890000,3782700,1890000,0,0,0,1892700,1419735,1.4197
swap_distribute_parallel_for_collapse_1050_1400_1400,1050,1400,0,2800,19608400,5884201,1400,27440000,11760000,5882800,1960000,3922800,1960000,0,0,0,1962800,1474634,1.4746
swap_distribute_parallel_for_collapse_1050_1400_1450,1050,1450,0,2900,20308700,6094351,1450,28000000,12180000,6092900,2030000,4062900,2030000,0,0,0,2032900,1529254,1.5293
swap_distribute_parallel_for_collapse_1050_1400_1500,1050,1500,0,3000,21009000,6304501,1500,28560000,12600000,6303000,2100000,4203000,2100000,0,0,0,2103000,1577886,1.5779
swap_distribute_parallel_for_collapse_1050_1400_1550,1050,1550,0,3100,21709300,6514651,1550,29120000,13020000,6513100,2170000,4343100,2170000,0,0,0,2173100,1634554,1.6346
swap_distribute_parallel_for_collapse_1050_1400_1600,1050,1600,0,3200,22409600,6724801,1600,29680000,13440000,6723200,2240000,4483200,2240000,0,0,0,2243200,1685760,1.6858
swap_distribute_parallel_for_collapse_1050_1400_1650,1050,1650,0,3300,23109900,6934951,1650,30240000,13860000,6933300,2310000,4623300,2310000,0,0,0,2313300,1742962,1.7430
swap_distribute_parallel_for_collapse_1050_1400_1700,1050,1700,0,3400,23810200,7145101,1700,30800000,14280000,7143400,2380000,4763400,2380000,0,0,0,2383400,1792631,1.7926
swap_distribute_parallel_for_collapse_1050_1400_1750,1050,1750,0,3500,24510500,7355251,1750,31360000,14700000,7353500,2450000,4903500,2450000,0,0,0,2453500,1860649,1.8606
swap_distribute_parallel_for_collapse_1050_1400_1800,1050,1800,0,3600,25210800,7565401,1800,31920000,15120000,7563600,2520000,5043600,2520000,0,0,0,2523600,1907934,1.9079
swap_distribute_parallel_for_collapse_1050_1400_1850,1050,1850,0,3700,25911100,7775551,1850,32480000,15540000,7773700,2590000,5183700,2590000,0,0,0,2593700,1994504,1.9945
swap_distribute_parallel_for_collapse_1050_1400_1900,1050,1900,0,3800,26611400,7985701,1900,33040000,15960000,7983800,2660000,5323800,2660000,0,0,0,2663800,2008730,2.0087
swap_distribute_parallel_for_collapse_1050_1400_1950,1050,1950,0,3900,27311700,8195851,1950,33600000,16380000,8193900,2730000,5463900,2730000,0,0,0,2733900,2084215,2.0842
swap_distribute_parallel_for_collapse_1050_1400_2000,1050,2000,0,4000,28012000,8406001,2000,34160000,16800000,8404000,2800000,5604000,2800000,0,0,0,2804000,2155696,2.1557
swap_distribute_parallel_for_collapse_1050_1450_1050,1050,1050,0,2100,15231300,4570651,1050,24360000,8820000,4569600,1522500,3047100,1522500,0,0,0,1524600,1162936,1.1629
swap_distribute_parallel_for_collapse_1050_1450_1100,1050,1100,0,2200,15956600,4788301,1100,24940000,9240000,4787200,1595000,3192200,1595000,0,0,0,1597200,1210473,1.2105
swap_distribute_parallel_for_collapse_1050_1450_1150,1050,1150,0,2300,16681900,5005951,1150,25520000,9660000,5004800,1667500,3337300,1667500,0,0,0,1669800,1279754,1.2798
swap_distribute_parallel_for_collapse_1050_1450_1200,1050,1200,0,2400,17407200,5223601,1200,26100000,10080000,5222400,1740000,3482400,1740000,0,0,0,1742400,1316542,1.3165
swap_distribute_parallel_for_collapse_1050_1450_1250,1050,1250,0,2500,18132500,5441251,1250,26680000,10500000,5440000,1812500,3627500,1812500,0,0,0,1815000,1360361,1.3604
swap_distribute_parallel_for_collapse_1050_1450_1300,1050,1300,0,2600,18857800,5658901,1300,27260000,10920000,5657600,1885000,3772600,1885000,0,0,0,1887600,1417289,1.4173
swap_distribute_parallel_for_collapse_1050_1450_1350,1050,1350,0,2700,19583100,5876551,1350,27840000,11340000,5875200,1957500,3917700,1957500,0,0,0,1960200,1471252,1.4713
swap_distribute_parallel_for_collapse_1050_1450_1400,1050,1400,0,2800,20308400,6094201,1400,28420000,11760000,6092800,2030000,4062800,2030000,0,0,0,2032800,1526335,1.5263
swap_distribute_parallel_for_collapse_1050_1450_1450,1050,1450,0,2900,21033700,6311851,1450,29000000,12180000,6310400,2102500,4207900,2102500,0,0,0,2105400,1581705,1.5817
swap_distribute_parallel_for_collapse_1050_1450_1500,1050,1500,0,3000,21759000,6529501,1500,29580000,12600000,6528000,2175000,4353000,2175000,0,0,0,2178000,1635246,1.6352
swap_distribute_parallel_for_collapse_1050_1450_1550,1050,1550,0,3100,22484300,6747151,1550,30160000,13020000,6745600,2247500,4498100,2247500,0,0,0,2250600,1690467,1.6905
swap_distribute_parallel_for_collapse_1050_1450_1600,1050,1600,0,3200,23209600,6964801,1600,30740000,13440000,6963200,2320000,4643200,2320000,0,0,0,2323200,1744899,1.7449
swap_distribute_parallel_for_collapse_1050_1450_1650,1050,1650,0,3300,23934900,7182451,1650,31320000,13860000,7180800,2392500,4788300,2392500,0,0,0,2395800,1803385,1.8034
swap_distribute_parallel_for_collapse_1050_1450_1700,1050,1700,0,3400,24660200,7400101,1700,31900000,14280000,7398400,2465000,4933400,2465000,0,0,0,2468400,1860451,1.8605
swap_distribute_parallel_for_collapse_1050_1450_1750,1050,1750,0,3500,25385500,7617751,1750,32480000,14700000,7616000,2537500,5078500,2537500,0,0,0,2541000,1914017,1.9140
swap_distribute_parallel_for_collapse_1050_1450_1800,1050,1800,0,3600,26110800,7835401,1800,33060000,15120000,7833600,2610000,5223600,2610000,0,0,0,2613600,1966783,1.9668
swap_distribute_parallel_for_collapse_1050_1450_1850,1050,1850,0,3700,26836100,8053051,1850,33640000,15540000,8051200,2682500,5368700,2682500,0,0,0,2686200,2022757,2.0228
swap_distribute_parallel_for_collapse_1050_1450_1900,1050,1900,0,3800,27561400,8270701,1900,34220000,15960000,8268800,2755000,5513800,2755000,0,0,0,2758800,2079786,2.0798
swap_distribute_parallel_for_collapse_1050_1450_1950,1050,1950,0,3900,28286700,8488351,1950,34800000,16380000,8486400,2827500,5658900,2827500,0,0,0,2831400,2134091,2.1341
swap_distribute_parallel_for_collapse_1050_1450_2000,1050,2000,0,4000,29012000,8706001,2000,35380000,16800000,8704000,2900000,5804000,2900000,0,0,0,2904000,2188416,2.1884
swap_distribute_parallel_for_collapse_1050_1500_1050,1050,1050,0,2100,15756300,4728151,1050,25200000,8820000,4727100,1575000,3152100,1575000,0,0,0,1577100,1187875,1.1879
swap_distribute_parallel_for_collapse_1050_1500_1100,1050,1100,0,2200,16506600,4953301,1100,25800000,9240000,4952200,1650000,3302200,1650000,0,0,0,1652200,1245669,1.2457
swap_distribute_parallel_for_collapse_1050_1500_1150,1050,1150,0,2300,17256900,5178451,1150,26400000,9660000,5177300,1725000,3452300,1725000,0,0,0,1727300,1300735,1.3007
swap_distribute_parallel_for_collapse_1050_1500_1200,1050,1200,0,2400,18007200,5403601,1200,27000000,10080000,5402400,1800000,3602400,1800000,0,0,0,1802400,1357903,1.3579
swap_distribute_parallel_for_collapse_1050_1500_1250,1050,1250,0,2500,18757500,5628751,1250,27600000,10500000,5627500,1875000,3752500,1875000,0,0,0,1877500,1418939,1.4189
swap_distribute_parallel_for_collapse_1050_1500_1300,1050,1300,0,2600,19507800,5853901,1300,28200000,10920000,5852600,1950000,3902600,1950000,0,0,0,1952600,1473847,1.4738
swap_distribute_parallel_for_collapse_1050_1500_1350,1050,1350,0,2700,20258100,6079051,1350,28800000,11340000,6077700,2025000,4052700,2025000,0,0,0,2027700,1531229,1.5312
swap_distribute_parallel_for_collapse_1050_1500_1400,1050,1400,0,2800,21008400,6304201,1400,29400000,11760000,6302800,2100000,4202800,2100000,0,0,0,2102800,1591897,1.5919
swap_distribute_parallel_for_collapse_1050_1500_1450,1050,1450,0,2900,21758700,6529351,1450,30000000,12180000,6527900,2175000,4352900,2175000,0,0,0,2177900,1653002,1.6530
swap_distribute_parallel_for_collapse_1050_1500_1500,1050,1500,0,3000,22509000,6754501,1500,30600000,12600000,6753000,2250000,4503000,2250000,0,0,0,2253000,1717500,1.7175
swap_distribute_parallel_for_collapse_1050_1500_1550,1050,1550,0,3100,23259300,6979651,1550,31200000,13020000,6978100,2325000,4653100,2325000,0,0,0,2328100,1761004,1.7610
swap_distribute_parallel_for_collapse_1050_1500_1600,1050,1600,0,3200,24009600,7204801,1600,31800000,13440000,7203200,2400000,4803200,2400000,0,0,0,2403200,1818927,1.8189
swap_distribute_parallel_for_collapse_1050_1500_1650,1050,1650,0,3300,24759900,7429951,1650,32400000,13860000,7428300,2475000,4953300,2475000,0,0,0,2478300,1877816,1.8778
swap_distribute_parallel_for_collapse_1050_1500_1700,1050,1700,0,3400,25510200,7655101,1700,33000000,14280000,7653400,2550000,5103400,2550000,0,0,0,2553400,1934384,1.9344
swap_distribute_parallel_for_collapse_1050_1500_1750,1050,1750,0,3500,26260500,7880251,1750,33600000,14700000,7878500,2625000,5253500,2625000,0,0,0,2628500,1992967,1.9930
swap_distribute_parallel_for_collapse_1050_1500_1800,1050,1800,0,3600,27010800,8105401,1800,34200000,15120000,8103600,2700000,5403600,2700000,0,0,0,2703600,2053158,2.0532
swap_distribute_parallel_for_collapse_1050_1500_1850,1050,1850,0,3700,27761100,8330551,1850,34800000,15540000,8328700,2775000,5553700,2775000,0,0,0,2778700,2109208,2.1092
swap_distribute_parallel_for_collapse_1050_1500_1900,1050,1900,0,3800,28511400,8555701,1900,35400000,15960000,8553800,2850000,5703800,2850000,0,0,0,2853800,2166166,2.1662
swap_distribute_parallel_for_collapse_1050_1500_1950,1050,1950,0,3900,29261700,8780851,1950,36000000,16380000,8778900,2925000,5853900,2925000,0,0,0,2928900,2224013,2.2240
swap_distribute_parallel_for_collapse_1050_1500_2000,1050,2000,0,4000,30012000,9006001,2000,36600000,16800000,9004000,3000000,6004000,3000000,0,0,0,3004000,2278689,2.2787
swap_distribute_parallel_for_collapse_1050_1550_1050,1050,1050,0,2100,16281300,4885651,1050,26040000,8820000,4884600,1627500,3257100,1627500,0,0,0,1629600,1222299,1.2223
swap_distribute_parallel_for_collapse_1050_1550_1100,1050,1100,0,2200,17056600,5118301,1100,26660000,9240000,5117200,1705000,3412200,1705000,0,0,0,1707200,1293244,1.2932
swap_distribute_parallel_for_collapse_1050_1550_1150,1050,1150,0,2300,17831900,5350951,1150,27280000,9660000,5349800,1782500,3567300,1782500,0,0,0,1784800,1339307,1.3393
swap_distribute_parallel_for_collapse_1050_1550_1200,1050,1200,0,2400,18607200,5583601,1200,27900000,10080000,5582400,1860000,3722400,1860000,0,0,0,1862400,1400627,1.4006
swap_distribute_parallel_for_collapse_1050_1550_1250,1050,1250,0,2500,19382500,5816251,1250,28520000,10500000,5815000,1937500,3877500,1937500,0,0,0,1940000,1460512,1.4605
swap_distribute_parallel_for_collapse_1050_1550_1300,1050,1300,0,2600,20157800,6048901,1300,29140000,10920000,6047600,2015000,4032600,2015000,0,0,0,2017600,1516477,1.5165
swap_distribute_parallel_for_collapse_1050_1550_1350,1050,1350,0,2700,20933100,6281551,1350,29760000,11340000,6280200,2092500,4187700,2092500,0,0,0,2095200,1577753,1.5778
swap_distribute_parallel_for_collapse_1050_1550_1400,1050,1400,0,2800,21708400,6514201,1400,30380000,11760000,6512800,2170000,4342800,2170000,0,0,0,2172800,1638104,1.6381
swap_distribute_parallel_for_collapse_1050_1550_1450,1050,1450,0,2900,22483700,6746851,1450,31000000,12180000,6745400,2247500,4497900,2247500,0,0,0,2250400,1710498,1.7105
swap_distribute_parallel_for_collapse_1050_1550_1500,1050,1500,0,3000,23259000,6979501,1500,31620000,12600000,6978000,2325000,4653000,2325000,0,0,0,2328000,1758619,1.7586
swap_distribute_parallel_for_collapse_1050_1550_1550,1050,1550,0,3100,24034300,7212151,1550,32240000,13020000,7210600,2402500,4808100,2402500,0,0,0,2405600,1813538,1.8135
swap_distribute_parallel_for_collapse_1050_1550_1600,1050,1600,0,3200,24809600,7444801,1600,32860000,13440000,7443200,2480000,4963200,2480000,0,0,0,2483200,1872612,1.8726
swap_distribute_parallel_for_collapse_1050_1550_1650,1050,1650,0,3300,25584900,7677451,1650,33480000,13860000,7675800,2557500,5118300,2557500,0,0,0,2560800,1982098,1.9821
swap_distribute_parallel_for_collapse_1050_1550_1700,1050,1700,0,3400,26360200,7910101,1700,34100000,14280000,7908400,2635000,5273400,2635000,0,0,0,2638400,2007348,2.0073
swap_distribute_parallel_for_collapse_1050_1550_1750,1050,1750,0,3500,27135500,8142751,1750,34720000,14700000,8141000,2712500,5428500,2712500,0,0,0,2716000,2067958,2.0680
swap_distribute_parallel_for_collapse_1050_1550_1800,1050,1800,0,3600,27910800,8375401,1800,35340000,15120000,8373600,2790000,5583600,2790000,0,0,0,2793600,2112575,2.1126
swap_distribute_parallel_for_collapse_1050_1550_1850,1050,1850,0,3700,28686100,8608051,1850,35960000,15540000,8606200,2867500,5738700,2867500,0,0,0,2871200,2171300,2.1713
swap_distribute_parallel_for_collapse_1050_1550_1900,1050,1900,0,3800,29461400,8840701,1900,36580000,15960000,8838800,2945000,5893800,2945000,0,0,0,2948800,2231157,2.2312
swap_distribute_parallel_for_collapse_1050_1550_1950,1050,1950,0,3900,30236700,9073351,1950,37200000,16380000,9071400,3022500,6048900,3022500,0,0,0,3026400,2288152,2.2882
swap_distribute_parallel_for_collapse_1050_1550_2000,1050,2000,0,4000,31012000,9306001,2000,37820000,16800000,9304000,3100000,6204000,3100000,0,0,0,3104000,2364180,2.3642
swap_distribute_parallel_for_collapse_1050_1600_1050,1050,1050,0,2100,16806300,5043151,1050,26880000,8820000,5042100,1680000,3362100,1680000,0,0,0,1682100,1278969,1.2790
swap_distribute_parallel_for_collapse_1050_1600_1100,1050,1100,0,2200,17606600,5283301,1100,27520000,9240000,5282200,1760000,3522200,1760000,0,0,0,1762200,1321999,1.3220
swap_distribute_parallel_for_collapse_1050_1600_1150,1050,1150,0,2300,18406900,5523451,1150,28160000,9660000,5522300,1840000,3682300,1840000,0,0,0,1842300,1396695,1.3967
swap_distribute_parallel_for_collapse_1050_1600_1200,1050,1200,0,2400,19207200,5763601,1200,28800000,10080000,5762400,1920000,3842400,1920000,0,0,0,1922400,1470869,1.4709
swap_distribute_parallel_for_collapse_1050_1600_1250,1050,1250,0,2500,20007500,6003751,1250,29440000,10500000,6002500,2000000,4002500,2000000,0,0,0,2002500,1506458,1.5065
swap_distribute_parallel_for_collapse_1050_1600_1300,1050,1300,0,2600,20807800,6243901,1300,30080000,10920000,6242600,2080000,4162600,2080000,0,0,0,2082600,1569468,1.5695
swap_distribute_parallel_for_collapse_1050_1600_1350,1050,1350,0,2700,21608100,6484051,1350,30720000,11340000,6482700,2160000,4322700,2160000,0,0,0,2162700,1648263,1.6483
swap_distribute_parallel_for_collapse_1050_1600_1400,1050,1400,0,2800,22408400,6724201,1400,31360000,11760000,6722800,2240000,4482800,2240000,0,0,0,2242800,1688454,1.6885
swap_distribute_parallel_for_collapse_1050_1600_1450,1050,1450,0,2900,23208700,6964351,1450,32000000,12180000,6962900,2320000,4642900,2320000,0,0,0,2322900,1752812,1.7528
swap_distribute_parallel_for_collapse_1050_1600_1500,1050,1500,0,3000,24009000,7204501,1500,32640000,12600000,7203000,2400000,4803000,2400000,0,0,0,2403000,1810955,1.8110
swap_distribute_parallel_for_collapse_1050_1600_1550,1050,1550,0,3100,24809300,7444651,1550,33280000,13020000,7443100,2480000,4963100,2480000,0,0,0,2483100,1870332,1.8703
swap_distribute_parallel_for_collapse_1050_1600_1600,1050,1600,0,3200,25609600,7684801,1600,33920000,13440000,7683200,2560000,5123200,2560000,0,0,0,2563200,1931596,1.9316
swap_distribute_parallel_for_collapse_1050_1600_1650,1050,1650,0,3300,26409900,7924951,1650,34560000,13860000,7923300,2640000,5283300,2640000,0,0,0,2643300,1990426,1.9904
swap_distribute_parallel_for_collapse_1050_1600_1700,1050,1700,0,3400,27210200,8165101,1700,35200000,14280000,8163400,2720000,5443400,2720000,0,0,0,2723400,2056030,2.0560
swap_distribute_parallel_for_collapse_1050_1600_1750,1050,1750,0,3500,28010500,8405251,1750,35840000,14700000,8403500,2800000,5603500,2800000,0,0,0,2803500,2114792,2.1148
swap_distribute_parallel_for_collapse_1050_1600_1800,1050,1800,0,3600,28810800,8645401,1800,36480000,15120000,8643600,2880000,5763600,2880000,0,0,0,2883600,2176955,2.1770
swap_distribute_parallel_for_collapse_1050_1600_1850,1050,1850,0,3700,29611100,8885551,1850,37120000,15540000,8883700,2960000,5923700,2960000,0,0,0,2963700,2238361,2.2384
swap_distribute_parallel_for_collapse_1050_1600_1900,1050,1900,0,3800,30411400,9125701,1900,37760000,15960000,9123800,3040000,6083800,3040000,0,0,0,3043800,2298332,2.2983
swap_distribute_parallel_for_collapse_1050_1600_1950,1050,1950,0,3900,31211700,9365851,1950,38400000,16380000,9363900,3120000,6243900,3120000,0,0,0,3123900,2421913,2.4219
swap_distribute_parallel_for_collapse_1050_1600_2000,1050,2000,0,4000,32012000,9606001,2000,39040000,16800000,9604000,3200000,6404000,3200000,0,0,0,3204000,2441365,2.4414
swap_distribute_parallel_for_collapse_1050_1650_1050,1050,1050,0,2100,17331300,5200651,1050,27720000,8820000,5199600,1732500,3467100,1732500,0,0,0,1734600,1315276,1.3153
swap_distribute_parallel_for_collapse_1050_1650_1100,1050,1100,0,2200,18156600,5448301,1100,28380000,9240000,5447200,1815000,3632200,1815000,0,0,0,1817200,1370039,1.3700
swap_distribute_parallel_for_collapse_1050_1650_1150,1050,1150,0,2300,18981900,5695951,1150,29040000,9660000,5694800,1897500,3797300,1897500,0,0,0,1899800,1430191,1.4302
swap_distribute_parallel_for_collapse_1050_1650_1200,1050,1200,0,2400,19807200,5943601,1200,29700000,10080000,5942400,1980000,3962400,1980000,0,0,0,1982400,1508794,1.5088
swap_distribute_parallel_for_collapse_1050_1650_1250,1050,1250,0,2500,20632500,6191251,1250,30360000,10500000,6190000,2062500,4127500,2062500,0,0,0,2065000,1556872,1.5569
swap_distribute_parallel_for_collapse_1050_1650_1300,1050,1300,0,2600,21457800,6438901,1300,31020000,10920000,6437600,2145000,4292600,2145000,0,0,0,2147600,1622857,1.6229
swap_distribute_parallel_for_collapse_1050_1650_1350,1050,1350,0,2700,22283100,6686551,1350,31680000,11340000,6685200,2227500,4457700,2227500,0,0,0,2230200,1684781,1.6848
swap_distribute_parallel_for_collapse_1050_1650_1400,1050,1400,0,2800,23108400,6934201,1400,32340000,11760000,6932800,2310000,4622800,2310000,0,0,0,2312800,1747906,1.7479
swap_distribute_parallel_for_collapse_1050_1650_1450,1050,1450,0,2900,23933700,7181851,1450,33000000,12180000,7180400,2392500,4787900,2392500,0,0,0,2395400,1814598,1.8146
swap_distribute_parallel_for_collapse_1050_1650_1500,1050,1500,0,3000,24759000,7429501,1500,33660000,12600000,7428000,2475000,4953000,2475000,0,0,0,2478000,1871101,1.8711
swap_distribute_parallel_for_collapse_1050_1650_1550,1050,1550,0,3100,25584300,7677151,1550,34320000,13020000,7675600,2557500,5118100,2557500,0,0,0,2560600,1935848,1.9358
swap_distribute_parallel_for_collapse_1050_1650_1600,1050,1600,0,3200,26409600,7924801,1600,34980000,13440000,7923200,2640000,5283200,2640000,0,0,0,2643200,1998767,1.9988
swap_distribute_parallel_for_collapse_1050_1650_1650,1050,1650,0,3300,27234900,8172451,1650,35640000,13860000,8170800,2722500,5448300,2722500,0,0,0,2725800,2080330,2.0803
swap_distribute_parallel_for_collapse_1050_1650_1700,1050,1700,0,3400,28060200,8420101,1700,36300000,14280000,8418400,2805000,5613400,2805000,0,0,0,2808400,2128913,2.1289
swap_distribute_parallel_for_collapse_1050_1650_1750,1050,1750,0,3500,28885500,8667751,1750,36960000,14700000,8666000,2887500,5778500,2887500,0,0,0,2891000,2192404,2.1924
swap_distribute_parallel_for_collapse_1050_1650_1800,1050,1800,0,3600,29710800,8915401,1800,37620000,15120000,8913600,2970000,5943600,2970000,0,0,0,2973600,2254146,2.2541
swap_distribute_parallel_for_collapse_1050_1650_1850,1050,1850,0,3700,30536100,9163051,1850,38280000,15540000,9161200,3052500,6108700,3052500,0,0,0,3056200,2315580,2.3156
swap_distribute_parallel_for_collapse_1050_1650_1900,1050,1900,0,3800,31361400,9410701,1900,38940000,15960000,9408800,3135000,6273800,3135000,0,0,0,3138800,2376571,2.3766
swap_distribute_parallel_for_collapse_1050_1650_1950,1050,1950,0,3900,32186700,9658351,1950,39600000,16380000,9656400,3217500,6438900,3217500,0,0,0,3221400,2442610,2.4426
swap_distribute_parallel_for_collapse_1050_1650_2000,1050,2000,0,4000,33012000,9906001,2000,40260000,16800000,9904000,3300000,6604000,3300000,0,0,0,3304000,2517455,2.5175
swap_distribute_parallel_for_collapse_1050_1700_1050,1050,1050,0,2100,17856300,5358151,1050,28560000,8820000,5357100,1785000,3572100,1785000,0,0,0,1787100,1343515,1.3435
swap_distribute_parallel_for_collapse_1050_1700_1100,1050,1100,0,2200,18706600,5613301,1100,29240000,9240000,5612200,1870000,3742200,1870000,0,0,0,1872200,1409053,1.4091
swap_distribute_parallel_for_collapse_1050_1700_1150,1050,1150,0,2300,19556900,5868451,1150,29920000,9660000,5867300,1955000,3912300,1955000,0,0,0,1957300,1474206,1.4742
swap_distribute_parallel_for_collapse_1050_1700_1200,1050,1200,0,2400,20407200,6123601,1200,30600000,10080000,6122400,2040000,4082400,2040000,0,0,0,2042400,1539073,1.5391
swap_distribute_parallel_for_collapse_1050_1700_1250,1050,1250,0,2500,21257500,6378751,1250,31280000,10500000,6377500,2125000,4252500,2125000,0,0,0,2127500,1607129,1.6071
swap_distribute_parallel_for_collapse_1050_1700_1300,1050,1300,0,2600,22107800,6633901,1300,31960000,10920000,6632600,2210000,4422600,2210000,0,0,0,2212600,1671524,1.6715
swap_distribute_parallel_for_collapse_1050_1700_1350,1050,1350,0,2700,22958100,6889051,1350,32640000,11340000,6887700,2295000,4592700,2295000,0,0,0,2297700,1736950,1.7369
swap_distribute_parallel_for_collapse_1050_1700_1400,1050,1400,0,2800,23808400,7144201,1400,33320000,11760000,7142800,2380000,4762800,2380000,0,0,0,2382800,1835900,1.8359
swap_distribute_parallel_for_collapse_1050_1700_1450,1050,1450,0,2900,24658700,7399351,1450,34000000,12180000,7397900,2465000,4932900,2465000,0,0,0,2467900,1875052,1.8751
swap_distribute_parallel_for_collapse_1050_1700_1500,1050,1500,0,3000,25509000,7654501,1500,34680000,12600000,7653000,2550000,5103000,2550000,0,0,0,2553000,1948794,1.9488
swap_distribute_parallel_for_collapse_1050_1700_1550,1050,1550,0,3100,26359300,7909651,1550,35360000,13020000,7908100,2635000,5273100,2635000,0,0,0,2638100,1994710,1.9947
swap_distribute_parallel_for_collapse_1050_1700_1600,1050,1600,0,3200,27209600,8164801,1600,36040000,13440000,8163200,2720000,5443200,2720000,0,0,0,2723200,2057911,2.0579
swap_distribute_parallel_for_collapse_1050_1700_1650,1050,1650,0,3300,28059900,8419951,1650,36720000,13860000,8418300,2805000,5613300,2805000,0,0,0,2808300,2126524,2.1265
swap_distribute_parallel_for_collapse_1050_1700_1700,1050,1700,0,3400,28910200,8675101,1700,37400000,14280000,8673400,2890000,5783400,2890000,0,0,0,2893400,2198561,2.1986
swap_distribute_parallel_for_collapse_1050_1700_1750,1050,1750,0,3500,29760500,8930251,1750,38080000,14700000,8928500,2975000,5953500,2975000,0,0,0,2978500,2282059,2.2821
swap_distribute_parallel_for_collapse_1050_1700_1800,1050,1800,0,3600,30610800,9185401,1800,38760000,15120000,9183600,3060000,6123600,3060000,0,0,0,3063600,2322708,2.3227
swap_distribute_parallel_for_collapse_1050_1700_1850,1050,1850,0,3700,31461100,9440551,1850,39440000,15540000,9438700,3145000,6293700,3145000,0,0,0,3148700,2390584,2.3906
swap_distribute_parallel_for_collapse_1050_1700_1900,1050,1900,0,3800,32311400,9695701,1900,40120000,15960000,9693800,3230000,6463800,3230000,0,0,0,3233800,2455390,2.4554
swap_distribute_parallel_for_collapse_1050_1700_1950,1050,1950,0,3900,33161700,9950851,1950,40800000,16380000,9948900,3315000,6633900,3315000,0,0,0,3318900,2556656,2.5567
swap_distribute_parallel_for_collapse_1050_1700_2000,1050,2000,0,4000,34012000,10206001,2000,41480000,16800000,10204000,3400000,6804000,3400000,0,0,0,3404000,2578693,2.5787
swap_distribute_parallel_for_collapse_1050_1750_1050,1050,1050,0,2100,18381300,5515651,1050,29400000,8820000,5514600,1837500,3677100,1837500,0,0,0,1839600,1387318,1.3873
swap_distribute_parallel_for_collapse_1050_1750_1100,1050,1100,0,2200,19256600,5778301,1100,30100000,9240000,5777200,1925000,3852200,1925000,0,0,0,1927200,1456618,1.4566
swap_distribute_parallel_for_collapse_1050_1750_1150,1050,1150,0,2300,20131900,6040951,1150,30800000,9660000,6039800,2012500,4027300,2012500,0,0,0,2014800,1533856,1.5339
swap_distribute_parallel_for_collapse_1050_1750_1200,1050,1200,0,2400,21007200,6303601,1200,31500000,10080000,6302400,2100000,4202400,2100000,0,0,0,2102400,1587111,1.5871
swap_distribute_parallel_for_collapse_1050_1750_1250,1050,1250,0,2500,21882500,6566251,1250,32200000,10500000,6565000,2187500,4377500,2187500,0,0,0,2190000,1655951,1.6560
swap_distribute_parallel_for_collapse_1050_1750_1300,1050,1300,0,2600,22757800,6828901,1300,32900000,10920000,6827600,2275000,4552600,2275000,0,0,0,2277600,1723429,1.7234
swap_distribute_parallel_for_collapse_1050_1750_1350,1050,1350,0,2700,23633100,7091551,1350,33600000,11340000,7090200,2362500,4727700,2362500,0,0,0,2365200,1793242,1.7932
swap_distribute_parallel_for_collapse_1050_1750_1400,1050,1400,0,2800,24508400,7354201,1400,34300000,11760000,7352800,2450000,4902800,2450000,0,0,0,2452800,1854998,1.8550
swap_distribute_parallel_for_collapse_1050_1750_1450,1050,1450,0,2900,25383700,7616851,1450,35000000,12180000,7615400,2537500,5077900,2537500,0,0,0,2540400,1923193,1.9232
swap_distribute_parallel_for_collapse_1050_1750_1500,1050,1500,0,3000,26259000,7879501,1500,35700000,12600000,7878000,2625000,5253000,2625000,0,0,0,2628000,1992508,1.9925
swap_distribute_parallel_for_collapse_1050_1750_1550,1050,1550,0,3100,27134300,8142151,1550,36400000,13020000,8140600,2712500,5428100,2712500,0,0,0,2715600,2086549,2.0865
swap_distribute_parallel_for_collapse_1050_1750_1600,1050,1600,0,3200,28009600,8404801,1600,37100000,13440000,8403200,2800000,5603200,2800000,0,0,0,2803200,2144921,2.1449
swap_distribute_parallel_for_collapse_1050_1750_1650,1050,1650,0,3300,28884900,8667451,1650,37800000,13860000,8665800,2887500,5778300,2887500,0,0,0,2890800,2190006,2.1900
swap_distribute_parallel_for_collapse_1050_1750_1700,1050,1700,0,3400,29760200,8930101,1700,38500000,14280000,8928400,2975000,5953400,2975000,0,0,0,2978400,2259931,2.2599
swap_distribute_parallel_for_collapse_1050_1750_1750,1050,1750,0,3500,30635500,9192751,1750,39200000,14700000,9191000,3062500,6128500,3062500,0,0,0,3066000,2327594,2.3276
swap_distribute_parallel_for_collapse_1050_1750_1800,1050,1800,0,3600,31510800,9455401,1800,39900000,15120000,9453600,3150000,6303600,3150000,0,0,0,3153600,2393618,2.3936
swap_distribute_parallel_for_collapse_1050_1750_1850,1050,1850,0,3700,32386100,9718051,1850,40600000,15540000,9716200,3237500,6478700,3237500,0,0,0,3241200,2465397,2.4654
swap_distribute_parallel_for_collapse_1050_1750_1900,1050,1900,0,3800,33261400,9980701,1900,41300000,15960000,9978800,3325000,6653800,3325000,0,0,0,3328800,2529023,2.5290
swap_distribute_parallel_for_collapse_1050_1750_1950,1050,1950,0,3900,34136700,10243351,1950,42000000,16380000,10241400,3412500,6828900,3412500,0,0,0,3416400,2602284,2.6023
swap_distribute_parallel_for_collapse_1050_1750_2000,1050,2000,0,4000,35012000,10506001,2000,42700000,16800000,10504000,3500000,7004000,3500000,0,0,0,3504000,2665356,2.6654
swap_distribute_parallel_for_collapse_1050_1800_1050,1050,1050,0,2100,18906300,5673151,1050,30240000,8820000,5672100,1890000,3782100,1890000,0,0,0,1892100,1428605,1.4286
swap_distribute_parallel_for_collapse_1050_1800_1100,1050,1100,0,2200,19806600,5943301,1100,30960000,9240000,5942200,1980000,3962200,1980000,0,0,0,1982200,1496887,1.4969
swap_distribute_parallel_for_collapse_1050_1800_1150,1050,1150,0,2300,20706900,6213451,1150,31680000,9660000,6212300,2070000,4142300,2070000,0,0,0,2072300,1567735,1.5677
swap_distribute_parallel_for_collapse_1050_1800_1200,1050,1200,0,2400,21607200,6483601,1200,32400000,10080000,6482400,2160000,4322400,2160000,0,0,0,2162400,1666703,1.6667
swap_distribute_parallel_for_collapse_1050_1800_1250,1050,1250,0,2500,22507500,6753751,1250,33120000,10500000,6752500,2250000,4502500,2250000,0,0,0,2252500,1705780,1.7058
swap_distribute_parallel_for_collapse_1050_1800_1300,1050,1300,0,2600,23407800,7023901,1300,33840000,10920000,7022600,2340000,4682600,2340000,0,0,0,2342600,1774104,1.7741
swap_distribute_parallel_for_collapse_1050_1800_1350,1050,1350,0,2700,24308100,7294051,1350,34560000,11340000,7292700,2430000,4862700,2430000,0,0,0,2432700,1845703,1.8457
swap_distribute_parallel_for_collapse_1050_1800_1400,1050,1400,0,2800,25208400,7564201,1400,35280000,11760000,7562800,2520000,5042800,2520000,0,0,0,2522800,1911887,1.9119
swap_distribute_parallel_for_collapse_1050_1800_1450,1050,1450,0,2900,26108700,7834351,1450,36000000,12180000,7832900,2610000,5222900,2610000,0,0,0,2612900,1981670,1.9817
swap_distribute_parallel_for_collapse_1050_1800_1500,1050,1500,0,3000,27009000,8104501,1500,36720000,12600000,8103000,2700000,5403000,2700000,0,0,0,2703000,2050554,2.0506
swap_distribute_parallel_for_collapse_1050_1800_1550,1050,1550,0,3100,27909300,8374651,1550,37440000,13020000,8373100,2790000,5583100,2790000,0,0,0,2793100,2123741,2.1237
swap_distribute_parallel_for_collapse_1050_1800_1600,1050,1600,0,3200,28809600,8644801,1600,38160000,13440000,8643200,2880000,5763200,2880000,0,0,0,2883200,2188956,2.1890
swap_distribute_parallel_for_collapse_1050_1800_1650,1050,1650,0,3300,29709900,8914951,1650,38880000,13860000,8913300,2970000,5943300,2970000,0,0,0,2973300,2264020,2.2640
swap_distribute_parallel_for_collapse_1050_1800_1700,1050,1700,0,3400,30610200,9185101,1700,39600000,14280000,9183400,3060000,6123400,3060000,0,0,0,3063400,2338861,2.3389
swap_distribute_parallel_for_collapse_1050_1800_1750,1050,1750,0,3500,31510500,9455251,1750,40320000,14700000,9453500,3150000,6303500,3150000,0,0,0,3153500,2398846,2.3988
swap_distribute_parallel_for_collapse_1050_1800_1800,1050,1800,0,3600,32410800,9725401,1800,41040000,15120000,9723600,3240000,6483600,3240000,0,0,0,3243600,2472016,2.4720
swap_distribute_parallel_for_collapse_1050_1800_1850,1050,1850,0,3700,33311100,9995551,1850,41760000,15540000,9993700,3330000,6663700,3330000,0,0,0,3333700,2563809,2.5638
swap_distribute_parallel_for_collapse_1050_1800_1900,1050,1900,0,3800,34211400,10265701,1900,42480000,15960000,10263800,3420000,6843800,3420000,0,0,0,3423800,2617488,2.6175
swap_distribute_parallel_for_collapse_1050_1800_1950,1050,1950,0,3900,35111700,10535851,1950,43200000,16380000,10533900,3510000,7023900,3510000,0,0,0,3513900,2672206,2.6722
swap_distribute_parallel_for_collapse_1050_1800_2000,1050,2000,0,4000,36012000,10806001,2000,43920000,16800000,10804000,3600000,7204000,3600000,0,0,0,3604000,2740282,2.7403
swap_distribute_parallel_for_collapse_1050_1850_1050,1050,1050,0,2100,19431300,5830651,1050,31080000,8820000,5829600,1942500,3887100,1942500,0,0,0,1944600,1464418,1.4644
swap_distribute_parallel_for_collapse_1050_1850_1100,1050,1100,0,2200,20356600,6108301,1100,31820000,9240000,6107200,2035000,4072200,2035000,0,0,0,2037200,1533103,1.5331
swap_distribute_parallel_for_collapse_1050_1850_1150,1050,1150,0,2300,21281900,6385951,1150,32560000,9660000,6384800,2127500,4257300,2127500,0,0,0,2129800,1604723,1.6047
swap_distribute_parallel_for_collapse_1050_1850_1200,1050,1200,0,2400,22207200,6663601,1200,33300000,10080000,6662400,2220000,4442400,2220000,0,0,0,2222400,1688471,1.6885
swap_distribute_parallel_for_collapse_1050_1850_1250,1050,1250,0,2500,23132500,6941251,1250,34040000,10500000,6940000,2312500,4627500,2312500,0,0,0,2315000,1748567,1.7486
swap_distribute_parallel_for_collapse_1050_1850_1300,1050,1300,0,2600,24057800,7218901,1300,34780000,10920000,7217600,2405000,4812600,2405000,0,0,0,2407600,1847325,1.8473
swap_distribute_parallel_for_collapse_1050_1850_1350,1050,1350,0,2700,24983100,7496551,1350,35520000,11340000,7495200,2497500,4997700,2497500,0,0,0,2500200,1893407,1.8934
swap_distribute_parallel_for_collapse_1050_1850_1400,1050,1400,0,2800,25908400,7774201,1400,36260000,11760000,7772800,2590000,5182800,2590000,0,0,0,2592800,1993273,1.9933
swap_distribute_parallel_for_collapse_1050_1850_1450,1050,1450,0,2900,26833700,8051851,1450,37000000,12180000,8050400,2682500,5367900,2682500,0,0,0,2685400,2039783,2.0398
swap_distribute_parallel_for_collapse_1050_1850_1500,1050,1500,0,3000,27759000,8329501,1500,37740000,12600000,8328000,2775000,5553000,2775000,0,0,0,2778000,2110447,2.1104
swap_distribute_parallel_for_collapse_1050_1850_1550,1050,1550,0,3100,28684300,8607151,1550,38480000,13020000,8605600,2867500,5738100,2867500,0,0,0,2870600,2200080,2.2001
swap_distribute_parallel_for_collapse_1050_1850_1600,1050,1600,0,3200,29609600,8884801,1600,39220000,13440000,8883200,2960000,5923200,2960000,0,0,0,2963200,2246342,2.2463
swap_distribute_parallel_for_collapse_1050_1850_1650,1050,1650,0,3300,30534900,9162451,1650,39960000,13860000,9160800,3052500,6108300,3052500,0,0,0,3055800,2313622,2.3136
swap_distribute_parallel_for_collapse_1050_1850_1700,1050,1700,0,3400,31460200,9440101,1700,40700000,14280000,9438400,3145000,6293400,3145000,0,0,0,3148400,2382884,2.3829
swap_distribute_parallel_for_collapse_1050_1850_1750,1050,1750,0,3500,32385500,9717751,1750,41440000,14700000,9716000,3237500,6478500,3237500,0,0,0,3241000,2455062,2.4551
swap_distribute_parallel_for_collapse_1050_1850_1800,1050,1800,0,3600,33310800,9995401,1800,42180000,15120000,9993600,3330000,6663600,3330000,0,0,0,3333600,2526407,2.5264
swap_distribute_parallel_for_collapse_1050_1850_1850,1050,1850,0,3700,34236100,10273051,1850,42920000,15540000,10271200,3422500,6848700,3422500,0,0,0,3426200,2620277,2.6203
swap_distribute_parallel_for_collapse_1050_1850_1900,1050,1900,0,3800,35161400,10550701,1900,43660000,15960000,10548800,3515000,7033800,3515000,0,0,0,3518800,2670424,2.6704
swap_distribute_parallel_for_collapse_1050_1850_1950,1050,1950,0,3900,36086700,10828351,1950,44400000,16380000,10826400,3607500,7218900,3607500,0,0,0,3611400,2741465,2.7415
swap_distribute_parallel_for_collapse_1050_1850_2000,1050,2000,0,4000,37012000,11106001,2000,45140000,16800000,11104000,3700000,7404000,3700000,0,0,0,3704000,2810862,2.8109
swap_distribute_parallel_for_collapse_1050_1900_1050,1050,1050,0,2100,19956300,5988151,1050,31920000,8820000,5987100,1995000,3992100,1995000,0,0,0,1997100,1510962,1.5110
swap_distribute_parallel_for_collapse_1050_1900_1100,1050,1100,0,2200,20906600,6273301,1100,32680000,9240000,6272200,2090000,4182200,2090000,0,0,0,2092200,1599271,1.5993
swap_distribute_parallel_for_collapse_1050_1900_1150,1050,1150,0,2300,21856900,6558451,1150,33440000,9660000,6557300,2185000,4372300,2185000,0,0,0,2187300,1697945,1.6979
swap_distribute_parallel_for_collapse_1050_1900_1200,1050,1200,0,2400,22807200,6843601,1200,34200000,10080000,6842400,2280000,4562400,2280000,0,0,0,2282400,1726385,1.7264
swap_distribute_parallel_for_collapse_1050_1900_1250,1050,1250,0,2500,23757500,7128751,1250,34960000,10500000,7127500,2375000,4752500,2375000,0,0,0,2377500,1798359,1.7984
swap_distribute_parallel_for_collapse_1050_1900_1300,1050,1300,0,2600,24707800,7413901,1300,35720000,10920000,7412600,2470000,4942600,2470000,0,0,0,2472600,1871414,1.8714
swap_distribute_parallel_for_collapse_1050_1900_1350,1050,1350,0,2700,25658100,7699051,1350,36480000,11340000,7697700,2565000,5132700,2565000,0,0,0,2567700,1944319,1.9443
swap_distribute_parallel_for_collapse_1050_1900_1400,1050,1400,0,2800,26608400,7984201,1400,37240000,11760000,7982800,2660000,5322800,2660000,0,0,0,2662800,2017995,2.0180
swap_distribute_parallel_for_collapse_1050_1900_1450,1050,1450,0,2900,27558700,8269351,1450,38000000,12180000,8267900,2755000,5512900,2755000,0,0,0,2757900,2094165,2.0942
swap_distribute_parallel_for_collapse_1050_1900_1500,1050,1500,0,3000,28509000,8554501,1500,38760000,12600000,8553000,2850000,5703000,2850000,0,0,0,2853000,2168017,2.1680
swap_distribute_parallel_for_collapse_1050_1900_1550,1050,1550,0,3100,29459300,8839651,1550,39520000,13020000,8838100,2945000,5893100,2945000,0,0,0,2948100,2240139,2.2401
swap_distribute_parallel_for_collapse_1050_1900_1600,1050,1600,0,3200,30409600,9124801,1600,40280000,13440000,9123200,3040000,6083200,3040000,0,0,0,3043200,2307743,2.3077
swap_distribute_parallel_for_collapse_1050_1900_1650,1050,1650,0,3300,31359900,9409951,1650,41040000,13860000,9408300,3135000,6273300,3135000,0,0,0,3138300,2383746,2.3837
swap_distribute_parallel_for_collapse_1050_1900_1700,1050,1700,0,3400,32310200,9695101,1700,41800000,14280000,9693400,3230000,6463400,3230000,0,0,0,3233400,2453228,2.4532
swap_distribute_parallel_for_collapse_1050_1900_1750,1050,1750,0,3500,33260500,9980251,1750,42560000,14700000,9978500,3325000,6653500,3325000,0,0,0,3328500,2526747,2.5267
swap_distribute_parallel_for_collapse_1050_1900_1800,1050,1800,0,3600,34210800,10265401,1800,43320000,15120000,10263600,3420000,6843600,3420000,0,0,0,3423600,2608291,2.6083
swap_distribute_parallel_for_collapse_1050_1900_1850,1050,1850,0,3700,35161100,10550551,1850,44080000,15540000,10548700,3515000,7033700,3515000,0,0,0,3518700,2673485,2.6735
swap_distribute_parallel_for_collapse_1050_1900_1900,1050,1900,0,3800,36111400,10835701,1900,44840000,15960000,10833800,3610000,7223800,3610000,0,0,0,3613800,2750001,2.7500
swap_distribute_parallel_for_collapse_1050_1900_1950,1050,1950,0,3900,37061700,11120851,1950,45600000,16380000,11118900,3705000,7413900,3705000,0,0,0,3708900,2822852,2.8229
swap_distribute_parallel_for_collapse_1050_1900_2000,1050,2000,0,4000,38012000,11406001,2000,46360000,16800000,11404000,3800000,7604000,3800000,0,0,0,3804000,2894839,2.8948
swap_distribute_parallel_for_collapse_1050_1950_1050,1050,1050,0,2100,20481300,6145651,1050,32760000,8820000,6144600,2047500,4097100,2047500,0,0,0,2049600,1559016,1.5590
swap_distribute_parallel_for_collapse_1050_1950_1100,1050,1100,0,2200,21456600,6438301,1100,33540000,9240000,6437200,2145000,4292200,2145000,0,0,0,2147200,1623578,1.6236
swap_distribute_parallel_for_collapse_1050_1950_1150,1050,1150,0,2300,22431900,6730951,1150,34320000,9660000,6729800,2242500,4487300,2242500,0,0,0,2244800,1698538,1.6985
swap_distribute_parallel_for_collapse_1050_1950_1200,1050,1200,0,2400,23407200,7023601,1200,35100000,10080000,7022400,2340000,4682400,2340000,0,0,0,2342400,1773876,1.7739
swap_distribute_parallel_for_collapse_1050_1950_1250,1050,1250,0,2500,24382500,7316251,1250,35880000,10500000,7315000,2437500,4877500,2437500,0,0,0,2440000,1848069,1.8481
swap_distribute_parallel_for_collapse_1050_1950_1300,1050,1300,0,2600,25357800,7608901,1300,36660000,10920000,7607600,2535000,5072600,2535000,0,0,0,2537600,1923777,1.9238
swap_distribute_parallel_for_collapse_1050_1950_1350,1050,1350,0,2700,26333100,7901551,1350,37440000,11340000,7900200,2632500,5267700,2632500,0,0,0,2635200,1998427,1.9984
swap_distribute_parallel_for_collapse_1050_1950_1400,1050,1400,0,2800,27308400,8194201,1400,38220000,11760000,8192800,2730000,5462800,2730000,0,0,0,2732800,2086285,2.0863
swap_distribute_parallel_for_collapse_1050_1950_1450,1050,1450,0,2900,28283700,8486851,1450,39000000,12180000,8485400,2827500,5657900,2827500,0,0,0,2830400,2181211,2.1812
swap_distribute_parallel_for_collapse_1050_1950_1500,1050,1500,0,3000,29259000,8779501,1500,39780000,12600000,8778000,2925000,5853000,2925000,0,0,0,2928000,2221908,2.2219
swap_distribute_parallel_for_collapse_1050_1950_1550,1050,1550,0,3100,30234300,9072151,1550,40560000,13020000,9070600,3022500,6048100,3022500,0,0,0,3025600,2297864,2.2979
swap_distribute_parallel_for_collapse_1050_1950_1600,1050,1600,0,3200,31209600,9364801,1600,41340000,13440000,9363200,3120000,6243200,3120000,0,0,0,3123200,2369613,2.3696
swap_distribute_parallel_for_collapse_1050_1950_1650,1050,1650,0,3300,32184900,9657451,1650,42120000,13860000,9655800,3217500,6438300,3217500,0,0,0,3220800,2447584,2.4476
swap_distribute_parallel_for_collapse_1050_1950_1700,1050,1700,0,3400,33160200,9950101,1700,42900000,14280000,9948400,3315000,6633400,3315000,0,0,0,3318400,2522732,2.5227
swap_distribute_parallel_for_collapse_1050_1950_1750,1050,1750,0,3500,34135500,10242751,1750,43680000,14700000,10241000,3412500,6828500,3412500,0,0,0,3416000,2596918,2.5969
swap_distribute_parallel_for_collapse_1050_1950_1800,1050,1800,0,3600,35110800,10535401,1800,44460000,15120000,10533600,3510000,7023600,3510000,0,0,0,3513600,2672802,2.6728
swap_distribute_parallel_for_collapse_1050_1950_1850,1050,1850,0,3700,36086100,10828051,1850,45240000,15540000,10826200,3607500,7218700,3607500,0,0,0,3611200,2745001,2.7450
swap_distribute_parallel_for_collapse_1050_1950_1900,1050,1900,0,3800,37061400,11120701,1900,46020000,15960000,11118800,3705000,7413800,3705000,0,0,0,3708800,2837236,2.8372
swap_distribute_parallel_for_collapse_1050_1950_1950,1050,1950,0,3900,38036700,11413351,1950,46800000,16380000,11411400,3802500,7608900,3802500,0,0,0,3806400,2902522,2.9025
swap_distribute_parallel_for_collapse_1050_1950_2000,1050,2000,0,4000,39012000,11706001,2000,47580000,16800000,11704000,3900000,7804000,3900000,0,0,0,3904000,2985660,2.9857
swap_distribute_parallel_for_collapse_1050_2000_1050,1050,1050,0,2100,21006300,6303151,1050,33600000,8820000,6302100,2100000,4202100,2100000,0,0,0,2102100,1590364,1.5904
swap_distribute_parallel_for_collapse_1050_2000_1100,1050,1100,0,2200,22006600,6603301,1100,34400000,9240000,6602200,2200000,4402200,2200000,0,0,0,2202200,1640673,1.6407
swap_distribute_parallel_for_collapse_1050_2000_1150,1050,1150,0,2300,23006900,6903451,1150,35200000,9660000,6902300,2300000,4602300,2300000,0,0,0,2302300,1721722,1.7217
swap_distribute_parallel_for_collapse_1050_2000_1200,1050,1200,0,2400,24007200,7203601,1200,36000000,10080000,7202400,2400000,4802400,2400000,0,0,0,2402400,1886392,1.8864
swap_distribute_parallel_for_collapse_1050_2000_1250,1050,1250,0,2500,25007500,7503751,1250,36800000,10500000,7502500,2500000,5002500,2500000,0,0,0,2502500,1888876,1.8889
swap_distribute_parallel_for_collapse_1050_2000_1300,1050,1300,0,2600,26007800,7803901,1300,37600000,10920000,7802600,2600000,5202600,2600000,0,0,0,2602600,1941338,1.9413
swap_distribute_parallel_for_collapse_1050_2000_1350,1050,1350,0,2700,27008100,8104051,1350,38400000,11340000,8102700,2700000,5402700,2700000,0,0,0,2702700,2026032,2.0260
swap_distribute_parallel_for_collapse_1050_2000_1400,1050,1400,0,2800,28008400,8404201,1400,39200000,11760000,8402800,2800000,5602800,2800000,0,0,0,2802800,2094240,2.0942
swap_distribute_parallel_for_collapse_1050_2000_1450,1050,1450,0,2900,29008700,8704351,1450,40000000,12180000,8702900,2900000,5802900,2900000,0,0,0,2902900,2166152,2.1662
swap_distribute_parallel_for_collapse_1050_2000_1500,1050,1500,0,3000,30009000,9004501,1500,40800000,12600000,9003000,3000000,6003000,3000000,0,0,0,3003000,2243271,2.2433
swap_distribute_parallel_for_collapse_1050_2000_1550,1050,1550,0,3100,31009300,9304651,1550,41600000,13020000,9303100,3100000,6203100,3100000,0,0,0,3103100,2316327,2.3163
swap_distribute_parallel_for_collapse_1050_2000_1600,1050,1600,0,3200,32009600,9604801,1600,42400000,13440000,9603200,3200000,6403200,3200000,0,0,0,3203200,2397462,2.3975
swap_distribute_parallel_for_collapse_1050_2000_1650,1050,1650,0,3300,33009900,9904951,1650,43200000,13860000,9903300,3300000,6603300,3300000,0,0,0,3303300,2471571,2.4716
swap_distribute_parallel_for_collapse_1050_2000_1700,1050,1700,0,3400,34010200,10205101,1700,44000000,14280000,10203400,3400000,6803400,3400000,0,0,0,3403400,2545986,2.5460
swap_distribute_parallel_for_collapse_1050_2000_1750,1050,1750,0,3500,35010500,10505251,1750,44800000,14700000,10503500,3500000,7003500,3500000,0,0,0,3503500,2620973,2.6210
swap_distribute_parallel_for_collapse_1050_2000_1800,1050,1800,0,3600,36010800,10805401,1800,45600000,15120000,10803600,3600000,7203600,3600000,0,0,0,3603600,2697931,2.6979
swap_distribute_parallel_for_collapse_1050_2000_1850,1050,1850,0,3700,37011100,11105551,1850,46400000,15540000,11103700,3700000,7403700,3700000,0,0,0,3703700,2774808,2.7748
swap_distribute_parallel_for_collapse_1050_2000_1900,1050,1900,0,3800,38011400,11405701,1900,47200000,15960000,11403800,3800000,7603800,3800000,0,0,0,3803800,2853132,2.8531
swap_distribute_parallel_for_collapse_1050_2000_1950,1050,1950,0,3900,39011700,11705851,1950,48000000,16380000,11703900,3900000,7803900,3900000,0,0,0,3903900,2924815,2.9248
swap_distribute_parallel_for_collapse_1050_2000_2000,1050,2000,0,4000,40012000,12006001,2000,48800000,16800000,12004000,4000000,8004000,4000000,0,0,0,4004000,3001924,3.0019
swap_distribute_parallel_for_collapse_1100_1050_1050,1100,1050,0,2100,11031300,3310651,1050,18060000,9240000,3309600,1102500,2207100,1102500,0,0,0,1104600,847277,0.8473
swap_distribute_parallel_for_collapse_1100_1050_1100,1100,1100,0,2200,11556600,3468301,1100,18480000,9680000,3467200,1155000,2312200,1155000,0,0,0,1157200,892549,0.8925
swap_distribute_parallel_for_collapse_1100_1050_1150,1100,1150,0,2300,12081900,3625951,1150,18900000,10120000,3624800,1207500,2417300,1207500,0,0,0,1209800,954383,0.9544
swap_distribute_parallel_for_collapse_1100_1050_1200,1100,1200,0,2400,12607200,3783601,1200,19320000,10560000,3782400,1260000,2522400,1260000,0,0,0,1262400,973463,0.9735
swap_distribute_parallel_for_collapse_1100_1050_1250,1100,1250,0,2500,13132500,3941251,1250,19740000,11000000,3940000,1312500,2627500,1312500,0,0,0,1315000,1044630,1.0446
swap_distribute_parallel_for_collapse_1100_1050_1300,1100,1300,0,2600,13657800,4098901,1300,20160000,11440000,4097600,1365000,2732600,1365000,0,0,0,1367600,1055417,1.0554
swap_distribute_parallel_for_collapse_1100_1050_1350,1100,1350,0,2700,14183100,4256551,1350,20580000,11880000,4255200,1417500,2837700,1417500,0,0,0,1420200,1097107,1.0971
swap_distribute_parallel_for_collapse_1100_1050_1400,1100,1400,0,2800,14708400,4414201,1400,21000000,12320000,4412800,1470000,2942800,1470000,0,0,0,1472800,1137824,1.1378
swap_distribute_parallel_for_collapse_1100_1050_1450,1100,1450,0,2900,15233700,4571851,1450,21420000,12760000,4570400,1522500,3047900,1522500,0,0,0,1525400,1179391,1.1794
swap_distribute_parallel_for_collapse_1100_1050_1500,1100,1500,0,3000,15759000,4729501,1500,21840000,13200000,4728000,1575000,3153000,1575000,0,0,0,1578000,1222039,1.2220
swap_distribute_parallel_for_collapse_1100_1050_1550,1100,1550,0,3100,16284300,4887151,1550,22260000,13640000,4885600,1627500,3258100,1627500,0,0,0,1630600,1262840,1.2628
swap_distribute_parallel_for_collapse_1100_1050_1600,1100,1600,0,3200,16809600,5044801,1600,22680000,14080000,5043200,1680000,3363200,1680000,0,0,0,1683200,1303682,1.3037
swap_distribute_parallel_for_collapse_1100_1050_1650,1100,1650,0,3300,17334900,5202451,1650,23100000,14520000,5200800,1732500,3468300,1732500,0,0,0,1735800,1346083,1.3461
swap_distribute_parallel_for_collapse_1100_1050_1700,1100,1700,0,3400,17860200,5360101,1700,23520000,14960000,5358400,1785000,3573400,1785000,0,0,0,1788400,1387666,1.3877
swap_distribute_parallel_for_collapse_1100_1050_1750,1100,1750,0,3500,18385500,5517751,1750,23940000,15400000,5516000,1837500,3678500,1837500,0,0,0,1841000,1428250,1.4283
swap_distribute_parallel_for_collapse_1100_1050_1800,1100,1800,0,3600,18910800,5675401,1800,24360000,15840000,5673600,1890000,3783600,1890000,0,0,0,1893600,1480411,1.4804
swap_distribute_parallel_for_collapse_1100_1050_1850,1100,1850,0,3700,19436100,5833051,1850,24780000,16280000,5831200,1942500,3888700,1942500,0,0,0,1946200,1529560,1.5296
swap_distribute_parallel_for_collapse_1100_1050_1900,1100,1900,0,3800,19961400,5990701,1900,25200000,16720000,5988800,1995000,3993800,1995000,0,0,0,1998800,1550650,1.5507
swap_distribute_parallel_for_collapse_1100_1050_1950,1100,1950,0,3900,20486700,6148351,1950,25620000,17160000,6146400,2047500,4098900,2047500,0,0,0,2051400,1595835,1.5958
swap_distribute_parallel_for_collapse_1100_1050_2000,1100,2000,0,4000,21012000,6306001,2000,26040000,17600000,6304000,2100000,4204000,2100000,0,0,0,2104000,1634213,1.6342
swap_distribute_parallel_for_collapse_1100_1100_1050,1100,1050,0,2100,11556300,3468151,1050,18920000,9240000,3467100,1155000,2312100,1155000,0,0,0,1157100,899128,0.8991
swap_distribute_parallel_for_collapse_1100_1100_1100,1100,1100,0,2200,12106600,3633301,1100,19360000,9680000,3632200,1210000,2422200,1210000,0,0,0,1212200,945377,0.9454
swap_distribute_parallel_for_collapse_1100_1100_1150,1100,1150,0,2300,12656900,3798451,1150,19800000,10120000,3797300,1265000,2532300,1265000,0,0,0,1267300,986139,0.9861
swap_distribute_parallel_for_collapse_1100_1100_1200,1100,1200,0,2400,13207200,3963601,1200,20240000,10560000,3962400,1320000,2642400,1320000,0,0,0,1322400,1028528,1.0285
swap_distribute_parallel_for_collapse_1100_1100_1250,1100,1250,0,2500,13757500,4128751,1250,20680000,11000000,4127500,1375000,2752500,1375000,0,0,0,1377500,1073348,1.0733
swap_distribute_parallel_for_collapse_1100_1100_1300,1100,1300,0,2600,14307800,4293901,1300,21120000,11440000,4292600,1430000,2862600,1430000,0,0,0,1432600,1119916,1.1199
swap_distribute_parallel_for_collapse_1100_1100_1350,1100,1350,0,2700,14858100,4459051,1350,21560000,11880000,4457700,1485000,2972700,1485000,0,0,0,1487700,1161657,1.1617
swap_distribute_parallel_for_collapse_1100_1100_1400,1100,1400,0,2800,15408400,4624201,1400,22000000,12320000,4622800,1540000,3082800,1540000,0,0,0,1542800,1208445,1.2084
swap_distribute_parallel_for_collapse_1100_1100_1450,1100,1450,0,2900,15958700,4789351,1450,22440000,12760000,4787900,1595000,3192900,1595000,0,0,0,1597900,1248465,1.2485
swap_distribute_parallel_for_collapse_1100_1100_1500,1100,1500,0,3000,16509000,4954501,1500,22880000,13200000,4953000,1650000,3303000,1650000,0,0,0,1653000,1291353,1.2914
swap_distribute_parallel_for_collapse_1100_1100_1550,1100,1550,0,3100,17059300,5119651,1550,23320000,13640000,5118100,1705000,3413100,1705000,0,0,0,1708100,1335122,1.3351
swap_distribute_parallel_for_collapse_1100_1100_1600,1100,1600,0,3200,17609600,5284801,1600,23760000,14080000,5283200,1760000,3523200,1760000,0,0,0,1763200,1378011,1.3780
swap_distribute_parallel_for_collapse_1100_1100_1650,1100,1650,0,3300,18159900,5449951,1650,24200000,14520000,5448300,1815000,3633300,1815000,0,0,0,1818300,1428112,1.4281
swap_distribute_parallel_for_collapse_1100_1100_1700,1100,1700,0,3400,18710200,5615101,1700,24640000,14960000,5613400,1870000,3743400,1870000,0,0,0,1873400,1467651,1.4677
swap_distribute_parallel_for_collapse_1100_1100_1750,1100,1750,0,3500,19260500,5780251,1750,25080000,15400000,5778500,1925000,3853500,1925000,0,0,0,1928500,1512981,1.5130
swap_distribute_parallel_for_collapse_1100_1100_1800,1100,1800,0,3600,19810800,5945401,1800,25520000,15840000,5943600,1980000,3963600,1980000,0,0,0,1983600,1556657,1.5567
swap_distribute_parallel_for_collapse_1100_1100_1850,1100,1850,0,3700,20361100,6110551,1850,25960000,16280000,6108700,2035000,4073700,2035000,0,0,0,2038700,1606108,1.6061
swap_distribute_parallel_for_collapse_1100_1100_1900,1100,1900,0,3800,20911400,6275701,1900,26400000,16720000,6273800,2090000,4183800,2090000,0,0,0,2093800,1642253,1.6423
swap_distribute_parallel_for_collapse_1100_1100_1950,1100,1950,0,3900,21461700,6440851,1950,26840000,17160000,6438900,2145000,4293900,2145000,0,0,0,2148900,1689392,1.6894
swap_distribute_parallel_for_collapse_1100_1100_2000,1100,2000,0,4000,22012000,6606001,2000,27280000,17600000,6604000,2200000,4404000,2200000,0,0,0,2204000,1732857,1.7329
swap_distribute_parallel_for_collapse_1100_1150_1050,1100,1050,0,2100,12081300,3625651,1050,19780000,9240000,3624600,1207500,2417100,1207500,0,0,0,1209600,962148,0.9621
swap_distribute_parallel_for_collapse_1100_1150_1100,1100,1100,0,2200,12656600,3798301,1100,20240000,9680000,3797200,1265000,2532200,1265000,0,0,0,1267200,1013001,1.0130
swap_distribute_parallel_for_collapse_1100_1150_1150,1100,1150,0,2300,13231900,3970951,1150,20700000,10120000,3969800,1322500,2647300,1322500,0,0,0,1324800,1056806,1.0568
swap_distribute_parallel_for_collapse_1100_1150_1200,1100,1200,0,2400,13807200,4143601,1200,21160000,10560000,4142400,1380000,2762400,1380000,0,0,0,1382400,1080664,1.0807
swap_distribute_parallel_for_collapse_1100_1150_1250,1100,1250,0,2500,14382500,4316251,1250,21620000,11000000,4315000,1437500,2877500,1437500,0,0,0,1440000,1128442,1.1284
swap_distribute_parallel_for_collapse_1100_1150_1300,1100,1300,0,2600,14957800,4488901,1300,22080000,11440000,4487600,1495000,2992600,1495000,0,0,0,1497600,1171166,1.1712
swap_distribute_parallel_for_collapse_1100_1150_1350,1100,1350,0,2700,15533100,4661551,1350,22540000,11880000,4660200,1552500,3107700,1552500,0,0,0,1555200,1215671,1.2157
swap_distribute_parallel_for_collapse_1100_1150_1400,1100,1400,0,2800,16108400,4834201,1400,23000000,12320000,4832800,1610000,3222800,1610000,0,0,0,1612800,1261053,1.2611
swap_distribute_parallel_for_collapse_1100_1150_1450,1100,1450,0,2900,16683700,5006851,1450,23460000,12760000,5005400,1667500,3337900,1667500,0,0,0,1670400,1311821,1.3118
swap_distribute_parallel_for_collapse_1100_1150_1500,1100,1500,0,3000,17259000,5179501,1500,23920000,13200000,5178000,1725000,3453000,1725000,0,0,0,1728000,1353564,1.3536
swap_distribute_parallel_for_collapse_1100_1150_1550,1100,1550,0,3100,17834300,5352151,1550,24380000,13640000,5350600,1782500,3568100,1782500,0,0,0,1785600,1415305,1.4153
swap_distribute_parallel_for_collapse_1100_1150_1600,1100,1600,0,3200,18409600,5524801,1600,24840000,14080000,5523200,1840000,3683200,1840000,0,0,0,1843200,1447453,1.4475
swap_distribute_parallel_for_collapse_1100_1150_1650,1100,1650,0,3300,18984900,5697451,1650,25300000,14520000,5695800,1897500,3798300,1897500,0,0,0,1900800,1496604,1.4966
swap_distribute_parallel_for_collapse_1100_1150_1700,1100,1700,0,3400,19560200,5870101,1700,25760000,14960000,5868400,1955000,3913400,1955000,0,0,0,1958400,1540281,1.5403
swap_distribute_parallel_for_collapse_1100_1150_1750,1100,1750,0,3500,20135500,6042751,1750,26220000,15400000,6041000,2012500,4028500,2012500,0,0,0,2016000,1608891,1.6089
swap_distribute_parallel_for_collapse_1100_1150_1800,1100,1800,0,3600,20710800,6215401,1800,26680000,15840000,6213600,2070000,4143600,2070000,0,0,0,2073600,1645409,1.6454
swap_distribute_parallel_for_collapse_1100_1150_1850,1100,1850,0,3700,21286100,6388051,1850,27140000,16280000,6386200,2127500,4258700,2127500,0,0,0,2131200,1677773,1.6778
swap_distribute_parallel_for_collapse_1100_1150_1900,1100,1900,0,3800,21861400,6560701,1900,27600000,16720000,6558800,2185000,4373800,2185000,0,0,0,2188800,1724936,1.7249
swap_distribute_parallel_for_collapse_1100_1150_1950,1100,1950,0,3900,22436700,6733351,1950,28060000,17160000,6731400,2242500,4488900,2242500,0,0,0,2246400,1793288,1.7933
swap_distribute_parallel_for_collapse_1100_1150_2000,1100,2000,0,4000,23012000,6906001,2000,28520000,17600000,6904000,2300000,4604000,2300000,0,0,0,2304000,1837374,1.8374
swap_distribute_parallel_for_collapse_1100_1200_1050,1100,1050,0,2100,12606300,3783151,1050,20640000,9240000,3782100,1260000,2522100,1260000,0,0,0,1262100,1013925,1.0139
swap_distribute_parallel_for_collapse_1100_1200_1100,1100,1100,0,2200,13206600,3963301,1100,21120000,9680000,3962200,1320000,2642200,1320000,0,0,0,1322200,1035727,1.0357
swap_distribute_parallel_for_collapse_1100_1200_1150,1100,1150,0,2300,13806900,4143451,1150,21600000,10120000,4142300,1380000,2762300,1380000,0,0,0,1382300,1083028,1.0830
swap_distribute_parallel_for_collapse_1100_1200_1200,1100,1200,0,2400,14407200,4323601,1200,22080000,10560000,4322400,1440000,2882400,1440000,0,0,0,1442400,1125145,1.1251
swap_distribute_parallel_for_collapse_1100_1200_1250,1100,1250,0,2500,15007500,4503751,1250,22560000,11000000,4502500,1500000,3002500,1500000,0,0,0,1502500,1176001,1.1760
swap_distribute_parallel_for_collapse_1100_1200_1300,1100,1300,0,2600,15607800,4683901,1300,23040000,11440000,4682600,1560000,3122600,1560000,0,0,0,1562600,1220853,1.2209
swap_distribute_parallel_for_collapse_1100_1200_1350,1100,1350,0,2700,16208100,4864051,1350,23520000,11880000,4862700,1620000,3242700,1620000,0,0,0,1622700,1270429,1.2704
swap_distribute_parallel_for_collapse_1100_1200_1400,1100,1400,0,2800,16808400,5044201,1400,24000000,12320000,5042800,1680000,3362800,1680000,0,0,0,1682800,1324775,1.3248
swap_distribute_parallel_for_collapse_1100_1200_1450,1100,1450,0,2900,17408700,5224351,1450,24480000,12760000,5222900,1740000,3482900,1740000,0,0,0,1742900,1368703,1.3687
swap_distribute_parallel_for_collapse_1100_1200_1500,1100,1500,0,3000,18009000,5404501,1500,24960000,13200000,5403000,1800000,3603000,1800000,0,0,0,1803000,1414630,1.4146
swap_distribute_parallel_for_collapse_1100_1200_1550,1100,1550,0,3100,18609300,5584651,1550,25440000,13640000,5583100,1860000,3723100,1860000,0,0,0,1863100,1478260,1.4783
swap_distribute_parallel_for_collapse_1100_1200_1600,1100,1600,0,3200,19209600,5764801,1600,25920000,14080000,5763200,1920000,3843200,1920000,0,0,0,1923200,1508694,1.5087
swap_distribute_parallel_for_collapse_1100_1200_1650,1100,1650,0,3300,19809900,5944951,1650,26400000,14520000,5943300,1980000,3963300,1980000,0,0,0,1983300,1563055,1.5631
swap_distribute_parallel_for_collapse_1100_1200_1700,1100,1700,0,3400,20410200,6125101,1700,26880000,14960000,6123400,2040000,4083400,2040000,0,0,0,2043400,1607449,1.6074
swap_distribute_parallel_for_collapse_1100_1200_1750,1100,1750,0,3500,21010500,6305251,1750,27360000,15400000,6303500,2100000,4203500,2100000,0,0,0,2103500,1656450,1.6564
swap_distribute_parallel_for_collapse_1100_1200_1800,1100,1800,0,3600,21610800,6485401,1800,27840000,15840000,6483600,2160000,4323600,2160000,0,0,0,2163600,1716614,1.7166
swap_distribute_parallel_for_collapse_1100_1200_1850,1100,1850,0,3700,22211100,6665551,1850,28320000,16280000,6663700,2220000,4443700,2220000,0,0,0,2223700,1770914,1.7709
swap_distribute_parallel_for_collapse_1100_1200_1900,1100,1900,0,3800,22811400,6845701,1900,28800000,16720000,6843800,2280000,4563800,2280000,0,0,0,2283800,1795755,1.7958
swap_distribute_parallel_for_collapse_1100_1200_1950,1100,1950,0,3900,23411700,7025851,1950,29280000,17160000,7023900,2340000,4683900,2340000,0,0,0,2343900,1845335,1.8453
swap_distribute_parallel_for_collapse_1100_1200_2000,1100,2000,0,4000,24012000,7206001,2000,29760000,17600000,7204000,2400000,4804000,2400000,0,0,0,2404000,1892354,1.8924
swap_distribute_parallel_for_collapse_1100_1250_1050,1100,1050,0,2100,13131300,3940651,1050,21500000,9240000,3939600,1312500,2627100,1312500,0,0,0,1314600,1030167,1.0302
swap_distribute_parallel_for_collapse_1100_1250_1100,1100,1100,0,2200,13756600,4128301,1100,22000000,9680000,4127200,1375000,2752200,1375000,0,0,0,1377200,1079467,1.0795
swap_distribute_parallel_for_collapse_1100_1250_1150,1100,1150,0,2300,14381900,4315951,1150,22500000,10120000,4314800,1437500,2877300,1437500,0,0,0,1439800,1146308,1.1463
swap_distribute_parallel_for_collapse_1100_1250_1200,1100,1200,0,2400,15007200,4503601,1200,23000000,10560000,4502400,1500000,3002400,1500000,0,0,0,1502400,1173821,1.1738
swap_distribute_parallel_for_collapse_1100_1250_1250,1100,1250,0,2500,15632500,4691251,1250,23500000,11000000,4690000,1562500,3127500,1562500,0,0,0,1565000,1227892,1.2279
swap_distribute_parallel_for_collapse_1100_1250_1300,1100,1300,0,2600,16257800,4878901,1300,24000000,11440000,4877600,1625000,3252600,1625000,0,0,0,1627600,1274472,1.2745
swap_distribute_parallel_for_collapse_1100_1250_1350,1100,1350,0,2700,16883100,5066551,1350,24500000,11880000,5065200,1687500,3377700,1687500,0,0,0,1690200,1327764,1.3278
swap_distribute_parallel_for_collapse_1100_1250_1400,1100,1400,0,2800,17508400,5254201,1400,25000000,12320000,5252800,1750000,3502800,1750000,0,0,0,1752800,1376567,1.3766
swap_distribute_parallel_for_collapse_1100_1250_1450,1100,1450,0,2900,18133700,5441851,1450,25500000,12760000,5440400,1812500,3627900,1812500,0,0,0,1815400,1426743,1.4267
swap_distribute_parallel_for_collapse_1100_1250_1500,1100,1500,0,3000,18759000,5629501,1500,26000000,13200000,5628000,1875000,3753000,1875000,0,0,0,1878000,1477658,1.4777
swap_distribute_parallel_for_collapse_1100_1250_1550,1100,1550,0,3100,19384300,5817151,1550,26500000,13640000,5815600,1937500,3878100,1937500,0,0,0,1940600,1524047,1.5240
swap_distribute_parallel_for_collapse_1100_1250_1600,1100,1600,0,3200,20009600,6004801,1600,27000000,14080000,6003200,2000000,4003200,2000000,0,0,0,2003200,1575978,1.5760
swap_distribute_parallel_for_collapse_1100_1250_1650,1100,1650,0,3300,20634900,6192451,1650,27500000,14520000,6190800,2062500,4128300,2062500,0,0,0,2065800,1625811,1.6258
swap_distribute_parallel_for_collapse_1100_1250_1700,1100,1700,0,3400,21260200,6380101,1700,28000000,14960000,6378400,2125000,4253400,2125000,0,0,0,2128400,1672652,1.6727
swap_distribute_parallel_for_collapse_1100_1250_1750,1100,1750,0,3500,21885500,6567751,1750,28500000,15400000,6566000,2187500,4378500,2187500,0,0,0,2191000,1726138,1.7261
swap_distribute_parallel_for_collapse_1100_1250_1800,1100,1800,0,3600,22510800,6755401,1800,29000000,15840000,6753600,2250000,4503600,2250000,0,0,0,2253600,1773386,1.7734
swap_distribute_parallel_for_collapse_1100_1250_1850,1100,1850,0,3700,23136100,6943051,1850,29500000,16280000,6941200,2312500,4628700,2312500,0,0,0,2316200,1827591,1.8276
swap_distribute_parallel_for_collapse_1100_1250_1900,1100,1900,0,3800,23761400,7130701,1900,30000000,16720000,7128800,2375000,4753800,2375000,0,0,0,2378800,1873831,1.8738
swap_distribute_parallel_for_collapse_1100_1250_1950,1100,1950,0,3900,24386700,7318351,1950,30500000,17160000,7316400,2437500,4878900,2437500,0,0,0,2441400,1923972,1.9240
swap_distribute_parallel_for_collapse_1100_1250_2000,1100,2000,0,4000,25012000,7506001,2000,31000000,17600000,7504000,2500000,5004000,2500000,0,0,0,2504000,1974192,1.9742
swap_distribute_parallel_for_collapse_1100_1300_1050,1100,1050,0,2100,13656300,4098151,1050,22360000,9240000,4097100,1365000,2732100,1365000,0,0,0,1367100,1098747,1.0987
swap_distribute_parallel_for_collapse_1100_1300_1100,1100,1100,0,2200,14306600,4293301,1100,22880000,9680000,4292200,1430000,2862200,1430000,0,0,0,1432200,1119192,1.1192
swap_distribute_parallel_for_collapse_1100_1300_1150,1100,1150,0,2300,14956900,4488451,1150,23400000,10120000,4487300,1495000,2992300,1495000,0,0,0,1497300,1173166,1.1732
swap_distribute_parallel_for_collapse_1100_1300_1200,1100,1200,0,2400,15607200,4683601,1200,23920000,10560000,4682400,1560000,3122400,1560000,0,0,0,1562400,1225450,1.2254
swap_distribute_parallel_for_collapse_1100_1300_1250,1100,1250,0,2500,16257500,4878751,1250,24440000,11000000,4877500,1625000,3252500,1625000,0,0,0,1627500,1277445,1.2774
swap_distribute_parallel_for_collapse_1100_1300_1300,1100,1300,0,2600,16907800,5073901,1300,24960000,11440000,5072600,1690000,3382600,1690000,0,0,0,1692600,1343293,1.3433
swap_distribute_parallel_for_collapse_1100_1300_1350,1100,1350,0,2700,17558100,5269051,1350,25480000,11880000,5267700,1755000,3512700,1755000,0,0,0,1757700,1419245,1.4192
swap_distribute_parallel_for_collapse_1100_1300_1400,1100,1400,0,2800,18208400,5464201,1400,26000000,12320000,5462800,1820000,3642800,1820000,0,0,0,1822800,1431662,1.4317
swap_distribute_parallel_for_collapse_1100_1300_1450,1100,1450,0,2900,18858700,5659351,1450,26520000,12760000,5657900,1885000,3772900,1885000,0,0,0,1887900,1483019,1.4830
swap_distribute_parallel_for_collapse_1100_1300_1500,1100,1500,0,3000,19509000,5854501,1500,27040000,13200000,5853000,1950000,3903000,1950000,0,0,0,1953000,1536342,1.5363
swap_distribute_parallel_for_collapse_1100_1300_1550,1100,1550,0,3100,20159300,6049651,1550,27560000,13640000,6048100,2015000,4033100,2015000,0,0,0,2018100,1589474,1.5895
swap_distribute_parallel_for_collapse_1100_1300_1600,1100,1600,0,3200,20809600,6244801,1600,28080000,14080000,6243200,2080000,4163200,2080000,0,0,0,2083200,1641418,1.6414
swap_distribute_parallel_for_collapse_1100_1300_1650,1100,1650,0,3300,21459900,6439951,1650,28600000,14520000,6438300,2145000,4293300,2145000,0,0,0,2148300,1692702,1.6927
swap_distribute_parallel_for_collapse_1100_1300_1700,1100,1700,0,3400,22110200,6635101,1700,29120000,14960000,6633400,2210000,4423400,2210000,0,0,0,2213400,1741063,1.7411
swap_distribute_parallel_for_collapse_1100_1300_1750,1100,1750,0,3500,22760500,6830251,1750,29640000,15400000,6828500,2275000,4553500,2275000,0,0,0,2278500,1797634,1.7976
swap_distribute_parallel_for_collapse_1100_1300_1800,1100,1800,0,3600,23410800,7025401,1800,30160000,15840000,7023600,2340000,4683600,2340000,0,0,0,2343600,1847708,1.8477
swap_distribute_parallel_for_collapse_1100_1300_1850,1100,1850,0,3700,24061100,7220551,1850,30680000,16280000,7218700,2405000,4813700,2405000,0,0,0,2408700,1904226,1.9042
swap_distribute_parallel_for_collapse_1100_1300_1900,1100,1900,0,3800,24711400,7415701,1900,31200000,16720000,7413800,2470000,4943800,2470000,0,0,0,2473800,1952870,1.9529
swap_distribute_parallel_for_collapse_1100_1300_1950,1100,1950,0,3900,25361700,7610851,1950,31720000,17160000,7608900,2535000,5073900,2535000,0,0,0,2538900,2004194,2.0042
swap_distribute_parallel_for_collapse_1100_1300_2000,1100,2000,0,4000,26012000,7806001,2000,32240000,17600000,7804000,2600000,5204000,2600000,0,0,0,2604000,2054396,2.0544
swap_distribute_parallel_for_collapse_1100_1350_1050,1100,1050,0,2100,14181300,4255651,1050,23220000,9240000,4254600,1417500,2837100,1417500,0,0,0,1419600,1112504,1.1125
swap_distribute_parallel_for_collapse_1100_1350_1100,1100,1100,0,2200,14856600,4458301,1100,23760000,9680000,4457200,1485000,2972200,1485000,0,0,0,1487200,1162442,1.1624
swap_distribute_parallel_for_collapse_1100_1350_1150,1100,1150,0,2300,15531900,4660951,1150,24300000,10120000,4659800,1552500,3107300,1552500,0,0,0,1554800,1216293,1.2163
swap_distribute_parallel_for_collapse_1100_1350_1200,1100,1200,0,2400,16207200,4863601,1200,24840000,10560000,4862400,1620000,3242400,1620000,0,0,0,1622400,1268318,1.2683
swap_distribute_parallel_for_collapse_1100_1350_1250,1100,1250,0,2500,16882500,5066251,1250,25380000,11000000,5065000,1687500,3377500,1687500,0,0,0,1690000,1328973,1.3290
swap_distribute_parallel_for_collapse_1100_1350_1300,1100,1300,0,2600,17557800,5268901,1300,25920000,11440000,5267600,1755000,3512600,1755000,0,0,0,1757600,1375942,1.3759
swap_distribute_parallel_for_collapse_1100_1350_1350,1100,1350,0,2700,18233100,5471551,1350,26460000,11880000,5470200,1822500,3647700,1822500,0,0,0,1825200,1429835,1.4298
swap_distribute_parallel_for_collapse_1100_1350_1400,1100,1400,0,2800,18908400,5674201,1400,27000000,12320000,5672800,1890000,3782800,1890000,0,0,0,1892800,1488321,1.4883
swap_distribute_parallel_for_collapse_1100_1350_1450,1100,1450,0,2900,19583700,5876851,1450,27540000,12760000,5875400,1957500,3917900,1957500,0,0,0,1960400,1543398,1.5434
swap_distribute_parallel_for_collapse_1100_1350_1500,1100,1500,0,3000,20259000,6079501,1500,28080000,13200000,6078000,2025000,4053000,2025000,0,0,0,2028000,1595050,1.5951
swap_distribute_parallel_for_collapse_1100_1350_1550,1100,1550,0,3100,20934300,6282151,1550,28620000,13640000,6280600,2092500,4188100,2092500,0,0,0,2095600,1652369,1.6524
swap_distribute_parallel_for_collapse_1100_1350_1600,1100,1600,0,3200,21609600,6484801,1600,29160000,14080000,6483200,2160000,4323200,2160000,0,0,0,2163200,1715958,1.7160
swap_distribute_parallel_for_collapse_1100_1350_1650,1100,1650,0,3300,22284900,6687451,1650,29700000,14520000,6685800,2227500,4458300,2227500,0,0,0,2230800,1758218,1.7582
swap_distribute_parallel_for_collapse_1100_1350_1700,1100,1700,0,3400,22960200,6890101,1700,30240000,14960000,6888400,2295000,4593400,2295000,0,0,0,2298400,1819805,1.8198
swap_distribute_parallel_for_collapse_1100_1350_1750,1100,1750,0,3500,23635500,7092751,1750,30780000,15400000,7091000,2362500,4728500,2362500,0,0,0,2366000,1884748,1.8847
swap_distribute_parallel_for_collapse_1100_1350_1800,1100,1800,0,3600,24310800,7295401,1800,31320000,15840000,7293600,2430000,4863600,2430000,0,0,0,2433600,1942903,1.9429
swap_distribute_parallel_for_collapse_1100_1350_1850,1100,1850,0,3700,24986100,7498051,1850,31860000,16280000,7496200,2497500,4998700,2497500,0,0,0,2501200,1985948,1.9859
swap_distribute_parallel_for_collapse_1100_1350_1900,1100,1900,0,3800,25661400,7700701,1900,32400000,16720000,7698800,2565000,5133800,2565000,0,0,0,2568800,2040337,2.0403
swap_distribute_parallel_for_collapse_1100_1350_1950,1100,1950,0,3900,26336700,7903351,1950,32940000,17160000,7901400,2632500,5268900,2632500,0,0,0,2636400,2099942,2.0999
swap_distribute_parallel_for_collapse_1100_1350_2000,1100,2000,0,4000,27012000,8106001,2000,33480000,17600000,8104000,2700000,5404000,2700000,0,0,0,2704000,2133555,2.1336
swap_distribute_parallel_for_collapse_1100_1400_1050,1100,1050,0,2100,14706300,4413151,1050,24080000,9240000,4412100,1470000,2942100,1470000,0,0,0,1472100,1154666,1.1547
swap_distribute_parallel_for_collapse_1100_1400_1100,1100,1100,0,2200,15406600,4623301,1100,24640000,9680000,4622200,1540000,3082200,1540000,0,0,0,1542200,1210404,1.2104
swap_distribute_parallel_for_collapse_1100_1400_1150,1100,1150,0,2300,16106900,4833451,1150,25200000,10120000,4832300,1610000,3222300,1610000,0,0,0,1612300,1265300,1.2653
swap_distribute_parallel_for_collapse_1100_1400_1200,1100,1200,0,2400,16807200,5043601,1200,25760000,10560000,5042400,1680000,3362400,1680000,0,0,0,1682400,1322667,1.3227
swap_distribute_parallel_for_collapse_1100_1400_1250,1100,1250,0,2500,17507500,5253751,1250,26320000,11000000,5252500,1750000,3502500,1750000,0,0,0,1752500,1401116,1.4011
swap_distribute_parallel_for_collapse_1100_1400_1300,1100,1300,0,2600,18207800,5463901,1300,26880000,11440000,5462600,1820000,3642600,1820000,0,0,0,1822600,1432166,1.4322
swap_distribute_parallel_for_collapse_1100_1400_1350,1100,1350,0,2700,18908100,5674051,1350,27440000,11880000,5672700,1890000,3782700,1890000,0,0,0,1892700,1491329,1.4913
swap_distribute_parallel_for_collapse_1100_1400_1400,1100,1400,0,2800,19608400,5884201,1400,28000000,12320000,5882800,1960000,3922800,1960000,0,0,0,1962800,1543628,1.5436
swap_distribute_parallel_for_collapse_1100_1400_1450,1100,1450,0,2900,20308700,6094351,1450,28560000,12760000,6092900,2030000,4062900,2030000,0,0,0,2032900,1603586,1.6036
swap_distribute_parallel_for_collapse_1100_1400_1500,1100,1500,0,3000,21009000,6304501,1500,29120000,13200000,6303000,2100000,4203000,2100000,0,0,0,2103000,1657207,1.6572
swap_distribute_parallel_for_collapse_1100_1400_1550,1100,1550,0,3100,21709300,6514651,1550,29680000,13640000,6513100,2170000,4343100,2170000,0,0,0,2173100,1713731,1.7137
swap_distribute_parallel_for_collapse_1100_1400_1600,1100,1600,0,3200,22409600,6724801,1600,30240000,14080000,6723200,2240000,4483200,2240000,0,0,0,2243200,1769257,1.7693
swap_distribute_parallel_for_collapse_1100_1400_1650,1100,1650,0,3300,23109900,6934951,1650,30800000,14520000,6933300,2310000,4623300,2310000,0,0,0,2313300,1827629,1.8276
swap_distribute_parallel_for_collapse_1100_1400_1700,1100,1700,0,3400,23810200,7145101,1700,31360000,14960000,7143400,2380000,4763400,2380000,0,0,0,2383400,1882488,1.8825
swap_distribute_parallel_for_collapse_1100_1400_1750,1100,1750,0,3500,24510500,7355251,1750,31920000,15400000,7353500,2450000,4903500,2450000,0,0,0,2453500,1966612,1.9666
swap_distribute_parallel_for_collapse_1100_1400_1800,1100,1800,0,3600,25210800,7565401,1800,32480000,15840000,7563600,2520000,5043600,2520000,0,0,0,2523600,1992456,1.9925
swap_distribute_parallel_for_collapse_1100_1400_1850,1100,1850,0,3700,25911100,7775551,1850,33040000,16280000,7773700,2590000,5183700,2590000,0,0,0,2593700,2054690,2.0547
swap_distribute_parallel_for_collapse_1100_1400_1900,1100,1900,0,3800,26611400,7985701,1900,33600000,16720000,7983800,2660000,5323800,2660000,0,0,0,2663800,2106954,2.1070
swap_distribute_parallel_for_collapse_1100_1400_1950,1100,1950,0,3900,27311700,8195851,1950,34160000,17160000,8193900,2730000,5463900,2730000,0,0,0,2733900,2162250,2.1622
swap_distribute_parallel_for_collapse_1100_1400_2000,1100,2000,0,4000,28012000,8406001,2000,34720000,17600000,8404000,2800000,5604000,2800000,0,0,0,2804000,2226645,2.2266
swap_distribute_parallel_for_collapse_1100_1450_1050,1100,1050,0,2100,15231300,4570651,1050,24940000,9240000,4569600,1522500,3047100,1522500,0,0,0,1524600,1198476,1.1985
swap_distribute_parallel_for_collapse_1100_1450_1100,1100,1100,0,2200,15956600,4788301,1100,25520000,9680000,4787200,1595000,3192200,1595000,0,0,0,1597200,1255866,1.2559
swap_distribute_parallel_for_collapse_1100_1450_1150,1100,1150,0,2300,16681900,5005951,1150,26100000,10120000,5004800,1667500,3337300,1667500,0,0,0,1669800,1313400,1.3134
swap_distribute_parallel_for_collapse_1100_1450_1200,1100,1200,0,2400,17407200,5223601,1200,26680000,10560000,5222400,1740000,3482400,1740000,0,0,0,1742400,1371628,1.3716
swap_distribute_parallel_for_collapse_1100_1450_1250,1100,1250,0,2500,18132500,5441251,1250,27260000,11000000,5440000,1812500,3627500,1812500,0,0,0,1815000,1428994,1.4290
swap_distribute_parallel_for_collapse_1100_1450_1300,1100,1300,0,2600,18857800,5658901,1300,27840000,11440000,5657600,1885000,3772600,1885000,0,0,0,1887600,1485441,1.4854
swap_distribute_parallel_for_collapse_1100_1450_1350,1100,1350,0,2700,19583100,5876551,1350,28420000,11880000,5875200,1957500,3917700,1957500,0,0,0,1960200,1545276,1.5453
swap_distribute_parallel_for_collapse_1100_1450_1400,1100,1400,0,2800,20308400,6094201,1400,29000000,12320000,6092800,2030000,4062800,2030000,0,0,0,2032800,1601692,1.6017
swap_distribute_parallel_for_collapse_1100_1450_1450,1100,1450,0,2900,21033700,6311851,1450,29580000,12760000,6310400,2102500,4207900,2102500,0,0,0,2105400,1683818,1.6838
swap_distribute_parallel_for_collapse_1100_1450_1500,1100,1500,0,3000,21759000,6529501,1500,30160000,13200000,6528000,2175000,4353000,2175000,0,0,0,2178000,1719530,1.7195
swap_distribute_parallel_for_collapse_1100_1450_1550,1100,1550,0,3100,22484300,6747151,1550,30740000,13640000,6745600,2247500,4498100,2247500,0,0,0,2250600,1790393,1.7904
swap_distribute_parallel_for_collapse_1100_1450_1600,1100,1600,0,3200,23209600,6964801,1600,31320000,14080000,6963200,2320000,4643200,2320000,0,0,0,2323200,1835285,1.8353
swap_distribute_parallel_for_collapse_1100_1450_1650,1100,1650,0,3300,23934900,7182451,1650,31900000,14520000,7180800,2392500,4788300,2392500,0,0,0,2395800,1890783,1.8908
swap_distribute_parallel_for_collapse_1100_1450_1700,1100,1700,0,3400,24660200,7400101,1700,32480000,14960000,7398400,2465000,4933400,2465000,0,0,0,2468400,1947366,1.9474
swap_distribute_parallel_for_collapse_1100_1450_1750,1100,1750,0,3500,25385500,7617751,1750,33060000,15400000,7616000,2537500,5078500,2537500,0,0,0,2541000,2028210,2.0282
swap_distribute_parallel_for_collapse_1100_1450_1800,1100,1800,0,3600,26110800,7835401,1800,33640000,15840000,7833600,2610000,5223600,2610000,0,0,0,2613600,2064894,2.0649
swap_distribute_parallel_for_collapse_1100_1450_1850,1100,1850,0,3700,26836100,8053051,1850,34220000,16280000,8051200,2682500,5368700,2682500,0,0,0,2686200,2121994,2.1220
swap_distribute_parallel_for_collapse_1100_1450_1900,1100,1900,0,3800,27561400,8270701,1900,34800000,16720000,8268800,2755000,5513800,2755000,0,0,0,2758800,2179591,2.1796
swap_distribute_parallel_for_collapse_1100_1450_1950,1100,1950,0,3900,28286700,8488351,1950,35380000,17160000,8486400,2827500,5658900,2827500,0,0,0,2831400,2253738,2.2537
swap_distribute_parallel_for_collapse_1100_1450_2000,1100,2000,0,4000,29012000,8706001,2000,35960000,17600000,8704000,2900000,5804000,2900000,0,0,0,2904000,2298978,2.2990
swap_distribute_parallel_for_collapse_1100_1500_1050,1100,1050,0,2100,15756300,4728151,1050,25800000,9240000,4727100,1575000,3152100,1575000,0,0,0,1577100,1244150,1.2442
swap_distribute_parallel_for_collapse_1100_1500_1100,1100,1100,0,2200,16506600,4953301,1100,26400000,9680000,4952200,1650000,3302200,1650000,0,0,0,1652200,1309559,1.3096
swap_distribute_parallel_for_collapse_1100_1500_1150,1100,1150,0,2300,17256900,5178451,1150,27000000,10120000,5177300,1725000,3452300,1725000,0,0,0,1727300,1375609,1.3756
swap_distribute_parallel_for_collapse_1100_1500_1200,1100,1200,0,2400,18007200,5403601,1200,27600000,10560000,5402400,1800000,3602400,1800000,0,0,0,1802400,1426521,1.4265
swap_distribute_parallel_for_collapse_1100_1500_1250,1100,1250,0,2500,18757500,5628751,1250,28200000,11000000,5627500,1875000,3752500,1875000,0,0,0,1877500,1486984,1.4870
swap_distribute_parallel_for_collapse_1100_1500_1300,1100,1300,0,2600,19507800,5853901,1300,28800000,11440000,5852600,1950000,3902600,1950000,0,0,0,1952600,1550266,1.5503
swap_distribute_parallel_for_collapse_1100_1500_1350,1100,1350,0,2700,20258100,6079051,1350,29400000,11880000,6077700,2025000,4052700,2025000,0,0,0,2027700,1608263,1.6083
swap_distribute_parallel_for_collapse_1100_1500_1400,1100,1400,0,2800,21008400,6304201,1400,30000000,12320000,6302800,2100000,4202800,2100000,0,0,0,2102800,1667345,1.6673
swap_distribute_parallel_for_collapse_1100_1500_1450,1100,1450,0,2900,21758700,6529351,1450,30600000,12760000,6527900,2175000,4352900,2175000,0,0,0,2177900,1731039,1.7310
swap_distribute_parallel_for_collapse_1100_1500_1500,1100,1500,0,3000,22509000,6754501,1500,31200000,13200000,6753000,2250000,4503000,2250000,0,0,0,2253000,1790639,1.7906
swap_distribute_parallel_for_collapse_1100_1500_1550,1100,1550,0,3100,23259300,6979651,1550,31800000,13640000,6978100,2325000,4653100,2325000,0,0,0,2328100,1854216,1.8542
swap_distribute_parallel_for_collapse_1100_1500_1600,1100,1600,0,3200,24009600,7204801,1600,32400000,14080000,7203200,2400000,4803200,2400000,0,0,0,2403200,1910724,1.9107
swap_distribute_parallel_for_collapse_1100_1500_1650,1100,1650,0,3300,24759900,7429951,1650,33000000,14520000,7428300,2475000,4953300,2475000,0,0,0,2478300,1973670,1.9737
swap_distribute_parallel_for_collapse_1100_1500_1700,1100,1700,0,3400,25510200,7655101,1700,33600000,14960000,7653400,2550000,5103400,2550000,0,0,0,2553400,2030619,2.0306
swap_distribute_parallel_for_collapse_1100_1500_1750,1100,1750,0,3500,26260500,7880251,1750,34200000,15400000,7878500,2625000,5253500,2625000,0,0,0,2628500,2092770,2.0928
swap_distribute_parallel_for_collapse_1100_1500_1800,1100,1800,0,3600,27010800,8105401,1800,34800000,15840000,8103600,2700000,5403600,2700000,0,0,0,2703600,2152394,2.1524
swap_distribute_parallel_for_collapse_1100_1500_1850,1100,1850,0,3700,27761100,8330551,1850,35400000,16280000,8328700,2775000,5553700,2775000,0,0,0,2778700,2214045,2.2140
swap_distribute_parallel_for_collapse_1100_1500_1900,1100,1900,0,3800,28511400,8555701,1900,36000000,16720000,8553800,2850000,5703800,2850000,0,0,0,2853800,2275587,2.2756
swap_distribute_parallel_for_collapse_1100_1500_1950,1100,1950,0,3900,29261700,8780851,1950,36600000,17160000,8778900,2925000,5853900,2925000,0,0,0,2928900,2334759,2.3348
swap_distribute_parallel_for_collapse_1100_1500_2000,1100,2000,0,4000,30012000,9006001,2000,37200000,17600000,9004000,3000000,6004000,3000000,0,0,0,3004000,2398166,2.3982
swap_distribute_parallel_for_collapse_1100_1550_1050,1100,1050,0,2100,16281300,4885651,1050,26660000,9240000,4884600,1627500,3257100,1627500,0,0,0,1629600,1301679,1.3017
swap_distribute_parallel_for_collapse_1100_1550_1100,1100,1100,0,2200,17056600,5118301,1100,27280000,9680000,5117200,1705000,3412200,1705000,0,0,0,1707200,1373219,1.3732
swap_distribute_parallel_for_collapse_1100_1550_1150,1100,1150,0,2300,17831900,5350951,1150,27900000,10120000,5349800,1782500,3567300,1782500,0,0,0,1784800,1448882,1.4489
swap_distribute_parallel_for_collapse_1100_1550_1200,1100,1200,0,2400,18607200,5583601,1200,28520000,10560000,5582400,1860000,3722400,1860000,0,0,0,1862400,1469528,1.4695
swap_distribute_parallel_for_collapse_1100_1550_1250,1100,1250,0,2500,19382500,5816251,1250,29140000,11000000,5815000,1937500,3877500,1937500,0,0,0,1940000,1538536,1.5385
swap_distribute_parallel_for_collapse_1100_1550_1300,1100,1300,0,2600,20157800,6048901,1300,29760000,11440000,6047600,2015000,4032600,2015000,0,0,0,2017600,1610269,1.6103
swap_distribute_parallel_for_collapse_1100_1550_1350,1100,1350,0,2700,20933100,6281551,1350,30380000,11880000,6280200,2092500,4187700,2092500,0,0,0,2095200,1673364,1.6734
swap_distribute_parallel_for_collapse_1100_1550_1400,1100,1400,0,2800,21708400,6514201,1400,31000000,12320000,6512800,2170000,4342800,2170000,0,0,0,2172800,1750029,1.7500
swap_distribute_parallel_for_collapse_1100_1550_1450,1100,1450,0,2900,22483700,6746851,1450,31620000,12760000,6745400,2247500,4497900,2247500,0,0,0,2250400,1794727,1.7947
swap_distribute_parallel_for_collapse_1100_1550_1500,1100,1500,0,3000,23259000,6979501,1500,32240000,13200000,6978000,2325000,4653000,2325000,0,0,0,2328000,1847632,1.8476
swap_distribute_parallel_for_collapse_1100_1550_1550,1100,1550,0,3100,24034300,7212151,1550,32860000,13640000,7210600,2402500,4808100,2402500,0,0,0,2405600,1909090,1.9091
swap_distribute_parallel_for_collapse_1100_1550_1600,1100,1600,0,3200,24809600,7444801,1600,33480000,14080000,7443200,2480000,4963200,2480000,0,0,0,2483200,1970249,1.9702
swap_distribute_parallel_for_collapse_1100_1550_1650,1100,1650,0,3300,25584900,7677451,1650,34100000,14520000,7675800,2557500,5118300,2557500,0,0,0,2560800,2031768,2.0318
swap_distribute_parallel_for_collapse_1100_1550_1700,1100,1700,0,3400,26360200,7910101,1700,34720000,14960000,7908400,2635000,5273400,2635000,0,0,0,2638400,2093939,2.0939
swap_distribute_parallel_for_collapse_1100_1550_1750,1100,1750,0,3500,27135500,8142751,1750,35340000,15400000,8141000,2712500,5428500,2712500,0,0,0,2716000,2156580,2.1566
swap_distribute_parallel_for_collapse_1100_1550_1800,1100,1800,0,3600,27910800,8375401,1800,35960000,15840000,8373600,2790000,5583600,2790000,0,0,0,2793600,2218266,2.2183
swap_distribute_parallel_for_collapse_1100_1550_1850,1100,1850,0,3700,28686100,8608051,1850,36580000,16280000,8606200,2867500,5738700,2867500,0,0,0,2871200,2281139,2.2811
swap_distribute_parallel_for_collapse_1100_1550_1900,1100,1900,0,3800,29461400,8840701,1900,37200000,16720000,8838800,2945000,5893800,2945000,0,0,0,2948800,2338453,2.3385
swap_distribute_parallel_for_collapse_1100_1550_1950,1100,1950,0,3900,30236700,9073351,1950,37820000,17160000,9071400,3022500,6048900,3022500,0,0,0,3026400,2405507,2.4055
swap_distribute_parallel_for_collapse_1100_1550_2000,1100,2000,0,4000,31012000,9306001,2000,38440000,17600000,9304000,3100000,6204000,3100000,0,0,0,3104000,2463644,2.4636
swap_distribute_parallel_for_collapse_1100_1600_1050,1100,1050,0,2100,16806300,5043151,1050,27520000,9240000,5042100,1680000,3362100,1680000,0,0,0,1682100,1328161,1.3282
swap_distribute_parallel_for_collapse_1100_1600_1100,1100,1100,0,2200,17606600,5283301,1100,28160000,9680000,5282200,1760000,3522200,1760000,0,0,0,1762200,1389965,1.3900
swap_distribute_parallel_for_collapse_1100_1600_1150,1100,1150,0,2300,18406900,5523451,1150,28800000,10120000,5522300,1840000,3682300,1840000,0,0,0,1842300,1455209,1.4552
swap_distribute_parallel_for_collapse_1100_1600_1200,1100,1200,0,2400,19207200,5763601,1200,29440000,10560000,5762400,1920000,3842400,1920000,0,0,0,1922400,1517145,1.5171
swap_distribute_parallel_for_collapse_1100_1600_1250,1100,1250,0,2500,20007500,6003751,1250,30080000,11000000,6002500,2000000,4002500,2000000,0,0,0,2002500,1582818,1.5828
swap_distribute_parallel_for_collapse_1100_1600_1300,1100,1300,0,2600,20807800,6243901,1300,30720000,11440000,6242600,2080000,4162600,2080000,0,0,0,2082600,1646610,1.6466
swap_distribute_parallel_for_collapse_1100_1600_1350,1100,1350,0,2700,21608100,6484051,1350,31360000,11880000,6482700,2160000,4322700,2160000,0,0,0,2162700,1734598,1.7346
swap_distribute_parallel_for_collapse_1100_1600_1400,1100,1400,0,2800,22408400,6724201,1400,32000000,12320000,6722800,2240000,4482800,2240000,0,0,0,2242800,1777911,1.7779
swap_distribute_parallel_for_collapse_1100_1600_1450,1100,1450,0,2900,23208700,6964351,1450,32640000,12760000,6962900,2320000,4642900,2320000,0,0,0,2322900,1860601,1.8606
swap_distribute_parallel_for_collapse_1100_1600_1500,1100,1500,0,3000,24009000,7204501,1500,33280000,13200000,7203000,2400000,4803000,2400000,0,0,0,2403000,1919864,1.9199
swap_distribute_parallel_for_collapse_1100_1600_1550,1100,1550,0,3100,24809300,7444651,1550,33920000,13640000,7443100,2480000,4963100,2480000,0,0,0,2483100,1966259,1.9663
swap_distribute_parallel_for_collapse_1100_1600_1600,1100,1600,0,3200,25609600,7684801,1600,34560000,14080000,7683200,2560000,5123200,2560000,0,0,0,2563200,2030251,2.0303
swap_distribute_parallel_for_collapse_1100_1600_1650,1100,1650,0,3300,26409900,7924951,1650,35200000,14520000,7923300,2640000,5283300,2640000,0,0,0,2643300,2108973,2.1090
swap_distribute_parallel_for_collapse_1100_1600_1700,1100,1700,0,3400,27210200,8165101,1700,35840000,14960000,8163400,2720000,5443400,2720000,0,0,0,2723400,2162185,2.1622
swap_distribute_parallel_for_collapse_1100_1600_1750,1100,1750,0,3500,28010500,8405251,1750,36480000,15400000,8403500,2800000,5603500,2800000,0,0,0,2803500,2222050,2.2220
swap_distribute_parallel_for_collapse_1100_1600_1800,1100,1800,0,3600,28810800,8645401,1800,37120000,15840000,8643600,2880000,5763600,2880000,0,0,0,2883600,2288462,2.2885
swap_distribute_parallel_for_collapse_1100_1600_1850,1100,1850,0,3700,29611100,8885551,1850,37760000,16280000,8883700,2960000,5923700,2960000,0,0,0,2963700,2364434,2.3644
swap_distribute_parallel_for_collapse_1100_1600_1900,1100,1900,0,3800,30411400,9125701,1900,38400000,16720000,9123800,3040000,6083800,3040000,0,0,0,3043800,2411614,2.4116
swap_distribute_parallel_for_collapse_1100_1600_1950,1100,1950,0,3900,31211700,9365851,1950,39040000,17160000,9363900,3120000,6243900,3120000,0,0,0,3123900,2479647,2.4796
swap_distribute_parallel_for_collapse_1100_1600_2000,1100,2000,0,4000,32012000,9606001,2000,39680000,17600000,9604000,3200000,6404000,3200000,0,0,0,3204000,2542721,2.5427
swap_distribute_parallel_for_collapse_1100_1650_1050,1100,1050,0,2100,17331300,5200651,1050,28380000,9240000,5199600,1732500,3467100,1732500,0,0,0,1734600,1374646,1.3746
swap_distribute_parallel_for_collapse_1100_1650_1100,1100,1100,0,2200,18156600,5448301,1100,29040000,9680000,5447200,1815000,3632200,1815000,0,0,0,1817200,1437906,1.4379
swap_distribute_parallel_for_collapse_1100_1650_1150,1100,1150,0,2300,18981900,5695951,1150,29700000,10120000,5694800,1897500,3797300,1897500,0,0,0,1899800,1504468,1.5045
swap_distribute_parallel_for_collapse_1100_1650_1200,1100,1200,0,2400,19807200,5943601,1200,30360000,10560000,5942400,1980000,3962400,1980000,0,0,0,1982400,1569708,1.5697
swap_distribute_parallel_for_collapse_1100_1650_1250,1100,1250,0,2500,20632500,6191251,1250,31020000,11000000,6190000,2062500,4127500,2062500,0,0,0,2065000,1636292,1.6363
swap_distribute_parallel_for_collapse_1100_1650_1300,1100,1300,0,2600,21457800,6438901,1300,31680000,11440000,6437600,2145000,4292600,2145000,0,0,0,2147600,1707553,1.7076
swap_distribute_parallel_for_collapse_1100_1650_1350,1100,1350,0,2700,22283100,6686551,1350,32340000,11880000,6685200,2227500,4457700,2227500,0,0,0,2230200,1770156,1.7702
swap_distribute_parallel_for_collapse_1100_1650_1400,1100,1400,0,2800,23108400,6934201,1400,33000000,12320000,6932800,2310000,4622800,2310000,0,0,0,2312800,1835085,1.8351
swap_distribute_parallel_for_collapse_1100_1650_1450,1100,1450,0,2900,23933700,7181851,1450,33660000,12760000,7180400,2392500,4787900,2392500,0,0,0,2395400,1904025,1.9040
swap_distribute_parallel_for_collapse_1100_1650_1500,1100,1500,0,3000,24759000,7429501,1500,34320000,13200000,7428000,2475000,4953000,2475000,0,0,0,2478000,1969167,1.9692
swap_distribute_parallel_for_collapse_1100_1650_1550,1100,1550,0,3100,25584300,7677151,1550,34980000,13640000,7675600,2557500,5118100,2557500,0,0,0,2560600,2034747,2.0347
swap_distribute_parallel_for_collapse_1100_1650_1600,1100,1600,0,3200,26409600,7924801,1600,35640000,14080000,7923200,2640000,5283200,2640000,0,0,0,2643200,2103280,2.1033
swap_distribute_parallel_for_collapse_1100_1650_1650,1100,1650,0,3300,27234900,8172451,1650,36300000,14520000,8170800,2722500,5448300,2722500,0,0,0,2725800,2167562,2.1676
swap_distribute_parallel_for_collapse_1100_1650_1700,1100,1700,0,3400,28060200,8420101,1700,36960000,14960000,8418400,2805000,5613400,2805000,0,0,0,2808400,2248712,2.2487
swap_distribute_parallel_for_collapse_1100_1650_1750,1100,1750,0,3500,28885500,8667751,1750,37620000,15400000,8666000,2887500,5778500,2887500,0,0,0,2891000,2321803,2.3218
swap_distribute_parallel_for_collapse_1100_1650_1800,1100,1800,0,3600,29710800,8915401,1800,38280000,15840000,8913600,2970000,5943600,2970000,0,0,0,2973600,2380358,2.3804
swap_distribute_parallel_for_collapse_1100_1650_1850,1100,1850,0,3700,30536100,9163051,1850,38940000,16280000,9161200,3052500,6108700,3052500,0,0,0,3056200,2466532,2.4665
swap_distribute_parallel_for_collapse_1100_1650_1900,1100,1900,0,3800,31361400,9410701,1900,39600000,16720000,9408800,3135000,6273800,3135000,0,0,0,3138800,2497036,2.4970
swap_distribute_parallel_for_collapse_1100_1650_1950,1100,1950,0,3900,32186700,9658351,1950,40260000,17160000,9656400,3217500,6438900,3217500,0,0,0,3221400,2575734,2.5757
swap_distribute_parallel_for_collapse_1100_1650_2000,1100,2000,0,4000,33012000,9906001,2000,40920000,17600000,9904000,3300000,6604000,3300000,0,0,0,3304000,2628517,2.6285
swap_distribute_parallel_for_collapse_1100_1700_1050,1100,1050,0,2100,17856300,5358151,1050,29240000,9240000,5357100,1785000,3572100,1785000,0,0,0,1787100,1416850,1.4168
swap_distribute_parallel_for_collapse_1100_1700_1100,1100,1100,0,2200,18706600,5613301,1100,29920000,9680000,5612200,1870000,3742200,1870000,0,0,0,1872200,1488681,1.4887
swap_distribute_parallel_for_collapse_1100_1700_1150,1100,1150,0,2300,19556900,5868451,1150,30600000,10120000,5867300,1955000,3912300,1955000,0,0,0,1957300,1551306,1.5513
swap_distribute_parallel_for_collapse_1100_1700_1200,1100,1200,0,2400,20407200,6123601,1200,31280000,10560000,6122400,2040000,4082400,2040000,0,0,0,2042400,1616910,1.6169
swap_distribute_parallel_for_collapse_1100_1700_1250,1100,1250,0,2500,21257500,6378751,1250,31960000,11000000,6377500,2125000,4252500,2125000,0,0,0,2127500,1687676,1.6877
swap_distribute_parallel_for_collapse_1100_1700_1300,1100,1300,0,2600,22107800,6633901,1300,32640000,11440000,6632600,2210000,4422600,2210000,0,0,0,2212600,1771902,1.7719
swap_distribute_parallel_for_collapse_1100_1700_1350,1100,1350,0,2700,22958100,6889051,1350,33320000,11880000,6887700,2295000,4592700,2295000,0,0,0,2297700,1823542,1.8235
swap_distribute_parallel_for_collapse_1100_1700_1400,1100,1400,0,2800,23808400,7144201,1400,34000000,12320000,7142800,2380000,4762800,2380000,0,0,0,2382800,1898097,1.8981
swap_distribute_parallel_for_collapse_1100_1700_1450,1100,1450,0,2900,24658700,7399351,1450,34680000,12760000,7397900,2465000,4932900,2465000,0,0,0,2467900,1961545,1.9615
swap_distribute_parallel_for_collapse_1100_1700_1500,1100,1500,0,3000,25509000,7654501,1500,35360000,13200000,7653000,2550000,5103000,2550000,0,0,0,2553000,2031229,2.0312
swap_distribute_parallel_for_collapse_1100_1700_1550,1100,1550,0,3100,26359300,7909651,1550,36040000,13640000,7908100,2635000,5273100,2635000,0,0,0,2638100,2098972,2.0990
swap_distribute_parallel_for_collapse_1100_1700_1600,1100,1600,0,3200,27209600,8164801,1600,36720000,14080000,8163200,2720000,5443200,2720000,0,0,0,2723200,2200024,2.2000
swap_distribute_parallel_for_collapse_1100_1700_1650,1100,1650,0,3300,28059900,8419951,1650,37400000,14520000,8418300,2805000,5613300,2805000,0,0,0,2808300,2249418,2.2494
swap_distribute_parallel_for_collapse_1100_1700_1700,1100,1700,0,3400,28910200,8675101,1700,38080000,14960000,8673400,2890000,5783400,2890000,0,0,0,2893400,2348989,2.3490
swap_distribute_parallel_for_collapse_1100_1700_1750,1100,1750,0,3500,29760500,8930251,1750,38760000,15400000,8928500,2975000,5953500,2975000,0,0,0,2978500,2389366,2.3894
swap_distribute_parallel_for_collapse_1100_1700_1800,1100,1800,0,3600,30610800,9185401,1800,39440000,15840000,9183600,3060000,6123600,3060000,0,0,0,3063600,2468240,2.4682
swap_distribute_parallel_for_collapse_1100_1700_1850,1100,1850,0,3700,31461100,9440551,1850,40120000,16280000,9438700,3145000,6293700,3145000,0,0,0,3148700,2514991,2.5150
swap_distribute_parallel_for_collapse_1100_1700_1900,1100,1900,0,3800,32311400,9695701,1900,40800000,16720000,9693800,3230000,6463800,3230000,0,0,0,3233800,2573844,2.5738
swap_distribute_parallel_for_collapse_1100_1700_1950,1100,1950,0,3900,33161700,9950851,1950,41480000,17160000,9948900,3315000,6633900,3315000,0,0,0,3318900,2658415,2.6584
swap_distribute_parallel_for_collapse_1100_1700_2000,1100,2000,0,4000,34012000,10206001,2000,42160000,17600000,10204000,3400000,6804000,3400000,0,0,0,3404000,2714245,2.7142
swap_distribute_parallel_for_collapse_1100_1750_1050,1100,1050,0,2100,18381300,5515651,1050,30100000,9240000,5514600,1837500,3677100,1837500,0,0,0,1839600,1460205,1.4602
swap_distribute_parallel_for_collapse_1100_1750_1100,1100,1100,0,2200,19256600,5778301,1100,30800000,9680000,5777200,1925000,3852200,1925000,0,0,0,1927200,1538695,1.5387
swap_distribute_parallel_for_collapse_1100_1750_1150,1100,1150,0,2300,20131900,6040951,1150,31500000,10120000,6039800,2012500,4027300,2012500,0,0,0,2014800,1600638,1.6006
swap_distribute_parallel_for_collapse_1100_1750_1200,1100,1200,0,2400,21007200,6303601,1200,32200000,10560000,6302400,2100000,4202400,2100000,0,0,0,2102400,1682978,1.6830
swap_distribute_parallel_for_collapse_1100_1750_1250,1100,1250,0,2500,21882500,6566251,1250,32900000,11000000,6565000,2187500,4377500,2187500,0,0,0,2190000,1742254,1.7423
swap_distribute_parallel_for_collapse_1100_1750_1300,1100,1300,0,2600,22757800,6828901,1300,33600000,11440000,6827600,2275000,4552600,2275000,0,0,0,2277600,1806714,1.8067
swap_distribute_parallel_for_collapse_1100_1750_1350,1100,1350,0,2700,23633100,7091551,1350,34300000,11880000,7090200,2362500,4727700,2362500,0,0,0,2365200,1896687,1.8967
swap_distribute_parallel_for_collapse_1100_1750_1400,1100,1400,0,2800,24508400,7354201,1400,35000000,12320000,7352800,2450000,4902800,2450000,0,0,0,2452800,1970739,1.9707
swap_distribute_parallel_for_collapse_1100_1750_1450,1100,1450,0,2900,25383700,7616851,1450,35700000,12760000,7615400,2537500,5077900,2537500,0,0,0,2540400,2021489,2.0215
swap_distribute_parallel_for_collapse_1100_1750_1500,1100,1500,0,3000,26259000,7879501,1500,36400000,13200000,7878000,2625000,5253000,2625000,0,0,0,2628000,2088351,2.0884
swap_distribute_parallel_for_collapse_1100_1750_1550,1100,1550,0,3100,27134300,8142151,1550,37100000,13640000,8140600,2712500,5428100,2712500,0,0,0,2715600,2162117,2.1621
swap_distribute_parallel_for_collapse_1100_1750_1600,1100,1600,0,3200,28009600,8404801,1600,37800000,14080000,8403200,2800000,5603200,2800000,0,0,0,2803200,2231761,2.2318
swap_distribute_parallel_for_collapse_1100_1750_1650,1100,1650,0,3300,28884900,8667451,1650,38500000,14520000,8665800,2887500,5778300,2887500,0,0,0,2890800,2300049,2.3000
swap_distribute_parallel_for_collapse_1100_1750_1700,1100,1700,0,3400,29760200,8930101,1700,39200000,14960000,8928400,2975000,5953400,2975000,0,0,0,2978400,2379113,2.3791
swap_distribute_parallel_for_collapse_1100_1750_1750,1100,1750,0,3500,30635500,9192751,1750,39900000,15400000,9191000,3062500,6128500,3062500,0,0,0,3066000,2448285,2.4483
swap_distribute_parallel_for_collapse_1100_1750_1800,1100,1800,0,3600,31510800,9455401,1800,40600000,15840000,9453600,3150000,6303600,3150000,0,0,0,3153600,2513311,2.5133
swap_distribute_parallel_for_collapse_1100_1750_1850,1100,1850,0,3700,32386100,9718051,1850,41300000,16280000,9716200,3237500,6478700,3237500,0,0,0,3241200,2582219,2.5822
swap_distribute_parallel_for_collapse_1100_1750_1900,1100,1900,0,3800,33261400,9980701,1900,42000000,16720000,9978800,3325000,6653800,3325000,0,0,0,3328800,2653791,2.6538
swap_distribute_parallel_for_collapse_1100_1750_1950,1100,1950,0,3900,34136700,10243351,1950,42700000,17160000,10241400,3412500,6828900,3412500,0,0,0,3416400,2726110,2.7261
swap_distribute_parallel_for_collapse_1100_1750_2000,1100,2000,0,4000,35012000,10506001,2000,43400000,17600000,10504000,3500000,7004000,3500000,0,0,0,3504000,2816443,2.8164
swap_distribute_parallel_for_collapse_1100_1800_1050,1100,1050,0,2100,18906300,5673151,1050,30960000,9240000,5672100,1890000,3782100,1890000,0,0,0,1892100,1502559,1.5026
swap_distribute_parallel_for_collapse_1100_1800_1100,1100,1100,0,2200,19806600,5943301,1100,31680000,9680000,5942200,1980000,3962200,1980000,0,0,0,1982200,1571261,1.5713
swap_distribute_parallel_for_collapse_1100_1800_1150,1100,1150,0,2300,20706900,6213451,1150,32400000,10120000,6212300,2070000,4142300,2070000,0,0,0,2072300,1642683,1.6427
swap_distribute_parallel_for_collapse_1100_1800_1200,1100,1200,0,2400,21607200,6483601,1200,33120000,10560000,6482400,2160000,4322400,2160000,0,0,0,2162400,1715301,1.7153
swap_distribute_parallel_for_collapse_1100_1800_1250,1100,1250,0,2500,22507500,6753751,1250,33840000,11000000,6752500,2250000,4502500,2250000,0,0,0,2252500,1803259,1.8033
swap_distribute_parallel_for_collapse_1100_1800_1300,1100,1300,0,2600,23407800,7023901,1300,34560000,11440000,7022600,2340000,4682600,2340000,0,0,0,2342600,1865823,1.8658
swap_distribute_parallel_for_collapse_1100_1800_1350,1100,1350,0,2700,24308100,7294051,1350,35280000,11880000,7292700,2430000,4862700,2430000,0,0,0,2432700,1936372,1.9364
swap_distribute_parallel_for_collapse_1100_1800_1400,1100,1400,0,2800,25208400,7564201,1400,36000000,12320000,7562800,2520000,5042800,2520000,0,0,0,2522800,2007734,2.0077
swap_distribute_parallel_for_collapse_1100_1800_1450,1100,1450,0,2900,26108700,7834351,1450,36720000,12760000,7832900,2610000,5222900,2610000,0,0,0,2612900,2082003,2.0820
swap_distribute_parallel_for_collapse_1100_1800_1500,1100,1500,0,3000,27009000,8104501,1500,37440000,13200000,8103000,2700000,5403000,2700000,0,0,0,2703000,2155848,2.1558
swap_distribute_parallel_for_collapse_1100_1800_1550,1100,1550,0,3100,27909300,8374651,1550,38160000,13640000,8373100,2790000,5583100,2790000,0,0,0,2793100,2228642,2.2286
swap_distribute_parallel_for_collapse_1100_1800_1600,1100,1600,0,3200,28809600,8644801,1600,38880000,14080000,8643200,2880000,5763200,2880000,0,0,0,2883200,2315812,2.3158
swap_distribute_parallel_for_collapse_1100_1800_1650,1100,1650,0,3300,29709900,8914951,1650,39600000,14520000,8913300,2970000,5943300,2970000,0,0,0,2973300,2374562,2.3746
swap_distribute_parallel_for_collapse_1100_1800_1700,1100,1700,0,3400,30610200,9185101,1700,40320000,14960000,9183400,3060000,6123400,3060000,0,0,0,3063400,2462940,2.4629
swap_distribute_parallel_for_collapse_1100_1800_1750,1100,1750,0,3500,31510500,9455251,1750,41040000,15400000,9453500,3150000,6303500,3150000,0,0,0,3153500,2532778,2.5328
swap_distribute_parallel_for_collapse_1100_1800_1800,1100,1800,0,3600,32410800,9725401,1800,41760000,15840000,9723600,3240000,6483600,3240000,0,0,0,3243600,2585810,2.5858
swap_distribute_parallel_for_collapse_1100_1800_1850,1100,1850,0,3700,33311100,9995551,1850,42480000,16280000,9993700,3330000,6663700,3330000,0,0,0,3333700,2659919,2.6599
swap_distribute_parallel_for_collapse_1100_1800_1900,1100,1900,0,3800,34211400,10265701,1900,43200000,16720000,10263800,3420000,6843800,3420000,0,0,0,3423800,2730971,2.7310
swap_distribute_parallel_for_collapse_1100_1800_1950,1100,1950,0,3900,35111700,10535851,1950,43920000,17160000,10533900,3510000,7023900,3510000,0,0,0,3513900,2805700,2.8057
swap_distribute_parallel_for_collapse_1100_1800_2000,1100,2000,0,4000,36012000,10806001,2000,44640000,17600000,10804000,3600000,7204000,3600000,0,0,0,3604000,2874172,2.8742
swap_distribute_parallel_for_collapse_1100_1850_1050,1100,1050,0,2100,19431300,5830651,1050,31820000,9240000,5829600,1942500,3887100,1942500,0,0,0,1944600,1535927,1.5359
swap_distribute_parallel_for_collapse_1100_1850_1100,1100,1100,0,2200,20356600,6108301,1100,32560000,9680000,6107200,2035000,4072200,2035000,0,0,0,2037200,1611069,1.6111
swap_distribute_parallel_for_collapse_1100_1850_1150,1100,1150,0,2300,21281900,6385951,1150,33300000,10120000,6384800,2127500,4257300,2127500,0,0,0,2129800,1682296,1.6823
swap_distribute_parallel_for_collapse_1100_1850_1200,1100,1200,0,2400,22207200,6663601,1200,34040000,10560000,6662400,2220000,4442400,2220000,0,0,0,2222400,1758796,1.7588
swap_distribute_parallel_for_collapse_1100_1850_1250,1100,1250,0,2500,23132500,6941251,1250,34780000,11000000,6940000,2312500,4627500,2312500,0,0,0,2315000,1830359,1.8304
swap_distribute_parallel_for_collapse_1100_1850_1300,1100,1300,0,2600,24057800,7218901,1300,35520000,11440000,7217600,2405000,4812600,2405000,0,0,0,2407600,1911510,1.9115
swap_distribute_parallel_for_collapse_1100_1850_1350,1100,1350,0,2700,24983100,7496551,1350,36260000,11880000,7495200,2497500,4997700,2497500,0,0,0,2500200,1995196,1.9952
swap_distribute_parallel_for_collapse_1100_1850_1400,1100,1400,0,2800,25908400,7774201,1400,37000000,12320000,7772800,2590000,5182800,2590000,0,0,0,2592800,2051486,2.0515
swap_distribute_parallel_for_collapse_1100_1850_1450,1100,1450,0,2900,26833700,8051851,1450,37740000,12760000,8050400,2682500,5367900,2682500,0,0,0,2685400,2129647,2.1296
swap_distribute_parallel_for_collapse_1100_1850_1500,1100,1500,0,3000,27759000,8329501,1500,38480000,13200000,8328000,2775000,5553000,2775000,0,0,0,2778000,2201096,2.2011
swap_distribute_parallel_for_collapse_1100_1850_1550,1100,1550,0,3100,28684300,8607151,1550,39220000,13640000,8605600,2867500,5738100,2867500,0,0,0,2870600,2276599,2.2766
swap_distribute_parallel_for_collapse_1100_1850_1600,1100,1600,0,3200,29609600,8884801,1600,39960000,14080000,8883200,2960000,5923200,2960000,0,0,0,2963200,2353716,2.3537
swap_distribute_parallel_for_collapse_1100_1850_1650,1100,1650,0,3300,30534900,9162451,1650,40700000,14520000,9160800,3052500,6108300,3052500,0,0,0,3055800,2427390,2.4274
swap_distribute_parallel_for_collapse_1100_1850_1700,1100,1700,0,3400,31460200,9440101,1700,41440000,14960000,9438400,3145000,6293400,3145000,0,0,0,3148400,2500221,2.5002
swap_distribute_parallel_for_collapse_1100_1850_1750,1100,1750,0,3500,32385500,9717751,1750,42180000,15400000,9716000,3237500,6478500,3237500,0,0,0,3241000,2625042,2.6250
swap_distribute_parallel_for_collapse_1100_1850_1800,1100,1800,0,3600,33310800,9995401,1800,42920000,15840000,9993600,3330000,6663600,3330000,0,0,0,3333600,2675786,2.6758
swap_distribute_parallel_for_collapse_1100_1850_1850,1100,1850,0,3700,34236100,10273051,1850,43660000,16280000,10271200,3422500,6848700,3422500,0,0,0,3426200,2796908,2.7969
swap_distribute_parallel_for_collapse_1100_1850_1900,1100,1900,0,3800,35161400,10550701,1900,44400000,16720000,10548800,3515000,7033800,3515000,0,0,0,3518800,2818963,2.8190
swap_distribute_parallel_for_collapse_1100_1850_1950,1100,1950,0,3900,36086700,10828351,1950,45140000,17160000,10826400,3607500,7218900,3607500,0,0,0,3611400,2905093,2.9051
swap_distribute_parallel_for_collapse_1100_1850_2000,1100,2000,0,4000,37012000,11106001,2000,45880000,17600000,11104000,3700000,7404000,3700000,0,0,0,3704000,2952246,2.9522
swap_distribute_parallel_for_collapse_1100_1900_1050,1100,1050,0,2100,19956300,5988151,1050,32680000,9240000,5987100,1995000,3992100,1995000,0,0,0,1997100,1600407,1.6004
swap_distribute_parallel_for_collapse_1100_1900_1100,1100,1100,0,2200,20906600,6273301,1100,33440000,9680000,6272200,2090000,4182200,2090000,0,0,0,2092200,1666059,1.6661
swap_distribute_parallel_for_collapse_1100_1900_1150,1100,1150,0,2300,21856900,6558451,1150,34200000,10120000,6557300,2185000,4372300,2185000,0,0,0,2187300,1739134,1.7391
swap_distribute_parallel_for_collapse_1100_1900_1200,1100,1200,0,2400,22807200,6843601,1200,34960000,10560000,6842400,2280000,4562400,2280000,0,0,0,2282400,1817377,1.8174
swap_distribute_parallel_for_collapse_1100_1900_1250,1100,1250,0,2500,23757500,7128751,1250,35720000,11000000,7127500,2375000,4752500,2375000,0,0,0,2377500,1890940,1.8909
swap_distribute_parallel_for_collapse_1100_1900_1300,1100,1300,0,2600,24707800,7413901,1300,36480000,11440000,7412600,2470000,4942600,2470000,0,0,0,2472600,1964474,1.9645
swap_distribute_parallel_for_collapse_1100_1900_1350,1100,1350,0,2700,25658100,7699051,1350,37240000,11880000,7697700,2565000,5132700,2565000,0,0,0,2567700,2041953,2.0420
swap_distribute_parallel_for_collapse_1100_1900_1400,1100,1400,0,2800,26608400,7984201,1400,38000000,12320000,7982800,2660000,5322800,2660000,0,0,0,2662800,2131777,2.1318
swap_distribute_parallel_for_collapse_1100_1900_1450,1100,1450,0,2900,27558700,8269351,1450,38760000,12760000,8267900,2755000,5512900,2755000,0,0,0,2757900,2194192,2.1942
swap_distribute_parallel_for_collapse_1100_1900_1500,1100,1500,0,3000,28509000,8554501,1500,39520000,13200000,8553000,2850000,5703000,2850000,0,0,0,2853000,2269972,2.2700
swap_distribute_parallel_for_collapse_1100_1900_1550,1100,1550,0,3100,29459300,8839651,1550,40280000,13640000,8838100,2945000,5893100,2945000,0,0,0,2948100,2352452,2.3525
swap_distribute_parallel_for_collapse_1100_1900_1600,1100,1600,0,3200,30409600,9124801,1600,41040000,14080000,9123200,3040000,6083200,3040000,0,0,0,3043200,2424724,2.4247
swap_distribute_parallel_for_collapse_1100_1900_1650,1100,1650,0,3300,31359900,9409951,1650,41800000,14520000,9408300,3135000,6273300,3135000,0,0,0,3138300,2508108,2.5081
swap_distribute_parallel_for_collapse_1100_1900_1700,1100,1700,0,3400,32310200,9695101,1700,42560000,14960000,9693400,3230000,6463400,3230000,0,0,0,3233400,2591158,2.5912
swap_distribute_parallel_for_collapse_1100_1900_1750,1100,1750,0,3500,33260500,9980251,1750,43320000,15400000,9978500,3325000,6653500,3325000,0,0,0,3328500,2652431,2.6524
swap_distribute_parallel_for_collapse_1100_1900_1800,1100,1800,0,3600,34210800,10265401,1800,44080000,15840000,10263600,3420000,6843600,3420000,0,0,0,3423600,2730639,2.7306
swap_distribute_parallel_for_collapse_1100_1900_1850,1100,1850,0,3700,35161100,10550551,1850,44840000,16280000,10548700,3515000,7033700,3515000,0,0,0,3518700,2810110,2.8101
swap_distribute_parallel_for_collapse_1100_1900_1900,1100,1900,0,3800,36111400,10835701,1900,45600000,16720000,10833800,3610000,7223800,3610000,0,0,0,3613800,2886673,2.8867
swap_distribute_parallel_for_collapse_1100_1900_1950,1100,1950,0,3900,37061700,11120851,1950,46360000,17160000,11118900,3705000,7413900,3705000,0,0,0,3708900,2962442,2.9624
swap_distribute_parallel_for_collapse_1100_1900_2000,1100,2000,0,4000,38012000,11406001,2000,47120000,17600000,11404000,3800000,7604000,3800000,0,0,0,3804000,3036354,3.0364
swap_distribute_parallel_for_collapse_1100_1950_1050,1100,1050,0,2100,20481300,6145651,1050,33540000,9240000,6144600,2047500,4097100,2047500,0,0,0,2049600,1627198,1.6272
swap_distribute_parallel_for_collapse_1100_1950_1100,1100,1100,0,2200,21456600,6438301,1100,34320000,9680000,6437200,2145000,4292200,2145000,0,0,0,2147200,1709961,1.7100
swap_distribute_parallel_for_collapse_1100_1950_1150,1100,1150,0,2300,22431900,6730951,1150,35100000,10120000,6729800,2242500,4487300,2242500,0,0,0,2244800,1792140,1.7921
swap_distribute_parallel_for_collapse_1100_1950_1200,1100,1200,0,2400,23407200,7023601,1200,35880000,10560000,7022400,2340000,4682400,2340000,0,0,0,2342400,1883568,1.8836
swap_distribute_parallel_for_collapse_1100_1950_1250,1100,1250,0,2500,24382500,7316251,1250,36660000,11000000,7315000,2437500,4877500,2437500,0,0,0,2440000,1963207,1.9632
swap_distribute_parallel_for_collapse_1100_1950_1300,1100,1300,0,2600,25357800,7608901,1300,37440000,11440000,7607600,2535000,5072600,2535000,0,0,0,2537600,2022773,2.0228
swap_distribute_parallel_for_collapse_1100_1950_1350,1100,1350,0,2700,26333100,7901551,1350,38220000,11880000,7900200,2632500,5267700,2632500,0,0,0,2635200,2098614,2.0986
swap_distribute_parallel_for_collapse_1100_1950_1400,1100,1400,0,2800,27308400,8194201,1400,39000000,12320000,8192800,2730000,5462800,2730000,0,0,0,2732800,2179691,2.1797
swap_distribute_parallel_for_collapse_1100_1950_1450,1100,1450,0,2900,28283700,8486851,1450,39780000,12760000,8485400,2827500,5657900,2827500,0,0,0,2830400,2253825,2.2538
swap_distribute_parallel_for_collapse_1100_1950_1500,1100,1500,0,3000,29259000,8779501,1500,40560000,13200000,8778000,2925000,5853000,2925000,0,0,0,2928000,2335491,2.3355
swap_distribute_parallel_for_collapse_1100_1950_1550,1100,1550,0,3100,30234300,9072151,1550,41340000,13640000,9070600,3022500,6048100,3022500,0,0,0,3025600,2410256,2.4103
swap_distribute_parallel_for_collapse_1100_1950_1600,1100,1600,0,3200,31209600,9364801,1600,42120000,14080000,9363200,3120000,6243200,3120000,0,0,0,3123200,2493600,2.4936
swap_distribute_parallel_for_collapse_1100_1950_1650,1100,1650,0,3300,32184900,9657451,1650,42900000,14520000,9655800,3217500,6438300,3217500,0,0,0,3220800,2571707,2.5717
swap_distribute_parallel_for_collapse_1100_1950_1700,1100,1700,0,3400,33160200,9950101,1700,43680000,14960000,9948400,3315000,6633400,3315000,0,0,0,3318400,2648250,2.6482
swap_distribute_parallel_for_collapse_1100_1950_1750,1100,1750,0,3500,34135500,10242751,1750,44460000,15400000,10241000,3412500,6828500,3412500,0,0,0,3416000,2727753,2.7278
swap_distribute_parallel_for_collapse_1100_1950_1800,1100,1800,0,3600,35110800,10535401,1800,45240000,15840000,10533600,3510000,7023600,3510000,0,0,0,3513600,2827396,2.8274
swap_distribute_parallel_for_collapse_1100_1950_1850,1100,1850,0,3700,36086100,10828051,1850,46020000,16280000,10826200,3607500,7218700,3607500,0,0,0,3611200,2887571,2.8876
swap_distribute_parallel_for_collapse_1100_1950_1900,1100,1900,0,3800,37061400,11120701,1900,46800000,16720000,11118800,3705000,7413800,3705000,0,0,0,3708800,2958201,2.9582
swap_distribute_parallel_for_collapse_1100_1950_1950,1100,1950,0,3900,38036700,11413351,1950,47580000,17160000,11411400,3802500,7608900,3802500,0,0,0,3806400,3041519,3.0415
swap_distribute_parallel_for_collapse_1100_1950_2000,1100,2000,0,4000,39012000,11706001,2000,48360000,17600000,11704000,3900000,7804000,3900000,0,0,0,3904000,3118081,3.1181
swap_distribute_parallel_for_collapse_1100_2000_1050,1100,1050,0,2100,21006300,6303151,1050,34400000,9240000,6302100,2100000,4202100,2100000,0,0,0,2102100,1638302,1.6383
swap_distribute_parallel_for_collapse_1100_2000_1100,1100,1100,0,2200,22006600,6603301,1100,35200000,9680000,6602200,2200000,4402200,2200000,0,0,0,2202200,1730513,1.7305
swap_distribute_parallel_for_collapse_1100_2000_1150,1100,1150,0,2300,23006900,6903451,1150,36000000,10120000,6902300,2300000,4602300,2300000,0,0,0,2302300,1797798,1.7978
swap_distribute_parallel_for_collapse_1100_2000_1200,1100,1200,0,2400,24007200,7203601,1200,36800000,10560000,7202400,2400000,4802400,2400000,0,0,0,2402400,1882839,1.8828
swap_distribute_parallel_for_collapse_1100_2000_1250,1100,1250,0,2500,25007500,7503751,1250,37600000,11000000,7502500,2500000,5002500,2500000,0,0,0,2502500,1959555,1.9596
swap_distribute_parallel_for_collapse_1100_2000_1300,1100,1300,0,2600,26007800,7803901,1300,38400000,11440000,7802600,2600000,5202600,2600000,0,0,0,2602600,2036292,2.0363
swap_distribute_parallel_for_collapse_1100_2000_1350,1100,1350,0,2700,27008100,8104051,1350,39200000,11880000,8102700,2700000,5402700,2700000,0,0,0,2702700,2113934,2.1139
swap_distribute_parallel_for_collapse_1100_2000_1400,1100,1400,0,2800,28008400,8404201,1400,40000000,12320000,8402800,2800000,5602800,2800000,0,0,0,2802800,2221003,2.2210
swap_distribute_parallel_for_collapse_1100_2000_1450,1100,1450,0,2900,29008700,8704351,1450,40800000,12760000,8702900,2900000,5802900,2900000,0,0,0,2902900,2301882,2.3019
swap_distribute_parallel_for_collapse_1100_2000_1500,1100,1500,0,3000,30009000,9004501,1500,41600000,13200000,9003000,3000000,6003000,3000000,0,0,0,3003000,2369861,2.3699
swap_distribute_parallel_for_collapse_1100_2000_1550,1100,1550,0,3100,31009300,9304651,1550,42400000,13640000,9303100,3100000,6203100,3100000,0,0,0,3103100,2438615,2.4386
swap_distribute_parallel_for_collapse_1100_2000_1600,1100,1600,0,3200,32009600,9604801,1600,43200000,14080000,9603200,3200000,6403200,3200000,0,0,0,3203200,2564581,2.5646
swap_distribute_parallel_for_collapse_1100_2000_1650,1100,1650,0,3300,33009900,9904951,1650,44000000,14520000,9903300,3300000,6603300,3300000,0,0,0,3303300,2687918,2.6879
swap_distribute_parallel_for_collapse_1100_2000_1700,1100,1700,0,3400,34010200,10205101,1700,44800000,14960000,10203400,3400000,6803400,3400000,0,0,0,3403400,2688272,2.6883
swap_distribute_parallel_for_collapse_1100_2000_1750,1100,1750,0,3500,35010500,10505251,1750,45600000,15400000,10503500,3500000,7003500,3500000,0,0,0,3503500,2768211,2.7682
swap_distribute_parallel_for_collapse_1100_2000_1800,1100,1800,0,3600,36010800,10805401,1800,46400000,15840000,10803600,3600000,7203600,3600000,0,0,0,3603600,2853857,2.8539
swap_distribute_parallel_for_collapse_1100_2000_1850,1100,1850,0,3700,37011100,11105551,1850,47200000,16280000,11103700,3700000,7403700,3700000,0,0,0,3703700,2928857,2.9289
swap_distribute_parallel_for_collapse_1100_2000_1900,1100,1900,0,3800,38011400,11405701,1900,48000000,16720000,11403800,3800000,7603800,3800000,0,0,0,3803800,2991401,2.9914
swap_distribute_parallel_for_collapse_1100_2000_1950,1100,1950,0,3900,39011700,11705851,1950,48800000,17160000,11703900,3900000,7803900,3900000,0,0,0,3903900,3068644,3.0686
swap_distribute_parallel_for_collapse_1100_2000_2000,1100,2000,0,4000,40012000,12006001,2000,49600000,17600000,12004000,4000000,8004000,4000000,0,0,0,4004000,3146886,3.1469
swap_distribute_parallel_for_collapse_1150_1050_1050,1150,1050,0,2100,11031300,3310651,1050,18480000,9660000,3309600,1102500,2207100,1102500,0,0,0,1104600,901404,0.9014
swap_distribute_parallel_for_collapse_1150_1050_1100,1150,1100,0,2200,11556600,3468301,1100,18900000,10120000,3467200,1155000,2312200,1155000,0,0,0,1157200,936056,0.9361
swap_distribute_parallel_for_collapse_1150_1050_1150,1150,1150,0,2300,12081900,3625951,1150,19320000,10580000,3624800,1207500,2417300,1207500,0,0,0,1209800,979878,0.9799
swap_distribute_parallel_for_collapse_1150_1050_1200,1150,1200,0,2400,12607200,3783601,1200,19740000,11040000,3782400,1260000,2522400,1260000,0,0,0,1262400,1021378,1.0214
swap_distribute_parallel_for_collapse_1150_1050_1250,1150,1250,0,2500,13132500,3941251,1250,20160000,11500000,3940000,1312500,2627500,1312500,0,0,0,1315000,1067020,1.0670
swap_distribute_parallel_for_collapse_1150_1050_1300,1150,1300,0,2600,13657800,4098901,1300,20580000,11960000,4097600,1365000,2732600,1365000,0,0,0,1367600,1107807,1.1078
swap_distribute_parallel_for_collapse_1150_1050_1350,1150,1350,0,2700,14183100,4256551,1350,21000000,12420000,4255200,1417500,2837700,1417500,0,0,0,1420200,1151708,1.1517
swap_distribute_parallel_for_collapse_1150_1050_1400,1150,1400,0,2800,14708400,4414201,1400,21420000,12880000,4412800,1470000,2942800,1470000,0,0,0,1472800,1193332,1.1933
swap_distribute_parallel_for_collapse_1150_1050_1450,1150,1450,0,2900,15233700,4571851,1450,21840000,13340000,4570400,1522500,3047900,1522500,0,0,0,1525400,1236732,1.2367
swap_distribute_parallel_for_collapse_1150_1050_1500,1150,1500,0,3000,15759000,4729501,1500,22260000,13800000,4728000,1575000,3153000,1575000,0,0,0,1578000,1280815,1.2808
swap_distribute_parallel_for_collapse_1150_1050_1550,1150,1550,0,3100,16284300,4887151,1550,22680000,14260000,4885600,1627500,3258100,1627500,0,0,0,1630600,1326163,1.3262
swap_distribute_parallel_for_collapse_1150_1050_1600,1150,1600,0,3200,16809600,5044801,1600,23100000,14720000,5043200,1680000,3363200,1680000,0,0,0,1683200,1370282,1.3703
swap_distribute_parallel_for_collapse_1150_1050_1650,1150,1650,0,3300,17334900,5202451,1650,23520000,15180000,5200800,1732500,3468300,1732500,0,0,0,1735800,1410613,1.4106
swap_distribute_parallel_for_collapse_1150_1050_1700,1150,1700,0,3400,17860200,5360101,1700,23940000,15640000,5358400,1785000,3573400,1785000,0,0,0,1788400,1453736,1.4537
swap_distribute_parallel_for_collapse_1150_1050_1750,1150,1750,0,3500,18385500,5517751,1750,24360000,16100000,5516000,1837500,3678500,1837500,0,0,0,1841000,1500009,1.5000
swap_distribute_parallel_for_collapse_1150_1050_1800,1150,1800,0,3600,18910800,5675401,1800,24780000,16560000,5673600,1890000,3783600,1890000,0,0,0,1893600,1545586,1.5456
swap_distribute_parallel_for_collapse_1150_1050_1850,1150,1850,0,3700,19436100,5833051,1850,25200000,17020000,5831200,1942500,3888700,1942500,0,0,0,1946200,1601955,1.6020
swap_distribute_parallel_for_collapse_1150_1050_1900,1150,1900,0,3800,19961400,5990701,1900,25620000,17480000,5988800,1995000,3993800,1995000,0,0,0,1998800,1629845,1.6298
swap_distribute_parallel_for_collapse_1150_1050_1950,1150,1950,0,3900,20486700,6148351,1950,26040000,17940000,6146400,2047500,4098900,2047500,0,0,0,2051400,1671447,1.6714
swap_distribute_parallel_for_collapse_1150_1050_2000,1150,2000,0,4000,21012000,6306001,2000,26460000,18400000,6304000,2100000,4204000,2100000,0,0,0,2104000,1717477,1.7175
swap_distribute_parallel_for_collapse_1150_1100_1050,1150,1050,0,2100,11556300,3468151,1050,19360000,9660000,3467100,1155000,2312100,1155000,0,0,0,1157100,941186,0.9412
swap_distribute_parallel_for_collapse_1150_1100_1100,1150,1100,0,2200,12106600,3633301,1100,19800000,10120000,3632200,1210000,2422200,1210000,0,0,0,1212200,997764,0.9978
swap_distribute_parallel_for_collapse_1150_1100_1150,1150,1150,0,2300,12656900,3798451,1150,20240000,10580000,3797300,1265000,2532300,1265000,0,0,0,1267300,1031482,1.0315
swap_distribute_parallel_for_collapse_1150_1100_1200,1150,1200,0,2400,13207200,3963601,1200,20680000,11040000,3962400,1320000,2642400,1320000,0,0,0,1322400,1081395,1.0814
swap_distribute_parallel_for_collapse_1150_1100_1250,1150,1250,0,2500,13757500,4128751,1250,21120000,11500000,4127500,1375000,2752500,1375000,0,0,0,1377500,1128592,1.1286
swap_distribute_parallel_for_collapse_1150_1100_1300,1150,1300,0,2600,14307800,4293901,1300,21560000,11960000,4292600,1430000,2862600,1430000,0,0,0,1432600,1175312,1.1753
swap_distribute_parallel_for_collapse_1150_1100_1350,1150,1350,0,2700,14858100,4459051,1350,22000000,12420000,4457700,1485000,2972700,1485000,0,0,0,1487700,1218881,1.2189
swap_distribute_parallel_for_collapse_1150_1100_1400,1150,1400,0,2800,15408400,4624201,1400,22440000,12880000,4622800,1540000,3082800,1540000,0,0,0,1542800,1265607,1.2656
swap_distribute_parallel_for_collapse_1150_1100_1450,1150,1450,0,2900,15958700,4789351,1450,22880000,13340000,4787900,1595000,3192900,1595000,0,0,0,1597900,1311618,1.3116
swap_distribute_parallel_for_collapse_1150_1100_1500,1150,1500,0,3000,16509000,4954501,1500,23320000,13800000,4953000,1650000,3303000,1650000,0,0,0,1653000,1356505,1.3565
swap_distribute_parallel_for_collapse_1150_1100_1550,1150,1550,0,3100,17059300,5119651,1550,23760000,14260000,5118100,1705000,3413100,1705000,0,0,0,1708100,1400654,1.4007
swap_distribute_parallel_for_collapse_1150_1100_1600,1150,1600,0,3200,17609600,5284801,1600,24200000,14720000,5283200,1760000,3523200,1760000,0,0,0,1763200,1450675,1.4507
swap_distribute_parallel_for_collapse_1150_1100_1650,1150,1650,0,3300,18159900,5449951,1650,24640000,15180000,5448300,1815000,3633300,1815000,0,0,0,1818300,1494957,1.4950
swap_distribute_parallel_for_collapse_1150_1100_1700,1150,1700,0,3400,18710200,5615101,1700,25080000,15640000,5613400,1870000,3743400,1870000,0,0,0,1873400,1539639,1.5396
swap_distribute_parallel_for_collapse_1150_1100_1750,1150,1750,0,3500,19260500,5780251,1750,25520000,16100000,5778500,1925000,3853500,1925000,0,0,0,1928500,1595727,1.5957
swap_distribute_parallel_for_collapse_1150_1100_1800,1150,1800,0,3600,19810800,5945401,1800,25960000,16560000,5943600,1980000,3963600,1980000,0,0,0,1983600,1661103,1.6611
swap_distribute_parallel_for_collapse_1150_1100_1850,1150,1850,0,3700,20361100,6110551,1850,26400000,17020000,6108700,2035000,4073700,2035000,0,0,0,2038700,1705464,1.7055
swap_distribute_parallel_for_collapse_1150_1100_1900,1150,1900,0,3800,20911400,6275701,1900,26840000,17480000,6273800,2090000,4183800,2090000,0,0,0,2093800,1737598,1.7376
swap_distribute_parallel_for_collapse_1150_1100_1950,1150,1950,0,3900,21461700,6440851,1950,27280000,17940000,6438900,2145000,4293900,2145000,0,0,0,2148900,1769944,1.7699
swap_distribute_parallel_for_collapse_1150_1100_2000,1150,2000,0,4000,22012000,6606001,2000,27720000,18400000,6604000,2200000,4404000,2200000,0,0,0,2204000,1814017,1.8140
swap_distribute_parallel_for_collapse_1150_1150_1050,1150,1050,0,2100,12081300,3625651,1050,20240000,9660000,3624600,1207500,2417100,1207500,0,0,0,1209600,988043,0.9880
swap_distribute_parallel_for_collapse_1150_1150_1100,1150,1100,0,2200,12656600,3798301,1100,20700000,10120000,3797200,1265000,2532200,1265000,0,0,0,1267200,1035818,1.0358
swap_distribute_parallel_for_collapse_1150_1150_1150,1150,1150,0,2300,13231900,3970951,1150,21160000,10580000,3969800,1322500,2647300,1322500,0,0,0,1324800,1082885,1.0829
swap_distribute_parallel_for_collapse_1150_1150_1200,1150,1200,0,2400,13807200,4143601,1200,21620000,11040000,4142400,1380000,2762400,1380000,0,0,0,1382400,1132236,1.1322
swap_distribute_parallel_for_collapse_1150_1150_1250,1150,1250,0,2500,14382500,4316251,1250,22080000,11500000,4315000,1437500,2877500,1437500,0,0,0,1440000,1189198,1.1892
swap_distribute_parallel_for_collapse_1150_1150_1300,1150,1300,0,2600,14957800,4488901,1300,22540000,11960000,4487600,1495000,2992600,1495000,0,0,0,1497600,1228053,1.2281
swap_distribute_parallel_for_collapse_1150_1150_1350,1150,1350,0,2700,15533100,4661551,1350,23000000,12420000,4660200,1552500,3107700,1552500,0,0,0,1555200,1278765,1.2788
swap_distribute_parallel_for_collapse_1150_1150_1400,1150,1400,0,2800,16108400,4834201,1400,23460000,12880000,4832800,1610000,3222800,1610000,0,0,0,1612800,1326160,1.3262
swap_distribute_parallel_for_collapse_1150_1150_1450,1150,1450,0,2900,16683700,5006851,1450,23920000,13340000,5005400,1667500,3337900,1667500,0,0,0,1670400,1371092,1.3711
swap_distribute_parallel_for_collapse_1150_1150_1500,1150,1500,0,3000,17259000,5179501,1500,24380000,13800000,5178000,1725000,3453000,1725000,0,0,0,1728000,1421810,1.4218
swap_distribute_parallel_for_collapse_1150_1150_1550,1150,1550,0,3100,17834300,5352151,1550,24840000,14260000,5350600,1782500,3568100,1782500,0,0,0,1785600,1468127,1.4681
swap_distribute_parallel_for_collapse_1150_1150_1600,1150,1600,0,3200,18409600,5524801,1600,25300000,14720000,5523200,1840000,3683200,1840000,0,0,0,1843200,1515998,1.5160
swap_distribute_parallel_for_collapse_1150_1150_1650,1150,1650,0,3300,18984900,5697451,1650,25760000,15180000,5695800,1897500,3798300,1897500,0,0,0,1900800,1566684,1.5667
swap_distribute_parallel_for_collapse_1150_1150_1700,1150,1700,0,3400,19560200,5870101,1700,26220000,15640000,5868400,1955000,3913400,1955000,0,0,0,1958400,1614887,1.6149
swap_distribute_parallel_for_collapse_1150_1150_1750,1150,1750,0,3500,20135500,6042751,1750,26680000,16100000,6041000,2012500,4028500,2012500,0,0,0,2016000,1662948,1.6629
swap_distribute_parallel_for_collapse_1150_1150_1800,1150,1800,0,3600,20710800,6215401,1800,27140000,16560000,6213600,2070000,4143600,2070000,0,0,0,2073600,1712438,1.7124
swap_distribute_parallel_for_collapse_1150_1150_1850,1150,1850,0,3700,21286100,6388051,1850,27600000,17020000,6386200,2127500,4258700,2127500,0,0,0,2131200,1757702,1.7577
swap_distribute_parallel_for_collapse_1150_1150_1900,1150,1900,0,3800,21861400,6560701,1900,28060000,17480000,6558800,2185000,4373800,2185000,0,0,0,2188800,1804613,1.8046
swap_distribute_parallel_for_collapse_1150_1150_1950,1150,1950,0,3900,22436700,6733351,1950,28520000,17940000,6731400,2242500,4488900,2242500,0,0,0,2246400,1853113,1.8531
swap_distribute_parallel_for_collapse_1150_1150_2000,1150,2000,0,4000,23012000,6906001,2000,28980000,18400000,6904000,2300000,4604000,2300000,0,0,0,2304000,1912183,1.9122
swap_distribute_parallel_for_collapse_1150_1200_1050,1150,1050,0,2100,12606300,3783151,1050,21120000,9660000,3782100,1260000,2522100,1260000,0,0,0,1262100,1035395,1.0354
swap_distribute_parallel_for_collapse_1150_1200_1100,1150,1100,0,2200,13206600,3963301,1100,21600000,10120000,3962200,1320000,2642200,1320000,0,0,0,1322200,1085315,1.0853
swap_distribute_parallel_for_collapse_1150_1200_1150,1150,1150,0,2300,13806900,4143451,1150,22080000,10580000,4142300,1380000,2762300,1380000,0,0,0,1382300,1131506,1.1315
swap_distribute_parallel_for_collapse_1150_1200_1200,1150,1200,0,2400,14407200,4323601,1200,22560000,11040000,4322400,1440000,2882400,1440000,0,0,0,1442400,1181644,1.1816
swap_distribute_parallel_for_collapse_1150_1200_1250,1150,1250,0,2500,15007500,4503751,1250,23040000,11500000,4502500,1500000,3002500,1500000,0,0,0,1502500,1234542,1.2345
swap_distribute_parallel_for_collapse_1150_1200_1300,1150,1300,0,2600,15607800,4683901,1300,23520000,11960000,4682600,1560000,3122600,1560000,0,0,0,1562600,1304729,1.3047
swap_distribute_parallel_for_collapse_1150_1200_1350,1150,1350,0,2700,16208100,4864051,1350,24000000,12420000,4862700,1620000,3242700,1620000,0,0,0,1622700,1355703,1.3557
swap_distribute_parallel_for_collapse_1150_1200_1400,1150,1400,0,2800,16808400,5044201,1400,24480000,12880000,5042800,1680000,3362800,1680000,0,0,0,1682800,1415267,1.4153
swap_distribute_parallel_for_collapse_1150_1200_1450,1150,1450,0,2900,17408700,5224351,1450,24960000,13340000,5222900,1740000,3482900,1740000,0,0,0,1742900,1456768,1.4568
swap_distribute_parallel_for_collapse_1150_1200_1500,1150,1500,0,3000,18009000,5404501,1500,25440000,13800000,5403000,1800000,3603000,1800000,0,0,0,1803000,1484550,1.4846
swap_distribute_parallel_for_collapse_1150_1200_1550,1150,1550,0,3100,18609300,5584651,1550,25920000,14260000,5583100,1860000,3723100,1860000,0,0,0,1863100,1532579,1.5326
swap_distribute_parallel_for_collapse_1150_1200_1600,1150,1600,0,3200,19209600,5764801,1600,26400000,14720000,5763200,1920000,3843200,1920000,0,0,0,1923200,1586662,1.5867
swap_distribute_parallel_for_collapse_1150_1200_1650,1150,1650,0,3300,19809900,5944951,1650,26880000,15180000,5943300,1980000,3963300,1980000,0,0,0,1983300,1635875,1.6359
swap_distribute_parallel_for_collapse_1150_1200_1700,1150,1700,0,3400,20410200,6125101,1700,27360000,15640000,6123400,2040000,4083400,2040000,0,0,0,2043400,1685077,1.6851
swap_distribute_parallel_for_collapse_1150_1200_1750,1150,1750,0,3500,21010500,6305251,1750,27840000,16100000,6303500,2100000,4203500,2100000,0,0,0,2103500,1736644,1.7366
swap_distribute_parallel_for_collapse_1150_1200_1800,1150,1800,0,3600,21610800,6485401,1800,28320000,16560000,6483600,2160000,4323600,2160000,0,0,0,2163600,1786906,1.7869
swap_distribute_parallel_for_collapse_1150_1200_1850,1150,1850,0,3700,22211100,6665551,1850,28800000,17020000,6663700,2220000,4443700,2220000,0,0,0,2223700,1846753,1.8468
swap_distribute_parallel_for_collapse_1150_1200_1900,1150,1900,0,3800,22811400,6845701,1900,29280000,17480000,6843800,2280000,4563800,2280000,0,0,0,2283800,1915717,1.9157
swap_distribute_parallel_for_collapse_1150_1200_1950,1150,1950,0,3900,23411700,7025851,1950,29760000,17940000,7023900,2340000,4683900,2340000,0,0,0,2343900,1949590,1.9496
swap_distribute_parallel_for_collapse_1150_1200_2000,1150,2000,0,4000,24012000,7206001,2000,30240000,18400000,7204000,2400000,4804000,2400000,0,0,0,2404000,1986344,1.9863
swap_distribute_parallel_for_collapse_1150_1250_1050,1150,1050,0,2100,13131300,3940651,1050,22000000,9660000,3939600,1312500,2627100,1312500,0,0,0,1314600,1079913,1.0799
swap_distribute_parallel_for_collapse_1150_1250_1100,1150,1100,0,2200,13756600,4128301,1100,22500000,10120000,4127200,1375000,2752200,1375000,0,0,0,1377200,1143077,1.1431
swap_distribute_parallel_for_collapse_1150_1250_1150,1150,1150,0,2300,14381900,4315951,1150,23000000,10580000,4314800,1437500,2877300,1437500,0,0,0,1439800,1182978,1.1830
swap_distribute_parallel_for_collapse_1150_1250_1200,1150,1200,0,2400,15007200,4503601,1200,23500000,11040000,4502400,1500000,3002400,1500000,0,0,0,1502400,1233623,1.2336
swap_distribute_parallel_for_collapse_1150_1250_1250,1150,1250,0,2500,15632500,4691251,1250,24000000,11500000,4690000,1562500,3127500,1562500,0,0,0,1565000,1300345,1.3003
swap_distribute_parallel_for_collapse_1150_1250_1300,1150,1300,0,2600,16257800,4878901,1300,24500000,11960000,4877600,1625000,3252600,1625000,0,0,0,1627600,1357942,1.3579
swap_distribute_parallel_for_collapse_1150_1250_1350,1150,1350,0,2700,16883100,5066551,1350,25000000,12420000,5065200,1687500,3377700,1687500,0,0,0,1690200,1404662,1.4047
swap_distribute_parallel_for_collapse_1150_1250_1400,1150,1400,0,2800,17508400,5254201,1400,25500000,12880000,5252800,1750000,3502800,1750000,0,0,0,1752800,1460465,1.4605
swap_distribute_parallel_for_collapse_1150_1250_1450,1150,1450,0,2900,18133700,5441851,1450,26000000,13340000,5440400,1812500,3627900,1812500,0,0,0,1815400,1496211,1.4962
swap_distribute_parallel_for_collapse_1150_1250_1500,1150,1500,0,3000,18759000,5629501,1500,26500000,13800000,5628000,1875000,3753000,1875000,0,0,0,1878000,1545176,1.5452
swap_distribute_parallel_for_collapse_1150_1250_1550,1150,1550,0,3100,19384300,5817151,1550,27000000,14260000,5815600,1937500,3878100,1937500,0,0,0,1940600,1597388,1.5974
swap_distribute_parallel_for_collapse_1150_1250_1600,1150,1600,0,3200,20009600,6004801,1600,27500000,14720000,6003200,2000000,4003200,2000000,0,0,0,2003200,1653512,1.6535
swap_distribute_parallel_for_collapse_1150_1250_1650,1150,1650,0,3300,20634900,6192451,1650,28000000,15180000,6190800,2062500,4128300,2062500,0,0,0,2065800,1704632,1.7046
swap_distribute_parallel_for_collapse_1150_1250_1700,1150,1700,0,3400,21260200,6380101,1700,28500000,15640000,6378400,2125000,4253400,2125000,0,0,0,2128400,1761575,1.7616
swap_distribute_parallel_for_collapse_1150_1250_1750,1150,1750,0,3500,21885500,6567751,1750,29000000,16100000,6566000,2187500,4378500,2187500,0,0,0,2191000,1812006,1.8120
swap_distribute_parallel_for_collapse_1150_1250_1800,1150,1800,0,3600,22510800,6755401,1800,29500000,16560000,6753600,2250000,4503600,2250000,0,0,0,2253600,1875978,1.8760
swap_distribute_parallel_for_collapse_1150_1250_1850,1150,1850,0,3700,23136100,6943051,1850,30000000,17020000,6941200,2312500,4628700,2312500,0,0,0,2316200,1927763,1.9278
swap_distribute_parallel_for_collapse_1150_1250_1900,1150,1900,0,3800,23761400,7130701,1900,30500000,17480000,7128800,2375000,4753800,2375000,0,0,0,2378800,1966173,1.9662
swap_distribute_parallel_for_collapse_1150_1250_1950,1150,1950,0,3900,24386700,7318351,1950,31000000,17940000,7316400,2437500,4878900,2437500,0,0,0,2441400,2038006,2.0380
swap_distribute_parallel_for_collapse_1150_1250_2000,1150,2000,0,4000,25012000,7506001,2000,31500000,18400000,7504000,2500000,5004000,2500000,0,0,0,2504000,2067807,2.0678
swap_distribute_parallel_for_collapse_1150_1300_1050,1150,1050,0,2100,13656300,4098151,1050,22880000,9660000,4097100,1365000,2732100,1365000,0,0,0,1367100,1122432,1.1224
swap_distribute_parallel_for_collapse_1150_1300_1100,1150,1100,0,2200,14306600,4293301,1100,23400000,10120000,4292200,1430000,2862200,1430000,0,0,0,1432200,1179441,1.1794
swap_distribute_parallel_for_collapse_1150_1300_1150,1150,1150,0,2300,14956900,4488451,1150,23920000,10580000,4487300,1495000,2992300,1495000,0,0,0,1497300,1245748,1.2457
swap_distribute_parallel_for_collapse_1150_1300_1200,1150,1200,0,2400,15607200,4683601,1200,24440000,11040000,4682400,1560000,3122400,1560000,0,0,0,1562400,1285894,1.2859
swap_distribute_parallel_for_collapse_1150_1300_1250,1150,1250,0,2500,16257500,4878751,1250,24960000,11500000,4877500,1625000,3252500,1625000,0,0,0,1627500,1338409,1.3384
swap_distribute_parallel_for_collapse_1150_1300_1300,1150,1300,0,2600,16907800,5073901,1300,25480000,11960000,5072600,1690000,3382600,1690000,0,0,0,1692600,1395353,1.3954
swap_distribute_parallel_for_collapse_1150_1300_1350,1150,1350,0,2700,17558100,5269051,1350,26000000,12420000,5267700,1755000,3512700,1755000,0,0,0,1757700,1450163,1.4502
swap_distribute_parallel_for_collapse_1150_1300_1400,1150,1400,0,2800,18208400,5464201,1400,26520000,12880000,5462800,1820000,3642800,1820000,0,0,0,1822800,1502051,1.5021
swap_distribute_parallel_for_collapse_1150_1300_1450,1150,1450,0,2900,18858700,5659351,1450,27040000,13340000,5657900,1885000,3772900,1885000,0,0,0,1887900,1557696,1.5577
swap_distribute_parallel_for_collapse_1150_1300_1500,1150,1500,0,3000,19509000,5854501,1500,27560000,13800000,5853000,1950000,3903000,1950000,0,0,0,1953000,1621895,1.6219
swap_distribute_parallel_for_collapse_1150_1300_1550,1150,1550,0,3100,20159300,6049651,1550,28080000,14260000,6048100,2015000,4033100,2015000,0,0,0,2018100,1666504,1.6665
swap_distribute_parallel_for_collapse_1150_1300_1600,1150,1600,0,3200,20809600,6244801,1600,28600000,14720000,6243200,2080000,4163200,2080000,0,0,0,2083200,1719196,1.7192
swap_distribute_parallel_for_collapse_1150_1300_1650,1150,1650,0,3300,21459900,6439951,1650,29120000,15180000,6438300,2145000,4293300,2145000,0,0,0,2148300,1783255,1.7833
swap_distribute_parallel_for_collapse_1150_1300_1700,1150,1700,0,3400,22110200,6635101,1700,29640000,15640000,6633400,2210000,4423400,2210000,0,0,0,2213400,1830684,1.8307
swap_distribute_parallel_for_collapse_1150_1300_1750,1150,1750,0,3500,22760500,6830251,1750,30160000,16100000,6828500,2275000,4553500,2275000,0,0,0,2278500,1883225,1.8832
swap_distribute_parallel_for_collapse_1150_1300_1800,1150,1800,0,3600,23410800,7025401,1800,30680000,16560000,7023600,2340000,4683600,2340000,0,0,0,2343600,1944201,1.9442
swap_distribute_parallel_for_collapse_1150_1300_1850,1150,1850,0,3700,24061100,7220551,1850,31200000,17020000,7218700,2405000,4813700,2405000,0,0,0,2408700,2012681,2.0127
swap_distribute_parallel_for_collapse_1150_1300_1900,1150,1900,0,3800,24711400,7415701,1900,31720000,17480000,7413800,2470000,4943800,2470000,0,0,0,2473800,2047712,2.0477
swap_distribute_parallel_for_collapse_1150_1300_1950,1150,1950,0,3900,25361700,7610851,1950,32240000,17940000,7608900,2535000,5073900,2535000,0,0,0,2538900,2098680,2.0987
swap_distribute_parallel_for_collapse_1150_1300_2000,1150,2000,0,4000,26012000,7806001,2000,32760000,18400000,7804000,2600000,5204000,2600000,0,0,0,2604000,2155697,2.1557
swap_distribute_parallel_for_collapse_1150_1350_1050,1150,1050,0,2100,14181300,4255651,1050,23760000,9660000,4254600,1417500,2837100,1417500,0,0,0,1419600,1164978,1.1650
swap_distribute_parallel_for_collapse_1150_1350_1100,1150,1100,0,2200,14856600,4458301,1100,24300000,10120000,4457200,1485000,2972200,1485000,0,0,0,1487200,1221973,1.2220
swap_distribute_parallel_for_collapse_1150_1350_1150,1150,1150,0,2300,15531900,4660951,1150,24840000,10580000,4659800,1552500,3107300,1552500,0,0,0,1554800,1274199,1.2742
swap_distribute_parallel_for_collapse_1150_1350_1200,1150,1200,0,2400,16207200,4863601,1200,25380000,11040000,4862400,1620000,3242400,1620000,0,0,0,1622400,1333835,1.3338
swap_distribute_parallel_for_collapse_1150_1350_1250,1150,1250,0,2500,16882500,5066251,1250,25920000,11500000,5065000,1687500,3377500,1687500,0,0,0,1690000,1389718,1.3897
swap_distribute_parallel_for_collapse_1150_1350_1300,1150,1300,0,2600,17557800,5268901,1300,26460000,11960000,5267600,1755000,3512600,1755000,0,0,0,1757600,1450360,1.4504
swap_distribute_parallel_for_collapse_1150_1350_1350,1150,1350,0,2700,18233100,5471551,1350,27000000,12420000,5470200,1822500,3647700,1822500,0,0,0,1825200,1503420,1.5034
swap_distribute_parallel_for_collapse_1150_1350_1400,1150,1400,0,2800,18908400,5674201,1400,27540000,12880000,5672800,1890000,3782800,1890000,0,0,0,1892800,1560828,1.5608
swap_distribute_parallel_for_collapse_1150_1350_1450,1150,1450,0,2900,19583700,5876851,1450,28080000,13340000,5875400,1957500,3917900,1957500,0,0,0,1960400,1633646,1.6336
swap_distribute_parallel_for_collapse_1150_1350_1500,1150,1500,0,3000,20259000,6079501,1500,28620000,13800000,6078000,2025000,4053000,2025000,0,0,0,2028000,1692838,1.6928
swap_distribute_parallel_for_collapse_1150_1350_1550,1150,1550,0,3100,20934300,6282151,1550,29160000,14260000,6280600,2092500,4188100,2092500,0,0,0,2095600,1741396,1.7414
swap_distribute_parallel_for_collapse_1150_1350_1600,1150,1600,0,3200,21609600,6484801,1600,29700000,14720000,6483200,2160000,4323200,2160000,0,0,0,2163200,1783829,1.7838
swap_distribute_parallel_for_collapse_1150_1350_1650,1150,1650,0,3300,22284900,6687451,1650,30240000,15180000,6685800,2227500,4458300,2227500,0,0,0,2230800,1839136,1.8391
swap_distribute_parallel_for_collapse_1150_1350_1700,1150,1700,0,3400,22960200,6890101,1700,30780000,15640000,6888400,2295000,4593400,2295000,0,0,0,2298400,1910230,1.9102
swap_distribute_parallel_for_collapse_1150_1350_1750,1150,1750,0,3500,23635500,7092751,1750,31320000,16100000,7091000,2362500,4728500,2362500,0,0,0,2366000,1950066,1.9501
swap_distribute_parallel_for_collapse_1150_1350_1800,1150,1800,0,3600,24310800,7295401,1800,31860000,16560000,7293600,2430000,4863600,2430000,0,0,0,2433600,2017951,2.0180
swap_distribute_parallel_for_collapse_1150_1350_1850,1150,1850,0,3700,24986100,7498051,1850,32400000,17020000,7496200,2497500,4998700,2497500,0,0,0,2501200,2063700,2.0637
swap_distribute_parallel_for_collapse_1150_1350_1900,1150,1900,0,3800,25661400,7700701,1900,32940000,17480000,7698800,2565000,5133800,2565000,0,0,0,2568800,2120361,2.1204
swap_distribute_parallel_for_collapse_1150_1350_1950,1150,1950,0,3900,26336700,7903351,1950,33480000,17940000,7901400,2632500,5268900,2632500,0,0,0,2636400,2175743,2.1757
swap_distribute_parallel_for_collapse_1150_1350_2000,1150,2000,0,4000,27012000,8106001,2000,34020000,18400000,8104000,2700000,5404000,2700000,0,0,0,2704000,2231482,2.2315
swap_distribute_parallel_for_collapse_1150_1400_1050,1150,1050,0,2100,14706300,4413151,1050,24640000,9660000,4412100,1470000,2942100,1470000,0,0,0,1472100,1211081,1.2111
swap_distribute_parallel_for_collapse_1150_1400_1100,1150,1100,0,2200,15406600,4623301,1100,25200000,10120000,4622200,1540000,3082200,1540000,0,0,0,1542200,1269879,1.2699
swap_distribute_parallel_for_collapse_1150_1400_1150,1150,1150,0,2300,16106900,4833451,1150,25760000,10580000,4832300,1610000,3222300,1610000,0,0,0,1612300,1329682,1.3297
swap_distribute_parallel_for_collapse_1150_1400_1200,1150,1200,0,2400,16807200,5043601,1200,26320000,11040000,5042400,1680000,3362400,1680000,0,0,0,1682400,1385568,1.3856
swap_distribute_parallel_for_collapse_1150_1400_1250,1150,1250,0,2500,17507500,5253751,1250,26880000,11500000,5252500,1750000,3502500,1750000,0,0,0,1752500,1462689,1.4627
swap_distribute_parallel_for_collapse_1150_1400_1300,1150,1300,0,2600,18207800,5463901,1300,27440000,11960000,5462600,1820000,3642600,1820000,0,0,0,1822600,1516172,1.5162
swap_distribute_parallel_for_collapse_1150_1400_1350,1150,1350,0,2700,18908100,5674051,1350,28000000,12420000,5672700,1890000,3782700,1890000,0,0,0,1892700,1564715,1.5647
swap_distribute_parallel_for_collapse_1150_1400_1400,1150,1400,0,2800,19608400,5884201,1400,28560000,12880000,5882800,1960000,3922800,1960000,0,0,0,1962800,1619970,1.6200
swap_distribute_parallel_for_collapse_1150_1400_1450,1150,1450,0,2900,20308700,6094351,1450,29120000,13340000,6092900,2030000,4062900,2030000,0,0,0,2032900,1679730,1.6797
swap_distribute_parallel_for_collapse_1150_1400_1500,1150,1500,0,3000,21009000,6304501,1500,29680000,13800000,6303000,2100000,4203000,2100000,0,0,0,2103000,1737826,1.7378
swap_distribute_parallel_for_collapse_1150_1400_1550,1150,1550,0,3100,21709300,6514651,1550,30240000,14260000,6513100,2170000,4343100,2170000,0,0,0,2173100,1801234,1.8012
swap_distribute_parallel_for_collapse_1150_1400_1600,1150,1600,0,3200,22409600,6724801,1600,30800000,14720000,6723200,2240000,4483200,2240000,0,0,0,2243200,1857874,1.8579
swap_distribute_parallel_for_collapse_1150_1400_1650,1150,1650,0,3300,23109900,6934951,1650,31360000,15180000,6933300,2310000,4623300,2310000,0,0,0,2313300,1913412,1.9134
swap_distribute_parallel_for_collapse_1150_1400_1700,1150,1700,0,3400,23810200,7145101,1700,31920000,15640000,7143400,2380000,4763400,2380000,0,0,0,2383400,1972323,1.9723
swap_distribute_parallel_for_collapse_1150_1400_1750,1150,1750,0,3500,24510500,7355251,1750,32480000,16100000,7353500,2450000,4903500,2450000,0,0,0,2453500,2032730,2.0327
swap_distribute_parallel_for_collapse_1150_1400_1800,1150,1800,0,3600,25210800,7565401,1800,33040000,16560000,7563600,2520000,5043600,2520000,0,0,0,2523600,2088991,2.0890
swap_distribute_parallel_for_collapse_1150_1400_1850,1150,1850,0,3700,25911100,7775551,1850,33600000,17020000,7773700,2590000,5183700,2590000,0,0,0,2593700,2146475,2.1465
swap_distribute_parallel_for_collapse_1150_1400_1900,1150,1900,0,3800,26611400,7985701,1900,34160000,17480000,7983800,2660000,5323800,2660000,0,0,0,2663800,2204913,2.2049
swap_distribute_parallel_for_collapse_1150_1400_1950,1150,1950,0,3900,27311700,8195851,1950,34720000,17940000,8193900,2730000,5463900,2730000,0,0,0,2733900,2264528,2.2645
swap_distribute_parallel_for_collapse_1150_1400_2000,1150,2000,0,4000,28012000,8406001,2000,35280000,18400000,8404000,2800000,5604000,2800000,0,0,0,2804000,2346724,2.3467
swap_distribute_parallel_for_collapse_1150_1450_1050,1150,1050,0,2100,15231300,4570651,1050,25520000,9660000,4569600,1522500,3047100,1522500,0,0,0,1524600,1260134,1.2601
swap_distribute_parallel_for_collapse_1150_1450_1100,1150,1100,0,2200,15956600,4788301,1100,26100000,10120000,4787200,1595000,3192200,1595000,0,0,0,1597200,1335881,1.3359
swap_distribute_parallel_for_collapse_1150_1450_1150,1150,1150,0,2300,16681900,5005951,1150,26680000,10580000,5004800,1667500,3337300,1667500,0,0,0,1669800,1394803,1.3948
swap_distribute_parallel_for_collapse_1150_1450_1200,1150,1200,0,2400,17407200,5223601,1200,27260000,11040000,5222400,1740000,3482400,1740000,0,0,0,1742400,1458500,1.4585
swap_distribute_parallel_for_collapse_1150_1450_1250,1150,1250,0,2500,18132500,5441251,1250,27840000,11500000,5440000,1812500,3627500,1812500,0,0,0,1815000,1527704,1.5277
swap_distribute_parallel_for_collapse_1150_1450_1300,1150,1300,0,2600,18857800,5658901,1300,28420000,11960000,5657600,1885000,3772600,1885000,0,0,0,1887600,1569830,1.5698
swap_distribute_parallel_for_collapse_1150_1450_1350,1150,1350,0,2700,19583100,5876551,1350,29000000,12420000,5875200,1957500,3917700,1957500,0,0,0,1960200,1619130,1.6191
swap_distribute_parallel_for_collapse_1150_1450_1400,1150,1400,0,2800,20308400,6094201,1400,29580000,12880000,6092800,2030000,4062800,2030000,0,0,0,2032800,1681703,1.6817
swap_distribute_parallel_for_collapse_1150_1450_1450,1150,1450,0,2900,21033700,6311851,1450,30160000,13340000,6310400,2102500,4207900,2102500,0,0,0,2105400,1762993,1.7630
swap_distribute_parallel_for_collapse_1150_1450_1500,1150,1500,0,3000,21759000,6529501,1500,30740000,13800000,6528000,2175000,4353000,2175000,0,0,0,2178000,1815083,1.8151
swap_distribute_parallel_for_collapse_1150_1450_1550,1150,1550,0,3100,22484300,6747151,1550,31320000,14260000,6745600,2247500,4498100,2247500,0,0,0,2250600,1877366,1.8774
swap_distribute_parallel_for_collapse_1150_1450_1600,1150,1600,0,3200,23209600,6964801,1600,31900000,14720000,6963200,2320000,4643200,2320000,0,0,0,2323200,1929158,1.9292
swap_distribute_parallel_for_collapse_1150_1450_1650,1150,1650,0,3300,23934900,7182451,1650,32480000,15180000,7180800,2392500,4788300,2392500,0,0,0,2395800,1999416,1.9994
swap_distribute_parallel_for_collapse_1150_1450_1700,1150,1700,0,3400,24660200,7400101,1700,33060000,15640000,7398400,2465000,4933400,2465000,0,0,0,2468400,2084921,2.0849
swap_distribute_parallel_for_collapse_1150_1450_1750,1150,1750,0,3500,25385500,7617751,1750,33640000,16100000,7616000,2537500,5078500,2537500,0,0,0,2541000,2117989,2.1180
swap_distribute_parallel_for_collapse_1150_1450_1800,1150,1800,0,3600,26110800,7835401,1800,34220000,16560000,7833600,2610000,5223600,2610000,0,0,0,2613600,2166619,2.1666
swap_distribute_parallel_for_collapse_1150_1450_1850,1150,1850,0,3700,26836100,8053051,1850,34800000,17020000,8051200,2682500,5368700,2682500,0,0,0,2686200,2222690,2.2227
swap_distribute_parallel_for_collapse_1150_1450_1900,1150,1900,0,3800,27561400,8270701,1900,35380000,17480000,8268800,2755000,5513800,2755000,0,0,0,2758800,2283949,2.2839
swap_distribute_parallel_for_collapse_1150_1450_1950,1150,1950,0,3900,28286700,8488351,1950,35960000,17940000,8486400,2827500,5658900,2827500,0,0,0,2831400,2344731,2.3447
swap_distribute_parallel_for_collapse_1150_1450_2000,1150,2000,0,4000,29012000,8706001,2000,36540000,18400000,8704000,2900000,5804000,2900000,0,0,0,2904000,2408187,2.4082
swap_distribute_parallel_for_collapse_1150_1500_1050,1150,1050,0,2100,15756300,4728151,1050,26400000,9660000,4727100,1575000,3152100,1575000,0,0,0,1577100,1309493,1.3095
swap_distribute_parallel_for_collapse_1150_1500_1100,1150,1100,0,2200,16506600,4953301,1100,27000000,10120000,4952200,1650000,3302200,1650000,0,0,0,1652200,1372466,1.3725
swap_distribute_parallel_for_collapse_1150_1500_1150,1150,1150,0,2300,17256900,5178451,1150,27600000,10580000,5177300,1725000,3452300,1725000,0,0,0,1727300,1434402,1.4344
swap_distribute_parallel_for_collapse_1150_1500_1200,1150,1200,0,2400,18007200,5403601,1200,28200000,11040000,5402400,1800000,3602400,1800000,0,0,0,1802400,1497487,1.4975
swap_distribute_parallel_for_collapse_1150_1500_1250,1150,1250,0,2500,18757500,5628751,1250,28800000,11500000,5627500,1875000,3752500,1875000,0,0,0,1877500,1562781,1.5628
swap_distribute_parallel_for_collapse_1150_1500_1300,1150,1300,0,2600,19507800,5853901,1300,29400000,11960000,5852600,1950000,3902600,1950000,0,0,0,1952600,1625049,1.6250
swap_distribute_parallel_for_collapse_1150_1500_1350,1150,1350,0,2700,20258100,6079051,1350,30000000,12420000,6077700,2025000,4052700,2025000,0,0,0,2027700,1689469,1.6895
swap_distribute_parallel_for_collapse_1150_1500_1400,1150,1400,0,2800,21008400,6304201,1400,30600000,12880000,6302800,2100000,4202800,2100000,0,0,0,2102800,1748618,1.7486
swap_distribute_parallel_for_collapse_1150_1500_1450,1150,1450,0,2900,21758700,6529351,1450,31200000,13340000,6527900,2175000,4352900,2175000,0,0,0,2177900,1813026,1.8130
swap_distribute_parallel_for_collapse_1150_1500_1500,1150,1500,0,3000,22509000,6754501,1500,31800000,13800000,6753000,2250000,4503000,2250000,0,0,0,2253000,1885042,1.8850
swap_distribute_parallel_for_collapse_1150_1500_1550,1150,1550,0,3100,23259300,6979651,1550,32400000,14260000,6978100,2325000,4653100,2325000,0,0,0,2328100,1964167,1.9642
swap_distribute_parallel_for_collapse_1150_1500_1600,1150,1600,0,3200,24009600,7204801,1600,33000000,14720000,7203200,2400000,4803200,2400000,0,0,0,2403200,2054945,2.0549
swap_distribute_parallel_for_collapse_1150_1500_1650,1150,1650,0,3300,24759900,7429951,1650,33600000,15180000,7428300,2475000,4953300,2475000,0,0,0,2478300,2068431,2.0684
swap_distribute_parallel_for_collapse_1150_1500_1700,1150,1700,0,3400,25510200,7655101,1700,34200000,15640000,7653400,2550000,5103400,2550000,0,0,0,2553400,2146890,2.1469
swap_distribute_parallel_for_collapse_1150_1500_1750,1150,1750,0,3500,26260500,7880251,1750,34800000,16100000,7878500,2625000,5253500,2625000,0,0,0,2628500,2190970,2.1910
swap_distribute_parallel_for_collapse_1150_1500_1800,1150,1800,0,3600,27010800,8105401,1800,35400000,16560000,8103600,2700000,5403600,2700000,0,0,0,2703600,2265821,2.2658
swap_distribute_parallel_for_collapse_1150_1500_1850,1150,1850,0,3700,27761100,8330551,1850,36000000,17020000,8328700,2775000,5553700,2775000,0,0,0,2778700,2322219,2.3222
swap_distribute_parallel_for_collapse_1150_1500_1900,1150,1900,0,3800,28511400,8555701,1900,36600000,17480000,8553800,2850000,5703800,2850000,0,0,0,2853800,2380650,2.3807
swap_distribute_parallel_for_collapse_1200_1200_1200,1200,1200,0,2400,14407200,4323601,1200,23040000,11520000,4322400,1440000,2882400,1440000,0,0,0,1442400,1235292,1.2353
swap_distribute_parallel_for_collapse_1200_1200_1700,1200,1700,0,3400,20410200,6125101,1700,27840000,16320000,6123400,2040000,4083400,2040000,0,0,0,2043400,1763181,1.7632
swap_distribute_parallel_for_collapse_1200_1200_2200,1200,2200,0,4400,26413200,7926601,2200,32640000,21120000,7924400,2640000,5284400,2640000,0,0,0,2644400,2287078,2.2871
swap_distribute_parallel_for_collapse_1200_1200_2700,1200,2700,0,5400,32416200,9728101,2700,37440000,25920000,9725400,3240000,6485400,3240000,0,0,0,3245400,2808884,2.8089
swap_distribute_parallel_for_collapse_1200_1200_3200,1200,3200,0,6400,38419200,11529601,3200,42240000,30720000,11526400,3840000,7686400,3840000,0,0,0,3846400,3338458,3.3385
swap_distribute_parallel_for_collapse_1200_1200_3700,1200,3700,0,7400,44422200,13331101,3700,47040000,35520000,13327400,4440000,8887400,4440000,0,0,0,4447400,3865786,3.8658
swap_distribute_parallel_for_collapse_1200_1200_4200,1200,4200,0,8400,50425200,15132601,4200,51840000,40320000,15128400,5040000,10088400,5040000,0,0,0,5048400,4380117,4.3801
swap_distribute_parallel_for_collapse_1200_1700_1200,1200,1200,0,2400,20407200,6123601,1200,32640000,11520000,6122400,2040000,4082400,2040000,0,0,0,2042400,1773598,1.7736
swap_distribute_parallel_for_collapse_1200_1700_1700,1200,1700,0,3400,28910200,8675101,1700,39440000,16320000,8673400,2890000,5783400,2890000,0,0,0,2893400,2523072,2.5231
swap_distribute_parallel_for_collapse_1200_1700_2200,1200,2200,0,4400,37413200,11226601,2200,46240000,21120000,11224400,3740000,7484400,3740000,0,0,0,3744400,3271014,3.2710
swap_distribute_parallel_for_collapse_1200_1700_2700,1200,2700,0,5400,45916200,13778101,2700,53040000,25920000,13775400,4590000,9185400,4590000,0,0,0,4595400,4013889,4.0139
swap_distribute_parallel_for_collapse_1200_1700_3200,1200,3200,0,6400,54419200,16329601,3200,59840000,30720000,16326400,5440000,10886400,5440000,0,0,0,5446400,4773846,4.7738
swap_distribute_parallel_for_collapse_1200_1700_3700,1200,3700,0,7400,62922200,18881101,3700,66640000,35520000,18877400,6290000,12587400,6290000,0,0,0,6297400,5513298,5.5133
swap_distribute_parallel_for_collapse_1200_1700_4200,1200,4200,0,8400,71425200,21432601,4200,73440000,40320000,21428400,7140000,14288400,7140000,0,0,0,7148400,6269301,6.2693
swap_distribute_parallel_for_collapse_1200_2200_1200,1200,1200,0,2400,26407200,7923601,1200,42240000,11520000,7922400,2640000,5282400,2640000,0,0,0,2642400,2317323,2.3173
swap_distribute_parallel_for_collapse_1200_2200_1700,1200,1700,0,3400,37410200,11225101,1700,51040000,16320000,11223400,3740000,7483400,3740000,0,0,0,3743400,3285422,3.2854
swap_distribute_parallel_for_collapse_1200_2200_2200,1200,2200,0,4400,48413200,14526601,2200,59840000,21120000,14524400,4840000,9684400,4840000,0,0,0,4844400,4253396,4.2534
swap_distribute_parallel_for_collapse_1200_2200_2700,1200,2700,0,5400,59416200,17828101,2700,68640000,25920000,17825400,5940000,11885400,5940000,0,0,0,5945400,5227671,5.2277
swap_distribute_parallel_for_collapse_1200_2200_3200,1200,3200,0,6400,70419200,21129601,3200,77440000,30720000,21126400,7040000,14086400,7040000,0,0,0,7046400,6200595,6.2006
swap_distribute_parallel_for_collapse_1200_2200_3700,1200,3700,0,7400,81422200,24431101,3700,86240000,35520000,24427400,8140000,16287400,8140000,0,0,0,8147400,7193830,7.1938
swap_distribute_parallel_for_collapse_1200_2200_4200,1200,4200,0,8400,92425200,27732601,4200,95040000,40320000,27728400,9240000,18488400,9240000,0,0,0,9248400,8145094,8.1451
swap_distribute_parallel_for_collapse_1200_2700_1200,1200,1200,0,2400,32407200,9723601,1200,51840000,11520000,9722400,3240000,6482400,3240000,0,0,0,3242400,2856658,2.8567
swap_distribute_parallel_for_collapse_1200_2700_1700,1200,1700,0,3400,45910200,13775101,1700,62640000,16320000,13773400,4590000,9183400,4590000,0,0,0,4593400,4061635,4.0616
swap_distribute_parallel_for_collapse_1200_2700_2200,1200,2200,0,4400,59413200,17826601,2200,73440000,21120000,17824400,5940000,11884400,5940000,0,0,0,5944400,5253730,5.2537
swap_distribute_parallel_for_collapse_1200_2700_2700,1200,2700,0,5400,72916200,21878101,2700,84240000,25920000,21875400,7290000,14585400,7290000,0,0,0,7295400,6477905,6.4779
swap_distribute_parallel_for_collapse_1200_2700_3200,1200,3200,0,6400,86419200,25929601,3200,95040000,30720000,25926400,8640000,17286400,8640000,0,0,0,8646400,7651771,7.6518
swap_distribute_parallel_for_collapse_1200_2700_3700,1200,3700,0,7400,99922200,29981101,3700,105840000,35520000,29977400,9990000,19987400,9990000,0,0,0,9997400,8852877,8.8529
swap_distribute_parallel_for_collapse_1200_2700_4200,1200,4200,0,8400,113425200,34032601,4200,116640000,40320000,34028400,11340000,22688400,11340000,0,0,0,11348400,10049198,10.0492
swap_distribute_parallel_for_collapse_1200_3200_1200,1200,1200,0,2400,38407200,11523601,1200,61440000,11520000,11522400,3840000,7682400,3840000,0,0,0,3842400,3411722,3.4117
swap_distribute_parallel_for_collapse_1200_3200_1700,1200,1700,0,3400,54410200,16325101,1700,74240000,16320000,16323400,5440000,10883400,5440000,0,0,0,5443400,4834200,4.8342
swap_distribute_parallel_for_collapse_1200_3200_2200,1200,2200,0,4400,70413200,21126601,2200,87040000,21120000,21124400,7040000,14084400,7040000,0,0,0,7044400,6286765,6.2868
swap_distribute_parallel_for_collapse_1200_3200_2700,1200,2700,0,5400,86416200,25928101,2700,99840000,25920000,25925400,8640000,17285400,8640000,0,0,0,8645400,7690708,7.6907
swap_distribute_parallel_for_collapse_1200_3200_3200,1200,3200,0,6400,102419200,30729601,3200,112640000,30720000,30726400,10240000,20486400,10240000,0,0,0,10246400,9160924,9.1609
swap_distribute_parallel_for_collapse_1200_3200_3700,1200,3700,0,7400,118422200,35531101,3700,125440000,35520000,35527400,11840000,23687400,11840000,0,0,0,11847400,10563876,10.5639
swap_distribute_parallel_for_collapse_1200_3200_4200,1200,4200,0,8400,134425200,40332601,4200,138240000,40320000,40328400,13440000,26888400,13440000,0,0,0,13448400,11984408,11.9844
swap_distribute_parallel_for_collapse_1200_3700_1200,1200,1200,0,2400,44407200,13323601,1200,71040000,11520000,13322400,4440000,8882400,4440000,0,0,0,4442400,3931708,3.9317
swap_distribute_parallel_for_collapse_1200_3700_1700,1200,1700,0,3400,62910200,18875101,1700,85840000,16320000,18873400,6290000,12583400,6290000,0,0,0,6293400,5569111,5.5691
swap_distribute_parallel_for_collapse_1200_3700_2200,1200,2200,0,4400,81413200,24426601,2200,100640000,21120000,24424400,8140000,16284400,8140000,0,0,0,8144400,7217617,7.2176
swap_distribute_parallel_for_collapse_1200_3700_2700,1200,2700,0,5400,99916200,29978101,2700,115440000,25920000,29975400,9990000,19985400,9990000,0,0,0,9995400,8859494,8.8595
swap_distribute_parallel_for_collapse_1200_3700_3200,1200,3200,0,6400,118419200,35529601,3200,130240000,30720000,35526400,11840000,23686400,11840000,0,0,0,11846400,10602290,10.6023
swap_distribute_parallel_for_collapse_1200_3700_3700,1200,3700,0,7400,136922200,41081101,3700,145040000,35520000,41077400,13690000,27387400,13690000,0,0,0,13697400,12144289,12.1443
swap_distribute_parallel_for_collapse_1200_3700_4200,1200,4200,0,8400,155425200,46632601,4200,159840000,40320000,46628400,15540000,31088400,15540000,0,0,0,15548400,13792968,13.7930
swap_distribute_parallel_for_collapse_1250_1250_1250,1250,1250,0,2500,15632500,4691251,1250,25000000,12500000,4690000,1562500,3127500,1562500,0,0,0,1565000,1405322,1.4053
swap_distribute_parallel_for_collapse_1250_1250_1750,1250,1750,0,3500,21885500,6567751,1750,30000000,17500000,6566000,2187500,4378500,2187500,0,0,0,2191000,1972302,1.9723
swap_distribute_parallel_for_collapse_1250_1250_2250,1250,2250,0,4500,28138500,8444251,2250,35000000,22500000,8442000,2812500,5629500,2812500,0,0,0,2817000,2541199,2.5412
swap_distribute_parallel_for_collapse_1250_1250_2750,1250,2750,0,5500,34391500,10320751,2750,40000000,27500000,10318000,3437500,6880500,3437500,0,0,0,3443000,3109220,3.1092
swap_distribute_parallel_for_collapse_1250_1250_3250,1250,3250,0,6500,40644500,12197251,3250,45000000,32500000,12194000,4062500,8131500,4062500,0,0,0,4069000,3687922,3.6879
swap_distribute_parallel_for_collapse_1250_1250_3750,1250,3750,0,7500,46897500,14073751,3750,50000000,37500000,14070000,4687500,9382500,4687500,0,0,0,4695000,4247071,4.2471
swap_distribute_parallel_for_collapse_1250_1250_4250,1250,4250,0,8500,53150500,15950251,4250,55000000,42500000,15946000,5312500,10633500,5312500,0,0,0,5321000,4820420,4.8204
swap_distribute_parallel_for_collapse_1250_1750_1250,1250,1250,0,2500,21882500,6566251,1250,35000000,12500000,6565000,2187500,4377500,2187500,0,0,0,2190000,1991363,1.9914
swap_distribute_parallel_for_collapse_1250_1750_1750,1250,1750,0,3500,30635500,9192751,1750,42000000,17500000,9191000,3062500,6128500,3062500,0,0,0,3066000,2785670,2.7857
swap_distribute_parallel_for_collapse_1250_1750_2250,1250,2250,0,4500,39388500,11819251,2250,49000000,22500000,11817000,3937500,7879500,3937500,0,0,0,3942000,3589701,3.5897
swap_distribute_parallel_for_collapse_1250_1750_2750,1250,2750,0,5500,48141500,14445751,2750,56000000,27500000,14443000,4812500,9630500,4812500,0,0,0,4818000,4392680,4.3927
swap_distribute_parallel_for_collapse_1250_1750_3250,1250,3250,0,6500,56894500,17072251,3250,63000000,32500000,17069000,5687500,11381500,5687500,0,0,0,5694000,5198873,5.1989
swap_distribute_parallel_for_collapse_1250_1750_3750,1250,3750,0,7500,65647500,19698751,3750,70000000,37500000,19695000,6562500,13132500,6562500,0,0,0,6570000,6012191,6.0122
swap_distribute_parallel_for_collapse_1250_1750_4250,1250,4250,0,8500,74400500,22325251,4250,77000000,42500000,22321000,7437500,14883500,7437500,0,0,0,7446000,6818965,6.8190
swap_distribute_parallel_for_collapse_1250_2250_1250,1250,1250,0,2500,28132500,8441251,1250,45000000,12500000,8440000,2812500,5627500,2812500,0,0,0,2815000,2576962,2.5770
swap_distribute_parallel_for_collapse_1250_2250_1750,1250,1750,0,3500,39385500,11817751,1750,54000000,17500000,11816000,3937500,7878500,3937500,0,0,0,3941000,3611766,3.6118
swap_distribute_parallel_for_collapse_1250_2250_2250,1250,2250,0,4500,50638500,15194251,2250,63000000,22500000,15192000,5062500,10129500,5062500,0,0,0,5067000,4654257,4.6543
swap_distribute_parallel_for_collapse_1250_2250_2750,1250,2750,0,5500,61891500,18570751,2750,72000000,27500000,18568000,6187500,12380500,6187500,0,0,0,6193000,5693997,5.6940
swap_distribute_parallel_for_collapse_1250_2250_3250,1250,3250,0,6500,73144500,21947251,3250,81000000,32500000,21944000,7312500,14631500,7312500,0,0,0,7319000,6732499,6.7325
swap_distribute_parallel_for_collapse_1250_2250_3750,1250,3750,0,7500,84397500,25323751,3750,90000000,37500000,25320000,8437500,16882500,8437500,0,0,0,8445000,7782412,7.7824
swap_distribute_parallel_for_collapse_1250_2250_4250,1250,4250,0,8500,95650500,28700251,4250,99000000,42500000,28696000,9562500,19133500,9562500,0,0,0,9571000,8810429,8.8104
swap_distribute_parallel_for_collapse_1250_2750_1250,1250,1250,0,2500,34382500,10316251,1250,55000000,12500000,10315000,3437500,6877500,3437500,0,0,0,3440000,3172803,3.1728
swap_distribute_parallel_for_collapse_1250_2750_1750,1250,1750,0,3500,48135500,14442751,1750,66000000,17500000,14441000,4812500,9628500,4812500,0,0,0,4816000,4438717,4.4387
swap_distribute_parallel_for_collapse_1250_2750_2250,1250,2250,0,4500,61888500,18569251,2250,77000000,22500000,18567000,6187500,12379500,6187500,0,0,0,6192000,5730303,5.7303
swap_distribute_parallel_for_collapse_1250_2750_2750,1250,2750,0,5500,75641500,22695751,2750,88000000,27500000,22693000,7562500,15130500,7562500,0,0,0,7568000,7011610,7.0116
swap_distribute_parallel_for_collapse_1250_2750_3250,1250,3250,0,6500,89394500,26822251,3250,99000000,32500000,26819000,8937500,17881500,8937500,0,0,0,8944000,8251656,8.2517
swap_distribute_parallel_for_collapse_1250_2750_3750,1250,3750,0,7500,103147500,30948751,3750,110000000,37500000,30945000,10312500,20632500,10312500,0,0,0,10320000,9526037,9.5260
swap_distribute_parallel_for_collapse_1250_2750_4250,1250,4250,0,8500,116900500,35075251,4250,121000000,42500000,35071000,11687500,23383500,11687500,0,0,0,11696000,10798111,10.7981
swap_distribute_parallel_for_collapse_1250_3250_1250,1250,1250,0,2500,40632500,12191251,1250,65000000,12500000,12190000,4062500,8127500,4062500,0,0,0,4065000,3737381,3.7374
swap_distribute_parallel_for_collapse_1250_3250_1750,1250,1750,0,3500,56885500,17067751,1750,78000000,17500000,17066000,5687500,11378500,5687500,0,0,0,5691000,5255323,5.2553
swap_distribute_parallel_for_collapse_1250_3250_2250,1250,2250,0,4500,73138500,21944251,2250,91000000,22500000,21942000,7312500,14629500,7312500,0,0,0,7317000,6748496,6.7485
swap_distribute_parallel_for_collapse_1250_3250_2750,1250,2750,0,5500,89391500,26820751,2750,104000000,27500000,26818000,8937500,17880500,8937500,0,0,0,8943000,8265193,8.2652
swap_distribute_parallel_for_collapse_1250_3250_3250,1250,3250,0,6500,105644500,31697251,3250,117000000,32500000,31694000,10562500,21131500,10562500,0,0,0,10569000,9754592,9.7546
swap_distribute_parallel_for_collapse_1250_3250_3750,1250,3750,0,7500,121897500,36573751,3750,130000000,37500000,36570000,12187500,24382500,12187500,0,0,0,12195000,11260124,11.2601
swap_distribute_parallel_for_collapse_1250_3250_4250,1250,4250,0,8500,138150500,41450251,4250,143000000,42500000,41446000,13812500,27633500,13812500,0,0,0,13821000,12766749,12.7667
swap_distribute_parallel_for_collapse_1250_3750_1250,1250,1250,0,2500,46882500,14066251,1250,75000000,12500000,14065000,4687500,9377500,4687500,0,0,0,4690000,4377623,4.3776
swap_distribute_parallel_for_collapse_1250_3750_1750,1250,1750,0,3500,65635500,19692751,1750,90000000,17500000,19691000,6562500,13128500,6562500,0,0,0,6566000,6130306,6.1303
swap_distribute_parallel_for_collapse_1250_3750_2250,1250,2250,0,4500,84388500,25319251,2250,105000000,22500000,25317000,8437500,16879500,8437500,0,0,0,8442000,7872210,7.8722
swap_distribute_parallel_for_collapse_1250_3750_2750,1250,2750,0,5500,103141500,30945751,2750,120000000,27500000,30943000,10312500,20630500,10312500,0,0,0,10318000,9584322,9.5843
swap_distribute_parallel_for_collapse_1250_3750_3250,1250,3250,0,6500,121894500,36572251,3250,135000000,32500000,36569000,12187500,24381500,12187500,0,0,0,12194000,11313084,11.3131
swap_distribute_parallel_for_collapse_1250_3750_3750,1250,3750,0,7500,140647500,42198751,3750,150000000,37500000,42195000,14062500,28132500,14062500,0,0,0,14070000,13059901,13.0599
swap_distribute_parallel_for_collapse_1250_3750_4250,1250,4250,0,8500,159400500,47825251,4250,165000000,42500000,47821000,15937500,31883500,15937500,0,0,0,15946000,14858806,14.8588
swap_distribute_parallel_for_collapse_1250_4250_1250,1250,1250,0,2500,53132500,15941251,1250,85000000,12500000,15940000,5312500,10627500,5312500,0,0,0,5315000,4906333,4.9063
swap_distribute_parallel_for_collapse_1250_4250_1750,1250,1750,0,3500,74385500,22317751,1750,102000000,17500000,22316000,7437500,14878500,7437500,0,0,0,7441000,6901884,6.9019
swap_distribute_parallel_for_collapse_1250_4250_2250,1250,2250,0,4500,95638500,28694251,2250,119000000,22500000,28692000,9562500,19129500,9562500,0,0,0,9567000,8864584,8.8646
swap_distribute_parallel_for_collapse_1250_4250_2750,1250,2750,0,5500,116891500,35070751,2750,136000000,27500000,35068000,11687500,23380500,11687500,0,0,0,11693000,10834106,10.8341
swap_distribute_parallel_for_collapse_1250_4250_3250,1250,3250,0,6500,138144500,41447251,3250,153000000,32500000,41444000,13812500,27631500,13812500,0,0,0,13819000,12787853,12.7879
swap_distribute_parallel_for_collapse_1250_4250_3750,1250,3750,0,7500,159397500,47823751,3750,170000000,37500000,47820000,15937500,31882500,15937500,0,0,0,15945000,14771495,14.7715
swap_distribute_parallel_for_collapse_1250_4250_4250,1250,4250,0,8500,180650500,54200251,4250,187000000,42500000,54196000,18062500,36133500,18062500,0,0,0,18071000,16738560,16.7386
swap_distribute_parallel_for_collapse_1400_1400_1400,1400,1400,0,2800,19608400,5884201,1400,31360000,15680000,5882800,1960000,3922800,1960000,0,0,0,1962800,1995974,1.9960
swap_distribute_parallel_for_collapse_1400_1400_1900,1400,1900,0,3800,26611400,7985701,1900,36960000,21280000,7983800,2660000,5323800,2660000,0,0,0,2663800,2712346,2.7123
swap_distribute_parallel_for_collapse_1400_1400_2400,1400,2400,0,4800,33614400,10087201,2400,42560000,26880000,10084800,3360000,6724800,3360000,0,0,0,3364800,3459977,3.4600
swap_distribute_parallel_for_collapse_1400_1400_2900,1400,2900,0,5800,40617400,12188701,2900,48160000,32480000,12185800,4060000,8125800,4060000,0,0,0,4065800,4195448,4.1954
swap_distribute_parallel_for_collapse_1400_1400_3400,1400,3400,0,6800,47620400,14290201,3400,53760000,38080000,14286800,4760000,9526800,4760000,0,0,0,4766800,4882562,4.8826
swap_distribute_parallel_for_collapse_1400_1400_3900,1400,3900,0,7800,54623400,16391701,3900,59360000,43680000,16387800,5460000,10927800,5460000,0,0,0,5467800,5631867,5.6319
swap_distribute_parallel_for_collapse_1400_1400_900,1400,900,0,1800,12605400,3782701,900,25760000,10080000,3781800,1260000,2521800,1260000,0,0,0,1261800,1278880,1.2789
swap_distribute_parallel_for_collapse_1400_1900_1400,1400,1400,0,2800,26608400,7984201,1400,42560000,15680000,7982800,2660000,5322800,2660000,0,0,0,2662800,2724862,2.7249
swap_distribute_parallel_for_collapse_1400_1900_1900,1400,1900,0,3800,36111400,10835701,1900,50160000,21280000,10833800,3610000,7223800,3610000,0,0,0,3613800,3701604,3.7016
swap_distribute_parallel_for_collapse_1400_1900_2400,1400,2400,0,4800,45614400,13687201,2400,57760000,26880000,13684800,4560000,9124800,4560000,0,0,0,4564800,4681981,4.6820
swap_distribute_parallel_for_collapse_1400_1900_2900,1400,2900,0,5800,55117400,16538701,2900,65360000,32480000,16535800,5510000,11025800,5510000,0,0,0,5515800,5664030,5.6640
swap_distribute_parallel_for_collapse_1400_1900_3400,1400,3400,0,6800,64620400,19390201,3400,72960000,38080000,19386800,6460000,12926800,6460000,0,0,0,6466800,6643399,6.6434
swap_distribute_parallel_for_collapse_1400_1900_3900,1400,3900,0,7800,74123400,22241701,3900,80560000,43680000,22237800,7410000,14827800,7410000,0,0,0,7417800,7620171,7.6202
swap_distribute_parallel_for_collapse_1400_1900_900,1400,900,0,1800,17105400,5132701,900,34960000,10080000,5131800,1710000,3421800,1710000,0,0,0,1711800,1776230,1.7762
swap_distribute_parallel_for_collapse_1400_2400_1400,1400,1400,0,2800,33608400,10084201,1400,53760000,15680000,10082800,3360000,6722800,3360000,0,0,0,3362800,3482204,3.4822
swap_distribute_parallel_for_collapse_1400_2400_1900,1400,1900,0,3800,45611400,13685701,1900,63360000,21280000,13683800,4560000,9123800,4560000,0,0,0,4563800,4698376,4.6984
swap_distribute_parallel_for_collapse_1400_2400_2400,1400,2400,0,4800,57614400,17287201,2400,72960000,26880000,17284800,5760000,11524800,5760000,0,0,0,5764800,5942214,5.9422
swap_distribute_parallel_for_collapse_1400_2400_2900,1400,2900,0,5800,69617400,20888701,2900,82560000,32480000,20885800,6960000,13925800,6960000,0,0,0,6965800,7186442,7.1864
swap_distribute_parallel_for_collapse_1400_2400_3400,1400,3400,0,6800,81620400,24490201,3400,92160000,38080000,24486800,8160000,16326800,8160000,0,0,0,8166800,8460642,8.4606
swap_distribute_parallel_for_collapse_1400_2400_3900,1400,3900,0,7800,93623400,28091701,3900,101760000,43680000,28087800,9360000,18727800,9360000,0,0,0,9367800,9674441,9.6744
swap_distribute_parallel_for_collapse_1400_2400_900,1400,900,0,1800,21605400,6482701,900,44160000,10080000,6481800,2160000,4321800,2160000,0,0,0,2161800,2230593,2.2306
swap_distribute_parallel_for_collapse_1400_2900_1400,1400,1400,0,2800,40608400,12184201,1400,64960000,15680000,12182800,4060000,8122800,4060000,0,0,0,4062800,4194051,4.1941
swap_distribute_parallel_for_collapse_1400_2900_1900,1400,1900,0,3800,55111400,16535701,1900,76560000,21280000,16533800,5510000,11023800,5510000,0,0,0,5513800,5698310,5.6983
swap_distribute_parallel_for_collapse_1400_2900_2400,1400,2400,0,4800,69614400,20887201,2400,88160000,26880000,20884800,6960000,13924800,6960000,0,0,0,6964800,7240674,7.2407
swap_distribute_parallel_for_collapse_1400_2900_2900,1400,2900,0,5800,84117400,25238701,2900,99760000,32480000,25235800,8410000,16825800,8410000,0,0,0,8415800,8706168,8.7062
swap_distribute_parallel_for_collapse_1400_2900_3400,1400,3400,0,6800,98620400,29590201,3400,111360000,38080000,29586800,9860000,19726800,9860000,0,0,0,9866800,10213096,10.2131
swap_distribute_parallel_for_collapse_1400_2900_3900,1400,3900,0,7800,113123400,33941701,3900,122960000,43680000,33937800,11310000,22627800,11310000,0,0,0,11317800,11712758,11.7128
swap_distribute_parallel_for_collapse_1400_2900_900,1400,900,0,1800,26105400,7832701,900,53360000,10080000,7831800,2610000,5221800,2610000,0,0,0,2611800,2737013,2.7370
swap_distribute_parallel_for_collapse_1400_3400_1400,1400,1400,0,2800,47608400,14284201,1400,76160000,15680000,14282800,4760000,9522800,4760000,0,0,0,4762800,4962612,4.9626
swap_distribute_parallel_for_collapse_1400_3400_1900,1400,1900,0,3800,64611400,19385701,1900,89760000,21280000,19383800,6460000,12923800,6460000,0,0,0,6463800,6743768,6.7438
swap_distribute_parallel_for_collapse_1400_3400_2400,1400,2400,0,4800,81614400,24487201,2400,103360000,26880000,24484800,8160000,16324800,8160000,0,0,0,8164800,8529067,8.5291
swap_distribute_parallel_for_collapse_1400_3400_2900,1400,2900,0,5800,98617400,29588701,2900,116960000,32480000,29585800,9860000,19725800,9860000,0,0,0,9865800,10320465,10.3205
swap_distribute_parallel_for_collapse_1400_3400_3400,1400,3400,0,6800,115620400,34690201,3400,130560000,38080000,34686800,11560000,23126800,11560000,0,0,0,11566800,12084980,12.0850
swap_distribute_parallel_for_collapse_1400_3400_3900,1400,3900,0,7800,132623400,39791701,3900,144160000,43680000,39787800,13260000,26527800,13260000,0,0,0,13267800,13870486,13.8705
swap_distribute_parallel_for_collapse_1400_3400_900,1400,900,0,1800,30605400,9182701,900,62560000,10080000,9181800,3060000,6121800,3060000,0,0,0,3061800,3184106,3.1841
swap_distribute_parallel_for_collapse_1400_3900_1400,1400,1400,0,2800,54608400,16384201,1400,87360000,15680000,16382800,5460000,10922800,5460000,0,0,0,5462800,5669624,5.6696
swap_distribute_parallel_for_collapse_1400_3900_1900,1400,1900,0,3800,74111400,22235701,1900,102960000,21280000,22233800,7410000,14823800,7410000,0,0,0,7413800,7697483,7.6975
swap_distribute_parallel_for_collapse_1400_3900_2400,1400,2400,0,4800,93614400,28087201,2400,118560000,26880000,28084800,9360000,18724800,9360000,0,0,0,9364800,9755843,9.7558
swap_distribute_parallel_for_collapse_1400_3900_2900,1400,2900,0,5800,113117400,33938701,2900,134160000,32480000,33935800,11310000,22625800,11310000,0,0,0,11315800,11800069,11.8001
swap_distribute_parallel_for_collapse_1400_3900_3400,1400,3400,0,6800,132620400,39790201,3400,149760000,38080000,39786800,13260000,26526800,13260000,0,0,0,13266800,13767605,13.7676
swap_distribute_parallel_for_collapse_1400_3900_3900,1400,3900,0,7800,152123400,45641701,3900,165360000,43680000,45637800,15210000,30427800,15210000,0,0,0,15217800,15794608,15.7946
swap_distribute_parallel_for_collapse_1400_3900_900,1400,900,0,1800,35105400,10532701,900,71760000,10080000,10531800,3510000,7021800,3510000,0,0,0,3511800,3634016,3.6340
swap_distribute_parallel_for_collapse_1400_900_1400,1400,1400,0,2800,12608400,3784201,1400,20160000,15680000,3782800,1260000,2522800,1260000,0,0,0,1262800,1264073,1.2641
swap_distribute_parallel_for_collapse_1400_900_1900,1400,1900,0,3800,17111400,5135701,1900,23760000,21280000,5133800,1710000,3423800,1710000,0,0,0,1713800,1722395,1.7224
swap_distribute_parallel_for_collapse_1400_900_2400,1400,2400,0,4800,21614400,6487201,2400,27360000,26880000,6484800,2160000,4324800,2160000,0,0,0,2164800,2180291,2.1803
swap_distribute_parallel_for_collapse_1400_900_2900,1400,2900,0,5800,26117400,7838701,2900,30960000,32480000,7835800,2610000,5225800,2610000,0,0,0,2615800,2637232,2.6372
swap_distribute_parallel_for_collapse_1400_900_3400,1400,3400,0,6800,30620400,9190201,3400,34560000,38080000,9186800,3060000,6126800,3060000,0,0,0,3066800,3098830,3.0988
swap_distribute_parallel_for_collapse_1400_900_3900,1400,3900,0,7800,35123400,10541701,3900,38160000,43680000,10537800,3510000,7027800,3510000,0,0,0,3517800,3550484,3.5505
swap_distribute_parallel_for_collapse_1400_900_900,1400,900,0,1800,8105400,2432701,900,16560000,10080000,2431800,810000,1621800,810000,0,0,0,811800,815912,0.8159
swap_distribute_parallel_for_collapse_1500_1000_1000,1500,1000,0,2000,10006000,3003001,1000,20000000,12000000,3002000,1000000,2002000,1000000,0,0,0,1002000,1068793,1.0688
swap_distribute_parallel_for_collapse_1500_1000_1500,1500,1500,0,3000,15009000,4504501,1500,24000000,18000000,4503000,1500000,3003000,1500000,0,0,0,1503000,1612247,1.6122
swap_distribute_parallel_for_collapse_1500_1000_2000,1500,2000,0,4000,20012000,6006001,2000,28000000,24000000,6004000,2000000,4004000,2000000,0,0,0,2004000,2157786,2.1578
swap_distribute_parallel_for_collapse_1500_1000_2500,1500,2500,0,5000,25015000,7507501,2500,32000000,30000000,7505000,2500000,5005000,2500000,0,0,0,2505000,2698765,2.6988
swap_distribute_parallel_for_collapse_1500_1000_3000,1500,3000,0,6000,30018000,9009001,3000,36000000,36000000,9006000,3000000,6006000,3000000,0,0,0,3006000,3248493,3.2485
swap_distribute_parallel_for_collapse_1500_1000_3500,1500,3500,0,7000,35021000,10510501,3500,40000000,42000000,10507000,3500000,7007000,3500000,0,0,0,3507000,3789917,3.7899
swap_distribute_parallel_for_collapse_1500_1000_4000,1500,4000,0,8000,40024000,12012001,4000,44000000,48000000,12008000,4000000,8008000,4000000,0,0,0,4008000,4326978,4.3270
swap_distribute_parallel_for_collapse_1500_1500_1000,1500,1000,0,2000,15006000,4503001,1000,30000000,12000000,4502000,1500000,3002000,1500000,0,0,0,1502000,1645330,1.6453
swap_distribute_parallel_for_collapse_1500_1500_1500,1500,1500,0,3000,22509000,6754501,1500,36000000,18000000,6753000,2250000,4503000,2250000,0,0,0,2253000,2481277,2.4813
swap_distribute_parallel_for_collapse_1500_1500_2000,1500,2000,0,4000,30012000,9006001,2000,42000000,24000000,9004000,3000000,6004000,3000000,0,0,0,3004000,3302885,3.3029
swap_distribute_parallel_for_collapse_1500_1500_2500,1500,2500,0,5000,37515000,11257501,2500,48000000,30000000,11255000,3750000,7505000,3750000,0,0,0,3755000,4134005,4.1340
swap_distribute_parallel_for_collapse_1500_1500_3000,1500,3000,0,6000,45018000,13509001,3000,54000000,36000000,13506000,4500000,9006000,4500000,0,0,0,4506000,4964637,4.9646
swap_distribute_parallel_for_collapse_1500_1500_3500,1500,3500,0,7000,52521000,15760501,3500,60000000,42000000,15757000,5250000,10507000,5250000,0,0,0,5257000,5792050,5.7920
swap_distribute_parallel_for_collapse_1500_1500_4000,1500,4000,0,8000,60024000,18012001,4000,66000000,48000000,18008000,6000000,12008000,6000000,0,0,0,6008000,6627069,6.6271
swap_distribute_parallel_for_collapse_1500_2000_1000,1500,1000,0,2000,20006000,6003001,1000,40000000,12000000,6002000,2000000,4002000,2000000,0,0,0,2002000,2155406,2.1554
swap_distribute_parallel_for_collapse_1500_2000_1500,1500,1500,0,3000,30009000,9004501,1500,48000000,18000000,9003000,3000000,6003000,3000000,0,0,0,3003000,3245465,3.2455
swap_distribute_parallel_for_collapse_1500_2000_2000,1500,2000,0,4000,40012000,12006001,2000,56000000,24000000,12004000,4000000,8004000,4000000,0,0,0,4004000,4336553,4.3366
swap_distribute_parallel_for_collapse_1500_2000_2500,1500,2500,0,5000,50015000,15007501,2500,64000000,30000000,15005000,5000000,10005000,5000000,0,0,0,5005000,5424585,5.4246
swap_distribute_parallel_for_collapse_1500_2000_3000,1500,3000,0,6000,60018000,18009001,3000,72000000,36000000,18006000,6000000,12006000,6000000,0,0,0,6006000,6509077,6.5091
swap_distribute_parallel_for_collapse_1500_2000_3500,1500,3500,0,7000,70021000,21010501,3500,80000000,42000000,21007000,7000000,14007000,7000000,0,0,0,7007000,7608715,7.6087
swap_distribute_parallel_for_collapse_1500_2000_4000,1500,4000,0,8000,80024000,24012001,4000,88000000,48000000,24008000,8000000,16008000,8000000,0,0,0,8008000,8687154,8.6872
swap_distribute_parallel_for_collapse_1500_2500_1000,1500,1000,0,2000,25006000,7503001,1000,50000000,12000000,7502000,2500000,5002000,2500000,0,0,0,2502000,2757888,2.7579
swap_distribute_parallel_for_collapse_1500_2500_1500,1500,1500,0,3000,37509000,11254501,1500,60000000,18000000,11253000,3750000,7503000,3750000,0,0,0,3753000,4150332,4.1503
swap_distribute_parallel_for_collapse_1500_2500_2000,1500,2000,0,4000,50012000,15006001,2000,70000000,24000000,15004000,5000000,10004000,5000000,0,0,0,5004000,5536364,5.5364
swap_distribute_parallel_for_collapse_1500_2500_2500,1500,2500,0,5000,62515000,18757501,2500,80000000,30000000,18755000,6250000,12505000,6250000,0,0,0,6255000,6925208,6.9252
swap_distribute_parallel_for_collapse_1500_2500_3000,1500,3000,0,6000,75018000,22509001,3000,90000000,36000000,22506000,7500000,15006000,7500000,0,0,0,7506000,8309876,8.3099
swap_distribute_parallel_for_collapse_1500_2500_3500,1500,3500,0,7000,87521000,26260501,3500,100000000,42000000,26257000,8750000,17507000,8750000,0,0,0,8757000,9702469,9.7025
swap_distribute_parallel_for_collapse_1500_2500_4000,1500,4000,0,8000,100024000,30012001,4000,110000000,48000000,30008000,10000000,20008000,10000000,0,0,0,10008000,11084773,11.0848
swap_distribute_parallel_for_collapse_1500_3000_1000,1500,1000,0,2000,30006000,9003001,1000,60000000,12000000,9002000,3000000,6002000,3000000,0,0,0,3002000,3348031,3.3480
swap_distribute_parallel_for_collapse_1500_3000_1500,1500,1500,0,3000,45009000,13504501,1500,72000000,18000000,13503000,4500000,9003000,4500000,0,0,0,4503000,5033830,5.0338
swap_distribute_parallel_for_collapse_1500_3000_2000,1500,2000,0,4000,60012000,18006001,2000,84000000,24000000,18004000,6000000,12004000,6000000,0,0,0,6004000,6712251,6.7123
swap_distribute_parallel_for_collapse_1500_3000_2500,1500,2500,0,5000,75015000,22507501,2500,96000000,30000000,22505000,7500000,15005000,7500000,0,0,0,7505000,8393354,8.3934
swap_distribute_parallel_for_collapse_1500_3000_3000,1500,3000,0,6000,90018000,27009001,3000,108000000,36000000,27006000,9000000,18006000,9000000,0,0,0,9006000,10077328,10.0773
swap_distribute_parallel_for_collapse_1500_3000_3500,1500,3500,0,7000,105021000,31510501,3500,120000000,42000000,31507000,10500000,21007000,10500000,0,0,0,10507000,11756161,11.7562
swap_distribute_parallel_for_collapse_1500_3000_4000,1500,4000,0,8000,120024000,36012001,4000,132000000,48000000,36008000,12000000,24008000,12000000,0,0,0,12008000,13439698,13.4397
swap_distribute_parallel_for_collapse_1500_3500_1000,1500,1000,0,2000,35006000,10503001,1000,70000000,12000000,10502000,3500000,7002000,3500000,0,0,0,3502000,3887539,3.8875
swap_distribute_parallel_for_collapse_1500_3500_1500,1500,1500,0,3000,52509000,15754501,1500,84000000,18000000,15753000,5250000,10503000,5250000,0,0,0,5253000,5841067,5.8411
swap_distribute_parallel_for_collapse_1500_3500_2000,1500,2000,0,4000,70012000,21006001,2000,98000000,24000000,21004000,7000000,14004000,7000000,0,0,0,7004000,7790413,7.7904
swap_distribute_parallel_for_collapse_1500_3500_2500,1500,2500,0,5000,87515000,26257501,2500,112000000,30000000,26255000,8750000,17505000,8750000,0,0,0,8755000,9745952,9.7460
swap_distribute_parallel_for_collapse_1500_3500_3000,1500,3000,0,6000,105018000,31509001,3000,126000000,36000000,31506000,10500000,21006000,10500000,0,0,0,10506000,11700256,11.7003
swap_distribute_parallel_for_collapse_1500_3500_3500,1500,3500,0,7000,122521000,36760501,3500,140000000,42000000,36757000,12250000,24507000,12250000,0,0,0,12257000,13651372,13.6514
swap_distribute_parallel_for_collapse_1500_3500_4000,1500,4000,0,8000,140024000,42012001,4000,154000000,48000000,42008000,14000000,28008000,14000000,0,0,0,14008000,15599328,15.5993
swap_distribute_parallel_for_collapse_1500_4000_1000,1500,1000,0,2000,40006000,12003001,1000,80000000,12000000,12002000,4000000,8002000,4000000,0,0,0,4002000,4453339,4.4533
swap_distribute_parallel_for_collapse_1500_4000_1500,1500,1500,0,3000,60009000,18004501,1500,96000000,18000000,18003000,6000000,12003000,6000000,0,0,0,6003000,6695078,6.6951
swap_distribute_parallel_for_collapse_1500_4000_2000,1500,2000,0,4000,80012000,24006001,2000,112000000,24000000,24004000,8000000,16004000,8000000,0,0,0,8004000,8928450,8.9284
swap_distribute_parallel_for_collapse_1500_4000_2500,1500,2500,0,5000,100015000,30007501,2500,128000000,30000000,30005000,10000000,20005000,10000000,0,0,0,10005000,11172931,11.1729
swap_distribute_parallel_for_collapse_1500_4000_3000,1500,3000,0,6000,120018000,36009001,3000,144000000,36000000,36006000,12000000,24006000,12000000,0,0,0,12006000,13408386,13.4084
swap_distribute_parallel_for_collapse_1500_4000_3500,1500,3500,0,7000,140021000,42010501,3500,160000000,42000000,42007000,14000000,28007000,14000000,0,0,0,14007000,15647960,15.6480
swap_distribute_parallel_for_collapse_1500_4000_4000,1500,4000,0,8000,160024000,48012001,4000,176000000,48000000,48008000,16000000,32008000,16000000,0,0,0,16008000,17878891,17.8789
swap_distribute_parallel_for_collapse_1700_1200_1200,1700,1200,0,2400,14407200,4323601,1200,27840000,16320000,4322400,1440000,2882400,1440000,0,0,0,1442400,1787087,1.7871
swap_distribute_parallel_for_collapse_1700_1200_1700,1700,1700,0,3400,20410200,6125101,1700,32640000,23120000,6123400,2040000,4083400,2040000,0,0,0,2043400,2540995,2.5410
swap_distribute_parallel_for_collapse_1700_1200_2200,1700,2200,0,4400,26413200,7926601,2200,37440000,29920000,7924400,2640000,5284400,2640000,0,0,0,2644400,3284389,3.2844
swap_distribute_parallel_for_collapse_1700_1200_2700,1700,2700,0,5400,32416200,9728101,2700,42240000,36720000,9725400,3240000,6485400,3240000,0,0,0,3245400,4033238,4.0332
swap_distribute_parallel_for_collapse_1700_1200_3200,1700,3200,0,6400,38419200,11529601,3200,47040000,43520000,11526400,3840000,7686400,3840000,0,0,0,3846400,4780700,4.7807
swap_distribute_parallel_for_collapse_1700_1200_3700,1700,3700,0,7400,44422200,13331101,3700,51840000,50320000,13327400,4440000,8887400,4440000,0,0,0,4447400,5549270,5.5493
swap_distribute_parallel_for_collapse_1700_1200_4200,1700,4200,0,8400,50425200,15132601,4200,56640000,57120000,15128400,5040000,10088400,5040000,0,0,0,5048400,6282417,6.2824
swap_distribute_parallel_for_collapse_1700_1700_1200,1700,1200,0,2400,20407200,6123601,1200,39440000,16320000,6122400,2040000,4082400,2040000,0,0,0,2042400,2554018,2.5540
swap_distribute_parallel_for_collapse_1700_1700_1700,1700,1700,0,3400,28910200,8675101,1700,46240000,23120000,8673400,2890000,5783400,2890000,0,0,0,2893400,3610575,3.6106
swap_distribute_parallel_for_collapse_1700_1700_2200,1700,2200,0,4400,37413200,11226601,2200,53040000,29920000,11224400,3740000,7484400,3740000,0,0,0,3744400,4687560,4.6876
swap_distribute_parallel_for_collapse_1700_1700_2700,1700,2700,0,5400,45916200,13778101,2700,59840000,36720000,13775400,4590000,9185400,4590000,0,0,0,4595400,5740159,5.7402
swap_distribute_parallel_for_collapse_1700_1700_3200,1700,3200,0,6400,54419200,16329601,3200,66640000,43520000,16326400,5440000,10886400,5440000,0,0,0,5446400,6807890,6.8079
swap_distribute_parallel_for_collapse_1700_1700_3700,1700,3700,0,7400,62922200,18881101,3700,73440000,50320000,18877400,6290000,12587400,6290000,0,0,0,6297400,7907592,7.9076
swap_distribute_parallel_for_collapse_1700_1700_4200,1700,4200,0,8400,71425200,21432601,4200,80240000,57120000,21428400,7140000,14288400,7140000,0,0,0,7148400,8981767,8.9818
swap_distribute_parallel_for_collapse_1700_2200_1200,1700,1200,0,2400,26407200,7923601,1200,51040000,16320000,7922400,2640000,5282400,2640000,0,0,0,2642400,3305343,3.3053
swap_distribute_parallel_for_collapse_1700_2200_1700,1700,1700,0,3400,37410200,11225101,1700,59840000,23120000,11223400,3740000,7483400,3740000,0,0,0,3743400,4689463,4.6895
swap_distribute_parallel_for_collapse_1700_2200_2200,1700,2200,0,4400,48413200,14526601,2200,68640000,29920000,14524400,4840000,9684400,4840000,0,0,0,4844400,6074089,6.0741
swap_distribute_parallel_for_collapse_1700_2200_2700,1700,2700,0,5400,59416200,17828101,2700,77440000,36720000,17825400,5940000,11885400,5940000,0,0,0,5945400,7458326,7.4583
swap_distribute_parallel_for_collapse_1700_2200_3200,1700,3200,0,6400,70419200,21129601,3200,86240000,43520000,21126400,7040000,14086400,7040000,0,0,0,7046400,8849273,8.8493
swap_distribute_parallel_for_collapse_1700_2200_3700,1700,3700,0,7400,81422200,24431101,3700,95040000,50320000,24427400,8140000,16287400,8140000,0,0,0,8147400,10239182,10.2392
swap_distribute_parallel_for_collapse_1700_2200_4200,1700,4200,0,8400,92425200,27732601,4200,103840000,57120000,27728400,9240000,18488400,9240000,0,0,0,9248400,11604065,11.6041
swap_distribute_parallel_for_collapse_1700_2700_1200,1700,1200,0,2400,32407200,9723601,1200,62640000,16320000,9722400,3240000,6482400,3240000,0,0,0,3242400,4110462,4.1105
swap_distribute_parallel_for_collapse_1700_2700_1700,1700,1700,0,3400,45910200,13775101,1700,73440000,23120000,13773400,4590000,9183400,4590000,0,0,0,4593400,5792250,5.7923
swap_distribute_parallel_for_collapse_1700_2700_2200,1700,2200,0,4400,59413200,17826601,2200,84240000,29920000,17824400,5940000,11884400,5940000,0,0,0,5944400,7497127,7.4971
swap_distribute_parallel_for_collapse_1700_2700_2700,1700,2700,0,5400,72916200,21878101,2700,95040000,36720000,21875400,7290000,14585400,7290000,0,0,0,7295400,9199092,9.1991
swap_distribute_parallel_for_collapse_1700_2700_3200,1700,3200,0,6400,86419200,25929601,3200,105840000,43520000,25926400,8640000,17286400,8640000,0,0,0,8646400,10944278,10.9443
swap_distribute_parallel_for_collapse_1700_2700_3700,1700,3700,0,7400,99922200,29981101,3700,116640000,50320000,29977400,9990000,19987400,9990000,0,0,0,9997400,12616266,12.6163
swap_distribute_parallel_for_collapse_1700_2700_4200,1700,4200,0,8400,113425200,34032601,4200,127440000,57120000,34028400,11340000,22688400,11340000,0,0,0,11348400,14316950,14.3170
swap_distribute_parallel_for_collapse_1700_3200_1200,1700,1200,0,2400,38407200,11523601,1200,74240000,16320000,11522400,3840000,7682400,3840000,0,0,0,3842400,4858381,4.8584
swap_distribute_parallel_for_collapse_1700_3200_1700,1700,1700,0,3400,54410200,16325101,1700,87040000,23120000,16323400,5440000,10883400,5440000,0,0,0,5443400,6889906,6.8899
swap_distribute_parallel_for_collapse_1700_3200_2200,1700,2200,0,4400,70413200,21126601,2200,99840000,29920000,21124400,7040000,14084400,7040000,0,0,0,7044400,8912103,8.9121
swap_distribute_parallel_for_collapse_1700_3200_2700,1700,2700,0,5400,86416200,25928101,2700,112640000,36720000,25925400,8640000,17285400,8640000,0,0,0,8645400,10962263,10.9623
swap_distribute_parallel_for_collapse_1700_3200_3200,1700,3200,0,6400,102419200,30729601,3200,125440000,43520000,30726400,10240000,20486400,10240000,0,0,0,10246400,13048008,13.0480
swap_distribute_parallel_for_collapse_1700_3200_3700,1700,3700,0,7400,118422200,35531101,3700,138240000,50320000,35527400,11840000,23687400,11840000,0,0,0,11847400,15021680,15.0217
swap_distribute_parallel_for_collapse_1700_3200_4200,1700,4200,0,8400,134425200,40332601,4200,151040000,57120000,40328400,13440000,26888400,13440000,0,0,0,13448400,17022223,17.0222
swap_distribute_parallel_for_collapse_1700_3700_1200,1700,1200,0,2400,44407200,13323601,1200,85840000,16320000,13322400,4440000,8882400,4440000,0,0,0,4442400,5594993,5.5950
swap_distribute_parallel_for_collapse_1700_3700_1700,1700,1700,0,3400,62910200,18875101,1700,100640000,23120000,18873400,6290000,12583400,6290000,0,0,0,6293400,7943468,7.9435
swap_distribute_parallel_for_collapse_1700_3700_2200,1700,2200,0,4400,81413200,24426601,2200,115440000,29920000,24424400,8140000,16284400,8140000,0,0,0,8144400,10271577,10.2716
swap_distribute_parallel_for_collapse_1700_3700_2700,1700,2700,0,5400,99916200,29978101,2700,130240000,36720000,29975400,9990000,19985400,9990000,0,0,0,9995400,12626235,12.6262
swap_distribute_parallel_for_collapse_1700_3700_3200,1700,3200,0,6400,118419200,35529601,3200,145040000,43520000,35526400,11840000,23686400,11840000,0,0,0,11846400,14944347,14.9443
swap_distribute_parallel_for_collapse_1700_3700_3700,1700,3700,0,7400,136922200,41081101,3700,159840000,50320000,41077400,13690000,27387400,13690000,0,0,0,13697400,17282377,17.2824
swap_distribute_parallel_for_collapse_1700_3700_4200,1700,4200,0,8400,155425200,46632601,4200,174640000,57120000,46628400,15540000,31088400,15540000,0,0,0,15548400,19628790,19.6288
swap_distribute_parallel_for_collapse_1750_1250_1250,1750,1250,0,2500,15632500,4691251,1250,30000000,17500000,4690000,1562500,3127500,1562500,0,0,0,1565000,2003654,2.0037
swap_distribute_parallel_for_collapse_1750_1250_1750,1750,1750,0,3500,21885500,6567751,1750,35000000,24500000,6566000,2187500,4378500,2187500,0,0,0,2191000,2804595,2.8046
swap_distribute_parallel_for_collapse_1750_1250_2250,1750,2250,0,4500,28138500,8444251,2250,40000000,31500000,8442000,2812500,5629500,2812500,0,0,0,2817000,3624390,3.6244
swap_distribute_parallel_for_collapse_1750_1250_2750,1750,2750,0,5500,34391500,10320751,2750,45000000,38500000,10318000,3437500,6880500,3437500,0,0,0,3443000,4475892,4.4759
swap_distribute_parallel_for_collapse_1750_1250_3250,1750,3250,0,6500,40644500,12197251,3250,50000000,45500000,12194000,4062500,8131500,4062500,0,0,0,4069000,5208669,5.2087
swap_distribute_parallel_for_collapse_1750_1250_3750,1750,3750,0,7500,46897500,14073751,3750,55000000,52500000,14070000,4687500,9382500,4687500,0,0,0,4695000,6009227,6.0092
swap_distribute_parallel_for_collapse_1750_1250_4250,1750,4250,0,8500,53150500,15950251,4250,60000000,59500000,15946000,5312500,10633500,5312500,0,0,0,5321000,6834471,6.8345
swap_distribute_parallel_for_collapse_1750_1750_1250,1750,1250,0,2500,21882500,6566251,1250,42000000,17500000,6565000,2187500,4377500,2187500,0,0,0,2190000,2827826,2.8278
swap_distribute_parallel_for_collapse_1750_1750_1750,1750,1750,0,3500,30635500,9192751,1750,49000000,24500000,9191000,3062500,6128500,3062500,0,0,0,3066000,3942828,3.9428
swap_distribute_parallel_for_collapse_1750_1750_2250,1750,2250,0,4500,39388500,11819251,2250,56000000,31500000,11817000,3937500,7879500,3937500,0,0,0,3942000,5070228,5.0702
swap_distribute_parallel_for_collapse_1750_1750_2750,1750,2750,0,5500,48141500,14445751,2750,63000000,38500000,14443000,4812500,9630500,4812500,0,0,0,4818000,6201448,6.2014
swap_distribute_parallel_for_collapse_1750_1750_3250,1750,3250,0,6500,56894500,17072251,3250,70000000,45500000,17069000,5687500,11381500,5687500,0,0,0,5694000,7333055,7.3331
swap_distribute_parallel_for_collapse_1750_1750_3750,1750,3750,0,7500,65647500,19698751,3750,77000000,52500000,19695000,6562500,13132500,6562500,0,0,0,6570000,8464197,8.4642
swap_distribute_parallel_for_collapse_1750_1750_4250,1750,4250,0,8500,74400500,22325251,4250,84000000,59500000,22321000,7437500,14883500,7437500,0,0,0,7446000,9592229,9.5922
swap_distribute_parallel_for_collapse_1750_2250_1250,1750,1250,0,2500,28132500,8441251,1250,54000000,17500000,8440000,2812500,5627500,2812500,0,0,0,2815000,3644966,3.6450
swap_distribute_parallel_for_collapse_1750_2250_1750,1750,1750,0,3500,39385500,11817751,1750,63000000,24500000,11816000,3937500,7878500,3937500,0,0,0,3941000,5102328,5.1023
swap_distribute_parallel_for_collapse_1750_2250_2250,1750,2250,0,4500,50638500,15194251,2250,72000000,31500000,15192000,5062500,10129500,5062500,0,0,0,5067000,6563167,6.5632
swap_distribute_parallel_for_collapse_1750_2250_2750,1750,2750,0,5500,61891500,18570751,2750,81000000,38500000,18568000,6187500,12380500,6187500,0,0,0,6193000,8059829,8.0598
swap_distribute_parallel_for_collapse_1750_2250_3250,1750,3250,0,6500,73144500,21947251,3250,90000000,45500000,21944000,7312500,14631500,7312500,0,0,0,7319000,9488872,9.4889
swap_distribute_parallel_for_collapse_1750_2250_3750,1750,3750,0,7500,84397500,25323751,3750,99000000,52500000,25320000,8437500,16882500,8437500,0,0,0,8445000,10995212,10.9952
swap_distribute_parallel_for_collapse_1750_2250_4250,1750,4250,0,8500,95650500,28700251,4250,108000000,59500000,28696000,9562500,19133500,9562500,0,0,0,9571000,12411510,12.4115
swap_distribute_parallel_for_collapse_1750_2750_1250,1750,1250,0,2500,34382500,10316251,1250,66000000,17500000,10315000,3437500,6877500,3437500,0,0,0,3440000,4467128,4.4671
swap_distribute_parallel_for_collapse_1750_2750_1750,1750,1750,0,3500,48135500,14442751,1750,77000000,24500000,14441000,4812500,9628500,4812500,0,0,0,4816000,6275525,6.2755
swap_distribute_parallel_for_collapse_1750_2750_2250,1750,2250,0,4500,61888500,18569251,2250,88000000,31500000,18567000,6187500,12379500,6187500,0,0,0,6192000,8040118,8.0401
swap_distribute_parallel_for_collapse_1750_2750_2750,1750,2750,0,5500,75641500,22695751,2750,99000000,38500000,22693000,7562500,15130500,7562500,0,0,0,7568000,9865564,9.8656
swap_distribute_parallel_for_collapse_1750_2750_3250,1750,3250,0,6500,89394500,26822251,3250,110000000,45500000,26819000,8937500,17881500,8937500,0,0,0,8944000,11688066,11.6881
swap_distribute_parallel_for_collapse_1750_2750_3750,1750,3750,0,7500,103147500,30948751,3750,121000000,52500000,30945000,10312500,20632500,10312500,0,0,0,10320000,13477920,13.4779
swap_distribute_parallel_for_collapse_1750_2750_4250,1750,4250,0,8500,116900500,35075251,4250,132000000,59500000,35071000,11687500,23383500,11687500,0,0,0,11696000,15195917,15.1959
swap_distribute_parallel_for_collapse_1750_3250_1250,1750,1250,0,2500,40632500,12191251,1250,78000000,17500000,12190000,4062500,8127500,4062500,0,0,0,4065000,5276878,5.2769
swap_distribute_parallel_for_collapse_1750_3250_1750,1750,1750,0,3500,56885500,17067751,1750,91000000,24500000,17066000,5687500,11378500,5687500,0,0,0,5691000,7380750,7.3807
swap_distribute_parallel_for_collapse_1750_3250_2250,1750,2250,0,4500,73138500,21944251,2250,104000000,31500000,21942000,7312500,14629500,7312500,0,0,0,7317000,9493840,9.4938
swap_distribute_parallel_for_collapse_1750_3250_2750,1750,2750,0,5500,89391500,26820751,2750,117000000,38500000,26818000,8937500,17880500,8937500,0,0,0,8943000,11618770,11.6188
swap_distribute_parallel_for_collapse_1750_3250_3250,1750,3250,0,6500,105644500,31697251,3250,130000000,45500000,31694000,10562500,21131500,10562500,0,0,0,10569000,13721849,13.7218
swap_distribute_parallel_for_collapse_1750_3250_3750,1750,3750,0,7500,121897500,36573751,3750,143000000,52500000,36570000,12187500,24382500,12187500,0,0,0,12195000,15843846,15.8438
swap_distribute_parallel_for_collapse_1750_3250_4250,1750,4250,0,8500,138150500,41450251,4250,156000000,59500000,41446000,13812500,27633500,13812500,0,0,0,13821000,17946852,17.9469
swap_distribute_parallel_for_collapse_1750_3750_1250,1750,1250,0,2500,46882500,14066251,1250,90000000,17500000,14065000,4687500,9377500,4687500,0,0,0,4690000,6112275,6.1123
swap_distribute_parallel_for_collapse_1750_3750_1750,1750,1750,0,3500,65635500,19692751,1750,105000000,24500000,19691000,6562500,13128500,6562500,0,0,0,6566000,8566591,8.5666
swap_distribute_parallel_for_collapse_1750_3750_2250,1750,2250,0,4500,84388500,25319251,2250,120000000,31500000,25317000,8437500,16879500,8437500,0,0,0,8442000,11026294,11.0263
swap_distribute_parallel_for_collapse_1750_3750_2750,1750,2750,0,5500,103141500,30945751,2750,135000000,38500000,30943000,10312500,20630500,10312500,0,0,0,10318000,13464663,13.4647
swap_distribute_parallel_for_collapse_1750_3750_3250,1750,3250,0,6500,121894500,36572251,3250,150000000,45500000,36569000,12187500,24381500,12187500,0,0,0,12194000,15939376,15.9394
swap_distribute_parallel_for_collapse_1750_3750_3750,1750,3750,0,7500,140647500,42198751,3750,165000000,52500000,42195000,14062500,28132500,14062500,0,0,0,14070000,18361917,18.3619
swap_distribute_parallel_for_collapse_1750_3750_4250,1750,4250,0,8500,159400500,47825251,4250,180000000,59500000,47821000,15937500,31883500,15937500,0,0,0,15946000,20850490,20.8505
swap_distribute_parallel_for_collapse_1750_4250_1250,1750,1250,0,2500,53132500,15941251,1250,102000000,17500000,15940000,5312500,10627500,5312500,0,0,0,5315000,6933905,6.9339
swap_distribute_parallel_for_collapse_1750_4250_1750,1750,1750,0,3500,74385500,22317751,1750,119000000,24500000,22316000,7437500,14878500,7437500,0,0,0,7441000,9680804,9.6808
swap_distribute_parallel_for_collapse_1750_4250_2250,1750,2250,0,4500,95638500,28694251,2250,136000000,31500000,28692000,9562500,19129500,9562500,0,0,0,9567000,12447578,12.4476
swap_distribute_parallel_for_collapse_1750_4250_2750,1750,2750,0,5500,116891500,35070751,2750,153000000,38500000,35068000,11687500,23380500,11687500,0,0,0,11693000,15214127,15.2141
swap_distribute_parallel_for_collapse_1750_4250_3250,1750,3250,0,6500,138144500,41447251,3250,170000000,45500000,41444000,13812500,27631500,13812500,0,0,0,13819000,17981787,17.9818
swap_distribute_parallel_for_collapse_1750_4250_3750,1750,3750,0,7500,159397500,47823751,3750,187000000,52500000,47820000,15937500,31882500,15937500,0,0,0,15945000,20747127,20.7471
swap_distribute_parallel_for_collapse_1750_4250_4250,1750,4250,0,8500,180650500,54200251,4250,204000000,59500000,54196000,18062500,36133500,18062500,0,0,0,18071000,23553696,23.5537
swap_distribute_parallel_for_collapse_1900_1400_1400,1900,1400,0,2800,19608400,5884201,1400,36960000,21280000,5882800,1960000,3922800,1960000,0,0,0,1962800,2736654,2.7367
swap_distribute_parallel_for_collapse_1900_1400_1900,1900,1900,0,3800,26611400,7985701,1900,42560000,28880000,7983800,2660000,5323800,2660000,0,0,0,2663800,3732070,3.7321
swap_distribute_parallel_for_collapse_1900_1400_2400,1900,2400,0,4800,33614400,10087201,2400,48160000,36480000,10084800,3360000,6724800,3360000,0,0,0,3364800,4696869,4.6969
swap_distribute_parallel_for_collapse_1900_1400_2900,1900,2900,0,5800,40617400,12188701,2900,53760000,44080000,12185800,4060000,8125800,4060000,0,0,0,4065800,5678800,5.6788
swap_distribute_parallel_for_collapse_1900_1400_3400,1900,3400,0,6800,47620400,14290201,3400,59360000,51680000,14286800,4760000,9526800,4760000,0,0,0,4766800,6657237,6.6572
swap_distribute_parallel_for_collapse_1900_1400_3900,1900,3900,0,7800,54623400,16391701,3900,64960000,59280000,16387800,5460000,10927800,5460000,0,0,0,5467800,7640595,7.6406
swap_distribute_parallel_for_collapse_1900_1400_900,1900,900,0,1800,12605400,3782701,900,31360000,13680000,3781800,1260000,2521800,1260000,0,0,0,1261800,1754297,1.7543
swap_distribute_parallel_for_collapse_1900_1900_1400,1900,1400,0,2800,26608400,7984201,1400,50160000,21280000,7982800,2660000,5322800,2660000,0,0,0,2662800,3726108,3.7261
swap_distribute_parallel_for_collapse_1900_1900_1900,1900,1900,0,3800,36111400,10835701,1900,57760000,28880000,10833800,3610000,7223800,3610000,0,0,0,3613800,5058067,5.0581
swap_distribute_parallel_for_collapse_1900_1900_2400,1900,2400,0,4800,45614400,13687201,2400,65360000,36480000,13684800,4560000,9124800,4560000,0,0,0,4564800,6395368,6.3954
swap_distribute_parallel_for_collapse_1900_1900_2900,1900,2900,0,5800,55117400,16538701,2900,72960000,44080000,16535800,5510000,11025800,5510000,0,0,0,5515800,7744830,7.7448
swap_distribute_parallel_for_collapse_1900_1900_3400,1900,3400,0,6800,64620400,19390201,3400,80560000,51680000,19386800,6460000,12926800,6460000,0,0,0,6466800,9067319,9.0673
swap_distribute_parallel_for_collapse_1900_1900_3900,1900,3900,0,7800,74123400,22241701,3900,88160000,59280000,22237800,7410000,14827800,7410000,0,0,0,7417800,10397126,10.3971
swap_distribute_parallel_for_collapse_1900_1900_900,1900,900,0,1800,17105400,5132701,900,42560000,13680000,5131800,1710000,3421800,1710000,0,0,0,1711800,2408033,2.4080
swap_distribute_parallel_for_collapse_1900_2400_1400,1900,1400,0,2800,33608400,10084201,1400,63360000,21280000,10082800,3360000,6722800,3360000,0,0,0,3362800,4789568,4.7896
swap_distribute_parallel_for_collapse_1900_2400_1900,1900,1900,0,3800,45611400,13685701,1900,72960000,28880000,13683800,4560000,9123800,4560000,0,0,0,4563800,6475776,6.4758
swap_distribute_parallel_for_collapse_1900_2400_2400,1900,2400,0,4800,57614400,17287201,2400,82560000,36480000,17284800,5760000,11524800,5760000,0,0,0,5764800,8169659,8.1697
swap_distribute_parallel_for_collapse_1900_2400_2900,1900,2900,0,5800,69617400,20888701,2900,92160000,44080000,20885800,6960000,13925800,6960000,0,0,0,6965800,9910892,9.9109
swap_distribute_parallel_for_collapse_1900_2400_3400,1900,3400,0,6800,81620400,24490201,3400,101760000,51680000,24486800,8160000,16326800,8160000,0,0,0,8166800,11614561,11.6146
swap_distribute_parallel_for_collapse_1900_2400_3900,1900,3900,0,7800,93623400,28091701,3900,111360000,59280000,28087800,9360000,18727800,9360000,0,0,0,9367800,13240933,13.2409
swap_distribute_parallel_for_collapse_1900_2400_900,1900,900,0,1800,21605400,6482701,900,53760000,13680000,6481800,2160000,4321800,2160000,0,0,0,2161800,3048145,3.0481
swap_distribute_parallel_for_collapse_1900_2900_1400,1900,1400,0,2800,40608400,12184201,1400,76560000,21280000,12182800,4060000,8122800,4060000,0,0,0,4062800,5729205,5.7292
swap_distribute_parallel_for_collapse_1900_2900_1900,1900,1900,0,3800,55111400,16535701,1900,88160000,28880000,16533800,5510000,11023800,5510000,0,0,0,5513800,7777222,7.7772
swap_distribute_parallel_for_collapse_1900_2900_2400,1900,2400,0,4800,69614400,20887201,2400,99760000,36480000,20884800,6960000,13924800,6960000,0,0,0,6964800,9835279,9.8353
swap_distribute_parallel_for_collapse_1900_2900_2900,1900,2900,0,5800,84117400,25238701,2900,111360000,44080000,25235800,8410000,16825800,8410000,0,0,0,8415800,11870470,11.8705
swap_distribute_parallel_for_collapse_1900_2900_3400,1900,3400,0,6800,98620400,29590201,3400,122960000,51680000,29586800,9860000,19726800,9860000,0,0,0,9866800,13920283,13.9203
swap_distribute_parallel_for_collapse_1900_2900_3900,1900,3900,0,7800,113123400,33941701,3900,134560000,59280000,33937800,11310000,22627800,11310000,0,0,0,11317800,15969663,15.9697
swap_distribute_parallel_for_collapse_1900_2900_900,1900,900,0,1800,26105400,7832701,900,64960000,13680000,7831800,2610000,5221800,2610000,0,0,0,2611800,3685700,3.6857
swap_distribute_parallel_for_collapse_1900_3400_1400,1900,1400,0,2800,47608400,14284201,1400,89760000,21280000,14282800,4760000,9522800,4760000,0,0,0,4762800,6771239,6.7712
swap_distribute_parallel_for_collapse_1900_3400_1900,1900,1900,0,3800,64611400,19385701,1900,103360000,28880000,19383800,6460000,12923800,6460000,0,0,0,6463800,9194561,9.1946
swap_distribute_parallel_for_collapse_1900_3400_2400,1900,2400,0,4800,81614400,24487201,2400,116960000,36480000,24484800,8160000,16324800,8160000,0,0,0,8164800,11710096,11.7101
swap_distribute_parallel_for_collapse_1900_3400_2900,1900,2900,0,5800,98617400,29588701,2900,130560000,44080000,29585800,9860000,19725800,9860000,0,0,0,9865800,14045482,14.0455
swap_distribute_parallel_for_collapse_1900_3400_3400,1900,3400,0,6800,115620400,34690201,3400,144160000,51680000,34686800,11560000,23126800,11560000,0,0,0,11566800,16464107,16.4641
swap_distribute_parallel_for_collapse_1900_3400_3900,1900,3900,0,7800,132623400,39791701,3900,157760000,59280000,39787800,13260000,26527800,13260000,0,0,0,13267800,18929812,18.9298
swap_distribute_parallel_for_collapse_1900_3400_900,1900,900,0,1800,30605400,9182701,900,76160000,13680000,9181800,3060000,6121800,3060000,0,0,0,3061800,4347406,4.3474
swap_distribute_parallel_for_collapse_1900_3900_1400,1900,1400,0,2800,54608400,16384201,1400,102960000,21280000,16382800,5460000,10922800,5460000,0,0,0,5462800,7730166,7.7302
swap_distribute_parallel_for_collapse_1900_3900_1900,1900,1900,0,3800,74111400,22235701,1900,118560000,28880000,22233800,7410000,14823800,7410000,0,0,0,7413800,10473069,10.4731
swap_distribute_parallel_for_collapse_1900_3900_2400,1900,2400,0,4800,93614400,28087201,2400,134160000,36480000,28084800,9360000,18724800,9360000,0,0,0,9364800,13238928,13.2389
swap_distribute_parallel_for_collapse_1900_3900_2900,1900,2900,0,5800,113117400,33938701,2900,149760000,44080000,33935800,11310000,22625800,11310000,0,0,0,11315800,15991585,15.9916
swap_distribute_parallel_for_collapse_1900_3900_3400,1900,3400,0,6800,132620400,39790201,3400,165360000,51680000,39786800,13260000,26526800,13260000,0,0,0,13266800,18757079,18.7571
swap_distribute_parallel_for_collapse_1900_3900_3900,1900,3900,0,7800,152123400,45641701,3900,180960000,59280000,45637800,15210000,30427800,15210000,0,0,0,15217800,21562209,21.5622
swap_distribute_parallel_for_collapse_1900_3900_900,1900,900,0,1800,35105400,10532701,900,87360000,13680000,10531800,3510000,7021800,3510000,0,0,0,3511800,4960194,4.9602
swap_distribute_parallel_for_collapse_1900_900_1400,1900,1400,0,2800,12608400,3784201,1400,23760000,21280000,3782800,1260000,2522800,1260000,0,0,0,1262800,1759604,1.7596
swap_distribute_parallel_for_collapse_1900_900_1900,1900,1900,0,3800,17111400,5135701,1900,27360000,28880000,5133800,1710000,3423800,1710000,0,0,0,1713800,2371905,2.3719
swap_distribute_parallel_for_collapse_1900_900_2400,1900,2400,0,4800,21614400,6487201,2400,30960000,36480000,6484800,2160000,4324800,2160000,0,0,0,2164800,2999365,2.9994
swap_distribute_parallel_for_collapse_1900_900_2900,1900,2900,0,5800,26117400,7838701,2900,34560000,44080000,7835800,2610000,5225800,2610000,0,0,0,2615800,3629596,3.6296
swap_distribute_parallel_for_collapse_1900_900_3400,1900,3400,0,6800,30620400,9190201,3400,38160000,51680000,9186800,3060000,6126800,3060000,0,0,0,3066800,4252803,4.2528
swap_distribute_parallel_for_collapse_1900_900_3900,1900,3900,0,7800,35123400,10541701,3900,41760000,59280000,10537800,3510000,7027800,3510000,0,0,0,3517800,4883305,4.8833
swap_distribute_parallel_for_collapse_1900_900_900,1900,900,0,1800,8105400,2432701,900,20160000,13680000,2431800,810000,1621800,810000,0,0,0,811800,1118296,1.1183
swap_distribute_parallel_for_collapse_2000_1000_1000,2000,1000,0,2000,10006000,3003001,1000,24000000,16000000,3002000,1000000,2002000,1000000,0,0,0,1002000,1446747,1.4467
swap_distribute_parallel_for_collapse_2000_1000_1500,2000,1500,0,3000,15009000,4504501,1500,28000000,24000000,4503000,1500000,3003000,1500000,0,0,0,1503000,2181499,2.1815
swap_distribute_parallel_for_collapse_2000_1000_2000,2000,2000,0,4000,20012000,6006001,2000,32000000,32000000,6004000,2000000,4004000,2000000,0,0,0,2004000,2905680,2.9057
swap_distribute_parallel_for_collapse_2000_1000_2500,2000,2500,0,5000,25015000,7507501,2500,36000000,40000000,7505000,2500000,5005000,2500000,0,0,0,2505000,3637874,3.6379
swap_distribute_parallel_for_collapse_2000_1000_3000,2000,3000,0,6000,30018000,9009001,3000,40000000,48000000,9006000,3000000,6006000,3000000,0,0,0,3006000,4368443,4.3684
swap_distribute_parallel_for_collapse_2000_1000_3500,2000,3500,0,7000,35021000,10510501,3500,44000000,56000000,10507000,3500000,7007000,3500000,0,0,0,3507000,5096362,5.0964
swap_distribute_parallel_for_collapse_2000_1000_4000,2000,4000,0,8000,40024000,12012001,4000,48000000,64000000,12008000,4000000,8008000,4000000,0,0,0,4008000,5826046,5.8260
swap_distribute_parallel_for_collapse_2000_1500_1000,2000,1000,0,2000,15006000,4503001,1000,36000000,16000000,4502000,1500000,3002000,1500000,0,0,0,1502000,2217068,2.2171
swap_distribute_parallel_for_collapse_2000_1500_1500,2000,1500,0,3000,22509000,6754501,1500,42000000,24000000,6753000,2250000,4503000,2250000,0,0,0,2253000,3327750,3.3277
swap_distribute_parallel_for_collapse_2000_1500_2000,2000,2000,0,4000,30012000,9006001,2000,48000000,32000000,9004000,3000000,6004000,3000000,0,0,0,3004000,4437580,4.4376
swap_distribute_parallel_for_collapse_2000_1500_2500,2000,2500,0,5000,37515000,11257501,2500,54000000,40000000,11255000,3750000,7505000,3750000,0,0,0,3755000,5551909,5.5519
swap_distribute_parallel_for_collapse_2000_1500_3000,2000,3000,0,6000,45018000,13509001,3000,60000000,48000000,13506000,4500000,9006000,4500000,0,0,0,4506000,6663332,6.6633
swap_distribute_parallel_for_collapse_2000_1500_3500,2000,3500,0,7000,52521000,15760501,3500,66000000,56000000,15757000,5250000,10507000,5250000,0,0,0,5257000,7777915,7.7779
swap_distribute_parallel_for_collapse_2000_1500_4000,2000,4000,0,8000,60024000,18012001,4000,72000000,64000000,18008000,6000000,12008000,6000000,0,0,0,6008000,8888492,8.8885
swap_distribute_parallel_for_collapse_2000_2000_1000,2000,1000,0,2000,20006000,6003001,1000,48000000,16000000,6002000,2000000,4002000,2000000,0,0,0,2002000,2900001,2.9000
swap_distribute_parallel_for_collapse_2000_2000_1500,2000,1500,0,3000,30009000,9004501,1500,56000000,24000000,9003000,3000000,6003000,3000000,0,0,0,3003000,4354855,4.3549
swap_distribute_parallel_for_collapse_2000_2000_2000,2000,2000,0,4000,40012000,12006001,2000,64000000,32000000,12004000,4000000,8004000,4000000,0,0,0,4004000,5811098,5.8111
swap_distribute_parallel_for_collapse_2000_2000_2500,2000,2500,0,5000,50015000,15007501,2500,72000000,40000000,15005000,5000000,10005000,5000000,0,0,0,5005000,7273609,7.2736
swap_distribute_parallel_for_collapse_2000_2000_3000,2000,3000,0,6000,60018000,18009001,3000,80000000,48000000,18006000,6000000,12006000,6000000,0,0,0,6006000,8733884,8.7339
swap_distribute_parallel_for_collapse_2000_2000_3500,2000,3500,0,7000,70021000,21010501,3500,88000000,56000000,21007000,7000000,14007000,7000000,0,0,0,7007000,10187292,10.1873
swap_distribute_parallel_for_collapse_2000_2000_4000,2000,4000,0,8000,80024000,24012001,4000,96000000,64000000,24008000,8000000,16008000,8000000,0,0,0,8008000,11637522,11.6375
swap_distribute_parallel_for_collapse_2000_2500_1000,2000,1000,0,2000,25006000,7503001,1000,60000000,16000000,7502000,2500000,5002000,2500000,0,0,0,2502000,3704263,3.7043
swap_distribute_parallel_for_collapse_2000_2500_1500,2000,1500,0,3000,37509000,11254501,1500,70000000,24000000,11253000,3750000,7503000,3750000,0,0,0,3753000,5564400,5.5644
swap_distribute_parallel_for_collapse_2000_2500_2000,2000,2000,0,4000,50012000,15006001,2000,80000000,32000000,15004000,5000000,10004000,5000000,0,0,0,5004000,7418042,7.4180
swap_distribute_parallel_for_collapse_2000_2500_2500,2000,2500,0,5000,62515000,18757501,2500,90000000,40000000,18755000,6250000,12505000,6250000,0,0,0,6255000,9277282,9.2773
swap_distribute_parallel_for_collapse_2000_2500_3000,2000,3000,0,6000,75018000,22509001,3000,100000000,48000000,22506000,7500000,15006000,7500000,0,0,0,7506000,11133599,11.1336
swap_distribute_parallel_for_collapse_2000_2500_3500,2000,3500,0,7000,87521000,26260501,3500,110000000,56000000,26257000,8750000,17507000,8750000,0,0,0,8757000,12985339,12.9853
swap_distribute_parallel_for_collapse_2000_2500_4000,2000,4000,0,8000,100024000,30012001,4000,120000000,64000000,30008000,10000000,20008000,10000000,0,0,0,10008000,14847394,14.8474
swap_distribute_parallel_for_collapse_2000_3000_1000,2000,1000,0,2000,30006000,9003001,1000,72000000,16000000,9002000,3000000,6002000,3000000,0,0,0,3002000,4487414,4.4874
swap_distribute_parallel_for_collapse_2000_3000_1500,2000,1500,0,3000,45009000,13504501,1500,84000000,24000000,13503000,4500000,9003000,4500000,0,0,0,4503000,6744008,6.7440
swap_distribute_parallel_for_collapse_2000_3000_2000,2000,2000,0,4000,60012000,18006001,2000,96000000,32000000,18004000,6000000,12004000,6000000,0,0,0,6004000,8981784,8.9818
swap_distribute_parallel_for_collapse_2000_3000_2500,2000,2500,0,5000,75015000,22507501,2500,108000000,40000000,22505000,7500000,15005000,7500000,0,0,0,7505000,11234386,11.2344
swap_distribute_parallel_for_collapse_2000_3000_3000,2000,3000,0,6000,90018000,27009001,3000,120000000,48000000,27006000,9000000,18006000,9000000,0,0,0,9006000,13479016,13.4790
swap_distribute_parallel_for_collapse_2000_3000_3500,2000,3500,0,7000,105021000,31510501,3500,132000000,56000000,31507000,10500000,21007000,10500000,0,0,0,10507000,15731211,15.7312
swap_distribute_parallel_for_collapse_2000_3000_4000,2000,4000,0,8000,120024000,36012001,4000,144000000,64000000,36008000,12000000,24008000,12000000,0,0,0,12008000,17977863,17.9779
swap_distribute_parallel_for_collapse_2000_3500_1000,2000,1000,0,2000,35006000,10503001,1000,84000000,16000000,10502000,3500000,7002000,3500000,0,0,0,3502000,5209045,5.2090
swap_distribute_parallel_for_collapse_2000_3500_1500,2000,1500,0,3000,52509000,15754501,1500,98000000,24000000,15753000,5250000,10503000,5250000,0,0,0,5253000,7821971,7.8220
swap_distribute_parallel_for_collapse_2000_3500_2000,2000,2000,0,4000,70012000,21006001,2000,112000000,32000000,21004000,7000000,14004000,7000000,0,0,0,7004000,10428556,10.4286
swap_distribute_parallel_for_collapse_2000_3500_2500,2000,2500,0,5000,87515000,26257501,2500,126000000,40000000,26255000,8750000,17505000,8750000,0,0,0,8755000,13035610,13.0356
swap_distribute_parallel_for_collapse_2000_3500_3000,2000,3000,0,6000,105018000,31509001,3000,140000000,48000000,31506000,10500000,21006000,10500000,0,0,0,10506000,15665560,15.6656
swap_distribute_parallel_for_collapse_2000_3500_3500,2000,3500,0,7000,122521000,36760501,3500,154000000,56000000,36757000,12250000,24507000,12250000,0,0,0,12257000,18252355,18.2524
swap_distribute_parallel_for_collapse_2000_3500_4000,2000,4000,0,8000,140024000,42012001,4000,168000000,64000000,42008000,14000000,28008000,14000000,0,0,0,14008000,20881029,20.8810
swap_distribute_parallel_for_collapse_2000_4000_1000,2000,1000,0,2000,40006000,12003001,1000,96000000,16000000,12002000,4000000,8002000,4000000,0,0,0,4002000,5966790,5.9668
swap_distribute_parallel_for_collapse_2000_4000_1500,2000,1500,0,3000,60009000,18004501,1500,112000000,24000000,18003000,6000000,12003000,6000000,0,0,0,6003000,8956681,8.9567
swap_distribute_parallel_for_collapse_2000_4000_2000,2000,2000,0,4000,80012000,24006001,2000,128000000,32000000,24004000,8000000,16004000,8000000,0,0,0,8004000,11941854,11.9419
swap_distribute_parallel_for_collapse_2000_4000_2500,2000,2500,0,5000,100015000,30007501,2500,144000000,40000000,30005000,10000000,20005000,10000000,0,0,0,10005000,14931616,14.9316
swap_distribute_parallel_for_collapse_2000_4000_3000,2000,3000,0,6000,120018000,36009001,3000,160000000,48000000,36006000,12000000,24006000,12000000,0,0,0,12006000,17923459,17.9235
swap_distribute_parallel_for_collapse_2000_4000_3500,2000,3500,0,7000,140021000,42010501,3500,176000000,56000000,42007000,14000000,28007000,14000000,0,0,0,14007000,20905100,20.9051
swap_distribute_parallel_for_collapse_2000_4000_4000,2000,4000,0,8000,160024000,48012001,4000,192000000,64000000,48008000,16000000,32008000,16000000,0,0,0,16008000,23899407,23.8994
swap_distribute_parallel_for_collapse_200_100_100,200,100,0,200,100600,30301,100,240000,160000,30200,10000,20200,10000,0,0,0,10200,1819,0.0018
swap_distribute_parallel_for_collapse_200_100_200,200,200,0,400,201200,60601,200,320000,320000,60400,20000,40400,20000,0,0,0,20400,2622,0.0026
swap_distribute_parallel_for_collapse_200_100_300,200,300,0,600,301800,90901,300,400000,480000,90600,30000,60600,30000,0,0,0,30600,3734,0.0037
swap_distribute_parallel_for_collapse_200_100_400,200,400,0,800,402400,121201,400,480000,640000,120800,40000,80800,40000,0,0,0,40800,5003,0.0050
swap_distribute_parallel_for_collapse_200_100_500,200,500,0,1000,503000,151501,500,560000,800000,151000,50000,101000,50000,0,0,0,51000,5593,0.0056
swap_distribute_parallel_for_collapse_200_100_600,200,600,0,1200,603600,181801,600,640000,960000,181200,60000,121200,60000,0,0,0,61200,6602,0.0066
swap_distribute_parallel_for_collapse_200_100_700,200,700,0,1400,704200,212101,700,720000,1120000,211400,70000,141400,70000,0,0,0,71400,7200,0.0072
swap_distribute_parallel_for_collapse_200_100_800,200,800,0,1600,804800,242401,800,800000,1280000,241600,80000,161600,80000,0,0,0,81600,8506,0.0085
swap_distribute_parallel_for_collapse_200_100_900,200,900,0,1800,905400,272701,900,880000,1440000,271800,90000,181800,90000,0,0,0,91800,8619,0.0086
swap_distribute_parallel_for_collapse_200_200_100,200,100,0,200,200600,60301,100,480000,160000,60200,20000,40200,20000,0,0,0,20200,2440,0.0024
swap_distribute_parallel_for_collapse_200_200_200,200,200,0,400,401200,120601,200,640000,320000,120400,40000,80400,40000,0,0,0,40400,5099,0.0051
swap_distribute_parallel_for_collapse_200_200_300,200,300,0,600,601800,180901,300,800000,480000,180600,60000,120600,60000,0,0,0,60600,7287,0.0073
swap_distribute_parallel_for_collapse_200_200_400,200,400,0,800,802400,241201,400,960000,640000,240800,80000,160800,80000,0,0,0,80800,8026,0.0080
swap_distribute_parallel_for_collapse_200_200_500,200,500,0,1000,1003000,301501,500,1120000,800000,301000,100000,201000,100000,0,0,0,101000,10263,0.0103
swap_distribute_parallel_for_collapse_200_200_600,200,600,0,1200,1203600,361801,600,1280000,960000,361200,120000,241200,120000,0,0,0,121200,12230,0.0122
swap_distribute_parallel_for_collapse_200_200_700,200,700,0,1400,1404200,422101,700,1440000,1120000,421400,140000,281400,140000,0,0,0,141400,14399,0.0144
swap_distribute_parallel_for_collapse_200_200_800,200,800,0,1600,1604800,482401,800,1600000,1280000,481600,160000,321600,160000,0,0,0,161600,14769,0.0148
swap_distribute_parallel_for_collapse_200_200_900,200,900,0,1800,1805400,542701,900,1760000,1440000,541800,180000,361800,180000,0,0,0,181800,15756,0.0158
swap_distribute_parallel_for_collapse_200_300_100,200,100,0,200,300600,90301,100,720000,160000,90200,30000,60200,30000,0,0,0,30200,3121,0.0031
swap_distribute_parallel_for_collapse_200_300_200,200,200,0,400,601200,180601,200,960000,320000,180400,60000,120400,60000,0,0,0,60400,8091,0.0081
swap_distribute_parallel_for_collapse_200_300_300,200,300,0,600,901800,270901,300,1200000,480000,270600,90000,180600,90000,0,0,0,90600,9532,0.0095
swap_distribute_parallel_for_collapse_200_300_400,200,400,0,800,1202400,361201,400,1440000,640000,360800,120000,240800,120000,0,0,0,120800,11913,0.0119
swap_distribute_parallel_for_collapse_200_300_500,200,500,0,1000,1503000,451501,500,1680000,800000,451000,150000,301000,150000,0,0,0,151000,13743,0.0137
swap_distribute_parallel_for_collapse_200_300_600,200,600,0,1200,1803600,541801,600,1920000,960000,541200,180000,361200,180000,0,0,0,181200,16552,0.0166
swap_distribute_parallel_for_collapse_200_300_700,200,700,0,1400,2104200,632101,700,2160000,1120000,631400,210000,421400,210000,0,0,0,211400,18447,0.0184
swap_distribute_parallel_for_collapse_200_300_800,200,800,0,1600,2404800,722401,800,2400000,1280000,721600,240000,481600,240000,0,0,0,241600,20339,0.0203
swap_distribute_parallel_for_collapse_200_300_900,200,900,0,1800,2705400,812701,900,2640000,1440000,811800,270000,541800,270000,0,0,0,271800,22329,0.0223
swap_distribute_parallel_for_collapse_200_400_100,200,100,0,200,400600,120301,100,960000,160000,120200,40000,80200,40000,0,0,0,40200,5561,0.0056
swap_distribute_parallel_for_collapse_200_400_200,200,200,0,400,801200,240601,200,1280000,320000,240400,80000,160400,80000,0,0,0,80400,8971,0.0090
swap_distribute_parallel_for_collapse_200_400_300,200,300,0,600,1201800,360901,300,1600000,480000,360600,120000,240600,120000,0,0,0,120600,13053,0.0131
swap_distribute_parallel_for_collapse_200_400_400,200,400,0,800,1602400,481201,400,1920000,640000,480800,160000,320800,160000,0,0,0,160800,15255,0.0153
swap_distribute_parallel_for_collapse_200_400_500,200,500,0,1000,2003000,601501,500,2240000,800000,601000,200000,401000,200000,0,0,0,201000,17499,0.0175
swap_distribute_parallel_for_collapse_200_400_600,200,600,0,1200,2403600,721801,600,2560000,960000,721200,240000,481200,240000,0,0,0,241200,21364,0.0214
swap_distribute_parallel_for_collapse_200_400_700,200,700,0,1400,2804200,842101,700,2880000,1120000,841400,280000,561400,280000,0,0,0,281400,42465,0.0425
swap_distribute_parallel_for_collapse_200_400_800,200,800,0,1600,3204800,962401,800,3200000,1280000,961600,320000,641600,320000,0,0,0,321600,33907,0.0339
swap_distribute_parallel_for_collapse_200_400_900,200,900,0,1800,3605400,1082701,900,3520000,1440000,1081800,360000,721800,360000,0,0,0,361800,30091,0.0301
swap_distribute_parallel_for_collapse_200_500_100,200,100,0,200,500600,150301,100,1200000,160000,150200,50000,100200,50000,0,0,0,50200,88288,0.0883
swap_distribute_parallel_for_collapse_200_500_200,200,200,0,400,1001200,300601,200,1600000,320000,300400,100000,200400,100000,0,0,0,100400,12483,0.0125
swap_distribute_parallel_for_collapse_200_500_300,200,300,0,600,1501800,450901,300,2000000,480000,450600,150000,300600,150000,0,0,0,150600,15997,0.0160
swap_distribute_parallel_for_collapse_200_500_400,200,400,0,800,2002400,601201,400,2400000,640000,600800,200000,400800,200000,0,0,0,200800,18989,0.0190
swap_distribute_parallel_for_collapse_200_500_500,200,500,0,1000,2503000,751501,500,2800000,800000,751000,250000,501000,250000,0,0,0,251000,22076,0.0221
swap_distribute_parallel_for_collapse_200_500_600,200,600,0,1200,3003600,901801,600,3200000,960000,901200,300000,601200,300000,0,0,0,301200,36346,0.0363
swap_distribute_parallel_for_collapse_200_500_700,200,700,0,1400,3504200,1052101,700,3600000,1120000,1051400,350000,701400,350000,0,0,0,351400,30886,0.0309
swap_distribute_parallel_for_collapse_200_500_800,200,800,0,1600,4004800,1202401,800,4000000,1280000,1201600,400000,801600,400000,0,0,0,401600,33289,0.0333
swap_distribute_parallel_for_collapse_200_500_900,200,900,0,1800,4505400,1352701,900,4400000,1440000,1351800,450000,901800,450000,0,0,0,451800,35980,0.0360
swap_distribute_parallel_for_collapse_200_600_100,200,100,0,200,600600,180301,100,1440000,160000,180200,60000,120200,60000,0,0,0,60200,6182,0.0062
swap_distribute_parallel_for_collapse_200_600_200,200,200,0,400,1201200,360601,200,1920000,320000,360400,120000,240400,120000,0,0,0,120400,13903,0.0139
swap_distribute_parallel_for_collapse_200_600_300,200,300,0,600,1801800,540901,300,2400000,480000,540600,180000,360600,180000,0,0,0,180600,17231,0.0172
swap_distribute_parallel_for_collapse_200_600_400,200,400,0,800,2402400,721201,400,2880000,640000,720800,240000,480800,240000,0,0,0,240800,21159,0.0212
swap_distribute_parallel_for_collapse_200_600_500,200,500,0,1000,3003000,901501,500,3360000,800000,901000,300000,601000,300000,0,0,0,301000,24687,0.0247
swap_distribute_parallel_for_collapse_200_600_600,200,600,0,1200,3603600,1081801,600,3840000,960000,1081200,360000,721200,360000,0,0,0,361200,30184,0.0302
swap_distribute_parallel_for_collapse_200_600_700,200,700,0,1400,4204200,1262101,700,4320000,1120000,1261400,420000,841400,420000,0,0,0,421400,34422,0.0344
swap_distribute_parallel_for_collapse_200_600_800,200,800,0,1600,4804800,1442401,800,4800000,1280000,1441600,480000,961600,480000,0,0,0,481600,38132,0.0381
swap_distribute_parallel_for_collapse_200_600_900,200,900,0,1800,5405400,1622701,900,5280000,1440000,1621800,540000,1081800,540000,0,0,0,541800,42761,0.0428
swap_distribute_parallel_for_collapse_200_700_100,200,100,0,200,700600,210301,100,1680000,160000,210200,70000,140200,70000,0,0,0,70200,7241,0.0072
swap_distribute_parallel_for_collapse_200_700_200,200,200,0,400,1401200,420601,200,2240000,320000,420400,140000,280400,140000,0,0,0,140400,14770,0.0148
swap_distribute_parallel_for_collapse_200_700_300,200,300,0,600,2101800,630901,300,2800000,480000,630600,210000,420600,210000,0,0,0,210600,20872,0.0209
swap_distribute_parallel_for_collapse_200_700_400,200,400,0,800,2802400,841201,400,3360000,640000,840800,280000,560800,280000,0,0,0,280800,25224,0.0252
swap_distribute_parallel_for_collapse_200_700_500,200,500,0,1000,3503000,1051501,500,3920000,800000,1051000,350000,701000,350000,0,0,0,351000,29656,0.0297
swap_distribute_parallel_for_collapse_200_700_600,200,600,0,1200,4203600,1261801,600,4480000,960000,1261200,420000,841200,420000,0,0,0,421200,33817,0.0338
swap_distribute_parallel_for_collapse_200_700_700,200,700,0,1400,4904200,1472101,700,5040000,1120000,1471400,490000,981400,490000,0,0,0,491400,39671,0.0397
swap_distribute_parallel_for_collapse_200_700_800,200,800,0,1600,5604800,1682401,800,5600000,1280000,1681600,560000,1121600,560000,0,0,0,561600,44966,0.0450
swap_distribute_parallel_for_collapse_200_700_900,200,900,0,1800,6305400,1892701,900,6160000,1440000,1891800,630000,1261800,630000,0,0,0,631800,48687,0.0487
swap_distribute_parallel_for_collapse_200_800_100,200,100,0,200,800600,240301,100,1920000,160000,240200,80000,160200,80000,0,0,0,80200,7326,0.0073
swap_distribute_parallel_for_collapse_200_800_200,200,200,0,400,1601200,480601,200,2560000,320000,480400,160000,320400,160000,0,0,0,160400,17379,0.0174
swap_distribute_parallel_for_collapse_200_800_300,200,300,0,600,2401800,720901,300,3200000,480000,720600,240000,480600,240000,0,0,0,240600,23083,0.0231
swap_distribute_parallel_for_collapse_200_800_400,200,400,0,800,3202400,961201,400,3840000,640000,960800,320000,640800,320000,0,0,0,320800,27817,0.0278
swap_distribute_parallel_for_collapse_200_800_500,200,500,0,1000,4003000,1201501,500,4480000,800000,1201000,400000,801000,400000,0,0,0,401000,32888,0.0329
swap_distribute_parallel_for_collapse_200_800_600,200,600,0,1200,4803600,1441801,600,5120000,960000,1441200,480000,961200,480000,0,0,0,481200,38353,0.0384
swap_distribute_parallel_for_collapse_200_800_700,200,700,0,1400,5604200,1682101,700,5760000,1120000,1681400,560000,1121400,560000,0,0,0,561400,44873,0.0449
swap_distribute_parallel_for_collapse_200_800_800,200,800,0,1600,6404800,1922401,800,6400000,1280000,1921600,640000,1281600,640000,0,0,0,641600,50764,0.0508
swap_distribute_parallel_for_collapse_200_800_900,200,900,0,1800,7205400,2162701,900,7040000,1440000,2161800,720000,1441800,720000,0,0,0,721800,55319,0.0553
swap_distribute_parallel_for_collapse_200_900_100,200,100,0,200,900600,270301,100,2160000,160000,270200,90000,180200,90000,0,0,0,90200,8450,0.0084
swap_distribute_parallel_for_collapse_200_900_200,200,200,0,400,1801200,540601,200,2880000,320000,540400,180000,360400,180000,0,0,0,180400,18486,0.0185
swap_distribute_parallel_for_collapse_200_900_300,200,300,0,600,2701800,810901,300,3600000,480000,810600,270000,540600,270000,0,0,0,270600,25950,0.0260
swap_distribute_parallel_for_collapse_200_900_400,200,400,0,800,3602400,1081201,400,4320000,640000,1080800,360000,720800,360000,0,0,0,360800,30691,0.0307
swap_distribute_parallel_for_collapse_200_900_500,200,500,0,1000,4503000,1351501,500,5040000,800000,1351000,450000,901000,450000,0,0,0,451000,35935,0.0359
swap_distribute_parallel_for_collapse_200_900_600,200,600,0,1200,5403600,1621801,600,5760000,960000,1621200,540000,1081200,540000,0,0,0,541200,43247,0.0432
swap_distribute_parallel_for_collapse_200_900_700,200,700,0,1400,6304200,1892101,700,6480000,1120000,1891400,630000,1261400,630000,0,0,0,631400,50669,0.0507
swap_distribute_parallel_for_collapse_200_900_800,200,800,0,1600,7204800,2162401,800,7200000,1280000,2161600,720000,1441600,720000,0,0,0,721600,56299,0.0563
swap_distribute_parallel_for_collapse_200_900_900,200,900,0,1800,8105400,2432701,900,7920000,1440000,2431800,810000,1621800,810000,0,0,0,811800,62878,0.0629
swap_distribute_parallel_for_collapse_2150_2150_2150,2150,2150,0,4300,46237900,13873951,2150,73960000,36980000,13871800,4622500,9249300,4622500,0,0,0,4626800,7361512,7.3615
swap_distribute_parallel_for_collapse_2150_2150_2250,2150,2250,0,4500,48388500,14519251,2250,75680000,38700000,14517000,4837500,9679500,4837500,0,0,0,4842000,7701526,7.7015
swap_distribute_parallel_for_collapse_2150_2150_2350,2150,2350,0,4700,50539100,15164551,2350,77400000,40420000,15162200,5052500,10109700,5052500,0,0,0,5057200,8044876,8.0449
swap_distribute_parallel_for_collapse_2150_2150_2450,2150,2450,0,4900,52689700,15809851,2450,79120000,42140000,15807400,5267500,10539900,5267500,0,0,0,5272400,8423002,8.4230
swap_distribute_parallel_for_collapse_2150_2150_2550,2150,2550,0,5100,54840300,16455151,2550,80840000,43860000,16452600,5482500,10970100,5482500,0,0,0,5487600,8830873,8.8309
swap_distribute_parallel_for_collapse_2150_2150_2650,2150,2650,0,5300,56990900,17100451,2650,82560000,45580000,17097800,5697500,11400300,5697500,0,0,0,5702800,9156951,9.1570
swap_distribute_parallel_for_collapse_2150_2150_2750,2150,2750,0,5500,59141500,17745751,2750,84280000,47300000,17743000,5912500,11830500,5912500,0,0,0,5918000,9415621,9.4156
swap_distribute_parallel_for_collapse_2150_2150_2850,2150,2850,0,5700,61292100,18391051,2850,86000000,49020000,18388200,6127500,12260700,6127500,0,0,0,6133200,9756855,9.7569
swap_distribute_parallel_for_collapse_2150_2150_2950,2150,2950,0,5900,63442700,19036351,2950,87720000,50740000,19033400,6342500,12690900,6342500,0,0,0,6348400,10116773,10.1168
swap_distribute_parallel_for_collapse_2150_2250_2150,2150,2150,0,4300,48387900,14518951,2150,77400000,36980000,14516800,4837500,9679300,4837500,0,0,0,4841800,7742811,7.7428
swap_distribute_parallel_for_collapse_2150_2250_2250,2150,2250,0,4500,50638500,15194251,2250,79200000,38700000,15192000,5062500,10129500,5062500,0,0,0,5067000,8086262,8.0863
swap_distribute_parallel_for_collapse_2150_2250_2350,2150,2350,0,4700,52889100,15869551,2350,81000000,40420000,15867200,5287500,10579700,5287500,0,0,0,5292200,8477826,8.4778
swap_distribute_parallel_for_collapse_2150_2250_2450,2150,2450,0,4900,55139700,16544851,2450,82800000,42140000,16542400,5512500,11029900,5512500,0,0,0,5517400,8811291,8.8113
swap_distribute_parallel_for_collapse_2150_2250_2550,2150,2550,0,5100,57390300,17220151,2550,84600000,43860000,17217600,5737500,11480100,5737500,0,0,0,5742600,9226450,9.2264
swap_distribute_parallel_for_collapse_2150_2250_2650,2150,2650,0,5300,59640900,17895451,2650,86400000,45580000,17892800,5962500,11930300,5962500,0,0,0,5967800,9533568,9.5336
swap_distribute_parallel_for_collapse_2150_2250_2750,2150,2750,0,5500,61891500,18570751,2750,88200000,47300000,18568000,6187500,12380500,6187500,0,0,0,6193000,9886274,9.8863
swap_distribute_parallel_for_collapse_2150_2250_2850,2150,2850,0,5700,64142100,19246051,2850,90000000,49020000,19243200,6412500,12830700,6412500,0,0,0,6418200,10259865,10.2599
swap_distribute_parallel_for_collapse_2150_2250_2950,2150,2950,0,5900,66392700,19921351,2950,91800000,50740000,19918400,6637500,13280900,6637500,0,0,0,6643400,10696906,10.6969
swap_distribute_parallel_for_collapse_2150_2350_2150,2150,2150,0,4300,50537900,15163951,2150,80840000,36980000,15161800,5052500,10109300,5052500,0,0,0,5056800,8048705,8.0487
swap_distribute_parallel_for_collapse_2150_2350_2250,2150,2250,0,4500,52888500,15869251,2250,82720000,38700000,15867000,5287500,10579500,5287500,0,0,0,5292000,8490269,8.4903
swap_distribute_parallel_for_collapse_2150_2350_2350,2150,2350,0,4700,55239100,16574551,2350,84600000,40420000,16572200,5522500,11049700,5522500,0,0,0,5527200,8802276,8.8023
swap_distribute_parallel_for_collapse_2150_2350_2450,2150,2450,0,4900,57589700,17279851,2450,86480000,42140000,17277400,5757500,11519900,5757500,0,0,0,5762400,9210607,9.2106
swap_distribute_parallel_for_collapse_2150_2350_2550,2150,2550,0,5100,59940300,17985151,2550,88360000,43860000,17982600,5992500,11990100,5992500,0,0,0,5997600,9586879,9.5869
swap_distribute_parallel_for_collapse_2150_2350_2650,2150,2650,0,5300,62290900,18690451,2650,90240000,45580000,18687800,6227500,12460300,6227500,0,0,0,6232800,9920256,9.9203
swap_distribute_parallel_for_collapse_2150_2350_2750,2150,2750,0,5500,64641500,19395751,2750,92120000,47300000,19393000,6462500,12930500,6462500,0,0,0,6468000,10333809,10.3338
swap_distribute_parallel_for_collapse_2150_2350_2850,2150,2850,0,5700,66992100,20101051,2850,94000000,49020000,20098200,6697500,13400700,6697500,0,0,0,6703200,10671056,10.6711
swap_distribute_parallel_for_collapse_2150_2350_2950,2150,2950,0,5900,69342700,20806351,2950,95880000,50740000,20803400,6932500,13870900,6932500,0,0,0,6938400,11049768,11.0498
swap_distribute_parallel_for_collapse_2150_2450_2150,2150,2150,0,4300,52687900,15808951,2150,84280000,36980000,15806800,5267500,10539300,5267500,0,0,0,5271800,8402859,8.4029
swap_distribute_parallel_for_collapse_2150_2450_2250,2150,2250,0,4500,55138500,16544251,2250,86240000,38700000,16542000,5512500,11029500,5512500,0,0,0,5517000,8793947,8.7939
swap_distribute_parallel_for_collapse_2150_2450_2350,2150,2350,0,4700,57589100,17279551,2350,88200000,40420000,17277200,5757500,11519700,5757500,0,0,0,5762200,9183728,9.1837
swap_distribute_parallel_for_collapse_2150_2450_2450,2150,2450,0,4900,60039700,18014851,2450,90160000,42140000,18012400,6002500,12009900,6002500,0,0,0,6007400,9575293,9.5753
swap_distribute_parallel_for_collapse_2150_2450_2550,2150,2550,0,5100,62490300,18750151,2550,92120000,43860000,18747600,6247500,12500100,6247500,0,0,0,6252600,9972076,9.9721
swap_distribute_parallel_for_collapse_2150_2450_2650,2150,2650,0,5300,64940900,19485451,2650,94080000,45580000,19482800,6492500,12990300,6492500,0,0,0,6497800,10376573,10.3766
swap_distribute_parallel_for_collapse_2150_2450_2750,2150,2750,0,5500,67391500,20220751,2750,96040000,47300000,20218000,6737500,13480500,6737500,0,0,0,6743000,10748919,10.7489
swap_distribute_parallel_for_collapse_2150_2450_2850,2150,2850,0,5700,69842100,20956051,2850,98000000,49020000,20953200,6982500,13970700,6982500,0,0,0,6988200,11151351,11.1514
swap_distribute_parallel_for_collapse_2150_2450_2950,2150,2950,0,5900,72292700,21691351,2950,99960000,50740000,21688400,7227500,14460900,7227500,0,0,0,7233400,11532538,11.5325
swap_distribute_parallel_for_collapse_2150_2550_2150,2150,2150,0,4300,54837900,16453951,2150,87720000,36980000,16451800,5482500,10969300,5482500,0,0,0,5486800,8753802,8.7538
swap_distribute_parallel_for_collapse_2150_2550_2250,2150,2250,0,4500,57388500,17219251,2250,89760000,38700000,17217000,5737500,11479500,5737500,0,0,0,5742000,9179217,9.1792
swap_distribute_parallel_for_collapse_2150_2550_2350,2150,2350,0,4700,59939100,17984551,2350,91800000,40420000,17982200,5992500,11989700,5992500,0,0,0,5997200,9596628,9.5966
swap_distribute_parallel_for_collapse_2150_2550_2450,2150,2450,0,4900,62489700,18749851,2450,93840000,42140000,18747400,6247500,12499900,6247500,0,0,0,6252400,10065933,10.0659
swap_distribute_parallel_for_collapse_2150_2550_2550,2150,2550,0,5100,65040300,19515151,2550,95880000,43860000,19512600,6502500,13010100,6502500,0,0,0,6507600,10385401,10.3854
swap_distribute_parallel_for_collapse_2150_2550_2650,2150,2650,0,5300,67590900,20280451,2650,97920000,45580000,20277800,6757500,13520300,6757500,0,0,0,6762800,10791103,10.7911
swap_distribute_parallel_for_collapse_2150_2550_2750,2150,2750,0,5500,70141500,21045751,2750,99960000,47300000,21043000,7012500,14030500,7012500,0,0,0,7018000,11229426,11.2294
swap_distribute_parallel_for_collapse_2150_2550_2850,2150,2850,0,5700,72692100,21811051,2850,102000000,49020000,21808200,7267500,14540700,7267500,0,0,0,7273200,11607307,11.6073
swap_distribute_parallel_for_collapse_2150_2550_2950,2150,2950,0,5900,75242700,22576351,2950,104040000,50740000,22573400,7522500,15050900,7522500,0,0,0,7528400,12010082,12.0101
swap_distribute_parallel_for_collapse_2150_2650_2150,2150,2150,0,4300,56987900,17098951,2150,91160000,36980000,17096800,5697500,11399300,5697500,0,0,0,5701800,9118325,9.1183
swap_distribute_parallel_for_collapse_2150_2650_2250,2150,2250,0,4500,59638500,17894251,2250,93280000,38700000,17892000,5962500,11929500,5962500,0,0,0,5967000,9521860,9.5219
swap_distribute_parallel_for_collapse_2150_2650_2350,2150,2350,0,4700,62289100,18689551,2350,95400000,40420000,18687200,6227500,12459700,6227500,0,0,0,6232200,9939598,9.9396
swap_distribute_parallel_for_collapse_2150_2650_2450,2150,2450,0,4900,64939700,19484851,2450,97520000,42140000,19482400,6492500,12989900,6492500,0,0,0,6497400,10431733,10.4317
swap_distribute_parallel_for_collapse_2150_2650_2550,2150,2550,0,5100,67590300,20280151,2550,99640000,43860000,20277600,6757500,13520100,6757500,0,0,0,6762600,10792072,10.7921
swap_distribute_parallel_for_collapse_2150_2650_2650,2150,2650,0,5300,70240900,21075451,2650,101760000,45580000,21072800,7022500,14050300,7022500,0,0,0,7027800,11210440,11.2104
swap_distribute_parallel_for_collapse_2150_2650_2750,2150,2750,0,5500,72891500,21870751,2750,103880000,47300000,21868000,7287500,14580500,7287500,0,0,0,7293000,11637835,11.6378
swap_distribute_parallel_for_collapse_2150_2650_2850,2150,2850,0,5700,75542100,22666051,2850,106000000,49020000,22663200,7552500,15110700,7552500,0,0,0,7558200,12054840,12.0548
swap_distribute_parallel_for_collapse_2150_2650_2950,2150,2950,0,5900,78192700,23461351,2950,108120000,50740000,23458400,7817500,15640900,7817500,0,0,0,7823400,12488732,12.4887
swap_distribute_parallel_for_collapse_2150_2750_2150,2150,2150,0,4300,59137900,17743951,2150,94600000,36980000,17741800,5912500,11829300,5912500,0,0,0,5916800,9479550,9.4795
swap_distribute_parallel_for_collapse_2150_2750_2250,2150,2250,0,4500,61888500,18569251,2250,96800000,38700000,18567000,6187500,12379500,6187500,0,0,0,6192000,9953479,9.9535
swap_distribute_parallel_for_collapse_2150_2750_2350,2150,2350,0,4700,64639100,19394551,2350,99000000,40420000,19392200,6462500,12929700,6462500,0,0,0,6467200,10351033,10.3510
swap_distribute_parallel_for_collapse_2150_2750_2450,2150,2450,0,4900,67389700,20219851,2450,101200000,42140000,20217400,6737500,13479900,6737500,0,0,0,6742400,10784898,10.7849
swap_distribute_parallel_for_collapse_2150_2750_2550,2150,2550,0,5100,70140300,21045151,2550,103400000,43860000,21042600,7012500,14030100,7012500,0,0,0,7017600,11228726,11.2287
swap_distribute_parallel_for_collapse_2150_2750_2650,2150,2650,0,5300,72890900,21870451,2650,105600000,45580000,21867800,7287500,14580300,7287500,0,0,0,7292800,11670019,11.6700
swap_distribute_parallel_for_collapse_2150_2750_2750,2150,2750,0,5500,75641500,22695751,2750,107800000,47300000,22693000,7562500,15130500,7562500,0,0,0,7568000,12113040,12.1130
swap_distribute_parallel_for_collapse_2150_2750_2850,2150,2850,0,5700,78392100,23521051,2850,110000000,49020000,23518200,7837500,15680700,7837500,0,0,0,7843200,12548972,12.5490
swap_distribute_parallel_for_collapse_2150_2750_2950,2150,2950,0,5900,81142700,24346351,2950,112200000,50740000,24343400,8112500,16230900,8112500,0,0,0,8118400,13003244,13.0032
swap_distribute_parallel_for_collapse_2150_2850_2150,2150,2150,0,4300,61287900,18388951,2150,98040000,36980000,18386800,6127500,12259300,6127500,0,0,0,6131800,9794149,9.7941
swap_distribute_parallel_for_collapse_2150_2850_2250,2150,2250,0,4500,64138500,19244251,2250,100320000,38700000,19242000,6412500,12829500,6412500,0,0,0,6417000,10248452,10.2485
swap_distribute_parallel_for_collapse_2150_2850_2350,2150,2350,0,4700,66989100,20099551,2350,102600000,40420000,20097200,6697500,13399700,6697500,0,0,0,6702200,10704776,10.7048
swap_distribute_parallel_for_collapse_2150_2850_2450,2150,2450,0,4900,69839700,20954851,2450,104880000,42140000,20952400,6982500,13969900,6982500,0,0,0,6987400,11156653,11.1567
swap_distribute_parallel_for_collapse_2150_2850_2550,2150,2550,0,5100,72690300,21810151,2550,107160000,43860000,21807600,7267500,14540100,7267500,0,0,0,7272600,11631673,11.6317
swap_distribute_parallel_for_collapse_2150_2850_2650,2150,2650,0,5300,75540900,22665451,2650,109440000,45580000,22662800,7552500,15110300,7552500,0,0,0,7557800,12111044,12.1110
swap_distribute_parallel_for_collapse_2150_2850_2750,2150,2750,0,5500,78391500,23520751,2750,111720000,47300000,23518000,7837500,15680500,7837500,0,0,0,7843000,12541922,12.5419
swap_distribute_parallel_for_collapse_2150_2850_2850,2150,2850,0,5700,81242100,24376051,2850,114000000,49020000,24373200,8122500,16250700,8122500,0,0,0,8128200,12979137,12.9791
swap_distribute_parallel_for_collapse_2150_2850_2950,2150,2950,0,5900,84092700,25231351,2950,116280000,50740000,25228400,8407500,16820900,8407500,0,0,0,8413400,13439725,13.4397
swap_distribute_parallel_for_collapse_2150_2950_2150,2150,2150,0,4300,63437900,19033951,2150,101480000,36980000,19031800,6342500,12689300,6342500,0,0,0,6346800,10200671,10.2007
swap_distribute_parallel_for_collapse_2150_2950_2250,2150,2250,0,4500,66388500,19919251,2250,103840000,38700000,19917000,6637500,13279500,6637500,0,0,0,6642000,10625616,10.6256
swap_distribute_parallel_for_collapse_2150_2950_2350,2150,2350,0,4700,69339100,20804551,2350,106200000,40420000,20802200,6932500,13869700,6932500,0,0,0,6937200,11098232,11.0982
swap_distribute_parallel_for_collapse_2150_2950_2450,2150,2450,0,4900,72289700,21689851,2450,108560000,42140000,21687400,7227500,14459900,7227500,0,0,0,7232400,11575863,11.5759
swap_distribute_parallel_for_collapse_2150_2950_2550,2150,2550,0,5100,75240300,22575151,2550,110920000,43860000,22572600,7522500,15050100,7522500,0,0,0,7527600,12066623,12.0666
swap_distribute_parallel_for_collapse_2150_2950_2650,2150,2650,0,5300,78190900,23460451,2650,113280000,45580000,23457800,7817500,15640300,7817500,0,0,0,7822800,12519766,12.5198
swap_distribute_parallel_for_collapse_2150_2950_2750,2150,2750,0,5500,81141500,24345751,2750,115640000,47300000,24343000,8112500,16230500,8112500,0,0,0,8118000,12989752,12.9898
swap_distribute_parallel_for_collapse_2150_2950_2850,2150,2850,0,5700,84092100,25231051,2850,118000000,49020000,25228200,8407500,16820700,8407500,0,0,0,8413200,13473959,13.4740
swap_distribute_parallel_for_collapse_2150_2950_2950,2150,2950,0,5900,87042700,26116351,2950,120360000,50740000,26113400,8702500,17410900,8702500,0,0,0,8708400,13933336,13.9333
swap_distribute_parallel_for_collapse_2200_1200_1200,2200,1200,0,2400,14407200,4323601,1200,32640000,21120000,4322400,1440000,2882400,1440000,0,0,0,1442400,2332615,2.3326
swap_distribute_parallel_for_collapse_2200_1200_1700,2200,1700,0,3400,20410200,6125101,1700,37440000,29920000,6123400,2040000,4083400,2040000,0,0,0,2043400,3308243,3.3082
swap_distribute_parallel_for_collapse_2200_1200_2200,2200,2200,0,4400,26413200,7926601,2200,42240000,38720000,7924400,2640000,5284400,2640000,0,0,0,2644400,4303517,4.3035
swap_distribute_parallel_for_collapse_2200_1200_2700,2200,2700,0,5400,32416200,9728101,2700,47040000,47520000,9725400,3240000,6485400,3240000,0,0,0,3245400,5272445,5.2724
swap_distribute_parallel_for_collapse_2200_1200_3200,2200,3200,0,6400,38419200,11529601,3200,51840000,56320000,11526400,3840000,7686400,3840000,0,0,0,3846400,6231055,6.2311
swap_distribute_parallel_for_collapse_2200_1200_3700,2200,3700,0,7400,44422200,13331101,3700,56640000,65120000,13327400,4440000,8887400,4440000,0,0,0,4447400,7208402,7.2084
swap_distribute_parallel_for_collapse_2200_1200_4200,2200,4200,0,8400,50425200,15132601,4200,61440000,73920000,15128400,5040000,10088400,5040000,0,0,0,5048400,8236452,8.2365
swap_distribute_parallel_for_collapse_2200_1700_1200,2200,1200,0,2400,20407200,6123601,1200,46240000,21120000,6122400,2040000,4082400,2040000,0,0,0,2042400,3316143,3.3161
swap_distribute_parallel_for_collapse_2200_1700_1700,2200,1700,0,3400,28910200,8675101,1700,53040000,29920000,8673400,2890000,5783400,2890000,0,0,0,2893400,4778927,4.7789
swap_distribute_parallel_for_collapse_2200_1700_2200,2200,2200,0,4400,37413200,11226601,2200,59840000,38720000,11224400,3740000,7484400,3740000,0,0,0,3744400,6096496,6.0965
swap_distribute_parallel_for_collapse_2200_1700_2700,2200,2700,0,5400,45916200,13778101,2700,66640000,47520000,13775400,4590000,9185400,4590000,0,0,0,4595400,7461184,7.4612
swap_distribute_parallel_for_collapse_2200_1700_3200,2200,3200,0,6400,54419200,16329601,3200,73440000,56320000,16326400,5440000,10886400,5440000,0,0,0,5446400,8849241,8.8492
swap_distribute_parallel_for_collapse_2200_1700_3700,2200,3700,0,7400,62922200,18881101,3700,80240000,65120000,18877400,6290000,12587400,6290000,0,0,0,6297400,10229834,10.2298
swap_distribute_parallel_for_collapse_2200_1700_4200,2200,4200,0,8400,71425200,21432601,4200,87040000,73920000,21428400,7140000,14288400,7140000,0,0,0,7148400,11650410,11.6504
swap_distribute_parallel_for_collapse_2200_2200_1200,2200,1200,0,2400,26407200,7923601,1200,59840000,21120000,7922400,2640000,5282400,2640000,0,0,0,2642400,4304391,4.3044
swap_distribute_parallel_for_collapse_2200_2200_1700,2200,1700,0,3400,37410200,11225101,1700,68640000,29920000,11223400,3740000,7483400,3740000,0,0,0,3743400,6093999,6.0940
swap_distribute_parallel_for_collapse_2200_2200_2200,2200,2200,0,4400,48413200,14526601,2200,77440000,38720000,14524400,4840000,9684400,4840000,0,0,0,4844400,7886787,7.8868
swap_distribute_parallel_for_collapse_2200_2200_2700,2200,2700,0,5400,59416200,17828101,2700,86240000,47520000,17825400,5940000,11885400,5940000,0,0,0,5945400,9702488,9.7025
swap_distribute_parallel_for_collapse_2200_2200_3200,2200,3200,0,6400,70419200,21129601,3200,95040000,56320000,21126400,7040000,14086400,7040000,0,0,0,7046400,11503520,11.5035
swap_distribute_parallel_for_collapse_2200_2200_3700,2200,3700,0,7400,81422200,24431101,3700,103840000,65120000,24427400,8140000,16287400,8140000,0,0,0,8147400,13275860,13.2759
swap_distribute_parallel_for_collapse_2200_2200_4200,2200,4200,0,8400,92425200,27732601,4200,112640000,73920000,27728400,9240000,18488400,9240000,0,0,0,9248400,15066785,15.0668
swap_distribute_parallel_for_collapse_2200_2700_1200,2200,1200,0,2400,32407200,9723601,1200,73440000,21120000,9722400,3240000,6482400,3240000,0,0,0,3242400,5307569,5.3076
swap_distribute_parallel_for_collapse_2200_2700_1700,2200,1700,0,3400,45910200,13775101,1700,84240000,29920000,13773400,4590000,9183400,4590000,0,0,0,4593400,7537659,7.5377
swap_distribute_parallel_for_collapse_2200_2700_2200,2200,2200,0,4400,59413200,17826601,2200,95040000,38720000,17824400,5940000,11884400,5940000,0,0,0,5944400,9729632,9.7296
swap_distribute_parallel_for_collapse_2200_2700_2700,2200,2700,0,5400,72916200,21878101,2700,105840000,47520000,21875400,7290000,14585400,7290000,0,0,0,7295400,12047615,12.0476
swap_distribute_parallel_for_collapse_2200_2700_3200,2200,3200,0,6400,86419200,25929601,3200,116640000,56320000,25926400,8640000,17286400,8640000,0,0,0,8646400,14191465,14.1915
swap_distribute_parallel_for_collapse_2200_2700_3700,2200,3700,0,7400,99922200,29981101,3700,127440000,65120000,29977400,9990000,19987400,9990000,0,0,0,9997400,16370809,16.3708
swap_distribute_parallel_for_collapse_2200_2700_4200,2200,4200,0,8400,113425200,34032601,4200,138240000,73920000,34028400,11340000,22688400,11340000,0,0,0,11348400,18618781,18.6188
swap_distribute_parallel_for_collapse_2200_3200_1200,2200,1200,0,2400,38407200,11523601,1200,87040000,21120000,11522400,3840000,7682400,3840000,0,0,0,3842400,6330834,6.3308
swap_distribute_parallel_for_collapse_2200_3200_1700,2200,1700,0,3400,54410200,16325101,1700,99840000,29920000,16323400,5440000,10883400,5440000,0,0,0,5443400,8974491,8.9745
swap_distribute_parallel_for_collapse_2200_3200_2200,2200,2200,0,4400,70413200,21126601,2200,112640000,38720000,21124400,7040000,14084400,7040000,0,0,0,7044400,11564266,11.5643
swap_distribute_parallel_for_collapse_2200_3200_2700,2200,2700,0,5400,86416200,25928101,2700,125440000,47520000,25925400,8640000,17285400,8640000,0,0,0,8645400,14195183,14.1952
swap_distribute_parallel_for_collapse_2200_3200_3200,2200,3200,0,6400,102419200,30729601,3200,138240000,56320000,30726400,10240000,20486400,10240000,0,0,0,10246400,16822294,16.8223
swap_distribute_parallel_for_collapse_2200_3200_3700,2200,3700,0,7400,118422200,35531101,3700,151040000,65120000,35527400,11840000,23687400,11840000,0,0,0,11847400,19475624,19.4756
swap_distribute_parallel_for_collapse_2200_3200_4200,2200,4200,0,8400,134425200,40332601,4200,163840000,73920000,40328400,13440000,26888400,13440000,0,0,0,13448400,22080869,22.0809
swap_distribute_parallel_for_collapse_2200_3700_1200,2200,1200,0,2400,44407200,13323601,1200,100640000,21120000,13322400,4440000,8882400,4440000,0,0,0,4442400,7266308,7.2663
swap_distribute_parallel_for_collapse_2200_3700_1700,2200,1700,0,3400,62910200,18875101,1700,115440000,29920000,18873400,6290000,12583400,6290000,0,0,0,6293400,10319684,10.3197
swap_distribute_parallel_for_collapse_2200_3700_2200,2200,2200,0,4400,81413200,24426601,2200,130240000,38720000,24424400,8140000,16284400,8140000,0,0,0,8144400,13361103,13.3611
swap_distribute_parallel_for_collapse_2200_3700_2700,2200,2700,0,5400,99916200,29978101,2700,145040000,47520000,29975400,9990000,19985400,9990000,0,0,0,9995400,16365780,16.3658
swap_distribute_parallel_for_collapse_2200_3700_3200,2200,3200,0,6400,118419200,35529601,3200,159840000,56320000,35526400,11840000,23686400,11840000,0,0,0,11846400,19400673,19.4007
swap_distribute_parallel_for_collapse_2200_3700_3700,2200,3700,0,7400,136922200,41081101,3700,174640000,65120000,41077400,13690000,27387400,13690000,0,0,0,13697400,22411237,22.4112
swap_distribute_parallel_for_collapse_2200_3700_4200,2200,4200,0,8400,155425200,46632601,4200,189440000,73920000,46628400,15540000,31088400,15540000,0,0,0,15548400,25440103,25.4401
swap_distribute_parallel_for_collapse_2250_1250_1250,2250,1250,0,2500,15632500,4691251,1250,35000000,22500000,4690000,1562500,3127500,1562500,0,0,0,1565000,2622707,2.6227
swap_distribute_parallel_for_collapse_2250_1250_1750,2250,1750,0,3500,21885500,6567751,1750,40000000,31500000,6566000,2187500,4378500,2187500,0,0,0,2191000,3632030,3.6320
swap_distribute_parallel_for_collapse_2250_1250_2250,2250,2250,0,4500,28138500,8444251,2250,45000000,40500000,8442000,2812500,5629500,2812500,0,0,0,2817000,4664508,4.6645
swap_distribute_parallel_for_collapse_2250_1250_2750,2250,2750,0,5500,34391500,10320751,2750,50000000,49500000,10318000,3437500,6880500,3437500,0,0,0,3443000,5729315,5.7293
swap_distribute_parallel_for_collapse_2250_1250_3250,2250,3250,0,6500,40644500,12197251,3250,55000000,58500000,12194000,4062500,8131500,4062500,0,0,0,4069000,6735286,6.7353
swap_distribute_parallel_for_collapse_2250_1250_3750,2250,3750,0,7500,46897500,14073751,3750,60000000,67500000,14070000,4687500,9382500,4687500,0,0,0,4695000,7773122,7.7731
swap_distribute_parallel_for_collapse_2250_1250_4250,2250,4250,0,8500,53150500,15950251,4250,65000000,76500000,15946000,5312500,10633500,5312500,0,0,0,5321000,8812318,8.8123
swap_distribute_parallel_for_collapse_2250_1750_1250,2250,1250,0,2500,21882500,6566251,1250,49000000,22500000,6565000,2187500,4377500,2187500,0,0,0,2190000,3637374,3.6374
swap_distribute_parallel_for_collapse_2250_1750_1750,2250,1750,0,3500,30635500,9192751,1750,56000000,31500000,9191000,3062500,6128500,3062500,0,0,0,3066000,5097283,5.0973
swap_distribute_parallel_for_collapse_2250_1750_2250,2250,2250,0,4500,39388500,11819251,2250,63000000,40500000,11817000,3937500,7879500,3937500,0,0,0,3942000,6557313,6.5573
swap_distribute_parallel_for_collapse_2250_1750_2750,2250,2750,0,5500,48141500,14445751,2750,70000000,49500000,14443000,4812500,9630500,4812500,0,0,0,4818000,8012413,8.0124
swap_distribute_parallel_for_collapse_2250_1750_3250,2250,3250,0,6500,56894500,17072251,3250,77000000,58500000,17069000,5687500,11381500,5687500,0,0,0,5694000,9463767,9.4638
swap_distribute_parallel_for_collapse_2250_1750_3750,2250,3750,0,7500,65647500,19698751,3750,84000000,67500000,19695000,6562500,13132500,6562500,0,0,0,6570000,10923508,10.9235
swap_distribute_parallel_for_collapse_2250_1750_4250,2250,4250,0,8500,74400500,22325251,4250,91000000,76500000,22321000,7437500,14883500,7437500,0,0,0,7446000,12380406,12.3804
swap_distribute_parallel_for_collapse_2250_2150_2150,2250,2150,0,4300,46237900,13873951,2150,75680000,38700000,13871800,4622500,9249300,4622500,0,0,0,4626800,7705080,7.7051
swap_distribute_parallel_for_collapse_2250_2150_2250,2250,2250,0,4500,48388500,14519251,2250,77400000,40500000,14517000,4837500,9679500,4837500,0,0,0,4842000,8098898,8.0989
swap_distribute_parallel_for_collapse_2250_2150_2350,2250,2350,0,4700,50539100,15164551,2350,79120000,42300000,15162200,5052500,10109700,5052500,0,0,0,5057200,8452253,8.4523
swap_distribute_parallel_for_collapse_2250_2150_2450,2250,2450,0,4900,52689700,15809851,2450,80840000,44100000,15807400,5267500,10539900,5267500,0,0,0,5272400,8812780,8.8128
swap_distribute_parallel_for_collapse_2250_2150_2550,2250,2550,0,5100,54840300,16455151,2550,82560000,45900000,16452600,5482500,10970100,5482500,0,0,0,5487600,9151718,9.1517
swap_distribute_parallel_for_collapse_2250_2150_2650,2250,2650,0,5300,56990900,17100451,2650,84280000,47700000,17097800,5697500,11400300,5697500,0,0,0,5702800,9499730,9.4997
swap_distribute_parallel_for_collapse_2250_2150_2750,2250,2750,0,5500,59141500,17745751,2750,86000000,49500000,17743000,5912500,11830500,5912500,0,0,0,5918000,9859791,9.8598
swap_distribute_parallel_for_collapse_2250_2150_2850,2250,2850,0,5700,61292100,18391051,2850,87720000,51300000,18388200,6127500,12260700,6127500,0,0,0,6133200,10259127,10.2591
swap_distribute_parallel_for_collapse_2250_2150_2950,2250,2950,0,5900,63442700,19036351,2950,89440000,53100000,19033400,6342500,12690900,6342500,0,0,0,6348400,10575438,10.5754
swap_distribute_parallel_for_collapse_2250_2250_1250,2250,1250,0,2500,28132500,8441251,1250,63000000,22500000,8440000,2812500,5627500,2812500,0,0,0,2815000,4705915,4.7059
swap_distribute_parallel_for_collapse_2250_2250_1750,2250,1750,0,3500,39385500,11817751,1750,72000000,31500000,11816000,3937500,7878500,3937500,0,0,0,3941000,6584087,6.5841
swap_distribute_parallel_for_collapse_2250_2250_2150,2250,2150,0,4300,48387900,14518951,2150,79200000,38700000,14516800,4837500,9679300,4837500,0,0,0,4841800,8094786,8.0948
swap_distribute_parallel_for_collapse_2250_2250_2250,2250,2250,0,4500,50638500,15194251,2250,81000000,40500000,15192000,5062500,10129500,5062500,0,0,0,5067000,8468267,8.4683
swap_distribute_parallel_for_collapse_2250_2250_2350,2250,2350,0,4700,52889100,15869551,2350,82800000,42300000,15867200,5287500,10579700,5287500,0,0,0,5292200,8844994,8.8450
swap_distribute_parallel_for_collapse_2250_2250_2450,2250,2450,0,4900,55139700,16544851,2450,84600000,44100000,16542400,5512500,11029900,5512500,0,0,0,5517400,9224942,9.2249
swap_distribute_parallel_for_collapse_2250_2250_2550,2250,2550,0,5100,57390300,17220151,2550,86400000,45900000,17217600,5737500,11480100,5737500,0,0,0,5742600,9601800,9.6018
swap_distribute_parallel_for_collapse_2250_2250_2650,2250,2650,0,5300,59640900,17895451,2650,88200000,47700000,17892800,5962500,11930300,5962500,0,0,0,5967800,9993680,9.9937
swap_distribute_parallel_for_collapse_2250_2250_2750,2250,2750,0,5500,61891500,18570751,2750,90000000,49500000,18568000,6187500,12380500,6187500,0,0,0,6193000,10351343,10.3513
swap_distribute_parallel_for_collapse_2250_2250_2850,2250,2850,0,5700,64142100,19246051,2850,91800000,51300000,19243200,6412500,12830700,6412500,0,0,0,6418200,10725273,10.7253
swap_distribute_parallel_for_collapse_2250_2250_2950,2250,2950,0,5900,66392700,19921351,2950,93600000,53100000,19918400,6637500,13280900,6637500,0,0,0,6643400,11109292,11.1093
swap_distribute_parallel_for_collapse_2250_2250_3250,2250,3250,0,6500,73144500,21947251,3250,99000000,58500000,21944000,7312500,14631500,7312500,0,0,0,7319000,12231376,12.2314
swap_distribute_parallel_for_collapse_2250_2250_3750,2250,3750,0,7500,84397500,25323751,3750,108000000,67500000,25320000,8437500,16882500,8437500,0,0,0,8445000,14141899,14.1419
swap_distribute_parallel_for_collapse_2250_2250_4250,2250,4250,0,8500,95650500,28700251,4250,117000000,76500000,28696000,9562500,19133500,9562500,0,0,0,9571000,16047697,16.0477
swap_distribute_parallel_for_collapse_2250_2350_2150,2250,2150,0,4300,50537900,15163951,2150,82720000,38700000,15161800,5052500,10109300,5052500,0,0,0,5056800,8431696,8.4317
swap_distribute_parallel_for_collapse_2250_2350_2250,2250,2250,0,4500,52888500,15869251,2250,84600000,40500000,15867000,5287500,10579500,5287500,0,0,0,5292000,8841711,8.8417
swap_distribute_parallel_for_collapse_2250_2350_2350,2250,2350,0,4700,55239100,16574551,2350,86480000,42300000,16572200,5522500,11049700,5522500,0,0,0,5527200,9242471,9.2425
swap_distribute_parallel_for_collapse_2250_2350_2450,2250,2450,0,4900,57589700,17279851,2450,88360000,44100000,17277400,5757500,11519900,5757500,0,0,0,5762400,9652507,9.6525
swap_distribute_parallel_for_collapse_2250_2350_2550,2250,2550,0,5100,59940300,17985151,2550,90240000,45900000,17982600,5992500,11990100,5992500,0,0,0,5997600,10053031,10.0530
swap_distribute_parallel_for_collapse_2250_2350_2650,2250,2650,0,5300,62290900,18690451,2650,92120000,47700000,18687800,6227500,12460300,6227500,0,0,0,6232800,10397828,10.3978
swap_distribute_parallel_for_collapse_2250_2350_2750,2250,2750,0,5500,64641500,19395751,2750,94000000,49500000,19393000,6462500,12930500,6462500,0,0,0,6468000,10787960,10.7880
swap_distribute_parallel_for_collapse_2250_2350_2850,2250,2850,0,5700,66992100,20101051,2850,95880000,51300000,20098200,6697500,13400700,6697500,0,0,0,6703200,11192178,11.1922
swap_distribute_parallel_for_collapse_2250_2350_2950,2250,2950,0,5900,69342700,20806351,2950,97760000,53100000,20803400,6932500,13870900,6932500,0,0,0,6938400,11570075,11.5701
swap_distribute_parallel_for_collapse_2250_2450_2150,2250,2150,0,4300,52687900,15808951,2150,86240000,38700000,15806800,5267500,10539300,5267500,0,0,0,5271800,8820355,8.8204
swap_distribute_parallel_for_collapse_2250_2450_2250,2250,2250,0,4500,55138500,16544251,2250,88200000,40500000,16542000,5512500,11029500,5512500,0,0,0,5517000,9207094,9.2071
swap_distribute_parallel_for_collapse_2250_2450_2350,2250,2350,0,4700,57589100,17279551,2350,90160000,42300000,17277200,5757500,11519700,5757500,0,0,0,5762200,9650084,9.6501
swap_distribute_parallel_for_collapse_2250_2450_2450,2250,2450,0,4900,60039700,18014851,2450,92120000,44100000,18012400,6002500,12009900,6002500,0,0,0,6007400,10032372,10.0324
swap_distribute_parallel_for_collapse_2250_2450_2550,2250,2550,0,5100,62490300,18750151,2550,94080000,45900000,18747600,6247500,12500100,6247500,0,0,0,6252600,10459789,10.4598
swap_distribute_parallel_for_collapse_2250_2450_2650,2250,2650,0,5300,64940900,19485451,2650,96040000,47700000,19482800,6492500,12990300,6492500,0,0,0,6497800,10842126,10.8421
swap_distribute_parallel_for_collapse_2250_2450_2750,2250,2750,0,5500,67391500,20220751,2750,98000000,49500000,20218000,6737500,13480500,6737500,0,0,0,6743000,11253752,11.2538
swap_distribute_parallel_for_collapse_2250_2450_2850,2250,2850,0,5700,69842100,20956051,2850,99960000,51300000,20953200,6982500,13970700,6982500,0,0,0,6988200,11660220,11.6602
swap_distribute_parallel_for_collapse_2250_2450_2950,2250,2950,0,5900,72292700,21691351,2950,101920000,53100000,21688400,7227500,14460900,7227500,0,0,0,7233400,12068419,12.0684
swap_distribute_parallel_for_collapse_2250_2550_2150,2250,2150,0,4300,54837900,16453951,2150,89760000,38700000,16451800,5482500,10969300,5482500,0,0,0,5486800,9218609,9.2186
swap_distribute_parallel_for_collapse_2250_2550_2250,2250,2250,0,4500,57388500,17219251,2250,91800000,40500000,17217000,5737500,11479500,5737500,0,0,0,5742000,9601423,9.6014
swap_distribute_parallel_for_collapse_2250_2550_2350,2250,2350,0,4700,59939100,17984551,2350,93840000,42300000,17982200,5992500,11989700,5992500,0,0,0,5997200,10024043,10.0240
swap_distribute_parallel_for_collapse_2250_2550_2450,2250,2450,0,4900,62489700,18749851,2450,95880000,44100000,18747400,6247500,12499900,6247500,0,0,0,6252400,10463446,10.4634
swap_distribute_parallel_for_collapse_2250_2550_2550,2250,2550,0,5100,65040300,19515151,2550,97920000,45900000,19512600,6502500,13010100,6502500,0,0,0,6507600,10894650,10.8947
swap_distribute_parallel_for_collapse_2250_2550_2650,2250,2650,0,5300,67590900,20280451,2650,99960000,47700000,20277800,6757500,13520300,6757500,0,0,0,6762800,11295263,11.2953
swap_distribute_parallel_for_collapse_2250_2550_2750,2250,2750,0,5500,70141500,21045751,2750,102000000,49500000,21043000,7012500,14030500,7012500,0,0,0,7018000,11724886,11.7249
swap_distribute_parallel_for_collapse_2250_2550_2850,2250,2850,0,5700,72692100,21811051,2850,104040000,51300000,21808200,7267500,14540700,7267500,0,0,0,7273200,12211460,12.2115
swap_distribute_parallel_for_collapse_2250_2550_2950,2250,2950,0,5900,75242700,22576351,2950,106080000,53100000,22573400,7522500,15050900,7522500,0,0,0,7528400,12579649,12.5796
swap_distribute_parallel_for_collapse_2250_2650_2150,2250,2150,0,4300,56987900,17098951,2150,93280000,38700000,17096800,5697500,11399300,5697500,0,0,0,5701800,9526715,9.5267
swap_distribute_parallel_for_collapse_2250_2650_2250,2250,2250,0,4500,59638500,17894251,2250,95400000,40500000,17892000,5962500,11929500,5962500,0,0,0,5967000,9972888,9.9729
swap_distribute_parallel_for_collapse_2250_2650_2350,2250,2350,0,4700,62289100,18689551,2350,97520000,42300000,18687200,6227500,12459700,6227500,0,0,0,6232200,10410627,10.4106
swap_distribute_parallel_for_collapse_2250_2650_2450,2250,2450,0,4900,64939700,19484851,2450,99640000,44100000,19482400,6492500,12989900,6492500,0,0,0,6497400,10854119,10.8541
swap_distribute_parallel_for_collapse_2250_2650_2550,2250,2550,0,5100,67590300,20280151,2550,101760000,45900000,20277600,6757500,13520100,6757500,0,0,0,6762600,11339835,11.3398
swap_distribute_parallel_for_collapse_2250_2650_2650,2250,2650,0,5300,70240900,21075451,2650,103880000,47700000,21072800,7022500,14050300,7022500,0,0,0,7027800,11743220,11.7432
swap_distribute_parallel_for_collapse_2250_2650_2750,2250,2750,0,5500,72891500,21870751,2750,106000000,49500000,21868000,7287500,14580500,7287500,0,0,0,7293000,12187183,12.1872
swap_distribute_parallel_for_collapse_2250_2650_2850,2250,2850,0,5700,75542100,22666051,2850,108120000,51300000,22663200,7552500,15110700,7552500,0,0,0,7558200,12630517,12.6305
swap_distribute_parallel_for_collapse_2250_2650_2950,2250,2950,0,5900,78192700,23461351,2950,110240000,53100000,23458400,7817500,15640900,7817500,0,0,0,7823400,13066441,13.0664
swap_distribute_parallel_for_collapse_2250_2750_1250,2250,1250,0,2500,34382500,10316251,1250,77000000,22500000,10315000,3437500,6877500,3437500,0,0,0,3440000,5802446,5.8024
swap_distribute_parallel_for_collapse_2250_2750_1750,2250,1750,0,3500,48135500,14442751,1750,88000000,31500000,14441000,4812500,9628500,4812500,0,0,0,4816000,8095621,8.0956
swap_distribute_parallel_for_collapse_2250_2750_2150,2250,2150,0,4300,59137900,17743951,2150,96800000,38700000,17741800,5912500,11829300,5912500,0,0,0,5916800,9937749,9.9377
swap_distribute_parallel_for_collapse_2250_2750_2250,2250,2250,0,4500,61888500,18569251,2250,99000000,40500000,18567000,6187500,12379500,6187500,0,0,0,6192000,10418819,10.4188
swap_distribute_parallel_for_collapse_2250_2750_2350,2250,2350,0,4700,64639100,19394551,2350,101200000,42300000,19392200,6462500,12929700,6462500,0,0,0,6467200,10894905,10.8949
swap_distribute_parallel_for_collapse_2250_2750_2450,2250,2450,0,4900,67389700,20219851,2450,103400000,44100000,20217400,6737500,13479900,6737500,0,0,0,6742400,11311686,11.3117
swap_distribute_parallel_for_collapse_2250_2750_2550,2250,2550,0,5100,70140300,21045151,2550,105600000,45900000,21042600,7012500,14030100,7012500,0,0,0,7017600,11755986,11.7560
swap_distribute_parallel_for_collapse_2250_2750_2650,2250,2650,0,5300,72890900,21870451,2650,107800000,47700000,21867800,7287500,14580300,7287500,0,0,0,7292800,12230818,12.2308
swap_distribute_parallel_for_collapse_2250_2750_2750,2250,2750,0,5500,75641500,22695751,2750,110000000,49500000,22693000,7562500,15130500,7562500,0,0,0,7568000,12679034,12.6790
swap_distribute_parallel_for_collapse_2250_2750_2850,2250,2850,0,5700,78392100,23521051,2850,112200000,51300000,23518200,7837500,15680700,7837500,0,0,0,7843200,13138049,13.1380
swap_distribute_parallel_for_collapse_2250_2750_2950,2250,2950,0,5900,81142700,24346351,2950,114400000,53100000,24343400,8112500,16230900,8112500,0,0,0,8118400,13657842,13.6578
swap_distribute_parallel_for_collapse_2250_2750_3250,2250,3250,0,6500,89394500,26822251,3250,121000000,58500000,26819000,8937500,17881500,8937500,0,0,0,8944000,15017343,15.0173
swap_distribute_parallel_for_collapse_2250_2750_3750,2250,3750,0,7500,103147500,30948751,3750,132000000,67500000,30945000,10312500,20632500,10312500,0,0,0,10320000,17325935,17.3259
swap_distribute_parallel_for_collapse_2250_2750_4250,2250,4250,0,8500,116900500,35075251,4250,143000000,76500000,35071000,11687500,23383500,11687500,0,0,0,11696000,19589005,19.5890
swap_distribute_parallel_for_collapse_2250_2850_2150,2250,2150,0,4300,61287900,18388951,2150,100320000,38700000,18386800,6127500,12259300,6127500,0,0,0,6131800,10246603,10.2466
swap_distribute_parallel_for_collapse_2250_2850_2250,2250,2250,0,4500,64138500,19244251,2250,102600000,40500000,19242000,6412500,12829500,6412500,0,0,0,6417000,10724763,10.7248
swap_distribute_parallel_for_collapse_2250_2850_2350,2250,2350,0,4700,66989100,20099551,2350,104880000,42300000,20097200,6697500,13399700,6697500,0,0,0,6702200,11210759,11.2108
swap_distribute_parallel_for_collapse_2250_2850_2450,2250,2450,0,4900,69839700,20954851,2450,107160000,44100000,20952400,6982500,13969900,6982500,0,0,0,6987400,11685686,11.6857
swap_distribute_parallel_for_collapse_2250_2850_2550,2250,2550,0,5100,72690300,21810151,2550,109440000,45900000,21807600,7267500,14540100,7267500,0,0,0,7272600,12178110,12.1781
swap_distribute_parallel_for_collapse_2250_2850_2650,2250,2650,0,5300,75540900,22665451,2650,111720000,47700000,22662800,7552500,15110300,7552500,0,0,0,7557800,12640487,12.6405
swap_distribute_parallel_for_collapse_2250_2850_2750,2250,2750,0,5500,78391500,23520751,2750,114000000,49500000,23518000,7837500,15680500,7837500,0,0,0,7843000,13170200,13.1702
swap_distribute_parallel_for_collapse_2250_2850_2850,2250,2850,0,5700,81242100,24376051,2850,116280000,51300000,24373200,8122500,16250700,8122500,0,0,0,8128200,13601849,13.6018
swap_distribute_parallel_for_collapse_2250_2850_2950,2250,2950,0,5900,84092700,25231351,2950,118560000,53100000,25228400,8407500,16820900,8407500,0,0,0,8413400,14144208,14.1442
swap_distribute_parallel_for_collapse_2250_2950_2150,2250,2150,0,4300,63437900,19033951,2150,103840000,38700000,19031800,6342500,12689300,6342500,0,0,0,6346800,10632342,10.6323
swap_distribute_parallel_for_collapse_2250_2950_2250,2250,2250,0,4500,66388500,19919251,2250,106200000,40500000,19917000,6637500,13279500,6637500,0,0,0,6642000,11122467,11.1225
swap_distribute_parallel_for_collapse_2250_2950_2350,2250,2350,0,4700,69339100,20804551,2350,108560000,42300000,20802200,6932500,13869700,6932500,0,0,0,6937200,11623439,11.6234
swap_distribute_parallel_for_collapse_2250_2950_2450,2250,2450,0,4900,72289700,21689851,2450,110920000,44100000,21687400,7227500,14459900,7227500,0,0,0,7232400,12158717,12.1587
swap_distribute_parallel_for_collapse_2250_2950_2550,2250,2550,0,5100,75240300,22575151,2550,113280000,45900000,22572600,7522500,15050100,7522500,0,0,0,7527600,12610221,12.6102
swap_distribute_parallel_for_collapse_2250_2950_2650,2250,2650,0,5300,78190900,23460451,2650,115640000,47700000,23457800,7817500,15640300,7817500,0,0,0,7822800,13120861,13.1209
swap_distribute_parallel_for_collapse_2250_2950_2750,2250,2750,0,5500,81141500,24345751,2750,118000000,49500000,24343000,8112500,16230500,8112500,0,0,0,8118000,13592759,13.5928
swap_distribute_parallel_for_collapse_2250_2950_2850,2250,2850,0,5700,84092100,25231051,2850,120360000,51300000,25228200,8407500,16820700,8407500,0,0,0,8413200,14112952,14.1130
swap_distribute_parallel_for_collapse_2250_2950_2950,2250,2950,0,5900,87042700,26116351,2950,122720000,53100000,26113400,8702500,17410900,8702500,0,0,0,8708400,14596487,14.5965
swap_distribute_parallel_for_collapse_2250_3250_1250,2250,1250,0,2500,40632500,12191251,1250,91000000,22500000,12190000,4062500,8127500,4062500,0,0,0,4065000,6798733,6.7987
swap_distribute_parallel_for_collapse_2250_3250_1750,2250,1750,0,3500,56885500,17067751,1750,104000000,31500000,17066000,5687500,11378500,5687500,0,0,0,5691000,9520438,9.5204
swap_distribute_parallel_for_collapse_2250_3250_2250,2250,2250,0,4500,73138500,21944251,2250,117000000,40500000,21942000,7312500,14629500,7312500,0,0,0,7317000,12240055,12.2401
swap_distribute_parallel_for_collapse_2250_3250_2750,2250,2750,0,5500,89391500,26820751,2750,130000000,49500000,26818000,8937500,17880500,8937500,0,0,0,8943000,14959247,14.9592
swap_distribute_parallel_for_collapse_2250_3250_3250,2250,3250,0,6500,105644500,31697251,3250,143000000,58500000,31694000,10562500,21131500,10562500,0,0,0,10569000,17734331,17.7343
swap_distribute_parallel_for_collapse_2250_3250_3750,2250,3750,0,7500,121897500,36573751,3750,156000000,67500000,36570000,12187500,24382500,12187500,0,0,0,12195000,20400252,20.4003
swap_distribute_parallel_for_collapse_2250_3250_4250,2250,4250,0,8500,138150500,41450251,4250,169000000,76500000,41446000,13812500,27633500,13812500,0,0,0,13821000,23162324,23.1623
swap_distribute_parallel_for_collapse_2250_3750_1250,2250,1250,0,2500,46882500,14066251,1250,105000000,22500000,14065000,4687500,9377500,4687500,0,0,0,4690000,7909191,7.9092
swap_distribute_parallel_for_collapse_2250_3750_1750,2250,1750,0,3500,65635500,19692751,1750,120000000,31500000,19691000,6562500,13128500,6562500,0,0,0,6566000,11036776,11.0368
swap_distribute_parallel_for_collapse_2250_3750_2250,2250,2250,0,4500,84388500,25319251,2250,135000000,40500000,25317000,8437500,16879500,8437500,0,0,0,8442000,14227970,14.2280
swap_distribute_parallel_for_collapse_2250_3750_2750,2250,2750,0,5500,103141500,30945751,2750,150000000,49500000,30943000,10312500,20630500,10312500,0,0,0,10318000,17374535,17.3745
swap_distribute_parallel_for_collapse_2250_3750_3250,2250,3250,0,6500,121894500,36572251,3250,165000000,58500000,36569000,12187500,24381500,12187500,0,0,0,12194000,20502735,20.5027
swap_distribute_parallel_for_collapse_2250_3750_3750,2250,3750,0,7500,140647500,42198751,3750,180000000,67500000,42195000,14062500,28132500,14062500,0,0,0,14070000,23659385,23.6594
swap_distribute_parallel_for_collapse_2250_3750_4250,2250,4250,0,8500,159400500,47825251,4250,195000000,76500000,47821000,15937500,31883500,15937500,0,0,0,15946000,26821303,26.8213
swap_distribute_parallel_for_collapse_2250_4250_1250,2250,1250,0,2500,53132500,15941251,1250,119000000,22500000,15940000,5312500,10627500,5312500,0,0,0,5315000,8940910,8.9409
swap_distribute_parallel_for_collapse_2250_4250_1750,2250,1750,0,3500,74385500,22317751,1750,136000000,31500000,22316000,7437500,14878500,7437500,0,0,0,7441000,12474027,12.4740
swap_distribute_parallel_for_collapse_2250_4250_2250,2250,2250,0,4500,95638500,28694251,2250,153000000,40500000,28692000,9562500,19129500,9562500,0,0,0,9567000,16029694,16.0297
swap_distribute_parallel_for_collapse_2250_4250_2750,2250,2750,0,5500,116891500,35070751,2750,170000000,49500000,35068000,11687500,23380500,11687500,0,0,0,11693000,19665788,19.6658
swap_distribute_parallel_for_collapse_2250_4250_3250,2250,3250,0,6500,138144500,41447251,3250,187000000,58500000,41444000,13812500,27631500,13812500,0,0,0,13819000,23154826,23.1548
swap_distribute_parallel_for_collapse_2250_4250_3750,2250,3750,0,7500,159397500,47823751,3750,204000000,67500000,47820000,15937500,31882500,15937500,0,0,0,15945000,26713611,26.7136
swap_distribute_parallel_for_collapse_2250_4250_4250,2250,4250,0,8500,180650500,54200251,4250,221000000,76500000,54196000,18062500,36133500,18062500,0,0,0,18071000,30298864,30.2989
swap_distribute_parallel_for_collapse_2350_2150_2150,2350,2150,0,4300,46237900,13873951,2150,77400000,40420000,13871800,4622500,9249300,4622500,0,0,0,4626800,8052696,8.0527
swap_distribute_parallel_for_collapse_2350_2150_2250,2350,2250,0,4500,48388500,14519251,2250,79120000,42300000,14517000,4837500,9679500,4837500,0,0,0,4842000,8471816,8.4718
swap_distribute_parallel_for_collapse_2350_2150_2350,2350,2350,0,4700,50539100,15164551,2350,80840000,44180000,15162200,5052500,10109700,5052500,0,0,0,5057200,8798863,8.7989
swap_distribute_parallel_for_collapse_2350_2150_2450,2350,2450,0,4900,52689700,15809851,2450,82560000,46060000,15807400,5267500,10539900,5267500,0,0,0,5272400,9178720,9.1787
swap_distribute_parallel_for_collapse_2350_2150_2550,2350,2550,0,5100,54840300,16455151,2550,84280000,47940000,16452600,5482500,10970100,5482500,0,0,0,5487600,9551546,9.5515
swap_distribute_parallel_for_collapse_2350_2150_2650,2350,2650,0,5300,56990900,17100451,2650,86000000,49820000,17097800,5697500,11400300,5697500,0,0,0,5702800,9929360,9.9294
swap_distribute_parallel_for_collapse_2350_2150_2750,2350,2750,0,5500,59141500,17745751,2750,87720000,51700000,17743000,5912500,11830500,5912500,0,0,0,5918000,10355554,10.3556
swap_distribute_parallel_for_collapse_2350_2150_2850,2350,2850,0,5700,61292100,18391051,2850,89440000,53580000,18388200,6127500,12260700,6127500,0,0,0,6133200,10681227,10.6812
swap_distribute_parallel_for_collapse_2350_2150_2950,2350,2950,0,5900,63442700,19036351,2950,91160000,55460000,19033400,6342500,12690900,6342500,0,0,0,6348400,11050895,11.0509
swap_distribute_parallel_for_collapse_2350_2250_2150,2350,2150,0,4300,48387900,14518951,2150,81000000,40420000,14516800,4837500,9679300,4837500,0,0,0,4841800,8459672,8.4597
swap_distribute_parallel_for_collapse_2350_2250_2250,2350,2250,0,4500,50638500,15194251,2250,82800000,42300000,15192000,5062500,10129500,5062500,0,0,0,5067000,8893702,8.8937
swap_distribute_parallel_for_collapse_2350_2250_2350,2350,2350,0,4700,52889100,15869551,2350,84600000,44180000,15867200,5287500,10579700,5287500,0,0,0,5292200,9259245,9.2592
swap_distribute_parallel_for_collapse_2350_2250_2450,2350,2450,0,4900,55139700,16544851,2450,86400000,46060000,16542400,5512500,11029900,5512500,0,0,0,5517400,9638643,9.6386
swap_distribute_parallel_for_collapse_2350_2250_2550,2350,2550,0,5100,57390300,17220151,2550,88200000,47940000,17217600,5737500,11480100,5737500,0,0,0,5742600,10050815,10.0508
swap_distribute_parallel_for_collapse_2350_2250_2650,2350,2650,0,5300,59640900,17895451,2650,90000000,49820000,17892800,5962500,11930300,5962500,0,0,0,5967800,10433888,10.4339
swap_distribute_parallel_for_collapse_2350_2250_2750,2350,2750,0,5500,61891500,18570751,2750,91800000,51700000,18568000,6187500,12380500,6187500,0,0,0,6193000,10848081,10.8481
swap_distribute_parallel_for_collapse_2350_2250_2850,2350,2850,0,5700,64142100,19246051,2850,93600000,53580000,19243200,6412500,12830700,6412500,0,0,0,6418200,11214819,11.2148
swap_distribute_parallel_for_collapse_2350_2250_2950,2350,2950,0,5900,66392700,19921351,2950,95400000,55460000,19918400,6637500,13280900,6637500,0,0,0,6643400,11601059,11.6011
swap_distribute_parallel_for_collapse_2350_2350_2150,2350,2150,0,4300,50537900,15163951,2150,84600000,40420000,15161800,5052500,10109300,5052500,0,0,0,5056800,8815849,8.8158
swap_distribute_parallel_for_collapse_2350_2350_2250,2350,2250,0,4500,52888500,15869251,2250,86480000,42300000,15867000,5287500,10579500,5287500,0,0,0,5292000,9236103,9.2361
swap_distribute_parallel_for_collapse_2350_2350_2350,2350,2350,0,4700,55239100,16574551,2350,88360000,44180000,16572200,5522500,11049700,5522500,0,0,0,5527200,9633972,9.6340
swap_distribute_parallel_for_collapse_2350_2350_2450,2350,2450,0,4900,57589700,17279851,2450,90240000,46060000,17277400,5757500,11519900,5757500,0,0,0,5762400,10043265,10.0433
swap_distribute_parallel_for_collapse_2350_2350_2550,2350,2550,0,5100,59940300,17985151,2550,92120000,47940000,17982600,5992500,11990100,5992500,0,0,0,5997600,10455074,10.4551
swap_distribute_parallel_for_collapse_2350_2350_2650,2350,2650,0,5300,62290900,18690451,2650,94000000,49820000,18687800,6227500,12460300,6227500,0,0,0,6232800,10862503,10.8625
swap_distribute_parallel_for_collapse_2350_2350_2750,2350,2750,0,5500,64641500,19395751,2750,95880000,51700000,19393000,6462500,12930500,6462500,0,0,0,6468000,11298339,11.2983
swap_distribute_parallel_for_collapse_2350_2350_2850,2350,2850,0,5700,66992100,20101051,2850,97760000,53580000,20098200,6697500,13400700,6697500,0,0,0,6703200,11683167,11.6832
swap_distribute_parallel_for_collapse_2350_2350_2950,2350,2950,0,5900,69342700,20806351,2950,99640000,55460000,20803400,6932500,13870900,6932500,0,0,0,6938400,12145837,12.1458
swap_distribute_parallel_for_collapse_2350_2450_2150,2350,2150,0,4300,52687900,15808951,2150,88200000,40420000,15806800,5267500,10539300,5267500,0,0,0,5271800,9242093,9.2421
swap_distribute_parallel_for_collapse_2350_2450_2250,2350,2250,0,4500,55138500,16544251,2250,90160000,42300000,16542000,5512500,11029500,5512500,0,0,0,5517000,9650353,9.6504
swap_distribute_parallel_for_collapse_2350_2450_2350,2350,2350,0,4700,57589100,17279551,2350,92120000,44180000,17277200,5757500,11519700,5757500,0,0,0,5762200,10119837,10.1198
swap_distribute_parallel_for_collapse_2350_2450_2450,2350,2450,0,4900,60039700,18014851,2450,94080000,46060000,18012400,6002500,12009900,6002500,0,0,0,6007400,10474729,10.4747
swap_distribute_parallel_for_collapse_2350_2450_2550,2350,2550,0,5100,62490300,18750151,2550,96040000,47940000,18747600,6247500,12500100,6247500,0,0,0,6252600,10900192,10.9002
swap_distribute_parallel_for_collapse_2350_2450_2650,2350,2650,0,5300,64940900,19485451,2650,98000000,49820000,19482800,6492500,12990300,6492500,0,0,0,6497800,11327060,11.3271
swap_distribute_parallel_for_collapse_2350_2450_2750,2350,2750,0,5500,67391500,20220751,2750,99960000,51700000,20218000,6737500,13480500,6737500,0,0,0,6743000,11756702,11.7567
swap_distribute_parallel_for_collapse_2350_2450_2850,2350,2850,0,5700,69842100,20956051,2850,101920000,53580000,20953200,6982500,13970700,6982500,0,0,0,6988200,12184972,12.1850
swap_distribute_parallel_for_collapse_2350_2450_2950,2350,2950,0,5900,72292700,21691351,2950,103880000,55460000,21688400,7227500,14460900,7227500,0,0,0,7233400,12657742,12.6577
swap_distribute_parallel_for_collapse_2350_2550_2150,2350,2150,0,4300,54837900,16453951,2150,91800000,40420000,16451800,5482500,10969300,5482500,0,0,0,5486800,9584020,9.5840
swap_distribute_parallel_for_collapse_2350_2550_2250,2350,2250,0,4500,57388500,17219251,2250,93840000,42300000,17217000,5737500,11479500,5737500,0,0,0,5742000,10022330,10.0223
swap_distribute_parallel_for_collapse_2350_2550_2350,2350,2350,0,4700,59939100,17984551,2350,95880000,44180000,17982200,5992500,11989700,5992500,0,0,0,5997200,10524700,10.5247
swap_distribute_parallel_for_collapse_2350_2550_2450,2350,2450,0,4900,62489700,18749851,2450,97920000,46060000,18747400,6247500,12499900,6247500,0,0,0,6252400,10913785,10.9138
swap_distribute_parallel_for_collapse_2350_2550_2550,2350,2550,0,5100,65040300,19515151,2550,99960000,47940000,19512600,6502500,13010100,6502500,0,0,0,6507600,11386027,11.3860
swap_distribute_parallel_for_collapse_2350_2550_2650,2350,2650,0,5300,67590900,20280451,2650,102000000,49820000,20277800,6757500,13520300,6757500,0,0,0,6762800,11822809,11.8228
swap_distribute_parallel_for_collapse_2350_2550_2750,2350,2750,0,5500,70141500,21045751,2750,104040000,51700000,21043000,7012500,14030500,7012500,0,0,0,7018000,12338386,12.3384
swap_distribute_parallel_for_collapse_2350_2550_2850,2350,2850,0,5700,72692100,21811051,2850,106080000,53580000,21808200,7267500,14540700,7267500,0,0,0,7273200,12713508,12.7135
swap_distribute_parallel_for_collapse_2350_2550_2950,2350,2950,0,5900,75242700,22576351,2950,108120000,55460000,22573400,7522500,15050900,7522500,0,0,0,7528400,13216462,13.2165
swap_distribute_parallel_for_collapse_2350_2650_2150,2350,2150,0,4300,56987900,17098951,2150,95400000,40420000,17096800,5697500,11399300,5697500,0,0,0,5701800,9994782,9.9948
swap_distribute_parallel_for_collapse_2350_2650_2250,2350,2250,0,4500,59638500,17894251,2250,97520000,42300000,17892000,5962500,11929500,5962500,0,0,0,5967000,10416320,10.4163
swap_distribute_parallel_for_collapse_2350_2650_2350,2350,2350,0,4700,62289100,18689551,2350,99640000,44180000,18687200,6227500,12459700,6227500,0,0,0,6232200,10876608,10.8766
swap_distribute_parallel_for_collapse_2350_2650_2450,2350,2450,0,4900,64939700,19484851,2450,101760000,46060000,19482400,6492500,12989900,6492500,0,0,0,6497400,11342073,11.3421
swap_distribute_parallel_for_collapse_2350_2650_2550,2350,2550,0,5100,67590300,20280151,2550,103880000,47940000,20277600,6757500,13520100,6757500,0,0,0,6762600,11819466,11.8195
swap_distribute_parallel_for_collapse_2350_2650_2650,2350,2650,0,5300,70240900,21075451,2650,106000000,49820000,21072800,7022500,14050300,7022500,0,0,0,7027800,12267159,12.2672
swap_distribute_parallel_for_collapse_2350_2650_2750,2350,2750,0,5500,72891500,21870751,2750,108120000,51700000,21868000,7287500,14580500,7287500,0,0,0,7293000,12731571,12.7316
swap_distribute_parallel_for_collapse_2350_2650_2850,2350,2850,0,5700,75542100,22666051,2850,110240000,53580000,22663200,7552500,15110700,7552500,0,0,0,7558200,13189997,13.1900
swap_distribute_parallel_for_collapse_2350_2650_2950,2350,2950,0,5900,78192700,23461351,2950,112360000,55460000,23458400,7817500,15640900,7817500,0,0,0,7823400,13757392,13.7574
swap_distribute_parallel_for_collapse_2350_2750_2150,2350,2150,0,4300,59137900,17743951,2150,99000000,40420000,17741800,5912500,11829300,5912500,0,0,0,5916800,10359898,10.3599
swap_distribute_parallel_for_collapse_2350_2750_2250,2350,2250,0,4500,61888500,18569251,2250,101200000,42300000,18567000,6187500,12379500,6187500,0,0,0,6192000,10858434,10.8584
swap_distribute_parallel_for_collapse_2350_2750_2350,2350,2350,0,4700,64639100,19394551,2350,103400000,44180000,19392200,6462500,12929700,6462500,0,0,0,6467200,11318053,11.3181
swap_distribute_parallel_for_collapse_2350_2750_2450,2350,2450,0,4900,67389700,20219851,2450,105600000,46060000,20217400,6737500,13479900,6737500,0,0,0,6742400,11809066,11.8091
swap_distribute_parallel_for_collapse_2350_2750_2550,2350,2550,0,5100,70140300,21045151,2550,107800000,47940000,21042600,7012500,14030100,7012500,0,0,0,7017600,12284869,12.2849
swap_distribute_parallel_for_collapse_2350_2750_2650,2350,2650,0,5300,72890900,21870451,2650,110000000,49820000,21867800,7287500,14580300,7287500,0,0,0,7292800,12844899,12.8449
swap_distribute_parallel_for_collapse_2350_2750_2750,2350,2750,0,5500,75641500,22695751,2750,112200000,51700000,22693000,7562500,15130500,7562500,0,0,0,7568000,13244343,13.2443
swap_distribute_parallel_for_collapse_2350_2750_2850,2350,2850,0,5700,78392100,23521051,2850,114400000,53580000,23518200,7837500,15680700,7837500,0,0,0,7843200,13815696,13.8157
swap_distribute_parallel_for_collapse_2350_2750_2950,2350,2950,0,5900,81142700,24346351,2950,116600000,55460000,24343400,8112500,16230900,8112500,0,0,0,8118400,14221951,14.2220
swap_distribute_parallel_for_collapse_2350_2850_2150,2350,2150,0,4300,61287900,18388951,2150,102600000,40420000,18386800,6127500,12259300,6127500,0,0,0,6131800,10716842,10.7168
swap_distribute_parallel_for_collapse_2350_2850_2250,2350,2250,0,4500,64138500,19244251,2250,104880000,42300000,19242000,6412500,12829500,6412500,0,0,0,6417000,11210725,11.2107
swap_distribute_parallel_for_collapse_2350_2850_2350,2350,2350,0,4700,66989100,20099551,2350,107160000,44180000,20097200,6697500,13399700,6697500,0,0,0,6702200,11722786,11.7228
swap_distribute_parallel_for_collapse_2350_2850_2450,2350,2450,0,4900,69839700,20954851,2450,109440000,46060000,20952400,6982500,13969900,6982500,0,0,0,6987400,12232046,12.2320
swap_distribute_parallel_for_collapse_2350_2850_2550,2350,2550,0,5100,72690300,21810151,2550,111720000,47940000,21807600,7267500,14540100,7267500,0,0,0,7272600,12727721,12.7277
swap_distribute_parallel_for_collapse_2350_2850_2650,2350,2650,0,5300,75540900,22665451,2650,114000000,49820000,22662800,7552500,15110300,7552500,0,0,0,7557800,13201035,13.2010
swap_distribute_parallel_for_collapse_2350_2850_2750,2350,2750,0,5500,78391500,23520751,2750,116280000,51700000,23518000,7837500,15680500,7837500,0,0,0,7843000,13698638,13.6986
swap_distribute_parallel_for_collapse_2350_2850_2850,2350,2850,0,5700,81242100,24376051,2850,118560000,53580000,24373200,8122500,16250700,8122500,0,0,0,8128200,14198364,14.1984
swap_distribute_parallel_for_collapse_2350_2850_2950,2350,2950,0,5900,84092700,25231351,2950,120840000,55460000,25228400,8407500,16820900,8407500,0,0,0,8413400,14791731,14.7917
swap_distribute_parallel_for_collapse_2350_2950_2150,2350,2150,0,4300,63437900,19033951,2150,106200000,40420000,19031800,6342500,12689300,6342500,0,0,0,6346800,11124807,11.1248
swap_distribute_parallel_for_collapse_2350_2950_2250,2350,2250,0,4500,66388500,19919251,2250,108560000,42300000,19917000,6637500,13279500,6637500,0,0,0,6642000,11624135,11.6241
swap_distribute_parallel_for_collapse_2350_2950_2350,2350,2350,0,4700,69339100,20804551,2350,110920000,44180000,20802200,6932500,13869700,6932500,0,0,0,6937200,12148476,12.1485
swap_distribute_parallel_for_collapse_2350_2950_2450,2350,2450,0,4900,72289700,21689851,2450,113280000,46060000,21687400,7227500,14459900,7227500,0,0,0,7232400,12668673,12.6687
swap_distribute_parallel_for_collapse_2350_2950_2550,2350,2550,0,5100,75240300,22575151,2550,115640000,47940000,22572600,7522500,15050100,7522500,0,0,0,7527600,13174261,13.1743
swap_distribute_parallel_for_collapse_2350_2950_2650,2350,2650,0,5300,78190900,23460451,2650,118000000,49820000,23457800,7817500,15640300,7817500,0,0,0,7822800,13695297,13.6953
swap_distribute_parallel_for_collapse_2350_2950_2750,2350,2750,0,5500,81141500,24345751,2750,120360000,51700000,24343000,8112500,16230500,8112500,0,0,0,8118000,14295812,14.2958
swap_distribute_parallel_for_collapse_2350_2950_2850,2350,2850,0,5700,84092100,25231051,2850,122720000,53580000,25228200,8407500,16820700,8407500,0,0,0,8413200,14764702,14.7647
swap_distribute_parallel_for_collapse_2350_2950_2950,2350,2950,0,5900,87042700,26116351,2950,125080000,55460000,26113400,8702500,17410900,8702500,0,0,0,8708400,15312970,15.3130
swap_distribute_parallel_for_collapse_2400_1400_1400,2400,1400,0,2800,19608400,5884201,1400,42560000,26880000,5882800,1960000,3922800,1960000,0,0,0,1962800,3492142,3.4921
swap_distribute_parallel_for_collapse_2400_1400_1900,2400,1900,0,3800,26611400,7985701,1900,48160000,36480000,7983800,2660000,5323800,2660000,0,0,0,2663800,4739980,4.7400
swap_distribute_parallel_for_collapse_2400_1400_2400,2400,2400,0,4800,33614400,10087201,2400,53760000,46080000,10084800,3360000,6724800,3360000,0,0,0,3364800,5967507,5.9675
swap_distribute_parallel_for_collapse_2400_1400_2900,2400,2900,0,5800,40617400,12188701,2900,59360000,55680000,12185800,4060000,8125800,4060000,0,0,0,4065800,7240860,7.2409
swap_distribute_parallel_for_collapse_2400_1400_3400,2400,3400,0,6800,47620400,14290201,3400,64960000,65280000,14286800,4760000,9526800,4760000,0,0,0,4766800,8440733,8.4407
swap_distribute_parallel_for_collapse_2400_1400_3900,2400,3900,0,7800,54623400,16391701,3900,70560000,74880000,16387800,5460000,10927800,5460000,0,0,0,5467800,9680907,9.6809
swap_distribute_parallel_for_collapse_2400_1400_900,2400,900,0,1800,12605400,3782701,900,36960000,17280000,3781800,1260000,2521800,1260000,0,0,0,1261800,2230701,2.2307
swap_distribute_parallel_for_collapse_2400_1900_1400,2400,1400,0,2800,26608400,7984201,1400,57760000,26880000,7982800,2660000,5322800,2660000,0,0,0,2662800,4727207,4.7272
swap_distribute_parallel_for_collapse_2400_1900_1900,2400,1900,0,3800,36111400,10835701,1900,65360000,36480000,10833800,3610000,7223800,3610000,0,0,0,3613800,6425145,6.4251
swap_distribute_parallel_for_collapse_2400_1900_2400,2400,2400,0,4800,45614400,13687201,2400,72960000,46080000,13684800,4560000,9124800,4560000,0,0,0,4564800,8213880,8.2139
swap_distribute_parallel_for_collapse_2400_1900_2900,2400,2900,0,5800,55117400,16538701,2900,80560000,55680000,16535800,5510000,11025800,5510000,0,0,0,5515800,9796964,9.7970
swap_distribute_parallel_for_collapse_2400_1900_3400,2400,3400,0,6800,64620400,19390201,3400,88160000,65280000,19386800,6460000,12926800,6460000,0,0,0,6466800,11485477,11.4855
swap_distribute_parallel_for_collapse_2400_1900_3900,2400,3900,0,7800,74123400,22241701,3900,95760000,74880000,22237800,7410000,14827800,7410000,0,0,0,7417800,13176683,13.1767
swap_distribute_parallel_for_collapse_2400_1900_900,2400,900,0,1800,17105400,5132701,900,50160000,17280000,5131800,1710000,3421800,1710000,0,0,0,1711800,3075199,3.0752
swap_distribute_parallel_for_collapse_2400_2400_1400,2400,1400,0,2800,33608400,10084201,1400,72960000,26880000,10082800,3360000,6722800,3360000,0,0,0,3362800,5990073,5.9901
swap_distribute_parallel_for_collapse_2400_2400_1900,2400,1900,0,3800,45611400,13685701,1900,82560000,36480000,13683800,4560000,9123800,4560000,0,0,0,4563800,8132828,8.1328
swap_distribute_parallel_for_collapse_2400_2400_2400,2400,2400,0,4800,57614400,17287201,2400,92160000,46080000,17284800,5760000,11524800,5760000,0,0,0,5764800,10294060,10.2941
swap_distribute_parallel_for_collapse_2400_2400_2900,2400,2900,0,5800,69617400,20888701,2900,101760000,55680000,20885800,6960000,13925800,6960000,0,0,0,6965800,12415401,12.4154
swap_distribute_parallel_for_collapse_2400_2400_3400,2400,3400,0,6800,81620400,24490201,3400,111360000,65280000,24486800,8160000,16326800,8160000,0,0,0,8166800,14627059,14.6271
swap_distribute_parallel_for_collapse_2400_2400_3900,2400,3900,0,7800,93623400,28091701,3900,120960000,74880000,28087800,9360000,18727800,9360000,0,0,0,9367800,16710123,16.7101
swap_distribute_parallel_for_collapse_2400_2400_900,2400,900,0,1800,21605400,6482701,900,63360000,17280000,6481800,2160000,4321800,2160000,0,0,0,2161800,3851067,3.8511
swap_distribute_parallel_for_collapse_2400_2900_1400,2400,1400,0,2800,40608400,12184201,1400,88160000,26880000,12182800,4060000,8122800,4060000,0,0,0,4062800,7259095,7.2591
swap_distribute_parallel_for_collapse_2400_2900_1900,2400,1900,0,3800,55111400,16535701,1900,99760000,36480000,16533800,5510000,11023800,5510000,0,0,0,5513800,9883379,9.8834
swap_distribute_parallel_for_collapse_2400_2900_2400,2400,2400,0,4800,69614400,20887201,2400,111360000,46080000,20884800,6960000,13924800,6960000,0,0,0,6964800,12538906,12.5389
swap_distribute_parallel_for_collapse_2400_2900_2900,2400,2900,0,5800,84117400,25238701,2900,122960000,55680000,25235800,8410000,16825800,8410000,0,0,0,8415800,15058282,15.0583
swap_distribute_parallel_for_collapse_2400_2900_3400,2400,3400,0,6800,98620400,29590201,3400,134560000,65280000,29586800,9860000,19726800,9860000,0,0,0,9866800,17643657,17.6437
swap_distribute_parallel_for_collapse_2400_2900_3900,2400,3900,0,7800,113123400,33941701,3900,146160000,74880000,33937800,11310000,22627800,11310000,0,0,0,11317800,20263690,20.2637
swap_distribute_parallel_for_collapse_2400_2900_900,2400,900,0,1800,26105400,7832701,900,76560000,17280000,7831800,2610000,5221800,2610000,0,0,0,2611800,4663761,4.6638
swap_distribute_parallel_for_collapse_2400_3400_1400,2400,1400,0,2800,47608400,14284201,1400,103360000,26880000,14282800,4760000,9522800,4760000,0,0,0,4762800,8572751,8.5728
swap_distribute_parallel_for_collapse_2400_3400_1900,2400,1900,0,3800,64611400,19385701,1900,116960000,36480000,19383800,6460000,12923800,6460000,0,0,0,6463800,11637483,11.6375
swap_distribute_parallel_for_collapse_2400_3400_2400,2400,2400,0,4800,81614400,24487201,2400,130560000,46080000,24484800,8160000,16324800,8160000,0,0,0,8164800,14721688,14.7217
swap_distribute_parallel_for_collapse_2400_3400_2900,2400,2900,0,5800,98617400,29588701,2900,144160000,55680000,29585800,9860000,19725800,9860000,0,0,0,9865800,17753595,17.7536
swap_distribute_parallel_for_collapse_2400_3400_3400,2400,3400,0,6800,115620400,34690201,3400,157760000,65280000,34686800,11560000,23126800,11560000,0,0,0,11566800,20838706,20.8387
swap_distribute_parallel_for_collapse_2400_3400_3900,2400,3900,0,7800,132623400,39791701,3900,171360000,74880000,39787800,13260000,26527800,13260000,0,0,0,13267800,23949868,23.9499
swap_distribute_parallel_for_collapse_2400_3400_900,2400,900,0,1800,30605400,9182701,900,89760000,17280000,9181800,3060000,6121800,3060000,0,0,0,3061800,5507145,5.5071
swap_distribute_parallel_for_collapse_2400_3900_1400,2400,1400,0,2800,54608400,16384201,1400,118560000,26880000,16382800,5460000,10922800,5460000,0,0,0,5462800,9778194,9.7782
swap_distribute_parallel_for_collapse_2400_3900_1900,2400,1900,0,3800,74111400,22235701,1900,134160000,36480000,22233800,7410000,14823800,7410000,0,0,0,7413800,13319948,13.3199
swap_distribute_parallel_for_collapse_2400_3900_2400,2400,2400,0,4800,93614400,28087201,2400,149760000,46080000,28084800,9360000,18724800,9360000,0,0,0,9364800,16749145,16.7491
swap_distribute_parallel_for_collapse_2400_3900_2900,2400,2900,0,5800,113117400,33938701,2900,165360000,55680000,33935800,11310000,22625800,11310000,0,0,0,11315800,20284915,20.2849
swap_distribute_parallel_for_collapse_2400_3900_3400,2400,3400,0,6800,132620400,39790201,3400,180960000,65280000,39786800,13260000,26526800,13260000,0,0,0,13266800,23724317,23.7243
swap_distribute_parallel_for_collapse_2400_3900_3900,2400,3900,0,7800,152123400,45641701,3900,196560000,74880000,45637800,15210000,30427800,15210000,0,0,0,15217800,27216667,27.2167
swap_distribute_parallel_for_collapse_2400_3900_900,2400,900,0,1800,35105400,10532701,900,102960000,17280000,10531800,3510000,7021800,3510000,0,0,0,3511800,6290030,6.2900
swap_distribute_parallel_for_collapse_2400_900_1400,2400,1400,0,2800,12608400,3784201,1400,27360000,26880000,3782800,1260000,2522800,1260000,0,0,0,1262800,2233794,2.2338
swap_distribute_parallel_for_collapse_2400_900_1900,2400,1900,0,3800,17111400,5135701,1900,30960000,36480000,5133800,1710000,3423800,1710000,0,0,0,1713800,3016532,3.0165
swap_distribute_parallel_for_collapse_2400_900_2400,2400,2400,0,4800,21614400,6487201,2400,34560000,46080000,6484800,2160000,4324800,2160000,0,0,0,2164800,3811187,3.8112
swap_distribute_parallel_for_collapse_2400_900_2900,2400,2900,0,5800,26117400,7838701,2900,38160000,55680000,7835800,2610000,5225800,2610000,0,0,0,2615800,4606251,4.6063
swap_distribute_parallel_for_collapse_2400_900_3400,2400,3400,0,6800,30620400,9190201,3400,41760000,65280000,9186800,3060000,6126800,3060000,0,0,0,3066800,5403042,5.4030
swap_distribute_parallel_for_collapse_2400_900_3900,2400,3900,0,7800,35123400,10541701,3900,45360000,74880000,10537800,3510000,7027800,3510000,0,0,0,3517800,6197781,6.1978
swap_distribute_parallel_for_collapse_2400_900_900,2400,900,0,1800,8105400,2432701,900,23760000,17280000,2431800,810000,1621800,810000,0,0,0,811800,1427603,1.4276
swap_distribute_parallel_for_collapse_2450_2150_2150,2450,2150,0,4300,46237900,13873951,2150,79120000,42140000,13871800,4622500,9249300,4622500,0,0,0,4626800,8398765,8.3988
swap_distribute_parallel_for_collapse_2450_2150_2250,2450,2250,0,4500,48388500,14519251,2250,80840000,44100000,14517000,4837500,9679500,4837500,0,0,0,4842000,8795115,8.7951
swap_distribute_parallel_for_collapse_2450_2150_2350,2450,2350,0,4700,50539100,15164551,2350,82560000,46060000,15162200,5052500,10109700,5052500,0,0,0,5057200,9197762,9.1978
swap_distribute_parallel_for_collapse_2450_2150_2450,2450,2450,0,4900,52689700,15809851,2450,84280000,48020000,15807400,5267500,10539900,5267500,0,0,0,5272400,9570177,9.5702
swap_distribute_parallel_for_collapse_2450_2150_2550,2450,2550,0,5100,54840300,16455151,2550,86000000,49980000,16452600,5482500,10970100,5482500,0,0,0,5487600,9990932,9.9909
swap_distribute_parallel_for_collapse_2450_2150_2650,2450,2650,0,5300,56990900,17100451,2650,87720000,51940000,17097800,5697500,11400300,5697500,0,0,0,5702800,10357572,10.3576
swap_distribute_parallel_for_collapse_2450_2150_2750,2450,2750,0,5500,59141500,17745751,2750,89440000,53900000,17743000,5912500,11830500,5912500,0,0,0,5918000,10747535,10.7475
swap_distribute_parallel_for_collapse_2450_2150_2950,2450,2950,0,5900,63442700,19036351,2950,92880000,57820000,19033400,6342500,12690900,6342500,0,0,0,6348400,11552494,11.5525
swap_distribute_parallel_for_collapse_2450_2250_2150,2450,2150,0,4300,48387900,14518951,2150,82800000,42140000,14516800,4837500,9679300,4837500,0,0,0,4841800,8834771,8.8348
swap_distribute_parallel_for_collapse_2450_2250_2250,2450,2250,0,4500,50638500,15194251,2250,84600000,44100000,15192000,5062500,10129500,5062500,0,0,0,5067000,9243021,9.2430
swap_distribute_parallel_for_collapse_2450_2250_2350,2450,2350,0,4700,52889100,15869551,2350,86400000,46060000,15867200,5287500,10579700,5287500,0,0,0,5292200,9636258,9.6363
swap_distribute_parallel_for_collapse_2450_2250_2450,2450,2450,0,4900,55139700,16544851,2450,88200000,48020000,16542400,5512500,11029900,5512500,0,0,0,5517400,10059305,10.0593
swap_distribute_parallel_for_collapse_2450_2250_2550,2450,2550,0,5100,57390300,17220151,2550,90000000,49980000,17217600,5737500,11480100,5737500,0,0,0,5742600,10461394,10.4614
swap_distribute_parallel_for_collapse_2450_2250_2650,2450,2650,0,5300,59640900,17895451,2650,91800000,51940000,17892800,5962500,11930300,5962500,0,0,0,5967800,10865619,10.8656
swap_distribute_parallel_for_collapse_2450_2250_2750,2450,2750,0,5500,61891500,18570751,2750,93600000,53900000,18568000,6187500,12380500,6187500,0,0,0,6193000,11283251,11.2833
swap_distribute_parallel_for_collapse_2450_2250_2850,2450,2850,0,5700,64142100,19246051,2850,95400000,55860000,19243200,6412500,12830700,6412500,0,0,0,6418200,11690862,11.6909
swap_distribute_parallel_for_collapse_2450_2250_2950,2450,2950,0,5900,66392700,19921351,2950,97200000,57820000,19918400,6637500,13280900,6637500,0,0,0,6643400,12154423,12.1544
swap_distribute_parallel_for_collapse_2450_2350_2150,2450,2150,0,4300,50537900,15163951,2150,86480000,42140000,15161800,5052500,10109300,5052500,0,0,0,5056800,9188564,9.1886
swap_distribute_parallel_for_collapse_2450_2350_2250,2450,2250,0,4500,52888500,15869251,2250,88360000,44100000,15867000,5287500,10579500,5287500,0,0,0,5292000,9624015,9.6240
swap_distribute_parallel_for_collapse_2450_2350_2350,2450,2350,0,4700,55239100,16574551,2350,90240000,46060000,16572200,5522500,11049700,5522500,0,0,0,5527200,10058730,10.0587
swap_distribute_parallel_for_collapse_2450_2350_2450,2450,2450,0,4900,57589700,17279851,2450,92120000,48020000,17277400,5757500,11519900,5757500,0,0,0,5762400,10475844,10.4758
swap_distribute_parallel_for_collapse_2450_2350_2550,2450,2550,0,5100,59940300,17985151,2550,94000000,49980000,17982600,5992500,11990100,5992500,0,0,0,5997600,10905564,10.9056
swap_distribute_parallel_for_collapse_2450_2350_2650,2450,2650,0,5300,62290900,18690451,2650,95880000,51940000,18687800,6227500,12460300,6227500,0,0,0,6232800,11334913,11.3349
swap_distribute_parallel_for_collapse_2450_2350_2750,2450,2750,0,5500,64641500,19395751,2750,97760000,53900000,19393000,6462500,12930500,6462500,0,0,0,6468000,11762999,11.7630
swap_distribute_parallel_for_collapse_2450_2350_2850,2450,2850,0,5700,66992100,20101051,2850,99640000,55860000,20098200,6697500,13400700,6697500,0,0,0,6703200,12196874,12.1969
swap_distribute_parallel_for_collapse_2450_2350_2950,2450,2950,0,5900,69342700,20806351,2950,101520000,57820000,20803400,6932500,13870900,6932500,0,0,0,6938400,12627266,12.6273
swap_distribute_parallel_for_collapse_2450_2450_2150,2450,2150,0,4300,52687900,15808951,2150,90160000,42140000,15806800,5267500,10539300,5267500,0,0,0,5271800,9586034,9.5860
swap_distribute_parallel_for_collapse_2450_2450_2250,2450,2250,0,4500,55138500,16544251,2250,92120000,44100000,16542000,5512500,11029500,5512500,0,0,0,5517000,10032398,10.0324
swap_distribute_parallel_for_collapse_2450_2450_2350,2450,2350,0,4700,57589100,17279551,2350,94080000,46060000,17277200,5757500,11519700,5757500,0,0,0,5762200,10479456,10.4795
swap_distribute_parallel_for_collapse_2450_2450_2450,2450,2450,0,4900,60039700,18014851,2450,96040000,48020000,18012400,6002500,12009900,6002500,0,0,0,6007400,10928941,10.9289
swap_distribute_parallel_for_collapse_2450_2450_2550,2450,2550,0,5100,62490300,18750151,2550,98000000,49980000,18747600,6247500,12500100,6247500,0,0,0,6252600,11371997,11.3720
swap_distribute_parallel_for_collapse_2450_2450_2650,2450,2650,0,5300,64940900,19485451,2650,99960000,51940000,19482800,6492500,12990300,6492500,0,0,0,6497800,11820767,11.8208
swap_distribute_parallel_for_collapse_2450_2450_2750,2450,2750,0,5500,67391500,20220751,2750,101920000,53900000,20218000,6737500,13480500,6737500,0,0,0,6743000,12286389,12.2864
swap_distribute_parallel_for_collapse_2450_2450_2850,2450,2850,0,5700,69842100,20956051,2850,103880000,55860000,20953200,6982500,13970700,6982500,0,0,0,6988200,12708641,12.7086
swap_distribute_parallel_for_collapse_2450_2450_2950,2450,2950,0,5900,72292700,21691351,2950,105840000,57820000,21688400,7227500,14460900,7227500,0,0,0,7233400,13162504,13.1625
swap_distribute_parallel_for_collapse_2450_2550_2150,2450,2150,0,4300,54837900,16453951,2150,93840000,42140000,16451800,5482500,10969300,5482500,0,0,0,5486800,9988447,9.9884
swap_distribute_parallel_for_collapse_2450_2550_2250,2450,2250,0,4500,57388500,17219251,2250,95880000,44100000,17217000,5737500,11479500,5737500,0,0,0,5742000,10465833,10.4658
swap_distribute_parallel_for_collapse_2450_2550_2350,2450,2350,0,4700,59939100,17984551,2350,97920000,46060000,17982200,5992500,11989700,5992500,0,0,0,5997200,10921465,10.9215
swap_distribute_parallel_for_collapse_2450_2550_2450,2450,2450,0,4900,62489700,18749851,2450,99960000,48020000,18747400,6247500,12499900,6247500,0,0,0,6252400,11392193,11.3922
swap_distribute_parallel_for_collapse_2450_2550_2550,2450,2550,0,5100,65040300,19515151,2550,102000000,49980000,19512600,6502500,13010100,6502500,0,0,0,6507600,11883429,11.8834
swap_distribute_parallel_for_collapse_2450_2550_2650,2450,2650,0,5300,67590900,20280451,2650,104040000,51940000,20277800,6757500,13520300,6757500,0,0,0,6762800,12371868,12.3719
swap_distribute_parallel_for_collapse_2450_2550_2750,2450,2750,0,5500,70141500,21045751,2750,106080000,53900000,21043000,7012500,14030500,7012500,0,0,0,7018000,12778430,12.7784
swap_distribute_parallel_for_collapse_2450_2550_2850,2450,2850,0,5700,72692100,21811051,2850,108120000,55860000,21808200,7267500,14540700,7267500,0,0,0,7273200,13242509,13.2425
swap_distribute_parallel_for_collapse_2450_2550_2950,2450,2950,0,5900,75242700,22576351,2950,110160000,57820000,22573400,7522500,15050900,7522500,0,0,0,7528400,13706293,13.7063
swap_distribute_parallel_for_collapse_2450_2650_2150,2450,2150,0,4300,56987900,17098951,2150,97520000,42140000,17096800,5697500,11399300,5697500,0,0,0,5701800,10373960,10.3740
swap_distribute_parallel_for_collapse_2450_2650_2250,2450,2250,0,4500,59638500,17894251,2250,99640000,44100000,17892000,5962500,11929500,5962500,0,0,0,5967000,10858951,10.8590
swap_distribute_parallel_for_collapse_2450_2650_2350,2450,2350,0,4700,62289100,18689551,2350,101760000,46060000,18687200,6227500,12459700,6227500,0,0,0,6232200,11365298,11.3653
swap_distribute_parallel_for_collapse_2450_2650_2450,2450,2450,0,4900,64939700,19484851,2450,103880000,48020000,19482400,6492500,12989900,6492500,0,0,0,6497400,11831012,11.8310
swap_distribute_parallel_for_collapse_2450_2650_2550,2450,2550,0,5100,67590300,20280151,2550,106000000,49980000,20277600,6757500,13520100,6757500,0,0,0,6762600,12332320,12.3323
swap_distribute_parallel_for_collapse_2450_2650_2650,2450,2650,0,5300,70240900,21075451,2650,108120000,51940000,21072800,7022500,14050300,7022500,0,0,0,7027800,12790312,12.7903
swap_distribute_parallel_for_collapse_2450_2650_2750,2450,2750,0,5500,72891500,21870751,2750,110240000,53900000,21868000,7287500,14580500,7287500,0,0,0,7293000,13281671,13.2817
swap_distribute_parallel_for_collapse_2450_2650_2850,2450,2850,0,5700,75542100,22666051,2850,112360000,55860000,22663200,7552500,15110700,7552500,0,0,0,7558200,13757259,13.7573
swap_distribute_parallel_for_collapse_2450_2650_2950,2450,2950,0,5900,78192700,23461351,2950,114480000,57820000,23458400,7817500,15640900,7817500,0,0,0,7823400,14236939,14.2369
swap_distribute_parallel_for_collapse_2450_2750_2150,2450,2150,0,4300,59137900,17743951,2150,101200000,42140000,17741800,5912500,11829300,5912500,0,0,0,5916800,10801956,10.8020
swap_distribute_parallel_for_collapse_2450_2750_2250,2450,2250,0,4500,61888500,18569251,2250,103400000,44100000,18567000,6187500,12379500,6187500,0,0,0,6192000,11329954,11.3300
swap_distribute_parallel_for_collapse_2450_2750_2350,2450,2350,0,4700,64639100,19394551,2350,105600000,46060000,19392200,6462500,12929700,6462500,0,0,0,6467200,11813278,11.8133
swap_distribute_parallel_for_collapse_2450_2750_2450,2450,2450,0,4900,67389700,20219851,2450,107800000,48020000,20217400,6737500,13479900,6737500,0,0,0,6742400,12355526,12.3555
swap_distribute_parallel_for_collapse_2450_2750_2550,2450,2550,0,5100,70140300,21045151,2550,110000000,49980000,21042600,7012500,14030100,7012500,0,0,0,7017600,12833818,12.8338
swap_distribute_parallel_for_collapse_2450_2750_2650,2450,2650,0,5300,72890900,21870451,2650,112200000,51940000,21867800,7287500,14580300,7287500,0,0,0,7292800,13314688,13.3147
swap_distribute_parallel_for_collapse_2450_2750_2750,2450,2750,0,5500,75641500,22695751,2750,114400000,53900000,22693000,7562500,15130500,7562500,0,0,0,7568000,13815982,13.8160
swap_distribute_parallel_for_collapse_2450_2750_2850,2450,2850,0,5700,78392100,23521051,2850,116600000,55860000,23518200,7837500,15680700,7837500,0,0,0,7843200,14315911,14.3159
swap_distribute_parallel_for_collapse_2450_2750_2950,2450,2950,0,5900,81142700,24346351,2950,118800000,57820000,24343400,8112500,16230900,8112500,0,0,0,8118400,14819694,14.8197
swap_distribute_parallel_for_collapse_2450_2850_2150,2450,2150,0,4300,61287900,18388951,2150,104880000,42140000,18386800,6127500,12259300,6127500,0,0,0,6131800,11177371,11.1774
swap_distribute_parallel_for_collapse_2450_2850_2250,2450,2250,0,4500,64138500,19244251,2250,107160000,44100000,19242000,6412500,12829500,6412500,0,0,0,6417000,11689814,11.6898
swap_distribute_parallel_for_collapse_2450_2850_2350,2450,2350,0,4700,66989100,20099551,2350,109440000,46060000,20097200,6697500,13399700,6697500,0,0,0,6702200,12226895,12.2269
swap_distribute_parallel_for_collapse_2450_2850_2450,2450,2450,0,4900,69839700,20954851,2450,111720000,48020000,20952400,6982500,13969900,6982500,0,0,0,6987400,12726515,12.7265
swap_distribute_parallel_for_collapse_2450_2850_2550,2450,2550,0,5100,72690300,21810151,2550,114000000,49980000,21807600,7267500,14540100,7267500,0,0,0,7272600,13250896,13.2509
swap_distribute_parallel_for_collapse_2450_2850_2650,2450,2650,0,5300,75540900,22665451,2650,116280000,51940000,22662800,7552500,15110300,7552500,0,0,0,7557800,13764134,13.7641
swap_distribute_parallel_for_collapse_2450_2850_2750,2450,2750,0,5500,78391500,23520751,2750,118560000,53900000,23518000,7837500,15680500,7837500,0,0,0,7843000,14289188,14.2892
swap_distribute_parallel_for_collapse_2450_2850_2850,2450,2850,0,5700,81242100,24376051,2850,120840000,55860000,24373200,8122500,16250700,8122500,0,0,0,8128200,14807886,14.8079
swap_distribute_parallel_for_collapse_2450_2850_2950,2450,2950,0,5900,84092700,25231351,2950,123120000,57820000,25228400,8407500,16820900,8407500,0,0,0,8413400,15396634,15.3966
swap_distribute_parallel_for_collapse_2450_2950_2150,2450,2150,0,4300,63437900,19033951,2150,108560000,42140000,19031800,6342500,12689300,6342500,0,0,0,6346800,11598015,11.5980
swap_distribute_parallel_for_collapse_2450_2950_2250,2450,2250,0,4500,66388500,19919251,2250,110920000,44100000,19917000,6637500,13279500,6637500,0,0,0,6642000,12122861,12.1229
swap_distribute_parallel_for_collapse_2450_2950_2350,2450,2350,0,4700,69339100,20804551,2350,113280000,46060000,20802200,6932500,13869700,6932500,0,0,0,6937200,12656346,12.6563
swap_distribute_parallel_for_collapse_2450_2950_2450,2450,2450,0,4900,72289700,21689851,2450,115640000,48020000,21687400,7227500,14459900,7227500,0,0,0,7232400,13200740,13.2007
swap_distribute_parallel_for_collapse_2450_2950_2550,2450,2550,0,5100,75240300,22575151,2550,118000000,49980000,22572600,7522500,15050100,7522500,0,0,0,7527600,13742686,13.7427
swap_distribute_parallel_for_collapse_2450_2950_2650,2450,2650,0,5300,78190900,23460451,2650,120360000,51940000,23457800,7817500,15640300,7817500,0,0,0,7822800,14276217,14.2762
swap_distribute_parallel_for_collapse_2450_2950_2750,2450,2750,0,5500,81141500,24345751,2750,122720000,53900000,24343000,8112500,16230500,8112500,0,0,0,8118000,14815469,14.8155
swap_distribute_parallel_for_collapse_2500_1000_1000,2500,1000,0,2000,10006000,3003001,1000,28000000,20000000,3002000,1000000,2002000,1000000,0,0,0,1002000,1823407,1.8234
swap_distribute_parallel_for_collapse_2500_1000_1500,2500,1500,0,3000,15009000,4504501,1500,32000000,30000000,4503000,1500000,3003000,1500000,0,0,0,1503000,2741660,2.7417
swap_distribute_parallel_for_collapse_2500_1000_2000,2500,2000,0,4000,20012000,6006001,2000,36000000,40000000,6004000,2000000,4004000,2000000,0,0,0,2004000,3658762,3.6588
swap_distribute_parallel_for_collapse_2500_1000_2500,2500,2500,0,5000,25015000,7507501,2500,40000000,50000000,7505000,2500000,5005000,2500000,0,0,0,2505000,4575657,4.5757
swap_distribute_parallel_for_collapse_2500_1000_3000,2500,3000,0,6000,30018000,9009001,3000,44000000,60000000,9006000,3000000,6006000,3000000,0,0,0,3006000,5487168,5.4872
swap_distribute_parallel_for_collapse_2500_1000_3500,2500,3500,0,7000,35021000,10510501,3500,48000000,70000000,10507000,3500000,7007000,3500000,0,0,0,3507000,6406529,6.4065
swap_distribute_parallel_for_collapse_2500_1000_4000,2500,4000,0,8000,40024000,12012001,4000,52000000,80000000,12008000,4000000,8008000,4000000,0,0,0,4008000,7320085,7.3201
swap_distribute_parallel_for_collapse_2500_1500_1000,2500,1000,0,2000,15006000,4503001,1000,42000000,20000000,4502000,1500000,3002000,1500000,0,0,0,1502000,2781640,2.7816
swap_distribute_parallel_for_collapse_2500_1500_1500,2500,1500,0,3000,22509000,6754501,1500,48000000,30000000,6753000,2250000,4503000,2250000,0,0,0,2253000,4178810,4.1788
swap_distribute_parallel_for_collapse_2500_1500_2000,2500,2000,0,4000,30012000,9006001,2000,54000000,40000000,9004000,3000000,6004000,3000000,0,0,0,3004000,5571365,5.5714
swap_distribute_parallel_for_collapse_2500_1500_2500,2500,2500,0,5000,37515000,11257501,2500,60000000,50000000,11255000,3750000,7505000,3750000,0,0,0,3755000,6966942,6.9669
swap_distribute_parallel_for_collapse_2500_1500_3000,2500,3000,0,6000,45018000,13509001,3000,66000000,60000000,13506000,4500000,9006000,4500000,0,0,0,4506000,8362412,8.3624
swap_distribute_parallel_for_collapse_2500_1500_3500,2500,3500,0,7000,52521000,15760501,3500,72000000,70000000,15757000,5250000,10507000,5250000,0,0,0,5257000,9756822,9.7568
swap_distribute_parallel_for_collapse_2500_1500_4000,2500,4000,0,8000,60024000,18012001,4000,78000000,80000000,18008000,6000000,12008000,6000000,0,0,0,6008000,11149123,11.1491
swap_distribute_parallel_for_collapse_2500_2000_1000,2500,1000,0,2000,20006000,6003001,1000,56000000,20000000,6002000,2000000,4002000,2000000,0,0,0,2002000,3641277,3.6413
swap_distribute_parallel_for_collapse_2500_2000_2000,2500,2000,0,4000,40012000,12006001,2000,72000000,40000000,12004000,4000000,8004000,4000000,0,0,0,4004000,7341916,7.3419
swap_distribute_parallel_for_collapse_2500_2000_2500,2500,2500,0,5000,50015000,15007501,2500,80000000,50000000,15005000,5000000,10005000,5000000,0,0,0,5005000,9142888,9.1429
swap_distribute_parallel_for_collapse_2500_2000_3000,2500,3000,0,6000,60018000,18009001,3000,88000000,60000000,18006000,6000000,12006000,6000000,0,0,0,6006000,10964435,10.9644
swap_distribute_parallel_for_collapse_2500_2000_3500,2500,3500,0,7000,70021000,21010501,3500,96000000,70000000,21007000,7000000,14007000,7000000,0,0,0,7007000,12764614,12.7646
swap_distribute_parallel_for_collapse_2500_2000_4000,2500,4000,0,8000,80024000,24012001,4000,104000000,80000000,24008000,8000000,16008000,8000000,0,0,0,8008000,14593088,14.5931
swap_distribute_parallel_for_collapse_2500_2500_1000,2500,1000,0,2000,25006000,7503001,1000,70000000,20000000,7502000,2500000,5002000,2500000,0,0,0,2502000,4646387,4.6464
swap_distribute_parallel_for_collapse_2500_2500_1500,2500,1500,0,3000,37509000,11254501,1500,80000000,30000000,11253000,3750000,7503000,3750000,0,0,0,3753000,6975413,6.9754
swap_distribute_parallel_for_collapse_2500_2500_2000,2500,2000,0,4000,50012000,15006001,2000,90000000,40000000,15004000,5000000,10004000,5000000,0,0,0,5004000,9298162,9.2982
swap_distribute_parallel_for_collapse_2500_2500_2500,2500,2500,0,5000,62515000,18757501,2500,100000000,50000000,18755000,6250000,12505000,6250000,0,0,0,6255000,11626531,11.6265
swap_distribute_parallel_for_collapse_2500_2500_3000,2500,3000,0,6000,75018000,22509001,3000,110000000,60000000,22506000,7500000,15006000,7500000,0,0,0,7506000,14075778,14.0758
swap_distribute_parallel_for_collapse_2500_2500_3500,2500,3500,0,7000,87521000,26260501,3500,120000000,70000000,26257000,8750000,17507000,8750000,0,0,0,8757000,16277093,16.2771
swap_distribute_parallel_for_collapse_2500_2500_4000,2500,4000,0,8000,100024000,30012001,4000,130000000,80000000,30008000,10000000,20008000,10000000,0,0,0,10008000,18619744,18.6197
swap_distribute_parallel_for_collapse_2500_3000_1000,2500,1000,0,2000,30006000,9003001,1000,84000000,20000000,9002000,3000000,6002000,3000000,0,0,0,3002000,5626907,5.6269
swap_distribute_parallel_for_collapse_2500_3000_1500,2500,1500,0,3000,45009000,13504501,1500,96000000,30000000,13503000,4500000,9003000,4500000,0,0,0,4503000,8443075,8.4431
swap_distribute_parallel_for_collapse_2500_3000_2000,2500,2000,0,4000,60012000,18006001,2000,108000000,40000000,18004000,6000000,12004000,6000000,0,0,0,6004000,11255815,11.2558
swap_distribute_parallel_for_collapse_2500_3000_2500,2500,2500,0,5000,75015000,22507501,2500,120000000,50000000,22505000,7500000,15005000,7500000,0,0,0,7505000,14083864,14.0839
swap_distribute_parallel_for_collapse_2500_3000_3000,2500,3000,0,6000,90018000,27009001,3000,132000000,60000000,27006000,9000000,18006000,9000000,0,0,0,9006000,16955545,16.9555
swap_distribute_parallel_for_collapse_2500_3000_3500,2500,3500,0,7000,105021000,31510501,3500,144000000,70000000,31507000,10500000,21007000,10500000,0,0,0,10507000,19699415,19.6994
swap_distribute_parallel_for_collapse_2500_3000_4000,2500,4000,0,8000,120024000,36012001,4000,156000000,80000000,36008000,12000000,24008000,12000000,0,0,0,12008000,22513559,22.5136
swap_distribute_parallel_for_collapse_2500_3500_1000,2500,1000,0,2000,35006000,10503001,1000,98000000,20000000,10502000,3500000,7002000,3500000,0,0,0,3502000,6528349,6.5283
swap_distribute_parallel_for_collapse_2500_3500_1500,2500,1500,0,3000,52509000,15754501,1500,112000000,30000000,15753000,5250000,10503000,5250000,0,0,0,5253000,9794422,9.7944
swap_distribute_parallel_for_collapse_2500_3500_2000,2500,2000,0,4000,70012000,21006001,2000,126000000,40000000,21004000,7000000,14004000,7000000,0,0,0,7004000,13060116,13.0601
swap_distribute_parallel_for_collapse_2500_3500_2500,2500,2500,0,5000,87515000,26257501,2500,140000000,50000000,26255000,8750000,17505000,8750000,0,0,0,8755000,16361903,16.3619
swap_distribute_parallel_for_collapse_2500_3500_3000,2500,3000,0,6000,105018000,31509001,3000,154000000,60000000,31506000,10500000,21006000,10500000,0,0,0,10506000,19592633,19.5926
swap_distribute_parallel_for_collapse_2500_3500_3500,2500,3500,0,7000,122521000,36760501,3500,168000000,70000000,36757000,12250000,24507000,12250000,0,0,0,12257000,22856016,22.8560
swap_distribute_parallel_for_collapse_2500_3500_4000,2500,4000,0,8000,140024000,42012001,4000,182000000,80000000,42008000,14000000,28008000,14000000,0,0,0,14008000,26136771,26.1368
swap_distribute_parallel_for_collapse_2500_4000_1000,2500,1000,0,2000,40006000,12003001,1000,112000000,20000000,12002000,4000000,8002000,4000000,0,0,0,4002000,7526544,7.5265
swap_distribute_parallel_for_collapse_2500_4000_1500,2500,1500,0,3000,60009000,18004501,1500,128000000,30000000,18003000,6000000,12003000,6000000,0,0,0,6003000,11290191,11.2902
swap_distribute_parallel_for_collapse_2500_4000_2000,2500,2000,0,4000,80012000,24006001,2000,144000000,40000000,24004000,8000000,16004000,8000000,0,0,0,8004000,14956092,14.9561
swap_distribute_parallel_for_collapse_2500_4000_2500,2500,2500,0,5000,100015000,30007501,2500,160000000,50000000,30005000,10000000,20005000,10000000,0,0,0,10005000,18693181,18.6932
swap_distribute_parallel_for_collapse_2500_4000_3000,2500,3000,0,6000,120018000,36009001,3000,176000000,60000000,36006000,12000000,24006000,12000000,0,0,0,12006000,22438006,22.4380
swap_distribute_parallel_for_collapse_2500_4000_3500,2500,3500,0,7000,140021000,42010501,3500,192000000,70000000,42007000,14000000,28007000,14000000,0,0,0,14007000,26176697,26.1767
swap_distribute_parallel_for_collapse_2500_4000_4000,2500,4000,0,8000,160024000,48012001,4000,208000000,80000000,48008000,16000000,32008000,16000000,0,0,0,16008000,29922171,29.9222
swap_distribute_parallel_for_collapse_2700_1200_1200,2700,1200,0,2400,14407200,4323601,1200,37440000,25920000,4322400,1440000,2882400,1440000,0,0,0,1442400,2879059,2.8791
swap_distribute_parallel_for_collapse_2700_1200_1700,2700,1700,0,3400,20410200,6125101,1700,42240000,36720000,6123400,2040000,4083400,2040000,0,0,0,2043400,4078290,4.0783
swap_distribute_parallel_for_collapse_2700_1200_2200,2700,2200,0,4400,26413200,7926601,2200,47040000,47520000,7924400,2640000,5284400,2640000,0,0,0,2644400,5283439,5.2834
swap_distribute_parallel_for_collapse_2700_1200_2700,2700,2700,0,5400,32416200,9728101,2700,51840000,58320000,9725400,3240000,6485400,3240000,0,0,0,3245400,6491856,6.4919
swap_distribute_parallel_for_collapse_2700_1200_3200,2700,3200,0,6400,38419200,11529601,3200,56640000,69120000,11526400,3840000,7686400,3840000,0,0,0,3846400,7688488,7.6885
swap_distribute_parallel_for_collapse_2700_1200_3700,2700,3700,0,7400,44422200,13331101,3700,61440000,79920000,13327400,4440000,8887400,4440000,0,0,0,4447400,8890260,8.8903
swap_distribute_parallel_for_collapse_2700_1200_4200,2700,4200,0,8400,50425200,15132601,4200,66240000,90720000,15128400,5040000,10088400,5040000,0,0,0,5048400,10115743,10.1157
swap_distribute_parallel_for_collapse_2700_1700_1200,2700,1200,0,2400,20407200,6123601,1200,53040000,25920000,6122400,2040000,4082400,2040000,0,0,0,2042400,4113885,4.1139
swap_distribute_parallel_for_collapse_2700_1700_1700,2700,1700,0,3400,28910200,8675101,1700,59840000,36720000,8673400,2890000,5783400,2890000,0,0,0,2893400,5782418,5.7824
swap_distribute_parallel_for_collapse_2700_1700_2200,2700,2200,0,4400,37413200,11226601,2200,66640000,47520000,11224400,3740000,7484400,3740000,0,0,0,3744400,7493505,7.4935
swap_distribute_parallel_for_collapse_2700_1700_2700,2700,2700,0,5400,45916200,13778101,2700,73440000,58320000,13775400,4590000,9185400,4590000,0,0,0,4595400,9229329,9.2293
swap_distribute_parallel_for_collapse_2700_1700_3200,2700,3200,0,6400,54419200,16329601,3200,80240000,69120000,16326400,5440000,10886400,5440000,0,0,0,5446400,10907880,10.9079
swap_distribute_parallel_for_collapse_2700_1700_3700,2700,3700,0,7400,62922200,18881101,3700,87040000,79920000,18877400,6290000,12587400,6290000,0,0,0,6297400,12599896,12.5999
swap_distribute_parallel_for_collapse_2700_1700_4200,2700,4200,0,8400,71425200,21432601,4200,93840000,90720000,21428400,7140000,14288400,7140000,0,0,0,7148400,14502947,14.5029
swap_distribute_parallel_for_collapse_2700_2200_1200,2700,1200,0,2400,26407200,7923601,1200,68640000,25920000,7922400,2640000,5282400,2640000,0,0,0,2642400,5293660,5.2937
swap_distribute_parallel_for_collapse_2700_2200_1700,2700,1700,0,3400,37410200,11225101,1700,77440000,36720000,11223400,3740000,7483400,3740000,0,0,0,3743400,7499900,7.4999
swap_distribute_parallel_for_collapse_2700_2200_2200,2700,2200,0,4400,48413200,14526601,2200,86240000,47520000,14524400,4840000,9684400,4840000,0,0,0,4844400,9714008,9.7140
swap_distribute_parallel_for_collapse_2700_2200_2700,2700,2700,0,5400,59416200,17828101,2700,95040000,58320000,17825400,5940000,11885400,5940000,0,0,0,5945400,11916928,11.9169
swap_distribute_parallel_for_collapse_2700_2200_3200,2700,3200,0,6400,70419200,21129601,3200,103840000,69120000,21126400,7040000,14086400,7040000,0,0,0,7046400,14137614,14.1376
swap_distribute_parallel_for_collapse_2700_2200_3700,2700,3700,0,7400,81422200,24431101,3700,112640000,79920000,24427400,8140000,16287400,8140000,0,0,0,8147400,16330029,16.3300
swap_distribute_parallel_for_collapse_2700_2200_4200,2700,4200,0,8400,92425200,27732601,4200,121440000,90720000,27728400,9240000,18488400,9240000,0,0,0,9248400,18539456,18.5395
swap_distribute_parallel_for_collapse_2700_2700_1200,2700,1200,0,2400,32407200,9723601,1200,84240000,25920000,9722400,3240000,6482400,3240000,0,0,0,3242400,6529086,6.5291
swap_distribute_parallel_for_collapse_2700_2700_1700,2700,1700,0,3400,45910200,13775101,1700,95040000,36720000,13773400,4590000,9183400,4590000,0,0,0,4593400,9248908,9.2489
swap_distribute_parallel_for_collapse_2700_2700_2200,2700,2200,0,4400,59413200,17826601,2200,105840000,47520000,17824400,5940000,11884400,5940000,0,0,0,5944400,11979022,11.9790
swap_distribute_parallel_for_collapse_2700_2700_2700,2700,2700,0,5400,72916200,21878101,2700,116640000,58320000,21875400,7290000,14585400,7290000,0,0,0,7295400,14683459,14.6835
swap_distribute_parallel_for_collapse_2700_2700_3200,2700,3200,0,6400,86419200,25929601,3200,127440000,69120000,25926400,8640000,17286400,8640000,0,0,0,8646400,17422843,17.4228
swap_distribute_parallel_for_collapse_2700_2700_3700,2700,3700,0,7400,99922200,29981101,3700,138240000,79920000,29977400,9990000,19987400,9990000,0,0,0,9997400,20141172,20.1412
swap_distribute_parallel_for_collapse_2700_2700_4200,2700,4200,0,8400,113425200,34032601,4200,149040000,90720000,34028400,11340000,22688400,11340000,0,0,0,11348400,22906760,22.9068
swap_distribute_parallel_for_collapse_2700_3200_1200,2700,1200,0,2400,38407200,11523601,1200,99840000,25920000,11522400,3840000,7682400,3840000,0,0,0,3842400,7784937,7.7849
swap_distribute_parallel_for_collapse_2700_3200_1700,2700,1700,0,3400,54410200,16325101,1700,112640000,36720000,16323400,5440000,10883400,5440000,0,0,0,5443400,10996393,10.9964
swap_distribute_parallel_for_collapse_2700_3200_2200,2700,2200,0,4400,70413200,21126601,2200,125440000,47520000,21124400,7040000,14084400,7040000,0,0,0,7044400,14227631,14.2276
swap_distribute_parallel_for_collapse_2700_3200_2700,2700,2700,0,5400,86416200,25928101,2700,138240000,58320000,25925400,8640000,17285400,8640000,0,0,0,8645400,17454309,17.4543
swap_distribute_parallel_for_collapse_2700_3200_3200,2700,3200,0,6400,102419200,30729601,3200,151040000,69120000,30726400,10240000,20486400,10240000,0,0,0,10246400,20678044,20.6780
swap_distribute_parallel_for_collapse_2700_3200_3700,2700,3700,0,7400,118422200,35531101,3700,163840000,79920000,35527400,11840000,23687400,11840000,0,0,0,11847400,23908168,23.9082
swap_distribute_parallel_for_collapse_2700_3200_4200,2700,4200,0,8400,134425200,40332601,4200,176640000,90720000,40328400,13440000,26888400,13440000,0,0,0,13448400,27148139,27.1481
swap_distribute_parallel_for_collapse_2700_3700_1200,2700,1200,0,2400,44407200,13323601,1200,115440000,25920000,13322400,4440000,8882400,4440000,0,0,0,4442400,8935472,8.9355
swap_distribute_parallel_for_collapse_2700_3700_1700,2700,1700,0,3400,62910200,18875101,1700,130240000,36720000,18873400,6290000,12583400,6290000,0,0,0,6293400,12652861,12.6529
swap_distribute_parallel_for_collapse_2700_3700_2200,2700,2200,0,4400,81413200,24426601,2200,145040000,47520000,24424400,8140000,16284400,8140000,0,0,0,8144400,16376259,16.3763
swap_distribute_parallel_for_collapse_2700_3700_2700,2700,2700,0,5400,99916200,29978101,2700,159840000,58320000,29975400,9990000,19985400,9990000,0,0,0,9995400,20213429,20.2134
swap_distribute_parallel_for_collapse_2700_3700_3200,2700,3200,0,6400,118419200,35529601,3200,174640000,69120000,35526400,11840000,23686400,11840000,0,0,0,11846400,23829775,23.8298
swap_distribute_parallel_for_collapse_2700_3700_3700,2700,3700,0,7400,136922200,41081101,3700,189440000,79920000,41077400,13690000,27387400,13690000,0,0,0,13697400,27546359,27.5464
swap_distribute_parallel_for_collapse_2700_3700_4200,2700,4200,0,8400,155425200,46632601,4200,204240000,90720000,46628400,15540000,31088400,15540000,0,0,0,15548400,31262447,31.2624
swap_distribute_parallel_for_collapse_2750_1250_1250,2750,1250,0,2500,15632500,4691251,1250,40000000,27500000,4690000,1562500,3127500,1562500,0,0,0,1565000,3173518,3.1735
swap_distribute_parallel_for_collapse_2750_1250_1750,2750,1750,0,3500,21885500,6567751,1750,45000000,38500000,6566000,2187500,4378500,2187500,0,0,0,2191000,4448837,4.4488
swap_distribute_parallel_for_collapse_2750_1250_2250,2750,2250,0,4500,28138500,8444251,2250,50000000,49500000,8442000,2812500,5629500,2812500,0,0,0,2817000,5719024,5.7190
swap_distribute_parallel_for_collapse_2750_1250_2750,2750,2750,0,5500,34391500,10320751,2750,55000000,60500000,10318000,3437500,6880500,3437500,0,0,0,3443000,7004605,7.0046
swap_distribute_parallel_for_collapse_2750_1250_3250,2750,3250,0,6500,40644500,12197251,3250,60000000,71500000,12194000,4062500,8131500,4062500,0,0,0,4069000,8261934,8.2619
swap_distribute_parallel_for_collapse_2750_1250_3750,2750,3750,0,7500,46897500,14073751,3750,65000000,82500000,14070000,4687500,9382500,4687500,0,0,0,4695000,9537173,9.5372
swap_distribute_parallel_for_collapse_2750_1250_4250,2750,4250,0,8500,53150500,15950251,4250,70000000,93500000,15946000,5312500,10633500,5312500,0,0,0,5321000,10802738,10.8027
swap_distribute_parallel_for_collapse_2750_1750_1250,2750,1250,0,2500,21882500,6566251,1250,56000000,27500000,6565000,2187500,4377500,2187500,0,0,0,2190000,4459241,4.4592
swap_distribute_parallel_for_collapse_2750_1750_1750,2750,1750,0,3500,30635500,9192751,1750,63000000,38500000,9191000,3062500,6128500,3062500,0,0,0,3066000,6249402,6.2494
swap_distribute_parallel_for_collapse_2750_1750_2250,2750,2250,0,4500,39388500,11819251,2250,70000000,49500000,11817000,3937500,7879500,3937500,0,0,0,3942000,8029346,8.0293
swap_distribute_parallel_for_collapse_2750_1750_2750,2750,2750,0,5500,48141500,14445751,2750,77000000,60500000,14443000,4812500,9630500,4812500,0,0,0,4818000,9815811,9.8158
swap_distribute_parallel_for_collapse_2750_1750_3250,2750,3250,0,6500,56894500,17072251,3250,84000000,71500000,17069000,5687500,11381500,5687500,0,0,0,5694000,11611715,11.6117
swap_distribute_parallel_for_collapse_2750_1750_3750,2750,3750,0,7500,65647500,19698751,3750,91000000,82500000,19695000,6562500,13132500,6562500,0,0,0,6570000,13400276,13.4003
swap_distribute_parallel_for_collapse_2750_1750_4250,2750,4250,0,8500,74400500,22325251,4250,98000000,93500000,22321000,7437500,14883500,7437500,0,0,0,7446000,15318642,15.3186
swap_distribute_parallel_for_collapse_2750_2250_1250,2750,1250,0,2500,28132500,8441251,1250,72000000,27500000,8440000,2812500,5627500,2812500,0,0,0,2815000,5775118,5.7751
swap_distribute_parallel_for_collapse_2750_2250_1750,2750,1750,0,3500,39385500,11817751,1750,81000000,38500000,11816000,3937500,7878500,3937500,0,0,0,3941000,8078228,8.0782
swap_distribute_parallel_for_collapse_2750_2250_2250,2750,2250,0,4500,50638500,15194251,2250,90000000,49500000,15192000,5062500,10129500,5062500,0,0,0,5067000,10377873,10.3779
swap_distribute_parallel_for_collapse_2750_2250_2750,2750,2750,0,5500,61891500,18570751,2750,99000000,60500000,18568000,6187500,12380500,6187500,0,0,0,6193000,12683111,12.6831
swap_distribute_parallel_for_collapse_2750_2250_3250,2750,3250,0,6500,73144500,21947251,3250,108000000,71500000,21944000,7312500,14631500,7312500,0,0,0,7319000,14981536,14.9815
swap_distribute_parallel_for_collapse_2750_2250_3750,2750,3750,0,7500,84397500,25323751,3750,117000000,82500000,25320000,8437500,16882500,8437500,0,0,0,8445000,17326128,17.3261
swap_distribute_parallel_for_collapse_2750_2250_4250,2750,4250,0,8500,95650500,28700251,4250,126000000,93500000,28696000,9562500,19133500,9562500,0,0,0,9571000,19649767,19.6498
swap_distribute_parallel_for_collapse_2750_2750_1250,2750,1250,0,2500,34382500,10316251,1250,88000000,27500000,10315000,3437500,6877500,3437500,0,0,0,3440000,7118208,7.1182
swap_distribute_parallel_for_collapse_2750_2750_1750,2750,1750,0,3500,48135500,14442751,1750,99000000,38500000,14441000,4812500,9628500,4812500,0,0,0,4816000,9872722,9.8727
swap_distribute_parallel_for_collapse_2750_2750_2250,2750,2250,0,4500,61888500,18569251,2250,110000000,49500000,18567000,6187500,12379500,6187500,0,0,0,6192000,12695450,12.6954
swap_distribute_parallel_for_collapse_2750_2750_2750,2750,2750,0,5500,75641500,22695751,2750,121000000,60500000,22693000,7562500,15130500,7562500,0,0,0,7568000,15519744,15.5197
swap_distribute_parallel_for_collapse_2750_2750_3250,2750,3250,0,6500,89394500,26822251,3250,132000000,71500000,26819000,8937500,17881500,8937500,0,0,0,8944000,18340198,18.3402
swap_distribute_parallel_for_collapse_2750_2750_3750,2750,3750,0,7500,103147500,30948751,3750,143000000,82500000,30945000,10312500,20632500,10312500,0,0,0,10320000,21196470,21.1965
swap_distribute_parallel_for_collapse_2750_2750_4250,2750,4250,0,8500,116900500,35075251,4250,154000000,93500000,35071000,11687500,23383500,11687500,0,0,0,11696000,24028215,24.0282
swap_distribute_parallel_for_collapse_2750_3250_1250,2750,1250,0,2500,40632500,12191251,1250,104000000,27500000,12190000,4062500,8127500,4062500,0,0,0,4065000,8351518,8.3515
swap_distribute_parallel_for_collapse_2750_3250_1750,2750,1750,0,3500,56885500,17067751,1750,117000000,38500000,17066000,5687500,11378500,5687500,0,0,0,5691000,11655573,11.6556
swap_distribute_parallel_for_collapse_2750_3250_2250,2750,2250,0,4500,73138500,21944251,2250,130000000,49500000,21942000,7312500,14629500,7312500,0,0,0,7317000,14991191,14.9912
swap_distribute_parallel_for_collapse_2750_3250_2750,2750,2750,0,5500,89391500,26820751,2750,143000000,60500000,26818000,8937500,17880500,8937500,0,0,0,8943000,18324556,18.3246
swap_distribute_parallel_for_collapse_2750_3250_3250,2750,3250,0,6500,105644500,31697251,3250,156000000,71500000,31694000,10562500,21131500,10562500,0,0,0,10569000,21635582,21.6356
swap_distribute_parallel_for_collapse_2750_3250_3750,2750,3750,0,7500,121897500,36573751,3750,169000000,82500000,36570000,12187500,24382500,12187500,0,0,0,12195000,25022786,25.0228
swap_distribute_parallel_for_collapse_2750_3250_4250,2750,4250,0,8500,138150500,41450251,4250,182000000,93500000,41446000,13812500,27633500,13812500,0,0,0,13821000,28298213,28.2982
swap_distribute_parallel_for_collapse_2750_3750_1250,2750,1250,0,2500,46882500,14066251,1250,120000000,27500000,14065000,4687500,9377500,4687500,0,0,0,4690000,9657306,9.6573
swap_distribute_parallel_for_collapse_2750_3750_1750,2750,1750,0,3500,65635500,19692751,1750,135000000,38500000,19691000,6562500,13128500,6562500,0,0,0,6566000,13514283,13.5143
swap_distribute_parallel_for_collapse_2750_3750_2250,2750,2250,0,4500,84388500,25319251,2250,150000000,49500000,25317000,8437500,16879500,8437500,0,0,0,8442000,17362283,17.3623
swap_distribute_parallel_for_collapse_2750_3750_2750,2750,2750,0,5500,103141500,30945751,2750,165000000,60500000,30943000,10312500,20630500,10312500,0,0,0,10318000,21266388,21.2664
swap_distribute_parallel_for_collapse_2750_3750_3250,2750,3250,0,6500,121894500,36572251,3250,180000000,71500000,36569000,12187500,24381500,12187500,0,0,0,12194000,25095572,25.0956
swap_distribute_parallel_for_collapse_2750_3750_3750,2750,3750,0,7500,140647500,42198751,3750,195000000,82500000,42195000,14062500,28132500,14062500,0,0,0,14070000,28940271,28.9403
swap_distribute_parallel_for_collapse_2750_3750_4250,2750,4250,0,8500,159400500,47825251,4250,210000000,93500000,47821000,15937500,31883500,15937500,0,0,0,15946000,32833909,32.8339
swap_distribute_parallel_for_collapse_2750_4250_1250,2750,1250,0,2500,53132500,15941251,1250,136000000,27500000,15940000,5312500,10627500,5312500,0,0,0,5315000,10904426,10.9044
swap_distribute_parallel_for_collapse_2750_4250_1750,2750,1750,0,3500,74385500,22317751,1750,153000000,38500000,22316000,7437500,14878500,7437500,0,0,0,7441000,15279988,15.2800
swap_distribute_parallel_for_collapse_2750_4250_2250,2750,2250,0,4500,95638500,28694251,2250,170000000,49500000,28692000,9562500,19129500,9562500,0,0,0,9567000,19625893,19.6259
swap_distribute_parallel_for_collapse_2750_4250_2750,2750,2750,0,5500,116891500,35070751,2750,187000000,60500000,35068000,11687500,23380500,11687500,0,0,0,11693000,23974929,23.9749
swap_distribute_parallel_for_collapse_2750_4250_3250,2750,3250,0,6500,138144500,41447251,3250,204000000,71500000,41444000,13812500,27631500,13812500,0,0,0,13819000,28345467,28.3455
swap_distribute_parallel_for_collapse_2750_4250_3750,2750,3750,0,7500,159397500,47823751,3750,221000000,82500000,47820000,15937500,31882500,15937500,0,0,0,15945000,32703091,32.7031
swap_distribute_parallel_for_collapse_2750_4250_4250,2750,4250,0,8500,180650500,54200251,4250,238000000,93500000,54196000,18062500,36133500,18062500,0,0,0,18071000,37114716,37.1147
swap_distribute_parallel_for_collapse_2900_1400_1400,2900,1400,0,2800,19608400,5884201,1400,48160000,32480000,5882800,1960000,3922800,1960000,0,0,0,1962800,4210218,4.2102
swap_distribute_parallel_for_collapse_2900_1400_1900,2900,1900,0,3800,26611400,7985701,1900,53760000,44080000,7983800,2660000,5323800,2660000,0,0,0,2663800,5713051,5.7131
swap_distribute_parallel_for_collapse_2900_1400_2400,2900,2400,0,4800,33614400,10087201,2400,59360000,55680000,10084800,3360000,6724800,3360000,0,0,0,3364800,7216564,7.2166
swap_distribute_parallel_for_collapse_2900_1400_2900,2900,2900,0,5800,40617400,12188701,2900,64960000,67280000,12185800,4060000,8125800,4060000,0,0,0,4065800,8725186,8.7252
swap_distribute_parallel_for_collapse_2900_1400_3400,2900,3400,0,6800,47620400,14290201,3400,70560000,78880000,14286800,4760000,9526800,4760000,0,0,0,4766800,10227872,10.2279
swap_distribute_parallel_for_collapse_2900_1400_3900,2900,3900,0,7800,54623400,16391701,3900,76160000,90480000,16387800,5460000,10927800,5460000,0,0,0,5467800,11762147,11.7621
swap_distribute_parallel_for_collapse_2900_1400_900,2900,900,0,1800,12605400,3782701,900,42560000,20880000,3781800,1260000,2521800,1260000,0,0,0,1261800,2707456,2.7075
swap_distribute_parallel_for_collapse_2900_1900_1400,2900,1400,0,2800,26608400,7984201,1400,65360000,32480000,7982800,2660000,5322800,2660000,0,0,0,2662800,5856123,5.8561
swap_distribute_parallel_for_collapse_2900_1900_1900,2900,1900,0,3800,36111400,10835701,1900,72960000,44080000,10833800,3610000,7223800,3610000,0,0,0,3613800,7849357,7.8494
swap_distribute_parallel_for_collapse_2900_1900_2400,2900,2400,0,4800,45614400,13687201,2400,80560000,55680000,13684800,4560000,9124800,4560000,0,0,0,4564800,9859926,9.8599
swap_distribute_parallel_for_collapse_2900_1900_2900,2900,2900,0,5800,55117400,16538701,2900,88160000,67280000,16535800,5510000,11025800,5510000,0,0,0,5515800,11896517,11.8965
swap_distribute_parallel_for_collapse_2900_1900_3400,2900,3400,0,6800,64620400,19390201,3400,95760000,78880000,19386800,6460000,12926800,6460000,0,0,0,6466800,13936660,13.9367
swap_distribute_parallel_for_collapse_2900_1900_3900,2900,3900,0,7800,74123400,22241701,3900,103360000,90480000,22237800,7410000,14827800,7410000,0,0,0,7417800,16008618,16.0086
swap_distribute_parallel_for_collapse_2900_1900_900,2900,900,0,1800,17105400,5132701,900,57760000,20880000,5131800,1710000,3421800,1710000,0,0,0,1711800,3688987,3.6890
swap_distribute_parallel_for_collapse_2900_2400_1400,2900,1400,0,2800,33608400,10084201,1400,82560000,32480000,10082800,3360000,6722800,3360000,0,0,0,3362800,7272202,7.2722
swap_distribute_parallel_for_collapse_2900_2400_1900,2900,1900,0,3800,45611400,13685701,1900,92160000,44080000,13683800,4560000,9123800,4560000,0,0,0,4563800,9850289,9.8503
swap_distribute_parallel_for_collapse_2900_2400_2400,2900,2400,0,4800,57614400,17287201,2400,101760000,55680000,17284800,5760000,11524800,5760000,0,0,0,5764800,12470049,12.4700
swap_distribute_parallel_for_collapse_2900_2400_2900,2900,2900,0,5800,69617400,20888701,2900,111360000,67280000,20885800,6960000,13925800,6960000,0,0,0,6965800,15028942,15.0289
swap_distribute_parallel_for_collapse_2900_2400_3400,2900,3400,0,6800,81620400,24490201,3400,120960000,78880000,24486800,8160000,16326800,8160000,0,0,0,8166800,17624672,17.6247
swap_distribute_parallel_for_collapse_2900_2400_3900,2900,3900,0,7800,93623400,28091701,3900,130560000,90480000,28087800,9360000,18727800,9360000,0,0,0,9367800,20221826,20.2218
swap_distribute_parallel_for_collapse_2900_2400_900,2900,900,0,1800,21605400,6482701,900,72960000,20880000,6481800,2160000,4321800,2160000,0,0,0,2161800,4663363,4.6634
swap_distribute_parallel_for_collapse_2900_2900_1400,2900,1400,0,2800,40608400,12184201,1400,99760000,32480000,12182800,4060000,8122800,4060000,0,0,0,4062800,8785140,8.7851
swap_distribute_parallel_for_collapse_2900_2900_1900,2900,1900,0,3800,55111400,16535701,1900,111360000,44080000,16533800,5510000,11023800,5510000,0,0,0,5513800,11922463,11.9225
swap_distribute_parallel_for_collapse_2900_2900_2400,2900,2400,0,4800,69614400,20887201,2400,122960000,55680000,20884800,6960000,13924800,6960000,0,0,0,6964800,15085712,15.0857
swap_distribute_parallel_for_collapse_2900_2900_2900,2900,2900,0,5800,84117400,25238701,2900,134560000,67280000,25235800,8410000,16825800,8410000,0,0,0,8415800,18216930,18.2169
swap_distribute_parallel_for_collapse_2900_2900_3400,2900,3400,0,6800,98620400,29590201,3400,146160000,78880000,29586800,9860000,19726800,9860000,0,0,0,9866800,21339429,21.3394
swap_distribute_parallel_for_collapse_2900_2900_3900,2900,3900,0,7800,113123400,33941701,3900,157760000,90480000,33937800,11310000,22627800,11310000,0,0,0,11317800,24460780,24.4608
swap_distribute_parallel_for_collapse_2900_2900_900,2900,900,0,1800,26105400,7832701,900,88160000,20880000,7831800,2610000,5221800,2610000,0,0,0,2611800,5653331,5.6533
swap_distribute_parallel_for_collapse_2900_3400_1400,2900,1400,0,2800,47608400,14284201,1400,116960000,32480000,14282800,4760000,9522800,4760000,0,0,0,4762800,10400049,10.4000
swap_distribute_parallel_for_collapse_2900_3400_1900,2900,1900,0,3800,64611400,19385701,1900,130560000,44080000,19383800,6460000,12923800,6460000,0,0,0,6463800,14095437,14.0954
swap_distribute_parallel_for_collapse_2900_3400_2400,2900,2400,0,4800,81614400,24487201,2400,144160000,55680000,24484800,8160000,16324800,8160000,0,0,0,8164800,17781606,17.7816
swap_distribute_parallel_for_collapse_2900_3400_2900,2900,2900,0,5800,98617400,29588701,2900,157760000,67280000,29585800,9860000,19725800,9860000,0,0,0,9865800,21480015,21.4800
swap_distribute_parallel_for_collapse_2900_3400_3400,2900,3400,0,6800,115620400,34690201,3400,171360000,78880000,34686800,11560000,23126800,11560000,0,0,0,11566800,25206022,25.2060
swap_distribute_parallel_for_collapse_2900_3400_3900,2900,3900,0,7800,132623400,39791701,3900,184960000,90480000,39787800,13260000,26527800,13260000,0,0,0,13267800,28953161,28.9532
swap_distribute_parallel_for_collapse_2900_3400_900,2900,900,0,1800,30605400,9182701,900,103360000,20880000,9181800,3060000,6121800,3060000,0,0,0,3061800,6673556,6.6736
swap_distribute_parallel_for_collapse_2900_3900_1400,2900,1400,0,2800,54608400,16384201,1400,134160000,32480000,16382800,5460000,10922800,5460000,0,0,0,5462800,11828695,11.8287
swap_distribute_parallel_for_collapse_2900_3900_1900,2900,1900,0,3800,74111400,22235701,1900,149760000,44080000,22233800,7410000,14823800,7410000,0,0,0,7413800,16101591,16.1016
swap_distribute_parallel_for_collapse_2900_3900_2400,2900,2400,0,4800,93614400,28087201,2400,165360000,55680000,28084800,9360000,18724800,9360000,0,0,0,9364800,20270652,20.2707
swap_distribute_parallel_for_collapse_2900_3900_2900,2900,2900,0,5800,113117400,33938701,2900,180960000,67280000,33935800,11310000,22625800,11310000,0,0,0,11315800,24478856,24.4789
swap_distribute_parallel_for_collapse_2900_3900_3400,2900,3400,0,6800,132620400,39790201,3400,196560000,78880000,39786800,13260000,26526800,13260000,0,0,0,13266800,28694319,28.6943
swap_distribute_parallel_for_collapse_2900_3900_3900,2900,3900,0,7800,152123400,45641701,3900,212160000,90480000,45637800,15210000,30427800,15210000,0,0,0,15217800,32975679,32.9757
swap_distribute_parallel_for_collapse_2900_3900_900,2900,900,0,1800,35105400,10532701,900,118560000,20880000,10531800,3510000,7021800,3510000,0,0,0,3511800,7641809,7.6418
swap_distribute_parallel_for_collapse_2900_900_1400,2900,1400,0,2800,12608400,3784201,1400,30960000,32480000,3782800,1260000,2522800,1260000,0,0,0,1262800,2693993,2.6940
swap_distribute_parallel_for_collapse_2900_900_1900,2900,1900,0,3800,17111400,5135701,1900,34560000,44080000,5133800,1710000,3423800,1710000,0,0,0,1713800,3671119,3.6711
swap_distribute_parallel_for_collapse_2900_900_2400,2900,2400,0,4800,21614400,6487201,2400,38160000,55680000,6484800,2160000,4324800,2160000,0,0,0,2164800,4628785,4.6288
swap_distribute_parallel_for_collapse_2900_900_2900,2900,2900,0,5800,26117400,7838701,2900,41760000,67280000,7835800,2610000,5225800,2610000,0,0,0,2615800,5626108,5.6261
swap_distribute_parallel_for_collapse_2900_900_3400,2900,3400,0,6800,30620400,9190201,3400,45360000,78880000,9186800,3060000,6126800,3060000,0,0,0,3066800,6574315,6.5743
swap_distribute_parallel_for_collapse_2900_900_3900,2900,3900,0,7800,35123400,10541701,3900,48960000,90480000,10537800,3510000,7027800,3510000,0,0,0,3517800,7519428,7.5194
swap_distribute_parallel_for_collapse_2900_900_900,2900,900,0,1800,8105400,2432701,900,27360000,20880000,2431800,810000,1621800,810000,0,0,0,811800,1735208,1.7352
swap_distribute_parallel_for_collapse_3000_1000_1000,3000,1000,0,2000,10006000,3003001,1000,32000000,24000000,3002000,1000000,2002000,1000000,0,0,0,1002000,2202437,2.2024
swap_distribute_parallel_for_collapse_3000_1000_1500,3000,1500,0,3000,15009000,4504501,1500,36000000,36000000,4503000,1500000,3003000,1500000,0,0,0,1503000,3309771,3.3098
swap_distribute_parallel_for_collapse_3000_1000_2000,3000,2000,0,4000,20012000,6006001,2000,40000000,48000000,6004000,2000000,4004000,2000000,0,0,0,2004000,4404525,4.4045
swap_distribute_parallel_for_collapse_3000_1000_2500,3000,2500,0,5000,25015000,7507501,2500,44000000,60000000,7505000,2500000,5005000,2500000,0,0,0,2505000,5510276,5.5103
swap_distribute_parallel_for_collapse_3000_1000_3000,3000,3000,0,6000,30018000,9009001,3000,48000000,72000000,9006000,3000000,6006000,3000000,0,0,0,3006000,6613602,6.6136
swap_distribute_parallel_for_collapse_3000_1000_3500,3000,3500,0,7000,35021000,10510501,3500,52000000,84000000,10507000,3500000,7007000,3500000,0,0,0,3507000,7714038,7.7140
swap_distribute_parallel_for_collapse_3000_1000_4000,3000,4000,0,8000,40024000,12012001,4000,56000000,96000000,12008000,4000000,8008000,4000000,0,0,0,4008000,8817610,8.8176
swap_distribute_parallel_for_collapse_3000_1500_1000,3000,1000,0,2000,15006000,4503001,1000,48000000,24000000,4502000,1500000,3002000,1500000,0,0,0,1502000,3352543,3.3525
swap_distribute_parallel_for_collapse_3000_1500_1500,3000,1500,0,3000,22509000,6754501,1500,54000000,36000000,6753000,2250000,4503000,2250000,0,0,0,2253000,5029375,5.0294
swap_distribute_parallel_for_collapse_3000_1500_2000,3000,2000,0,4000,30012000,9006001,2000,60000000,48000000,9004000,3000000,6004000,3000000,0,0,0,3004000,6707368,6.7074
swap_distribute_parallel_for_collapse_3000_1500_2500,3000,2500,0,5000,37515000,11257501,2500,66000000,60000000,11255000,3750000,7505000,3750000,0,0,0,3755000,8411964,8.4120
swap_distribute_parallel_for_collapse_3000_1500_3000,3000,3000,0,6000,45018000,13509001,3000,72000000,72000000,13506000,4500000,9006000,4500000,0,0,0,4506000,10087629,10.0876
swap_distribute_parallel_for_collapse_3000_1500_3500,3000,3500,0,7000,52521000,15760501,3500,78000000,84000000,15757000,5250000,10507000,5250000,0,0,0,5257000,11748109,11.7481
swap_distribute_parallel_for_collapse_3000_1500_4000,3000,4000,0,8000,60024000,18012001,4000,84000000,96000000,18008000,6000000,12008000,6000000,0,0,0,6008000,13437685,13.4377
swap_distribute_parallel_for_collapse_3000_2000_1000,3000,1000,0,2000,20006000,6003001,1000,64000000,24000000,6002000,2000000,4002000,2000000,0,0,0,2002000,4388331,4.3883
swap_distribute_parallel_for_collapse_3000_2000_1500,3000,1500,0,3000,30009000,9004501,1500,72000000,36000000,9003000,3000000,6003000,3000000,0,0,0,3003000,6577533,6.5775
swap_distribute_parallel_for_collapse_3000_2000_2000,3000,2000,0,4000,40012000,12006001,2000,80000000,48000000,12004000,4000000,8004000,4000000,0,0,0,4004000,8769847,8.7698
swap_distribute_parallel_for_collapse_3000_2000_2500,3000,2500,0,5000,50015000,15007501,2500,88000000,60000000,15005000,5000000,10005000,5000000,0,0,0,5005000,10961432,10.9614
swap_distribute_parallel_for_collapse_3000_2000_3000,3000,3000,0,6000,60018000,18009001,3000,96000000,72000000,18006000,6000000,12006000,6000000,0,0,0,6006000,13166414,13.1664
swap_distribute_parallel_for_collapse_3000_2000_3500,3000,3500,0,7000,70021000,21010501,3500,104000000,84000000,21007000,7000000,14007000,7000000,0,0,0,7007000,15347302,15.3473
swap_distribute_parallel_for_collapse_3000_2000_4000,3000,4000,0,8000,80024000,24012001,4000,112000000,96000000,24008000,8000000,16008000,8000000,0,0,0,8008000,17547125,17.5471
swap_distribute_parallel_for_collapse_3000_2500_1000,3000,1000,0,2000,25006000,7503001,1000,80000000,24000000,7502000,2500000,5002000,2500000,0,0,0,2502000,5598656,5.5987
swap_distribute_parallel_for_collapse_3000_2500_1500,3000,1500,0,3000,37509000,11254501,1500,90000000,36000000,11253000,3750000,7503000,3750000,0,0,0,3753000,8393779,8.3938
swap_distribute_parallel_for_collapse_3000_2500_2000,3000,2000,0,4000,50012000,15006001,2000,100000000,48000000,15004000,5000000,10004000,5000000,0,0,0,5004000,11180100,11.1801
swap_distribute_parallel_for_collapse_3000_2500_2500,3000,2500,0,5000,62515000,18757501,2500,110000000,60000000,18755000,6250000,12505000,6250000,0,0,0,6255000,13984335,13.9843
swap_distribute_parallel_for_collapse_3000_2500_3000,3000,3000,0,6000,75018000,22509001,3000,120000000,72000000,22506000,7500000,15006000,7500000,0,0,0,7506000,16772318,16.7723
swap_distribute_parallel_for_collapse_3000_2500_3500,3000,3500,0,7000,87521000,26260501,3500,130000000,84000000,26257000,8750000,17507000,8750000,0,0,0,8757000,19674453,19.6745
swap_distribute_parallel_for_collapse_3000_2500_4000,3000,4000,0,8000,100024000,30012001,4000,140000000,96000000,30008000,10000000,20008000,10000000,0,0,0,10008000,22390586,22.3906
swap_distribute_parallel_for_collapse_3000_3000_1000,3000,1000,0,2000,30006000,9003001,1000,96000000,24000000,9002000,3000000,6002000,3000000,0,0,0,3002000,6812045,6.8120
swap_distribute_parallel_for_collapse_3000_3000_1500,3000,1500,0,3000,45009000,13504501,1500,108000000,36000000,13503000,4500000,9003000,4500000,0,0,0,4503000,10175265,10.1753
swap_distribute_parallel_for_collapse_3000_3000_2000,3000,2000,0,4000,60012000,18006001,2000,120000000,48000000,18004000,6000000,12004000,6000000,0,0,0,6004000,13523205,13.5232
swap_distribute_parallel_for_collapse_3000_3000_2500,3000,2500,0,5000,75015000,22507501,2500,132000000,60000000,22505000,7500000,15005000,7500000,0,0,0,7505000,16911984,16.9120
swap_distribute_parallel_for_collapse_3000_3000_3000,3000,3000,0,6000,90018000,27009001,3000,144000000,72000000,27006000,9000000,18006000,9000000,0,0,0,9006000,20285481,20.2855
swap_distribute_parallel_for_collapse_3000_3000_3500,3000,3500,0,7000,105021000,31510501,3500,156000000,84000000,31507000,10500000,21007000,10500000,0,0,0,10507000,23752956,23.7530
swap_distribute_parallel_for_collapse_3000_3000_4000,3000,4000,0,8000,120024000,36012001,4000,168000000,96000000,36008000,12000000,24008000,12000000,0,0,0,12008000,27044398,27.0444
swap_distribute_parallel_for_collapse_3000_3500_1000,3000,1000,0,2000,35006000,10503001,1000,112000000,24000000,10502000,3500000,7002000,3500000,0,0,0,3502000,7848512,7.8485
swap_distribute_parallel_for_collapse_300_100_100,300,100,0,200,100600,30301,100,320000,240000,30200,10000,20200,10000,0,0,0,10200,2533,0.0025
swap_distribute_parallel_for_collapse_300_100_200,300,200,0,400,201200,60601,200,400000,480000,60400,20000,40400,20000,0,0,0,20400,3849,0.0038
swap_distribute_parallel_for_collapse_300_100_300,300,300,0,600,301800,90901,300,480000,720000,90600,30000,60600,30000,0,0,0,30600,5390,0.0054
swap_distribute_parallel_for_collapse_300_100_400,300,400,0,800,402400,121201,400,560000,960000,120800,40000,80800,40000,0,0,0,40800,6272,0.0063
swap_distribute_parallel_for_collapse_300_100_500,300,500,0,1000,503000,151501,500,640000,1200000,151000,50000,101000,50000,0,0,0,51000,7543,0.0075
swap_distribute_parallel_for_collapse_300_100_600,300,600,0,1200,603600,181801,600,720000,1440000,181200,60000,121200,60000,0,0,0,61200,8740,0.0087
swap_distribute_parallel_for_collapse_300_100_700,300,700,0,1400,704200,212101,700,800000,1680000,211400,70000,141400,70000,0,0,0,71400,12077,0.0121
swap_distribute_parallel_for_collapse_300_100_800,300,800,0,1600,804800,242401,800,880000,1920000,241600,80000,161600,80000,0,0,0,81600,11211,0.0112
swap_distribute_parallel_for_collapse_300_100_900,300,900,0,1800,905400,272701,900,960000,2160000,271800,90000,181800,90000,0,0,0,91800,12114,0.0121
swap_distribute_parallel_for_collapse_300_200_100,300,100,0,200,200600,60301,100,640000,240000,60200,20000,40200,20000,0,0,0,20200,3953,0.0040
swap_distribute_parallel_for_collapse_300_200_200,300,200,0,400,401200,120601,200,800000,480000,120400,40000,80400,40000,0,0,0,40400,6680,0.0067
swap_distribute_parallel_for_collapse_300_200_300,300,300,0,600,601800,180901,300,960000,720000,180600,60000,120600,60000,0,0,0,60600,8925,0.0089
swap_distribute_parallel_for_collapse_300_200_400,300,400,0,800,802400,241201,400,1120000,960000,240800,80000,160800,80000,0,0,0,80800,11702,0.0117
swap_distribute_parallel_for_collapse_300_200_500,300,500,0,1000,1003000,301501,500,1280000,1200000,301000,100000,201000,100000,0,0,0,101000,14106,0.0141
swap_distribute_parallel_for_collapse_300_200_600,300,600,0,1200,1203600,361801,600,1440000,1440000,361200,120000,241200,120000,0,0,0,121200,16312,0.0163
swap_distribute_parallel_for_collapse_300_200_700,300,700,0,1400,1404200,422101,700,1600000,1680000,421400,140000,281400,140000,0,0,0,141400,18093,0.0181
swap_distribute_parallel_for_collapse_300_200_800,300,800,0,1600,1604800,482401,800,1760000,1920000,481600,160000,321600,160000,0,0,0,161600,21157,0.0212
swap_distribute_parallel_for_collapse_300_200_900,300,900,0,1800,1805400,542701,900,1920000,2160000,541800,180000,361800,180000,0,0,0,181800,23110,0.0231
swap_distribute_parallel_for_collapse_300_300_100,300,100,0,200,300600,90301,100,960000,240000,90200,30000,60200,30000,0,0,0,30200,5728,0.0057
swap_distribute_parallel_for_collapse_300_300_200,300,200,0,400,601200,180601,200,1200000,480000,180400,60000,120400,60000,0,0,0,60400,9554,0.0096
swap_distribute_parallel_for_collapse_300_300_300,300,300,0,600,901800,270901,300,1440000,720000,270600,90000,180600,90000,0,0,0,90600,13451,0.0135
swap_distribute_parallel_for_collapse_300_300_400,300,400,0,800,1202400,361201,400,1680000,960000,360800,120000,240800,120000,0,0,0,120800,15925,0.0159
swap_distribute_parallel_for_collapse_300_300_500,300,500,0,1000,1503000,451501,500,1920000,1200000,451000,150000,301000,150000,0,0,0,151000,19126,0.0191
swap_distribute_parallel_for_collapse_300_300_600,300,600,0,1200,1803600,541801,600,2160000,1440000,541200,180000,361200,180000,0,0,0,181200,22697,0.0227
swap_distribute_parallel_for_collapse_300_300_700,300,700,0,1400,2104200,632101,700,2400000,1680000,631400,210000,421400,210000,0,0,0,211400,25323,0.0253
swap_distribute_parallel_for_collapse_300_300_800,300,800,0,1600,2404800,722401,800,2640000,1920000,721600,240000,481600,240000,0,0,0,241600,29257,0.0293
swap_distribute_parallel_for_collapse_300_300_900,300,900,0,1800,2705400,812701,900,2880000,2160000,811800,270000,541800,270000,0,0,0,271800,33266,0.0333
swap_distribute_parallel_for_collapse_300_400_100,300,100,0,200,400600,120301,100,1280000,240000,120200,40000,80200,40000,0,0,0,40200,7200,0.0072
swap_distribute_parallel_for_collapse_300_400_200,300,200,0,400,801200,240601,200,1600000,480000,240400,80000,160400,80000,0,0,0,80400,12520,0.0125
swap_distribute_parallel_for_collapse_300_400_300,300,300,0,600,1201800,360901,300,1920000,720000,360600,120000,240600,120000,0,0,0,120600,16549,0.0165
swap_distribute_parallel_for_collapse_300_400_400,300,400,0,800,1602400,481201,400,2240000,960000,480800,160000,320800,160000,0,0,0,160800,20677,0.0207
swap_distribute_parallel_for_collapse_300_400_500,300,500,0,1000,2003000,601501,500,2560000,1200000,601000,200000,401000,200000,0,0,0,201000,25338,0.0253
swap_distribute_parallel_for_collapse_300_400_600,300,600,0,1200,2403600,721801,600,2880000,1440000,721200,240000,481200,240000,0,0,0,241200,29252,0.0293
swap_distribute_parallel_for_collapse_300_400_700,300,700,0,1400,2804200,842101,700,3200000,1680000,841400,280000,561400,280000,0,0,0,281400,34198,0.0342
swap_distribute_parallel_for_collapse_300_400_800,300,800,0,1600,3204800,962401,800,3520000,1920000,961600,320000,641600,320000,0,0,0,321600,37919,0.0379
swap_distribute_parallel_for_collapse_300_400_900,300,900,0,1800,3605400,1082701,900,3840000,2160000,1081800,360000,721800,360000,0,0,0,361800,42744,0.0427
swap_distribute_parallel_for_collapse_300_500_100,300,100,0,200,500600,150301,100,1600000,240000,150200,50000,100200,50000,0,0,0,50200,8944,0.0089
swap_distribute_parallel_for_collapse_300_500_200,300,200,0,400,1001200,300601,200,2000000,480000,300400,100000,200400,100000,0,0,0,100400,15351,0.0154
swap_distribute_parallel_for_collapse_300_500_300,300,300,0,600,1501800,450901,300,2400000,720000,450600,150000,300600,150000,0,0,0,150600,21906,0.0219
swap_distribute_parallel_for_collapse_300_500_400,300,400,0,800,2002400,601201,400,2800000,960000,600800,200000,400800,200000,0,0,0,200800,26028,0.0260
swap_distribute_parallel_for_collapse_300_500_500,300,500,0,1000,2503000,751501,500,3200000,1200000,751000,250000,501000,250000,0,0,0,251000,34505,0.0345
swap_distribute_parallel_for_collapse_300_500_600,300,600,0,1200,3003600,901801,600,3600000,1440000,901200,300000,601200,300000,0,0,0,301200,38518,0.0385
swap_distribute_parallel_for_collapse_300_500_700,300,700,0,1400,3504200,1052101,700,4000000,1680000,1051400,350000,701400,350000,0,0,0,351400,41637,0.0416
swap_distribute_parallel_for_collapse_300_500_800,300,800,0,1600,4004800,1202401,800,4400000,1920000,1201600,400000,801600,400000,0,0,0,401600,50946,0.0509
swap_distribute_parallel_for_collapse_300_500_900,300,900,0,1800,4505400,1352701,900,4800000,2160000,1351800,450000,901800,450000,0,0,0,451800,53942,0.0539
swap_distribute_parallel_for_collapse_300_600_100,300,100,0,200,600600,180301,100,1920000,240000,180200,60000,120200,60000,0,0,0,60200,10852,0.0109
swap_distribute_parallel_for_collapse_300_600_200,300,200,0,400,1201200,360601,200,2400000,480000,360400,120000,240400,120000,0,0,0,120400,18266,0.0183
swap_distribute_parallel_for_collapse_300_600_300,300,300,0,600,1801800,540901,300,2880000,720000,540600,180000,360600,180000,0,0,0,180600,24900,0.0249
swap_distribute_parallel_for_collapse_300_600_400,300,400,0,800,2402400,721201,400,3360000,960000,720800,240000,480800,240000,0,0,0,240800,30159,0.0302
swap_distribute_parallel_for_collapse_300_600_500,300,500,0,1000,3003000,901501,500,3840000,1200000,901000,300000,601000,300000,0,0,0,301000,36720,0.0367
swap_distribute_parallel_for_collapse_300_600_600,300,600,0,1200,3603600,1081801,600,4320000,1440000,1081200,360000,721200,360000,0,0,0,361200,43798,0.0438
swap_distribute_parallel_for_collapse_300_600_700,300,700,0,1400,4204200,1262101,700,4800000,1680000,1261400,420000,841400,420000,0,0,0,421400,50081,0.0501
swap_distribute_parallel_for_collapse_300_600_800,300,800,0,1600,4804800,1442401,800,5280000,1920000,1441600,480000,961600,480000,0,0,0,481600,62884,0.0629
swap_distribute_parallel_for_collapse_300_600_900,300,900,0,1800,5405400,1622701,900,5760000,2160000,1621800,540000,1081800,540000,0,0,0,541800,64643,0.0646
swap_distribute_parallel_for_collapse_300_700_100,300,100,0,200,700600,210301,100,2240000,240000,210200,70000,140200,70000,0,0,0,70200,12792,0.0128
swap_distribute_parallel_for_collapse_300_700_200,300,200,0,400,1401200,420601,200,2800000,480000,420400,140000,280400,140000,0,0,0,140400,23655,0.0237
swap_distribute_parallel_for_collapse_300_700_300,300,300,0,600,2101800,630901,300,3360000,720000,630600,210000,420600,210000,0,0,0,210600,28840,0.0288
swap_distribute_parallel_for_collapse_300_700_400,300,400,0,800,2802400,841201,400,3920000,960000,840800,280000,560800,280000,0,0,0,280800,34900,0.0349
swap_distribute_parallel_for_collapse_300_700_500,300,500,0,1000,3503000,1051501,500,4480000,1200000,1051000,350000,701000,350000,0,0,0,351000,48690,0.0487
swap_distribute_parallel_for_collapse_300_700_600,300,600,0,1200,4203600,1261801,600,5040000,1440000,1261200,420000,841200,420000,0,0,0,421200,51093,0.0511
swap_distribute_parallel_for_collapse_300_700_700,300,700,0,1400,4904200,1472101,700,5600000,1680000,1471400,490000,981400,490000,0,0,0,491400,58846,0.0588
swap_distribute_parallel_for_collapse_300_700_800,300,800,0,1600,5604800,1682401,800,6160000,1920000,1681600,560000,1121600,560000,0,0,0,561600,69664,0.0697
swap_distribute_parallel_for_collapse_300_700_900,300,900,0,1800,6305400,1892701,900,6720000,2160000,1891800,630000,1261800,630000,0,0,0,631800,76195,0.0762
swap_distribute_parallel_for_collapse_300_800_100,300,100,0,200,800600,240301,100,2560000,240000,240200,80000,160200,80000,0,0,0,80200,14683,0.0147
swap_distribute_parallel_for_collapse_300_800_200,300,200,0,400,1601200,480601,200,3200000,480000,480400,160000,320400,160000,0,0,0,160400,23691,0.0237
swap_distribute_parallel_for_collapse_300_800_300,300,300,0,600,2401800,720901,300,3840000,720000,720600,240000,480600,240000,0,0,0,240600,31351,0.0314
swap_distribute_parallel_for_collapse_300_800_400,300,400,0,800,3202400,961201,400,4480000,960000,960800,320000,640800,320000,0,0,0,320800,43142,0.0431
swap_distribute_parallel_for_collapse_300_800_500,300,500,0,1000,4003000,1201501,500,5120000,1200000,1201000,400000,801000,400000,0,0,0,401000,48940,0.0489
swap_distribute_parallel_for_collapse_300_800_600,300,600,0,1200,4803600,1441801,600,5760000,1440000,1441200,480000,961200,480000,0,0,0,481200,72071,0.0721
swap_distribute_parallel_for_collapse_300_800_700,300,700,0,1400,5604200,1682101,700,6400000,1680000,1681400,560000,1121400,560000,0,0,0,561400,66706,0.0667
swap_distribute_parallel_for_collapse_300_800_800,300,800,0,1600,6404800,1922401,800,7040000,1920000,1921600,640000,1281600,640000,0,0,0,641600,78048,0.0780
swap_distribute_parallel_for_collapse_300_800_900,300,900,0,1800,7205400,2162701,900,7680000,2160000,2161800,720000,1441800,720000,0,0,0,721800,88197,0.0882
swap_distribute_parallel_for_collapse_300_900_100,300,100,0,200,900600,270301,100,2880000,240000,270200,90000,180200,90000,0,0,0,90200,14917,0.0149
swap_distribute_parallel_for_collapse_300_900_200,300,200,0,400,1801200,540601,200,3600000,480000,540400,180000,360400,180000,0,0,0,180400,25101,0.0251
swap_distribute_parallel_for_collapse_300_900_300,300,300,0,600,2701800,810901,300,4320000,720000,810600,270000,540600,270000,0,0,0,270600,34009,0.0340
swap_distribute_parallel_for_collapse_300_900_400,300,400,0,800,3602400,1081201,400,5040000,960000,1080800,360000,720800,360000,0,0,0,360800,44197,0.0442
swap_distribute_parallel_for_collapse_300_900_500,300,500,0,1000,4503000,1351501,500,5760000,1200000,1351000,450000,901000,450000,0,0,0,451000,52487,0.0525
swap_distribute_parallel_for_collapse_300_900_600,300,600,0,1200,5403600,1621801,600,6480000,1440000,1621200,540000,1081200,540000,0,0,0,541200,63362,0.0634
swap_distribute_parallel_for_collapse_300_900_700,300,700,0,1400,6304200,1892101,700,7200000,1680000,1891400,630000,1261400,630000,0,0,0,631400,75082,0.0751
swap_distribute_parallel_for_collapse_300_900_800,300,800,0,1600,7204800,2162401,800,7920000,1920000,2161600,720000,1441600,720000,0,0,0,721600,87763,0.0878
swap_distribute_parallel_for_collapse_300_900_900,300,900,0,1800,8105400,2432701,900,8640000,2160000,2431800,810000,1621800,810000,0,0,0,811800,110494,0.1105
swap_distribute_parallel_for_collapse_3200_1200_1200,3200,1200,0,2400,14407200,4323601,1200,42240000,30720000,4322400,1440000,2882400,1440000,0,0,0,1442400,3461741,3.4617
swap_distribute_parallel_for_collapse_3200_1200_1700,3200,1700,0,3400,20410200,6125101,1700,47040000,43520000,6123400,2040000,4083400,2040000,0,0,0,2043400,4898715,4.8987
swap_distribute_parallel_for_collapse_3200_1200_2200,3200,2200,0,4400,26413200,7926601,2200,51840000,56320000,7924400,2640000,5284400,2640000,0,0,0,2644400,6356560,6.3566
swap_distribute_parallel_for_collapse_3200_1200_2700,3200,2700,0,5400,32416200,9728101,2700,56640000,69120000,9725400,3240000,6485400,3240000,0,0,0,3245400,7756064,7.7561
swap_distribute_parallel_for_collapse_3200_1200_3200,3200,3200,0,6400,38419200,11529601,3200,61440000,81920000,11526400,3840000,7686400,3840000,0,0,0,3846400,9189837,9.1898
swap_distribute_parallel_for_collapse_3200_1200_3700,3200,3700,0,7400,44422200,13331101,3700,66240000,94720000,13327400,4440000,8887400,4440000,0,0,0,4447400,10608805,10.6088
swap_distribute_parallel_for_collapse_3200_1200_4200,3200,4200,0,8400,50425200,15132601,4200,71040000,107520000,15128400,5040000,10088400,5040000,0,0,0,5048400,12072193,12.0722
swap_distribute_parallel_for_collapse_3200_1700_1200,3200,1200,0,2400,20407200,6123601,1200,59840000,30720000,6122400,2040000,4082400,2040000,0,0,0,2042400,4849935,4.8499
swap_distribute_parallel_for_collapse_3200_1700_1700,3200,1700,0,3400,28910200,8675101,1700,66640000,43520000,8673400,2890000,5783400,2890000,0,0,0,2893400,6864437,6.8644
swap_distribute_parallel_for_collapse_3200_1700_2200,3200,2200,0,4400,37413200,11226601,2200,73440000,56320000,11224400,3740000,7484400,3740000,0,0,0,3744400,8882905,8.8829
swap_distribute_parallel_for_collapse_3200_1700_2700,3200,2700,0,5400,45916200,13778101,2700,80240000,69120000,13775400,4590000,9185400,4590000,0,0,0,4595400,10901300,10.9013
swap_distribute_parallel_for_collapse_3200_1700_3200,3200,3200,0,6400,54419200,16329601,3200,87040000,81920000,16326400,5440000,10886400,5440000,0,0,0,5446400,12939312,12.9393
swap_distribute_parallel_for_collapse_3200_1700_3700,3200,3700,0,7400,62922200,18881101,3700,93840000,94720000,18877400,6290000,12587400,6290000,0,0,0,6297400,15056490,15.0565
swap_distribute_parallel_for_collapse_3200_1700_4200,3200,4200,0,8400,71425200,21432601,4200,100640000,107520000,21428400,7140000,14288400,7140000,0,0,0,7148400,16990083,16.9901
swap_distribute_parallel_for_collapse_3200_2200_1200,3200,1200,0,2400,26407200,7923601,1200,77440000,30720000,7922400,2640000,5282400,2640000,0,0,0,2642400,6314499,6.3145
swap_distribute_parallel_for_collapse_3200_2200_1700,3200,1700,0,3400,37410200,11225101,1700,86240000,43520000,11223400,3740000,7483400,3740000,0,0,0,3743400,8911964,8.9120
swap_distribute_parallel_for_collapse_3200_2200_2200,3200,2200,0,4400,48413200,14526601,2200,95040000,56320000,14524400,4840000,9684400,4840000,0,0,0,4844400,11548795,11.5488
swap_distribute_parallel_for_collapse_3200_2200_2700,3200,2700,0,5400,59416200,17828101,2700,103840000,69120000,17825400,5940000,11885400,5940000,0,0,0,5945400,14149334,14.1493
swap_distribute_parallel_for_collapse_3200_2200_3200,3200,3200,0,6400,70419200,21129601,3200,112640000,81920000,21126400,7040000,14086400,7040000,0,0,0,7046400,16778529,16.7785
swap_distribute_parallel_for_collapse_3200_2200_3700,3200,3700,0,7400,81422200,24431101,3700,121440000,94720000,24427400,8140000,16287400,8140000,0,0,0,8147400,19395825,19.3958
swap_distribute_parallel_for_collapse_3200_2200_4200,3200,4200,0,8400,92425200,27732601,4200,130240000,107520000,27728400,9240000,18488400,9240000,0,0,0,9248400,22022198,22.0222
swap_distribute_parallel_for_collapse_3200_2700_1200,3200,1200,0,2400,32407200,9723601,1200,95040000,30720000,9722400,3240000,6482400,3240000,0,0,0,3242400,7746101,7.7461
swap_distribute_parallel_for_collapse_3200_2700_1700,3200,1700,0,3400,45910200,13775101,1700,105840000,43520000,13773400,4590000,9183400,4590000,0,0,0,4593400,10968060,10.9681
swap_distribute_parallel_for_collapse_3200_2700_2200,3200,2200,0,4400,59413200,17826601,2200,116640000,56320000,17824400,5940000,11884400,5940000,0,0,0,5944400,14194446,14.1944
swap_distribute_parallel_for_collapse_3200_2700_2700,3200,2700,0,5400,72916200,21878101,2700,127440000,69120000,21875400,7290000,14585400,7290000,0,0,0,7295400,17480915,17.4809
swap_distribute_parallel_for_collapse_3200_2700_3200,3200,3200,0,6400,86419200,25929601,3200,138240000,81920000,25926400,8640000,17286400,8640000,0,0,0,8646400,20636632,20.6366
swap_distribute_parallel_for_collapse_3200_2700_3700,3200,3700,0,7400,99922200,29981101,3700,149040000,94720000,29977400,9990000,19987400,9990000,0,0,0,9997400,23852081,23.8521
swap_distribute_parallel_for_collapse_3200_2700_4200,3200,4200,0,8400,113425200,34032601,4200,159840000,107520000,34028400,11340000,22688400,11340000,0,0,0,11348400,27116811,27.1168
swap_distribute_parallel_for_collapse_3200_3200_1200,3200,1200,0,2400,38407200,11523601,1200,112640000,30720000,11522400,3840000,7682400,3840000,0,0,0,3842400,9240678,9.2407
swap_distribute_parallel_for_collapse_3200_3200_1700,3200,1700,0,3400,54410200,16325101,1700,125440000,43520000,16323400,5440000,10883400,5440000,0,0,0,5443400,13044714,13.0447
swap_distribute_parallel_for_collapse_3200_3200_2200,3200,2200,0,4400,70413200,21126601,2200,138240000,56320000,21124400,7040000,14084400,7040000,0,0,0,7044400,16877471,16.8775
swap_distribute_parallel_for_collapse_3200_3200_2700,3200,2700,0,5400,86416200,25928101,2700,151040000,69120000,25925400,8640000,17285400,8640000,0,0,0,8645400,20703148,20.7031
swap_distribute_parallel_for_collapse_3200_3200_3200,3200,3200,0,6400,102419200,30729601,3200,163840000,81920000,30726400,10240000,20486400,10240000,0,0,0,10246400,24528467,24.5285
swap_distribute_parallel_for_collapse_3200_3200_3700,3200,3700,0,7400,118422200,35531101,3700,176640000,94720000,35527400,11840000,23687400,11840000,0,0,0,11847400,28359143,28.3591
swap_distribute_parallel_for_collapse_3200_3200_4200,3200,4200,0,8400,134425200,40332601,4200,189440000,107520000,40328400,13440000,26888400,13440000,0,0,0,13448400,32219590,32.2196
swap_distribute_parallel_for_collapse_3200_3700_1200,3200,1200,0,2400,44407200,13323601,1200,130240000,30720000,13322400,4440000,8882400,4440000,0,0,0,4442400,10625777,10.6258
swap_distribute_parallel_for_collapse_3200_3700_1700,3200,1700,0,3400,62910200,18875101,1700,145040000,43520000,18873400,6290000,12583400,6290000,0,0,0,6293400,15082589,15.0826
swap_distribute_parallel_for_collapse_3200_3700_2200,3200,2200,0,4400,81413200,24426601,2200,159840000,56320000,24424400,8140000,16284400,8140000,0,0,0,8144400,19429456,19.4295
swap_distribute_parallel_for_collapse_3200_3700_2700,3200,2700,0,5400,99916200,29978101,2700,174640000,69120000,29975400,9990000,19985400,9990000,0,0,0,9995400,23955902,23.9559
swap_distribute_parallel_for_collapse_3200_3700_3200,3200,3200,0,6400,118419200,35529601,3200,189440000,81920000,35526400,11840000,23686400,11840000,0,0,0,11846400,28289415,28.2894
swap_distribute_parallel_for_collapse_3200_3700_3700,3200,3700,0,7400,136922200,41081101,3700,204240000,94720000,41077400,13690000,27387400,13690000,0,0,0,13697400,32667958,32.6680
swap_distribute_parallel_for_collapse_3200_3700_4200,3200,4200,0,8400,155425200,46632601,4200,219040000,107520000,46628400,15540000,31088400,15540000,0,0,0,15548400,37119759,37.1198
swap_distribute_parallel_for_collapse_3250_1250_1250,3250,1250,0,2500,15632500,4691251,1250,45000000,32500000,4690000,1562500,3127500,1562500,0,0,0,1565000,3763169,3.7632
swap_distribute_parallel_for_collapse_3250_1250_1750,3250,1750,0,3500,21885500,6567751,1750,50000000,45500000,6566000,2187500,4378500,2187500,0,0,0,2191000,5281002,5.2810
swap_distribute_parallel_for_collapse_3250_1250_2250,3250,2250,0,4500,28138500,8444251,2250,55000000,58500000,8442000,2812500,5629500,2812500,0,0,0,2817000,6772429,6.7724
swap_distribute_parallel_for_collapse_3250_1250_2750,3250,2750,0,5500,34391500,10320751,2750,60000000,71500000,10318000,3437500,6880500,3437500,0,0,0,3443000,8288397,8.2884
swap_distribute_parallel_for_collapse_3250_1250_3250,3250,3250,0,6500,40644500,12197251,3250,65000000,84500000,12194000,4062500,8131500,4062500,0,0,0,4069000,9778187,9.7782
swap_distribute_parallel_for_collapse_3250_1250_3750,3250,3750,0,7500,46897500,14073751,3750,70000000,97500000,14070000,4687500,9382500,4687500,0,0,0,4695000,11286729,11.2867
swap_distribute_parallel_for_collapse_3250_1250_4250,3250,4250,0,8500,53150500,15950251,4250,75000000,110500000,15946000,5312500,10633500,5312500,0,0,0,5321000,12788698,12.7887
swap_distribute_parallel_for_collapse_3250_1750_1250,3250,1250,0,2500,21882500,6566251,1250,63000000,32500000,6565000,2187500,4377500,2187500,0,0,0,2190000,5285248,5.2852
swap_distribute_parallel_for_collapse_3250_1750_1750,3250,1750,0,3500,30635500,9192751,1750,70000000,45500000,9191000,3062500,6128500,3062500,0,0,0,3066000,7444051,7.4441
swap_distribute_parallel_for_collapse_3250_1750_2250,3250,2250,0,4500,39388500,11819251,2250,77000000,58500000,11817000,3937500,7879500,3937500,0,0,0,3942000,9514772,9.5148
swap_distribute_parallel_for_collapse_3250_1750_2750,3250,2750,0,5500,48141500,14445751,2750,84000000,71500000,14443000,4812500,9630500,4812500,0,0,0,4818000,11628366,11.6284
swap_distribute_parallel_for_collapse_3250_1750_3250,3250,3250,0,6500,56894500,17072251,3250,91000000,84500000,17069000,5687500,11381500,5687500,0,0,0,5694000,13738932,13.7389
swap_distribute_parallel_for_collapse_3250_1750_3750,3250,3750,0,7500,65647500,19698751,3750,98000000,97500000,19695000,6562500,13132500,6562500,0,0,0,6570000,15861658,15.8617
swap_distribute_parallel_for_collapse_3250_1750_4250,3250,4250,0,8500,74400500,22325251,4250,105000000,110500000,22321000,7437500,14883500,7437500,0,0,0,7446000,17970526,17.9705
swap_distribute_parallel_for_collapse_3250_2250_1250,3250,1250,0,2500,28132500,8441251,1250,81000000,32500000,8440000,2812500,5627500,2812500,0,0,0,2815000,6824378,6.8244
swap_distribute_parallel_for_collapse_3250_2250_1750,3250,1750,0,3500,39385500,11817751,1750,90000000,45500000,11816000,3937500,7878500,3937500,0,0,0,3941000,9550382,9.5504
swap_distribute_parallel_for_collapse_3250_2250_2250,3250,2250,0,4500,50638500,15194251,2250,99000000,58500000,15192000,5062500,10129500,5062500,0,0,0,5067000,12292518,12.2925
swap_distribute_parallel_for_collapse_3250_2250_2750,3250,2750,0,5500,61891500,18570751,2750,108000000,71500000,18568000,6187500,12380500,6187500,0,0,0,6193000,15109867,15.1099
swap_distribute_parallel_for_collapse_3250_2250_3250,3250,3250,0,6500,73144500,21947251,3250,117000000,84500000,21944000,7312500,14631500,7312500,0,0,0,7319000,17791672,17.7917
swap_distribute_parallel_for_collapse_3250_2250_3750,3250,3750,0,7500,84397500,25323751,3750,126000000,97500000,25320000,8437500,16882500,8437500,0,0,0,8445000,20474577,20.4746
swap_distribute_parallel_for_collapse_3250_2250_4250,3250,4250,0,8500,95650500,28700251,4250,135000000,110500000,28696000,9562500,19133500,9562500,0,0,0,9571000,23200377,23.2004
swap_distribute_parallel_for_collapse_3250_2750_1250,3250,1250,0,2500,34382500,10316251,1250,99000000,32500000,10315000,3437500,6877500,3437500,0,0,0,3440000,8345692,8.3457
swap_distribute_parallel_for_collapse_3250_2750_1750,3250,1750,0,3500,48135500,14442751,1750,110000000,45500000,14441000,4812500,9628500,4812500,0,0,0,4816000,11687580,11.6876
swap_distribute_parallel_for_collapse_3250_2750_2250,3250,2250,0,4500,61888500,18569251,2250,121000000,58500000,18567000,6187500,12379500,6187500,0,0,0,6192000,15015251,15.0153
swap_distribute_parallel_for_collapse_3250_2750_2750,3250,2750,0,5500,75641500,22695751,2750,132000000,71500000,22693000,7562500,15130500,7562500,0,0,0,7568000,18391685,18.3917
swap_distribute_parallel_for_collapse_3250_2750_3250,3250,3250,0,6500,89394500,26822251,3250,143000000,84500000,26819000,8937500,17881500,8937500,0,0,0,8944000,21676614,21.6766
swap_distribute_parallel_for_collapse_3250_2750_3750,3250,3750,0,7500,103147500,30948751,3750,154000000,97500000,30945000,10312500,20632500,10312500,0,0,0,10320000,25024570,25.0246
swap_distribute_parallel_for_collapse_3250_2750_4250,3250,4250,0,8500,116900500,35075251,4250,165000000,110500000,35071000,11687500,23383500,11687500,0,0,0,11696000,28391177,28.3912
swap_distribute_parallel_for_collapse_3250_3250_1250,3250,1250,0,2500,40632500,12191251,1250,117000000,32500000,12190000,4062500,8127500,4062500,0,0,0,4065000,9866821,9.8668
swap_distribute_parallel_for_collapse_3250_3250_1750,3250,1750,0,3500,56885500,17067751,1750,130000000,45500000,17066000,5687500,11378500,5687500,0,0,0,5691000,13823352,13.8234
swap_distribute_parallel_for_collapse_3250_3250_2250,3250,2250,0,4500,73138500,21944251,2250,143000000,58500000,21942000,7312500,14629500,7312500,0,0,0,7317000,17781102,17.7811
swap_distribute_parallel_for_collapse_3250_3250_2750,3250,2750,0,5500,89391500,26820751,2750,156000000,71500000,26818000,8937500,17880500,8937500,0,0,0,8943000,21671508,21.6715
swap_distribute_parallel_for_collapse_3250_3250_3250,3250,3250,0,6500,105644500,31697251,3250,169000000,84500000,31694000,10562500,21131500,10562500,0,0,0,10569000,25610881,25.6109
swap_distribute_parallel_for_collapse_3250_3250_3750,3250,3750,0,7500,121897500,36573751,3750,182000000,97500000,36570000,12187500,24382500,12187500,0,0,0,12195000,29554061,29.5541
swap_distribute_parallel_for_collapse_3250_3250_4250,3250,4250,0,8500,138150500,41450251,4250,195000000,110500000,41446000,13812500,27633500,13812500,0,0,0,13821000,33486098,33.4861
swap_distribute_parallel_for_collapse_3250_3750_1250,3250,1250,0,2500,46882500,14066251,1250,135000000,32500000,14065000,4687500,9377500,4687500,0,0,0,4690000,11451155,11.4512
swap_distribute_parallel_for_collapse_3250_3750_1750,3250,1750,0,3500,65635500,19692751,1750,150000000,45500000,19691000,6562500,13128500,6562500,0,0,0,6566000,15989035,15.9890
swap_distribute_parallel_for_collapse_3250_3750_2250,3250,2250,0,4500,84388500,25319251,2250,165000000,58500000,25317000,8437500,16879500,8437500,0,0,0,8442000,20548893,20.5489
swap_distribute_parallel_for_collapse_3250_3750_2750,3250,2750,0,5500,103141500,30945751,2750,180000000,71500000,30943000,10312500,20630500,10312500,0,0,0,10318000,25111226,25.1112
swap_distribute_parallel_for_collapse_3250_3750_3250,3250,3250,0,6500,121894500,36572251,3250,195000000,84500000,36569000,12187500,24381500,12187500,0,0,0,12194000,29706735,29.7067
swap_distribute_parallel_for_collapse_3250_3750_3750,3250,3750,0,7500,140647500,42198751,3750,210000000,97500000,42195000,14062500,28132500,14062500,0,0,0,14070000,34281539,34.2815
swap_distribute_parallel_for_collapse_3250_3750_4250,3250,4250,0,8500,159400500,47825251,4250,225000000,110500000,47821000,15937500,31883500,15937500,0,0,0,15946000,38817931,38.8179
swap_distribute_parallel_for_collapse_3250_4250_1250,3250,1250,0,2500,53132500,15941251,1250,153000000,32500000,15940000,5312500,10627500,5312500,0,0,0,5315000,12897191,12.8972
swap_distribute_parallel_for_collapse_3250_4250_1750,3250,1750,0,3500,74385500,22317751,1750,170000000,45500000,22316000,7437500,14878500,7437500,0,0,0,7441000,18135957,18.1360
swap_distribute_parallel_for_collapse_3250_4250_2750,3250,2750,0,5500,116891500,35070751,2750,204000000,71500000,35068000,11687500,23380500,11687500,0,0,0,11693000,28441150,28.4412
swap_distribute_parallel_for_collapse_3250_4250_3250,3250,3250,0,6500,138144500,41447251,3250,221000000,84500000,41444000,13812500,27631500,13812500,0,0,0,13819000,33538933,33.5389
swap_distribute_parallel_for_collapse_3250_4250_3750,3250,3750,0,7500,159397500,47823751,3750,238000000,97500000,47820000,15937500,31882500,15937500,0,0,0,15945000,38721365,38.7214
swap_distribute_parallel_for_collapse_3250_4250_4250,3250,4250,0,8500,180650500,54200251,4250,255000000,110500000,54196000,18062500,36133500,18062500,0,0,0,18071000,43854354,43.8544
swap_distribute_parallel_for_collapse_3400_1400_1400,3400,1400,0,2800,19608400,5884201,1400,53760000,38080000,5882800,1960000,3922800,1960000,0,0,0,1962800,4954643,4.9546
swap_distribute_parallel_for_collapse_3400_1400_1900,3400,1900,0,3800,26611400,7985701,1900,59360000,51680000,7983800,2660000,5323800,2660000,0,0,0,2663800,6720421,6.7204
swap_distribute_parallel_for_collapse_3400_1400_2400,3400,2400,0,4800,33614400,10087201,2400,64960000,65280000,10084800,3360000,6724800,3360000,0,0,0,3364800,8484102,8.4841
swap_distribute_parallel_for_collapse_3400_1400_2900,3400,2900,0,5800,40617400,12188701,2900,70560000,78880000,12185800,4060000,8125800,4060000,0,0,0,4065800,10251015,10.2510
swap_distribute_parallel_for_collapse_3400_1400_3400,3400,3400,0,6800,47620400,14290201,3400,76160000,92480000,14286800,4760000,9526800,4760000,0,0,0,4766800,12043669,12.0437
swap_distribute_parallel_for_collapse_3400_1400_3900,3400,3900,0,7800,54623400,16391701,3900,81760000,106080000,16387800,5460000,10927800,5460000,0,0,0,5467800,13806710,13.8067
swap_distribute_parallel_for_collapse_3400_1400_900,3400,900,0,1800,12605400,3782701,900,48160000,24480000,3781800,1260000,2521800,1260000,0,0,0,1261800,3188773,3.1888
swap_distribute_parallel_for_collapse_3400_1900_1400,3400,1400,0,2800,26608400,7984201,1400,72960000,38080000,7982800,2660000,5322800,2660000,0,0,0,2662800,6729779,6.7298
swap_distribute_parallel_for_collapse_3400_1900_1900,3400,1900,0,3800,36111400,10835701,1900,80560000,51680000,10833800,3610000,7223800,3610000,0,0,0,3613800,9211106,9.2111
swap_distribute_parallel_for_collapse_3400_1900_2400,3400,2400,0,4800,45614400,13687201,2400,88160000,65280000,13684800,4560000,9124800,4560000,0,0,0,4564800,11578506,11.5785
swap_distribute_parallel_for_collapse_3400_1900_2900,3400,2900,0,5800,55117400,16538701,2900,95760000,78880000,16535800,5510000,11025800,5510000,0,0,0,5515800,13976167,13.9762
swap_distribute_parallel_for_collapse_3400_1900_3400,3400,3400,0,6800,64620400,19390201,3400,103360000,92480000,19386800,6460000,12926800,6460000,0,0,0,6466800,16336639,16.3366
swap_distribute_parallel_for_collapse_3400_1900_3900,3400,3900,0,7800,74123400,22241701,3900,110960000,106080000,22237800,7410000,14827800,7410000,0,0,0,7417800,18749352,18.7494
swap_distribute_parallel_for_collapse_3400_1900_900,3400,900,0,1800,17105400,5132701,900,65360000,24480000,5131800,1710000,3421800,1710000,0,0,0,1711800,4328978,4.3290
swap_distribute_parallel_for_collapse_3400_2400_1400,3400,1400,0,2800,33608400,10084201,1400,92160000,38080000,10082800,3360000,6722800,3360000,0,0,0,3362800,8540741,8.5407
swap_distribute_parallel_for_collapse_3400_2400_1900,3400,1900,0,3800,45611400,13685701,1900,101760000,51680000,13683800,4560000,9123800,4560000,0,0,0,4563800,11594632,11.5946
swap_distribute_parallel_for_collapse_3400_2400_2400,3400,2400,0,4800,57614400,17287201,2400,111360000,65280000,17284800,5760000,11524800,5760000,0,0,0,5764800,14651265,14.6513
swap_distribute_parallel_for_collapse_3400_2400_2900,3400,2900,0,5800,69617400,20888701,2900,120960000,78880000,20885800,6960000,13925800,6960000,0,0,0,6965800,17691424,17.6914
swap_distribute_parallel_for_collapse_3400_2400_3400,3400,3400,0,6800,81620400,24490201,3400,130560000,92480000,24486800,8160000,16326800,8160000,0,0,0,8166800,20741585,20.7416
swap_distribute_parallel_for_collapse_3400_2400_3900,3400,3900,0,7800,93623400,28091701,3900,140160000,106080000,28087800,9360000,18727800,9360000,0,0,0,9367800,23888625,23.8886
swap_distribute_parallel_for_collapse_3400_2400_900,3400,900,0,1800,21605400,6482701,900,82560000,24480000,6481800,2160000,4321800,2160000,0,0,0,2161800,5500547,5.5005
swap_distribute_parallel_for_collapse_3400_2900_1400,3400,1400,0,2800,40608400,12184201,1400,111360000,38080000,12182800,4060000,8122800,4060000,0,0,0,4062800,10306236,10.3062
swap_distribute_parallel_for_collapse_3400_2900_1900,3400,1900,0,3800,55111400,16535701,1900,122960000,51680000,16533800,5510000,11023800,5510000,0,0,0,5513800,14000779,14.0008
swap_distribute_parallel_for_collapse_3400_2900_2400,3400,2400,0,4800,69614400,20887201,2400,134560000,65280000,20884800,6960000,13924800,6960000,0,0,0,6964800,17758917,17.7589
swap_distribute_parallel_for_collapse_3400_2900_2900,3400,2900,0,5800,84117400,25238701,2900,146160000,78880000,25235800,8410000,16825800,8410000,0,0,0,8415800,21422875,21.4229
swap_distribute_parallel_for_collapse_3400_2900_3400,3400,3400,0,6800,98620400,29590201,3400,157760000,92480000,29586800,9860000,19726800,9860000,0,0,0,9866800,25036308,25.0363
swap_distribute_parallel_for_collapse_3400_2900_3900,3400,3900,0,7800,113123400,33941701,3900,169360000,106080000,33937800,11310000,22627800,11310000,0,0,0,11317800,28727875,28.7279
swap_distribute_parallel_for_collapse_3400_2900_900,3400,900,0,1800,26105400,7832701,900,99760000,24480000,7831800,2610000,5221800,2610000,0,0,0,2611800,6632429,6.6324
swap_distribute_parallel_for_collapse_3400_3400_1400,3400,1400,0,2800,47608400,14284201,1400,130560000,38080000,14282800,4760000,9522800,4760000,0,0,0,4762800,12181365,12.1814
swap_distribute_parallel_for_collapse_3400_3400_1900,3400,1900,0,3800,64611400,19385701,1900,144160000,51680000,19383800,6460000,12923800,6460000,0,0,0,6463800,16578822,16.5788
swap_distribute_parallel_for_collapse_3400_3400_2400,3400,2400,0,4800,81614400,24487201,2400,157760000,65280000,24484800,8160000,16324800,8160000,0,0,0,8164800,20883732,20.8837
swap_distribute_parallel_for_collapse_3400_3400_2900,3400,2900,0,5800,98617400,29588701,2900,171360000,78880000,29585800,9860000,19725800,9860000,0,0,0,9865800,25244161,25.2442
swap_distribute_parallel_for_collapse_3400_3400_3400,3400,3400,0,6800,115620400,34690201,3400,184960000,92480000,34686800,11560000,23126800,11560000,0,0,0,11566800,29589425,29.5894
swap_distribute_parallel_for_collapse_3400_3400_3900,3400,3900,0,7800,132623400,39791701,3900,198560000,106080000,39787800,13260000,26527800,13260000,0,0,0,13267800,34006804,34.0068
swap_distribute_parallel_for_collapse_3400_3400_900,3400,900,0,1800,30605400,9182701,900,116960000,24480000,9181800,3060000,6121800,3060000,0,0,0,3061800,7835746,7.8357
swap_distribute_parallel_for_collapse_3400_3900_1400,3400,1400,0,2800,54608400,16384201,1400,149760000,38080000,16382800,5460000,10922800,5460000,0,0,0,5462800,13940219,13.9402
swap_distribute_parallel_for_collapse_3400_3900_1900,3400,1900,0,3800,74111400,22235701,1900,165360000,51680000,22233800,7410000,14823800,7410000,0,0,0,7413800,18838312,18.8383
swap_distribute_parallel_for_collapse_3400_3900_2400,3400,2400,0,4800,93614400,28087201,2400,180960000,65280000,28084800,9360000,18724800,9360000,0,0,0,9364800,23775695,23.7757
swap_distribute_parallel_for_collapse_3400_3900_2900,3400,2900,0,5800,113117400,33938701,2900,196560000,78880000,33935800,11310000,22625800,11310000,0,0,0,11315800,28718380,28.7184
swap_distribute_parallel_for_collapse_3400_3900_3400,3400,3400,0,6800,132620400,39790201,3400,212160000,92480000,39786800,13260000,26526800,13260000,0,0,0,13266800,33700495,33.7005
swap_distribute_parallel_for_collapse_3400_3900_3900,3400,3900,0,7800,152123400,45641701,3900,227760000,106080000,45637800,15210000,30427800,15210000,0,0,0,15217800,38620251,38.6203
swap_distribute_parallel_for_collapse_3400_3900_900,3400,900,0,1800,35105400,10532701,900,134160000,24480000,10531800,3510000,7021800,3510000,0,0,0,3511800,8938923,8.9389
swap_distribute_parallel_for_collapse_3400_900_1400,3400,1400,0,2800,12608400,3784201,1400,34560000,38080000,3782800,1260000,2522800,1260000,0,0,0,1262800,3172465,3.1725
swap_distribute_parallel_for_collapse_3400_900_1900,3400,1900,0,3800,17111400,5135701,1900,38160000,51680000,5133800,1710000,3423800,1710000,0,0,0,1713800,4307975,4.3080
swap_distribute_parallel_for_collapse_3400_900_2400,3400,2400,0,4800,21614400,6487201,2400,41760000,65280000,6484800,2160000,4324800,2160000,0,0,0,2164800,5440933,5.4409
swap_distribute_parallel_for_collapse_3400_900_2900,3400,2900,0,5800,26117400,7838701,2900,45360000,78880000,7835800,2610000,5225800,2610000,0,0,0,2615800,6575014,6.5750
swap_distribute_parallel_for_collapse_3400_900_3400,3400,3400,0,6800,30620400,9190201,3400,48960000,92480000,9186800,3060000,6126800,3060000,0,0,0,3066800,7725994,7.7260
swap_distribute_parallel_for_collapse_3400_900_3900,3400,3900,0,7800,35123400,10541701,3900,52560000,106080000,10537800,3510000,7027800,3510000,0,0,0,3517800,8873478,8.8735
swap_distribute_parallel_for_collapse_3400_900_900,3400,900,0,1800,8105400,2432701,900,30960000,24480000,2431800,810000,1621800,810000,0,0,0,811800,2042044,2.0420
swap_distribute_parallel_for_collapse_3700_1200_1200,3700,1200,0,2400,14407200,4323601,1200,47040000,35520000,4322400,1440000,2882400,1440000,0,0,0,1442400,4034065,4.0341
swap_distribute_parallel_for_collapse_3700_1200_1700,3700,1700,0,3400,20410200,6125101,1700,51840000,50320000,6123400,2040000,4083400,2040000,0,0,0,2043400,5789865,5.7899
swap_distribute_parallel_for_collapse_3700_1200_2200,3700,2200,0,4400,26413200,7926601,2200,56640000,65120000,7924400,2640000,5284400,2640000,0,0,0,2644400,7495873,7.4959
swap_distribute_parallel_for_collapse_3700_1200_2700,3700,2700,0,5400,32416200,9728101,2700,61440000,79920000,9725400,3240000,6485400,3240000,0,0,0,3245400,9115853,9.1159
swap_distribute_parallel_for_collapse_3700_1200_3200,3700,3200,0,6400,38419200,11529601,3200,66240000,94720000,11526400,3840000,7686400,3840000,0,0,0,3846400,10834184,10.8342
swap_distribute_parallel_for_collapse_3700_1200_3700,3700,3700,0,7400,44422200,13331101,3700,71040000,109520000,13327400,4440000,8887400,4440000,0,0,0,4447400,12546452,12.5465
swap_distribute_parallel_for_collapse_3700_1200_4200,3700,4200,0,8400,50425200,15132601,4200,75840000,124320000,15128400,5040000,10088400,5040000,0,0,0,5048400,14201067,14.2011
swap_distribute_parallel_for_collapse_3700_1700_1200,3700,1200,0,2400,20407200,6123601,1200,66640000,35520000,6122400,2040000,4082400,2040000,0,0,0,2042400,5616736,5.6167
swap_distribute_parallel_for_collapse_3700_1700_1700,3700,1700,0,3400,28910200,8675101,1700,73440000,50320000,8673400,2890000,5783400,2890000,0,0,0,2893400,7971612,7.9716
swap_distribute_parallel_for_collapse_3700_1700_2200,3700,2200,0,4400,37413200,11226601,2200,80240000,65120000,11224400,3740000,7484400,3740000,0,0,0,3744400,10290917,10.2909
swap_distribute_parallel_for_collapse_3700_1700_2700,3700,2700,0,5400,45916200,13778101,2700,87040000,79920000,13775400,4590000,9185400,4590000,0,0,0,4595400,12628398,12.6284
swap_distribute_parallel_for_collapse_3700_1700_3200,3700,3200,0,6400,54419200,16329601,3200,93840000,94720000,16326400,5440000,10886400,5440000,0,0,0,5446400,15000843,15.0008
swap_distribute_parallel_for_collapse_3700_1700_3700,3700,3700,0,7400,62922200,18881101,3700,100640000,109520000,18877400,6290000,12587400,6290000,0,0,0,6297400,17423896,17.4239
swap_distribute_parallel_for_collapse_3700_1700_4200,3700,4200,0,8400,71425200,21432601,4200,107440000,124320000,21428400,7140000,14288400,7140000,0,0,0,7148400,19698986,19.6990
swap_distribute_parallel_for_collapse_3700_2200_1200,3700,1200,0,2400,26407200,7923601,1200,86240000,35520000,7922400,2640000,5282400,2640000,0,0,0,2642400,7288940,7.2889
swap_distribute_parallel_for_collapse_3700_2200_1700,3700,1700,0,3400,37410200,11225101,1700,95040000,50320000,11223400,3740000,7483400,3740000,0,0,0,3743400,10319461,10.3195
swap_distribute_parallel_for_collapse_3700_2200_2200,3700,2200,0,4400,48413200,14526601,2200,103840000,65120000,14524400,4840000,9684400,4840000,0,0,0,4844400,13349055,13.3491
swap_distribute_parallel_for_collapse_3700_2200_2700,3700,2700,0,5400,59416200,17828101,2700,112640000,79920000,17825400,5940000,11885400,5940000,0,0,0,5945400,16380289,16.3803
swap_distribute_parallel_for_collapse_3700_2200_3200,3700,3200,0,6400,70419200,21129601,3200,121440000,94720000,21126400,7040000,14086400,7040000,0,0,0,7046400,19428263,19.4283
swap_distribute_parallel_for_collapse_3700_2200_3700,3700,3700,0,7400,81422200,24431101,3700,130240000,109520000,24427400,8140000,16287400,8140000,0,0,0,8147400,22443915,22.4439
swap_distribute_parallel_for_collapse_3700_2200_4200,3700,4200,0,8400,92425200,27732601,4200,139040000,124320000,27728400,9240000,18488400,9240000,0,0,0,9248400,25475631,25.4756
swap_distribute_parallel_for_collapse_3700_2700_1200,3700,1200,0,2400,32407200,9723601,1200,105840000,35520000,9722400,3240000,6482400,3240000,0,0,0,3242400,8975569,8.9756
swap_distribute_parallel_for_collapse_3700_2700_1700,3700,1700,0,3400,45910200,13775101,1700,116640000,50320000,13773400,4590000,9183400,4590000,0,0,0,4593400,12716025,12.7160
swap_distribute_parallel_for_collapse_3700_2700_2200,3700,2200,0,4400,59413200,17826601,2200,127440000,65120000,17824400,5940000,11884400,5940000,0,0,0,5944400,16452334,16.4523
swap_distribute_parallel_for_collapse_3700_2700_2700,3700,2700,0,5400,72916200,21878101,2700,138240000,79920000,21875400,7290000,14585400,7290000,0,0,0,7295400,20387918,20.3879
swap_distribute_parallel_for_collapse_3700_2700_3200,3700,3200,0,6400,86419200,25929601,3200,149040000,94720000,25926400,8640000,17286400,8640000,0,0,0,8646400,23923057,23.9231
swap_distribute_parallel_for_collapse_3700_2700_3700,3700,3700,0,7400,99922200,29981101,3700,159840000,109520000,29977400,9990000,19987400,9990000,0,0,0,9997400,27712938,27.7129
swap_distribute_parallel_for_collapse_3700_2700_4200,3700,4200,0,8400,113425200,34032601,4200,170640000,124320000,34028400,11340000,22688400,11340000,0,0,0,11348400,31432657,31.4327
swap_distribute_parallel_for_collapse_3700_3200_1200,3700,1200,0,2400,38407200,11523601,1200,125440000,35520000,11522400,3840000,7682400,3840000,0,0,0,3842400,10656993,10.6570
swap_distribute_parallel_for_collapse_3700_3200_1700,3700,1700,0,3400,54410200,16325101,1700,138240000,50320000,16323400,5440000,10883400,5440000,0,0,0,5443400,15086497,15.0865
swap_distribute_parallel_for_collapse_3700_3200_2200,3700,2200,0,4400,70413200,21126601,2200,151040000,65120000,21124400,7040000,14084400,7040000,0,0,0,7044400,19579073,19.5791
swap_distribute_parallel_for_collapse_3700_3200_2700,3700,2700,0,5400,86416200,25928101,2700,163840000,79920000,25925400,8640000,17285400,8640000,0,0,0,8645400,23967758,23.9678
swap_distribute_parallel_for_collapse_3700_3200_3200,3700,3200,0,6400,102419200,30729601,3200,176640000,94720000,30726400,10240000,20486400,10240000,0,0,0,10246400,28385767,28.3858
swap_distribute_parallel_for_collapse_3700_3200_3700,3700,3700,0,7400,118422200,35531101,3700,189440000,109520000,35527400,11840000,23687400,11840000,0,0,0,11847400,32818975,32.8190
swap_distribute_parallel_for_collapse_3700_3200_4200,3700,4200,0,8400,134425200,40332601,4200,202240000,124320000,40328400,13440000,26888400,13440000,0,0,0,13448400,37294103,37.2941
swap_distribute_parallel_for_collapse_3700_3700_1200,3700,1200,0,2400,44407200,13323601,1200,145040000,35520000,13322400,4440000,8882400,4440000,0,0,0,4442400,12332849,12.3328
swap_distribute_parallel_for_collapse_3700_3700_1700,3700,1700,0,3400,62910200,18875101,1700,159840000,50320000,18873400,6290000,12583400,6290000,0,0,0,6293400,17402350,17.4023
swap_distribute_parallel_for_collapse_3700_3700_2200,3700,2200,0,4400,81413200,24426601,2200,174640000,65120000,24424400,8140000,16284400,8140000,0,0,0,8144400,22567115,22.5671
swap_distribute_parallel_for_collapse_3700_3700_2700,3700,2700,0,5400,99916200,29978101,2700,189440000,79920000,29975400,9990000,19985400,9990000,0,0,0,9995400,27606009,27.6060
swap_distribute_parallel_for_collapse_3700_3700_3200,3700,3200,0,6400,118419200,35529601,3200,204240000,94720000,35526400,11840000,23686400,11840000,0,0,0,11846400,32771384,32.7714
swap_distribute_parallel_for_collapse_3700_3700_4200,3700,4200,0,8400,155425200,46632601,4200,233840000,124320000,46628400,15540000,31088400,15540000,0,0,0,15548400,42966798,42.9668
swap_distribute_parallel_for_collapse_3750_1250_1250,3750,1250,0,2500,15632500,4691251,1250,50000000,37500000,4690000,1562500,3127500,1562500,0,0,0,1565000,4373347,4.3733
swap_distribute_parallel_for_collapse_3750_1250_1750,3750,1750,0,3500,21885500,6567751,1750,55000000,52500000,6566000,2187500,4378500,2187500,0,0,0,2191000,6098037,6.0980
swap_distribute_parallel_for_collapse_3750_1250_2250,3750,2250,0,4500,28138500,8444251,2250,60000000,67500000,8442000,2812500,5629500,2812500,0,0,0,2817000,7839942,7.8399
swap_distribute_parallel_for_collapse_3750_1250_2750,3750,2750,0,5500,34391500,10320751,2750,65000000,82500000,10318000,3437500,6880500,3437500,0,0,0,3443000,9589681,9.5897
swap_distribute_parallel_for_collapse_3750_1250_3250,3750,3250,0,6500,40644500,12197251,3250,70000000,97500000,12194000,4062500,8131500,4062500,0,0,0,4069000,11325020,11.3250
swap_distribute_parallel_for_collapse_3750_1250_3750,3750,3750,0,7500,46897500,14073751,3750,75000000,112500000,14070000,4687500,9382500,4687500,0,0,0,4695000,13085323,13.0853
swap_distribute_parallel_for_collapse_3750_1250_4250,3750,4250,0,8500,53150500,15950251,4250,80000000,127500000,15946000,5312500,10633500,5312500,0,0,0,5321000,14831375,14.8314
swap_distribute_parallel_for_collapse_3750_1750_1250,3750,1250,0,2500,21882500,6566251,1250,70000000,37500000,6565000,2187500,4377500,2187500,0,0,0,2190000,6112248,6.1122
swap_distribute_parallel_for_collapse_3750_1750_1750,3750,1750,0,3500,30635500,9192751,1750,77000000,52500000,9191000,3062500,6128500,3062500,0,0,0,3066000,8552617,8.5526
swap_distribute_parallel_for_collapse_3750_1750_2250,3750,2250,0,4500,39388500,11819251,2250,84000000,67500000,11817000,3937500,7879500,3937500,0,0,0,3942000,11000901,11.0009
swap_distribute_parallel_for_collapse_3750_1750_2750,3750,2750,0,5500,48141500,14445751,2750,91000000,82500000,14443000,4812500,9630500,4812500,0,0,0,4818000,13437368,13.4374
swap_distribute_parallel_for_collapse_3750_1750_3250,3750,3250,0,6500,56894500,17072251,3250,98000000,97500000,17069000,5687500,11381500,5687500,0,0,0,5694000,15882597,15.8826
swap_distribute_parallel_for_collapse_3750_1750_3750,3750,3750,0,7500,65647500,19698751,3750,105000000,112500000,19695000,6562500,13132500,6562500,0,0,0,6570000,18325336,18.3253
swap_distribute_parallel_for_collapse_3750_1750_4250,3750,4250,0,8500,74400500,22325251,4250,112000000,127500000,22321000,7437500,14883500,7437500,0,0,0,7446000,20772562,20.7726
swap_distribute_parallel_for_collapse_3750_2250_1250,3750,1250,0,2500,28132500,8441251,1250,90000000,37500000,8440000,2812500,5627500,2812500,0,0,0,2815000,7906842,7.9068
swap_distribute_parallel_for_collapse_3750_2250_1750,3750,1750,0,3500,39385500,11817751,1750,99000000,52500000,11816000,3937500,7878500,3937500,0,0,0,3941000,11044218,11.0442
swap_distribute_parallel_for_collapse_3750_2250_2250,3750,2250,0,4500,50638500,15194251,2250,108000000,67500000,15192000,5062500,10129500,5062500,0,0,0,5067000,14201816,14.2018
swap_distribute_parallel_for_collapse_3750_2250_2750,3750,2750,0,5500,61891500,18570751,2750,117000000,82500000,18568000,6187500,12380500,6187500,0,0,0,6193000,17351457,17.3515
swap_distribute_parallel_for_collapse_3750_2250_3250,3750,3250,0,6500,73144500,21947251,3250,126000000,97500000,21944000,7312500,14631500,7312500,0,0,0,7319000,20512402,20.5124
swap_distribute_parallel_for_collapse_3750_2250_3750,3750,3750,0,7500,84397500,25323751,3750,135000000,112500000,25320000,8437500,16882500,8437500,0,0,0,8445000,23699021,23.6990
swap_distribute_parallel_for_collapse_3750_2250_4250,3750,4250,0,8500,95650500,28700251,4250,144000000,127500000,28696000,9562500,19133500,9562500,0,0,0,9571000,26814379,26.8144
swap_distribute_parallel_for_collapse_3750_2750_1250,3750,1250,0,2500,34382500,10316251,1250,110000000,37500000,10315000,3437500,6877500,3437500,0,0,0,3440000,9649463,9.6495
swap_distribute_parallel_for_collapse_3750_2750_1750,3750,1750,0,3500,48135500,14442751,1750,121000000,52500000,14441000,4812500,9628500,4812500,0,0,0,4816000,13513998,13.5140
swap_distribute_parallel_for_collapse_3750_2750_2250,3750,2250,0,4500,61888500,18569251,2250,132000000,67500000,18567000,6187500,12379500,6187500,0,0,0,6192000,17366450,17.3665
swap_distribute_parallel_for_collapse_3750_2750_2750,3750,2750,0,5500,75641500,22695751,2750,143000000,82500000,22693000,7562500,15130500,7562500,0,0,0,7568000,21213182,21.2132
swap_distribute_parallel_for_collapse_3750_2750_3250,3750,3250,0,6500,89394500,26822251,3250,154000000,97500000,26819000,8937500,17881500,8937500,0,0,0,8944000,25072237,25.0722
swap_distribute_parallel_for_collapse_3750_2750_3750,3750,3750,0,7500,103147500,30948751,3750,165000000,112500000,30945000,10312500,20632500,10312500,0,0,0,10320000,28929484,28.9295
swap_distribute_parallel_for_collapse_3750_2750_4250,3750,4250,0,8500,116900500,35075251,4250,176000000,127500000,35071000,11687500,23383500,11687500,0,0,0,11696000,32801725,32.8017
swap_distribute_parallel_for_collapse_3750_3250_1250,3750,1250,0,2500,40632500,12191251,1250,130000000,37500000,12190000,4062500,8127500,4062500,0,0,0,4065000,11390839,11.3908
swap_distribute_parallel_for_collapse_3750_3250_1750,3750,1750,0,3500,56885500,17067751,1750,143000000,52500000,17066000,5687500,11378500,5687500,0,0,0,5691000,15996537,15.9965
swap_distribute_parallel_for_collapse_3750_3250_2250,3750,2250,0,4500,73138500,21944251,2250,156000000,67500000,21942000,7312500,14629500,7312500,0,0,0,7317000,20493865,20.4939
swap_distribute_parallel_for_collapse_3750_3250_2750,3750,2750,0,5500,89391500,26820751,2750,169000000,82500000,26818000,8937500,17880500,8937500,0,0,0,8943000,25032232,25.0322
swap_distribute_parallel_for_collapse_3750_3250_3250,3750,3250,0,6500,105644500,31697251,3250,182000000,97500000,31694000,10562500,21131500,10562500,0,0,0,10569000,29583376,29.5834
swap_distribute_parallel_for_collapse_3750_3250_3750,3750,3750,0,7500,121897500,36573751,3750,195000000,112500000,36570000,12187500,24382500,12187500,0,0,0,12195000,34166531,34.1665
swap_distribute_parallel_for_collapse_3750_3250_4250,3750,4250,0,8500,138150500,41450251,4250,208000000,127500000,41446000,13812500,27633500,13812500,0,0,0,13821000,38685433,38.6854
swap_distribute_parallel_for_collapse_3750_3750_1250,3750,1250,0,2500,46882500,14066251,1250,150000000,37500000,14065000,4687500,9377500,4687500,0,0,0,4690000,13196499,13.1965
swap_distribute_parallel_for_collapse_3750_3750_1750,3750,1750,0,3500,65635500,19692751,1750,165000000,52500000,19691000,6562500,13128500,6562500,0,0,0,6566000,18472331,18.4723
swap_distribute_parallel_for_collapse_3750_3750_2250,3750,2250,0,4500,84388500,25319251,2250,180000000,67500000,25317000,8437500,16879500,8437500,0,0,0,8442000,23743953,23.7440
swap_distribute_parallel_for_collapse_3750_3750_2750,3750,2750,0,5500,103141500,30945751,2750,195000000,82500000,30943000,10312500,20630500,10312500,0,0,0,10318000,29025904,29.0259
swap_distribute_parallel_for_collapse_3750_3750_3250,3750,3250,0,6500,121894500,36572251,3250,210000000,97500000,36569000,12187500,24381500,12187500,0,0,0,12194000,34285007,34.2850
swap_distribute_parallel_for_collapse_3750_3750_3750,3750,3750,0,7500,140647500,42198751,3750,225000000,112500000,42195000,14062500,28132500,14062500,0,0,0,14070000,39564815,39.5648
swap_distribute_parallel_for_collapse_3750_3750_4250,3750,4250,0,8500,159400500,47825251,4250,240000000,127500000,47821000,15937500,31883500,15937500,0,0,0,15946000,44834260,44.8343
swap_distribute_parallel_for_collapse_3900_1400_1400,3900,1400,0,2800,19608400,5884201,1400,59360000,43680000,5882800,1960000,3922800,1960000,0,0,0,1962800,5689542,5.6895
swap_distribute_parallel_for_collapse_3900_1400_1900,3900,1900,0,3800,26611400,7985701,1900,64960000,59280000,7983800,2660000,5323800,2660000,0,0,0,2663800,7781839,7.7818
swap_distribute_parallel_for_collapse_3900_1400_2400,3900,2400,0,4800,33614400,10087201,2400,70560000,74880000,10084800,3360000,6724800,3360000,0,0,0,3364800,9833978,9.8340
swap_distribute_parallel_for_collapse_3900_1400_2900,3900,2900,0,5800,40617400,12188701,2900,76160000,90480000,12185800,4060000,8125800,4060000,0,0,0,4065800,11827154,11.8272
swap_distribute_parallel_for_collapse_3900_1400_3400,3900,3400,0,6800,47620400,14290201,3400,81760000,106080000,14286800,4760000,9526800,4760000,0,0,0,4766800,13813204,13.8132
swap_distribute_parallel_for_collapse_3900_1400_3900,3900,3900,0,7800,54623400,16391701,3900,87360000,121680000,16387800,5460000,10927800,5460000,0,0,0,5467800,15839252,15.8393
swap_distribute_parallel_for_collapse_3900_1400_900,3900,900,0,1800,12605400,3782701,900,53760000,28080000,3781800,1260000,2521800,1260000,0,0,0,1261800,3656901,3.6569
swap_distribute_parallel_for_collapse_3900_1900_1400,3900,1400,0,2800,26608400,7984201,1400,80560000,43680000,7982800,2660000,5322800,2660000,0,0,0,2662800,7725569,7.7256
swap_distribute_parallel_for_collapse_3900_1900_1900,3900,1900,0,3800,36111400,10835701,1900,88160000,59280000,10833800,3610000,7223800,3610000,0,0,0,3613800,10482947,10.4829
swap_distribute_parallel_for_collapse_3900_1900_2400,3900,2400,0,4800,45614400,13687201,2400,95760000,74880000,13684800,4560000,9124800,4560000,0,0,0,4564800,13250932,13.2509
swap_distribute_parallel_for_collapse_3900_1900_2900,3900,2900,0,5800,55117400,16538701,2900,103360000,90480000,16535800,5510000,11025800,5510000,0,0,0,5515800,16005090,16.0051
swap_distribute_parallel_for_collapse_3900_1900_3900,3900,3900,0,7800,74123400,22241701,3900,118560000,121680000,22237800,7410000,14827800,7410000,0,0,0,7417800,21593458,21.5935
swap_distribute_parallel_for_collapse_3900_1900_900,3900,900,0,1800,17105400,5132701,900,72960000,28080000,5131800,1710000,3421800,1710000,0,0,0,1711800,4968017,4.9680
swap_distribute_parallel_for_collapse_3900_2400_1400,3900,1400,0,2800,33608400,10084201,1400,101760000,43680000,10082800,3360000,6722800,3360000,0,0,0,3362800,9798375,9.7984
swap_distribute_parallel_for_collapse_3900_2400_1900,3900,1900,0,3800,45611400,13685701,1900,111360000,59280000,13683800,4560000,9123800,4560000,0,0,0,4563800,13294995,13.2950
swap_distribute_parallel_for_collapse_3900_2400_2400,3900,2400,0,4800,57614400,17287201,2400,120960000,74880000,17284800,5760000,11524800,5760000,0,0,0,5764800,16800775,16.8008
swap_distribute_parallel_for_collapse_3900_2400_2900,3900,2900,0,5800,69617400,20888701,2900,130560000,90480000,20885800,6960000,13925800,6960000,0,0,0,6965800,20292382,20.2924
swap_distribute_parallel_for_collapse_3900_2400_3400,3900,3400,0,6800,81620400,24490201,3400,140160000,106080000,24486800,8160000,16326800,8160000,0,0,0,8166800,23868688,23.8687
swap_distribute_parallel_for_collapse_3900_2400_3900,3900,3900,0,7800,93623400,28091701,3900,149760000,121680000,28087800,9360000,18727800,9360000,0,0,0,9367800,27297247,27.2972
swap_distribute_parallel_for_collapse_3900_2400_900,3900,900,0,1800,21605400,6482701,900,92160000,28080000,6481800,2160000,4321800,2160000,0,0,0,2161800,6313098,6.3131
swap_distribute_parallel_for_collapse_3900_2900_1400,3900,1400,0,2800,40608400,12184201,1400,122960000,43680000,12182800,4060000,8122800,4060000,0,0,0,4062800,11904926,11.9049
swap_distribute_parallel_for_collapse_3900_2900_1900,3900,1900,0,3800,55111400,16535701,1900,134560000,59280000,16533800,5510000,11023800,5510000,0,0,0,5513800,16067645,16.0676
swap_distribute_parallel_for_collapse_3900_2900_2400,3900,2400,0,4800,69614400,20887201,2400,146160000,74880000,20884800,6960000,13924800,6960000,0,0,0,6964800,20345844,20.3458
swap_distribute_parallel_for_collapse_3900_2900_2900,3900,2900,0,5800,84117400,25238701,2900,157760000,90480000,25235800,8410000,16825800,8410000,0,0,0,8415800,24598879,24.5989
swap_distribute_parallel_for_collapse_3900_2900_3400,3900,3400,0,6800,98620400,29590201,3400,169360000,106080000,29586800,9860000,19726800,9860000,0,0,0,9866800,28760455,28.7605
swap_distribute_parallel_for_collapse_3900_2900_3900,3900,3900,0,7800,113123400,33941701,3900,180960000,121680000,33937800,11310000,22627800,11310000,0,0,0,11317800,32990485,32.9905
swap_distribute_parallel_for_collapse_3900_2900_900,3900,900,0,1800,26105400,7832701,900,111360000,28080000,7831800,2610000,5221800,2610000,0,0,0,2611800,7624774,7.6248
swap_distribute_parallel_for_collapse_3900_3400_1400,3900,1400,0,2800,47608400,14284201,1400,144160000,43680000,14282800,4760000,9522800,4760000,0,0,0,4762800,14004569,14.0046
swap_distribute_parallel_for_collapse_3900_3400_1900,3900,1900,0,3800,64611400,19385701,1900,157760000,59280000,19383800,6460000,12923800,6460000,0,0,0,6463800,19000653,19.0007
swap_distribute_parallel_for_collapse_3900_3400_2400,3900,2400,0,4800,81614400,24487201,2400,171360000,74880000,24484800,8160000,16324800,8160000,0,0,0,8164800,23992460,23.9925
swap_distribute_parallel_for_collapse_3900_3400_2900,3900,2900,0,5800,98617400,29588701,2900,184960000,90480000,29585800,9860000,19725800,9860000,0,0,0,9865800,29004948,29.0049
swap_distribute_parallel_for_collapse_3900_3400_3400,3900,3400,0,6800,115620400,34690201,3400,198560000,106080000,34686800,11560000,23126800,11560000,0,0,0,11566800,34117418,34.1174
swap_distribute_parallel_for_collapse_3900_3400_3900,3900,3900,0,7800,132623400,39791701,3900,212160000,121680000,39787800,13260000,26527800,13260000,0,0,0,13267800,38982340,38.9823
swap_distribute_parallel_for_collapse_3900_3400_900,3900,900,0,1800,30605400,9182701,900,130560000,28080000,9181800,3060000,6121800,3060000,0,0,0,3061800,9006402,9.0064
swap_distribute_parallel_for_collapse_3900_3900_1400,3900,1400,0,2800,54608400,16384201,1400,165360000,43680000,16382800,5460000,10922800,5460000,0,0,0,5462800,15928049,15.9280
swap_distribute_parallel_for_collapse_3900_3900_1900,3900,1900,0,3800,74111400,22235701,1900,180960000,59280000,22233800,7410000,14823800,7410000,0,0,0,7413800,21599804,21.5998
swap_distribute_parallel_for_collapse_3900_3900_2400,3900,2400,0,4800,93614400,28087201,2400,196560000,74880000,28084800,9360000,18724800,9360000,0,0,0,9364800,27297680,27.2977
swap_distribute_parallel_for_collapse_3900_3900_2900,3900,2900,0,5800,113117400,33938701,2900,212160000,90480000,33935800,11310000,22625800,11310000,0,0,0,11315800,32960601,32.9606
swap_distribute_parallel_for_collapse_3900_3900_3400,3900,3400,0,6800,132620400,39790201,3400,227760000,106080000,39786800,13260000,26526800,13260000,0,0,0,13266800,38660039,38.6600
swap_distribute_parallel_for_collapse_3900_3900_3900,3900,3900,0,7800,152123400,45641701,3900,243360000,121680000,45637800,15210000,30427800,15210000,0,0,0,15217800,44352935,44.3529
swap_distribute_parallel_for_collapse_3900_3900_900,3900,900,0,1800,35105400,10532701,900,149760000,28080000,10531800,3510000,7021800,3510000,0,0,0,3511800,10238885,10.2389
swap_distribute_parallel_for_collapse_3900_900_1400,3900,1400,0,2800,12608400,3784201,1400,38160000,43680000,3782800,1260000,2522800,1260000,0,0,0,1262800,3656392,3.6564
swap_distribute_parallel_for_collapse_3900_900_1900,3900,1900,0,3800,17111400,5135701,1900,41760000,59280000,5133800,1710000,3423800,1710000,0,0,0,1713800,4974057,4.9741
swap_distribute_parallel_for_collapse_3900_900_2400,3900,2400,0,4800,21614400,6487201,2400,45360000,74880000,6484800,2160000,4324800,2160000,0,0,0,2164800,6264290,6.2643
swap_distribute_parallel_for_collapse_3900_900_2900,3900,2900,0,5800,26117400,7838701,2900,48960000,90480000,7835800,2610000,5225800,2610000,0,0,0,2615800,7563537,7.5635
swap_distribute_parallel_for_collapse_3900_900_3400,3900,3400,0,6800,30620400,9190201,3400,52560000,106080000,9186800,3060000,6126800,3060000,0,0,0,3066800,8869967,8.8700
swap_distribute_parallel_for_collapse_3900_900_3900,3900,3900,0,7800,35123400,10541701,3900,56160000,121680000,10537800,3510000,7027800,3510000,0,0,0,3517800,10200356,10.2004
swap_distribute_parallel_for_collapse_3900_900_900,3900,900,0,1800,8105400,2432701,900,34560000,28080000,2431800,810000,1621800,810000,0,0,0,811800,2348687,2.3487
swap_distribute_parallel_for_collapse_400_100_100,400,100,0,200,100600,30301,100,400000,320000,30200,10000,20200,10000,0,0,0,10200,10408,0.0104
swap_distribute_parallel_for_collapse_400_100_200,400,200,0,400,201200,60601,200,480000,640000,60400,20000,40400,20000,0,0,0,20400,5550,0.0056
swap_distribute_parallel_for_collapse_400_100_300,400,300,0,600,301800,90901,300,560000,960000,90600,30000,60600,30000,0,0,0,30600,6608,0.0066
swap_distribute_parallel_for_collapse_400_100_400,400,400,0,800,402400,121201,400,640000,1280000,120800,40000,80800,40000,0,0,0,40800,21879,0.0219
swap_distribute_parallel_for_collapse_400_100_500,400,500,0,1000,503000,151501,500,720000,1600000,151000,50000,101000,50000,0,0,0,51000,15117,0.0151
swap_distribute_parallel_for_collapse_400_100_600,400,600,0,1200,603600,181801,600,800000,1920000,181200,60000,121200,60000,0,0,0,61200,14985,0.0150
swap_distribute_parallel_for_collapse_400_100_700,400,700,0,1400,704200,212101,700,880000,2240000,211400,70000,141400,70000,0,0,0,71400,13186,0.0132
swap_distribute_parallel_for_collapse_400_100_800,400,800,0,1600,804800,242401,800,960000,2560000,241600,80000,161600,80000,0,0,0,81600,14859,0.0149
swap_distribute_parallel_for_collapse_400_100_900,400,900,0,1800,905400,272701,900,1040000,2880000,271800,90000,181800,90000,0,0,0,91800,16269,0.0163
swap_distribute_parallel_for_collapse_400_200_100,400,100,0,200,200600,60301,100,800000,320000,60200,20000,40200,20000,0,0,0,20200,5409,0.0054
swap_distribute_parallel_for_collapse_400_200_200,400,200,0,400,401200,120601,200,960000,640000,120400,40000,80400,40000,0,0,0,40400,8649,0.0086
swap_distribute_parallel_for_collapse_400_200_300,400,300,0,600,601800,180901,300,1120000,960000,180600,60000,120600,60000,0,0,0,60600,12438,0.0124
swap_distribute_parallel_for_collapse_400_200_400,400,400,0,800,802400,241201,400,1280000,1280000,240800,80000,160800,80000,0,0,0,80800,18824,0.0188
swap_distribute_parallel_for_collapse_400_200_500,400,500,0,1000,1003000,301501,500,1440000,1600000,301000,100000,201000,100000,0,0,0,101000,18468,0.0185
swap_distribute_parallel_for_collapse_400_200_600,400,600,0,1200,1203600,361801,600,1600000,1920000,361200,120000,241200,120000,0,0,0,121200,21100,0.0211
swap_distribute_parallel_for_collapse_400_200_700,400,700,0,1400,1404200,422101,700,1760000,2240000,421400,140000,281400,140000,0,0,0,141400,24304,0.0243
swap_distribute_parallel_for_collapse_400_200_800,400,800,0,1600,1604800,482401,800,1920000,2560000,481600,160000,321600,160000,0,0,0,161600,27321,0.0273
swap_distribute_parallel_for_collapse_400_200_900,400,900,0,1800,1805400,542701,900,2080000,2880000,541800,180000,361800,180000,0,0,0,181800,30606,0.0306
swap_distribute_parallel_for_collapse_400_300_100,400,100,0,200,300600,90301,100,1200000,320000,90200,30000,60200,30000,0,0,0,30200,6366,0.0064
swap_distribute_parallel_for_collapse_400_300_200,400,200,0,400,601200,180601,200,1440000,640000,180400,60000,120400,60000,0,0,0,60400,11582,0.0116
swap_distribute_parallel_for_collapse_400_300_300,400,300,0,600,901800,270901,300,1680000,960000,270600,90000,180600,90000,0,0,0,90600,17844,0.0178
swap_distribute_parallel_for_collapse_400_300_400,400,400,0,800,1202400,361201,400,1920000,1280000,360800,120000,240800,120000,0,0,0,120800,20988,0.0210
swap_distribute_parallel_for_collapse_400_300_500,400,500,0,1000,1503000,451501,500,2160000,1600000,451000,150000,301000,150000,0,0,0,151000,26730,0.0267
swap_distribute_parallel_for_collapse_400_300_600,400,600,0,1200,1803600,541801,600,2400000,1920000,541200,180000,361200,180000,0,0,0,181200,30042,0.0300
swap_distribute_parallel_for_collapse_400_300_700,400,700,0,1400,2104200,632101,700,2640000,2240000,631400,210000,421400,210000,0,0,0,211400,36662,0.0367
swap_distribute_parallel_for_collapse_400_300_800,400,800,0,1600,2404800,722401,800,2880000,2560000,721600,240000,481600,240000,0,0,0,241600,38181,0.0382
swap_distribute_parallel_for_collapse_400_300_900,400,900,0,1800,2705400,812701,900,3120000,2880000,811800,270000,541800,270000,0,0,0,271800,43120,0.0431
swap_distribute_parallel_for_collapse_400_400_100,400,100,0,200,400600,120301,100,1600000,320000,120200,40000,80200,40000,0,0,0,40200,8590,0.0086
swap_distribute_parallel_for_collapse_400_400_200,400,200,0,400,801200,240601,200,1920000,640000,240400,80000,160400,80000,0,0,0,80400,15070,0.0151
swap_distribute_parallel_for_collapse_400_400_300,400,300,0,600,1201800,360901,300,2240000,960000,360600,120000,240600,120000,0,0,0,120600,20837,0.0208
swap_distribute_parallel_for_collapse_400_400_400,400,400,0,800,1602400,481201,400,2560000,1280000,480800,160000,320800,160000,0,0,0,160800,26162,0.0262
swap_distribute_parallel_for_collapse_400_400_500,400,500,0,1000,2003000,601501,500,2880000,1600000,601000,200000,401000,200000,0,0,0,201000,32094,0.0321
swap_distribute_parallel_for_collapse_400_400_600,400,600,0,1200,2403600,721801,600,3200000,1920000,721200,240000,481200,240000,0,0,0,241200,37930,0.0379
swap_distribute_parallel_for_collapse_400_400_700,400,700,0,1400,2804200,842101,700,3520000,2240000,841400,280000,561400,280000,0,0,0,281400,44362,0.0444
swap_distribute_parallel_for_collapse_400_400_800,400,800,0,1600,3204800,962401,800,3840000,2560000,961600,320000,641600,320000,0,0,0,321600,51978,0.0520
swap_distribute_parallel_for_collapse_400_400_900,400,900,0,1800,3605400,1082701,900,4160000,2880000,1081800,360000,721800,360000,0,0,0,361800,58648,0.0586
swap_distribute_parallel_for_collapse_400_500_100,400,100,0,200,500600,150301,100,2000000,320000,150200,50000,100200,50000,0,0,0,50200,11050,0.0111
swap_distribute_parallel_for_collapse_400_500_200,400,200,0,400,1001200,300601,200,2400000,640000,300400,100000,200400,100000,0,0,0,100400,17932,0.0179
swap_distribute_parallel_for_collapse_400_500_300,400,300,0,600,1501800,450901,300,2800000,960000,450600,150000,300600,150000,0,0,0,150600,24538,0.0245
swap_distribute_parallel_for_collapse_400_500_400,400,400,0,800,2002400,601201,400,3200000,1280000,600800,200000,400800,200000,0,0,0,200800,33103,0.0331
swap_distribute_parallel_for_collapse_400_500_500,400,500,0,1000,2503000,751501,500,3600000,1600000,751000,250000,501000,250000,0,0,0,251000,39858,0.0399
swap_distribute_parallel_for_collapse_400_500_600,400,600,0,1200,3003600,901801,600,4000000,1920000,901200,300000,601200,300000,0,0,0,301200,48884,0.0489
swap_distribute_parallel_for_collapse_400_500_700,400,700,0,1400,3504200,1052101,700,4400000,2240000,1051400,350000,701400,350000,0,0,0,351400,57130,0.0571
swap_distribute_parallel_for_collapse_400_500_800,400,800,0,1600,4004800,1202401,800,4800000,2560000,1201600,400000,801600,400000,0,0,0,401600,68292,0.0683
swap_distribute_parallel_for_collapse_400_500_900,400,900,0,1800,4505400,1352701,900,5200000,2880000,1351800,450000,901800,450000,0,0,0,451800,78280,0.0783
swap_distribute_parallel_for_collapse_400_600_100,400,100,0,200,600600,180301,100,2400000,320000,180200,60000,120200,60000,0,0,0,60200,12450,0.0124
swap_distribute_parallel_for_collapse_400_600_200,400,200,0,400,1201200,360601,200,2880000,640000,360400,120000,240400,120000,0,0,0,120400,22085,0.0221
swap_distribute_parallel_for_collapse_400_600_300,400,300,0,600,1801800,540901,300,3360000,960000,540600,180000,360600,180000,0,0,0,180600,28901,0.0289
swap_distribute_parallel_for_collapse_400_600_400,400,400,0,800,2402400,721201,400,3840000,1280000,720800,240000,480800,240000,0,0,0,240800,38280,0.0383
swap_distribute_parallel_for_collapse_400_600_500,400,500,0,1000,3003000,901501,500,4320000,1600000,901000,300000,601000,300000,0,0,0,301000,47327,0.0473
swap_distribute_parallel_for_collapse_400_600_600,400,600,0,1200,3603600,1081801,600,4800000,1920000,1081200,360000,721200,360000,0,0,0,361200,58602,0.0586
swap_distribute_parallel_for_collapse_400_600_700,400,700,0,1400,4204200,1262101,700,5280000,2240000,1261400,420000,841400,420000,0,0,0,421400,70507,0.0705
swap_distribute_parallel_for_collapse_400_600_800,400,800,0,1600,4804800,1442401,800,5760000,2560000,1441600,480000,961600,480000,0,0,0,481600,83659,0.0837
swap_distribute_parallel_for_collapse_400_600_900,400,900,0,1800,5405400,1622701,900,6240000,2880000,1621800,540000,1081800,540000,0,0,0,541800,95739,0.0957
swap_distribute_parallel_for_collapse_400_700_100,400,100,0,200,700600,210301,100,2800000,320000,210200,70000,140200,70000,0,0,0,70200,13992,0.0140
swap_distribute_parallel_for_collapse_400_700_200,400,200,0,400,1401200,420601,200,3360000,640000,420400,140000,280400,140000,0,0,0,140400,24241,0.0242
swap_distribute_parallel_for_collapse_400_700_300,400,300,0,600,2101800,630901,300,3920000,960000,630600,210000,420600,210000,0,0,0,210600,33617,0.0336
swap_distribute_parallel_for_collapse_400_700_400,400,400,0,800,2802400,841201,400,4480000,1280000,840800,280000,560800,280000,0,0,0,280800,45113,0.0451
swap_distribute_parallel_for_collapse_400_700_500,400,500,0,1000,3503000,1051501,500,5040000,1600000,1051000,350000,701000,350000,0,0,0,351000,57839,0.0578
swap_distribute_parallel_for_collapse_400_700_600,400,600,0,1200,4203600,1261801,600,5600000,1920000,1261200,420000,841200,420000,0,0,0,421200,73520,0.0735
swap_distribute_parallel_for_collapse_400_700_700,400,700,0,1400,4904200,1472101,700,6160000,2240000,1471400,490000,981400,490000,0,0,0,491400,85882,0.0859
swap_distribute_parallel_for_collapse_400_700_800,400,800,0,1600,5604800,1682401,800,6720000,2560000,1681600,560000,1121600,560000,0,0,0,561600,103227,0.1032
swap_distribute_parallel_for_collapse_400_700_900,400,900,0,1800,6305400,1892701,900,7280000,2880000,1891800,630000,1261800,630000,0,0,0,631800,118779,0.1188
swap_distribute_parallel_for_collapse_400_800_100,400,100,0,200,800600,240301,100,3200000,320000,240200,80000,160200,80000,0,0,0,80200,15603,0.0156
swap_distribute_parallel_for_collapse_400_800_200,400,200,0,400,1601200,480601,200,3840000,640000,480400,160000,320400,160000,0,0,0,160400,27364,0.0274
swap_distribute_parallel_for_collapse_400_800_300,400,300,0,600,2401800,720901,300,4480000,960000,720600,240000,480600,240000,0,0,0,240600,38340,0.0383
swap_distribute_parallel_for_collapse_400_800_400,400,400,0,800,3202400,961201,400,5120000,1280000,960800,320000,640800,320000,0,0,0,320800,51941,0.0519
swap_distribute_parallel_for_collapse_400_800_500,400,500,0,1000,4003000,1201501,500,5760000,1600000,1201000,400000,801000,400000,0,0,0,401000,66514,0.0665
swap_distribute_parallel_for_collapse_400_800_600,400,600,0,1200,4803600,1441801,600,6400000,1920000,1441200,480000,961200,480000,0,0,0,481200,85504,0.0855
swap_distribute_parallel_for_collapse_400_800_700,400,700,0,1400,5604200,1682101,700,7040000,2240000,1681400,560000,1121400,560000,0,0,0,561400,103888,0.1039
swap_distribute_parallel_for_collapse_400_800_800,400,800,0,1600,6404800,1922401,800,7680000,2560000,1921600,640000,1281600,640000,0,0,0,641600,121829,0.1218
swap_distribute_parallel_for_collapse_400_800_900,400,900,0,1800,7205400,2162701,900,8320000,2880000,2161800,720000,1441800,720000,0,0,0,721800,141613,0.1416
swap_distribute_parallel_for_collapse_400_900_100,400,100,0,200,900600,270301,100,3600000,320000,270200,90000,180200,90000,0,0,0,90200,17644,0.0176
swap_distribute_parallel_for_collapse_400_900_200,400,200,0,400,1801200,540601,200,4320000,640000,540400,180000,360400,180000,0,0,0,180400,30601,0.0306
swap_distribute_parallel_for_collapse_400_900_300,400,300,0,600,2701800,810901,300,5040000,960000,810600,270000,540600,270000,0,0,0,270600,42575,0.0426
swap_distribute_parallel_for_collapse_400_900_400,400,400,0,800,3602400,1081201,400,5760000,1280000,1080800,360000,720800,360000,0,0,0,360800,62937,0.0629
swap_distribute_parallel_for_collapse_400_900_500,400,500,0,1000,4503000,1351501,500,6480000,1600000,1351000,450000,901000,450000,0,0,0,451000,78424,0.0784
swap_distribute_parallel_for_collapse_400_900_600,400,600,0,1200,5403600,1621801,600,7200000,1920000,1621200,540000,1081200,540000,0,0,0,541200,101076,0.1011
swap_distribute_parallel_for_collapse_400_900_700,400,700,0,1400,6304200,1892101,700,7920000,2240000,1891400,630000,1261400,630000,0,0,0,631400,120135,0.1201
swap_distribute_parallel_for_collapse_400_900_800,400,800,0,1600,7204800,2162401,800,8640000,2560000,2161600,720000,1441600,720000,0,0,0,721600,144739,0.1447
swap_distribute_parallel_for_collapse_400_900_900,400,900,0,1800,8105400,2432701,900,9360000,2880000,2431800,810000,1621800,810000,0,0,0,811800,162367,0.1624
swap_distribute_parallel_for_collapse_4500_4500_4500,4500,4500,0,9000,202527000,60763501,4500,324000000,162000000,60759000,20250000,40509000,20250000,0,0,0,20259000,81590645,81.5906
swap_distribute_parallel_for_collapse_4500_4500_5000,4500,5000,0,10000,225030000,67515001,5000,342000000,180000000,67510000,22500000,45010000,22500000,0,0,0,22510000,90515412,90.5154
swap_distribute_parallel_for_collapse_4500_4500_5500,4500,5500,0,11000,247533000,74266501,5500,360000000,198000000,74261000,24750000,49511000,24750000,0,0,0,24761000,99612376,99.6124
swap_distribute_parallel_for_collapse_4500_4500_6000,4500,6000,0,12000,270036000,81018001,6000,378000000,216000000,81012000,27000000,54012000,27000000,0,0,0,27012000,108664514,108.6645
swap_distribute_parallel_for_collapse_4500_5000_4500,4500,4500,0,9000,225027000,67513501,4500,360000000,162000000,67509000,22500000,45009000,22500000,0,0,0,22509000,90072980,90.0730
swap_distribute_parallel_for_collapse_4500_5000_5000,4500,5000,0,10000,250030000,75015001,5000,380000000,180000000,75010000,25000000,50010000,25000000,0,0,0,25010000,100161282,100.1613
swap_distribute_parallel_for_collapse_4500_5000_5500,4500,5500,0,11000,275033000,82516501,5500,400000000,198000000,82511000,27500000,55011000,27500000,0,0,0,27511000,110006895,110.0069
swap_distribute_parallel_for_collapse_4500_5000_6000,4500,6000,0,12000,300036000,90018001,6000,420000000,216000000,90012000,30000000,60012000,30000000,0,0,0,30012000,120177214,120.1772
swap_distribute_parallel_for_collapse_4500_5500_4500,4500,4500,0,9000,247527000,74263501,4500,396000000,162000000,74259000,24750000,49509000,24750000,0,0,0,24759000,99204146,99.2041
swap_distribute_parallel_for_collapse_4500_5500_5000,4500,5000,0,10000,275030000,82515001,5000,418000000,180000000,82510000,27500000,55010000,27500000,0,0,0,27510000,110195206,110.1952
swap_distribute_parallel_for_collapse_4500_5500_5500,4500,5500,0,11000,302533000,90766501,5500,440000000,198000000,90761000,30250000,60511000,30250000,0,0,0,30261000,121231153,121.2312
swap_distribute_parallel_for_collapse_4500_5500_6000,4500,6000,0,12000,330036000,99018001,6000,462000000,216000000,99012000,33000000,66012000,33000000,0,0,0,33012000,132293658,132.2937
swap_distribute_parallel_for_collapse_4500_6000_4500,4500,4500,0,9000,270027000,81013501,4500,432000000,162000000,81009000,27000000,54009000,27000000,0,0,0,27009000,108521409,108.5214
swap_distribute_parallel_for_collapse_4500_6000_5000,4500,5000,0,10000,300030000,90015001,5000,456000000,180000000,90010000,30000000,60010000,30000000,0,0,0,30010000,120556532,120.5565
swap_distribute_parallel_for_collapse_4500_6000_5500,4500,5500,0,11000,330033000,99016501,5500,480000000,198000000,99011000,33000000,66011000,33000000,0,0,0,33011000,132617677,132.6177
swap_distribute_parallel_for_collapse_4500_6000_6000,4500,6000,0,12000,360036000,108018001,6000,504000000,216000000,108012000,36000000,72012000,36000000,0,0,0,36012000,144766113,144.7661
swap_distribute_parallel_for_collapse_5000_4500_4500,5000,4500,0,9000,202527000,60763501,4500,342000000,180000000,60759000,20250000,40509000,20250000,0,0,0,20259000,90570269,90.5703
swap_distribute_parallel_for_collapse_5000_4500_5000,5000,5000,0,10000,225030000,67515001,5000,360000000,200000000,67510000,22500000,45010000,22500000,0,0,0,22510000,100516901,100.5169
swap_distribute_parallel_for_collapse_5000_4500_5500,5000,5500,0,11000,247533000,74266501,5500,378000000,220000000,74261000,24750000,49511000,24750000,0,0,0,24761000,110579073,110.5791
swap_distribute_parallel_for_collapse_5000_4500_6000,5000,6000,0,12000,270036000,81018001,6000,396000000,240000000,81012000,27000000,54012000,27000000,0,0,0,27012000,120638771,120.6388
swap_distribute_parallel_for_collapse_5000_5000_4500,5000,4500,0,9000,225027000,67513501,4500,380000000,180000000,67509000,22500000,45009000,22500000,0,0,0,22509000,100021852,100.0219
swap_distribute_parallel_for_collapse_5000_5000_5000,5000,5000,0,10000,250030000,75015001,5000,400000000,200000000,75010000,25000000,50010000,25000000,0,0,0,25010000,111130653,111.1307
swap_distribute_parallel_for_collapse_5000_5000_5500,5000,5500,0,11000,275033000,82516501,5500,420000000,220000000,82511000,27500000,55011000,27500000,0,0,0,27511000,122349885,122.3499
swap_distribute_parallel_for_collapse_5000_5000_6000,5000,6000,0,12000,300036000,90018001,6000,440000000,240000000,90012000,30000000,60012000,30000000,0,0,0,30012000,133348073,133.3481
swap_distribute_parallel_for_collapse_5000_5500_4500,5000,4500,0,9000,247527000,74263501,4500,418000000,180000000,74259000,24750000,49509000,24750000,0,0,0,24759000,110186267,110.1863
swap_distribute_parallel_for_collapse_5000_5500_5000,5000,5000,0,10000,275030000,82515001,5000,440000000,200000000,82510000,27500000,55010000,27500000,0,0,0,27510000,122459600,122.4596
swap_distribute_parallel_for_collapse_5000_5500_5500,5000,5500,0,11000,302533000,90766501,5500,462000000,220000000,90761000,30250000,60511000,30250000,0,0,0,30261000,134812170,134.8122
swap_distribute_parallel_for_collapse_5000_5500_6000,5000,6000,0,12000,330036000,99018001,6000,484000000,240000000,99012000,33000000,66012000,33000000,0,0,0,33012000,147066346,147.0663
swap_distribute_parallel_for_collapse_5000_6000_4500,5000,4500,0,9000,270027000,81013501,4500,456000000,180000000,81009000,27000000,54009000,27000000,0,0,0,27009000,120694428,120.6944
swap_distribute_parallel_for_collapse_5000_6000_5000,5000,5000,0,10000,300030000,90015001,5000,480000000,200000000,90010000,30000000,60010000,30000000,0,0,0,30010000,134049166,134.0492
swap_distribute_parallel_for_collapse_5000_6000_5500,5000,5500,0,11000,330033000,99016501,5500,504000000,220000000,99011000,33000000,66011000,33000000,0,0,0,33011000,147525623,147.5256
swap_distribute_parallel_for_collapse_5000_6000_6000,5000,6000,0,12000,360036000,108018001,6000,528000000,240000000,108012000,36000000,72012000,36000000,0,0,0,36012000,160896368,160.8964
swap_distribute_parallel_for_collapse_500_100_100,500,100,0,200,100600,30301,100,480000,400000,30200,10000,20200,10000,0,0,0,10200,2914,0.0029
swap_distribute_parallel_for_collapse_500_100_200,500,200,0,400,201200,60601,200,560000,800000,60400,20000,40400,20000,0,0,0,20400,5589,0.0056
swap_distribute_parallel_for_collapse_500_100_300,500,300,0,600,301800,90901,300,640000,1200000,90600,30000,60600,30000,0,0,0,30600,7578,0.0076
swap_distribute_parallel_for_collapse_500_100_400,500,400,0,800,402400,121201,400,720000,1600000,120800,40000,80800,40000,0,0,0,40800,9336,0.0093
swap_distribute_parallel_for_collapse_500_100_500,500,500,0,1000,503000,151501,500,800000,2000000,151000,50000,101000,50000,0,0,0,51000,11184,0.0112
swap_distribute_parallel_for_collapse_500_100_600,500,600,0,1200,603600,181801,600,880000,2400000,181200,60000,121200,60000,0,0,0,61200,13115,0.0131
swap_distribute_parallel_for_collapse_500_100_700,500,700,0,1400,704200,212101,700,960000,2800000,211400,70000,141400,70000,0,0,0,71400,15056,0.0151
swap_distribute_parallel_for_collapse_500_100_800,500,800,0,1600,804800,242401,800,1040000,3200000,241600,80000,161600,80000,0,0,0,81600,17003,0.0170
swap_distribute_parallel_for_collapse_500_100_900,500,900,0,1800,905400,272701,900,1120000,3600000,271800,90000,181800,90000,0,0,0,91800,19545,0.0195
swap_distribute_parallel_for_collapse_500_200_100,500,100,0,200,200600,60301,100,960000,400000,60200,20000,40200,20000,0,0,0,20200,5329,0.0053
swap_distribute_parallel_for_collapse_500_200_200,500,200,0,400,401200,120601,200,1120000,800000,120400,40000,80400,40000,0,0,0,40400,9761,0.0098
swap_distribute_parallel_for_collapse_500_200_300,500,300,0,600,601800,180901,300,1280000,1200000,180600,60000,120600,60000,0,0,0,60600,13886,0.0139
swap_distribute_parallel_for_collapse_500_200_400,500,400,0,800,802400,241201,400,1440000,1600000,240800,80000,160800,80000,0,0,0,80800,18167,0.0182
swap_distribute_parallel_for_collapse_500_200_500,500,500,0,1000,1003000,301501,500,1600000,2000000,301000,100000,201000,100000,0,0,0,101000,21030,0.0210
swap_distribute_parallel_for_collapse_500_200_600,500,600,0,1200,1203600,361801,600,1760000,2400000,361200,120000,241200,120000,0,0,0,121200,24817,0.0248
swap_distribute_parallel_for_collapse_500_200_700,500,700,0,1400,1404200,422101,700,1920000,2800000,421400,140000,281400,140000,0,0,0,141400,28617,0.0286
swap_distribute_parallel_for_collapse_500_200_800,500,800,0,1600,1604800,482401,800,2080000,3200000,481600,160000,321600,160000,0,0,0,161600,32539,0.0325
swap_distribute_parallel_for_collapse_500_200_900,500,900,0,1800,1805400,542701,900,2240000,3600000,541800,180000,361800,180000,0,0,0,181800,36154,0.0362
swap_distribute_parallel_for_collapse_500_300_100,500,100,0,200,300600,90301,100,1440000,400000,90200,30000,60200,30000,0,0,0,30200,7288,0.0073
swap_distribute_parallel_for_collapse_500_300_200,500,200,0,400,601200,180601,200,1680000,800000,180400,60000,120400,60000,0,0,0,60400,13486,0.0135
swap_distribute_parallel_for_collapse_500_300_300,500,300,0,600,901800,270901,300,1920000,1200000,270600,90000,180600,90000,0,0,0,90600,19063,0.0191
swap_distribute_parallel_for_collapse_500_300_400,500,400,0,800,1202400,361201,400,2160000,1600000,360800,120000,240800,120000,0,0,0,120800,24469,0.0245
swap_distribute_parallel_for_collapse_500_300_500,500,500,0,1000,1503000,451501,500,2400000,2000000,451000,150000,301000,150000,0,0,0,151000,31010,0.0310
swap_distribute_parallel_for_collapse_500_300_600,500,600,0,1200,1803600,541801,600,2640000,2400000,541200,180000,361200,180000,0,0,0,181200,37345,0.0373
swap_distribute_parallel_for_collapse_500_300_700,500,700,0,1400,2104200,632101,700,2880000,2800000,631400,210000,421400,210000,0,0,0,211400,43020,0.0430
swap_distribute_parallel_for_collapse_500_300_800,500,800,0,1600,2404800,722401,800,3120000,3200000,721600,240000,481600,240000,0,0,0,241600,51069,0.0511
swap_distribute_parallel_for_collapse_500_300_900,500,900,0,1800,2705400,812701,900,3360000,3600000,811800,270000,541800,270000,0,0,0,271800,58499,0.0585
swap_distribute_parallel_for_collapse_500_400_100,500,100,0,200,400600,120301,100,1920000,400000,120200,40000,80200,40000,0,0,0,40200,9241,0.0092
swap_distribute_parallel_for_collapse_500_400_200,500,200,0,400,801200,240601,200,2240000,800000,240400,80000,160400,80000,0,0,0,80400,17775,0.0178
swap_distribute_parallel_for_collapse_500_400_300,500,300,0,600,1201800,360901,300,2560000,1200000,360600,120000,240600,120000,0,0,0,120600,24773,0.0248
swap_distribute_parallel_for_collapse_500_400_400,500,400,0,800,1602400,481201,400,2880000,1600000,480800,160000,320800,160000,0,0,0,160800,32248,0.0322
swap_distribute_parallel_for_collapse_500_400_500,500,500,0,1000,2003000,601501,500,3200000,2000000,601000,200000,401000,200000,0,0,0,201000,40559,0.0406
swap_distribute_parallel_for_collapse_500_400_600,500,600,0,1200,2403600,721801,600,3520000,2400000,721200,240000,481200,240000,0,0,0,241200,50373,0.0504
swap_distribute_parallel_for_collapse_500_400_700,500,700,0,1400,2804200,842101,700,3840000,2800000,841400,280000,561400,280000,0,0,0,281400,61522,0.0615
swap_distribute_parallel_for_collapse_500_400_800,500,800,0,1600,3204800,962401,800,4160000,3200000,961600,320000,641600,320000,0,0,0,321600,71885,0.0719
swap_distribute_parallel_for_collapse_500_400_900,500,900,0,1800,3605400,1082701,900,4480000,3600000,1081800,360000,721800,360000,0,0,0,361800,84860,0.0849
swap_distribute_parallel_for_collapse_500_500_100,500,100,0,200,500600,150301,100,2400000,400000,150200,50000,100200,50000,0,0,0,50200,11854,0.0119
swap_distribute_parallel_for_collapse_500_500_200,500,200,0,400,1001200,300601,200,2800000,800000,300400,100000,200400,100000,0,0,0,100400,21828,0.0218
swap_distribute_parallel_for_collapse_500_500_300,500,300,0,600,1501800,450901,300,3200000,1200000,450600,150000,300600,150000,0,0,0,150600,31356,0.0314
swap_distribute_parallel_for_collapse_500_500_400,500,400,0,800,2002400,601201,400,3600000,1600000,600800,200000,400800,200000,0,0,0,200800,40937,0.0409
swap_distribute_parallel_for_collapse_500_500_500,500,500,0,1000,2503000,751501,500,4000000,2000000,751000,250000,501000,250000,0,0,0,251000,54102,0.0541
swap_distribute_parallel_for_collapse_500_500_600,500,600,0,1200,3003600,901801,600,4400000,2400000,901200,300000,601200,300000,0,0,0,301200,67687,0.0677
swap_distribute_parallel_for_collapse_500_500_700,500,700,0,1400,3504200,1052101,700,4800000,2800000,1051400,350000,701400,350000,0,0,0,351400,82883,0.0829
swap_distribute_parallel_for_collapse_500_500_800,500,800,0,1600,4004800,1202401,800,5200000,3200000,1201600,400000,801600,400000,0,0,0,401600,97079,0.0971
swap_distribute_parallel_for_collapse_500_500_900,500,900,0,1800,4505400,1352701,900,5600000,3600000,1351800,450000,901800,450000,0,0,0,451800,113214,0.1132
swap_distribute_parallel_for_collapse_500_600_100,500,100,0,200,600600,180301,100,2880000,400000,180200,60000,120200,60000,0,0,0,60200,13374,0.0134
swap_distribute_parallel_for_collapse_500_600_200,500,200,0,400,1201200,360601,200,3360000,800000,360400,120000,240400,120000,0,0,0,120400,24676,0.0247
swap_distribute_parallel_for_collapse_500_600_300,500,300,0,600,1801800,540901,300,3840000,1200000,540600,180000,360600,180000,0,0,0,180600,36938,0.0369
swap_distribute_parallel_for_collapse_500_600_400,500,400,0,800,2402400,721201,400,4320000,1600000,720800,240000,480800,240000,0,0,0,240800,49726,0.0497
swap_distribute_parallel_for_collapse_500_600_500,500,500,0,1000,3003000,901501,500,4800000,2000000,901000,300000,601000,300000,0,0,0,301000,66673,0.0667
swap_distribute_parallel_for_collapse_500_600_600,500,600,0,1200,3603600,1081801,600,5280000,2400000,1081200,360000,721200,360000,0,0,0,361200,83613,0.0836
swap_distribute_parallel_for_collapse_500_600_700,500,700,0,1400,4204200,1262101,700,5760000,2800000,1261400,420000,841400,420000,0,0,0,421400,103530,0.1035
swap_distribute_parallel_for_collapse_500_600_800,500,800,0,1600,4804800,1442401,800,6240000,3200000,1441600,480000,961600,480000,0,0,0,481600,122027,0.1220
swap_distribute_parallel_for_collapse_500_600_900,500,900,0,1800,5405400,1622701,900,6720000,3600000,1621800,540000,1081800,540000,0,0,0,541800,141311,0.1413
swap_distribute_parallel_for_collapse_500_700_100,500,100,0,200,700600,210301,100,3360000,400000,210200,70000,140200,70000,0,0,0,70200,15089,0.0151
swap_distribute_parallel_for_collapse_500_700_200,500,200,0,400,1401200,420601,200,3920000,800000,420400,140000,280400,140000,0,0,0,140400,28509,0.0285
swap_distribute_parallel_for_collapse_500_700_300,500,300,0,600,2101800,630901,300,4480000,1200000,630600,210000,420600,210000,0,0,0,210600,42745,0.0427
swap_distribute_parallel_for_collapse_500_700_400,500,400,0,800,2802400,841201,400,5040000,1600000,840800,280000,560800,280000,0,0,0,280800,60499,0.0605
swap_distribute_parallel_for_collapse_500_700_500,500,500,0,1000,3503000,1051501,500,5600000,2000000,1051000,350000,701000,350000,0,0,0,351000,81530,0.0815
swap_distribute_parallel_for_collapse_500_700_600,500,600,0,1200,4203600,1261801,600,6160000,2400000,1261200,420000,841200,420000,0,0,0,421200,102194,0.1022
swap_distribute_parallel_for_collapse_500_700_700,500,700,0,1400,4904200,1472101,700,6720000,2800000,1471400,490000,981400,490000,0,0,0,491400,124063,0.1241
swap_distribute_parallel_for_collapse_500_700_800,500,800,0,1600,5604800,1682401,800,7280000,3200000,1681600,560000,1121600,560000,0,0,0,561600,149309,0.1493
swap_distribute_parallel_for_collapse_500_700_900,500,900,0,1800,6305400,1892701,900,7840000,3600000,1891800,630000,1261800,630000,0,0,0,631800,172164,0.1722
swap_distribute_parallel_for_collapse_500_800_100,500,100,0,200,800600,240301,100,3840000,400000,240200,80000,160200,80000,0,0,0,80200,17003,0.0170
swap_distribute_parallel_for_collapse_500_800_200,500,200,0,400,1601200,480601,200,4480000,800000,480400,160000,320400,160000,0,0,0,160400,34107,0.0341
swap_distribute_parallel_for_collapse_500_800_300,500,300,0,600,2401800,720901,300,5120000,1200000,720600,240000,480600,240000,0,0,0,240600,48762,0.0488
swap_distribute_parallel_for_collapse_500_800_400,500,400,0,800,3202400,961201,400,5760000,1600000,960800,320000,640800,320000,0,0,0,320800,71920,0.0719
swap_distribute_parallel_for_collapse_500_800_500,500,500,0,1000,4003000,1201501,500,6400000,2000000,1201000,400000,801000,400000,0,0,0,401000,97452,0.0975
swap_distribute_parallel_for_collapse_500_800_600,500,600,0,1200,4803600,1441801,600,7040000,2400000,1441200,480000,961200,480000,0,0,0,481200,125126,0.1251
swap_distribute_parallel_for_collapse_500_800_700,500,700,0,1400,5604200,1682101,700,7680000,2800000,1681400,560000,1121400,560000,0,0,0,561400,150163,0.1502
swap_distribute_parallel_for_collapse_500_800_800,500,800,0,1600,6404800,1922401,800,8320000,3200000,1921600,640000,1281600,640000,0,0,0,641600,174184,0.1742
swap_distribute_parallel_for_collapse_500_800_900,500,900,0,1800,7205400,2162701,900,8960000,3600000,2161800,720000,1441800,720000,0,0,0,721800,203055,0.2031
swap_distribute_parallel_for_collapse_500_900_100,500,100,0,200,900600,270301,100,4320000,400000,270200,90000,180200,90000,0,0,0,90200,20747,0.0207
swap_distribute_parallel_for_collapse_500_900_200,500,200,0,400,1801200,540601,200,5040000,800000,540400,180000,360400,180000,0,0,0,180400,43407,0.0434
swap_distribute_parallel_for_collapse_500_900_300,500,300,0,600,2701800,810901,300,5760000,1200000,810600,270000,540600,270000,0,0,0,270600,58070,0.0581
swap_distribute_parallel_for_collapse_500_900_400,500,400,0,800,3602400,1081201,400,6480000,1600000,1080800,360000,720800,360000,0,0,0,360800,87077,0.0871
swap_distribute_parallel_for_collapse_500_900_500,500,500,0,1000,4503000,1351501,500,7200000,2000000,1351000,450000,901000,450000,0,0,0,451000,117927,0.1179
swap_distribute_parallel_for_collapse_500_900_600,500,600,0,1200,5403600,1621801,600,7920000,2400000,1621200,540000,1081200,540000,0,0,0,541200,144014,0.1440
swap_distribute_parallel_for_collapse_500_900_700,500,700,0,1400,6304200,1892101,700,8640000,2800000,1891400,630000,1261400,630000,0,0,0,631400,173871,0.1739
swap_distribute_parallel_for_collapse_500_900_800,500,800,0,1600,7204800,2162401,800,9360000,3200000,2161600,720000,1441600,720000,0,0,0,721600,203240,0.2032
swap_distribute_parallel_for_collapse_500_900_900,500,900,0,1800,8105400,2432701,900,10080000,3600000,2431800,810000,1621800,810000,0,0,0,811800,231281,0.2313
swap_distribute_parallel_for_collapse_5500_4500_4500,5500,4500,0,9000,202527000,60763501,4500,360000000,198000000,60759000,20250000,40509000,20250000,0,0,0,20259000,99545737,99.5457
swap_distribute_parallel_for_collapse_5500_4500_5000,5500,5000,0,10000,225030000,67515001,5000,378000000,220000000,67510000,22500000,45010000,22500000,0,0,0,22510000,110610973,110.6110
swap_distribute_parallel_for_collapse_5500_4500_5500,5500,5500,0,11000,247533000,74266501,5500,396000000,242000000,74261000,24750000,49511000,24750000,0,0,0,24761000,121669329,121.6693
swap_distribute_parallel_for_collapse_5500_4500_6000,5500,6000,0,12000,270036000,81018001,6000,414000000,264000000,81012000,27000000,54012000,27000000,0,0,0,27012000,132849765,132.8498
swap_distribute_parallel_for_collapse_5500_5000_4500,5500,4500,0,9000,225027000,67513501,4500,400000000,198000000,67509000,22500000,45009000,22500000,0,0,0,22509000,110031870,110.0319
swap_distribute_parallel_for_collapse_5500_5000_5500,5500,5500,0,11000,275033000,82516501,5500,440000000,242000000,82511000,27500000,55011000,27500000,0,0,0,27511000,134499600,134.4996
swap_distribute_parallel_for_collapse_5500_5000_6000,5500,6000,0,12000,300036000,90018001,6000,460000000,264000000,90012000,30000000,60012000,30000000,0,0,0,30012000,146699855,146.6999
swap_distribute_parallel_for_collapse_5500_5500_4500,5500,4500,0,9000,247527000,74263501,4500,440000000,198000000,74259000,24750000,49509000,24750000,0,0,0,24759000,121252049,121.2520
swap_distribute_parallel_for_collapse_5500_5500_5000,5500,5000,0,10000,275030000,82515001,5000,462000000,220000000,82510000,27500000,55010000,27500000,0,0,0,27510000,134904244,134.9042
swap_distribute_parallel_for_collapse_5500_5500_5500,5500,5500,0,11000,302533000,90766501,5500,484000000,242000000,90761000,30250000,60511000,30250000,0,0,0,30261000,148142864,148.1429
swap_distribute_parallel_for_collapse_5500_5500_6000,5500,6000,0,12000,330036000,99018001,6000,506000000,264000000,99012000,33000000,66012000,33000000,0,0,0,33012000,161750980,161.7510
swap_distribute_parallel_for_collapse_5500_6000_4500,5500,4500,0,9000,270027000,81013501,4500,480000000,198000000,81009000,27000000,54009000,27000000,0,0,0,27009000,132760342,132.7603
swap_distribute_parallel_for_collapse_5500_6000_5000,5500,5000,0,10000,300030000,90015001,5000,504000000,220000000,90010000,30000000,60010000,30000000,0,0,0,30010000,147577004,147.5770
swap_distribute_parallel_for_collapse_5500_6000_5500,5500,5500,0,11000,330033000,99016501,5500,528000000,242000000,99011000,33000000,66011000,33000000,0,0,0,33011000,162221599,162.2216
swap_distribute_parallel_for_collapse_600_100_100,600,100,0,200,100600,30301,100,560000,480000,30200,10000,20200,10000,0,0,0,10200,9673,0.0097
swap_distribute_parallel_for_collapse_600_100_200,600,200,0,400,201200,60601,200,640000,960000,60400,20000,40400,20000,0,0,0,20400,6651,0.0067
swap_distribute_parallel_for_collapse_600_100_300,600,300,0,600,301800,90901,300,720000,1440000,90600,30000,60600,30000,0,0,0,30600,8595,0.0086
swap_distribute_parallel_for_collapse_600_100_400,600,400,0,800,402400,121201,400,800000,1920000,120800,40000,80800,40000,0,0,0,40800,11139,0.0111
swap_distribute_parallel_for_collapse_600_100_500,600,500,0,1000,503000,151501,500,880000,2400000,151000,50000,101000,50000,0,0,0,51000,13341,0.0133
swap_distribute_parallel_for_collapse_600_100_600,600,600,0,1200,603600,181801,600,960000,2880000,181200,60000,121200,60000,0,0,0,61200,15493,0.0155
swap_distribute_parallel_for_collapse_600_100_700,600,700,0,1400,704200,212101,700,1040000,3360000,211400,70000,141400,70000,0,0,0,71400,17859,0.0179
swap_distribute_parallel_for_collapse_600_100_800,600,800,0,1600,804800,242401,800,1120000,3840000,241600,80000,161600,80000,0,0,0,81600,20761,0.0208
swap_distribute_parallel_for_collapse_600_100_900,600,900,0,1800,905400,272701,900,1200000,4320000,271800,90000,181800,90000,0,0,0,91800,23353,0.0234
swap_distribute_parallel_for_collapse_600_200_100,600,100,0,200,200600,60301,100,1120000,480000,60200,20000,40200,20000,0,0,0,20200,7264,0.0073
swap_distribute_parallel_for_collapse_600_200_200,600,200,0,400,401200,120601,200,1280000,960000,120400,40000,80400,40000,0,0,0,40400,11851,0.0119
swap_distribute_parallel_for_collapse_600_200_300,600,300,0,600,601800,180901,300,1440000,1440000,180600,60000,120600,60000,0,0,0,60600,15562,0.0156
swap_distribute_parallel_for_collapse_600_200_400,600,400,0,800,802400,241201,400,1600000,1920000,240800,80000,160800,80000,0,0,0,80800,20600,0.0206
swap_distribute_parallel_for_collapse_600_200_500,600,500,0,1000,1003000,301501,500,1760000,2400000,301000,100000,201000,100000,0,0,0,101000,25832,0.0258
swap_distribute_parallel_for_collapse_600_200_600,600,600,0,1200,1203600,361801,600,1920000,2880000,361200,120000,241200,120000,0,0,0,121200,29735,0.0297
swap_distribute_parallel_for_collapse_600_200_700,600,700,0,1400,1404200,422101,700,2080000,3360000,421400,140000,281400,140000,0,0,0,141400,34944,0.0349
swap_distribute_parallel_for_collapse_600_200_800,600,800,0,1600,1604800,482401,800,2240000,3840000,481600,160000,321600,160000,0,0,0,161600,39779,0.0398
swap_distribute_parallel_for_collapse_600_200_900,600,900,0,1800,1805400,542701,900,2400000,4320000,541800,180000,361800,180000,0,0,0,181800,44803,0.0448
swap_distribute_parallel_for_collapse_600_300_100,600,100,0,200,300600,90301,100,1680000,480000,90200,30000,60200,30000,0,0,0,30200,9221,0.0092
swap_distribute_parallel_for_collapse_600_300_200,600,200,0,400,601200,180601,200,1920000,960000,180400,60000,120400,60000,0,0,0,60400,15680,0.0157
swap_distribute_parallel_for_collapse_600_300_300,600,300,0,600,901800,270901,300,2160000,1440000,270600,90000,180600,90000,0,0,0,90600,23812,0.0238
swap_distribute_parallel_for_collapse_600_300_400,600,400,0,800,1202400,361201,400,2400000,1920000,360800,120000,240800,120000,0,0,0,120800,30240,0.0302
swap_distribute_parallel_for_collapse_600_300_500,600,500,0,1000,1503000,451501,500,2640000,2400000,451000,150000,301000,150000,0,0,0,151000,40247,0.0402
swap_distribute_parallel_for_collapse_600_300_600,600,600,0,1200,1803600,541801,600,2880000,2880000,541200,180000,361200,180000,0,0,0,181200,48440,0.0484
swap_distribute_parallel_for_collapse_600_300_700,600,700,0,1400,2104200,632101,700,3120000,3360000,631400,210000,421400,210000,0,0,0,211400,57740,0.0577
swap_distribute_parallel_for_collapse_600_300_800,600,800,0,1600,2404800,722401,800,3360000,3840000,721600,240000,481600,240000,0,0,0,241600,67711,0.0677
swap_distribute_parallel_for_collapse_600_300_900,600,900,0,1800,2705400,812701,900,3600000,4320000,811800,270000,541800,270000,0,0,0,271800,76529,0.0765
swap_distribute_parallel_for_collapse_600_400_100,600,100,0,200,400600,120301,100,2240000,480000,120200,40000,80200,40000,0,0,0,40200,11606,0.0116
swap_distribute_parallel_for_collapse_600_400_200,600,200,0,400,801200,240601,200,2560000,960000,240400,80000,160400,80000,0,0,0,80400,20347,0.0203
swap_distribute_parallel_for_collapse_600_400_300,600,300,0,600,1201800,360901,300,2880000,1440000,360600,120000,240600,120000,0,0,0,120600,30155,0.0302
swap_distribute_parallel_for_collapse_600_400_400,600,400,0,800,1602400,481201,400,3200000,1920000,480800,160000,320800,160000,0,0,0,160800,41695,0.0417
swap_distribute_parallel_for_collapse_600_400_500,600,500,0,1000,2003000,601501,500,3520000,2400000,601000,200000,401000,200000,0,0,0,201000,55092,0.0551
swap_distribute_parallel_for_collapse_600_400_600,600,600,0,1200,2403600,721801,600,3840000,2880000,721200,240000,481200,240000,0,0,0,241200,67587,0.0676
swap_distribute_parallel_for_collapse_600_400_700,600,700,0,1400,2804200,842101,700,4160000,3360000,841400,280000,561400,280000,0,0,0,281400,81916,0.0819
swap_distribute_parallel_for_collapse_600_400_800,600,800,0,1600,3204800,962401,800,4480000,3840000,961600,320000,641600,320000,0,0,0,321600,96154,0.0962
swap_distribute_parallel_for_collapse_600_400_900,600,900,0,1800,3605400,1082701,900,4800000,4320000,1081800,360000,721800,360000,0,0,0,361800,112474,0.1125
swap_distribute_parallel_for_collapse_600_500_100,600,100,0,200,500600,150301,100,2800000,480000,150200,50000,100200,50000,0,0,0,50200,15336,0.0153
swap_distribute_parallel_for_collapse_600_500_200,600,200,0,400,1001200,300601,200,3200000,960000,300400,100000,200400,100000,0,0,0,100400,24750,0.0248
swap_distribute_parallel_for_collapse_600_500_300,600,300,0,600,1501800,450901,300,3600000,1440000,450600,150000,300600,150000,0,0,0,150600,37392,0.0374
swap_distribute_parallel_for_collapse_600_500_400,600,400,0,800,2002400,601201,400,4000000,1920000,600800,200000,400800,200000,0,0,0,200800,56295,0.0563
swap_distribute_parallel_for_collapse_600_500_500,600,500,0,1000,2503000,751501,500,4400000,2400000,751000,250000,501000,250000,0,0,0,251000,72543,0.0725
swap_distribute_parallel_for_collapse_600_500_600,600,600,0,1200,3003600,901801,600,4800000,2880000,901200,300000,601200,300000,0,0,0,301200,92749,0.0927
swap_distribute_parallel_for_collapse_600_500_700,600,700,0,1400,3504200,1052101,700,5200000,3360000,1051400,350000,701400,350000,0,0,0,351400,111609,0.1116
swap_distribute_parallel_for_collapse_600_500_800,600,800,0,1600,4004800,1202401,800,5600000,3840000,1201600,400000,801600,400000,0,0,0,401600,129864,0.1299
swap_distribute_parallel_for_collapse_600_500_900,600,900,0,1800,4505400,1352701,900,6000000,4320000,1351800,450000,901800,450000,0,0,0,451800,145577,0.1456
swap_distribute_parallel_for_collapse_600_600_100,600,100,0,200,600600,180301,100,3360000,480000,180200,60000,120200,60000,0,0,0,60200,16407,0.0164
swap_distribute_parallel_for_collapse_600_600_200,600,200,0,400,1201200,360601,200,3840000,960000,360400,120000,240400,120000,0,0,0,120400,29804,0.0298
swap_distribute_parallel_for_collapse_600_600_300,600,300,0,600,1801800,540901,300,4320000,1440000,540600,180000,360600,180000,0,0,0,180600,46557,0.0466
swap_distribute_parallel_for_collapse_600_600_400,600,400,0,800,2402400,721201,400,4800000,1920000,720800,240000,480800,240000,0,0,0,240800,70017,0.0700
swap_distribute_parallel_for_collapse_600_600_500,600,500,0,1000,3003000,901501,500,5280000,2400000,901000,300000,601000,300000,0,0,0,301000,95981,0.0960
swap_distribute_parallel_for_collapse_600_600_600,600,600,0,1200,3603600,1081801,600,5760000,2880000,1081200,360000,721200,360000,0,0,0,361200,113482,0.1135
swap_distribute_parallel_for_collapse_600_600_700,600,700,0,1400,4204200,1262101,700,6240000,3360000,1261400,420000,841400,420000,0,0,0,421400,138894,0.1389
swap_distribute_parallel_for_collapse_600_600_800,600,800,0,1600,4804800,1442401,800,6720000,3840000,1441600,480000,961600,480000,0,0,0,481600,174965,0.1750
swap_distribute_parallel_for_collapse_600_600_900,600,900,0,1800,5405400,1622701,900,7200000,4320000,1621800,540000,1081800,540000,0,0,0,541800,186683,0.1867
swap_distribute_parallel_for_collapse_600_700_100,600,100,0,200,700600,210301,100,3920000,480000,210200,70000,140200,70000,0,0,0,70200,19875,0.0199
swap_distribute_parallel_for_collapse_600_700_200,600,200,0,400,1401200,420601,200,4480000,960000,420400,140000,280400,140000,0,0,0,140400,35472,0.0355
swap_distribute_parallel_for_collapse_600_700_300,600,300,0,600,2101800,630901,300,5040000,1440000,630600,210000,420600,210000,0,0,0,210600,57751,0.0578
swap_distribute_parallel_for_collapse_600_700_400,600,400,0,800,2802400,841201,400,5600000,1920000,840800,280000,560800,280000,0,0,0,280800,85173,0.0852
swap_distribute_parallel_for_collapse_600_700_500,600,500,0,1000,3503000,1051501,500,6160000,2400000,1051000,350000,701000,350000,0,0,0,351000,110494,0.1105
swap_distribute_parallel_for_collapse_600_700_600,600,600,0,1200,4203600,1261801,600,6720000,2880000,1261200,420000,841200,420000,0,0,0,421200,137125,0.1371
swap_distribute_parallel_for_collapse_600_700_700,600,700,0,1400,4904200,1472101,700,7280000,3360000,1471400,490000,981400,490000,0,0,0,491400,168846,0.1688
swap_distribute_parallel_for_collapse_600_700_800,600,800,0,1600,5604800,1682401,800,7840000,3840000,1681600,560000,1121600,560000,0,0,0,561600,194227,0.1942
swap_distribute_parallel_for_collapse_600_700_900,600,900,0,1800,6305400,1892701,900,8400000,4320000,1891800,630000,1261800,630000,0,0,0,631800,220013,0.2200
swap_distribute_parallel_for_collapse_600_800_100,600,100,0,200,800600,240301,100,4480000,480000,240200,80000,160200,80000,0,0,0,80200,21903,0.0219
swap_distribute_parallel_for_collapse_600_800_200,600,200,0,400,1601200,480601,200,5120000,960000,480400,160000,320400,160000,0,0,0,160400,41196,0.0412
swap_distribute_parallel_for_collapse_600_800_300,600,300,0,600,2401800,720901,300,5760000,1440000,720600,240000,480600,240000,0,0,0,240600,66300,0.0663
swap_distribute_parallel_for_collapse_600_800_400,600,400,0,800,3202400,961201,400,6400000,1920000,960800,320000,640800,320000,0,0,0,320800,99896,0.0999
swap_distribute_parallel_for_collapse_600_800_500,600,500,0,1000,4003000,1201501,500,7040000,2400000,1201000,400000,801000,400000,0,0,0,401000,130047,0.1300
swap_distribute_parallel_for_collapse_600_800_600,600,600,0,1200,4803600,1441801,600,7680000,2880000,1441200,480000,961200,480000,0,0,0,481200,163660,0.1637
swap_distribute_parallel_for_collapse_600_800_700,600,700,0,1400,5604200,1682101,700,8320000,3360000,1681400,560000,1121400,560000,0,0,0,561400,194766,0.1948
swap_distribute_parallel_for_collapse_600_800_800,600,800,0,1600,6404800,1922401,800,8960000,3840000,1921600,640000,1281600,640000,0,0,0,641600,228695,0.2287
swap_distribute_parallel_for_collapse_600_800_900,600,900,0,1800,7205400,2162701,900,9600000,4320000,2161800,720000,1441800,720000,0,0,0,721800,261933,0.2619
swap_distribute_parallel_for_collapse_600_900_100,600,100,0,200,900600,270301,100,5040000,480000,270200,90000,180200,90000,0,0,0,90200,25500,0.0255
swap_distribute_parallel_for_collapse_600_900_200,600,200,0,400,1801200,540601,200,5760000,960000,540400,180000,360400,180000,0,0,0,180400,46604,0.0466
swap_distribute_parallel_for_collapse_600_900_300,600,300,0,600,2701800,810901,300,6480000,1440000,810600,270000,540600,270000,0,0,0,270600,80469,0.0805
swap_distribute_parallel_for_collapse_600_900_400,600,400,0,800,3602400,1081201,400,7200000,1920000,1080800,360000,720800,360000,0,0,0,360800,117462,0.1175
swap_distribute_parallel_for_collapse_600_900_500,600,500,0,1000,4503000,1351501,500,7920000,2400000,1351000,450000,901000,450000,0,0,0,451000,159990,0.1600
swap_distribute_parallel_for_collapse_600_900_600,600,600,0,1200,5403600,1621801,600,8640000,2880000,1621200,540000,1081200,540000,0,0,0,541200,186195,0.1862
swap_distribute_parallel_for_collapse_600_900_700,600,700,0,1400,6304200,1892101,700,9360000,3360000,1891400,630000,1261400,630000,0,0,0,631400,224045,0.2240
swap_distribute_parallel_for_collapse_600_900_800,600,800,0,1600,7204800,2162401,800,10080000,3840000,2161600,720000,1441600,720000,0,0,0,721600,260283,0.2603
swap_distribute_parallel_for_collapse_600_900_900,600,900,0,1800,8105400,2432701,900,10800000,4320000,2431800,810000,1621800,810000,0,0,0,811800,297222,0.2972
swap_distribute_parallel_for_collapse_6500_6500_6500,6500,6500,0,13000,422539000,126769501,6500,676000000,338000000,126763000,42250000,84513000,42250000,0,0,0,42263000,244284889,244.2849
swap_distribute_parallel_for_collapse_6500_6500_7000,6500,7000,0,14000,455042000,136521001,7000,702000000,364000000,136514000,45500000,91014000,45500000,0,0,0,45514000,263005589,263.0056
swap_distribute_parallel_for_collapse_6500_6500_7500,6500,7500,0,15000,487545000,146272501,7500,728000000,390000000,146265000,48750000,97515000,48750000,0,0,0,48765000,281805383,281.8054
swap_distribute_parallel_for_collapse_6500_6500_8000,6500,8000,0,16000,520048000,156024001,8000,754000000,416000000,156016000,52000000,104016000,52000000,0,0,0,52016000,300743331,300.7433
swap_distribute_parallel_for_collapse_6500_7000_6500,6500,6500,0,13000,455039000,136519501,6500,728000000,338000000,136513000,45500000,91013000,45500000,0,0,0,45513000,263696289,263.6963
swap_distribute_parallel_for_collapse_6500_7000_7000,6500,7000,0,14000,490042000,147021001,7000,756000000,364000000,147014000,49000000,98014000,49000000,0,0,0,49014000,284023945,284.0239
swap_distribute_parallel_for_collapse_6500_7000_7500,6500,7500,0,15000,525045000,157522501,7500,784000000,390000000,157515000,52500000,105015000,52500000,0,0,0,52515000,304256815,304.2568
swap_distribute_parallel_for_collapse_6500_7000_8000,6500,8000,0,16000,560048000,168024001,8000,812000000,416000000,168016000,56000000,112016000,56000000,0,0,0,56016000,324552752,324.5528
swap_distribute_parallel_for_collapse_6500_7500_6500,6500,6500,0,13000,487539000,146269501,6500,780000000,338000000,146263000,48750000,97513000,48750000,0,0,0,48763000,282563942,282.5639
swap_distribute_parallel_for_collapse_6500_7500_7000,6500,7000,0,14000,525042000,157521001,7000,810000000,364000000,157514000,52500000,105014000,52500000,0,0,0,52514000,304236958,304.2370
swap_distribute_parallel_for_collapse_6500_7500_7500,6500,7500,0,15000,562545000,168772501,7500,840000000,390000000,168765000,56250000,112515000,56250000,0,0,0,56265000,326342847,326.3428
swap_distribute_parallel_for_collapse_6500_7500_8000,6500,8000,0,16000,600048000,180024001,8000,870000000,416000000,180016000,60000000,120016000,60000000,0,0,0,60016000,347763962,347.7640
swap_distribute_parallel_for_collapse_6500_8000_6500,6500,6500,0,13000,520039000,156019501,6500,832000000,338000000,156013000,52000000,104013000,52000000,0,0,0,52013000,300565731,300.5657
swap_distribute_parallel_for_collapse_6500_8000_7000,6500,7000,0,14000,560042000,168021001,7000,864000000,364000000,168014000,56000000,112014000,56000000,0,0,0,56014000,323551457,323.5515
swap_distribute_parallel_for_collapse_6500_8000_7500,6500,7500,0,15000,600045000,180022501,7500,896000000,390000000,180015000,60000000,120015000,60000000,0,0,0,60015000,346604541,346.6045
swap_distribute_parallel_for_collapse_7000_6500_6500,7000,6500,0,13000,422539000,126769501,6500,702000000,364000000,126763000,42250000,84513000,42250000,0,0,0,42263000,263003694,263.0037
swap_distribute_parallel_for_collapse_7000_6500_7000,7000,7000,0,14000,455042000,136521001,7000,728000000,392000000,136514000,45500000,91014000,45500000,0,0,0,45514000,283309313,283.3093
swap_distribute_parallel_for_collapse_7000_6500_7500,7000,7500,0,15000,487545000,146272501,7500,754000000,420000000,146265000,48750000,97515000,48750000,0,0,0,48765000,303456338,303.4563
swap_distribute_parallel_for_collapse_7000_6500_8000,7000,8000,0,16000,520048000,156024001,8000,780000000,448000000,156016000,52000000,104016000,52000000,0,0,0,52016000,323705310,323.7053
swap_distribute_parallel_for_collapse_700_100_100,700,100,0,200,100600,30301,100,640000,560000,30200,10000,20200,10000,0,0,0,10200,4422,0.0044
swap_distribute_parallel_for_collapse_700_100_200,700,200,0,400,201200,60601,200,720000,1120000,60400,20000,40400,20000,0,0,0,20400,7200,0.0072
swap_distribute_parallel_for_collapse_700_100_300,700,300,0,600,301800,90901,300,800000,1680000,90600,30000,60600,30000,0,0,0,30600,9734,0.0097
swap_distribute_parallel_for_collapse_700_100_400,700,400,0,800,402400,121201,400,880000,2240000,120800,40000,80800,40000,0,0,0,40800,12580,0.0126
swap_distribute_parallel_for_collapse_700_100_500,700,500,0,1000,503000,151501,500,960000,2800000,151000,50000,101000,50000,0,0,0,51000,15412,0.0154
swap_distribute_parallel_for_collapse_700_100_600,700,600,0,1200,603600,181801,600,1040000,3360000,181200,60000,121200,60000,0,0,0,61200,18124,0.0181
swap_distribute_parallel_for_collapse_700_100_700,700,700,0,1400,704200,212101,700,1120000,3920000,211400,70000,141400,70000,0,0,0,71400,21082,0.0211
swap_distribute_parallel_for_collapse_700_100_800,700,800,0,1600,804800,242401,800,1200000,4480000,241600,80000,161600,80000,0,0,0,81600,23883,0.0239
swap_distribute_parallel_for_collapse_700_100_900,700,900,0,1800,905400,272701,900,1280000,5040000,271800,90000,181800,90000,0,0,0,91800,27228,0.0272
swap_distribute_parallel_for_collapse_700_200_100,700,100,0,200,200600,60301,100,1280000,560000,60200,20000,40200,20000,0,0,0,20200,7112,0.0071
swap_distribute_parallel_for_collapse_700_200_200,700,200,0,400,401200,120601,200,1440000,1120000,120400,40000,80400,40000,0,0,0,40400,13488,0.0135
swap_distribute_parallel_for_collapse_700_200_300,700,300,0,600,601800,180901,300,1600000,1680000,180600,60000,120600,60000,0,0,0,60600,18470,0.0185
swap_distribute_parallel_for_collapse_700_200_400,700,400,0,800,802400,241201,400,1760000,2240000,240800,80000,160800,80000,0,0,0,80800,24477,0.0245
swap_distribute_parallel_for_collapse_700_200_500,700,500,0,1000,1003000,301501,500,1920000,2800000,301000,100000,201000,100000,0,0,0,101000,30243,0.0302
swap_distribute_parallel_for_collapse_700_200_600,700,600,0,1200,1203600,361801,600,2080000,3360000,361200,120000,241200,120000,0,0,0,121200,35849,0.0358
swap_distribute_parallel_for_collapse_700_200_700,700,700,0,1400,1404200,422101,700,2240000,3920000,421400,140000,281400,140000,0,0,0,141400,42489,0.0425
swap_distribute_parallel_for_collapse_700_200_800,700,800,0,1600,1604800,482401,800,2400000,4480000,481600,160000,321600,160000,0,0,0,161600,48912,0.0489
swap_distribute_parallel_for_collapse_700_200_900,700,900,0,1800,1805400,542701,900,2560000,5040000,541800,180000,361800,180000,0,0,0,181800,55665,0.0557
swap_distribute_parallel_for_collapse_700_300_100,700,100,0,200,300600,90301,100,1920000,560000,90200,30000,60200,30000,0,0,0,30200,9719,0.0097
swap_distribute_parallel_for_collapse_700_300_200,700,200,0,400,601200,180601,200,2160000,1120000,180400,60000,120400,60000,0,0,0,60400,18525,0.0185
swap_distribute_parallel_for_collapse_700_300_300,700,300,0,600,901800,270901,300,2400000,1680000,270600,90000,180600,90000,0,0,0,90600,26275,0.0263
swap_distribute_parallel_for_collapse_700_300_400,700,400,0,800,1202400,361201,400,2640000,2240000,360800,120000,240800,120000,0,0,0,120800,36983,0.0370
swap_distribute_parallel_for_collapse_700_300_500,700,500,0,1000,1503000,451501,500,2880000,2800000,451000,150000,301000,150000,0,0,0,151000,49595,0.0496
swap_distribute_parallel_for_collapse_700_300_600,700,600,0,1200,1803600,541801,600,3120000,3360000,541200,180000,361200,180000,0,0,0,181200,63277,0.0633
swap_distribute_parallel_for_collapse_700_300_700,700,700,0,1400,2104200,632101,700,3360000,3920000,631400,210000,421400,210000,0,0,0,211400,74652,0.0747
swap_distribute_parallel_for_collapse_700_300_800,700,800,0,1600,2404800,722401,800,3600000,4480000,721600,240000,481600,240000,0,0,0,241600,87907,0.0879
swap_distribute_parallel_for_collapse_700_300_900,700,900,0,1800,2705400,812701,900,3840000,5040000,811800,270000,541800,270000,0,0,0,271800,99302,0.0993
swap_distribute_parallel_for_collapse_700_400_100,700,100,0,200,400600,120301,100,2560000,560000,120200,40000,80200,40000,0,0,0,40200,12601,0.0126
swap_distribute_parallel_for_collapse_700_400_200,700,200,0,400,801200,240601,200,2880000,1120000,240400,80000,160400,80000,0,0,0,80400,23710,0.0237
swap_distribute_parallel_for_collapse_700_400_300,700,300,0,600,1201800,360901,300,3200000,1680000,360600,120000,240600,120000,0,0,0,120600,35758,0.0358
swap_distribute_parallel_for_collapse_700_400_400,700,400,0,800,1602400,481201,400,3520000,2240000,480800,160000,320800,160000,0,0,0,160800,51587,0.0516
swap_distribute_parallel_for_collapse_700_400_500,700,500,0,1000,2003000,601501,500,3840000,2800000,601000,200000,401000,200000,0,0,0,201000,70905,0.0709
swap_distribute_parallel_for_collapse_700_400_600,700,600,0,1200,2403600,721801,600,4160000,3360000,721200,240000,481200,240000,0,0,0,241200,100823,0.1008
swap_distribute_parallel_for_collapse_700_400_700,700,700,0,1400,2804200,842101,700,4480000,3920000,841400,280000,561400,280000,0,0,0,281400,114370,0.1144
swap_distribute_parallel_for_collapse_700_400_800,700,800,0,1600,3204800,962401,800,4800000,4480000,961600,320000,641600,320000,0,0,0,321600,127910,0.1279
swap_distribute_parallel_for_collapse_700_400_900,700,900,0,1800,3605400,1082701,900,5120000,5040000,1081800,360000,721800,360000,0,0,0,361800,141039,0.1410
swap_distribute_parallel_for_collapse_700_500_100,700,100,0,200,500600,150301,100,3200000,560000,150200,50000,100200,50000,0,0,0,50200,15266,0.0153
swap_distribute_parallel_for_collapse_700_500_200,700,200,0,400,1001200,300601,200,3600000,1120000,300400,100000,200400,100000,0,0,0,100400,29650,0.0296
swap_distribute_parallel_for_collapse_700_500_300,700,300,0,600,1501800,450901,300,4000000,1680000,450600,150000,300600,150000,0,0,0,150600,50036,0.0500
swap_distribute_parallel_for_collapse_700_500_400,700,400,0,800,2002400,601201,400,4400000,2240000,600800,200000,400800,200000,0,0,0,200800,70628,0.0706
swap_distribute_parallel_for_collapse_700_500_500,700,500,0,1000,2503000,751501,500,4800000,2800000,751000,250000,501000,250000,0,0,0,251000,94073,0.0941
swap_distribute_parallel_for_collapse_700_500_600,700,600,0,1200,3003600,901801,600,5200000,3360000,901200,300000,601200,300000,0,0,0,301200,115617,0.1156
swap_distribute_parallel_for_collapse_700_500_700,700,700,0,1400,3504200,1052101,700,5600000,3920000,1051400,350000,701400,350000,0,0,0,351400,139789,0.1398
swap_distribute_parallel_for_collapse_700_500_800,700,800,0,1600,4004800,1202401,800,6000000,4480000,1201600,400000,801600,400000,0,0,0,401600,163610,0.1636
swap_distribute_parallel_for_collapse_700_500_900,700,900,0,1800,4505400,1352701,900,6400000,5040000,1351800,450000,901800,450000,0,0,0,451800,186876,0.1869
swap_distribute_parallel_for_collapse_700_600_100,700,100,0,200,600600,180301,100,3840000,560000,180200,60000,120200,60000,0,0,0,60200,18351,0.0184
swap_distribute_parallel_for_collapse_700_600_200,700,200,0,400,1201200,360601,200,4320000,1120000,360400,120000,240400,120000,0,0,0,120400,43573,0.0436
swap_distribute_parallel_for_collapse_700_600_300,700,300,0,600,1801800,540901,300,4800000,1680000,540600,180000,360600,180000,0,0,0,180600,62622,0.0626
swap_distribute_parallel_for_collapse_700_600_400,700,400,0,800,2402400,721201,400,5280000,2240000,720800,240000,480800,240000,0,0,0,240800,89738,0.0897
swap_distribute_parallel_for_collapse_700_600_500,700,500,0,1000,3003000,901501,500,5760000,2800000,901000,300000,601000,300000,0,0,0,301000,116705,0.1167
swap_distribute_parallel_for_collapse_700_600_600,700,600,0,1200,3603600,1081801,600,6240000,3360000,1081200,360000,721200,360000,0,0,0,361200,147489,0.1475
swap_distribute_parallel_for_collapse_700_600_700,700,700,0,1400,4204200,1262101,700,6720000,3920000,1261400,420000,841400,420000,0,0,0,421400,173800,0.1738
swap_distribute_parallel_for_collapse_700_600_800,700,800,0,1600,4804800,1442401,800,7200000,4480000,1441600,480000,961600,480000,0,0,0,481600,204351,0.2044
swap_distribute_parallel_for_collapse_700_600_900,700,900,0,1800,5405400,1622701,900,7680000,5040000,1621800,540000,1081800,540000,0,0,0,541800,230329,0.2303
swap_distribute_parallel_for_collapse_700_700_100,700,100,0,200,700600,210301,100,4480000,560000,210200,70000,140200,70000,0,0,0,70200,21926,0.0219
swap_distribute_parallel_for_collapse_700_700_200,700,200,0,400,1401200,420601,200,5040000,1120000,420400,140000,280400,140000,0,0,0,140400,44613,0.0446
swap_distribute_parallel_for_collapse_700_700_300,700,300,0,600,2101800,630901,300,5600000,1680000,630600,210000,420600,210000,0,0,0,210600,75918,0.0759
swap_distribute_parallel_for_collapse_700_700_400,700,400,0,800,2802400,841201,400,6160000,2240000,840800,280000,560800,280000,0,0,0,280800,109127,0.1091
swap_distribute_parallel_for_collapse_700_700_500,700,500,0,1000,3503000,1051501,500,6720000,2800000,1051000,350000,701000,350000,0,0,0,351000,148204,0.1482
swap_distribute_parallel_for_collapse_700_700_600,700,600,0,1200,4203600,1261801,600,7280000,3360000,1261200,420000,841200,420000,0,0,0,421200,185318,0.1853
swap_distribute_parallel_for_collapse_700_700_700,700,700,0,1400,4904200,1472101,700,7840000,3920000,1471400,490000,981400,490000,0,0,0,491400,210750,0.2107
swap_distribute_parallel_for_collapse_700_700_800,700,800,0,1600,5604800,1682401,800,8400000,4480000,1681600,560000,1121600,560000,0,0,0,561600,267033,0.2670
swap_distribute_parallel_for_collapse_700_700_900,700,900,0,1800,6305400,1892701,900,8960000,5040000,1891800,630000,1261800,630000,0,0,0,631800,284963,0.2850
swap_distribute_parallel_for_collapse_700_800_100,700,100,0,200,800600,240301,100,5120000,560000,240200,80000,160200,80000,0,0,0,80200,27967,0.0280
swap_distribute_parallel_for_collapse_700_800_200,700,200,0,400,1601200,480601,200,5760000,1120000,480400,160000,320400,160000,0,0,0,160400,56956,0.0570
swap_distribute_parallel_for_collapse_700_800_300,700,300,0,600,2401800,720901,300,6400000,1680000,720600,240000,480600,240000,0,0,0,240600,90137,0.0901
swap_distribute_parallel_for_collapse_700_800_400,700,400,0,800,3202400,961201,400,7040000,2240000,960800,320000,640800,320000,0,0,0,320800,137678,0.1377
swap_distribute_parallel_for_collapse_700_800_500,700,500,0,1000,4003000,1201501,500,7680000,2800000,1201000,400000,801000,400000,0,0,0,401000,171110,0.1711
swap_distribute_parallel_for_collapse_700_800_600,700,600,0,1200,4803600,1441801,600,8320000,3360000,1441200,480000,961200,480000,0,0,0,481200,235551,0.2356
swap_distribute_parallel_for_collapse_700_800_700,700,700,0,1400,5604200,1682101,700,8960000,3920000,1681400,560000,1121400,560000,0,0,0,561400,240181,0.2402
swap_distribute_parallel_for_collapse_700_800_800,700,800,0,1600,6404800,1922401,800,9600000,4480000,1921600,640000,1281600,640000,0,0,0,641600,279934,0.2799
swap_distribute_parallel_for_collapse_700_800_900,700,900,0,1800,7205400,2162701,900,10240000,5040000,2161800,720000,1441800,720000,0,0,0,721800,347308,0.3473
swap_distribute_parallel_for_collapse_700_900_100,700,100,0,200,900600,270301,100,5760000,560000,270200,90000,180200,90000,0,0,0,90200,28827,0.0288
swap_distribute_parallel_for_collapse_700_900_200,700,200,0,400,1801200,540601,200,6480000,1120000,540400,180000,360400,180000,0,0,0,180400,61229,0.0612
swap_distribute_parallel_for_collapse_700_900_300,700,300,0,600,2701800,810901,300,7200000,1680000,810600,270000,540600,270000,0,0,0,270600,104058,0.1041
swap_distribute_parallel_for_collapse_700_900_400,700,400,0,800,3602400,1081201,400,7920000,2240000,1080800,360000,720800,360000,0,0,0,360800,146279,0.1463
swap_distribute_parallel_for_collapse_700_900_500,700,500,0,1000,4503000,1351501,500,8640000,2800000,1351000,450000,901000,450000,0,0,0,451000,206267,0.2063
swap_distribute_parallel_for_collapse_700_900_600,700,600,0,1200,5403600,1621801,600,9360000,3360000,1621200,540000,1081200,540000,0,0,0,541200,235869,0.2359
swap_distribute_parallel_for_collapse_700_900_700,700,700,0,1400,6304200,1892101,700,10080000,3920000,1891400,630000,1261400,630000,0,0,0,631400,285609,0.2856
swap_distribute_parallel_for_collapse_700_900_800,700,800,0,1600,7204800,2162401,800,10800000,4480000,2161600,720000,1441600,720000,0,0,0,721600,321193,0.3212
swap_distribute_parallel_for_collapse_700_900_900,700,900,0,1800,8105400,2432701,900,11520000,5040000,2431800,810000,1621800,810000,0,0,0,811800,368256,0.3683
swap_distribute_parallel_for_collapse_800_100_100,800,100,0,200,100600,30301,100,720000,640000,30200,10000,20200,10000,0,0,0,10200,17885,0.0179
swap_distribute_parallel_for_collapse_800_100_200,800,200,0,400,201200,60601,200,800000,1280000,60400,20000,40400,20000,0,0,0,20400,9919,0.0099
swap_distribute_parallel_for_collapse_800_100_300,800,300,0,600,301800,90901,300,880000,1920000,90600,30000,60600,30000,0,0,0,30600,17865,0.0179
swap_distribute_parallel_for_collapse_800_100_400,800,400,0,800,402400,121201,400,960000,2560000,120800,40000,80800,40000,0,0,0,40800,24338,0.0243
swap_distribute_parallel_for_collapse_800_100_500,800,500,0,1000,503000,151501,500,1040000,3200000,151000,50000,101000,50000,0,0,0,51000,20942,0.0209
swap_distribute_parallel_for_collapse_800_100_600,800,600,0,1200,603600,181801,600,1120000,3840000,181200,60000,121200,60000,0,0,0,61200,21836,0.0218
swap_distribute_parallel_for_collapse_800_100_700,800,700,0,1400,704200,212101,700,1200000,4480000,211400,70000,141400,70000,0,0,0,71400,38473,0.0385
swap_distribute_parallel_for_collapse_800_100_800,800,800,0,1600,804800,242401,800,1280000,5120000,241600,80000,161600,80000,0,0,0,81600,28601,0.0286
swap_distribute_parallel_for_collapse_800_100_900,800,900,0,1800,905400,272701,900,1360000,5760000,271800,90000,181800,90000,0,0,0,91800,31502,0.0315
swap_distribute_parallel_for_collapse_800_200_100,800,100,0,200,200600,60301,100,1440000,640000,60200,20000,40200,20000,0,0,0,20200,8955,0.0090
swap_distribute_parallel_for_collapse_800_200_200,800,200,0,400,401200,120601,200,1600000,1280000,120400,40000,80400,40000,0,0,0,40400,16870,0.0169
swap_distribute_parallel_for_collapse_800_200_300,800,300,0,600,601800,180901,300,1760000,1920000,180600,60000,120600,60000,0,0,0,60600,22499,0.0225
swap_distribute_parallel_for_collapse_800_200_400,800,400,0,800,802400,241201,400,1920000,2560000,240800,80000,160800,80000,0,0,0,80800,28639,0.0286
swap_distribute_parallel_for_collapse_800_200_500,800,500,0,1000,1003000,301501,500,2080000,3200000,301000,100000,201000,100000,0,0,0,101000,36577,0.0366
swap_distribute_parallel_for_collapse_800_200_600,800,600,0,1200,1203600,361801,600,2240000,3840000,361200,120000,241200,120000,0,0,0,121200,44111,0.0441
swap_distribute_parallel_for_collapse_800_200_700,800,700,0,1400,1404200,422101,700,2400000,4480000,421400,140000,281400,140000,0,0,0,141400,53994,0.0540
swap_distribute_parallel_for_collapse_800_200_800,800,800,0,1600,1604800,482401,800,2560000,5120000,481600,160000,321600,160000,0,0,0,161600,62105,0.0621
swap_distribute_parallel_for_collapse_800_200_900,800,900,0,1800,1805400,542701,900,2720000,5760000,541800,180000,361800,180000,0,0,0,181800,69701,0.0697
swap_distribute_parallel_for_collapse_800_300_100,800,100,0,200,300600,90301,100,2160000,640000,90200,30000,60200,30000,0,0,0,30200,11228,0.0112
swap_distribute_parallel_for_collapse_800_300_200,800,200,0,400,601200,180601,200,2400000,1280000,180400,60000,120400,60000,0,0,0,60400,26035,0.0260
swap_distribute_parallel_for_collapse_800_300_300,800,300,0,600,901800,270901,300,2640000,1920000,270600,90000,180600,90000,0,0,0,90600,32505,0.0325
swap_distribute_parallel_for_collapse_800_300_400,800,400,0,800,1202400,361201,400,2880000,2560000,360800,120000,240800,120000,0,0,0,120800,46975,0.0470
swap_distribute_parallel_for_collapse_800_300_500,800,500,0,1000,1503000,451501,500,3120000,3200000,451000,150000,301000,150000,0,0,0,151000,60736,0.0607
swap_distribute_parallel_for_collapse_800_300_600,800,600,0,1200,1803600,541801,600,3360000,3840000,541200,180000,361200,180000,0,0,0,181200,74745,0.0747
swap_distribute_parallel_for_collapse_800_300_700,800,700,0,1400,2104200,632101,700,3600000,4480000,631400,210000,421400,210000,0,0,0,211400,91190,0.0912
swap_distribute_parallel_for_collapse_800_300_800,800,800,0,1600,2404800,722401,800,3840000,5120000,721600,240000,481600,240000,0,0,0,241600,105635,0.1056
swap_distribute_parallel_for_collapse_800_300_900,800,900,0,1800,2705400,812701,900,4080000,5760000,811800,270000,541800,270000,0,0,0,271800,121185,0.1212
swap_distribute_parallel_for_collapse_800_400_100,800,100,0,200,400600,120301,100,2880000,640000,120200,40000,80200,40000,0,0,0,40200,15056,0.0151
swap_distribute_parallel_for_collapse_800_400_200,800,200,0,400,801200,240601,200,3200000,1280000,240400,80000,160400,80000,0,0,0,80400,28181,0.0282
swap_distribute_parallel_for_collapse_800_400_300,800,300,0,600,1201800,360901,300,3520000,1920000,360600,120000,240600,120000,0,0,0,120600,45961,0.0460
swap_distribute_parallel_for_collapse_800_400_400,800,400,0,800,1602400,481201,400,3840000,2560000,480800,160000,320800,160000,0,0,0,160800,66528,0.0665
swap_distribute_parallel_for_collapse_800_400_500,800,500,0,1000,2003000,601501,500,4160000,3200000,601000,200000,401000,200000,0,0,0,201000,86723,0.0867
swap_distribute_parallel_for_collapse_800_400_600,800,600,0,1200,2403600,721801,600,4480000,3840000,721200,240000,481200,240000,0,0,0,241200,108107,0.1081
swap_distribute_parallel_for_collapse_800_400_700,800,700,0,1400,2804200,842101,700,4800000,4480000,841400,280000,561400,280000,0,0,0,281400,128858,0.1289
swap_distribute_parallel_for_collapse_800_400_800,800,800,0,1600,3204800,962401,800,5120000,5120000,961600,320000,641600,320000,0,0,0,321600,150471,0.1505
swap_distribute_parallel_for_collapse_800_400_900,800,900,0,1800,3605400,1082701,900,5440000,5760000,1081800,360000,721800,360000,0,0,0,361800,171725,0.1717
swap_distribute_parallel_for_collapse_800_500_100,800,100,0,200,500600,150301,100,3600000,640000,150200,50000,100200,50000,0,0,0,50200,18260,0.0183
swap_distribute_parallel_for_collapse_800_500_200,800,200,0,400,1001200,300601,200,4000000,1280000,300400,100000,200400,100000,0,0,0,100400,36567,0.0366
swap_distribute_parallel_for_collapse_800_500_300,800,300,0,600,1501800,450901,300,4400000,1920000,450600,150000,300600,150000,0,0,0,150600,61277,0.0613
swap_distribute_parallel_for_collapse_800_500_400,800,400,0,800,2002400,601201,400,4800000,2560000,600800,200000,400800,200000,0,0,0,200800,88547,0.0885
swap_distribute_parallel_for_collapse_800_500_500,800,500,0,1000,2503000,751501,500,5200000,3200000,751000,250000,501000,250000,0,0,0,251000,115438,0.1154
swap_distribute_parallel_for_collapse_800_500_600,800,600,0,1200,3003600,901801,600,5600000,3840000,901200,300000,601200,300000,0,0,0,301200,142402,0.1424
swap_distribute_parallel_for_collapse_800_500_700,800,700,0,1400,3504200,1052101,700,6000000,4480000,1051400,350000,701400,350000,0,0,0,351400,168181,0.1682
swap_distribute_parallel_for_collapse_800_500_800,800,800,0,1600,4004800,1202401,800,6400000,5120000,1201600,400000,801600,400000,0,0,0,401600,195010,0.1950
swap_distribute_parallel_for_collapse_800_500_900,800,900,0,1800,4505400,1352701,900,6800000,5760000,1351800,450000,901800,450000,0,0,0,451800,220919,0.2209
swap_distribute_parallel_for_collapse_800_600_100,800,100,0,200,600600,180301,100,4320000,640000,180200,60000,120200,60000,0,0,0,60200,21207,0.0212
swap_distribute_parallel_for_collapse_800_600_200,800,200,0,400,1201200,360601,200,4800000,1280000,360400,120000,240400,120000,0,0,0,120400,45144,0.0451
swap_distribute_parallel_for_collapse_800_600_300,800,300,0,600,1801800,540901,300,5280000,1920000,540600,180000,360600,180000,0,0,0,180600,77622,0.0776
swap_distribute_parallel_for_collapse_800_600_400,800,400,0,800,2402400,721201,400,5760000,2560000,720800,240000,480800,240000,0,0,0,240800,108534,0.1085
swap_distribute_parallel_for_collapse_800_600_500,800,500,0,1000,3003000,901501,500,6240000,3200000,901000,300000,601000,300000,0,0,0,301000,139301,0.1393
swap_distribute_parallel_for_collapse_800_600_600,800,600,0,1200,3603600,1081801,600,6720000,3840000,1081200,360000,721200,360000,0,0,0,361200,203259,0.2033
swap_distribute_parallel_for_collapse_800_600_700,800,700,0,1400,4204200,1262101,700,7200000,4480000,1261400,420000,841400,420000,0,0,0,421400,205650,0.2056
swap_distribute_parallel_for_collapse_800_600_800,800,800,0,1600,4804800,1442401,800,7680000,5120000,1441600,480000,961600,480000,0,0,0,481600,238621,0.2386
swap_distribute_parallel_for_collapse_800_600_900,800,900,0,1800,5405400,1622701,900,8160000,5760000,1621800,540000,1081800,540000,0,0,0,541800,271167,0.2712
swap_distribute_parallel_for_collapse_800_700_100,800,100,0,200,700600,210301,100,5040000,640000,210200,70000,140200,70000,0,0,0,70200,25350,0.0254
swap_distribute_parallel_for_collapse_800_700_200,800,200,0,400,1401200,420601,200,5600000,1280000,420400,140000,280400,140000,0,0,0,140400,55336,0.0553
swap_distribute_parallel_for_collapse_800_700_300,800,300,0,600,2101800,630901,300,6160000,1920000,630600,210000,420600,210000,0,0,0,210600,92949,0.0929
swap_distribute_parallel_for_collapse_800_700_400,800,400,0,800,2802400,841201,400,6720000,2560000,840800,280000,560800,280000,0,0,0,280800,131841,0.1318
swap_distribute_parallel_for_collapse_800_700_500,800,500,0,1000,3503000,1051501,500,7280000,3200000,1051000,350000,701000,350000,0,0,0,351000,168841,0.1688
swap_distribute_parallel_for_collapse_800_700_600,800,600,0,1200,4203600,1261801,600,7840000,3840000,1261200,420000,841200,420000,0,0,0,421200,207449,0.2074
swap_distribute_parallel_for_collapse_800_700_700,800,700,0,1400,4904200,1472101,700,8400000,4480000,1471400,490000,981400,490000,0,0,0,491400,255822,0.2558
swap_distribute_parallel_for_collapse_800_700_800,800,800,0,1600,5604800,1682401,800,8960000,5120000,1681600,560000,1121600,560000,0,0,0,561600,282263,0.2823
swap_distribute_parallel_for_collapse_800_700_900,800,900,0,1800,6305400,1892701,900,9520000,5760000,1891800,630000,1261800,630000,0,0,0,631800,322341,0.3223
swap_distribute_parallel_for_collapse_800_800_100,800,100,0,200,800600,240301,100,5760000,640000,240200,80000,160200,80000,0,0,0,80200,30259,0.0303
swap_distribute_parallel_for_collapse_800_800_200,800,200,0,400,1601200,480601,200,6400000,1280000,480400,160000,320400,160000,0,0,0,160400,65194,0.0652
swap_distribute_parallel_for_collapse_800_800_300,800,300,0,600,2401800,720901,300,7040000,1920000,720600,240000,480600,240000,0,0,0,240600,109465,0.1095
swap_distribute_parallel_for_collapse_800_800_400,800,400,0,800,3202400,961201,400,7680000,2560000,960800,320000,640800,320000,0,0,0,320800,155425,0.1554
swap_distribute_parallel_for_collapse_800_800_500,800,500,0,1000,4003000,1201501,500,8320000,3200000,1201000,400000,801000,400000,0,0,0,401000,200886,0.2009
swap_distribute_parallel_for_collapse_800_800_600,800,600,0,1200,4803600,1441801,600,8960000,3840000,1441200,480000,961200,480000,0,0,0,481200,242127,0.2421
swap_distribute_parallel_for_collapse_800_800_700,800,700,0,1400,5604200,1682101,700,9600000,4480000,1681400,560000,1121400,560000,0,0,0,561400,287546,0.2875
swap_distribute_parallel_for_collapse_800_800_800,800,800,0,1600,6404800,1922401,800,10240000,5120000,1921600,640000,1281600,640000,0,0,0,641600,331491,0.3315
swap_distribute_parallel_for_collapse_800_800_900,800,900,0,1800,7205400,2162701,900,10880000,5760000,2161800,720000,1441800,720000,0,0,0,721800,375307,0.3753
swap_distribute_parallel_for_collapse_800_900_100,800,100,0,200,900600,270301,100,6480000,640000,270200,90000,180200,90000,0,0,0,90200,33300,0.0333
swap_distribute_parallel_for_collapse_800_900_200,800,200,0,400,1801200,540601,200,7200000,1280000,540400,180000,360400,180000,0,0,0,180400,81832,0.0818
swap_distribute_parallel_for_collapse_800_900_300,800,300,0,600,2701800,810901,300,7920000,1920000,810600,270000,540600,270000,0,0,0,270600,127182,0.1272
swap_distribute_parallel_for_collapse_800_900_400,800,400,0,800,3602400,1081201,400,8640000,2560000,1080800,360000,720800,360000,0,0,0,360800,177703,0.1777
swap_distribute_parallel_for_collapse_800_900_500,800,500,0,1000,4503000,1351501,500,9360000,3200000,1351000,450000,901000,450000,0,0,0,451000,226269,0.2263
swap_distribute_parallel_for_collapse_800_900_600,800,600,0,1200,5403600,1621801,600,10080000,3840000,1621200,540000,1081200,540000,0,0,0,541200,277803,0.2778
swap_distribute_parallel_for_collapse_800_900_700,800,700,0,1400,6304200,1892101,700,10800000,4480000,1891400,630000,1261400,630000,0,0,0,631400,329136,0.3291
swap_distribute_parallel_for_collapse_800_900_800,800,800,0,1600,7204800,2162401,800,11520000,5120000,2161600,720000,1441600,720000,0,0,0,721600,392854,0.3929
swap_distribute_parallel_for_collapse_800_900_900,800,900,0,1800,8105400,2432701,900,12240000,5760000,2431800,810000,1621800,810000,0,0,0,811800,428923,0.4289
swap_distribute_parallel_for_collapse_900_100_100,900,100,0,200,100600,30301,100,800000,720000,30200,10000,20200,10000,0,0,0,10200,5145,0.0051
swap_distribute_parallel_for_collapse_900_100_200,900,200,0,400,201200,60601,200,880000,1440000,60400,20000,40400,20000,0,0,0,20400,8589,0.0086
swap_distribute_parallel_for_collapse_900_100_300,900,300,0,600,301800,90901,300,960000,2160000,90600,30000,60600,30000,0,0,0,30600,12416,0.0124
swap_distribute_parallel_for_collapse_900_100_400,900,400,0,800,402400,121201,400,1040000,2880000,120800,40000,80800,40000,0,0,0,40800,15994,0.0160
swap_distribute_parallel_for_collapse_900_100_500,900,500,0,1000,503000,151501,500,1120000,3600000,151000,50000,101000,50000,0,0,0,51000,22185,0.0222
swap_distribute_parallel_for_collapse_900_100_600,900,600,0,1200,603600,181801,600,1200000,4320000,181200,60000,121200,60000,0,0,0,61200,23583,0.0236
swap_distribute_parallel_for_collapse_900_100_700,900,700,0,1400,704200,212101,700,1280000,5040000,211400,70000,141400,70000,0,0,0,71400,27175,0.0272
swap_distribute_parallel_for_collapse_900_100_800,900,800,0,1600,804800,242401,800,1360000,5760000,241600,80000,161600,80000,0,0,0,81600,30870,0.0309
swap_distribute_parallel_for_collapse_900_100_900,900,900,0,1800,905400,272701,900,1440000,6480000,271800,90000,181800,90000,0,0,0,91800,34383,0.0344
swap_distribute_parallel_for_collapse_900_1400_1400,900,1400,0,2800,19608400,5884201,1400,25760000,10080000,5882800,1960000,3922800,1960000,0,0,0,1962800,1246120,1.2461
swap_distribute_parallel_for_collapse_900_1400_1900,900,1900,0,3800,26611400,7985701,1900,31360000,13680000,7983800,2660000,5323800,2660000,0,0,0,2663800,1699937,1.6999
swap_distribute_parallel_for_collapse_900_1400_2400,900,2400,0,4800,33614400,10087201,2400,36960000,17280000,10084800,3360000,6724800,3360000,0,0,0,3364800,2155590,2.1556
swap_distribute_parallel_for_collapse_900_1400_2900,900,2900,0,5800,40617400,12188701,2900,42560000,20880000,12185800,4060000,8125800,4060000,0,0,0,4065800,2617304,2.6173
swap_distribute_parallel_for_collapse_900_1400_3400,900,3400,0,6800,47620400,14290201,3400,48160000,24480000,14286800,4760000,9526800,4760000,0,0,0,4766800,3067671,3.0677
swap_distribute_parallel_for_collapse_900_1400_3900,900,3900,0,7800,54623400,16391701,3900,53760000,28080000,16387800,5460000,10927800,5460000,0,0,0,5467800,3528681,3.5287
swap_distribute_parallel_for_collapse_900_1400_900,900,900,0,1800,12605400,3782701,900,20160000,6480000,3781800,1260000,2521800,1260000,0,0,0,1261800,790215,0.7902
swap_distribute_parallel_for_collapse_900_1900_1400,900,1400,0,2800,26608400,7984201,1400,34960000,10080000,7982800,2660000,5322800,2660000,0,0,0,2662800,1711686,1.7117
swap_distribute_parallel_for_collapse_900_1900_1900,900,1900,0,3800,36111400,10835701,1900,42560000,13680000,10833800,3610000,7223800,3610000,0,0,0,3613800,2336420,2.3364
swap_distribute_parallel_for_collapse_900_1900_2400,900,2400,0,4800,45614400,13687201,2400,50160000,17280000,13684800,4560000,9124800,4560000,0,0,0,4564800,2967452,2.9675
swap_distribute_parallel_for_collapse_900_1900_2900,900,2900,0,5800,55117400,16538701,2900,57760000,20880000,16535800,5510000,11025800,5510000,0,0,0,5515800,3581933,3.5819
swap_distribute_parallel_for_collapse_900_1900_3400,900,3400,0,6800,64620400,19390201,3400,65360000,24480000,19386800,6460000,12926800,6460000,0,0,0,6466800,4203319,4.2033
swap_distribute_parallel_for_collapse_900_1900_3900,900,3900,0,7800,74123400,22241701,3900,72960000,28080000,22237800,7410000,14827800,7410000,0,0,0,7417800,4828110,4.8281
swap_distribute_parallel_for_collapse_900_1900_900,900,900,0,1800,17105400,5132701,900,27360000,6480000,5131800,1710000,3421800,1710000,0,0,0,1711800,1092930,1.0929
swap_distribute_parallel_for_collapse_900_200_100,900,100,0,200,200600,60301,100,1600000,720000,60200,20000,40200,20000,0,0,0,20200,8675,0.0087
swap_distribute_parallel_for_collapse_900_200_200,900,200,0,400,401200,120601,200,1760000,1440000,120400,40000,80400,40000,0,0,0,40400,16198,0.0162
swap_distribute_parallel_for_collapse_900_200_300,900,300,0,600,601800,180901,300,1920000,2160000,180600,60000,120600,60000,0,0,0,60600,23792,0.0238
swap_distribute_parallel_for_collapse_900_200_400,900,400,0,800,802400,241201,400,2080000,2880000,240800,80000,160800,80000,0,0,0,80800,33004,0.0330
swap_distribute_parallel_for_collapse_900_200_500,900,500,0,1000,1003000,301501,500,2240000,3600000,301000,100000,201000,100000,0,0,0,101000,44394,0.0444
swap_distribute_parallel_for_collapse_900_200_600,900,600,0,1200,1203600,361801,600,2400000,4320000,361200,120000,241200,120000,0,0,0,121200,53760,0.0538
swap_distribute_parallel_for_collapse_900_200_700,900,700,0,1400,1404200,422101,700,2560000,5040000,421400,140000,281400,140000,0,0,0,141400,64498,0.0645
swap_distribute_parallel_for_collapse_900_200_800,900,800,0,1600,1604800,482401,800,2720000,5760000,481600,160000,321600,160000,0,0,0,161600,75255,0.0753
swap_distribute_parallel_for_collapse_900_200_900,900,900,0,1800,1805400,542701,900,2880000,6480000,541800,180000,361800,180000,0,0,0,181800,122691,0.1227
swap_distribute_parallel_for_collapse_900_2400_1400,900,1400,0,2800,33608400,10084201,1400,44160000,10080000,10082800,3360000,6722800,3360000,0,0,0,3362800,2184015,2.1840
swap_distribute_parallel_for_collapse_900_2400_1900,900,1900,0,3800,45611400,13685701,1900,53760000,13680000,13683800,4560000,9123800,4560000,0,0,0,4563800,3086423,3.0864
swap_distribute_parallel_for_collapse_900_2400_2400,900,2400,0,4800,57614400,17287201,2400,63360000,17280000,17284800,5760000,11524800,5760000,0,0,0,5764800,3768528,3.7685
swap_distribute_parallel_for_collapse_900_2400_2900,900,2900,0,5800,69617400,20888701,2900,72960000,20880000,20885800,6960000,13925800,6960000,0,0,0,6965800,4560313,4.5603
swap_distribute_parallel_for_collapse_900_2400_3400,900,3400,0,6800,81620400,24490201,3400,82560000,24480000,24486800,8160000,16326800,8160000,0,0,0,8166800,5345611,5.3456
swap_distribute_parallel_for_collapse_900_2400_3900,900,3900,0,7800,93623400,28091701,3900,92160000,28080000,28087800,9360000,18727800,9360000,0,0,0,9367800,6154309,6.1543
swap_distribute_parallel_for_collapse_900_2400_900,900,900,0,1800,21605400,6482701,900,34560000,6480000,6481800,2160000,4321800,2160000,0,0,0,2161800,1394225,1.3942
swap_distribute_parallel_for_collapse_900_2900_1400,900,1400,0,2800,40608400,12184201,1400,53360000,10080000,12182800,4060000,8122800,4060000,0,0,0,4062800,2661533,2.6615
swap_distribute_parallel_for_collapse_900_2900_1900,900,1900,0,3800,55111400,16535701,1900,64960000,13680000,16533800,5510000,11023800,5510000,0,0,0,5513800,3621793,3.6218
swap_distribute_parallel_for_collapse_900_2900_2400,900,2400,0,4800,69614400,20887201,2400,76560000,17280000,20884800,6960000,13924800,6960000,0,0,0,6964800,4583040,4.5830
swap_distribute_parallel_for_collapse_900_2900_2900,900,2900,0,5800,84117400,25238701,2900,88160000,20880000,25235800,8410000,16825800,8410000,0,0,0,8415800,5553530,5.5535
swap_distribute_parallel_for_collapse_900_2900_3400,900,3400,0,6800,98620400,29590201,3400,99760000,24480000,29586800,9860000,19726800,9860000,0,0,0,9866800,6510490,6.5105
swap_distribute_parallel_for_collapse_900_2900_3900,900,3900,0,7800,113123400,33941701,3900,111360000,28080000,33937800,11310000,22627800,11310000,0,0,0,11317800,7465330,7.4653
swap_distribute_parallel_for_collapse_900_2900_900,900,900,0,1800,26105400,7832701,900,41760000,6480000,7831800,2610000,5221800,2610000,0,0,0,2611800,1697707,1.6977
swap_distribute_parallel_for_collapse_900_300_100,900,100,0,200,300600,90301,100,2400000,720000,90200,30000,60200,30000,0,0,0,30200,12536,0.0125
swap_distribute_parallel_for_collapse_900_300_200,900,200,0,400,601200,180601,200,2640000,1440000,180400,60000,120400,60000,0,0,0,60400,23081,0.0231
swap_distribute_parallel_for_collapse_900_300_300,900,300,0,600,901800,270901,300,2880000,2160000,270600,90000,180600,90000,0,0,0,90600,39287,0.0393
swap_distribute_parallel_for_collapse_900_300_400,900,400,0,800,1202400,361201,400,3120000,2880000,360800,120000,240800,120000,0,0,0,120800,57912,0.0579
swap_distribute_parallel_for_collapse_900_300_500,900,500,0,1000,1503000,451501,500,3360000,3600000,451000,150000,301000,150000,0,0,0,151000,74599,0.0746
swap_distribute_parallel_for_collapse_900_300_600,900,600,0,1200,1803600,541801,600,3600000,4320000,541200,180000,361200,180000,0,0,0,181200,92156,0.0922
swap_distribute_parallel_for_collapse_900_300_700,900,700,0,1400,2104200,632101,700,3840000,5040000,631400,210000,421400,210000,0,0,0,211400,107941,0.1079
swap_distribute_parallel_for_collapse_900_300_800,900,800,0,1600,2404800,722401,800,4080000,5760000,721600,240000,481600,240000,0,0,0,241600,125677,0.1257
swap_distribute_parallel_for_collapse_900_300_900,900,900,0,1800,2705400,812701,900,4320000,6480000,811800,270000,541800,270000,0,0,0,271800,143332,0.1433
swap_distribute_parallel_for_collapse_900_3400_1400,900,1400,0,2800,47608400,14284201,1400,62560000,10080000,14282800,4760000,9522800,4760000,0,0,0,4762800,3163042,3.1630
swap_distribute_parallel_for_collapse_900_3400_1900,900,1900,0,3800,64611400,19385701,1900,76160000,13680000,19383800,6460000,12923800,6460000,0,0,0,6463800,4294964,4.2950
swap_distribute_parallel_for_collapse_900_3400_2400,900,2400,0,4800,81614400,24487201,2400,89760000,17280000,24484800,8160000,16324800,8160000,0,0,0,8164800,5424900,5.4249
swap_distribute_parallel_for_collapse_900_3400_2900,900,2900,0,5800,98617400,29588701,2900,103360000,20880000,29585800,9860000,19725800,9860000,0,0,0,9865800,6563623,6.5636
swap_distribute_parallel_for_collapse_900_3400_3400,900,3400,0,6800,115620400,34690201,3400,116960000,24480000,34686800,11560000,23126800,11560000,0,0,0,11566800,7692327,7.6923
swap_distribute_parallel_for_collapse_900_3400_3900,900,3900,0,7800,132623400,39791701,3900,130560000,28080000,39787800,13260000,26527800,13260000,0,0,0,13267800,8845120,8.8451
swap_distribute_parallel_for_collapse_900_3400_900,900,900,0,1800,30605400,9182701,900,48960000,6480000,9181800,3060000,6121800,3060000,0,0,0,3061800,2009784,2.0098
swap_distribute_parallel_for_collapse_900_3900_1400,900,1400,0,2800,54608400,16384201,1400,71760000,10080000,16382800,5460000,10922800,5460000,0,0,0,5462800,3599588,3.5996
swap_distribute_parallel_for_collapse_900_3900_1900,900,1900,0,3800,74111400,22235701,1900,87360000,13680000,22233800,7410000,14823800,7410000,0,0,0,7413800,4906920,4.9069
swap_distribute_parallel_for_collapse_900_3900_2400,900,2400,0,4800,93614400,28087201,2400,102960000,17280000,28084800,9360000,18724800,9360000,0,0,0,9364800,6240925,6.2409
swap_distribute_parallel_for_collapse_900_3900_2900,900,2900,0,5800,113117400,33938701,2900,118560000,20880000,33935800,11310000,22625800,11310000,0,0,0,11315800,7543649,7.5436
swap_distribute_parallel_for_collapse_900_3900_3400,900,3400,0,6800,132620400,39790201,3400,134160000,24480000,39786800,13260000,26526800,13260000,0,0,0,13266800,8791661,8.7917
swap_distribute_parallel_for_collapse_900_3900_3900,900,3900,0,7800,152123400,45641701,3900,149760000,28080000,45637800,15210000,30427800,15210000,0,0,0,15217800,10086179,10.0862
swap_distribute_parallel_for_collapse_900_3900_900,900,900,0,1800,35105400,10532701,900,56160000,6480000,10531800,3510000,7021800,3510000,0,0,0,3511800,2303750,2.3037
swap_distribute_parallel_for_collapse_900_400_100,900,100,0,200,400600,120301,100,3200000,720000,120200,40000,80200,40000,0,0,0,40200,16025,0.0160
swap_distribute_parallel_for_collapse_900_400_200,900,200,0,400,801200,240601,200,3520000,1440000,240400,80000,160400,80000,0,0,0,80400,32476,0.0325
swap_distribute_parallel_for_collapse_900_400_300,900,300,0,600,1201800,360901,300,3840000,2160000,360600,120000,240600,120000,0,0,0,120600,58263,0.0583
swap_distribute_parallel_for_collapse_900_400_400,900,400,0,800,1602400,481201,400,4160000,2880000,480800,160000,320800,160000,0,0,0,160800,81491,0.0815
swap_distribute_parallel_for_collapse_900_400_500,900,500,0,1000,2003000,601501,500,4480000,3600000,601000,200000,401000,200000,0,0,0,201000,103525,0.1035
swap_distribute_parallel_for_collapse_900_400_600,900,600,0,1200,2403600,721801,600,4800000,4320000,721200,240000,481200,240000,0,0,0,241200,129007,0.1290
swap_distribute_parallel_for_collapse_900_400_700,900,700,0,1400,2804200,842101,700,5120000,5040000,841400,280000,561400,280000,0,0,0,281400,152778,0.1528
swap_distribute_parallel_for_collapse_900_400_800,900,800,0,1600,3204800,962401,800,5440000,5760000,961600,320000,641600,320000,0,0,0,321600,179388,0.1794
swap_distribute_parallel_for_collapse_900_400_900,900,900,0,1800,3605400,1082701,900,5760000,6480000,1081800,360000,721800,360000,0,0,0,361800,201441,0.2014
swap_distribute_parallel_for_collapse_900_500_100,900,100,0,200,500600,150301,100,4000000,720000,150200,50000,100200,50000,0,0,0,50200,21819,0.0218
swap_distribute_parallel_for_collapse_900_500_200,900,200,0,400,1001200,300601,200,4400000,1440000,300400,100000,200400,100000,0,0,0,100400,49604,0.0496
swap_distribute_parallel_for_collapse_900_500_300,900,300,0,600,1501800,450901,300,4800000,2160000,450600,150000,300600,150000,0,0,0,150600,75989,0.0760
swap_distribute_parallel_for_collapse_900_500_400,900,400,0,800,2002400,601201,400,5200000,2880000,600800,200000,400800,200000,0,0,0,200800,108948,0.1089
swap_distribute_parallel_for_collapse_900_500_500,900,500,0,1000,2503000,751501,500,5600000,3600000,751000,250000,501000,250000,0,0,0,251000,135881,0.1359
swap_distribute_parallel_for_collapse_900_500_600,900,600,0,1200,3003600,901801,600,6000000,4320000,901200,300000,601200,300000,0,0,0,301200,165903,0.1659
swap_distribute_parallel_for_collapse_900_500_700,900,700,0,1400,3504200,1052101,700,6400000,5040000,1051400,350000,701400,350000,0,0,0,351400,202147,0.2021
swap_distribute_parallel_for_collapse_900_500_800,900,800,0,1600,4004800,1202401,800,6800000,5760000,1201600,400000,801600,400000,0,0,0,401600,234753,0.2348
swap_distribute_parallel_for_collapse_900_500_900,900,900,0,1800,4505400,1352701,900,7200000,6480000,1351800,450000,901800,450000,0,0,0,451800,256786,0.2568
swap_distribute_parallel_for_collapse_900_600_100,900,100,0,200,600600,180301,100,4800000,720000,180200,60000,120200,60000,0,0,0,60200,23558,0.0236
swap_distribute_parallel_for_collapse_900_600_200,900,200,0,400,1201200,360601,200,5280000,1440000,360400,120000,240400,120000,0,0,0,120400,53801,0.0538
swap_distribute_parallel_for_collapse_900_600_300,900,300,0,600,1801800,540901,300,5760000,2160000,540600,180000,360600,180000,0,0,0,180600,91289,0.0913
swap_distribute_parallel_for_collapse_900_600_400,900,400,0,800,2402400,721201,400,6240000,2880000,720800,240000,480800,240000,0,0,0,240800,129818,0.1298
swap_distribute_parallel_for_collapse_900_600_500,900,500,0,1000,3003000,901501,500,6720000,3600000,901000,300000,601000,300000,0,0,0,301000,166378,0.1664
swap_distribute_parallel_for_collapse_900_600_600,900,600,0,1200,3603600,1081801,600,7200000,4320000,1081200,360000,721200,360000,0,0,0,361200,204873,0.2049
swap_distribute_parallel_for_collapse_900_600_700,900,700,0,1400,4204200,1262101,700,7680000,5040000,1261400,420000,841400,420000,0,0,0,421400,240851,0.2409
swap_distribute_parallel_for_collapse_900_600_800,900,800,0,1600,4804800,1442401,800,8160000,5760000,1441600,480000,961600,480000,0,0,0,481600,276954,0.2770
swap_distribute_parallel_for_collapse_900_600_900,900,900,0,1800,5405400,1622701,900,8640000,6480000,1621800,540000,1081800,540000,0,0,0,541800,316147,0.3161
swap_distribute_parallel_for_collapse_900_700_100,900,100,0,200,700600,210301,100,5600000,720000,210200,70000,140200,70000,0,0,0,70200,30056,0.0301
swap_distribute_parallel_for_collapse_900_700_200,900,200,0,400,1401200,420601,200,6160000,1440000,420400,140000,280400,140000,0,0,0,140400,66383,0.0664
swap_distribute_parallel_for_collapse_900_700_300,900,300,0,600,2101800,630901,300,6720000,2160000,630600,210000,420600,210000,0,0,0,210600,110352,0.1104
swap_distribute_parallel_for_collapse_900_700_400,900,400,0,800,2802400,841201,400,7280000,2880000,840800,280000,560800,280000,0,0,0,280800,152981,0.1530
swap_distribute_parallel_for_collapse_900_700_500,900,500,0,1000,3503000,1051501,500,7840000,3600000,1051000,350000,701000,350000,0,0,0,351000,198605,0.1986
swap_distribute_parallel_for_collapse_900_700_600,900,600,0,1200,4203600,1261801,600,8400000,4320000,1261200,420000,841200,420000,0,0,0,421200,243496,0.2435
swap_distribute_parallel_for_collapse_900_700_700,900,700,0,1400,4904200,1472101,700,8960000,5040000,1471400,490000,981400,490000,0,0,0,491400,285917,0.2859
swap_distribute_parallel_for_collapse_900_700_800,900,800,0,1600,5604800,1682401,800,9520000,5760000,1681600,560000,1121600,560000,0,0,0,561600,328566,0.3286
swap_distribute_parallel_for_collapse_900_700_900,900,900,0,1800,6305400,1892701,900,10080000,6480000,1891800,630000,1261800,630000,0,0,0,631800,375341,0.3753
swap_distribute_parallel_for_collapse_900_800_100,900,100,0,200,800600,240301,100,6400000,720000,240200,80000,160200,80000,0,0,0,80200,56807,0.0568
swap_distribute_parallel_for_collapse_900_800_200,900,200,0,400,1601200,480601,200,7040000,1440000,480400,160000,320400,160000,0,0,0,160400,88362,0.0884
swap_distribute_parallel_for_collapse_900_800_300,900,300,0,600,2401800,720901,300,7680000,2160000,720600,240000,480600,240000,0,0,0,240600,130662,0.1307
swap_distribute_parallel_for_collapse_900_800_400,900,400,0,800,3202400,961201,400,8320000,2880000,960800,320000,640800,320000,0,0,0,320800,180553,0.1806
swap_distribute_parallel_for_collapse_900_800_500,900,500,0,1000,4003000,1201501,500,8960000,3600000,1201000,400000,801000,400000,0,0,0,401000,234037,0.2340
swap_distribute_parallel_for_collapse_900_800_600,900,600,0,1200,4803600,1441801,600,9600000,4320000,1441200,480000,961200,480000,0,0,0,481200,281325,0.2813
swap_distribute_parallel_for_collapse_900_800_700,900,700,0,1400,5604200,1682101,700,10240000,5040000,1681400,560000,1121400,560000,0,0,0,561400,333214,0.3332
swap_distribute_parallel_for_collapse_900_800_800,900,800,0,1600,6404800,1922401,800,10880000,5760000,1921600,640000,1281600,640000,0,0,0,641600,381437,0.3814
swap_distribute_parallel_for_collapse_900_800_900,900,900,0,1800,7205400,2162701,900,11520000,6480000,2161800,720000,1441800,720000,0,0,0,721800,433505,0.4335
swap_distribute_parallel_for_collapse_900_900_100,900,100,0,200,900600,270301,100,7200000,720000,270200,90000,180200,90000,0,0,0,90200,38501,0.0385
swap_distribute_parallel_for_collapse_900_900_1400,900,1400,0,2800,12608400,3784201,1400,16560000,10080000,3782800,1260000,2522800,1260000,0,0,0,1262800,779248,0.7792
swap_distribute_parallel_for_collapse_900_900_1900,900,1900,0,3800,17111400,5135701,1900,20160000,13680000,5133800,1710000,3423800,1710000,0,0,0,1713800,1070398,1.0704
swap_distribute_parallel_for_collapse_900_900_200,900,200,0,400,1801200,540601,200,7920000,1440000,540400,180000,360400,180000,0,0,0,180400,92020,0.0920
swap_distribute_parallel_for_collapse_900_900_2400,900,2400,0,4800,21614400,6487201,2400,23760000,17280000,6484800,2160000,4324800,2160000,0,0,0,2164800,1358801,1.3588
swap_distribute_parallel_for_collapse_900_900_2900,900,2900,0,5800,26117400,7838701,2900,27360000,20880000,7835800,2610000,5225800,2610000,0,0,0,2615800,1646020,1.6460
swap_distribute_parallel_for_collapse_900_900_300,900,300,0,600,2701800,810901,300,8640000,2160000,810600,270000,540600,270000,0,0,0,270600,148911,0.1489
swap_distribute_parallel_for_collapse_900_900_3400,900,3400,0,6800,30620400,9190201,3400,30960000,24480000,9186800,3060000,6126800,3060000,0,0,0,3066800,1931735,1.9317
swap_distribute_parallel_for_collapse_900_900_3900,900,3900,0,7800,35123400,10541701,3900,34560000,28080000,10537800,3510000,7027800,3510000,0,0,0,3517800,2220544,2.2205
swap_distribute_parallel_for_collapse_900_900_400,900,400,0,800,3602400,1081201,400,9360000,2880000,1080800,360000,720800,360000,0,0,0,360800,205275,0.2053
swap_distribute_parallel_for_collapse_900_900_500,900,500,0,1000,4503000,1351501,500,10080000,3600000,1351000,450000,901000,450000,0,0,0,451000,263010,0.2630
swap_distribute_parallel_for_collapse_900_900_600,900,600,0,1200,5403600,1621801,600,10800000,4320000,1621200,540000,1081200,540000,0,0,0,541200,321932,0.3219
swap_distribute_parallel_for_collapse_900_900_700,900,700,0,1400,6304200,1892101,700,11520000,5040000,1891400,630000,1261400,630000,0,0,0,631400,379855,0.3799
swap_distribute_parallel_for_collapse_900_900_800,900,800,0,1600,7204800,2162401,800,12240000,5760000,2161600,720000,1441600,720000,0,0,0,721600,435299,0.4353
swap_distribute_parallel_for_collapse_900_900_900,900,900,0,1800,8105400,2432701,900,12960000,6480000,2431800,810000,1621800,810000,0,0,0,811800,493897,0.4939
