swap_distribute_parallel_for_1000_1000_1000,1000,1000,0,2000,10006000,3003001,1000,16000000,8000000,3002000,1000000,2002000,1000000,0,0,0,1002000,2812070,2.8121
swap_distribute_parallel_for_1000_1000_1500,1000,1500,0,3000,15009000,4504501,1500,20000000,12000000,4503000,1500000,3003000,1500000,0,0,0,1503000,2820809,2.8208
swap_distribute_parallel_for_1000_1000_2000,1000,2000,0,4000,20012000,6006001,2000,24000000,16000000,6004000,2000000,4004000,2000000,0,0,0,2004000,2872813,2.8728
swap_distribute_parallel_for_1000_1000_2500,1000,2500,0,5000,25015000,7507501,2500,28000000,20000000,7505000,2500000,5005000,2500000,0,0,0,2505000,2884601,2.8846
swap_distribute_parallel_for_1000_1000_3000,1000,3000,0,6000,30018000,9009001,3000,32000000,24000000,9006000,3000000,6006000,3000000,0,0,0,3006000,2893764,2.8938
swap_distribute_parallel_for_1000_1000_3500,1000,3500,0,7000,35021000,10510501,3500,36000000,28000000,10507000,3500000,7007000,3500000,0,0,0,3507000,3195230,3.1952
swap_distribute_parallel_for_1000_1000_4000,1000,4000,0,8000,40024000,12012001,4000,40000000,32000000,12008000,4000000,8008000,4000000,0,0,0,4008000,3163622,3.1636
swap_distribute_parallel_for_1000_1500_1000,1000,1000,0,2000,15006000,4503001,1000,24000000,8000000,4502000,1500000,3002000,1500000,0,0,0,1502000,4216966,4.2170
swap_distribute_parallel_for_1000_1500_1500,1000,1500,0,3000,22509000,6754501,1500,30000000,12000000,6753000,2250000,4503000,2250000,0,0,0,2253000,4231967,4.2320
swap_distribute_parallel_for_1000_1500_2000,1000,2000,0,4000,30012000,9006001,2000,36000000,16000000,9004000,3000000,6004000,3000000,0,0,0,3004000,4309939,4.3099
swap_distribute_parallel_for_1000_1500_2500,1000,2500,0,5000,37515000,11257501,2500,42000000,20000000,11255000,3750000,7505000,3750000,0,0,0,3755000,4326177,4.3262
swap_distribute_parallel_for_1000_1500_3000,1000,3000,0,6000,45018000,13509001,3000,48000000,24000000,13506000,4500000,9006000,4500000,0,0,0,4506000,4346674,4.3467
swap_distribute_parallel_for_1000_1500_3500,1000,3500,0,7000,52521000,15760501,3500,54000000,28000000,15757000,5250000,10507000,5250000,0,0,0,5257000,4789901,4.7899
swap_distribute_parallel_for_1000_1500_4000,1000,4000,0,8000,60024000,18012001,4000,60000000,32000000,18008000,6000000,12008000,6000000,0,0,0,6008000,4739963,4.7400
swap_distribute_parallel_for_1000_2000_1000,1000,1000,0,2000,20006000,6003001,1000,32000000,8000000,6002000,2000000,4002000,2000000,0,0,0,2002000,5630061,5.6301
swap_distribute_parallel_for_1000_2000_1500,1000,1500,0,3000,30009000,9004501,1500,40000000,12000000,9003000,3000000,6003000,3000000,0,0,0,3003000,5641622,5.6416
swap_distribute_parallel_for_1000_2000_2000,1000,2000,0,4000,40012000,12006001,2000,48000000,16000000,12004000,4000000,8004000,4000000,0,0,0,4004000,5743454,5.7435
swap_distribute_parallel_for_1000_2000_2500,1000,2500,0,5000,50015000,15007501,2500,56000000,20000000,15005000,5000000,10005000,5000000,0,0,0,5005000,5768372,5.7684
swap_distribute_parallel_for_1000_2000_3000,1000,3000,0,6000,60018000,18009001,3000,64000000,24000000,18006000,6000000,12006000,6000000,0,0,0,6006000,5792146,5.7921
swap_distribute_parallel_for_1000_2000_3500,1000,3500,0,7000,70021000,21010501,3500,72000000,28000000,21007000,7000000,14007000,7000000,0,0,0,7007000,6391271,6.3913
swap_distribute_parallel_for_1000_2000_4000,1000,4000,0,8000,80024000,24012001,4000,80000000,32000000,24008000,8000000,16008000,8000000,0,0,0,8008000,6315600,6.3156
swap_distribute_parallel_for_1000_2500_1000,1000,1000,0,2000,25006000,7503001,1000,40000000,8000000,7502000,2500000,5002000,2500000,0,0,0,2502000,7037658,7.0377
swap_distribute_parallel_for_1000_2500_1500,1000,1500,0,3000,37509000,11254501,1500,50000000,12000000,11253000,3750000,7503000,3750000,0,0,0,3753000,7049878,7.0499
swap_distribute_parallel_for_1000_2500_2000,1000,2000,0,4000,50012000,15006001,2000,60000000,16000000,15004000,5000000,10004000,5000000,0,0,0,5004000,7178518,7.1785
swap_distribute_parallel_for_1000_2500_2500,1000,2500,0,5000,62515000,18757501,2500,70000000,20000000,18755000,6250000,12505000,6250000,0,0,0,6255000,7213396,7.2134
swap_distribute_parallel_for_1000_2500_3000,1000,3000,0,6000,75018000,22509001,3000,80000000,24000000,22506000,7500000,15006000,7500000,0,0,0,7506000,7228031,7.2280
swap_distribute_parallel_for_1000_2500_3500,1000,3500,0,7000,87521000,26260501,3500,90000000,28000000,26257000,8750000,17507000,8750000,0,0,0,8757000,7981851,7.9819
swap_distribute_parallel_for_1000_2500_4000,1000,4000,0,8000,100024000,30012001,4000,100000000,32000000,30008000,10000000,20008000,10000000,0,0,0,10008000,7896285,7.8963
swap_distribute_parallel_for_1000_3000_1000,1000,1000,0,2000,30006000,9003001,1000,48000000,8000000,9002000,3000000,6002000,3000000,0,0,0,3002000,8444176,8.4442
swap_distribute_parallel_for_1000_3000_1500,1000,1500,0,3000,45009000,13504501,1500,60000000,12000000,13503000,4500000,9003000,4500000,0,0,0,4503000,8456898,8.4569
swap_distribute_parallel_for_1000_3000_2000,1000,2000,0,4000,60012000,18006001,2000,72000000,16000000,18004000,6000000,12004000,6000000,0,0,0,6004000,8610482,8.6105
swap_distribute_parallel_for_1000_3000_2500,1000,2500,0,5000,75015000,22507501,2500,84000000,20000000,22505000,7500000,15005000,7500000,0,0,0,7505000,8654295,8.6543
swap_distribute_parallel_for_1000_3000_3000,1000,3000,0,6000,90018000,27009001,3000,96000000,24000000,27006000,9000000,18006000,9000000,0,0,0,9006000,8676177,8.6762
swap_distribute_parallel_for_1000_3000_3500,1000,3500,0,7000,105021000,31510501,3500,108000000,28000000,31507000,10500000,21007000,10500000,0,0,0,10507000,9585309,9.5853
swap_distribute_parallel_for_1000_3000_4000,1000,4000,0,8000,120024000,36012001,4000,120000000,32000000,36008000,12000000,24008000,12000000,0,0,0,12008000,9483495,9.4835
swap_distribute_parallel_for_1000_3500_1000,1000,1000,0,2000,35006000,10503001,1000,56000000,8000000,10502000,3500000,7002000,3500000,0,0,0,3502000,9851965,9.8520
swap_distribute_parallel_for_1000_3500_1500,1000,1500,0,3000,52509000,15754501,1500,70000000,12000000,15753000,5250000,10503000,5250000,0,0,0,5253000,9876541,9.8765
swap_distribute_parallel_for_1000_3500_2000,1000,2000,0,4000,70012000,21006001,2000,84000000,16000000,21004000,7000000,14004000,7000000,0,0,0,7004000,10047748,10.0477
swap_distribute_parallel_for_1000_3500_2500,1000,2500,0,5000,87515000,26257501,2500,98000000,20000000,26255000,8750000,17505000,8750000,0,0,0,8755000,10079307,10.0793
swap_distribute_parallel_for_1000_3500_3000,1000,3000,0,6000,105018000,31509001,3000,112000000,24000000,31506000,10500000,21006000,10500000,0,0,0,10506000,10121839,10.1218
swap_distribute_parallel_for_1000_3500_3500,1000,3500,0,7000,122521000,36760501,3500,126000000,28000000,36757000,12250000,24507000,12250000,0,0,0,12257000,11173403,11.1734
swap_distribute_parallel_for_1000_3500_4000,1000,4000,0,8000,140024000,42012001,4000,140000000,32000000,42008000,14000000,28008000,14000000,0,0,0,14008000,11054425,11.0544
swap_distribute_parallel_for_1000_4000_1000,1000,1000,0,2000,40006000,12003001,1000,64000000,8000000,12002000,4000000,8002000,4000000,0,0,0,4002000,11261216,11.2612
swap_distribute_parallel_for_1000_4000_1500,1000,1500,0,3000,60009000,18004501,1500,80000000,12000000,18003000,6000000,12003000,6000000,0,0,0,6003000,11285213,11.2852
swap_distribute_parallel_for_1000_4000_2000,1000,2000,0,4000,80012000,24006001,2000,96000000,16000000,24004000,8000000,16004000,8000000,0,0,0,8004000,11485544,11.4855
swap_distribute_parallel_for_1000_4000_2500,1000,2500,0,5000,100015000,30007501,2500,112000000,20000000,30005000,10000000,20005000,10000000,0,0,0,10005000,11538175,11.5382
swap_distribute_parallel_for_1000_4000_3000,1000,3000,0,6000,120018000,36009001,3000,128000000,24000000,36006000,12000000,24006000,12000000,0,0,0,12006000,11558279,11.5583
swap_distribute_parallel_for_1000_4000_3500,1000,3500,0,7000,140021000,42010501,3500,144000000,28000000,42007000,14000000,28007000,14000000,0,0,0,14007000,12785723,12.7857
swap_distribute_parallel_for_1000_4000_4000,1000,4000,0,8000,160024000,48012001,4000,160000000,32000000,48008000,16000000,32008000,16000000,0,0,0,16008000,12639045,12.6390
swap_distribute_parallel_for_100_100_100,100,100,0,200,100600,30301,100,160000,80000,30200,10000,20200,10000,0,0,0,10200,41666,0.0417
swap_distribute_parallel_for_100_100_200,100,200,0,400,201200,60601,200,240000,160000,60400,20000,40400,20000,0,0,0,20400,35765,0.0358
swap_distribute_parallel_for_100_100_300,100,300,0,600,301800,90901,300,320000,240000,90600,30000,60600,30000,0,0,0,30600,35879,0.0359
swap_distribute_parallel_for_100_100_400,100,400,0,800,402400,121201,400,400000,320000,120800,40000,80800,40000,0,0,0,40800,31299,0.0313
swap_distribute_parallel_for_100_100_500,100,500,0,1000,503000,151501,500,480000,400000,151000,50000,101000,50000,0,0,0,51000,28151,0.0282
swap_distribute_parallel_for_100_100_600,100,600,0,1200,603600,181801,600,560000,480000,181200,60000,121200,60000,0,0,0,61200,27493,0.0275
swap_distribute_parallel_for_100_100_700,100,700,0,1400,704200,212101,700,640000,560000,211400,70000,141400,70000,0,0,0,71400,29653,0.0297
swap_distribute_parallel_for_100_100_800,100,800,0,1600,804800,242401,800,720000,640000,241600,80000,161600,80000,0,0,0,81600,28261,0.0283
swap_distribute_parallel_for_100_100_900,100,900,0,1800,905400,272701,900,800000,720000,271800,90000,181800,90000,0,0,0,91800,29190,0.0292
swap_distribute_parallel_for_100_200_100,100,100,0,200,200600,60301,100,320000,80000,60200,20000,40200,20000,0,0,0,20200,52556,0.0526
swap_distribute_parallel_for_100_200_200,100,200,0,400,401200,120601,200,480000,160000,120400,40000,80400,40000,0,0,0,40400,53171,0.0532
swap_distribute_parallel_for_100_200_300,100,300,0,600,601800,180901,300,640000,240000,180600,60000,120600,60000,0,0,0,60600,54541,0.0545
swap_distribute_parallel_for_100_200_400,100,400,0,800,802400,241201,400,800000,320000,240800,80000,160800,80000,0,0,0,80800,54526,0.0545
swap_distribute_parallel_for_100_200_500,100,500,0,1000,1003000,301501,500,960000,400000,301000,100000,201000,100000,0,0,0,101000,54965,0.0550
swap_distribute_parallel_for_100_200_600,100,600,0,1200,1203600,361801,600,1120000,480000,361200,120000,241200,120000,0,0,0,121200,54660,0.0547
swap_distribute_parallel_for_100_200_700,100,700,0,1400,1404200,422101,700,1280000,560000,421400,140000,281400,140000,0,0,0,141400,55755,0.0558
swap_distribute_parallel_for_100_200_800,100,800,0,1600,1604800,482401,800,1440000,640000,481600,160000,321600,160000,0,0,0,161600,54913,0.0549
swap_distribute_parallel_for_100_200_900,100,900,0,1800,1805400,542701,900,1600000,720000,541800,180000,361800,180000,0,0,0,181800,57447,0.0574
swap_distribute_parallel_for_100_300_100,100,100,0,200,300600,90301,100,480000,80000,90200,30000,60200,30000,0,0,0,30200,78191,0.0782
swap_distribute_parallel_for_100_300_200,100,200,0,400,601200,180601,200,720000,160000,180400,60000,120400,60000,0,0,0,60400,78862,0.0789
swap_distribute_parallel_for_100_300_300,100,300,0,600,901800,270901,300,960000,240000,270600,90000,180600,90000,0,0,0,90600,80963,0.0810
swap_distribute_parallel_for_100_300_400,100,400,0,800,1202400,361201,400,1200000,320000,360800,120000,240800,120000,0,0,0,120800,80897,0.0809
swap_distribute_parallel_for_100_300_500,100,500,0,1000,1503000,451501,500,1440000,400000,451000,150000,301000,150000,0,0,0,151000,80957,0.0810
swap_distribute_parallel_for_100_300_600,100,600,0,1200,1803600,541801,600,1680000,480000,541200,180000,361200,180000,0,0,0,181200,82168,0.0822
swap_distribute_parallel_for_100_300_700,100,700,0,1400,2104200,632101,700,1920000,560000,631400,210000,421400,210000,0,0,0,211400,85419,0.0854
swap_distribute_parallel_for_100_300_800,100,800,0,1600,2404800,722401,800,2160000,640000,721600,240000,481600,240000,0,0,0,241600,86789,0.0868
swap_distribute_parallel_for_100_300_900,100,900,0,1800,2705400,812701,900,2400000,720000,811800,270000,541800,270000,0,0,0,271800,86459,0.0865
swap_distribute_parallel_for_100_400_100,100,100,0,200,400600,120301,100,640000,80000,120200,40000,80200,40000,0,0,0,40200,104000,0.1040
swap_distribute_parallel_for_100_400_200,100,200,0,400,801200,240601,200,960000,160000,240400,80000,160400,80000,0,0,0,80400,105366,0.1054
swap_distribute_parallel_for_100_400_300,100,300,0,600,1201800,360901,300,1280000,240000,360600,120000,240600,120000,0,0,0,120600,107437,0.1074
swap_distribute_parallel_for_100_400_400,100,400,0,800,1602400,481201,400,1600000,320000,480800,160000,320800,160000,0,0,0,160800,107681,0.1077
swap_distribute_parallel_for_100_400_500,100,500,0,1000,2003000,601501,500,1920000,400000,601000,200000,401000,200000,0,0,0,201000,110361,0.1104
swap_distribute_parallel_for_100_400_600,100,600,0,1200,2403600,721801,600,2240000,480000,721200,240000,481200,240000,0,0,0,241200,114137,0.1141
swap_distribute_parallel_for_100_400_700,100,700,0,1400,2804200,842101,700,2560000,560000,841400,280000,561400,280000,0,0,0,281400,114334,0.1143
swap_distribute_parallel_for_100_400_800,100,800,0,1600,3204800,962401,800,2880000,640000,961600,320000,641600,320000,0,0,0,321600,115867,0.1159
swap_distribute_parallel_for_100_400_900,100,900,0,1800,3605400,1082701,900,3200000,720000,1081800,360000,721800,360000,0,0,0,361800,115186,0.1152
swap_distribute_parallel_for_100_500_100,100,100,0,200,500600,150301,100,800000,80000,150200,50000,100200,50000,0,0,0,50200,129625,0.1296
swap_distribute_parallel_for_100_500_200,100,200,0,400,1001200,300601,200,1200000,160000,300400,100000,200400,100000,0,0,0,100400,131288,0.1313
swap_distribute_parallel_for_100_500_300,100,300,0,600,1501800,450901,300,1600000,240000,450600,150000,300600,150000,0,0,0,150600,135401,0.1354
swap_distribute_parallel_for_100_500_400,100,400,0,800,2002400,601201,400,2000000,320000,600800,200000,400800,200000,0,0,0,200800,137795,0.1378
swap_distribute_parallel_for_100_500_500,100,500,0,1000,2503000,751501,500,2400000,400000,751000,250000,501000,250000,0,0,0,251000,142211,0.1422
swap_distribute_parallel_for_100_500_600,100,600,0,1200,3003600,901801,600,2800000,480000,901200,300000,601200,300000,0,0,0,301200,142311,0.1423
swap_distribute_parallel_for_100_500_700,100,700,0,1400,3504200,1052101,700,3200000,560000,1051400,350000,701400,350000,0,0,0,351400,142633,0.1426
swap_distribute_parallel_for_100_500_800,100,800,0,1600,4004800,1202401,800,3600000,640000,1201600,400000,801600,400000,0,0,0,401600,144139,0.1441
swap_distribute_parallel_for_100_500_900,100,900,0,1800,4505400,1352701,900,4000000,720000,1351800,450000,901800,450000,0,0,0,451800,144305,0.1443
swap_distribute_parallel_for_100_600_100,100,100,0,200,600600,180301,100,960000,80000,180200,60000,120200,60000,0,0,0,60200,155567,0.1556
swap_distribute_parallel_for_100_600_200,100,200,0,400,1201200,360601,200,1440000,160000,360400,120000,240400,120000,0,0,0,120400,157108,0.1571
swap_distribute_parallel_for_100_600_300,100,300,0,600,1801800,540901,300,1920000,240000,540600,180000,360600,180000,0,0,0,180600,162211,0.1622
swap_distribute_parallel_for_100_600_400,100,400,0,800,2402400,721201,400,2400000,320000,720800,240000,480800,240000,0,0,0,240800,170408,0.1704
swap_distribute_parallel_for_100_600_500,100,500,0,1000,3003000,901501,500,2880000,400000,901000,300000,601000,300000,0,0,0,301000,170624,0.1706
swap_distribute_parallel_for_100_600_600,100,600,0,1200,3603600,1081801,600,3360000,480000,1081200,360000,721200,360000,0,0,0,361200,170651,0.1707
swap_distribute_parallel_for_100_600_700,100,700,0,1400,4204200,1262101,700,3840000,560000,1261400,420000,841400,420000,0,0,0,421400,171346,0.1713
swap_distribute_parallel_for_100_600_800,100,800,0,1600,4804800,1442401,800,4320000,640000,1441600,480000,961600,480000,0,0,0,481600,174571,0.1746
swap_distribute_parallel_for_100_600_900,100,900,0,1800,5405400,1622701,900,4800000,720000,1621800,540000,1081800,540000,0,0,0,541800,173790,0.1738
swap_distribute_parallel_for_100_700_100,100,100,0,200,700600,210301,100,1120000,80000,210200,70000,140200,70000,0,0,0,70200,181798,0.1818
swap_distribute_parallel_for_100_700_200,100,200,0,400,1401200,420601,200,1680000,160000,420400,140000,280400,140000,0,0,0,140400,183036,0.1830
swap_distribute_parallel_for_100_700_300,100,300,0,600,2101800,630901,300,2240000,240000,630600,210000,420600,210000,0,0,0,210600,198861,0.1989
swap_distribute_parallel_for_100_700_400,100,400,0,800,2802400,841201,400,2800000,320000,840800,280000,560800,280000,0,0,0,280800,200047,0.2000
swap_distribute_parallel_for_100_700_500,100,500,0,1000,3503000,1051501,500,3360000,400000,1051000,350000,701000,350000,0,0,0,351000,198890,0.1989
swap_distribute_parallel_for_100_700_600,100,600,0,1200,4203600,1261801,600,3920000,480000,1261200,420000,841200,420000,0,0,0,421200,198824,0.1988
swap_distribute_parallel_for_100_700_700,100,700,0,1400,4904200,1472101,700,4480000,560000,1471400,490000,981400,490000,0,0,0,491400,202580,0.2026
swap_distribute_parallel_for_100_700_800,100,800,0,1600,5604800,1682401,800,5040000,640000,1681600,560000,1121600,560000,0,0,0,561600,201485,0.2015
swap_distribute_parallel_for_100_700_900,100,900,0,1800,6305400,1892701,900,5600000,720000,1891800,630000,1261800,630000,0,0,0,631800,201566,0.2016
swap_distribute_parallel_for_100_800_100,100,100,0,200,800600,240301,100,1280000,80000,240200,80000,160200,80000,0,0,0,80200,207591,0.2076
swap_distribute_parallel_for_100_800_200,100,200,0,400,1601200,480601,200,1920000,160000,480400,160000,320400,160000,0,0,0,160400,209012,0.2090
swap_distribute_parallel_for_100_800_300,100,300,0,600,2401800,720901,300,2560000,240000,720600,240000,480600,240000,0,0,0,240600,228186,0.2282
swap_distribute_parallel_for_100_800_400,100,400,0,800,3202400,961201,400,3200000,320000,960800,320000,640800,320000,0,0,0,320800,226588,0.2266
swap_distribute_parallel_for_100_800_500,100,500,0,1000,4003000,1201501,500,3840000,400000,1201000,400000,801000,400000,0,0,0,401000,227003,0.2270
swap_distribute_parallel_for_100_800_600,100,600,0,1200,4803600,1441801,600,4480000,480000,1441200,480000,961200,480000,0,0,0,481200,227464,0.2275
swap_distribute_parallel_for_100_800_700,100,700,0,1400,5604200,1682101,700,5120000,560000,1681400,560000,1121400,560000,0,0,0,561400,240129,0.2401
swap_distribute_parallel_for_100_800_800,100,800,0,1600,6404800,1922401,800,5760000,640000,1921600,640000,1281600,640000,0,0,0,641600,230596,0.2306
swap_distribute_parallel_for_100_800_900,100,900,0,1800,7205400,2162701,900,6400000,720000,2161800,720000,1441800,720000,0,0,0,721800,231029,0.2310
swap_distribute_parallel_for_100_900_100,100,100,0,200,900600,270301,100,1440000,80000,270200,90000,180200,90000,0,0,0,90200,233607,0.2336
swap_distribute_parallel_for_100_900_200,100,200,0,400,1801200,540601,200,2160000,160000,540400,180000,360400,180000,0,0,0,180400,235428,0.2354
swap_distribute_parallel_for_100_900_300,100,300,0,600,2701800,810901,300,2880000,240000,810600,270000,540600,270000,0,0,0,270600,254654,0.2547
swap_distribute_parallel_for_100_900_400,100,400,0,800,3602400,1081201,400,3600000,320000,1080800,360000,720800,360000,0,0,0,360800,254423,0.2544
swap_distribute_parallel_for_100_900_500,100,500,0,1000,4503000,1351501,500,4320000,400000,1351000,450000,901000,450000,0,0,0,451000,255448,0.2554
swap_distribute_parallel_for_100_900_600,100,600,0,1200,5403600,1621801,600,5040000,480000,1621200,540000,1081200,540000,0,0,0,541200,255923,0.2559
swap_distribute_parallel_for_100_900_700,100,700,0,1400,6304200,1892101,700,5760000,560000,1891400,630000,1261400,630000,0,0,0,631400,257624,0.2576
swap_distribute_parallel_for_100_900_800,100,800,0,1600,7204800,2162401,800,6480000,640000,2161600,720000,1441600,720000,0,0,0,721600,259069,0.2591
swap_distribute_parallel_for_100_900_900,100,900,0,1800,8105400,2432701,900,7200000,720000,2431800,810000,1621800,810000,0,0,0,811800,259081,0.2591
swap_distribute_parallel_for_1050_1050_1050,1050,1050,0,2100,11031300,3310651,1050,17640000,8820000,3309600,1102500,2207100,1102500,0,0,0,1104600,3158899,3.1589
swap_distribute_parallel_for_1050_1050_1100,1050,1100,0,2200,11556600,3468301,1100,18060000,9240000,3467200,1155000,2312200,1155000,0,0,0,1157200,3123256,3.1233
swap_distribute_parallel_for_1050_1050_1150,1050,1150,0,2300,12081900,3625951,1150,18480000,9660000,3624800,1207500,2417300,1207500,0,0,0,1209800,3117898,3.1179
swap_distribute_parallel_for_1050_1050_1200,1050,1200,0,2400,12607200,3783601,1200,18900000,10080000,3782400,1260000,2522400,1260000,0,0,0,1262400,3117359,3.1174
swap_distribute_parallel_for_1050_1050_1250,1050,1250,0,2500,13132500,3941251,1250,19320000,10500000,3940000,1312500,2627500,1312500,0,0,0,1315000,3121434,3.1214
swap_distribute_parallel_for_1050_1050_1300,1050,1300,0,2600,13657800,4098901,1300,19740000,10920000,4097600,1365000,2732600,1365000,0,0,0,1367600,3191068,3.1911
swap_distribute_parallel_for_1050_1050_1350,1050,1350,0,2700,14183100,4256551,1350,20160000,11340000,4255200,1417500,2837700,1417500,0,0,0,1420200,3125439,3.1254
swap_distribute_parallel_for_1050_1050_1400,1050,1400,0,2800,14708400,4414201,1400,20580000,11760000,4412800,1470000,2942800,1470000,0,0,0,1472800,3131979,3.1320
swap_distribute_parallel_for_1050_1050_1450,1050,1450,0,2900,15233700,4571851,1450,21000000,12180000,4570400,1522500,3047900,1522500,0,0,0,1525400,3209558,3.2096
swap_distribute_parallel_for_1050_1050_1500,1050,1500,0,3000,15759000,4729501,1500,21420000,12600000,4728000,1575000,3153000,1575000,0,0,0,1578000,3144437,3.1444
swap_distribute_parallel_for_1050_1050_1550,1050,1550,0,3100,16284300,4887151,1550,21840000,13020000,4885600,1627500,3258100,1627500,0,0,0,1630600,3200286,3.2003
swap_distribute_parallel_for_1050_1050_1600,1050,1600,0,3200,16809600,5044801,1600,22260000,13440000,5043200,1680000,3363200,1680000,0,0,0,1683200,3144583,3.1446
swap_distribute_parallel_for_1050_1050_1650,1050,1650,0,3300,17334900,5202451,1650,22680000,13860000,5200800,1732500,3468300,1732500,0,0,0,1735800,3163296,3.1633
swap_distribute_parallel_for_1050_1050_1700,1050,1700,0,3400,17860200,5360101,1700,23100000,14280000,5358400,1785000,3573400,1785000,0,0,0,1788400,3183201,3.1832
swap_distribute_parallel_for_1050_1050_1750,1050,1750,0,3500,18385500,5517751,1750,23520000,14700000,5516000,1837500,3678500,1837500,0,0,0,1841000,3173982,3.1740
swap_distribute_parallel_for_1050_1050_1800,1050,1800,0,3600,18910800,5675401,1800,23940000,15120000,5673600,1890000,3783600,1890000,0,0,0,1893600,3182884,3.1829
swap_distribute_parallel_for_1050_1050_1850,1050,1850,0,3700,19436100,5833051,1850,24360000,15540000,5831200,1942500,3888700,1942500,0,0,0,1946200,3197951,3.1980
swap_distribute_parallel_for_1050_1050_1900,1050,1900,0,3800,19961400,5990701,1900,24780000,15960000,5988800,1995000,3993800,1995000,0,0,0,1998800,3215620,3.2156
swap_distribute_parallel_for_1050_1050_1950,1050,1950,0,3900,20486700,6148351,1950,25200000,16380000,6146400,2047500,4098900,2047500,0,0,0,2051400,3193201,3.1932
swap_distribute_parallel_for_1050_1050_2000,1050,2000,0,4000,21012000,6306001,2000,25620000,16800000,6304000,2100000,4204000,2100000,0,0,0,2104000,3176184,3.1762
swap_distribute_parallel_for_1050_1100_1050,1050,1050,0,2100,11556300,3468151,1050,18480000,8820000,3467100,1155000,2312100,1155000,0,0,0,1157100,3341718,3.3417
swap_distribute_parallel_for_1050_1100_1100,1050,1100,0,2200,12106600,3633301,1100,18920000,9240000,3632200,1210000,2422200,1210000,0,0,0,1212200,3273165,3.2732
swap_distribute_parallel_for_1050_1100_1150,1050,1150,0,2300,12656900,3798451,1150,19360000,9660000,3797300,1265000,2532300,1265000,0,0,0,1267300,3276330,3.2763
swap_distribute_parallel_for_1050_1100_1200,1050,1200,0,2400,13207200,3963601,1200,19800000,10080000,3962400,1320000,2642400,1320000,0,0,0,1322400,3280260,3.2803
swap_distribute_parallel_for_1050_1100_1250,1050,1250,0,2500,13757500,4128751,1250,20240000,10500000,4127500,1375000,2752500,1375000,0,0,0,1377500,3277570,3.2776
swap_distribute_parallel_for_1050_1100_1300,1050,1300,0,2600,14307800,4293901,1300,20680000,10920000,4292600,1430000,2862600,1430000,0,0,0,1432600,3302684,3.3027
swap_distribute_parallel_for_1050_1100_1350,1050,1350,0,2700,14858100,4459051,1350,21120000,11340000,4457700,1485000,2972700,1485000,0,0,0,1487700,3278556,3.2786
swap_distribute_parallel_for_1050_1100_1400,1050,1400,0,2800,15408400,4624201,1400,21560000,11760000,4622800,1540000,3082800,1540000,0,0,0,1542800,3280671,3.2807
swap_distribute_parallel_for_1050_1100_1450,1050,1450,0,2900,15958700,4789351,1450,22000000,12180000,4787900,1595000,3192900,1595000,0,0,0,1597900,3282515,3.2825
swap_distribute_parallel_for_1050_1100_1500,1050,1500,0,3000,16509000,4954501,1500,22440000,12600000,4953000,1650000,3303000,1650000,0,0,0,1653000,3282742,3.2827
swap_distribute_parallel_for_1050_1100_1550,1050,1550,0,3100,17059300,5119651,1550,22880000,13020000,5118100,1705000,3413100,1705000,0,0,0,1708100,3334160,3.3342
swap_distribute_parallel_for_1050_1100_1600,1050,1600,0,3200,17609600,5284801,1600,23320000,13440000,5283200,1760000,3523200,1760000,0,0,0,1763200,3281269,3.2813
swap_distribute_parallel_for_1050_1100_1650,1050,1650,0,3300,18159900,5449951,1650,23760000,13860000,5448300,1815000,3633300,1815000,0,0,0,1818300,3282976,3.2830
swap_distribute_parallel_for_1050_1100_1700,1050,1700,0,3400,18710200,5615101,1700,24200000,14280000,5613400,1870000,3743400,1870000,0,0,0,1873400,3329479,3.3295
swap_distribute_parallel_for_1050_1100_1750,1050,1750,0,3500,19260500,5780251,1750,24640000,14700000,5778500,1925000,3853500,1925000,0,0,0,1928500,3326087,3.3261
swap_distribute_parallel_for_1050_1100_1800,1050,1800,0,3600,19810800,5945401,1800,25080000,15120000,5943600,1980000,3963600,1980000,0,0,0,1983600,3332457,3.3325
swap_distribute_parallel_for_1050_1100_1850,1050,1850,0,3700,20361100,6110551,1850,25520000,15540000,6108700,2035000,4073700,2035000,0,0,0,2038700,3339441,3.3394
swap_distribute_parallel_for_1050_1100_1900,1050,1900,0,3800,20911400,6275701,1900,25960000,15960000,6273800,2090000,4183800,2090000,0,0,0,2093800,3340636,3.3406
swap_distribute_parallel_for_1050_1100_1950,1050,1950,0,3900,21461700,6440851,1950,26400000,16380000,6438900,2145000,4293900,2145000,0,0,0,2148900,3331369,3.3314
swap_distribute_parallel_for_1050_1100_2000,1050,2000,0,4000,22012000,6606001,2000,26840000,16800000,6604000,2200000,4404000,2200000,0,0,0,2204000,3343760,3.3438
swap_distribute_parallel_for_1050_1150_1050,1050,1050,0,2100,12081300,3625651,1050,19320000,8820000,3624600,1207500,2417100,1207500,0,0,0,1209600,3477209,3.4772
swap_distribute_parallel_for_1050_1150_1100,1050,1100,0,2200,12656600,3798301,1100,19780000,9240000,3797200,1265000,2532200,1265000,0,0,0,1267200,3420617,3.4206
swap_distribute_parallel_for_1050_1150_1150,1050,1150,0,2300,13231900,3970951,1150,20240000,9660000,3969800,1322500,2647300,1322500,0,0,0,1324800,3424631,3.4246
swap_distribute_parallel_for_1050_1150_1200,1050,1200,0,2400,13807200,4143601,1200,20700000,10080000,4142400,1380000,2762400,1380000,0,0,0,1382400,3434473,3.4345
swap_distribute_parallel_for_1050_1150_1250,1050,1250,0,2500,14382500,4316251,1250,21160000,10500000,4315000,1437500,2877500,1437500,0,0,0,1440000,3434676,3.4347
swap_distribute_parallel_for_1050_1150_1300,1050,1300,0,2600,14957800,4488901,1300,21620000,10920000,4487600,1495000,2992600,1495000,0,0,0,1497600,3511801,3.5118
swap_distribute_parallel_for_1050_1150_1350,1050,1350,0,2700,15533100,4661551,1350,22080000,11340000,4660200,1552500,3107700,1552500,0,0,0,1555200,3431569,3.4316
swap_distribute_parallel_for_1050_1150_1400,1050,1400,0,2800,16108400,4834201,1400,22540000,11760000,4832800,1610000,3222800,1610000,0,0,0,1612800,3430335,3.4303
swap_distribute_parallel_for_1050_1150_1450,1050,1450,0,2900,16683700,5006851,1450,23000000,12180000,5005400,1667500,3337900,1667500,0,0,0,1670400,3430218,3.4302
swap_distribute_parallel_for_1050_1150_1500,1050,1500,0,3000,17259000,5179501,1500,23460000,12600000,5178000,1725000,3453000,1725000,0,0,0,1728000,3430114,3.4301
swap_distribute_parallel_for_1050_1150_1550,1050,1550,0,3100,17834300,5352151,1550,23920000,13020000,5350600,1782500,3568100,1782500,0,0,0,1785600,3480046,3.4800
swap_distribute_parallel_for_1050_1150_1600,1050,1600,0,3200,18409600,5524801,1600,24380000,13440000,5523200,1840000,3683200,1840000,0,0,0,1843200,3434927,3.4349
swap_distribute_parallel_for_1050_1150_1650,1050,1650,0,3300,18984900,5697451,1650,24840000,13860000,5695800,1897500,3798300,1897500,0,0,0,1900800,3435543,3.4355
swap_distribute_parallel_for_1050_1150_1700,1050,1700,0,3400,19560200,5870101,1700,25300000,14280000,5868400,1955000,3913400,1955000,0,0,0,1958400,3501502,3.5015
swap_distribute_parallel_for_1050_1150_1750,1050,1750,0,3500,20135500,6042751,1750,25760000,14700000,6041000,2012500,4028500,2012500,0,0,0,2016000,3478425,3.4784
swap_distribute_parallel_for_1050_1150_1800,1050,1800,0,3600,20710800,6215401,1800,26220000,15120000,6213600,2070000,4143600,2070000,0,0,0,2073600,3483503,3.4835
swap_distribute_parallel_for_1050_1150_1850,1050,1850,0,3700,21286100,6388051,1850,26680000,15540000,6386200,2127500,4258700,2127500,0,0,0,2131200,3483946,3.4839
swap_distribute_parallel_for_1050_1150_1900,1050,1900,0,3800,21861400,6560701,1900,27140000,15960000,6558800,2185000,4373800,2185000,0,0,0,2188800,3492291,3.4923
swap_distribute_parallel_for_1050_1150_1950,1050,1950,0,3900,22436700,6733351,1950,27600000,16380000,6731400,2242500,4488900,2242500,0,0,0,2246400,3480625,3.4806
swap_distribute_parallel_for_1050_1150_2000,1050,2000,0,4000,23012000,6906001,2000,28060000,16800000,6904000,2300000,4604000,2300000,0,0,0,2304000,3478874,3.4789
swap_distribute_parallel_for_1050_1200_1050,1050,1050,0,2100,12606300,3783151,1050,20160000,8820000,3782100,1260000,2522100,1260000,0,0,0,1262100,3626892,3.6269
swap_distribute_parallel_for_1050_1200_1100,1050,1100,0,2200,13206600,3963301,1100,20640000,9240000,3962200,1320000,2642200,1320000,0,0,0,1322200,3568462,3.5685
swap_distribute_parallel_for_1050_1200_1150,1050,1150,0,2300,13806900,4143451,1150,21120000,9660000,4142300,1380000,2762300,1380000,0,0,0,1382300,3576610,3.5766
swap_distribute_parallel_for_1050_1200_1200,1050,1200,0,2400,14407200,4323601,1200,21600000,10080000,4322400,1440000,2882400,1440000,0,0,0,1442400,3567506,3.5675
swap_distribute_parallel_for_1050_1200_1250,1050,1250,0,2500,15007500,4503751,1250,22080000,10500000,4502500,1500000,3002500,1500000,0,0,0,1502500,3573722,3.5737
swap_distribute_parallel_for_1050_1200_1300,1050,1300,0,2600,15607800,4683901,1300,22560000,10920000,4682600,1560000,3122600,1560000,0,0,0,1562600,3624268,3.6243
swap_distribute_parallel_for_1050_1200_1350,1050,1350,0,2700,16208100,4864051,1350,23040000,11340000,4862700,1620000,3242700,1620000,0,0,0,1622700,3577317,3.5773
swap_distribute_parallel_for_1050_1200_1400,1050,1400,0,2800,16808400,5044201,1400,23520000,11760000,5042800,1680000,3362800,1680000,0,0,0,1682800,3577891,3.5779
swap_distribute_parallel_for_1050_1200_1450,1050,1450,0,2900,17408700,5224351,1450,24000000,12180000,5222900,1740000,3482900,1740000,0,0,0,1742900,3579051,3.5791
swap_distribute_parallel_for_1050_1200_1500,1050,1500,0,3000,18009000,5404501,1500,24480000,12600000,5403000,1800000,3603000,1800000,0,0,0,1803000,3581501,3.5815
swap_distribute_parallel_for_1050_1200_1550,1050,1550,0,3100,18609300,5584651,1550,24960000,13020000,5583100,1860000,3723100,1860000,0,0,0,1863100,3608519,3.6085
swap_distribute_parallel_for_1050_1200_1600,1050,1600,0,3200,19209600,5764801,1600,25440000,13440000,5763200,1920000,3843200,1920000,0,0,0,1923200,3594974,3.5950
swap_distribute_parallel_for_1050_1200_1650,1050,1650,0,3300,19809900,5944951,1650,25920000,13860000,5943300,1980000,3963300,1980000,0,0,0,1983300,3585742,3.5857
swap_distribute_parallel_for_1050_1200_1700,1050,1700,0,3400,20410200,6125101,1700,26400000,14280000,6123400,2040000,4083400,2040000,0,0,0,2043400,3632480,3.6325
swap_distribute_parallel_for_1050_1200_1750,1050,1750,0,3500,21010500,6305251,1750,26880000,14700000,6303500,2100000,4203500,2100000,0,0,0,2103500,3627999,3.6280
swap_distribute_parallel_for_1050_1200_1800,1050,1800,0,3600,21610800,6485401,1800,27360000,15120000,6483600,2160000,4323600,2160000,0,0,0,2163600,3637041,3.6370
swap_distribute_parallel_for_1050_1200_1850,1050,1850,0,3700,22211100,6665551,1850,27840000,15540000,6663700,2220000,4443700,2220000,0,0,0,2223700,3630343,3.6303
swap_distribute_parallel_for_1050_1200_1900,1050,1900,0,3800,22811400,6845701,1900,28320000,15960000,6843800,2280000,4563800,2280000,0,0,0,2283800,3641314,3.6413
swap_distribute_parallel_for_1050_1200_1950,1050,1950,0,3900,23411700,7025851,1950,28800000,16380000,7023900,2340000,4683900,2340000,0,0,0,2343900,3645301,3.6453
swap_distribute_parallel_for_1050_1200_2000,1050,2000,0,4000,24012000,7206001,2000,29280000,16800000,7204000,2400000,4804000,2400000,0,0,0,2404000,3629417,3.6294
swap_distribute_parallel_for_1050_1250_1050,1050,1050,0,2100,13131300,3940651,1050,21000000,8820000,3939600,1312500,2627100,1312500,0,0,0,1314600,3778592,3.7786
swap_distribute_parallel_for_1050_1250_1100,1050,1100,0,2200,13756600,4128301,1100,21500000,9240000,4127200,1375000,2752200,1375000,0,0,0,1377200,3717346,3.7173
swap_distribute_parallel_for_1050_1250_1150,1050,1150,0,2300,14381900,4315951,1150,22000000,9660000,4314800,1437500,2877300,1437500,0,0,0,1439800,3723167,3.7232
swap_distribute_parallel_for_1050_1250_1200,1050,1200,0,2400,15007200,4503601,1200,22500000,10080000,4502400,1500000,3002400,1500000,0,0,0,1502400,3719886,3.7199
swap_distribute_parallel_for_1050_1250_1250,1050,1250,0,2500,15632500,4691251,1250,23000000,10500000,4690000,1562500,3127500,1562500,0,0,0,1565000,3725059,3.7251
swap_distribute_parallel_for_1050_1250_1300,1050,1300,0,2600,16257800,4878901,1300,23500000,10920000,4877600,1625000,3252600,1625000,0,0,0,1627600,3796079,3.7961
swap_distribute_parallel_for_1050_1250_1350,1050,1350,0,2700,16883100,5066551,1350,24000000,11340000,5065200,1687500,3377700,1687500,0,0,0,1690200,3731107,3.7311
swap_distribute_parallel_for_1050_1250_1400,1050,1400,0,2800,17508400,5254201,1400,24500000,11760000,5252800,1750000,3502800,1750000,0,0,0,1752800,3742998,3.7430
swap_distribute_parallel_for_1050_1250_1450,1050,1450,0,2900,18133700,5441851,1450,25000000,12180000,5440400,1812500,3627900,1812500,0,0,0,1815400,3730023,3.7300
swap_distribute_parallel_for_1050_1250_1500,1050,1500,0,3000,18759000,5629501,1500,25500000,12600000,5628000,1875000,3753000,1875000,0,0,0,1878000,3730063,3.7301
swap_distribute_parallel_for_1050_1250_1550,1050,1550,0,3100,19384300,5817151,1550,26000000,13020000,5815600,1937500,3878100,1937500,0,0,0,1940600,3789940,3.7899
swap_distribute_parallel_for_1050_1250_1600,1050,1600,0,3200,20009600,6004801,1600,26500000,13440000,6003200,2000000,4003200,2000000,0,0,0,2003200,3740061,3.7401
swap_distribute_parallel_for_1050_1250_1650,1050,1650,0,3300,20634900,6192451,1650,27000000,13860000,6190800,2062500,4128300,2062500,0,0,0,2065800,3748105,3.7481
swap_distribute_parallel_for_1050_1250_1700,1050,1700,0,3400,21260200,6380101,1700,27500000,14280000,6378400,2125000,4253400,2125000,0,0,0,2128400,3779778,3.7798
swap_distribute_parallel_for_1050_1250_1750,1050,1750,0,3500,21885500,6567751,1750,28000000,14700000,6566000,2187500,4378500,2187500,0,0,0,2191000,3785629,3.7856
swap_distribute_parallel_for_1050_1250_1800,1050,1800,0,3600,22510800,6755401,1800,28500000,15120000,6753600,2250000,4503600,2250000,0,0,0,2253600,3785707,3.7857
swap_distribute_parallel_for_1050_1250_1850,1050,1850,0,3700,23136100,6943051,1850,29000000,15540000,6941200,2312500,4628700,2312500,0,0,0,2316200,3786264,3.7863
swap_distribute_parallel_for_1050_1250_1900,1050,1900,0,3800,23761400,7130701,1900,29500000,15960000,7128800,2375000,4753800,2375000,0,0,0,2378800,3796083,3.7961
swap_distribute_parallel_for_1050_1250_1950,1050,1950,0,3900,24386700,7318351,1950,30000000,16380000,7316400,2437500,4878900,2437500,0,0,0,2441400,3789880,3.7899
swap_distribute_parallel_for_1050_1250_2000,1050,2000,0,4000,25012000,7506001,2000,30500000,16800000,7504000,2500000,5004000,2500000,0,0,0,2504000,3786153,3.7862
swap_distribute_parallel_for_1050_1300_1050,1050,1050,0,2100,13656300,4098151,1050,21840000,8820000,4097100,1365000,2732100,1365000,0,0,0,1367100,3946090,3.9461
swap_distribute_parallel_for_1050_1300_1100,1050,1100,0,2200,14306600,4293301,1100,22360000,9240000,4292200,1430000,2862200,1430000,0,0,0,1432200,3873922,3.8739
swap_distribute_parallel_for_1050_1300_1150,1050,1150,0,2300,14956900,4488451,1150,22880000,9660000,4487300,1495000,2992300,1495000,0,0,0,1497300,3868699,3.8687
swap_distribute_parallel_for_1050_1300_1200,1050,1200,0,2400,15607200,4683601,1200,23400000,10080000,4682400,1560000,3122400,1560000,0,0,0,1562400,3863254,3.8633
swap_distribute_parallel_for_1050_1300_1250,1050,1250,0,2500,16257500,4878751,1250,23920000,10500000,4877500,1625000,3252500,1625000,0,0,0,1627500,3868552,3.8686
swap_distribute_parallel_for_1050_1300_1300,1050,1300,0,2600,16907800,5073901,1300,24440000,10920000,5072600,1690000,3382600,1690000,0,0,0,1692600,3953037,3.9530
swap_distribute_parallel_for_1050_1300_1350,1050,1350,0,2700,17558100,5269051,1350,24960000,11340000,5267700,1755000,3512700,1755000,0,0,0,1757700,3873580,3.8736
swap_distribute_parallel_for_1050_1300_1400,1050,1400,0,2800,18208400,5464201,1400,25480000,11760000,5462800,1820000,3642800,1820000,0,0,0,1822800,3867956,3.8680
swap_distribute_parallel_for_1050_1300_1450,1050,1450,0,2900,18858700,5659351,1450,26000000,12180000,5657900,1885000,3772900,1885000,0,0,0,1887900,3876046,3.8760
swap_distribute_parallel_for_1050_1300_1500,1050,1500,0,3000,19509000,5854501,1500,26520000,12600000,5853000,1950000,3903000,1950000,0,0,0,1953000,3877849,3.8778
swap_distribute_parallel_for_1050_1300_1550,1050,1550,0,3100,20159300,6049651,1550,27040000,13020000,6048100,2015000,4033100,2015000,0,0,0,2018100,3937066,3.9371
swap_distribute_parallel_for_1050_1300_1600,1050,1600,0,3200,20809600,6244801,1600,27560000,13440000,6243200,2080000,4163200,2080000,0,0,0,2083200,3878690,3.8787
swap_distribute_parallel_for_1050_1300_1650,1050,1650,0,3300,21459900,6439951,1650,28080000,13860000,6438300,2145000,4293300,2145000,0,0,0,2148300,3878174,3.8782
swap_distribute_parallel_for_1050_1300_1700,1050,1700,0,3400,22110200,6635101,1700,28600000,14280000,6633400,2210000,4423400,2210000,0,0,0,2213400,3938513,3.9385
swap_distribute_parallel_for_1050_1300_1750,1050,1750,0,3500,22760500,6830251,1750,29120000,14700000,6828500,2275000,4553500,2275000,0,0,0,2278500,3929560,3.9296
swap_distribute_parallel_for_1050_1300_1800,1050,1800,0,3600,23410800,7025401,1800,29640000,15120000,7023600,2340000,4683600,2340000,0,0,0,2343600,3951320,3.9513
swap_distribute_parallel_for_1050_1300_1850,1050,1850,0,3700,24061100,7220551,1850,30160000,15540000,7218700,2405000,4813700,2405000,0,0,0,2408700,3938125,3.9381
swap_distribute_parallel_for_1050_1300_1900,1050,1900,0,3800,24711400,7415701,1900,30680000,15960000,7413800,2470000,4943800,2470000,0,0,0,2473800,3952475,3.9525
swap_distribute_parallel_for_1050_1300_1950,1050,1950,0,3900,25361700,7610851,1950,31200000,16380000,7608900,2535000,5073900,2535000,0,0,0,2538900,3936741,3.9367
swap_distribute_parallel_for_1050_1300_2000,1050,2000,0,4000,26012000,7806001,2000,31720000,16800000,7804000,2600000,5204000,2600000,0,0,0,2604000,3932054,3.9321
swap_distribute_parallel_for_1050_1350_1050,1050,1050,0,2100,14181300,4255651,1050,22680000,8820000,4254600,1417500,2837100,1417500,0,0,0,1419600,4100732,4.1007
swap_distribute_parallel_for_1050_1350_1100,1050,1100,0,2200,14856600,4458301,1100,23220000,9240000,4457200,1485000,2972200,1485000,0,0,0,1487200,4012504,4.0125
swap_distribute_parallel_for_1050_1350_1150,1050,1150,0,2300,15531900,4660951,1150,23760000,9660000,4659800,1552500,3107300,1552500,0,0,0,1554800,4015105,4.0151
swap_distribute_parallel_for_1050_1350_1200,1050,1200,0,2400,16207200,4863601,1200,24300000,10080000,4862400,1620000,3242400,1620000,0,0,0,1622400,4013744,4.0137
swap_distribute_parallel_for_1050_1350_1250,1050,1250,0,2500,16882500,5066251,1250,24840000,10500000,5065000,1687500,3377500,1687500,0,0,0,1690000,4014570,4.0146
swap_distribute_parallel_for_1050_1350_1300,1050,1300,0,2600,17557800,5268901,1300,25380000,10920000,5267600,1755000,3512600,1755000,0,0,0,1757600,4074552,4.0746
swap_distribute_parallel_for_1050_1350_1350,1050,1350,0,2700,18233100,5471551,1350,25920000,11340000,5470200,1822500,3647700,1822500,0,0,0,1825200,4017104,4.0171
swap_distribute_parallel_for_1050_1350_1400,1050,1400,0,2800,18908400,5674201,1400,26460000,11760000,5672800,1890000,3782800,1890000,0,0,0,1892800,4023375,4.0234
swap_distribute_parallel_for_1050_1350_1450,1050,1450,0,2900,19583700,5876851,1450,27000000,12180000,5875400,1957500,3917900,1957500,0,0,0,1960400,4027198,4.0272
swap_distribute_parallel_for_1050_1350_1500,1050,1500,0,3000,20259000,6079501,1500,27540000,12600000,6078000,2025000,4053000,2025000,0,0,0,2028000,4032868,4.0329
swap_distribute_parallel_for_1050_1350_1550,1050,1550,0,3100,20934300,6282151,1550,28080000,13020000,6280600,2092500,4188100,2092500,0,0,0,2095600,4086584,4.0866
swap_distribute_parallel_for_1050_1350_1600,1050,1600,0,3200,21609600,6484801,1600,28620000,13440000,6483200,2160000,4323200,2160000,0,0,0,2163200,4028251,4.0283
swap_distribute_parallel_for_1050_1350_1650,1050,1650,0,3300,22284900,6687451,1650,29160000,13860000,6685800,2227500,4458300,2227500,0,0,0,2230800,4036069,4.0361
swap_distribute_parallel_for_1050_1350_1700,1050,1700,0,3400,22960200,6890101,1700,29700000,14280000,6888400,2295000,4593400,2295000,0,0,0,2298400,4086633,4.0866
swap_distribute_parallel_for_1050_1350_1750,1050,1750,0,3500,23635500,7092751,1750,30240000,14700000,7091000,2362500,4728500,2362500,0,0,0,2366000,4086426,4.0864
swap_distribute_parallel_for_1050_1350_1800,1050,1800,0,3600,24310800,7295401,1800,30780000,15120000,7293600,2430000,4863600,2430000,0,0,0,2433600,4084446,4.0844
swap_distribute_parallel_for_1050_1350_1850,1050,1850,0,3700,24986100,7498051,1850,31320000,15540000,7496200,2497500,4998700,2497500,0,0,0,2501200,4087501,4.0875
swap_distribute_parallel_for_1050_1350_1900,1050,1900,0,3800,25661400,7700701,1900,31860000,15960000,7698800,2565000,5133800,2565000,0,0,0,2568800,4128645,4.1286
swap_distribute_parallel_for_1050_1350_1950,1050,1950,0,3900,26336700,7903351,1950,32400000,16380000,7901400,2632500,5268900,2632500,0,0,0,2636400,4085784,4.0858
swap_distribute_parallel_for_1050_1350_2000,1050,2000,0,4000,27012000,8106001,2000,32940000,16800000,8104000,2700000,5404000,2700000,0,0,0,2704000,4080543,4.0805
swap_distribute_parallel_for_1050_1400_1050,1050,1050,0,2100,14706300,4413151,1050,23520000,8820000,4412100,1470000,2942100,1470000,0,0,0,1472100,4234866,4.2349
swap_distribute_parallel_for_1050_1400_1100,1050,1100,0,2200,15406600,4623301,1100,24080000,9240000,4622200,1540000,3082200,1540000,0,0,0,1542200,4170134,4.1701
swap_distribute_parallel_for_1050_1400_1150,1050,1150,0,2300,16106900,4833451,1150,24640000,9660000,4832300,1610000,3222300,1610000,0,0,0,1612300,4164689,4.1647
swap_distribute_parallel_for_1050_1400_1200,1050,1200,0,2400,16807200,5043601,1200,25200000,10080000,5042400,1680000,3362400,1680000,0,0,0,1682400,4163131,4.1631
swap_distribute_parallel_for_1050_1400_1250,1050,1250,0,2500,17507500,5253751,1250,25760000,10500000,5252500,1750000,3502500,1750000,0,0,0,1752500,4170098,4.1701
swap_distribute_parallel_for_1050_1400_1300,1050,1300,0,2600,18207800,5463901,1300,26320000,10920000,5462600,1820000,3642600,1820000,0,0,0,1822600,4228134,4.2281
swap_distribute_parallel_for_1050_1400_1350,1050,1350,0,2700,18908100,5674051,1350,26880000,11340000,5672700,1890000,3782700,1890000,0,0,0,1892700,4173669,4.1737
swap_distribute_parallel_for_1050_1400_1400,1050,1400,0,2800,19608400,5884201,1400,27440000,11760000,5882800,1960000,3922800,1960000,0,0,0,1962800,4172225,4.1722
swap_distribute_parallel_for_1050_1400_1450,1050,1450,0,2900,20308700,6094351,1450,28000000,12180000,6092900,2030000,4062900,2030000,0,0,0,2032900,4177550,4.1776
swap_distribute_parallel_for_1050_1400_1500,1050,1500,0,3000,21009000,6304501,1500,28560000,12600000,6303000,2100000,4203000,2100000,0,0,0,2103000,4181769,4.1818
swap_distribute_parallel_for_1050_1400_1550,1050,1550,0,3100,21709300,6514651,1550,29120000,13020000,6513100,2170000,4343100,2170000,0,0,0,2173100,4234157,4.2342
swap_distribute_parallel_for_1050_1400_1600,1050,1600,0,3200,22409600,6724801,1600,29680000,13440000,6723200,2240000,4483200,2240000,0,0,0,2243200,4171315,4.1713
swap_distribute_parallel_for_1050_1400_1650,1050,1650,0,3300,23109900,6934951,1650,30240000,13860000,6933300,2310000,4623300,2310000,0,0,0,2313300,4188601,4.1886
swap_distribute_parallel_for_1050_1400_1700,1050,1700,0,3400,23810200,7145101,1700,30800000,14280000,7143400,2380000,4763400,2380000,0,0,0,2383400,4249535,4.2495
swap_distribute_parallel_for_1050_1400_1750,1050,1750,0,3500,24510500,7355251,1750,31360000,14700000,7353500,2450000,4903500,2450000,0,0,0,2453500,4251086,4.2511
swap_distribute_parallel_for_1050_1400_1800,1050,1800,0,3600,25210800,7565401,1800,31920000,15120000,7563600,2520000,5043600,2520000,0,0,0,2523600,4254009,4.2540
swap_distribute_parallel_for_1050_1400_1850,1050,1850,0,3700,25911100,7775551,1850,32480000,15540000,7773700,2590000,5183700,2590000,0,0,0,2593700,4243885,4.2439
swap_distribute_parallel_for_1050_1400_1900,1050,1900,0,3800,26611400,7985701,1900,33040000,15960000,7983800,2660000,5323800,2660000,0,0,0,2663800,4274031,4.2740
swap_distribute_parallel_for_1050_1400_1950,1050,1950,0,3900,27311700,8195851,1950,33600000,16380000,8193900,2730000,5463900,2730000,0,0,0,2733900,4253399,4.2534
swap_distribute_parallel_for_1050_1400_2000,1050,2000,0,4000,28012000,8406001,2000,34160000,16800000,8404000,2800000,5604000,2800000,0,0,0,2804000,4261097,4.2611
swap_distribute_parallel_for_1050_1450_1050,1050,1050,0,2100,15231300,4570651,1050,24360000,8820000,4569600,1522500,3047100,1522500,0,0,0,1524600,4403981,4.4040
swap_distribute_parallel_for_1050_1450_1100,1050,1100,0,2200,15956600,4788301,1100,24940000,9240000,4787200,1595000,3192200,1595000,0,0,0,1597200,4344186,4.3442
swap_distribute_parallel_for_1050_1450_1150,1050,1150,0,2300,16681900,5005951,1150,25520000,9660000,5004800,1667500,3337300,1667500,0,0,0,1669800,4331563,4.3316
swap_distribute_parallel_for_1050_1450_1200,1050,1200,0,2400,17407200,5223601,1200,26100000,10080000,5222400,1740000,3482400,1740000,0,0,0,1742400,4315165,4.3152
swap_distribute_parallel_for_1050_1450_1250,1050,1250,0,2500,18132500,5441251,1250,26680000,10500000,5440000,1812500,3627500,1812500,0,0,0,1815000,4318286,4.3183
swap_distribute_parallel_for_1050_1450_1300,1050,1300,0,2600,18857800,5658901,1300,27260000,10920000,5657600,1885000,3772600,1885000,0,0,0,1887600,4376090,4.3761
swap_distribute_parallel_for_1050_1450_1350,1050,1350,0,2700,19583100,5876551,1350,27840000,11340000,5875200,1957500,3917700,1957500,0,0,0,1960200,4328689,4.3287
swap_distribute_parallel_for_1050_1450_1400,1050,1400,0,2800,20308400,6094201,1400,28420000,11760000,6092800,2030000,4062800,2030000,0,0,0,2032800,4315975,4.3160
swap_distribute_parallel_for_1050_1450_1450,1050,1450,0,2900,21033700,6311851,1450,29000000,12180000,6310400,2102500,4207900,2102500,0,0,0,2105400,4323450,4.3235
swap_distribute_parallel_for_1050_1450_1500,1050,1500,0,3000,21759000,6529501,1500,29580000,12600000,6528000,2175000,4353000,2175000,0,0,0,2178000,4325878,4.3259
swap_distribute_parallel_for_1050_1450_1550,1050,1550,0,3100,22484300,6747151,1550,30160000,13020000,6745600,2247500,4498100,2247500,0,0,0,2250600,4390120,4.3901
swap_distribute_parallel_for_1050_1450_1600,1050,1600,0,3200,23209600,6964801,1600,30740000,13440000,6963200,2320000,4643200,2320000,0,0,0,2323200,4329969,4.3300
swap_distribute_parallel_for_1050_1450_1650,1050,1650,0,3300,23934900,7182451,1650,31320000,13860000,7180800,2392500,4788300,2392500,0,0,0,2395800,4340638,4.3406
swap_distribute_parallel_for_1050_1450_1700,1050,1700,0,3400,24660200,7400101,1700,31900000,14280000,7398400,2465000,4933400,2465000,0,0,0,2468400,4401879,4.4019
swap_distribute_parallel_for_1050_1450_1750,1050,1750,0,3500,25385500,7617751,1750,32480000,14700000,7616000,2537500,5078500,2537500,0,0,0,2541000,4384172,4.3842
swap_distribute_parallel_for_1050_1450_1800,1050,1800,0,3600,26110800,7835401,1800,33060000,15120000,7833600,2610000,5223600,2610000,0,0,0,2613600,4388905,4.3889
swap_distribute_parallel_for_1050_1450_1850,1050,1850,0,3700,26836100,8053051,1850,33640000,15540000,8051200,2682500,5368700,2682500,0,0,0,2686200,4390652,4.3907
swap_distribute_parallel_for_1050_1450_1900,1050,1900,0,3800,27561400,8270701,1900,34220000,15960000,8268800,2755000,5513800,2755000,0,0,0,2758800,4399122,4.3991
swap_distribute_parallel_for_1050_1450_1950,1050,1950,0,3900,28286700,8488351,1950,34800000,16380000,8486400,2827500,5658900,2827500,0,0,0,2831400,4392808,4.3928
swap_distribute_parallel_for_1050_1450_2000,1050,2000,0,4000,29012000,8706001,2000,35380000,16800000,8704000,2900000,5804000,2900000,0,0,0,2904000,4385067,4.3851
swap_distribute_parallel_for_1050_1500_1050,1050,1050,0,2100,15756300,4728151,1050,25200000,8820000,4727100,1575000,3152100,1575000,0,0,0,1577100,4505298,4.5053
swap_distribute_parallel_for_1050_1500_1100,1050,1100,0,2200,16506600,4953301,1100,25800000,9240000,4952200,1650000,3302200,1650000,0,0,0,1652200,4459722,4.4597
swap_distribute_parallel_for_1050_1500_1150,1050,1150,0,2300,17256900,5178451,1150,26400000,9660000,5177300,1725000,3452300,1725000,0,0,0,1727300,4464156,4.4642
swap_distribute_parallel_for_1050_1500_1200,1050,1200,0,2400,18007200,5403601,1200,27000000,10080000,5402400,1800000,3602400,1800000,0,0,0,1802400,4459079,4.4591
swap_distribute_parallel_for_1050_1500_1250,1050,1250,0,2500,18757500,5628751,1250,27600000,10500000,5627500,1875000,3752500,1875000,0,0,0,1877500,4467406,4.4674
swap_distribute_parallel_for_1050_1500_1300,1050,1300,0,2600,19507800,5853901,1300,28200000,10920000,5852600,1950000,3902600,1950000,0,0,0,1952600,4527384,4.5274
swap_distribute_parallel_for_1050_1500_1350,1050,1350,0,2700,20258100,6079051,1350,28800000,11340000,6077700,2025000,4052700,2025000,0,0,0,2027700,4465500,4.4655
swap_distribute_parallel_for_1050_1500_1400,1050,1400,0,2800,21008400,6304201,1400,29400000,11760000,6302800,2100000,4202800,2100000,0,0,0,2102800,4473139,4.4731
swap_distribute_parallel_for_1050_1500_1450,1050,1450,0,2900,21758700,6529351,1450,30000000,12180000,6527900,2175000,4352900,2175000,0,0,0,2177900,4470104,4.4701
swap_distribute_parallel_for_1050_1500_1500,1050,1500,0,3000,22509000,6754501,1500,30600000,12600000,6753000,2250000,4503000,2250000,0,0,0,2253000,4474808,4.4748
swap_distribute_parallel_for_1050_1500_1550,1050,1550,0,3100,23259300,6979651,1550,31200000,13020000,6978100,2325000,4653100,2325000,0,0,0,2328100,4509429,4.5094
swap_distribute_parallel_for_1050_1500_1600,1050,1600,0,3200,24009600,7204801,1600,31800000,13440000,7203200,2400000,4803200,2400000,0,0,0,2403200,4469934,4.4699
swap_distribute_parallel_for_1050_1500_1650,1050,1650,0,3300,24759900,7429951,1650,32400000,13860000,7428300,2475000,4953300,2475000,0,0,0,2478300,4480915,4.4809
swap_distribute_parallel_for_1050_1500_1700,1050,1700,0,3400,25510200,7655101,1700,33000000,14280000,7653400,2550000,5103400,2550000,0,0,0,2553400,4542474,4.5425
swap_distribute_parallel_for_1050_1500_1750,1050,1750,0,3500,26260500,7880251,1750,33600000,14700000,7878500,2625000,5253500,2625000,0,0,0,2628500,4532597,4.5326
swap_distribute_parallel_for_1050_1500_1800,1050,1800,0,3600,27010800,8105401,1800,34200000,15120000,8103600,2700000,5403600,2700000,0,0,0,2703600,4549743,4.5497
swap_distribute_parallel_for_1050_1500_1850,1050,1850,0,3700,27761100,8330551,1850,34800000,15540000,8328700,2775000,5553700,2775000,0,0,0,2778700,4537907,4.5379
swap_distribute_parallel_for_1050_1500_1900,1050,1900,0,3800,28511400,8555701,1900,35400000,15960000,8553800,2850000,5703800,2850000,0,0,0,2853800,4551986,4.5520
swap_distribute_parallel_for_1050_1500_1950,1050,1950,0,3900,29261700,8780851,1950,36000000,16380000,8778900,2925000,5853900,2925000,0,0,0,2928900,4536602,4.5366
swap_distribute_parallel_for_1050_1500_2000,1050,2000,0,4000,30012000,9006001,2000,36600000,16800000,9004000,3000000,6004000,3000000,0,0,0,3004000,4535830,4.5358
swap_distribute_parallel_for_1050_1550_1050,1050,1050,0,2100,16281300,4885651,1050,26040000,8820000,4884600,1627500,3257100,1627500,0,0,0,1629600,4655530,4.6555
swap_distribute_parallel_for_1050_1550_1100,1050,1100,0,2200,17056600,5118301,1100,26660000,9240000,5117200,1705000,3412200,1705000,0,0,0,1707200,4609731,4.6097
swap_distribute_parallel_for_1050_1550_1150,1050,1150,0,2300,17831900,5350951,1150,27280000,9660000,5349800,1782500,3567300,1782500,0,0,0,1784800,4611399,4.6114
swap_distribute_parallel_for_1050_1550_1200,1050,1200,0,2400,18607200,5583601,1200,27900000,10080000,5582400,1860000,3722400,1860000,0,0,0,1862400,4605066,4.6051
swap_distribute_parallel_for_1050_1550_1250,1050,1250,0,2500,19382500,5816251,1250,28520000,10500000,5815000,1937500,3877500,1937500,0,0,0,1940000,4613505,4.6135
swap_distribute_parallel_for_1050_1550_1300,1050,1300,0,2600,20157800,6048901,1300,29140000,10920000,6047600,2015000,4032600,2015000,0,0,0,2017600,4677698,4.6777
swap_distribute_parallel_for_1050_1550_1350,1050,1350,0,2700,20933100,6281551,1350,29760000,11340000,6280200,2092500,4187700,2092500,0,0,0,2095200,4617571,4.6176
swap_distribute_parallel_for_1050_1550_1400,1050,1400,0,2800,21708400,6514201,1400,30380000,11760000,6512800,2170000,4342800,2170000,0,0,0,2172800,4620854,4.6209
swap_distribute_parallel_for_1050_1550_1450,1050,1450,0,2900,22483700,6746851,1450,31000000,12180000,6745400,2247500,4497900,2247500,0,0,0,2250400,4620910,4.6209
swap_distribute_parallel_for_1050_1550_1500,1050,1500,0,3000,23259000,6979501,1500,31620000,12600000,6978000,2325000,4653000,2325000,0,0,0,2328000,4631659,4.6317
swap_distribute_parallel_for_1050_1550_1550,1050,1550,0,3100,24034300,7212151,1550,32240000,13020000,7210600,2402500,4808100,2402500,0,0,0,2405600,4689636,4.6896
swap_distribute_parallel_for_1050_1550_1600,1050,1600,0,3200,24809600,7444801,1600,32860000,13440000,7443200,2480000,4963200,2480000,0,0,0,2483200,4631281,4.6313
swap_distribute_parallel_for_1050_1550_1650,1050,1650,0,3300,25584900,7677451,1650,33480000,13860000,7675800,2557500,5118300,2557500,0,0,0,2560800,4690538,4.6905
swap_distribute_parallel_for_1050_1550_1700,1050,1700,0,3400,26360200,7910101,1700,34100000,14280000,7908400,2635000,5273400,2635000,0,0,0,2638400,4707859,4.7079
swap_distribute_parallel_for_1050_1550_1750,1050,1750,0,3500,27135500,8142751,1750,34720000,14700000,8141000,2712500,5428500,2712500,0,0,0,2716000,4711300,4.7113
swap_distribute_parallel_for_1050_1550_1800,1050,1800,0,3600,27910800,8375401,1800,35340000,15120000,8373600,2790000,5583600,2790000,0,0,0,2793600,4693924,4.6939
swap_distribute_parallel_for_1050_1550_1850,1050,1850,0,3700,28686100,8608051,1850,35960000,15540000,8606200,2867500,5738700,2867500,0,0,0,2871200,4708488,4.7085
swap_distribute_parallel_for_1050_1550_1900,1050,1900,0,3800,29461400,8840701,1900,36580000,15960000,8838800,2945000,5893800,2945000,0,0,0,2948800,4702104,4.7021
swap_distribute_parallel_for_1050_1550_1950,1050,1950,0,3900,30236700,9073351,1950,37200000,16380000,9071400,3022500,6048900,3022500,0,0,0,3026400,4695028,4.6950
swap_distribute_parallel_for_1050_1550_2000,1050,2000,0,4000,31012000,9306001,2000,37820000,16800000,9304000,3100000,6204000,3100000,0,0,0,3104000,4690777,4.6908
swap_distribute_parallel_for_1050_1600_1050,1050,1050,0,2100,16806300,5043151,1050,26880000,8820000,5042100,1680000,3362100,1680000,0,0,0,1682100,4837347,4.8373
swap_distribute_parallel_for_1050_1600_1100,1050,1100,0,2200,17606600,5283301,1100,27520000,9240000,5282200,1760000,3522200,1760000,0,0,0,1762200,4760464,4.7605
swap_distribute_parallel_for_1050_1600_1150,1050,1150,0,2300,18406900,5523451,1150,28160000,9660000,5522300,1840000,3682300,1840000,0,0,0,1842300,4763013,4.7630
swap_distribute_parallel_for_1050_1600_1200,1050,1200,0,2400,19207200,5763601,1200,28800000,10080000,5762400,1920000,3842400,1920000,0,0,0,1922400,4788122,4.7881
swap_distribute_parallel_for_1050_1600_1250,1050,1250,0,2500,20007500,6003751,1250,29440000,10500000,6002500,2000000,4002500,2000000,0,0,0,2002500,4774618,4.7746
swap_distribute_parallel_for_1050_1600_1300,1050,1300,0,2600,20807800,6243901,1300,30080000,10920000,6242600,2080000,4162600,2080000,0,0,0,2082600,4833036,4.8330
swap_distribute_parallel_for_1050_1600_1350,1050,1350,0,2700,21608100,6484051,1350,30720000,11340000,6482700,2160000,4322700,2160000,0,0,0,2162700,4767009,4.7670
swap_distribute_parallel_for_1050_1600_1400,1050,1400,0,2800,22408400,6724201,1400,31360000,11760000,6722800,2240000,4482800,2240000,0,0,0,2242800,4767846,4.7678
swap_distribute_parallel_for_1050_1600_1450,1050,1450,0,2900,23208700,6964351,1450,32000000,12180000,6962900,2320000,4642900,2320000,0,0,0,2322900,4766351,4.7664
swap_distribute_parallel_for_1050_1600_1500,1050,1500,0,3000,24009000,7204501,1500,32640000,12600000,7203000,2400000,4803000,2400000,0,0,0,2403000,4781274,4.7813
swap_distribute_parallel_for_1050_1600_1550,1050,1550,0,3100,24809300,7444651,1550,33280000,13020000,7443100,2480000,4963100,2480000,0,0,0,2483100,4813596,4.8136
swap_distribute_parallel_for_1050_1600_1600,1050,1600,0,3200,25609600,7684801,1600,33920000,13440000,7683200,2560000,5123200,2560000,0,0,0,2563200,4768876,4.7689
swap_distribute_parallel_for_1050_1600_1650,1050,1650,0,3300,26409900,7924951,1650,34560000,13860000,7923300,2640000,5283300,2640000,0,0,0,2643300,4773666,4.7737
swap_distribute_parallel_for_1050_1600_1700,1050,1700,0,3400,27210200,8165101,1700,35200000,14280000,8163400,2720000,5443400,2720000,0,0,0,2723400,4845513,4.8455
swap_distribute_parallel_for_1050_1600_1750,1050,1750,0,3500,28010500,8405251,1750,35840000,14700000,8403500,2800000,5603500,2800000,0,0,0,2803500,4834111,4.8341
swap_distribute_parallel_for_1050_1600_1800,1050,1800,0,3600,28810800,8645401,1800,36480000,15120000,8643600,2880000,5763600,2880000,0,0,0,2883600,4858046,4.8580
swap_distribute_parallel_for_1050_1600_1850,1050,1850,0,3700,29611100,8885551,1850,37120000,15540000,8883700,2960000,5923700,2960000,0,0,0,2963700,4849189,4.8492
swap_distribute_parallel_for_1050_1600_1900,1050,1900,0,3800,30411400,9125701,1900,37760000,15960000,9123800,3040000,6083800,3040000,0,0,0,3043800,4852310,4.8523
swap_distribute_parallel_for_1050_1600_1950,1050,1950,0,3900,31211700,9365851,1950,38400000,16380000,9363900,3120000,6243900,3120000,0,0,0,3123900,4839974,4.8400
swap_distribute_parallel_for_1050_1600_2000,1050,2000,0,4000,32012000,9606001,2000,39040000,16800000,9604000,3200000,6404000,3200000,0,0,0,3204000,4871923,4.8719
swap_distribute_parallel_for_1050_1650_1050,1050,1050,0,2100,17331300,5200651,1050,27720000,8820000,5199600,1732500,3467100,1732500,0,0,0,1734600,4989332,4.9893
swap_distribute_parallel_for_1050_1650_1100,1050,1100,0,2200,18156600,5448301,1100,28380000,9240000,5447200,1815000,3632200,1815000,0,0,0,1817200,4920917,4.9209
swap_distribute_parallel_for_1050_1650_1150,1050,1150,0,2300,18981900,5695951,1150,29040000,9660000,5694800,1897500,3797300,1897500,0,0,0,1899800,4903922,4.9039
swap_distribute_parallel_for_1050_1650_1200,1050,1200,0,2400,19807200,5943601,1200,29700000,10080000,5942400,1980000,3962400,1980000,0,0,0,1982400,4900229,4.9002
swap_distribute_parallel_for_1050_1650_1250,1050,1250,0,2500,20632500,6191251,1250,30360000,10500000,6190000,2062500,4127500,2062500,0,0,0,2065000,4931722,4.9317
swap_distribute_parallel_for_1050_1650_1300,1050,1300,0,2600,21457800,6438901,1300,31020000,10920000,6437600,2145000,4292600,2145000,0,0,0,2147600,4977767,4.9778
swap_distribute_parallel_for_1050_1650_1350,1050,1350,0,2700,22283100,6686551,1350,31680000,11340000,6685200,2227500,4457700,2227500,0,0,0,2230200,4910647,4.9106
swap_distribute_parallel_for_1050_1650_1400,1050,1400,0,2800,23108400,6934201,1400,32340000,11760000,6932800,2310000,4622800,2310000,0,0,0,2312800,4911401,4.9114
swap_distribute_parallel_for_1050_1650_1450,1050,1450,0,2900,23933700,7181851,1450,33000000,12180000,7180400,2392500,4787900,2392500,0,0,0,2395400,4916344,4.9163
swap_distribute_parallel_for_1050_1650_1500,1050,1500,0,3000,24759000,7429501,1500,33660000,12600000,7428000,2475000,4953000,2475000,0,0,0,2478000,4918991,4.9190
swap_distribute_parallel_for_1050_1650_1550,1050,1550,0,3100,25584300,7677151,1550,34320000,13020000,7675600,2557500,5118100,2557500,0,0,0,2560600,4992921,4.9929
swap_distribute_parallel_for_1050_1650_1600,1050,1600,0,3200,26409600,7924801,1600,34980000,13440000,7923200,2640000,5283200,2640000,0,0,0,2643200,4923344,4.9233
swap_distribute_parallel_for_1050_1650_1650,1050,1650,0,3300,27234900,8172451,1650,35640000,13860000,8170800,2722500,5448300,2722500,0,0,0,2725800,4927057,4.9271
swap_distribute_parallel_for_1050_1650_1700,1050,1700,0,3400,28060200,8420101,1700,36300000,14280000,8418400,2805000,5613400,2805000,0,0,0,2808400,4997973,4.9980
swap_distribute_parallel_for_1050_1650_1750,1050,1750,0,3500,28885500,8667751,1750,36960000,14700000,8666000,2887500,5778500,2887500,0,0,0,2891000,4990168,4.9902
swap_distribute_parallel_for_1050_1650_1800,1050,1800,0,3600,29710800,8915401,1800,37620000,15120000,8913600,2970000,5943600,2970000,0,0,0,2973600,4992302,4.9923
swap_distribute_parallel_for_1050_1650_1850,1050,1850,0,3700,30536100,9163051,1850,38280000,15540000,9161200,3052500,6108700,3052500,0,0,0,3056200,4993441,4.9934
swap_distribute_parallel_for_1050_1650_1900,1050,1900,0,3800,31361400,9410701,1900,38940000,15960000,9408800,3135000,6273800,3135000,0,0,0,3138800,5009284,5.0093
swap_distribute_parallel_for_1050_1650_1950,1050,1950,0,3900,32186700,9658351,1950,39600000,16380000,9656400,3217500,6438900,3217500,0,0,0,3221400,4992181,4.9922
swap_distribute_parallel_for_1050_1650_2000,1050,2000,0,4000,33012000,9906001,2000,40260000,16800000,9904000,3300000,6604000,3300000,0,0,0,3304000,4990535,4.9905
swap_distribute_parallel_for_1050_1700_1050,1050,1050,0,2100,17856300,5358151,1050,28560000,8820000,5357100,1785000,3572100,1785000,0,0,0,1787100,5143473,5.1435
swap_distribute_parallel_for_1050_1700_1100,1050,1100,0,2200,18706600,5613301,1100,29240000,9240000,5612200,1870000,3742200,1870000,0,0,0,1872200,5055355,5.0554
swap_distribute_parallel_for_1050_1700_1150,1050,1150,0,2300,19556900,5868451,1150,29920000,9660000,5867300,1955000,3912300,1955000,0,0,0,1957300,5055882,5.0559
swap_distribute_parallel_for_1050_1700_1200,1050,1200,0,2400,20407200,6123601,1200,30600000,10080000,6122400,2040000,4082400,2040000,0,0,0,2042400,5050779,5.0508
swap_distribute_parallel_for_1050_1700_1250,1050,1250,0,2500,21257500,6378751,1250,31280000,10500000,6377500,2125000,4252500,2125000,0,0,0,2127500,5062231,5.0622
swap_distribute_parallel_for_1050_1700_1300,1050,1300,0,2600,22107800,6633901,1300,31960000,10920000,6632600,2210000,4422600,2210000,0,0,0,2212600,5164685,5.1647
swap_distribute_parallel_for_1050_1700_1350,1050,1350,0,2700,22958100,6889051,1350,32640000,11340000,6887700,2295000,4592700,2295000,0,0,0,2297700,5061670,5.0617
swap_distribute_parallel_for_1050_1700_1400,1050,1400,0,2800,23808400,7144201,1400,33320000,11760000,7142800,2380000,4762800,2380000,0,0,0,2382800,5102918,5.1029
swap_distribute_parallel_for_1050_1700_1450,1050,1450,0,2900,24658700,7399351,1450,34000000,12180000,7397900,2465000,4932900,2465000,0,0,0,2467900,5066561,5.0666
swap_distribute_parallel_for_1050_1700_1500,1050,1500,0,3000,25509000,7654501,1500,34680000,12600000,7653000,2550000,5103000,2550000,0,0,0,2553000,5074338,5.0743
swap_distribute_parallel_for_1050_1700_1550,1050,1550,0,3100,26359300,7909651,1550,35360000,13020000,7908100,2635000,5273100,2635000,0,0,0,2638100,5132641,5.1326
swap_distribute_parallel_for_1050_1700_1600,1050,1600,0,3200,27209600,8164801,1600,36040000,13440000,8163200,2720000,5443200,2720000,0,0,0,2723200,5074224,5.0742
swap_distribute_parallel_for_1050_1700_1650,1050,1650,0,3300,28059900,8419951,1650,36720000,13860000,8418300,2805000,5613300,2805000,0,0,0,2808300,5068704,5.0687
swap_distribute_parallel_for_1050_1700_1700,1050,1700,0,3400,28910200,8675101,1700,37400000,14280000,8673400,2890000,5783400,2890000,0,0,0,2893400,5170538,5.1705
swap_distribute_parallel_for_1050_1700_1750,1050,1750,0,3500,29760500,8930251,1750,38080000,14700000,8928500,2975000,5953500,2975000,0,0,0,2978500,5156988,5.1570
swap_distribute_parallel_for_1050_1700_1800,1050,1800,0,3600,30610800,9185401,1800,38760000,15120000,9183600,3060000,6123600,3060000,0,0,0,3063600,5156862,5.1569
swap_distribute_parallel_for_1050_1700_1850,1050,1850,0,3700,31461100,9440551,1850,39440000,15540000,9438700,3145000,6293700,3145000,0,0,0,3148700,5154535,5.1545
swap_distribute_parallel_for_1050_1700_1900,1050,1900,0,3800,32311400,9695701,1900,40120000,15960000,9693800,3230000,6463800,3230000,0,0,0,3233800,5160426,5.1604
swap_distribute_parallel_for_1050_1700_1950,1050,1950,0,3900,33161700,9950851,1950,40800000,16380000,9948900,3315000,6633900,3315000,0,0,0,3318900,5174176,5.1742
swap_distribute_parallel_for_1050_1700_2000,1050,2000,0,4000,34012000,10206001,2000,41480000,16800000,10204000,3400000,6804000,3400000,0,0,0,3404000,5137292,5.1373
swap_distribute_parallel_for_1050_1750_1050,1050,1050,0,2100,18381300,5515651,1050,29400000,8820000,5514600,1837500,3677100,1837500,0,0,0,1839600,5286633,5.2866
swap_distribute_parallel_for_1050_1750_1100,1050,1100,0,2200,19256600,5778301,1100,30100000,9240000,5777200,1925000,3852200,1925000,0,0,0,1927200,5202775,5.2028
swap_distribute_parallel_for_1050_1750_1150,1050,1150,0,2300,20131900,6040951,1150,30800000,9660000,6039800,2012500,4027300,2012500,0,0,0,2014800,5207555,5.2076
swap_distribute_parallel_for_1050_1750_1200,1050,1200,0,2400,21007200,6303601,1200,31500000,10080000,6302400,2100000,4202400,2100000,0,0,0,2102400,5201629,5.2016
swap_distribute_parallel_for_1050_1750_1250,1050,1250,0,2500,21882500,6566251,1250,32200000,10500000,6565000,2187500,4377500,2187500,0,0,0,2190000,5214373,5.2144
swap_distribute_parallel_for_1050_1750_1300,1050,1300,0,2600,22757800,6828901,1300,32900000,10920000,6827600,2275000,4552600,2275000,0,0,0,2277600,5311878,5.3119
swap_distribute_parallel_for_1050_1750_1350,1050,1350,0,2700,23633100,7091551,1350,33600000,11340000,7090200,2362500,4727700,2362500,0,0,0,2365200,5215107,5.2151
swap_distribute_parallel_for_1050_1750_1400,1050,1400,0,2800,24508400,7354201,1400,34300000,11760000,7352800,2450000,4902800,2450000,0,0,0,2452800,5225469,5.2255
swap_distribute_parallel_for_1050_1750_1450,1050,1450,0,2900,25383700,7616851,1450,35000000,12180000,7615400,2537500,5077900,2537500,0,0,0,2540400,5211179,5.2112
swap_distribute_parallel_for_1050_1750_1500,1050,1500,0,3000,26259000,7879501,1500,35700000,12600000,7878000,2625000,5253000,2625000,0,0,0,2628000,5223935,5.2239
swap_distribute_parallel_for_1050_1750_1550,1050,1550,0,3100,27134300,8142151,1550,36400000,13020000,8140600,2712500,5428100,2712500,0,0,0,2715600,5274824,5.2748
swap_distribute_parallel_for_1050_1750_1600,1050,1600,0,3200,28009600,8404801,1600,37100000,13440000,8403200,2800000,5603200,2800000,0,0,0,2803200,5223852,5.2239
swap_distribute_parallel_for_1050_1750_1650,1050,1650,0,3300,28884900,8667451,1650,37800000,13860000,8665800,2887500,5778300,2887500,0,0,0,2890800,5213945,5.2139
swap_distribute_parallel_for_1050_1750_1700,1050,1700,0,3400,29760200,8930101,1700,38500000,14280000,8928400,2975000,5953400,2975000,0,0,0,2978400,5296426,5.2964
swap_distribute_parallel_for_1050_1750_1750,1050,1750,0,3500,30635500,9192751,1750,39200000,14700000,9191000,3062500,6128500,3062500,0,0,0,3066000,5314719,5.3147
swap_distribute_parallel_for_1050_1750_1800,1050,1800,0,3600,31510800,9455401,1800,39900000,15120000,9453600,3150000,6303600,3150000,0,0,0,3153600,5296978,5.2970
swap_distribute_parallel_for_1050_1750_1850,1050,1850,0,3700,32386100,9718051,1850,40600000,15540000,9716200,3237500,6478700,3237500,0,0,0,3241200,5293788,5.2938
swap_distribute_parallel_for_1050_1750_1900,1050,1900,0,3800,33261400,9980701,1900,41300000,15960000,9978800,3325000,6653800,3325000,0,0,0,3328800,5312125,5.3121
swap_distribute_parallel_for_1050_1750_1950,1050,1950,0,3900,34136700,10243351,1950,42000000,16380000,10241400,3412500,6828900,3412500,0,0,0,3416400,5291230,5.2912
swap_distribute_parallel_for_1050_1750_2000,1050,2000,0,4000,35012000,10506001,2000,42700000,16800000,10504000,3500000,7004000,3500000,0,0,0,3504000,5289177,5.2892
swap_distribute_parallel_for_1050_1800_1050,1050,1050,0,2100,18906300,5673151,1050,30240000,8820000,5672100,1890000,3782100,1890000,0,0,0,1892100,5447651,5.4477
swap_distribute_parallel_for_1050_1800_1100,1050,1100,0,2200,19806600,5943301,1100,30960000,9240000,5942200,1980000,3962200,1980000,0,0,0,1982200,5350815,5.3508
swap_distribute_parallel_for_1050_1800_1150,1050,1150,0,2300,20706900,6213451,1150,31680000,9660000,6212300,2070000,4142300,2070000,0,0,0,2072300,5361178,5.3612
swap_distribute_parallel_for_1050_1800_1200,1050,1200,0,2400,21607200,6483601,1200,32400000,10080000,6482400,2160000,4322400,2160000,0,0,0,2162400,5360720,5.3607
swap_distribute_parallel_for_1050_1800_1250,1050,1250,0,2500,22507500,6753751,1250,33120000,10500000,6752500,2250000,4502500,2250000,0,0,0,2252500,5358006,5.3580
swap_distribute_parallel_for_1050_1800_1300,1050,1300,0,2600,23407800,7023901,1300,33840000,10920000,7022600,2340000,4682600,2340000,0,0,0,2342600,5428445,5.4284
swap_distribute_parallel_for_1050_1800_1350,1050,1350,0,2700,24308100,7294051,1350,34560000,11340000,7292700,2430000,4862700,2430000,0,0,0,2432700,5359378,5.3594
swap_distribute_parallel_for_1050_1800_1400,1050,1400,0,2800,25208400,7564201,1400,35280000,11760000,7562800,2520000,5042800,2520000,0,0,0,2522800,5366146,5.3661
swap_distribute_parallel_for_1050_1800_1450,1050,1450,0,2900,26108700,7834351,1450,36000000,12180000,7832900,2610000,5222900,2610000,0,0,0,2612900,5365015,5.3650
swap_distribute_parallel_for_1050_1800_1500,1050,1500,0,3000,27009000,8104501,1500,36720000,12600000,8103000,2700000,5403000,2700000,0,0,0,2703000,5378924,5.3789
swap_distribute_parallel_for_1050_1800_1550,1050,1550,0,3100,27909300,8374651,1550,37440000,13020000,8373100,2790000,5583100,2790000,0,0,0,2793100,5438048,5.4380
swap_distribute_parallel_for_1050_1800_1600,1050,1600,0,3200,28809600,8644801,1600,38160000,13440000,8643200,2880000,5763200,2880000,0,0,0,2883200,5372355,5.3724
swap_distribute_parallel_for_1050_1800_1650,1050,1650,0,3300,29709900,8914951,1650,38880000,13860000,8913300,2970000,5943300,2970000,0,0,0,2973300,5370108,5.3701
swap_distribute_parallel_for_1050_1800_1700,1050,1700,0,3400,30610200,9185101,1700,39600000,14280000,9183400,3060000,6123400,3060000,0,0,0,3063400,5451545,5.4515
swap_distribute_parallel_for_1050_1800_1750,1050,1750,0,3500,31510500,9455251,1750,40320000,14700000,9453500,3150000,6303500,3150000,0,0,0,3153500,5443989,5.4440
swap_distribute_parallel_for_1050_1800_1800,1050,1800,0,3600,32410800,9725401,1800,41040000,15120000,9723600,3240000,6483600,3240000,0,0,0,3243600,5445703,5.4457
swap_distribute_parallel_for_1050_1800_1850,1050,1850,0,3700,33311100,9995551,1850,41760000,15540000,9993700,3330000,6663700,3330000,0,0,0,3333700,5463658,5.4637
swap_distribute_parallel_for_1050_1800_1900,1050,1900,0,3800,34211400,10265701,1900,42480000,15960000,10263800,3420000,6843800,3420000,0,0,0,3423800,5455563,5.4556
swap_distribute_parallel_for_1050_1800_1950,1050,1950,0,3900,35111700,10535851,1950,43200000,16380000,10533900,3510000,7023900,3510000,0,0,0,3513900,5440712,5.4407
swap_distribute_parallel_for_1050_1800_2000,1050,2000,0,4000,36012000,10806001,2000,43920000,16800000,10804000,3600000,7204000,3600000,0,0,0,3604000,5436304,5.4363
swap_distribute_parallel_for_1050_1850_1050,1050,1050,0,2100,19431300,5830651,1050,31080000,8820000,5829600,1942500,3887100,1942500,0,0,0,1944600,5599437,5.5994
swap_distribute_parallel_for_1050_1850_1100,1050,1100,0,2200,20356600,6108301,1100,31820000,9240000,6107200,2035000,4072200,2035000,0,0,0,2037200,5500566,5.5006
swap_distribute_parallel_for_1050_1850_1150,1050,1150,0,2300,21281900,6385951,1150,32560000,9660000,6384800,2127500,4257300,2127500,0,0,0,2129800,5496268,5.4963
swap_distribute_parallel_for_1050_1850_1200,1050,1200,0,2400,22207200,6663601,1200,33300000,10080000,6662400,2220000,4442400,2220000,0,0,0,2222400,5495193,5.4952
swap_distribute_parallel_for_1050_1850_1250,1050,1250,0,2500,23132500,6941251,1250,34040000,10500000,6940000,2312500,4627500,2312500,0,0,0,2315000,5502248,5.5022
swap_distribute_parallel_for_1050_1850_1300,1050,1300,0,2600,24057800,7218901,1300,34780000,10920000,7217600,2405000,4812600,2405000,0,0,0,2407600,5619302,5.6193
swap_distribute_parallel_for_1050_1850_1350,1050,1350,0,2700,24983100,7496551,1350,35520000,11340000,7495200,2497500,4997700,2497500,0,0,0,2500200,5518719,5.5187
swap_distribute_parallel_for_1050_1850_1400,1050,1400,0,2800,25908400,7774201,1400,36260000,11760000,7772800,2590000,5182800,2590000,0,0,0,2592800,5510565,5.5106
swap_distribute_parallel_for_1050_1850_1450,1050,1450,0,2900,26833700,8051851,1450,37000000,12180000,8050400,2682500,5367900,2682500,0,0,0,2685400,5526084,5.5261
swap_distribute_parallel_for_1050_1850_1500,1050,1500,0,3000,27759000,8329501,1500,37740000,12600000,8328000,2775000,5553000,2775000,0,0,0,2778000,5517789,5.5178
swap_distribute_parallel_for_1050_1850_1550,1050,1550,0,3100,28684300,8607151,1550,38480000,13020000,8605600,2867500,5738100,2867500,0,0,0,2870600,5601483,5.6015
swap_distribute_parallel_for_1050_1850_1600,1050,1600,0,3200,29609600,8884801,1600,39220000,13440000,8883200,2960000,5923200,2960000,0,0,0,2963200,5517476,5.5175
swap_distribute_parallel_for_1050_1850_1650,1050,1650,0,3300,30534900,9162451,1650,39960000,13860000,9160800,3052500,6108300,3052500,0,0,0,3055800,5516056,5.5161
swap_distribute_parallel_for_1050_1850_1700,1050,1700,0,3400,31460200,9440101,1700,40700000,14280000,9438400,3145000,6293400,3145000,0,0,0,3148400,5602628,5.6026
swap_distribute_parallel_for_1050_1850_1750,1050,1750,0,3500,32385500,9717751,1750,41440000,14700000,9716000,3237500,6478500,3237500,0,0,0,3241000,5589321,5.5893
swap_distribute_parallel_for_1050_1850_1800,1050,1800,0,3600,33310800,9995401,1800,42180000,15120000,9993600,3330000,6663600,3330000,0,0,0,3333600,5596510,5.5965
swap_distribute_parallel_for_1050_1850_1850,1050,1850,0,3700,34236100,10273051,1850,42920000,15540000,10271200,3422500,6848700,3422500,0,0,0,3426200,5608195,5.6082
swap_distribute_parallel_for_1050_1850_1900,1050,1900,0,3800,35161400,10550701,1900,43660000,15960000,10548800,3515000,7033800,3515000,0,0,0,3518800,5609038,5.6090
swap_distribute_parallel_for_1050_1850_1950,1050,1950,0,3900,36086700,10828351,1950,44400000,16380000,10826400,3607500,7218900,3607500,0,0,0,3611400,5594316,5.5943
swap_distribute_parallel_for_1050_1850_2000,1050,2000,0,4000,37012000,11106001,2000,45140000,16800000,11104000,3700000,7404000,3700000,0,0,0,3704000,5590092,5.5901
swap_distribute_parallel_for_1050_1900_1050,1050,1050,0,2100,19956300,5988151,1050,31920000,8820000,5987100,1995000,3992100,1995000,0,0,0,1997100,5774465,5.7745
swap_distribute_parallel_for_1050_1900_1100,1050,1100,0,2200,20906600,6273301,1100,32680000,9240000,6272200,2090000,4182200,2090000,0,0,0,2092200,5661929,5.6619
swap_distribute_parallel_for_1050_1900_1150,1050,1150,0,2300,21856900,6558451,1150,33440000,9660000,6557300,2185000,4372300,2185000,0,0,0,2187300,5672901,5.6729
swap_distribute_parallel_for_1050_1900_1200,1050,1200,0,2400,22807200,6843601,1200,34200000,10080000,6842400,2280000,4562400,2280000,0,0,0,2282400,5640122,5.6401
swap_distribute_parallel_for_1050_1900_1250,1050,1250,0,2500,23757500,7128751,1250,34960000,10500000,7127500,2375000,4752500,2375000,0,0,0,2377500,5654909,5.6549
swap_distribute_parallel_for_1050_1900_1300,1050,1300,0,2600,24707800,7413901,1300,35720000,10920000,7412600,2470000,4942600,2470000,0,0,0,2472600,5771226,5.7712
swap_distribute_parallel_for_1050_1900_1350,1050,1350,0,2700,25658100,7699051,1350,36480000,11340000,7697700,2565000,5132700,2565000,0,0,0,2567700,5662198,5.6622
swap_distribute_parallel_for_1050_1900_1400,1050,1400,0,2800,26608400,7984201,1400,37240000,11760000,7982800,2660000,5322800,2660000,0,0,0,2662800,5657439,5.6574
swap_distribute_parallel_for_1050_1900_1450,1050,1450,0,2900,27558700,8269351,1450,38000000,12180000,8267900,2755000,5512900,2755000,0,0,0,2757900,5657874,5.6579
swap_distribute_parallel_for_1050_1900_1500,1050,1500,0,3000,28509000,8554501,1500,38760000,12600000,8553000,2850000,5703000,2850000,0,0,0,2853000,5662253,5.6623
swap_distribute_parallel_for_1050_1900_1550,1050,1550,0,3100,29459300,8839651,1550,39520000,13020000,8838100,2945000,5893100,2945000,0,0,0,2948100,5734902,5.7349
swap_distribute_parallel_for_1050_1900_1600,1050,1600,0,3200,30409600,9124801,1600,40280000,13440000,9123200,3040000,6083200,3040000,0,0,0,3043200,5654710,5.6547
swap_distribute_parallel_for_1050_1900_1650,1050,1650,0,3300,31359900,9409951,1650,41040000,13860000,9408300,3135000,6273300,3135000,0,0,0,3138300,5662501,5.6625
swap_distribute_parallel_for_1050_1900_1700,1050,1700,0,3400,32310200,9695101,1700,41800000,14280000,9693400,3230000,6463400,3230000,0,0,0,3233400,5750743,5.7507
swap_distribute_parallel_for_1050_1900_1750,1050,1750,0,3500,33260500,9980251,1750,42560000,14700000,9978500,3325000,6653500,3325000,0,0,0,3328500,5750318,5.7503
swap_distribute_parallel_for_1050_1900_1800,1050,1800,0,3600,34210800,10265401,1800,43320000,15120000,10263600,3420000,6843600,3420000,0,0,0,3423600,5758300,5.7583
swap_distribute_parallel_for_1050_1900_1850,1050,1850,0,3700,35161100,10550551,1850,44080000,15540000,10548700,3515000,7033700,3515000,0,0,0,3518700,5748451,5.7485
swap_distribute_parallel_for_1050_1900_1900,1050,1900,0,3800,36111400,10835701,1900,44840000,15960000,10833800,3610000,7223800,3610000,0,0,0,3613800,5761052,5.7611
swap_distribute_parallel_for_1050_1900_1950,1050,1950,0,3900,37061700,11120851,1950,45600000,16380000,11118900,3705000,7413900,3705000,0,0,0,3708900,5749185,5.7492
swap_distribute_parallel_for_1050_1900_2000,1050,2000,0,4000,38012000,11406001,2000,46360000,16800000,11404000,3800000,7604000,3800000,0,0,0,3804000,5748124,5.7481
swap_distribute_parallel_for_1050_1950_1050,1050,1050,0,2100,20481300,6145651,1050,32760000,8820000,6144600,2047500,4097100,2047500,0,0,0,2049600,5950355,5.9504
swap_distribute_parallel_for_1050_1950_1100,1050,1100,0,2200,21456600,6438301,1100,33540000,9240000,6437200,2145000,4292200,2145000,0,0,0,2147200,5795265,5.7953
swap_distribute_parallel_for_1050_1950_1150,1050,1150,0,2300,22431900,6730951,1150,34320000,9660000,6729800,2242500,4487300,2242500,0,0,0,2244800,5794797,5.7948
swap_distribute_parallel_for_1050_1950_1200,1050,1200,0,2400,23407200,7023601,1200,35100000,10080000,7022400,2340000,4682400,2340000,0,0,0,2342400,5791330,5.7913
swap_distribute_parallel_for_1050_1950_1250,1050,1250,0,2500,24382500,7316251,1250,35880000,10500000,7315000,2437500,4877500,2437500,0,0,0,2440000,5807047,5.8070
swap_distribute_parallel_for_1050_1950_1300,1050,1300,0,2600,25357800,7608901,1300,36660000,10920000,7607600,2535000,5072600,2535000,0,0,0,2537600,5935780,5.9358
swap_distribute_parallel_for_1050_1950_1350,1050,1350,0,2700,26333100,7901551,1350,37440000,11340000,7900200,2632500,5267700,2632500,0,0,0,2635200,5808141,5.8081
swap_distribute_parallel_for_1050_1950_1400,1050,1400,0,2800,27308400,8194201,1400,38220000,11760000,8192800,2730000,5462800,2730000,0,0,0,2732800,5823332,5.8233
swap_distribute_parallel_for_1050_1950_1450,1050,1450,0,2900,28283700,8486851,1450,39000000,12180000,8485400,2827500,5657900,2827500,0,0,0,2830400,5814444,5.8144
swap_distribute_parallel_for_1050_1950_1500,1050,1500,0,3000,29259000,8779501,1500,39780000,12600000,8778000,2925000,5853000,2925000,0,0,0,2928000,5818011,5.8180
swap_distribute_parallel_for_1050_1950_1550,1050,1550,0,3100,30234300,9072151,1550,40560000,13020000,9070600,3022500,6048100,3022500,0,0,0,3025600,5901047,5.9010
swap_distribute_parallel_for_1050_1950_1600,1050,1600,0,3200,31209600,9364801,1600,41340000,13440000,9363200,3120000,6243200,3120000,0,0,0,3123200,5815894,5.8159
swap_distribute_parallel_for_1050_1950_1650,1050,1650,0,3300,32184900,9657451,1650,42120000,13860000,9655800,3217500,6438300,3217500,0,0,0,3220800,5818707,5.8187
swap_distribute_parallel_for_1050_1950_1700,1050,1700,0,3400,33160200,9950101,1700,42900000,14280000,9948400,3315000,6633400,3315000,0,0,0,3318400,5898041,5.8980
swap_distribute_parallel_for_1050_1950_1750,1050,1750,0,3500,34135500,10242751,1750,43680000,14700000,10241000,3412500,6828500,3412500,0,0,0,3416000,5894785,5.8948
swap_distribute_parallel_for_1050_1950_1800,1050,1800,0,3600,35110800,10535401,1800,44460000,15120000,10533600,3510000,7023600,3510000,0,0,0,3513600,5932983,5.9330
swap_distribute_parallel_for_1050_1950_1850,1050,1850,0,3700,36086100,10828051,1850,45240000,15540000,10826200,3607500,7218700,3607500,0,0,0,3611200,5898226,5.8982
swap_distribute_parallel_for_1050_1950_1900,1050,1900,0,3800,37061400,11120701,1900,46020000,15960000,11118800,3705000,7413800,3705000,0,0,0,3708800,5919901,5.9199
swap_distribute_parallel_for_1050_1950_1950,1050,1950,0,3900,38036700,11413351,1950,46800000,16380000,11411400,3802500,7608900,3802500,0,0,0,3806400,5907252,5.9073
swap_distribute_parallel_for_1050_1950_2000,1050,2000,0,4000,39012000,11706001,2000,47580000,16800000,11704000,3900000,7804000,3900000,0,0,0,3904000,5913079,5.9131
swap_distribute_parallel_for_1050_2000_1050,1050,1050,0,2100,21006300,6303151,1050,33600000,8820000,6302100,2100000,4202100,2100000,0,0,0,2102100,6091713,6.0917
swap_distribute_parallel_for_1050_2000_1100,1050,1100,0,2200,22006600,6603301,1100,34400000,9240000,6602200,2200000,4402200,2200000,0,0,0,2202200,5949715,5.9497
swap_distribute_parallel_for_1050_2000_1150,1050,1150,0,2300,23006900,6903451,1150,35200000,9660000,6902300,2300000,4602300,2300000,0,0,0,2302300,5954629,5.9546
swap_distribute_parallel_for_1050_2000_1200,1050,1200,0,2400,24007200,7203601,1200,36000000,10080000,7202400,2400000,4802400,2400000,0,0,0,2402400,5983507,5.9835
swap_distribute_parallel_for_1050_2000_1250,1050,1250,0,2500,25007500,7503751,1250,36800000,10500000,7502500,2500000,5002500,2500000,0,0,0,2502500,5951394,5.9514
swap_distribute_parallel_for_1050_2000_1300,1050,1300,0,2600,26007800,7803901,1300,37600000,10920000,7802600,2600000,5202600,2600000,0,0,0,2602600,6036549,6.0365
swap_distribute_parallel_for_1050_2000_1350,1050,1350,0,2700,27008100,8104051,1350,38400000,11340000,8102700,2700000,5402700,2700000,0,0,0,2702700,5954828,5.9548
swap_distribute_parallel_for_1050_2000_1400,1050,1400,0,2800,28008400,8404201,1400,39200000,11760000,8402800,2800000,5602800,2800000,0,0,0,2802800,5967368,5.9674
swap_distribute_parallel_for_1050_2000_1450,1050,1450,0,2900,29008700,8704351,1450,40000000,12180000,8702900,2900000,5802900,2900000,0,0,0,2902900,5963996,5.9640
swap_distribute_parallel_for_1050_2000_1500,1050,1500,0,3000,30009000,9004501,1500,40800000,12600000,9003000,3000000,6003000,3000000,0,0,0,3003000,5979037,5.9790
swap_distribute_parallel_for_1050_2000_1550,1050,1550,0,3100,31009300,9304651,1550,41600000,13020000,9303100,3100000,6203100,3100000,0,0,0,3103100,6012561,6.0126
swap_distribute_parallel_for_1050_2000_1600,1050,1600,0,3200,32009600,9604801,1600,42400000,13440000,9603200,3200000,6403200,3200000,0,0,0,3203200,5966198,5.9662
swap_distribute_parallel_for_1050_2000_1650,1050,1650,0,3300,33009900,9904951,1650,43200000,13860000,9903300,3300000,6603300,3300000,0,0,0,3303300,5985638,5.9856
swap_distribute_parallel_for_1050_2000_1700,1050,1700,0,3400,34010200,10205101,1700,44000000,14280000,10203400,3400000,6803400,3400000,0,0,0,3403400,6059060,6.0591
swap_distribute_parallel_for_1050_2000_1750,1050,1750,0,3500,35010500,10505251,1750,44800000,14700000,10503500,3500000,7003500,3500000,0,0,0,3503500,6056792,6.0568
swap_distribute_parallel_for_1050_2000_1800,1050,1800,0,3600,36010800,10805401,1800,45600000,15120000,10803600,3600000,7203600,3600000,0,0,0,3603600,6049227,6.0492
swap_distribute_parallel_for_1050_2000_1850,1050,1850,0,3700,37011100,11105551,1850,46400000,15540000,11103700,3700000,7403700,3700000,0,0,0,3703700,6062307,6.0623
swap_distribute_parallel_for_1050_2000_1900,1050,1900,0,3800,38011400,11405701,1900,47200000,15960000,11403800,3800000,7603800,3800000,0,0,0,3803800,6076524,6.0765
swap_distribute_parallel_for_1050_2000_1950,1050,1950,0,3900,39011700,11705851,1950,48000000,16380000,11703900,3900000,7803900,3900000,0,0,0,3903900,6050539,6.0505
swap_distribute_parallel_for_1050_2000_2000,1050,2000,0,4000,40012000,12006001,2000,48800000,16800000,12004000,4000000,8004000,4000000,0,0,0,4004000,6044367,6.0444
swap_distribute_parallel_for_1100_1050_1050,1100,1050,0,2100,11031300,3310651,1050,18060000,9240000,3309600,1102500,2207100,1102500,0,0,0,1104600,3341294,3.3413
swap_distribute_parallel_for_1100_1050_1100,1100,1100,0,2200,11556600,3468301,1100,18480000,9680000,3467200,1155000,2312200,1155000,0,0,0,1157200,3272978,3.2730
swap_distribute_parallel_for_1100_1050_1150,1100,1150,0,2300,12081900,3625951,1150,18900000,10120000,3624800,1207500,2417300,1207500,0,0,0,1209800,3289737,3.2897
swap_distribute_parallel_for_1100_1050_1200,1100,1200,0,2400,12607200,3783601,1200,19320000,10560000,3782400,1260000,2522400,1260000,0,0,0,1262400,3289631,3.2896
swap_distribute_parallel_for_1100_1050_1250,1100,1250,0,2500,13132500,3941251,1250,19740000,11000000,3940000,1312500,2627500,1312500,0,0,0,1315000,3289647,3.2896
swap_distribute_parallel_for_1100_1050_1300,1100,1300,0,2600,13657800,4098901,1300,20160000,11440000,4097600,1365000,2732600,1365000,0,0,0,1367600,3343002,3.3430
swap_distribute_parallel_for_1100_1050_1350,1100,1350,0,2700,14183100,4256551,1350,20580000,11880000,4255200,1417500,2837700,1417500,0,0,0,1420200,3288129,3.2881
swap_distribute_parallel_for_1100_1050_1400,1100,1400,0,2800,14708400,4414201,1400,21000000,12320000,4412800,1470000,2942800,1470000,0,0,0,1472800,3282187,3.2822
swap_distribute_parallel_for_1100_1050_1450,1100,1450,0,2900,15233700,4571851,1450,21420000,12760000,4570400,1522500,3047900,1522500,0,0,0,1525400,3283137,3.2831
swap_distribute_parallel_for_1100_1050_1500,1100,1500,0,3000,15759000,4729501,1500,21840000,13200000,4728000,1575000,3153000,1575000,0,0,0,1578000,3288446,3.2884
swap_distribute_parallel_for_1100_1050_1550,1100,1550,0,3100,16284300,4887151,1550,22260000,13640000,4885600,1627500,3258100,1627500,0,0,0,1630600,3307784,3.3078
swap_distribute_parallel_for_1100_1050_1600,1100,1600,0,3200,16809600,5044801,1600,22680000,14080000,5043200,1680000,3363200,1680000,0,0,0,1683200,3287355,3.2874
swap_distribute_parallel_for_1100_1050_1650,1100,1650,0,3300,17334900,5202451,1650,23100000,14520000,5200800,1732500,3468300,1732500,0,0,0,1735800,3279289,3.2793
swap_distribute_parallel_for_1100_1050_1700,1100,1700,0,3400,17860200,5360101,1700,23520000,14960000,5358400,1785000,3573400,1785000,0,0,0,1788400,3334425,3.3344
swap_distribute_parallel_for_1100_1050_1750,1100,1750,0,3500,18385500,5517751,1750,23940000,15400000,5516000,1837500,3678500,1837500,0,0,0,1841000,3328492,3.3285
swap_distribute_parallel_for_1100_1050_1800,1100,1800,0,3600,18910800,5675401,1800,24360000,15840000,5673600,1890000,3783600,1890000,0,0,0,1893600,3333427,3.3334
swap_distribute_parallel_for_1100_1050_1850,1100,1850,0,3700,19436100,5833051,1850,24780000,16280000,5831200,1942500,3888700,1942500,0,0,0,1946200,3330036,3.3300
swap_distribute_parallel_for_1100_1050_1900,1100,1900,0,3800,19961400,5990701,1900,25200000,16720000,5988800,1995000,3993800,1995000,0,0,0,1998800,3344316,3.3443
swap_distribute_parallel_for_1100_1050_1950,1100,1950,0,3900,20486700,6148351,1950,25620000,17160000,6146400,2047500,4098900,2047500,0,0,0,2051400,3328890,3.3289
swap_distribute_parallel_for_1100_1050_2000,1100,2000,0,4000,21012000,6306001,2000,26040000,17600000,6304000,2100000,4204000,2100000,0,0,0,2104000,3324600,3.3246
swap_distribute_parallel_for_1100_1100_1050,1100,1050,0,2100,11556300,3468151,1050,18920000,9240000,3467100,1155000,2312100,1155000,0,0,0,1157100,3501470,3.5015
swap_distribute_parallel_for_1100_1100_1100,1100,1100,0,2200,12106600,3633301,1100,19360000,9680000,3632200,1210000,2422200,1210000,0,0,0,1212200,3427873,3.4279
swap_distribute_parallel_for_1100_1100_1150,1100,1150,0,2300,12656900,3798451,1150,19800000,10120000,3797300,1265000,2532300,1265000,0,0,0,1267300,3428743,3.4287
swap_distribute_parallel_for_1100_1100_1200,1100,1200,0,2400,13207200,3963601,1200,20240000,10560000,3962400,1320000,2642400,1320000,0,0,0,1322400,3428199,3.4282
swap_distribute_parallel_for_1100_1100_1250,1100,1250,0,2500,13757500,4128751,1250,20680000,11000000,4127500,1375000,2752500,1375000,0,0,0,1377500,3430493,3.4305
swap_distribute_parallel_for_1100_1100_1300,1100,1300,0,2600,14307800,4293901,1300,21120000,11440000,4292600,1430000,2862600,1430000,0,0,0,1432600,3502775,3.5028
swap_distribute_parallel_for_1100_1100_1350,1100,1350,0,2700,14858100,4459051,1350,21560000,11880000,4457700,1485000,2972700,1485000,0,0,0,1487700,3433444,3.4334
swap_distribute_parallel_for_1100_1100_1400,1100,1400,0,2800,15408400,4624201,1400,22000000,12320000,4622800,1540000,3082800,1540000,0,0,0,1542800,3433541,3.4335
swap_distribute_parallel_for_1100_1100_1450,1100,1450,0,2900,15958700,4789351,1450,22440000,12760000,4787900,1595000,3192900,1595000,0,0,0,1597900,3434666,3.4347
swap_distribute_parallel_for_1100_1100_1500,1100,1500,0,3000,16509000,4954501,1500,22880000,13200000,4953000,1650000,3303000,1650000,0,0,0,1653000,3438353,3.4384
swap_distribute_parallel_for_1100_1100_1550,1100,1550,0,3100,17059300,5119651,1550,23320000,13640000,5118100,1705000,3413100,1705000,0,0,0,1708100,3481832,3.4818
swap_distribute_parallel_for_1100_1100_1600,1100,1600,0,3200,17609600,5284801,1600,23760000,14080000,5283200,1760000,3523200,1760000,0,0,0,1763200,3438291,3.4383
swap_distribute_parallel_for_1100_1100_1650,1100,1650,0,3300,18159900,5449951,1650,24200000,14520000,5448300,1815000,3633300,1815000,0,0,0,1818300,3434305,3.4343
swap_distribute_parallel_for_1100_1100_1700,1100,1700,0,3400,18710200,5615101,1700,24640000,14960000,5613400,1870000,3743400,1870000,0,0,0,1873400,3493566,3.4936
swap_distribute_parallel_for_1100_1100_1750,1100,1750,0,3500,19260500,5780251,1750,25080000,15400000,5778500,1925000,3853500,1925000,0,0,0,1928500,3484605,3.4846
swap_distribute_parallel_for_1100_1100_1800,1100,1800,0,3600,19810800,5945401,1800,25520000,15840000,5943600,1980000,3963600,1980000,0,0,0,1983600,3491366,3.4914
swap_distribute_parallel_for_1100_1100_1850,1100,1850,0,3700,20361100,6110551,1850,25960000,16280000,6108700,2035000,4073700,2035000,0,0,0,2038700,3487449,3.4874
swap_distribute_parallel_for_1100_1100_1900,1100,1900,0,3800,20911400,6275701,1900,26400000,16720000,6273800,2090000,4183800,2090000,0,0,0,2093800,3498485,3.4985
swap_distribute_parallel_for_1100_1100_1950,1100,1950,0,3900,21461700,6440851,1950,26840000,17160000,6438900,2145000,4293900,2145000,0,0,0,2148900,3493485,3.4935
swap_distribute_parallel_for_1100_1100_2000,1100,2000,0,4000,22012000,6606001,2000,27280000,17600000,6604000,2200000,4404000,2200000,0,0,0,2204000,3487176,3.4872
swap_distribute_parallel_for_1100_1150_1050,1100,1050,0,2100,12081300,3625651,1050,19780000,9240000,3624600,1207500,2417100,1207500,0,0,0,1209600,3653289,3.6533
swap_distribute_parallel_for_1100_1150_1100,1100,1100,0,2200,12656600,3798301,1100,20240000,9680000,3797200,1265000,2532200,1265000,0,0,0,1267200,3603382,3.6034
swap_distribute_parallel_for_1100_1150_1150,1100,1150,0,2300,13231900,3970951,1150,20700000,10120000,3969800,1322500,2647300,1322500,0,0,0,1324800,3583613,3.5836
swap_distribute_parallel_for_1100_1150_1200,1100,1200,0,2400,13807200,4143601,1200,21160000,10560000,4142400,1380000,2762400,1380000,0,0,0,1382400,3579516,3.5795
swap_distribute_parallel_for_1100_1150_1250,1100,1250,0,2500,14382500,4316251,1250,21620000,11000000,4315000,1437500,2877500,1437500,0,0,0,1440000,3586206,3.5862
swap_distribute_parallel_for_1100_1150_1300,1100,1300,0,2600,14957800,4488901,1300,22080000,11440000,4487600,1495000,2992600,1495000,0,0,0,1497600,3658241,3.6582
swap_distribute_parallel_for_1100_1150_1350,1100,1350,0,2700,15533100,4661551,1350,22540000,11880000,4660200,1552500,3107700,1552500,0,0,0,1555200,3590868,3.5909
swap_distribute_parallel_for_1100_1150_1400,1100,1400,0,2800,16108400,4834201,1400,23000000,12320000,4832800,1610000,3222800,1610000,0,0,0,1612800,3593250,3.5932
swap_distribute_parallel_for_1100_1150_1450,1100,1450,0,2900,16683700,5006851,1450,23460000,12760000,5005400,1667500,3337900,1667500,0,0,0,1670400,3592953,3.5930
swap_distribute_parallel_for_1100_1150_1500,1100,1500,0,3000,17259000,5179501,1500,23920000,13200000,5178000,1725000,3453000,1725000,0,0,0,1728000,3597373,3.5974
swap_distribute_parallel_for_1100_1150_1550,1100,1550,0,3100,17834300,5352151,1550,24380000,13640000,5350600,1782500,3568100,1782500,0,0,0,1785600,3652679,3.6527
swap_distribute_parallel_for_1100_1150_1600,1100,1600,0,3200,18409600,5524801,1600,24840000,14080000,5523200,1840000,3683200,1840000,0,0,0,1843200,3600494,3.6005
swap_distribute_parallel_for_1100_1150_1650,1100,1650,0,3300,18984900,5697451,1650,25300000,14520000,5695800,1897500,3798300,1897500,0,0,0,1900800,3603378,3.6034
swap_distribute_parallel_for_1100_1150_1700,1100,1700,0,3400,19560200,5870101,1700,25760000,14960000,5868400,1955000,3913400,1955000,0,0,0,1958400,3644938,3.6449
swap_distribute_parallel_for_1100_1150_1750,1100,1750,0,3500,20135500,6042751,1750,26220000,15400000,6041000,2012500,4028500,2012500,0,0,0,2016000,3643827,3.6438
swap_distribute_parallel_for_1100_1150_1800,1100,1800,0,3600,20710800,6215401,1800,26680000,15840000,6213600,2070000,4143600,2070000,0,0,0,2073600,3648455,3.6485
swap_distribute_parallel_for_1100_1150_1850,1100,1850,0,3700,21286100,6388051,1850,27140000,16280000,6386200,2127500,4258700,2127500,0,0,0,2131200,3648536,3.6485
swap_distribute_parallel_for_1100_1150_1900,1100,1900,0,3800,21861400,6560701,1900,27600000,16720000,6558800,2185000,4373800,2185000,0,0,0,2188800,3668964,3.6690
swap_distribute_parallel_for_1100_1150_1950,1100,1950,0,3900,22436700,6733351,1950,28060000,17160000,6731400,2242500,4488900,2242500,0,0,0,2246400,3657304,3.6573
swap_distribute_parallel_for_1100_1150_2000,1100,2000,0,4000,23012000,6906001,2000,28520000,17600000,6904000,2300000,4604000,2300000,0,0,0,2304000,3653587,3.6536
swap_distribute_parallel_for_1100_1200_1050,1100,1050,0,2100,12606300,3783151,1050,20640000,9240000,3782100,1260000,2522100,1260000,0,0,0,1262100,3820577,3.8206
swap_distribute_parallel_for_1100_1200_1100,1100,1100,0,2200,13206600,3963301,1100,21120000,9680000,3962200,1320000,2642200,1320000,0,0,0,1322200,3744065,3.7441
swap_distribute_parallel_for_1100_1200_1150,1100,1150,0,2300,13806900,4143451,1150,21600000,10120000,4142300,1380000,2762300,1380000,0,0,0,1382300,3743321,3.7433
swap_distribute_parallel_for_1100_1200_1200,1100,1200,0,2400,14407200,4323601,1200,22080000,10560000,4322400,1440000,2882400,1440000,0,0,0,1442400,3736752,3.7368
swap_distribute_parallel_for_1100_1200_1250,1100,1250,0,2500,15007500,4503751,1250,22560000,11000000,4502500,1500000,3002500,1500000,0,0,0,1502500,3745080,3.7451
swap_distribute_parallel_for_1100_1200_1300,1100,1300,0,2600,15607800,4683901,1300,23040000,11440000,4682600,1560000,3122600,1560000,0,0,0,1562600,3822215,3.8222
swap_distribute_parallel_for_1100_1200_1350,1100,1350,0,2700,16208100,4864051,1350,23520000,11880000,4862700,1620000,3242700,1620000,0,0,0,1622700,3747739,3.7477
swap_distribute_parallel_for_1100_1200_1400,1100,1400,0,2800,16808400,5044201,1400,24000000,12320000,5042800,1680000,3362800,1680000,0,0,0,1682800,3748389,3.7484
swap_distribute_parallel_for_1100_1200_1450,1100,1450,0,2900,17408700,5224351,1450,24480000,12760000,5222900,1740000,3482900,1740000,0,0,0,1742900,3748655,3.7487
swap_distribute_parallel_for_1100_1200_1500,1100,1500,0,3000,18009000,5404501,1500,24960000,13200000,5403000,1800000,3603000,1800000,0,0,0,1803000,3751287,3.7513
swap_distribute_parallel_for_1100_1200_1550,1100,1550,0,3100,18609300,5584651,1550,25440000,13640000,5583100,1860000,3723100,1860000,0,0,0,1863100,3781559,3.7816
swap_distribute_parallel_for_1100_1200_1600,1100,1600,0,3200,19209600,5764801,1600,25920000,14080000,5763200,1920000,3843200,1920000,0,0,0,1923200,3755883,3.7559
swap_distribute_parallel_for_1100_1200_1650,1100,1650,0,3300,19809900,5944951,1650,26400000,14520000,5943300,1980000,3963300,1980000,0,0,0,1983300,3763883,3.7639
swap_distribute_parallel_for_1100_1200_1700,1100,1700,0,3400,20410200,6125101,1700,26880000,14960000,6123400,2040000,4083400,2040000,0,0,0,2043400,3807608,3.8076
swap_distribute_parallel_for_1100_1200_1750,1100,1750,0,3500,21010500,6305251,1750,27360000,15400000,6303500,2100000,4203500,2100000,0,0,0,2103500,3802349,3.8023
swap_distribute_parallel_for_1100_1200_1800,1100,1800,0,3600,21610800,6485401,1800,27840000,15840000,6483600,2160000,4323600,2160000,0,0,0,2163600,3819637,3.8196
swap_distribute_parallel_for_1100_1200_1850,1100,1850,0,3700,22211100,6665551,1850,28320000,16280000,6663700,2220000,4443700,2220000,0,0,0,2223700,3817392,3.8174
swap_distribute_parallel_for_1100_1200_1900,1100,1900,0,3800,22811400,6845701,1900,28800000,16720000,6843800,2280000,4563800,2280000,0,0,0,2283800,3812591,3.8126
swap_distribute_parallel_for_1100_1200_1950,1100,1950,0,3900,23411700,7025851,1950,29280000,17160000,7023900,2340000,4683900,2340000,0,0,0,2343900,3807524,3.8075
swap_distribute_parallel_for_1100_1200_2000,1100,2000,0,4000,24012000,7206001,2000,29760000,17600000,7204000,2400000,4804000,2400000,0,0,0,2404000,3799348,3.7993
swap_distribute_parallel_for_1100_1250_1050,1100,1050,0,2100,13131300,3940651,1050,21500000,9240000,3939600,1312500,2627100,1312500,0,0,0,1314600,3979460,3.9795
swap_distribute_parallel_for_1100_1250_1100,1100,1100,0,2200,13756600,4128301,1100,22000000,9680000,4127200,1375000,2752200,1375000,0,0,0,1377200,3913279,3.9133
swap_distribute_parallel_for_1100_1250_1150,1100,1150,0,2300,14381900,4315951,1150,22500000,10120000,4314800,1437500,2877300,1437500,0,0,0,1439800,3904062,3.9041
swap_distribute_parallel_for_1100_1250_1200,1100,1200,0,2400,15007200,4503601,1200,23000000,10560000,4502400,1500000,3002400,1500000,0,0,0,1502400,3895923,3.8959
swap_distribute_parallel_for_1100_1250_1250,1100,1250,0,2500,15632500,4691251,1250,23500000,11000000,4690000,1562500,3127500,1562500,0,0,0,1565000,3902948,3.9029
swap_distribute_parallel_for_1100_1250_1300,1100,1300,0,2600,16257800,4878901,1300,24000000,11440000,4877600,1625000,3252600,1625000,0,0,0,1627600,3977569,3.9776
swap_distribute_parallel_for_1100_1250_1350,1100,1350,0,2700,16883100,5066551,1350,24500000,11880000,5065200,1687500,3377700,1687500,0,0,0,1690200,3907358,3.9074
swap_distribute_parallel_for_1100_1250_1400,1100,1400,0,2800,17508400,5254201,1400,25000000,12320000,5252800,1750000,3502800,1750000,0,0,0,1752800,3906978,3.9070
swap_distribute_parallel_for_1100_1250_1450,1100,1450,0,2900,18133700,5441851,1450,25500000,12760000,5440400,1812500,3627900,1812500,0,0,0,1815400,3904330,3.9043
swap_distribute_parallel_for_1100_1250_1500,1100,1500,0,3000,18759000,5629501,1500,26000000,13200000,5628000,1875000,3753000,1875000,0,0,0,1878000,3914123,3.9141
swap_distribute_parallel_for_1100_1250_1550,1100,1550,0,3100,19384300,5817151,1550,26500000,13640000,5815600,1937500,3878100,1937500,0,0,0,1940600,3966932,3.9669
swap_distribute_parallel_for_1100_1250_1600,1100,1600,0,3200,20009600,6004801,1600,27000000,14080000,6003200,2000000,4003200,2000000,0,0,0,2003200,3910844,3.9108
swap_distribute_parallel_for_1100_1250_1650,1100,1650,0,3300,20634900,6192451,1650,27500000,14520000,6190800,2062500,4128300,2062500,0,0,0,2065800,3938917,3.9389
swap_distribute_parallel_for_1100_1250_1700,1100,1700,0,3400,21260200,6380101,1700,28000000,14960000,6378400,2125000,4253400,2125000,0,0,0,2128400,3964034,3.9640
swap_distribute_parallel_for_1100_1250_1750,1100,1750,0,3500,21885500,6567751,1750,28500000,15400000,6566000,2187500,4378500,2187500,0,0,0,2191000,3959449,3.9594
swap_distribute_parallel_for_1100_1250_1800,1100,1800,0,3600,22510800,6755401,1800,29000000,15840000,6753600,2250000,4503600,2250000,0,0,0,2253600,3964103,3.9641
swap_distribute_parallel_for_1100_1250_1850,1100,1850,0,3700,23136100,6943051,1850,29500000,16280000,6941200,2312500,4628700,2312500,0,0,0,2316200,3963211,3.9632
swap_distribute_parallel_for_1100_1250_1900,1100,1900,0,3800,23761400,7130701,1900,30000000,16720000,7128800,2375000,4753800,2375000,0,0,0,2378800,3972830,3.9728
swap_distribute_parallel_for_1100_1250_1950,1100,1950,0,3900,24386700,7318351,1950,30500000,17160000,7316400,2437500,4878900,2437500,0,0,0,2441400,3966676,3.9667
swap_distribute_parallel_for_1100_1250_2000,1100,2000,0,4000,25012000,7506001,2000,31000000,17600000,7504000,2500000,5004000,2500000,0,0,0,2504000,3961784,3.9618
swap_distribute_parallel_for_1100_1300_1050,1100,1050,0,2100,13656300,4098151,1050,22360000,9240000,4097100,1365000,2732100,1365000,0,0,0,1367100,4137923,4.1379
swap_distribute_parallel_for_1100_1300_1100,1100,1100,0,2200,14306600,4293301,1100,22880000,9680000,4292200,1430000,2862200,1430000,0,0,0,1432200,4050641,4.0506
swap_distribute_parallel_for_1100_1300_1150,1100,1150,0,2300,14956900,4488451,1150,23400000,10120000,4487300,1495000,2992300,1495000,0,0,0,1497300,4053840,4.0538
swap_distribute_parallel_for_1100_1300_1200,1100,1200,0,2400,15607200,4683601,1200,23920000,10560000,4682400,1560000,3122400,1560000,0,0,0,1562400,4048148,4.0481
swap_distribute_parallel_for_1100_1300_1250,1100,1250,0,2500,16257500,4878751,1250,24440000,11000000,4877500,1625000,3252500,1625000,0,0,0,1627500,4061630,4.0616
swap_distribute_parallel_for_1100_1300_1300,1100,1300,0,2600,16907800,5073901,1300,24960000,11440000,5072600,1690000,3382600,1690000,0,0,0,1692600,4127988,4.1280
swap_distribute_parallel_for_1100_1300_1350,1100,1350,0,2700,17558100,5269051,1350,25480000,11880000,5267700,1755000,3512700,1755000,0,0,0,1757700,4093011,4.0930
swap_distribute_parallel_for_1100_1300_1400,1100,1400,0,2800,18208400,5464201,1400,26000000,12320000,5462800,1820000,3642800,1820000,0,0,0,1822800,4061277,4.0613
swap_distribute_parallel_for_1100_1300_1450,1100,1450,0,2900,18858700,5659351,1450,26520000,12760000,5657900,1885000,3772900,1885000,0,0,0,1887900,4058512,4.0585
swap_distribute_parallel_for_1100_1300_1500,1100,1500,0,3000,19509000,5854501,1500,27040000,13200000,5853000,1950000,3903000,1950000,0,0,0,1953000,4066900,4.0669
swap_distribute_parallel_for_1100_1300_1550,1100,1550,0,3100,20159300,6049651,1550,27560000,13640000,6048100,2015000,4033100,2015000,0,0,0,2018100,4097538,4.0975
swap_distribute_parallel_for_1100_1300_1600,1100,1600,0,3200,20809600,6244801,1600,28080000,14080000,6243200,2080000,4163200,2080000,0,0,0,2083200,4067019,4.0670
swap_distribute_parallel_for_1100_1300_1650,1100,1650,0,3300,21459900,6439951,1650,28600000,14520000,6438300,2145000,4293300,2145000,0,0,0,2148300,4067711,4.0677
swap_distribute_parallel_for_1100_1300_1700,1100,1700,0,3400,22110200,6635101,1700,29120000,14960000,6633400,2210000,4423400,2210000,0,0,0,2213400,4123046,4.1230
swap_distribute_parallel_for_1100_1300_1750,1100,1750,0,3500,22760500,6830251,1750,29640000,15400000,6828500,2275000,4553500,2275000,0,0,0,2278500,4117665,4.1177
swap_distribute_parallel_for_1100_1300_1800,1100,1800,0,3600,23410800,7025401,1800,30160000,15840000,7023600,2340000,4683600,2340000,0,0,0,2343600,4125375,4.1254
swap_distribute_parallel_for_1100_1300_1850,1100,1850,0,3700,24061100,7220551,1850,30680000,16280000,7218700,2405000,4813700,2405000,0,0,0,2408700,4138602,4.1386
swap_distribute_parallel_for_1100_1300_1900,1100,1900,0,3800,24711400,7415701,1900,31200000,16720000,7413800,2470000,4943800,2470000,0,0,0,2473800,4132441,4.1324
swap_distribute_parallel_for_1100_1300_1950,1100,1950,0,3900,25361700,7610851,1950,31720000,17160000,7608900,2535000,5073900,2535000,0,0,0,2538900,4123043,4.1230
swap_distribute_parallel_for_1100_1300_2000,1100,2000,0,4000,26012000,7806001,2000,32240000,17600000,7804000,2600000,5204000,2600000,0,0,0,2604000,4115705,4.1157
swap_distribute_parallel_for_1100_1350_1050,1100,1050,0,2100,14181300,4255651,1050,23220000,9240000,4254600,1417500,2837100,1417500,0,0,0,1419600,4249030,4.2490
swap_distribute_parallel_for_1100_1350_1100,1100,1100,0,2200,14856600,4458301,1100,23760000,9680000,4457200,1485000,2972200,1485000,0,0,0,1487200,4205664,4.2057
swap_distribute_parallel_for_1100_1350_1150,1100,1150,0,2300,15531900,4660951,1150,24300000,10120000,4659800,1552500,3107300,1552500,0,0,0,1554800,4210391,4.2104
swap_distribute_parallel_for_1100_1350_1200,1100,1200,0,2400,16207200,4863601,1200,24840000,10560000,4862400,1620000,3242400,1620000,0,0,0,1622400,4203106,4.2031
swap_distribute_parallel_for_1100_1350_1250,1100,1250,0,2500,16882500,5066251,1250,25380000,11000000,5065000,1687500,3377500,1687500,0,0,0,1690000,4218745,4.2187
swap_distribute_parallel_for_1100_1350_1300,1100,1300,0,2600,17557800,5268901,1300,25920000,11440000,5267600,1755000,3512600,1755000,0,0,0,1757600,4269477,4.2695
swap_distribute_parallel_for_1100_1350_1350,1100,1350,0,2700,18233100,5471551,1350,26460000,11880000,5470200,1822500,3647700,1822500,0,0,0,1825200,4218269,4.2183
swap_distribute_parallel_for_1100_1350_1400,1100,1400,0,2800,18908400,5674201,1400,27000000,12320000,5672800,1890000,3782800,1890000,0,0,0,1892800,4214866,4.2149
swap_distribute_parallel_for_1100_1350_1450,1100,1450,0,2900,19583700,5876851,1450,27540000,12760000,5875400,1957500,3917900,1957500,0,0,0,1960400,4215534,4.2155
swap_distribute_parallel_for_1100_1350_1500,1100,1500,0,3000,20259000,6079501,1500,28080000,13200000,6078000,2025000,4053000,2025000,0,0,0,2028000,4245356,4.2454
swap_distribute_parallel_for_1100_1350_1550,1100,1550,0,3100,20934300,6282151,1550,28620000,13640000,6280600,2092500,4188100,2092500,0,0,0,2095600,4297315,4.2973
swap_distribute_parallel_for_1100_1350_1600,1100,1600,0,3200,21609600,6484801,1600,29160000,14080000,6483200,2160000,4323200,2160000,0,0,0,2163200,4238957,4.2390
swap_distribute_parallel_for_1100_1350_1650,1100,1650,0,3300,22284900,6687451,1650,29700000,14520000,6685800,2227500,4458300,2227500,0,0,0,2230800,4222791,4.2228
swap_distribute_parallel_for_1100_1350_1700,1100,1700,0,3400,22960200,6890101,1700,30240000,14960000,6888400,2295000,4593400,2295000,0,0,0,2298400,4284117,4.2841
swap_distribute_parallel_for_1100_1350_1750,1100,1750,0,3500,23635500,7092751,1750,30780000,15400000,7091000,2362500,4728500,2362500,0,0,0,2366000,4315926,4.3159
swap_distribute_parallel_for_1100_1350_1800,1100,1800,0,3600,24310800,7295401,1800,31320000,15840000,7293600,2430000,4863600,2430000,0,0,0,2433600,4318327,4.3183
swap_distribute_parallel_for_1100_1350_1850,1100,1850,0,3700,24986100,7498051,1850,31860000,16280000,7496200,2497500,4998700,2497500,0,0,0,2501200,4306838,4.3068
swap_distribute_parallel_for_1100_1350_1900,1100,1900,0,3800,25661400,7700701,1900,32400000,16720000,7698800,2565000,5133800,2565000,0,0,0,2568800,4307896,4.3079
swap_distribute_parallel_for_1100_1350_1950,1100,1950,0,3900,26336700,7903351,1950,32940000,17160000,7901400,2632500,5268900,2632500,0,0,0,2636400,4296944,4.2969
swap_distribute_parallel_for_1100_1350_2000,1100,2000,0,4000,27012000,8106001,2000,33480000,17600000,8104000,2700000,5404000,2700000,0,0,0,2704000,4304936,4.3049
swap_distribute_parallel_for_1100_1400_1050,1100,1050,0,2100,14706300,4413151,1050,24080000,9240000,4412100,1470000,2942100,1470000,0,0,0,1472100,4433669,4.4337
swap_distribute_parallel_for_1100_1400_1100,1100,1100,0,2200,15406600,4623301,1100,24640000,9680000,4622200,1540000,3082200,1540000,0,0,0,1542200,4359520,4.3595
swap_distribute_parallel_for_1100_1400_1150,1100,1150,0,2300,16106900,4833451,1150,25200000,10120000,4832300,1610000,3222300,1610000,0,0,0,1612300,4362596,4.3626
swap_distribute_parallel_for_1100_1400_1200,1100,1200,0,2400,16807200,5043601,1200,25760000,10560000,5042400,1680000,3362400,1680000,0,0,0,1682400,4358109,4.3581
swap_distribute_parallel_for_1100_1400_1250,1100,1250,0,2500,17507500,5253751,1250,26320000,11000000,5252500,1750000,3502500,1750000,0,0,0,1752500,4373177,4.3732
swap_distribute_parallel_for_1100_1400_1300,1100,1300,0,2600,18207800,5463901,1300,26880000,11440000,5462600,1820000,3642600,1820000,0,0,0,1822600,4465573,4.4656
swap_distribute_parallel_for_1100_1400_1350,1100,1350,0,2700,18908100,5674051,1350,27440000,11880000,5672700,1890000,3782700,1890000,0,0,0,1892700,4363742,4.3637
swap_distribute_parallel_for_1100_1400_1400,1100,1400,0,2800,19608400,5884201,1400,28000000,12320000,5882800,1960000,3922800,1960000,0,0,0,1962800,4367226,4.3672
swap_distribute_parallel_for_1100_1400_1450,1100,1450,0,2900,20308700,6094351,1450,28560000,12760000,6092900,2030000,4062900,2030000,0,0,0,2032900,4368313,4.3683
swap_distribute_parallel_for_1100_1400_1500,1100,1500,0,3000,21009000,6304501,1500,29120000,13200000,6303000,2100000,4203000,2100000,0,0,0,2103000,4372652,4.3727
swap_distribute_parallel_for_1100_1400_1550,1100,1550,0,3100,21709300,6514651,1550,29680000,13640000,6513100,2170000,4343100,2170000,0,0,0,2173100,4445954,4.4460
swap_distribute_parallel_for_1100_1400_1600,1100,1600,0,3200,22409600,6724801,1600,30240000,14080000,6723200,2240000,4483200,2240000,0,0,0,2243200,4379270,4.3793
swap_distribute_parallel_for_1100_1400_1650,1100,1650,0,3300,23109900,6934951,1650,30800000,14520000,6933300,2310000,4623300,2310000,0,0,0,2313300,4382300,4.3823
swap_distribute_parallel_for_1100_1400_1700,1100,1700,0,3400,23810200,7145101,1700,31360000,14960000,7143400,2380000,4763400,2380000,0,0,0,2383400,4439365,4.4394
swap_distribute_parallel_for_1100_1400_1750,1100,1750,0,3500,24510500,7355251,1750,31920000,15400000,7353500,2450000,4903500,2450000,0,0,0,2453500,4459195,4.4592
swap_distribute_parallel_for_1100_1400_1800,1100,1800,0,3600,25210800,7565401,1800,32480000,15840000,7563600,2520000,5043600,2520000,0,0,0,2523600,4440558,4.4406
swap_distribute_parallel_for_1100_1400_1850,1100,1850,0,3700,25911100,7775551,1850,33040000,16280000,7773700,2590000,5183700,2590000,0,0,0,2593700,4442895,4.4429
swap_distribute_parallel_for_1100_1400_1900,1100,1900,0,3800,26611400,7985701,1900,33600000,16720000,7983800,2660000,5323800,2660000,0,0,0,2663800,4450402,4.4504
swap_distribute_parallel_for_1100_1400_1950,1100,1950,0,3900,27311700,8195851,1950,34160000,17160000,8193900,2730000,5463900,2730000,0,0,0,2733900,4438635,4.4386
swap_distribute_parallel_for_1100_1400_2000,1100,2000,0,4000,28012000,8406001,2000,34720000,17600000,8404000,2800000,5604000,2800000,0,0,0,2804000,4471154,4.4712
swap_distribute_parallel_for_1100_1450_1050,1100,1050,0,2100,15231300,4570651,1050,24940000,9240000,4569600,1522500,3047100,1522500,0,0,0,1524600,4613897,4.6139
swap_distribute_parallel_for_1100_1450_1100,1100,1100,0,2200,15956600,4788301,1100,25520000,9680000,4787200,1595000,3192200,1595000,0,0,0,1597200,4517216,4.5172
swap_distribute_parallel_for_1100_1450_1150,1100,1150,0,2300,16681900,5005951,1150,26100000,10120000,5004800,1667500,3337300,1667500,0,0,0,1669800,4523797,4.5238
swap_distribute_parallel_for_1100_1450_1200,1100,1200,0,2400,17407200,5223601,1200,26680000,10560000,5222400,1740000,3482400,1740000,0,0,0,1742400,4514120,4.5141
swap_distribute_parallel_for_1100_1450_1250,1100,1250,0,2500,18132500,5441251,1250,27260000,11000000,5440000,1812500,3627500,1812500,0,0,0,1815000,4526427,4.5264
swap_distribute_parallel_for_1100_1450_1300,1100,1300,0,2600,18857800,5658901,1300,27840000,11440000,5657600,1885000,3772600,1885000,0,0,0,1887600,4612669,4.6127
swap_distribute_parallel_for_1100_1450_1350,1100,1350,0,2700,19583100,5876551,1350,28420000,11880000,5875200,1957500,3917700,1957500,0,0,0,1960200,4527636,4.5276
swap_distribute_parallel_for_1100_1450_1400,1100,1400,0,2800,20308400,6094201,1400,29000000,12320000,6092800,2030000,4062800,2030000,0,0,0,2032800,4525684,4.5257
swap_distribute_parallel_for_1100_1450_1450,1100,1450,0,2900,21033700,6311851,1450,29580000,12760000,6310400,2102500,4207900,2102500,0,0,0,2105400,4530027,4.5300
swap_distribute_parallel_for_1100_1450_1500,1100,1500,0,3000,21759000,6529501,1500,30160000,13200000,6528000,2175000,4353000,2175000,0,0,0,2178000,4536115,4.5361
swap_distribute_parallel_for_1100_1450_1550,1100,1550,0,3100,22484300,6747151,1550,30740000,13640000,6745600,2247500,4498100,2247500,0,0,0,2250600,4576813,4.5768
swap_distribute_parallel_for_1100_1450_1600,1100,1600,0,3200,23209600,6964801,1600,31320000,14080000,6963200,2320000,4643200,2320000,0,0,0,2323200,4544717,4.5447
swap_distribute_parallel_for_1100_1450_1650,1100,1650,0,3300,23934900,7182451,1650,31900000,14520000,7180800,2392500,4788300,2392500,0,0,0,2395800,4530610,4.5306
swap_distribute_parallel_for_1100_1450_1700,1100,1700,0,3400,24660200,7400101,1700,32480000,14960000,7398400,2465000,4933400,2465000,0,0,0,2468400,4594721,4.5947
swap_distribute_parallel_for_1100_1450_1750,1100,1750,0,3500,25385500,7617751,1750,33060000,15400000,7616000,2537500,5078500,2537500,0,0,0,2541000,4604617,4.6046
swap_distribute_parallel_for_1100_1450_1800,1100,1800,0,3600,26110800,7835401,1800,33640000,15840000,7833600,2610000,5223600,2610000,0,0,0,2613600,4596048,4.5960
swap_distribute_parallel_for_1100_1450_1850,1100,1850,0,3700,26836100,8053051,1850,34220000,16280000,8051200,2682500,5368700,2682500,0,0,0,2686200,4595472,4.5955
swap_distribute_parallel_for_1100_1450_1900,1100,1900,0,3800,27561400,8270701,1900,34800000,16720000,8268800,2755000,5513800,2755000,0,0,0,2758800,4610373,4.6104
swap_distribute_parallel_for_1100_1450_1950,1100,1950,0,3900,28286700,8488351,1950,35380000,17160000,8486400,2827500,5658900,2827500,0,0,0,2831400,4616534,4.6165
swap_distribute_parallel_for_1100_1450_2000,1100,2000,0,4000,29012000,8706001,2000,35960000,17600000,8704000,2900000,5804000,2900000,0,0,0,2904000,4592963,4.5930
swap_distribute_parallel_for_1100_1500_1050,1100,1050,0,2100,15756300,4728151,1050,25800000,9240000,4727100,1575000,3152100,1575000,0,0,0,1577100,4746416,4.7464
swap_distribute_parallel_for_1100_1500_1100,1100,1100,0,2200,16506600,4953301,1100,26400000,9680000,4952200,1650000,3302200,1650000,0,0,0,1652200,4671185,4.6712
swap_distribute_parallel_for_1100_1500_1150,1100,1150,0,2300,17256900,5178451,1150,27000000,10120000,5177300,1725000,3452300,1725000,0,0,0,1727300,4672015,4.6720
swap_distribute_parallel_for_1100_1500_1200,1100,1200,0,2400,18007200,5403601,1200,27600000,10560000,5402400,1800000,3602400,1800000,0,0,0,1802400,4668348,4.6683
swap_distribute_parallel_for_1100_1500_1250,1100,1250,0,2500,18757500,5628751,1250,28200000,11000000,5627500,1875000,3752500,1875000,0,0,0,1877500,4679129,4.6791
swap_distribute_parallel_for_1100_1500_1300,1100,1300,0,2600,19507800,5853901,1300,28800000,11440000,5852600,1950000,3902600,1950000,0,0,0,1952600,4773602,4.7736
swap_distribute_parallel_for_1100_1500_1350,1100,1350,0,2700,20258100,6079051,1350,29400000,11880000,6077700,2025000,4052700,2025000,0,0,0,2027700,4681795,4.6818
swap_distribute_parallel_for_1100_1500_1400,1100,1400,0,2800,21008400,6304201,1400,30000000,12320000,6302800,2100000,4202800,2100000,0,0,0,2102800,4678849,4.6788
swap_distribute_parallel_for_1100_1500_1450,1100,1450,0,2900,21758700,6529351,1450,30600000,12760000,6527900,2175000,4352900,2175000,0,0,0,2177900,4681319,4.6813
swap_distribute_parallel_for_1100_1500_1500,1100,1500,0,3000,22509000,6754501,1500,31200000,13200000,6753000,2250000,4503000,2250000,0,0,0,2253000,4698143,4.6981
swap_distribute_parallel_for_1100_1500_1550,1100,1550,0,3100,23259300,6979651,1550,31800000,13640000,6978100,2325000,4653100,2325000,0,0,0,2328100,4749743,4.7497
swap_distribute_parallel_for_1100_1500_1600,1100,1600,0,3200,24009600,7204801,1600,32400000,14080000,7203200,2400000,4803200,2400000,0,0,0,2403200,4683555,4.6836
swap_distribute_parallel_for_1100_1500_1650,1100,1650,0,3300,24759900,7429951,1650,33000000,14520000,7428300,2475000,4953300,2475000,0,0,0,2478300,4682874,4.6829
swap_distribute_parallel_for_1100_1500_1700,1100,1700,0,3400,25510200,7655101,1700,33600000,14960000,7653400,2550000,5103400,2550000,0,0,0,2553400,4757879,4.7579
swap_distribute_parallel_for_1100_1500_1750,1100,1750,0,3500,26260500,7880251,1750,34200000,15400000,7878500,2625000,5253500,2625000,0,0,0,2628500,4745027,4.7450
swap_distribute_parallel_for_1100_1500_1800,1100,1800,0,3600,27010800,8105401,1800,34800000,15840000,8103600,2700000,5403600,2700000,0,0,0,2703600,4754518,4.7545
swap_distribute_parallel_for_1100_1500_1850,1100,1850,0,3700,27761100,8330551,1850,35400000,16280000,8328700,2775000,5553700,2775000,0,0,0,2778700,4755969,4.7560
swap_distribute_parallel_for_1100_1500_1900,1100,1900,0,3800,28511400,8555701,1900,36000000,16720000,8553800,2850000,5703800,2850000,0,0,0,2853800,4766923,4.7669
swap_distribute_parallel_for_1100_1500_1950,1100,1950,0,3900,29261700,8780851,1950,36600000,17160000,8778900,2925000,5853900,2925000,0,0,0,2928900,4754109,4.7541
swap_distribute_parallel_for_1100_1500_2000,1100,2000,0,4000,30012000,9006001,2000,37200000,17600000,9004000,3000000,6004000,3000000,0,0,0,3004000,4753740,4.7537
swap_distribute_parallel_for_1100_1550_1050,1100,1050,0,2100,16281300,4885651,1050,26660000,9240000,4884600,1627500,3257100,1627500,0,0,0,1629600,4913183,4.9132
swap_distribute_parallel_for_1100_1550_1100,1100,1100,0,2200,17056600,5118301,1100,27280000,9680000,5117200,1705000,3412200,1705000,0,0,0,1707200,4886297,4.8863
swap_distribute_parallel_for_1100_1550_1150,1100,1150,0,2300,17831900,5350951,1150,27900000,10120000,5349800,1782500,3567300,1782500,0,0,0,1784800,4855081,4.8551
swap_distribute_parallel_for_1100_1550_1200,1100,1200,0,2400,18607200,5583601,1200,28520000,10560000,5582400,1860000,3722400,1860000,0,0,0,1862400,4821538,4.8215
swap_distribute_parallel_for_1100_1550_1250,1100,1250,0,2500,19382500,5816251,1250,29140000,11000000,5815000,1937500,3877500,1937500,0,0,0,1940000,4833159,4.8332
swap_distribute_parallel_for_1100_1550_1300,1100,1300,0,2600,20157800,6048901,1300,29760000,11440000,6047600,2015000,4032600,2015000,0,0,0,2017600,4935126,4.9351
swap_distribute_parallel_for_1100_1550_1350,1100,1350,0,2700,20933100,6281551,1350,30380000,11880000,6280200,2092500,4187700,2092500,0,0,0,2095200,4851930,4.8519
swap_distribute_parallel_for_1100_1550_1400,1100,1400,0,2800,21708400,6514201,1400,31000000,12320000,6512800,2170000,4342800,2170000,0,0,0,2172800,4846379,4.8464
swap_distribute_parallel_for_1100_1550_1450,1100,1450,0,2900,22483700,6746851,1450,31620000,12760000,6745400,2247500,4497900,2247500,0,0,0,2250400,4849980,4.8500
swap_distribute_parallel_for_1100_1550_1500,1100,1500,0,3000,23259000,6979501,1500,32240000,13200000,6978000,2325000,4653000,2325000,0,0,0,2328000,4843660,4.8437
swap_distribute_parallel_for_1100_1550_1550,1100,1550,0,3100,24034300,7212151,1550,32860000,13640000,7210600,2402500,4808100,2402500,0,0,0,2405600,4884995,4.8850
swap_distribute_parallel_for_1100_1550_1600,1100,1600,0,3200,24809600,7444801,1600,33480000,14080000,7443200,2480000,4963200,2480000,0,0,0,2483200,4852465,4.8525
swap_distribute_parallel_for_1100_1550_1650,1100,1650,0,3300,25584900,7677451,1650,34100000,14520000,7675800,2557500,5118300,2557500,0,0,0,2560800,4839666,4.8397
swap_distribute_parallel_for_1100_1550_1700,1100,1700,0,3400,26360200,7910101,1700,34720000,14960000,7908400,2635000,5273400,2635000,0,0,0,2638400,4918872,4.9189
swap_distribute_parallel_for_1100_1550_1750,1100,1750,0,3500,27135500,8142751,1750,35340000,15400000,8141000,2712500,5428500,2712500,0,0,0,2716000,4907554,4.9076
swap_distribute_parallel_for_1100_1550_1800,1100,1800,0,3600,27910800,8375401,1800,35960000,15840000,8373600,2790000,5583600,2790000,0,0,0,2793600,4913483,4.9135
swap_distribute_parallel_for_1100_1550_1850,1100,1850,0,3700,28686100,8608051,1850,36580000,16280000,8606200,2867500,5738700,2867500,0,0,0,2871200,4912823,4.9128
swap_distribute_parallel_for_1100_1550_1900,1100,1900,0,3800,29461400,8840701,1900,37200000,16720000,8838800,2945000,5893800,2945000,0,0,0,2948800,4923442,4.9234
swap_distribute_parallel_for_1100_1550_1950,1100,1950,0,3900,30236700,9073351,1950,37820000,17160000,9071400,3022500,6048900,3022500,0,0,0,3026400,4914800,4.9148
swap_distribute_parallel_for_1100_1550_2000,1100,2000,0,4000,31012000,9306001,2000,38440000,17600000,9304000,3100000,6204000,3100000,0,0,0,3104000,4905098,4.9051
swap_distribute_parallel_for_1100_1600_1050,1100,1050,0,2100,16806300,5043151,1050,27520000,9240000,5042100,1680000,3362100,1680000,0,0,0,1682100,5032360,5.0324
swap_distribute_parallel_for_1100_1600_1100,1100,1100,0,2200,17606600,5283301,1100,28160000,9680000,5282200,1760000,3522200,1760000,0,0,0,1762200,4986265,4.9863
swap_distribute_parallel_for_1100_1600_1150,1100,1150,0,2300,18406900,5523451,1150,28800000,10120000,5522300,1840000,3682300,1840000,0,0,0,1842300,4987687,4.9877
swap_distribute_parallel_for_1100_1600_1200,1100,1200,0,2400,19207200,5763601,1200,29440000,10560000,5762400,1920000,3842400,1920000,0,0,0,1922400,4977814,4.9778
swap_distribute_parallel_for_1100_1600_1250,1100,1250,0,2500,20007500,6003751,1250,30080000,11000000,6002500,2000000,4002500,2000000,0,0,0,2002500,4987430,4.9874
swap_distribute_parallel_for_1100_1600_1300,1100,1300,0,2600,20807800,6243901,1300,30720000,11440000,6242600,2080000,4162600,2080000,0,0,0,2082600,5087385,5.0874
swap_distribute_parallel_for_1100_1600_1350,1100,1350,0,2700,21608100,6484051,1350,31360000,11880000,6482700,2160000,4322700,2160000,0,0,0,2162700,5002571,5.0026
swap_distribute_parallel_for_1100_1600_1400,1100,1400,0,2800,22408400,6724201,1400,32000000,12320000,6722800,2240000,4482800,2240000,0,0,0,2242800,4996240,4.9962
swap_distribute_parallel_for_1100_1600_1450,1100,1450,0,2900,23208700,6964351,1450,32640000,12760000,6962900,2320000,4642900,2320000,0,0,0,2322900,4997366,4.9974
swap_distribute_parallel_for_1100_1600_1500,1100,1500,0,3000,24009000,7204501,1500,33280000,13200000,7203000,2400000,4803000,2400000,0,0,0,2403000,5022850,5.0229
swap_distribute_parallel_for_1100_1600_1550,1100,1550,0,3100,24809300,7444651,1550,33920000,13640000,7443100,2480000,4963100,2480000,0,0,0,2483100,5028863,5.0289
swap_distribute_parallel_for_1100_1600_1600,1100,1600,0,3200,25609600,7684801,1600,34560000,14080000,7683200,2560000,5123200,2560000,0,0,0,2563200,4996252,4.9963
swap_distribute_parallel_for_1100_1600_1650,1100,1650,0,3300,26409900,7924951,1650,35200000,14520000,7923300,2640000,5283300,2640000,0,0,0,2643300,5030154,5.0302
swap_distribute_parallel_for_1100_1600_1700,1100,1700,0,3400,27210200,8165101,1700,35840000,14960000,8163400,2720000,5443400,2720000,0,0,0,2723400,5072193,5.0722
swap_distribute_parallel_for_1100_1600_1750,1100,1750,0,3500,28010500,8405251,1750,36480000,15400000,8403500,2800000,5603500,2800000,0,0,0,2803500,5069329,5.0693
swap_distribute_parallel_for_1100_1600_1800,1100,1800,0,3600,28810800,8645401,1800,37120000,15840000,8643600,2880000,5763600,2880000,0,0,0,2883600,5075787,5.0758
swap_distribute_parallel_for_1100_1600_1850,1100,1850,0,3700,29611100,8885551,1850,37760000,16280000,8883700,2960000,5923700,2960000,0,0,0,2963700,5074508,5.0745
swap_distribute_parallel_for_1100_1600_1900,1100,1900,0,3800,30411400,9125701,1900,38400000,16720000,9123800,3040000,6083800,3040000,0,0,0,3043800,5079537,5.0795
swap_distribute_parallel_for_1100_1600_1950,1100,1950,0,3900,31211700,9365851,1950,39040000,17160000,9363900,3120000,6243900,3120000,0,0,0,3123900,5070242,5.0702
swap_distribute_parallel_for_1100_1600_2000,1100,2000,0,4000,32012000,9606001,2000,39680000,17600000,9604000,3200000,6404000,3200000,0,0,0,3204000,5066832,5.0668
swap_distribute_parallel_for_1100_1650_1050,1100,1050,0,2100,17331300,5200651,1050,28380000,9240000,5199600,1732500,3467100,1732500,0,0,0,1734600,5225017,5.2250
swap_distribute_parallel_for_1100_1650_1100,1100,1100,0,2200,18156600,5448301,1100,29040000,9680000,5447200,1815000,3632200,1815000,0,0,0,1817200,5137676,5.1377
swap_distribute_parallel_for_1100_1650_1150,1100,1150,0,2300,18981900,5695951,1150,29700000,10120000,5694800,1897500,3797300,1897500,0,0,0,1899800,5141625,5.1416
swap_distribute_parallel_for_1100_1650_1200,1100,1200,0,2400,19807200,5943601,1200,30360000,10560000,5942400,1980000,3962400,1980000,0,0,0,1982400,5135718,5.1357
swap_distribute_parallel_for_1100_1650_1250,1100,1250,0,2500,20632500,6191251,1250,31020000,11000000,6190000,2062500,4127500,2062500,0,0,0,2065000,5145039,5.1450
swap_distribute_parallel_for_1100_1650_1300,1100,1300,0,2600,21457800,6438901,1300,31680000,11440000,6437600,2145000,4292600,2145000,0,0,0,2147600,5231503,5.2315
swap_distribute_parallel_for_1100_1650_1350,1100,1350,0,2700,22283100,6686551,1350,32340000,11880000,6685200,2227500,4457700,2227500,0,0,0,2230200,5146703,5.1467
swap_distribute_parallel_for_1100_1650_1400,1100,1400,0,2800,23108400,6934201,1400,33000000,12320000,6932800,2310000,4622800,2310000,0,0,0,2312800,5148299,5.1483
swap_distribute_parallel_for_1100_1650_1450,1100,1450,0,2900,23933700,7181851,1450,33660000,12760000,7180400,2392500,4787900,2392500,0,0,0,2395400,5149450,5.1494
swap_distribute_parallel_for_1100_1650_1500,1100,1500,0,3000,24759000,7429501,1500,34320000,13200000,7428000,2475000,4953000,2475000,0,0,0,2478000,5149834,5.1498
swap_distribute_parallel_for_1100_1650_1550,1100,1550,0,3100,25584300,7677151,1550,34980000,13640000,7675600,2557500,5118100,2557500,0,0,0,2560600,5215584,5.2156
swap_distribute_parallel_for_1100_1650_1600,1100,1600,0,3200,26409600,7924801,1600,35640000,14080000,7923200,2640000,5283200,2640000,0,0,0,2643200,5150010,5.1500
swap_distribute_parallel_for_1100_1650_1650,1100,1650,0,3300,27234900,8172451,1650,36300000,14520000,8170800,2722500,5448300,2722500,0,0,0,2725800,5154093,5.1541
swap_distribute_parallel_for_1100_1650_1700,1100,1700,0,3400,28060200,8420101,1700,36960000,14960000,8418400,2805000,5613400,2805000,0,0,0,2808400,5251319,5.2513
swap_distribute_parallel_for_1100_1650_1750,1100,1750,0,3500,28885500,8667751,1750,37620000,15400000,8666000,2887500,5778500,2887500,0,0,0,2891000,5239861,5.2399
swap_distribute_parallel_for_1100_1650_1800,1100,1800,0,3600,29710800,8915401,1800,38280000,15840000,8913600,2970000,5943600,2970000,0,0,0,2973600,5238246,5.2382
swap_distribute_parallel_for_1100_1650_1850,1100,1850,0,3700,30536100,9163051,1850,38940000,16280000,9161200,3052500,6108700,3052500,0,0,0,3056200,5233446,5.2334
swap_distribute_parallel_for_1100_1650_1900,1100,1900,0,3800,31361400,9410701,1900,39600000,16720000,9408800,3135000,6273800,3135000,0,0,0,3138800,5239853,5.2399
swap_distribute_parallel_for_1100_1650_1950,1100,1950,0,3900,32186700,9658351,1950,40260000,17160000,9656400,3217500,6438900,3217500,0,0,0,3221400,5231948,5.2319
swap_distribute_parallel_for_1100_1650_2000,1100,2000,0,4000,33012000,9906001,2000,40920000,17600000,9904000,3300000,6604000,3300000,0,0,0,3304000,5222374,5.2224
swap_distribute_parallel_for_1100_1700_1050,1100,1050,0,2100,17856300,5358151,1050,29240000,9240000,5357100,1785000,3572100,1785000,0,0,0,1787100,5413800,5.4138
swap_distribute_parallel_for_1100_1700_1100,1100,1100,0,2200,18706600,5613301,1100,29920000,9680000,5612200,1870000,3742200,1870000,0,0,0,1872200,5294691,5.2947
swap_distribute_parallel_for_1100_1700_1150,1100,1150,0,2300,19556900,5868451,1150,30600000,10120000,5867300,1955000,3912300,1955000,0,0,0,1957300,5295164,5.2952
swap_distribute_parallel_for_1100_1700_1200,1100,1200,0,2400,20407200,6123601,1200,31280000,10560000,6122400,2040000,4082400,2040000,0,0,0,2042400,5288578,5.2886
swap_distribute_parallel_for_1100_1700_1250,1100,1250,0,2500,21257500,6378751,1250,31960000,11000000,6377500,2125000,4252500,2125000,0,0,0,2127500,5298340,5.2983
swap_distribute_parallel_for_1100_1700_1300,1100,1300,0,2600,22107800,6633901,1300,32640000,11440000,6632600,2210000,4422600,2210000,0,0,0,2212600,5380363,5.3804
swap_distribute_parallel_for_1100_1700_1350,1100,1350,0,2700,22958100,6889051,1350,33320000,11880000,6887700,2295000,4592700,2295000,0,0,0,2297700,5302021,5.3020
swap_distribute_parallel_for_1100_1700_1400,1100,1400,0,2800,23808400,7144201,1400,34000000,12320000,7142800,2380000,4762800,2380000,0,0,0,2382800,5302090,5.3021
swap_distribute_parallel_for_1100_1700_1450,1100,1450,0,2900,24658700,7399351,1450,34680000,12760000,7397900,2465000,4932900,2465000,0,0,0,2467900,5314399,5.3144
swap_distribute_parallel_for_1100_1700_1500,1100,1500,0,3000,25509000,7654501,1500,35360000,13200000,7653000,2550000,5103000,2550000,0,0,0,2553000,5327070,5.3271
swap_distribute_parallel_for_1100_1700_1550,1100,1550,0,3100,26359300,7909651,1550,36040000,13640000,7908100,2635000,5273100,2635000,0,0,0,2638100,5350313,5.3503
swap_distribute_parallel_for_1100_1700_1600,1100,1600,0,3200,27209600,8164801,1600,36720000,14080000,8163200,2720000,5443200,2720000,0,0,0,2723200,5315506,5.3155
swap_distribute_parallel_for_1100_1700_1650,1100,1650,0,3300,28059900,8419951,1650,37400000,14520000,8418300,2805000,5613300,2805000,0,0,0,2808300,5352888,5.3529
swap_distribute_parallel_for_1100_1700_1700,1100,1700,0,3400,28910200,8675101,1700,38080000,14960000,8673400,2890000,5783400,2890000,0,0,0,2893400,5399432,5.3994
swap_distribute_parallel_for_1100_1700_1750,1100,1750,0,3500,29760500,8930251,1750,38760000,15400000,8928500,2975000,5953500,2975000,0,0,0,2978500,5397193,5.3972
swap_distribute_parallel_for_1100_1700_1800,1100,1800,0,3600,30610800,9185401,1800,39440000,15840000,9183600,3060000,6123600,3060000,0,0,0,3063600,5414284,5.4143
swap_distribute_parallel_for_1100_1700_1850,1100,1850,0,3700,31461100,9440551,1850,40120000,16280000,9438700,3145000,6293700,3145000,0,0,0,3148700,5393129,5.3931
swap_distribute_parallel_for_1100_1700_1900,1100,1900,0,3800,32311400,9695701,1900,40800000,16720000,9693800,3230000,6463800,3230000,0,0,0,3233800,5404153,5.4042
swap_distribute_parallel_for_1100_1700_1950,1100,1950,0,3900,33161700,9950851,1950,41480000,17160000,9948900,3315000,6633900,3315000,0,0,0,3318900,5409451,5.4095
swap_distribute_parallel_for_1100_1700_2000,1100,2000,0,4000,34012000,10206001,2000,42160000,17600000,10204000,3400000,6804000,3400000,0,0,0,3404000,5382617,5.3826
swap_distribute_parallel_for_1100_1750_1050,1100,1050,0,2100,18381300,5515651,1050,30100000,9240000,5514600,1837500,3677100,1837500,0,0,0,1839600,5543843,5.5438
swap_distribute_parallel_for_1100_1750_1100,1100,1100,0,2200,19256600,5778301,1100,30800000,9680000,5777200,1925000,3852200,1925000,0,0,0,1927200,5464067,5.4641
swap_distribute_parallel_for_1100_1750_1150,1100,1150,0,2300,20131900,6040951,1150,31500000,10120000,6039800,2012500,4027300,2012500,0,0,0,2014800,5469604,5.4696
swap_distribute_parallel_for_1100_1750_1200,1100,1200,0,2400,21007200,6303601,1200,32200000,10560000,6302400,2100000,4202400,2100000,0,0,0,2102400,5447164,5.4472
swap_distribute_parallel_for_1100_1750_1250,1100,1250,0,2500,21882500,6566251,1250,32900000,11000000,6565000,2187500,4377500,2187500,0,0,0,2190000,5456906,5.4569
swap_distribute_parallel_for_1100_1750_1300,1100,1300,0,2600,22757800,6828901,1300,33600000,11440000,6827600,2275000,4552600,2275000,0,0,0,2277600,5567476,5.5675
swap_distribute_parallel_for_1100_1750_1350,1100,1350,0,2700,23633100,7091551,1350,34300000,11880000,7090200,2362500,4727700,2362500,0,0,0,2365200,5462082,5.4621
swap_distribute_parallel_for_1100_1750_1400,1100,1400,0,2800,24508400,7354201,1400,35000000,12320000,7352800,2450000,4902800,2450000,0,0,0,2452800,5463863,5.4639
swap_distribute_parallel_for_1100_1750_1450,1100,1450,0,2900,25383700,7616851,1450,35700000,12760000,7615400,2537500,5077900,2537500,0,0,0,2540400,5463332,5.4633
swap_distribute_parallel_for_1100_1750_1500,1100,1500,0,3000,26259000,7879501,1500,36400000,13200000,7878000,2625000,5253000,2625000,0,0,0,2628000,5463951,5.4640
swap_distribute_parallel_for_1100_1750_1550,1100,1550,0,3100,27134300,8142151,1550,37100000,13640000,8140600,2712500,5428100,2712500,0,0,0,2715600,5537876,5.5379
swap_distribute_parallel_for_1100_1750_1600,1100,1600,0,3200,28009600,8404801,1600,37800000,14080000,8403200,2800000,5603200,2800000,0,0,0,2803200,5463585,5.4636
swap_distribute_parallel_for_1100_1750_1650,1100,1650,0,3300,28884900,8667451,1650,38500000,14520000,8665800,2887500,5778300,2887500,0,0,0,2890800,5461615,5.4616
swap_distribute_parallel_for_1100_1750_1700,1100,1700,0,3400,29760200,8930101,1700,39200000,14960000,8928400,2975000,5953400,2975000,0,0,0,2978400,5552814,5.5528
swap_distribute_parallel_for_1100_1750_1750,1100,1750,0,3500,30635500,9192751,1750,39900000,15400000,9191000,3062500,6128500,3062500,0,0,0,3066000,5553501,5.5535
swap_distribute_parallel_for_1100_1750_1800,1100,1800,0,3600,31510800,9455401,1800,40600000,15840000,9453600,3150000,6303600,3150000,0,0,0,3153600,5548200,5.5482
swap_distribute_parallel_for_1100_1750_1850,1100,1850,0,3700,32386100,9718051,1850,41300000,16280000,9716200,3237500,6478700,3237500,0,0,0,3241200,5548628,5.5486
swap_distribute_parallel_for_1100_1750_1900,1100,1900,0,3800,33261400,9980701,1900,42000000,16720000,9978800,3325000,6653800,3325000,0,0,0,3328800,5558879,5.5589
swap_distribute_parallel_for_1100_1750_1950,1100,1950,0,3900,34136700,10243351,1950,42700000,17160000,10241400,3412500,6828900,3412500,0,0,0,3416400,5544732,5.5447
swap_distribute_parallel_for_1100_1750_2000,1100,2000,0,4000,35012000,10506001,2000,43400000,17600000,10504000,3500000,7004000,3500000,0,0,0,3504000,5545936,5.5459
swap_distribute_parallel_for_1100_1800_1050,1100,1050,0,2100,18906300,5673151,1050,30960000,9240000,5672100,1890000,3782100,1890000,0,0,0,1892100,5706134,5.7061
swap_distribute_parallel_for_1100_1800_1100,1100,1100,0,2200,19806600,5943301,1100,31680000,9680000,5942200,1980000,3962200,1980000,0,0,0,1982200,5602831,5.6028
swap_distribute_parallel_for_1100_1800_1150,1100,1150,0,2300,20706900,6213451,1150,32400000,10120000,6212300,2070000,4142300,2070000,0,0,0,2072300,5601451,5.6015
swap_distribute_parallel_for_1100_1800_1200,1100,1200,0,2400,21607200,6483601,1200,33120000,10560000,6482400,2160000,4322400,2160000,0,0,0,2162400,5597418,5.5974
swap_distribute_parallel_for_1100_1800_1250,1100,1250,0,2500,22507500,6753751,1250,33840000,11000000,6752500,2250000,4502500,2250000,0,0,0,2252500,5614330,5.6143
swap_distribute_parallel_for_1100_1800_1300,1100,1300,0,2600,23407800,7023901,1300,34560000,11440000,7022600,2340000,4682600,2340000,0,0,0,2342600,5728536,5.7285
swap_distribute_parallel_for_1100_1800_1350,1100,1350,0,2700,24308100,7294051,1350,35280000,11880000,7292700,2430000,4862700,2430000,0,0,0,2432700,5609951,5.6100
swap_distribute_parallel_for_1100_1800_1400,1100,1400,0,2800,25208400,7564201,1400,36000000,12320000,7562800,2520000,5042800,2520000,0,0,0,2522800,5612897,5.6129
swap_distribute_parallel_for_1100_1800_1450,1100,1450,0,2900,26108700,7834351,1450,36720000,12760000,7832900,2610000,5222900,2610000,0,0,0,2612900,5619322,5.6193
swap_distribute_parallel_for_1100_1800_1500,1100,1500,0,3000,27009000,8104501,1500,37440000,13200000,8103000,2700000,5403000,2700000,0,0,0,2703000,5625882,5.6259
swap_distribute_parallel_for_1100_1800_1550,1100,1550,0,3100,27909300,8374651,1550,38160000,13640000,8373100,2790000,5583100,2790000,0,0,0,2793100,5693799,5.6938
swap_distribute_parallel_for_1100_1800_1600,1100,1600,0,3200,28809600,8644801,1600,38880000,14080000,8643200,2880000,5763200,2880000,0,0,0,2883200,5652825,5.6528
swap_distribute_parallel_for_1100_1800_1650,1100,1650,0,3300,29709900,8914951,1650,39600000,14520000,8913300,2970000,5943300,2970000,0,0,0,2973300,5631889,5.6319
swap_distribute_parallel_for_1100_1800_1700,1100,1700,0,3400,30610200,9185101,1700,40320000,14960000,9183400,3060000,6123400,3060000,0,0,0,3063400,5739028,5.7390
swap_distribute_parallel_for_1100_1800_1750,1100,1750,0,3500,31510500,9455251,1750,41040000,15400000,9453500,3150000,6303500,3150000,0,0,0,3153500,5700084,5.7001
swap_distribute_parallel_for_1100_1800_1800,1100,1800,0,3600,32410800,9725401,1800,41760000,15840000,9723600,3240000,6483600,3240000,0,0,0,3243600,5703265,5.7033
swap_distribute_parallel_for_1100_1800_1850,1100,1850,0,3700,33311100,9995551,1850,42480000,16280000,9993700,3330000,6663700,3330000,0,0,0,3333700,5709735,5.7097
swap_distribute_parallel_for_1100_1800_1900,1100,1900,0,3800,34211400,10265701,1900,43200000,16720000,10263800,3420000,6843800,3420000,0,0,0,3423800,5716714,5.7167
swap_distribute_parallel_for_1100_1800_1950,1100,1950,0,3900,35111700,10535851,1950,43920000,17160000,10533900,3510000,7023900,3510000,0,0,0,3513900,5721841,5.7218
swap_distribute_parallel_for_1100_1800_2000,1100,2000,0,4000,36012000,10806001,2000,44640000,17600000,10804000,3600000,7204000,3600000,0,0,0,3604000,5697378,5.6974
swap_distribute_parallel_for_1100_1850_1050,1100,1050,0,2100,19431300,5830651,1050,31820000,9240000,5829600,1942500,3887100,1942500,0,0,0,1944600,5815195,5.8152
swap_distribute_parallel_for_1100_1850_1100,1100,1100,0,2200,20356600,6108301,1100,32560000,9680000,6107200,2035000,4072200,2035000,0,0,0,2037200,5761788,5.7618
swap_distribute_parallel_for_1100_1850_1150,1100,1150,0,2300,21281900,6385951,1150,33300000,10120000,6384800,2127500,4257300,2127500,0,0,0,2129800,5761746,5.7617
swap_distribute_parallel_for_1100_1850_1200,1100,1200,0,2400,22207200,6663601,1200,34040000,10560000,6662400,2220000,4442400,2220000,0,0,0,2222400,5756839,5.7568
swap_distribute_parallel_for_1100_1850_1250,1100,1250,0,2500,23132500,6941251,1250,34780000,11000000,6940000,2312500,4627500,2312500,0,0,0,2315000,5792852,5.7929
swap_distribute_parallel_for_1100_1850_1300,1100,1300,0,2600,24057800,7218901,1300,35520000,11440000,7217600,2405000,4812600,2405000,0,0,0,2407600,5885283,5.8853
swap_distribute_parallel_for_1100_1850_1350,1100,1350,0,2700,24983100,7496551,1350,36260000,11880000,7495200,2497500,4997700,2497500,0,0,0,2500200,5781177,5.7812
swap_distribute_parallel_for_1100_1850_1400,1100,1400,0,2800,25908400,7774201,1400,37000000,12320000,7772800,2590000,5182800,2590000,0,0,0,2592800,5762805,5.7628
swap_distribute_parallel_for_1100_1850_1450,1100,1450,0,2900,26833700,8051851,1450,37740000,12760000,8050400,2682500,5367900,2682500,0,0,0,2685400,5763732,5.7637
swap_distribute_parallel_for_1100_1850_1500,1100,1500,0,3000,27759000,8329501,1500,38480000,13200000,8328000,2775000,5553000,2775000,0,0,0,2778000,5771889,5.7719
swap_distribute_parallel_for_1100_1850_1550,1100,1550,0,3100,28684300,8607151,1550,39220000,13640000,8605600,2867500,5738100,2867500,0,0,0,2870600,5857366,5.8574
swap_distribute_parallel_for_1100_1850_1600,1100,1600,0,3200,29609600,8884801,1600,39960000,14080000,8883200,2960000,5923200,2960000,0,0,0,2963200,5775531,5.7755
swap_distribute_parallel_for_1100_1850_1650,1100,1650,0,3300,30534900,9162451,1650,40700000,14520000,9160800,3052500,6108300,3052500,0,0,0,3055800,5777880,5.7779
swap_distribute_parallel_for_1100_1850_1700,1100,1700,0,3400,31460200,9440101,1700,41440000,14960000,9438400,3145000,6293400,3145000,0,0,0,3148400,5870552,5.8706
swap_distribute_parallel_for_1100_1850_1750,1100,1750,0,3500,32385500,9717751,1750,42180000,15400000,9716000,3237500,6478500,3237500,0,0,0,3241000,5859795,5.8598
swap_distribute_parallel_for_1100_1850_1800,1100,1800,0,3600,33310800,9995401,1800,42920000,15840000,9993600,3330000,6663600,3330000,0,0,0,3333600,5904910,5.9049
swap_distribute_parallel_for_1100_1850_1850,1100,1850,0,3700,34236100,10273051,1850,43660000,16280000,10271200,3422500,6848700,3422500,0,0,0,3426200,5929929,5.9299
swap_distribute_parallel_for_1100_1850_1900,1100,1900,0,3800,35161400,10550701,1900,44400000,16720000,10548800,3515000,7033800,3515000,0,0,0,3518800,5896427,5.8964
swap_distribute_parallel_for_1100_1850_1950,1100,1950,0,3900,36086700,10828351,1950,45140000,17160000,10826400,3607500,7218900,3607500,0,0,0,3611400,5911475,5.9115
swap_distribute_parallel_for_1100_1850_2000,1100,2000,0,4000,37012000,11106001,2000,45880000,17600000,11104000,3700000,7404000,3700000,0,0,0,3704000,5859473,5.8595
swap_distribute_parallel_for_1100_1900_1050,1100,1050,0,2100,19956300,5988151,1050,32680000,9240000,5987100,1995000,3992100,1995000,0,0,0,1997100,6037328,6.0373
swap_distribute_parallel_for_1100_1900_1100,1100,1100,0,2200,20906600,6273301,1100,33440000,9680000,6272200,2090000,4182200,2090000,0,0,0,2092200,5916431,5.9164
swap_distribute_parallel_for_1100_1900_1150,1100,1150,0,2300,21856900,6558451,1150,34200000,10120000,6557300,2185000,4372300,2185000,0,0,0,2187300,5915718,5.9157
swap_distribute_parallel_for_1100_1900_1200,1100,1200,0,2400,22807200,6843601,1200,34960000,10560000,6842400,2280000,4562400,2280000,0,0,0,2282400,5924778,5.9248
swap_distribute_parallel_for_1100_1900_1250,1100,1250,0,2500,23757500,7128751,1250,35720000,11000000,7127500,2375000,4752500,2375000,0,0,0,2377500,5923963,5.9240
swap_distribute_parallel_for_1100_1900_1300,1100,1300,0,2600,24707800,7413901,1300,36480000,11440000,7412600,2470000,4942600,2470000,0,0,0,2472600,6040658,6.0407
swap_distribute_parallel_for_1100_1900_1350,1100,1350,0,2700,25658100,7699051,1350,37240000,11880000,7697700,2565000,5132700,2565000,0,0,0,2567700,5922563,5.9226
swap_distribute_parallel_for_1100_1900_1400,1100,1400,0,2800,26608400,7984201,1400,38000000,12320000,7982800,2660000,5322800,2660000,0,0,0,2662800,5947580,5.9476
swap_distribute_parallel_for_1100_1900_1450,1100,1450,0,2900,27558700,8269351,1450,38760000,12760000,8267900,2755000,5512900,2755000,0,0,0,2757900,5921553,5.9216
swap_distribute_parallel_for_1100_1900_1500,1100,1500,0,3000,28509000,8554501,1500,39520000,13200000,8553000,2850000,5703000,2850000,0,0,0,2853000,5930874,5.9309
swap_distribute_parallel_for_1100_1900_1550,1100,1550,0,3100,29459300,8839651,1550,40280000,13640000,8838100,2945000,5893100,2945000,0,0,0,2948100,6008085,6.0081
swap_distribute_parallel_for_1100_1900_1600,1100,1600,0,3200,30409600,9124801,1600,41040000,14080000,9123200,3040000,6083200,3040000,0,0,0,3043200,5935874,5.9359
swap_distribute_parallel_for_1100_1900_1650,1100,1650,0,3300,31359900,9409951,1650,41800000,14520000,9408300,3135000,6273300,3135000,0,0,0,3138300,5930769,5.9308
swap_distribute_parallel_for_1100_1900_1700,1100,1700,0,3400,32310200,9695101,1700,42560000,14960000,9693400,3230000,6463400,3230000,0,0,0,3233400,6022984,6.0230
swap_distribute_parallel_for_1100_1900_1750,1100,1750,0,3500,33260500,9980251,1750,43320000,15400000,9978500,3325000,6653500,3325000,0,0,0,3328500,6013935,6.0139
swap_distribute_parallel_for_1100_1900_1800,1100,1800,0,3600,34210800,10265401,1800,44080000,15840000,10263600,3420000,6843600,3420000,0,0,0,3423600,6020778,6.0208
swap_distribute_parallel_for_1100_1900_1850,1100,1850,0,3700,35161100,10550551,1850,44840000,16280000,10548700,3515000,7033700,3515000,0,0,0,3518700,6025515,6.0255
swap_distribute_parallel_for_1100_1900_1900,1100,1900,0,3800,36111400,10835701,1900,45600000,16720000,10833800,3610000,7223800,3610000,0,0,0,3613800,6033710,6.0337
swap_distribute_parallel_for_1100_1900_1950,1100,1950,0,3900,37061700,11120851,1950,46360000,17160000,11118900,3705000,7413900,3705000,0,0,0,3708900,6019323,6.0193
swap_distribute_parallel_for_1100_1900_2000,1100,2000,0,4000,38012000,11406001,2000,47120000,17600000,11404000,3800000,7604000,3800000,0,0,0,3804000,6012235,6.0122
swap_distribute_parallel_for_1100_1950_1050,1100,1050,0,2100,20481300,6145651,1050,33540000,9240000,6144600,2047500,4097100,2047500,0,0,0,2049600,6175652,6.1757
swap_distribute_parallel_for_1100_1950_1100,1100,1100,0,2200,21456600,6438301,1100,34320000,9680000,6437200,2145000,4292200,2145000,0,0,0,2147200,6070339,6.0703
swap_distribute_parallel_for_1100_1950_1150,1100,1150,0,2300,22431900,6730951,1150,35100000,10120000,6729800,2242500,4487300,2242500,0,0,0,2244800,6078275,6.0783
swap_distribute_parallel_for_1100_1950_1200,1100,1200,0,2400,23407200,7023601,1200,35880000,10560000,7022400,2340000,4682400,2340000,0,0,0,2342400,6101193,6.1012
swap_distribute_parallel_for_1100_1950_1250,1100,1250,0,2500,24382500,7316251,1250,36660000,11000000,7315000,2437500,4877500,2437500,0,0,0,2440000,6087046,6.0870
swap_distribute_parallel_for_1100_1950_1300,1100,1300,0,2600,25357800,7608901,1300,37440000,11440000,7607600,2535000,5072600,2535000,0,0,0,2537600,6219868,6.2199
swap_distribute_parallel_for_1100_1950_1350,1100,1350,0,2700,26333100,7901551,1350,38220000,11880000,7900200,2632500,5267700,2632500,0,0,0,2635200,6072795,6.0728
swap_distribute_parallel_for_1100_1950_1400,1100,1400,0,2800,27308400,8194201,1400,39000000,12320000,8192800,2730000,5462800,2730000,0,0,0,2732800,6073618,6.0736
swap_distribute_parallel_for_1100_1950_1450,1100,1450,0,2900,28283700,8486851,1450,39780000,12760000,8485400,2827500,5657900,2827500,0,0,0,2830400,6082232,6.0822
swap_distribute_parallel_for_1100_1950_1500,1100,1500,0,3000,29259000,8779501,1500,40560000,13200000,8778000,2925000,5853000,2925000,0,0,0,2928000,6088619,6.0886
swap_distribute_parallel_for_1100_1950_1550,1100,1550,0,3100,30234300,9072151,1550,41340000,13640000,9070600,3022500,6048100,3022500,0,0,0,3025600,6162503,6.1625
swap_distribute_parallel_for_1100_1950_1600,1100,1600,0,3200,31209600,9364801,1600,42120000,14080000,9363200,3120000,6243200,3120000,0,0,0,3123200,6089538,6.0895
swap_distribute_parallel_for_1100_1950_1650,1100,1650,0,3300,32184900,9657451,1650,42900000,14520000,9655800,3217500,6438300,3217500,0,0,0,3220800,6107734,6.1077
swap_distribute_parallel_for_1100_1950_1700,1100,1700,0,3400,33160200,9950101,1700,43680000,14960000,9948400,3315000,6633400,3315000,0,0,0,3318400,6189977,6.1900
swap_distribute_parallel_for_1100_1950_1750,1100,1750,0,3500,34135500,10242751,1750,44460000,15400000,10241000,3412500,6828500,3412500,0,0,0,3416000,6178149,6.1781
swap_distribute_parallel_for_1100_1950_1800,1100,1800,0,3600,35110800,10535401,1800,45240000,15840000,10533600,3510000,7023600,3510000,0,0,0,3513600,6180762,6.1808
swap_distribute_parallel_for_1100_1950_1850,1100,1850,0,3700,36086100,10828051,1850,46020000,16280000,10826200,3607500,7218700,3607500,0,0,0,3611200,6185022,6.1850
swap_distribute_parallel_for_1100_1950_1900,1100,1900,0,3800,37061400,11120701,1900,46800000,16720000,11118800,3705000,7413800,3705000,0,0,0,3708800,6190060,6.1901
swap_distribute_parallel_for_1100_1950_1950,1100,1950,0,3900,38036700,11413351,1950,47580000,17160000,11411400,3802500,7608900,3802500,0,0,0,3806400,6180857,6.1809
swap_distribute_parallel_for_1100_1950_2000,1100,2000,0,4000,39012000,11706001,2000,48360000,17600000,11704000,3900000,7804000,3900000,0,0,0,3904000,6168379,6.1684
swap_distribute_parallel_for_1100_2000_1050,1100,1050,0,2100,21006300,6303151,1050,34400000,9240000,6302100,2100000,4202100,2100000,0,0,0,2102100,6362516,6.3625
swap_distribute_parallel_for_1100_2000_1100,1100,1100,0,2200,22006600,6603301,1100,35200000,9680000,6602200,2200000,4402200,2200000,0,0,0,2202200,6229803,6.2298
swap_distribute_parallel_for_1100_2000_1150,1100,1150,0,2300,23006900,6903451,1150,36000000,10120000,6902300,2300000,4602300,2300000,0,0,0,2302300,6227181,6.2272
swap_distribute_parallel_for_1100_2000_1200,1100,1200,0,2400,24007200,7203601,1200,36800000,10560000,7202400,2400000,4802400,2400000,0,0,0,2402400,6225133,6.2251
swap_distribute_parallel_for_1100_2000_1250,1100,1250,0,2500,25007500,7503751,1250,37600000,11000000,7502500,2500000,5002500,2500000,0,0,0,2502500,6231618,6.2316
swap_distribute_parallel_for_1100_2000_1300,1100,1300,0,2600,26007800,7803901,1300,38400000,11440000,7802600,2600000,5202600,2600000,0,0,0,2602600,6361626,6.3616
swap_distribute_parallel_for_1100_2000_1350,1100,1350,0,2700,27008100,8104051,1350,39200000,11880000,8102700,2700000,5402700,2700000,0,0,0,2702700,6234408,6.2344
swap_distribute_parallel_for_1100_2000_1400,1100,1400,0,2800,28008400,8404201,1400,40000000,12320000,8402800,2800000,5602800,2800000,0,0,0,2802800,6237158,6.2372
swap_distribute_parallel_for_1100_2000_1450,1100,1450,0,2900,29008700,8704351,1450,40800000,12760000,8702900,2900000,5802900,2900000,0,0,0,2902900,6249573,6.2496
swap_distribute_parallel_for_1100_2000_1500,1100,1500,0,3000,30009000,9004501,1500,41600000,13200000,9003000,3000000,6003000,3000000,0,0,0,3003000,6256402,6.2564
swap_distribute_parallel_for_1100_2000_1550,1100,1550,0,3100,31009300,9304651,1550,42400000,13640000,9303100,3100000,6203100,3100000,0,0,0,3103100,6345930,6.3459
swap_distribute_parallel_for_1100_2000_1600,1100,1600,0,3200,32009600,9604801,1600,43200000,14080000,9603200,3200000,6403200,3200000,0,0,0,3203200,6253232,6.2532
swap_distribute_parallel_for_1100_2000_1650,1100,1650,0,3300,33009900,9904951,1650,44000000,14520000,9903300,3300000,6603300,3300000,0,0,0,3303300,6335895,6.3359
swap_distribute_parallel_for_1100_2000_1700,1100,1700,0,3400,34010200,10205101,1700,44800000,14960000,10203400,3400000,6803400,3400000,0,0,0,3403400,6361085,6.3611
swap_distribute_parallel_for_1100_2000_1750,1100,1750,0,3500,35010500,10505251,1750,45600000,15400000,10503500,3500000,7003500,3500000,0,0,0,3503500,6343238,6.3432
swap_distribute_parallel_for_1100_2000_1800,1100,1800,0,3600,36010800,10805401,1800,46400000,15840000,10803600,3600000,7203600,3600000,0,0,0,3603600,6360069,6.3601
swap_distribute_parallel_for_1100_2000_1850,1100,1850,0,3700,37011100,11105551,1850,47200000,16280000,11103700,3700000,7403700,3700000,0,0,0,3703700,6369666,6.3697
swap_distribute_parallel_for_1100_2000_1900,1100,1900,0,3800,38011400,11405701,1900,48000000,16720000,11403800,3800000,7603800,3800000,0,0,0,3803800,6355344,6.3553
swap_distribute_parallel_for_1100_2000_1950,1100,1950,0,3900,39011700,11705851,1950,48800000,17160000,11703900,3900000,7803900,3900000,0,0,0,3903900,6336570,6.3366
swap_distribute_parallel_for_1100_2000_2000,1100,2000,0,4000,40012000,12006001,2000,49600000,17600000,12004000,4000000,8004000,4000000,0,0,0,4004000,6326434,6.3264
swap_distribute_parallel_for_1150_1050_1050,1150,1050,0,2100,11031300,3310651,1050,18480000,9660000,3309600,1102500,2207100,1102500,0,0,0,1104600,3479372,3.4794
swap_distribute_parallel_for_1150_1050_1100,1150,1100,0,2200,11556600,3468301,1100,18900000,10120000,3467200,1155000,2312200,1155000,0,0,0,1157200,3420313,3.4203
swap_distribute_parallel_for_1150_1050_1150,1150,1150,0,2300,12081900,3625951,1150,19320000,10580000,3624800,1207500,2417300,1207500,0,0,0,1209800,3424138,3.4241
swap_distribute_parallel_for_1150_1050_1200,1150,1200,0,2400,12607200,3783601,1200,19740000,11040000,3782400,1260000,2522400,1260000,0,0,0,1262400,3417698,3.4177
swap_distribute_parallel_for_1150_1050_1250,1150,1250,0,2500,13132500,3941251,1250,20160000,11500000,3940000,1312500,2627500,1312500,0,0,0,1315000,3425314,3.4253
swap_distribute_parallel_for_1150_1050_1300,1150,1300,0,2600,13657800,4098901,1300,20580000,11960000,4097600,1365000,2732600,1365000,0,0,0,1367600,3475662,3.4757
swap_distribute_parallel_for_1150_1050_1350,1150,1350,0,2700,14183100,4256551,1350,21000000,12420000,4255200,1417500,2837700,1417500,0,0,0,1420200,3426600,3.4266
swap_distribute_parallel_for_1150_1050_1400,1150,1400,0,2800,14708400,4414201,1400,21420000,12880000,4412800,1470000,2942800,1470000,0,0,0,1472800,3425980,3.4260
swap_distribute_parallel_for_1150_1050_1450,1150,1450,0,2900,15233700,4571851,1450,21840000,13340000,4570400,1522500,3047900,1522500,0,0,0,1525400,3429216,3.4292
swap_distribute_parallel_for_1150_1050_1500,1150,1500,0,3000,15759000,4729501,1500,22260000,13800000,4728000,1575000,3153000,1575000,0,0,0,1578000,3443157,3.4432
swap_distribute_parallel_for_1150_1050_1550,1150,1550,0,3100,16284300,4887151,1550,22680000,14260000,4885600,1627500,3258100,1627500,0,0,0,1630600,3462876,3.4629
swap_distribute_parallel_for_1150_1050_1600,1150,1600,0,3200,16809600,5044801,1600,23100000,14720000,5043200,1680000,3363200,1680000,0,0,0,1683200,3435634,3.4356
swap_distribute_parallel_for_1150_1050_1650,1150,1650,0,3300,17334900,5202451,1650,23520000,15180000,5200800,1732500,3468300,1732500,0,0,0,1735800,3436036,3.4360
swap_distribute_parallel_for_1150_1050_1700,1150,1700,0,3400,17860200,5360101,1700,23940000,15640000,5358400,1785000,3573400,1785000,0,0,0,1788400,3483730,3.4837
swap_distribute_parallel_for_1150_1050_1750,1150,1750,0,3500,18385500,5517751,1750,24360000,16100000,5516000,1837500,3678500,1837500,0,0,0,1841000,3479175,3.4792
swap_distribute_parallel_for_1150_1050_1800,1150,1800,0,3600,18910800,5675401,1800,24780000,16560000,5673600,1890000,3783600,1890000,0,0,0,1893600,3481690,3.4817
swap_distribute_parallel_for_1150_1050_1850,1150,1850,0,3700,19436100,5833051,1850,25200000,17020000,5831200,1942500,3888700,1942500,0,0,0,1946200,3506057,3.5061
swap_distribute_parallel_for_1150_1050_1900,1150,1900,0,3800,19961400,5990701,1900,25620000,17480000,5988800,1995000,3993800,1995000,0,0,0,1998800,3490566,3.4906
swap_distribute_parallel_for_1150_1050_1950,1150,1950,0,3900,20486700,6148351,1950,26040000,17940000,6146400,2047500,4098900,2047500,0,0,0,2051400,3480686,3.4807
swap_distribute_parallel_for_1150_1050_2000,1150,2000,0,4000,21012000,6306001,2000,26460000,18400000,6304000,2100000,4204000,2100000,0,0,0,2104000,3477786,3.4778
swap_distribute_parallel_for_1150_1100_1050,1150,1050,0,2100,11556300,3468151,1050,19360000,9660000,3467100,1155000,2312100,1155000,0,0,0,1157100,3643741,3.6437
swap_distribute_parallel_for_1150_1100_1100,1150,1100,0,2200,12106600,3633301,1100,19800000,10120000,3632200,1210000,2422200,1210000,0,0,0,1212200,3584586,3.5846
swap_distribute_parallel_for_1150_1100_1150,1150,1150,0,2300,12656900,3798451,1150,20240000,10580000,3797300,1265000,2532300,1265000,0,0,0,1267300,3588825,3.5888
swap_distribute_parallel_for_1150_1100_1200,1150,1200,0,2400,13207200,3963601,1200,20680000,11040000,3962400,1320000,2642400,1320000,0,0,0,1322400,3583044,3.5830
swap_distribute_parallel_for_1150_1100_1250,1150,1250,0,2500,13757500,4128751,1250,21120000,11500000,4127500,1375000,2752500,1375000,0,0,0,1377500,3589631,3.5896
swap_distribute_parallel_for_1150_1100_1300,1150,1300,0,2600,14307800,4293901,1300,21560000,11960000,4292600,1430000,2862600,1430000,0,0,0,1432600,3681647,3.6816
swap_distribute_parallel_for_1150_1100_1350,1150,1350,0,2700,14858100,4459051,1350,22000000,12420000,4457700,1485000,2972700,1485000,0,0,0,1487700,3591043,3.5910
swap_distribute_parallel_for_1150_1100_1400,1150,1400,0,2800,15408400,4624201,1400,22440000,12880000,4622800,1540000,3082800,1540000,0,0,0,1542800,3592915,3.5929
swap_distribute_parallel_for_1150_1100_1450,1150,1450,0,2900,15958700,4789351,1450,22880000,13340000,4787900,1595000,3192900,1595000,0,0,0,1597900,3596462,3.5965
swap_distribute_parallel_for_1150_1100_1500,1150,1500,0,3000,16509000,4954501,1500,23320000,13800000,4953000,1650000,3303000,1650000,0,0,0,1653000,3599396,3.5994
swap_distribute_parallel_for_1150_1100_1550,1150,1550,0,3100,17059300,5119651,1550,23760000,14260000,5118100,1705000,3413100,1705000,0,0,0,1708100,3642777,3.6428
swap_distribute_parallel_for_1150_1100_1600,1150,1600,0,3200,17609600,5284801,1600,24200000,14720000,5283200,1760000,3523200,1760000,0,0,0,1763200,3594960,3.5950
swap_distribute_parallel_for_1150_1100_1650,1150,1650,0,3300,18159900,5449951,1650,24640000,15180000,5448300,1815000,3633300,1815000,0,0,0,1818300,3597448,3.5974
swap_distribute_parallel_for_1150_1100_1700,1150,1700,0,3400,18710200,5615101,1700,25080000,15640000,5613400,1870000,3743400,1870000,0,0,0,1873400,3650853,3.6509
swap_distribute_parallel_for_1150_1100_1750,1150,1750,0,3500,19260500,5780251,1750,25520000,16100000,5778500,1925000,3853500,1925000,0,0,0,1928500,3654226,3.6542
swap_distribute_parallel_for_1150_1100_1800,1150,1800,0,3600,19810800,5945401,1800,25960000,16560000,5943600,1980000,3963600,1980000,0,0,0,1983600,3657663,3.6577
swap_distribute_parallel_for_1150_1100_1850,1150,1850,0,3700,20361100,6110551,1850,26400000,17020000,6108700,2035000,4073700,2035000,0,0,0,2038700,3666744,3.6667
swap_distribute_parallel_for_1150_1100_1900,1150,1900,0,3800,20911400,6275701,1900,26840000,17480000,6273800,2090000,4183800,2090000,0,0,0,2093800,3679689,3.6797
swap_distribute_parallel_for_1150_1100_1950,1150,1950,0,3900,21461700,6440851,1950,27280000,17940000,6438900,2145000,4293900,2145000,0,0,0,2148900,3649237,3.6492
swap_distribute_parallel_for_1150_1100_2000,1150,2000,0,4000,22012000,6606001,2000,27720000,18400000,6604000,2200000,4404000,2200000,0,0,0,2204000,3640781,3.6408
swap_distribute_parallel_for_1150_1150_1050,1150,1050,0,2100,12081300,3625651,1050,20240000,9660000,3624600,1207500,2417100,1207500,0,0,0,1209600,3810773,3.8108
swap_distribute_parallel_for_1150_1150_1100,1150,1100,0,2200,12656600,3798301,1100,20700000,10120000,3797200,1265000,2532200,1265000,0,0,0,1267200,3748927,3.7489
swap_distribute_parallel_for_1150_1150_1150,1150,1150,0,2300,13231900,3970951,1150,21160000,10580000,3969800,1322500,2647300,1322500,0,0,0,1324800,3747877,3.7479
swap_distribute_parallel_for_1150_1150_1200,1150,1200,0,2400,13807200,4143601,1200,21620000,11040000,4142400,1380000,2762400,1380000,0,0,0,1382400,3742453,3.7425
swap_distribute_parallel_for_1150_1150_1250,1150,1250,0,2500,14382500,4316251,1250,22080000,11500000,4315000,1437500,2877500,1437500,0,0,0,1440000,3751556,3.7516
swap_distribute_parallel_for_1150_1150_1300,1150,1300,0,2600,14957800,4488901,1300,22540000,11960000,4487600,1495000,2992600,1495000,0,0,0,1497600,3799156,3.7992
swap_distribute_parallel_for_1150_1150_1350,1150,1350,0,2700,15533100,4661551,1350,23000000,12420000,4660200,1552500,3107700,1552500,0,0,0,1555200,3750485,3.7505
swap_distribute_parallel_for_1150_1150_1400,1150,1400,0,2800,16108400,4834201,1400,23460000,12880000,4832800,1610000,3222800,1610000,0,0,0,1612800,3754519,3.7545
swap_distribute_parallel_for_1150_1150_1450,1150,1450,0,2900,16683700,5006851,1450,23920000,13340000,5005400,1667500,3337900,1667500,0,0,0,1670400,3753162,3.7532
swap_distribute_parallel_for_1150_1150_1500,1150,1500,0,3000,17259000,5179501,1500,24380000,13800000,5178000,1725000,3453000,1725000,0,0,0,1728000,3758309,3.7583
swap_distribute_parallel_for_1150_1150_1550,1150,1550,0,3100,17834300,5352151,1550,24840000,14260000,5350600,1782500,3568100,1782500,0,0,0,1785600,3813630,3.8136
swap_distribute_parallel_for_1150_1150_1600,1150,1600,0,3200,18409600,5524801,1600,25300000,14720000,5523200,1840000,3683200,1840000,0,0,0,1843200,3765212,3.7652
swap_distribute_parallel_for_1150_1150_1650,1150,1650,0,3300,18984900,5697451,1650,25760000,15180000,5695800,1897500,3798300,1897500,0,0,0,1900800,3760462,3.7605
swap_distribute_parallel_for_1150_1150_1700,1150,1700,0,3400,19560200,5870101,1700,26220000,15640000,5868400,1955000,3913400,1955000,0,0,0,1958400,3811755,3.8118
swap_distribute_parallel_for_1150_1150_1750,1150,1750,0,3500,20135500,6042751,1750,26680000,16100000,6041000,2012500,4028500,2012500,0,0,0,2016000,3810987,3.8110
swap_distribute_parallel_for_1150_1150_1800,1150,1800,0,3600,20710800,6215401,1800,27140000,16560000,6213600,2070000,4143600,2070000,0,0,0,2073600,3812504,3.8125
swap_distribute_parallel_for_1150_1150_1850,1150,1850,0,3700,21286100,6388051,1850,27600000,17020000,6386200,2127500,4258700,2127500,0,0,0,2131200,3813211,3.8132
swap_distribute_parallel_for_1150_1150_1900,1150,1900,0,3800,21861400,6560701,1900,28060000,17480000,6558800,2185000,4373800,2185000,0,0,0,2188800,3823555,3.8236
swap_distribute_parallel_for_1150_1150_1950,1150,1950,0,3900,22436700,6733351,1950,28520000,17940000,6731400,2242500,4488900,2242500,0,0,0,2246400,3815236,3.8152
swap_distribute_parallel_for_1150_1150_2000,1150,2000,0,4000,23012000,6906001,2000,28980000,18400000,6904000,2300000,4604000,2300000,0,0,0,2304000,3807951,3.8080
swap_distribute_parallel_for_1150_1200_1050,1150,1050,0,2100,12606300,3783151,1050,21120000,9660000,3782100,1260000,2522100,1260000,0,0,0,1262100,3977543,3.9775
swap_distribute_parallel_for_1150_1200_1100,1150,1100,0,2200,13206600,3963301,1100,21600000,10120000,3962200,1320000,2642200,1320000,0,0,0,1322200,3907036,3.9070
swap_distribute_parallel_for_1150_1200_1150,1150,1150,0,2300,13806900,4143451,1150,22080000,10580000,4142300,1380000,2762300,1380000,0,0,0,1382300,3911114,3.9111
swap_distribute_parallel_for_1150_1200_1200,1150,1200,0,2400,14407200,4323601,1200,22560000,11040000,4322400,1440000,2882400,1440000,0,0,0,1442400,3903870,3.9039
swap_distribute_parallel_for_1150_1200_1250,1150,1250,0,2500,15007500,4503751,1250,23040000,11500000,4502500,1500000,3002500,1500000,0,0,0,1502500,3914366,3.9144
swap_distribute_parallel_for_1150_1200_1300,1150,1300,0,2600,15607800,4683901,1300,23520000,11960000,4682600,1560000,3122600,1560000,0,0,0,1562600,3974128,3.9741
swap_distribute_parallel_for_1150_1200_1350,1150,1350,0,2700,16208100,4864051,1350,24000000,12420000,4862700,1620000,3242700,1620000,0,0,0,1622700,3935967,3.9360
swap_distribute_parallel_for_1150_1200_1400,1150,1400,0,2800,16808400,5044201,1400,24480000,12880000,5042800,1680000,3362800,1680000,0,0,0,1682800,3933216,3.9332
swap_distribute_parallel_for_1150_1200_1450,1150,1450,0,2900,17408700,5224351,1450,24960000,13340000,5222900,1740000,3482900,1740000,0,0,0,1742900,3945915,3.9459
swap_distribute_parallel_for_1150_1200_1500,1150,1500,0,3000,18009000,5404501,1500,25440000,13800000,5403000,1800000,3603000,1800000,0,0,0,1803000,3922104,3.9221
swap_distribute_parallel_for_1150_1200_1550,1150,1550,0,3100,18609300,5584651,1550,25920000,14260000,5583100,1860000,3723100,1860000,0,0,0,1863100,3949602,3.9496
swap_distribute_parallel_for_1150_1200_1600,1150,1600,0,3200,19209600,5764801,1600,26400000,14720000,5763200,1920000,3843200,1920000,0,0,0,1923200,3925696,3.9257
swap_distribute_parallel_for_1150_1200_1650,1150,1650,0,3300,19809900,5944951,1650,26880000,15180000,5943300,1980000,3963300,1980000,0,0,0,1983300,3921658,3.9217
swap_distribute_parallel_for_1150_1200_1700,1150,1700,0,3400,20410200,6125101,1700,27360000,15640000,6123400,2040000,4083400,2040000,0,0,0,2043400,3981293,3.9813
swap_distribute_parallel_for_1150_1200_1750,1150,1750,0,3500,21010500,6305251,1750,27840000,16100000,6303500,2100000,4203500,2100000,0,0,0,2103500,4009015,4.0090
swap_distribute_parallel_for_1150_1200_1800,1150,1800,0,3600,21610800,6485401,1800,28320000,16560000,6483600,2160000,4323600,2160000,0,0,0,2163600,3981736,3.9817
swap_distribute_parallel_for_1150_1200_1850,1150,1850,0,3700,22211100,6665551,1850,28800000,17020000,6663700,2220000,4443700,2220000,0,0,0,2223700,3995046,3.9950
swap_distribute_parallel_for_1150_1200_1900,1150,1900,0,3800,22811400,6845701,1900,29280000,17480000,6843800,2280000,4563800,2280000,0,0,0,2283800,4006655,4.0067
swap_distribute_parallel_for_1150_1200_1950,1150,1950,0,3900,23411700,7025851,1950,29760000,17940000,7023900,2340000,4683900,2340000,0,0,0,2343900,3979705,3.9797
swap_distribute_parallel_for_1150_1200_2000,1150,2000,0,4000,24012000,7206001,2000,30240000,18400000,7204000,2400000,4804000,2400000,0,0,0,2404000,3988664,3.9887
swap_distribute_parallel_for_1150_1250_1050,1150,1050,0,2100,13131300,3940651,1050,22000000,9660000,3939600,1312500,2627100,1312500,0,0,0,1314600,4142441,4.1424
swap_distribute_parallel_for_1150_1250_1100,1150,1100,0,2200,13756600,4128301,1100,22500000,10120000,4127200,1375000,2752200,1375000,0,0,0,1377200,4076053,4.0761
swap_distribute_parallel_for_1150_1250_1150,1150,1150,0,2300,14381900,4315951,1150,23000000,10580000,4314800,1437500,2877300,1437500,0,0,0,1439800,4073339,4.0733
swap_distribute_parallel_for_1150_1250_1200,1150,1200,0,2400,15007200,4503601,1200,23500000,11040000,4502400,1500000,3002400,1500000,0,0,0,1502400,4078163,4.0782
swap_distribute_parallel_for_1150_1250_1250,1150,1250,0,2500,15632500,4691251,1250,24000000,11500000,4690000,1562500,3127500,1562500,0,0,0,1565000,4076607,4.0766
swap_distribute_parallel_for_1150_1250_1300,1150,1300,0,2600,16257800,4878901,1300,24500000,11960000,4877600,1625000,3252600,1625000,0,0,0,1627600,4187939,4.1879
swap_distribute_parallel_for_1150_1250_1350,1150,1350,0,2700,16883100,5066551,1350,25000000,12420000,5065200,1687500,3377700,1687500,0,0,0,1690200,4088811,4.0888
swap_distribute_parallel_for_1150_1250_1400,1150,1400,0,2800,17508400,5254201,1400,25500000,12880000,5252800,1750000,3502800,1750000,0,0,0,1752800,4090882,4.0909
swap_distribute_parallel_for_1150_1250_1450,1150,1450,0,2900,18133700,5441851,1450,26000000,13340000,5440400,1812500,3627900,1812500,0,0,0,1815400,4077673,4.0777
swap_distribute_parallel_for_1150_1250_1500,1150,1500,0,3000,18759000,5629501,1500,26500000,13800000,5628000,1875000,3753000,1875000,0,0,0,1878000,4084547,4.0845
swap_distribute_parallel_for_1150_1250_1550,1150,1550,0,3100,19384300,5817151,1550,27000000,14260000,5815600,1937500,3878100,1937500,0,0,0,1940600,4119411,4.1194
swap_distribute_parallel_for_1150_1250_1600,1150,1600,0,3200,20009600,6004801,1600,27500000,14720000,6003200,2000000,4003200,2000000,0,0,0,2003200,4082129,4.0821
swap_distribute_parallel_for_1150_1250_1650,1150,1650,0,3300,20634900,6192451,1650,28000000,15180000,6190800,2062500,4128300,2062500,0,0,0,2065800,4081671,4.0817
swap_distribute_parallel_for_1150_1250_1700,1150,1700,0,3400,21260200,6380101,1700,28500000,15640000,6378400,2125000,4253400,2125000,0,0,0,2128400,4150943,4.1509
swap_distribute_parallel_for_1150_1250_1750,1150,1750,0,3500,21885500,6567751,1750,29000000,16100000,6566000,2187500,4378500,2187500,0,0,0,2191000,4137646,4.1376
swap_distribute_parallel_for_1150_1250_1800,1150,1800,0,3600,22510800,6755401,1800,29500000,16560000,6753600,2250000,4503600,2250000,0,0,0,2253600,4148125,4.1481
swap_distribute_parallel_for_1150_1250_1850,1150,1850,0,3700,23136100,6943051,1850,30000000,17020000,6941200,2312500,4628700,2312500,0,0,0,2316200,4162375,4.1624
swap_distribute_parallel_for_1150_1250_1900,1150,1900,0,3800,23761400,7130701,1900,30500000,17480000,7128800,2375000,4753800,2375000,0,0,0,2378800,4184115,4.1841
swap_distribute_parallel_for_1150_1250_1950,1150,1950,0,3900,24386700,7318351,1950,31000000,17940000,7316400,2437500,4878900,2437500,0,0,0,2441400,4158758,4.1588
swap_distribute_parallel_for_1150_1250_2000,1150,2000,0,4000,25012000,7506001,2000,31500000,18400000,7504000,2500000,5004000,2500000,0,0,0,2504000,4137209,4.1372
swap_distribute_parallel_for_1150_1300_1050,1150,1050,0,2100,13656300,4098151,1050,22880000,9660000,4097100,1365000,2732100,1365000,0,0,0,1367100,4323947,4.3239
swap_distribute_parallel_for_1150_1300_1100,1150,1100,0,2200,14306600,4293301,1100,23400000,10120000,4292200,1430000,2862200,1430000,0,0,0,1432200,4233723,4.2337
swap_distribute_parallel_for_1150_1300_1150,1150,1150,0,2300,14956900,4488451,1150,23920000,10580000,4487300,1495000,2992300,1495000,0,0,0,1497300,4236537,4.2365
swap_distribute_parallel_for_1150_1300_1200,1150,1200,0,2400,15607200,4683601,1200,24440000,11040000,4682400,1560000,3122400,1560000,0,0,0,1562400,4228035,4.2280
swap_distribute_parallel_for_1150_1300_1250,1150,1250,0,2500,16257500,4878751,1250,24960000,11500000,4877500,1625000,3252500,1625000,0,0,0,1627500,4239183,4.2392
swap_distribute_parallel_for_1150_1300_1300,1150,1300,0,2600,16907800,5073901,1300,25480000,11960000,5072600,1690000,3382600,1690000,0,0,0,1692600,4325314,4.3253
swap_distribute_parallel_for_1150_1300_1350,1150,1350,0,2700,17558100,5269051,1350,26000000,12420000,5267700,1755000,3512700,1755000,0,0,0,1757700,4243627,4.2436
swap_distribute_parallel_for_1150_1300_1400,1150,1400,0,2800,18208400,5464201,1400,26520000,12880000,5462800,1820000,3642800,1820000,0,0,0,1822800,4241423,4.2414
swap_distribute_parallel_for_1150_1300_1450,1150,1450,0,2900,18858700,5659351,1450,27040000,13340000,5657900,1885000,3772900,1885000,0,0,0,1887900,4243601,4.2436
swap_distribute_parallel_for_1150_1300_1500,1150,1500,0,3000,19509000,5854501,1500,27560000,13800000,5853000,1950000,3903000,1950000,0,0,0,1953000,4249841,4.2498
swap_distribute_parallel_for_1150_1300_1550,1150,1550,0,3100,20159300,6049651,1550,28080000,14260000,6048100,2015000,4033100,2015000,0,0,0,2018100,4281899,4.2819
swap_distribute_parallel_for_1150_1300_1600,1150,1600,0,3200,20809600,6244801,1600,28600000,14720000,6243200,2080000,4163200,2080000,0,0,0,2083200,4250510,4.2505
swap_distribute_parallel_for_1150_1300_1650,1150,1650,0,3300,21459900,6439951,1650,29120000,15180000,6438300,2145000,4293300,2145000,0,0,0,2148300,4258651,4.2587
swap_distribute_parallel_for_1150_1300_1700,1150,1700,0,3400,22110200,6635101,1700,29640000,15640000,6633400,2210000,4423400,2210000,0,0,0,2213400,4318785,4.3188
swap_distribute_parallel_for_1150_1300_1750,1150,1750,0,3500,22760500,6830251,1750,30160000,16100000,6828500,2275000,4553500,2275000,0,0,0,2278500,4307489,4.3075
swap_distribute_parallel_for_1150_1300_1800,1150,1800,0,3600,23410800,7025401,1800,30680000,16560000,7023600,2340000,4683600,2340000,0,0,0,2343600,4311012,4.3110
swap_distribute_parallel_for_1150_1300_1850,1150,1850,0,3700,24061100,7220551,1850,31200000,17020000,7218700,2405000,4813700,2405000,0,0,0,2408700,4329671,4.3297
swap_distribute_parallel_for_1150_1300_1900,1150,1900,0,3800,24711400,7415701,1900,31720000,17480000,7413800,2470000,4943800,2470000,0,0,0,2473800,4319627,4.3196
swap_distribute_parallel_for_1150_1300_1950,1150,1950,0,3900,25361700,7610851,1950,32240000,17940000,7608900,2535000,5073900,2535000,0,0,0,2538900,4307090,4.3071
swap_distribute_parallel_for_1150_1300_2000,1150,2000,0,4000,26012000,7806001,2000,32760000,18400000,7804000,2600000,5204000,2600000,0,0,0,2604000,4306921,4.3069
swap_distribute_parallel_for_1150_1350_1050,1150,1050,0,2100,14181300,4255651,1050,23760000,9660000,4254600,1417500,2837100,1417500,0,0,0,1419600,4436086,4.4361
swap_distribute_parallel_for_1150_1350_1100,1150,1100,0,2200,14856600,4458301,1100,24300000,10120000,4457200,1485000,2972200,1485000,0,0,0,1487200,4398967,4.3990
swap_distribute_parallel_for_1150_1350_1150,1150,1150,0,2300,15531900,4660951,1150,24840000,10580000,4659800,1552500,3107300,1552500,0,0,0,1554800,4399585,4.3996
swap_distribute_parallel_for_1150_1350_1200,1150,1200,0,2400,16207200,4863601,1200,25380000,11040000,4862400,1620000,3242400,1620000,0,0,0,1622400,4409122,4.4091
swap_distribute_parallel_for_1150_1350_1250,1150,1250,0,2500,16882500,5066251,1250,25920000,11500000,5065000,1687500,3377500,1687500,0,0,0,1690000,4403563,4.4036
swap_distribute_parallel_for_1150_1350_1300,1150,1300,0,2600,17557800,5268901,1300,26460000,11960000,5267600,1755000,3512600,1755000,0,0,0,1757600,4468496,4.4685
swap_distribute_parallel_for_1150_1350_1350,1150,1350,0,2700,18233100,5471551,1350,27000000,12420000,5470200,1822500,3647700,1822500,0,0,0,1825200,4405892,4.4059
swap_distribute_parallel_for_1150_1350_1400,1150,1400,0,2800,18908400,5674201,1400,27540000,12880000,5672800,1890000,3782800,1890000,0,0,0,1892800,4405773,4.4058
swap_distribute_parallel_for_1150_1350_1450,1150,1450,0,2900,19583700,5876851,1450,28080000,13340000,5875400,1957500,3917900,1957500,0,0,0,1960400,4423201,4.4232
swap_distribute_parallel_for_1150_1350_1500,1150,1500,0,3000,20259000,6079501,1500,28620000,13800000,6078000,2025000,4053000,2025000,0,0,0,2028000,4440274,4.4403
swap_distribute_parallel_for_1150_1350_1550,1150,1550,0,3100,20934300,6282151,1550,29160000,14260000,6280600,2092500,4188100,2092500,0,0,0,2095600,4476838,4.4768
swap_distribute_parallel_for_1150_1350_1600,1150,1600,0,3200,21609600,6484801,1600,29700000,14720000,6483200,2160000,4323200,2160000,0,0,0,2163200,4410277,4.4103
swap_distribute_parallel_for_1150_1350_1650,1150,1650,0,3300,22284900,6687451,1650,30240000,15180000,6685800,2227500,4458300,2227500,0,0,0,2230800,4413487,4.4135
swap_distribute_parallel_for_1150_1350_1700,1150,1700,0,3400,22960200,6890101,1700,30780000,15640000,6888400,2295000,4593400,2295000,0,0,0,2298400,4482810,4.4828
swap_distribute_parallel_for_1150_1350_1750,1150,1750,0,3500,23635500,7092751,1750,31320000,16100000,7091000,2362500,4728500,2362500,0,0,0,2366000,4477096,4.4771
swap_distribute_parallel_for_1150_1350_1800,1150,1800,0,3600,24310800,7295401,1800,31860000,16560000,7293600,2430000,4863600,2430000,0,0,0,2433600,4479979,4.4800
swap_distribute_parallel_for_1150_1350_1850,1150,1850,0,3700,24986100,7498051,1850,32400000,17020000,7496200,2497500,4998700,2497500,0,0,0,2501200,4470941,4.4709
swap_distribute_parallel_for_1150_1350_1900,1150,1900,0,3800,25661400,7700701,1900,32940000,17480000,7698800,2565000,5133800,2565000,0,0,0,2568800,4484626,4.4846
swap_distribute_parallel_for_1150_1350_1950,1150,1950,0,3900,26336700,7903351,1950,33480000,17940000,7901400,2632500,5268900,2632500,0,0,0,2636400,4473973,4.4740
swap_distribute_parallel_for_1150_1350_2000,1150,2000,0,4000,27012000,8106001,2000,34020000,18400000,8104000,2700000,5404000,2700000,0,0,0,2704000,4467312,4.4673
swap_distribute_parallel_for_1150_1400_1050,1150,1050,0,2100,14706300,4413151,1050,24640000,9660000,4412100,1470000,2942100,1470000,0,0,0,1472100,4639787,4.6398
swap_distribute_parallel_for_1150_1400_1100,1150,1100,0,2200,15406600,4623301,1100,25200000,10120000,4622200,1540000,3082200,1540000,0,0,0,1542200,4558215,4.5582
swap_distribute_parallel_for_1150_1400_1150,1150,1150,0,2300,16106900,4833451,1150,25760000,10580000,4832300,1610000,3222300,1610000,0,0,0,1612300,4560528,4.5605
swap_distribute_parallel_for_1150_1400_1200,1150,1200,0,2400,16807200,5043601,1200,26320000,11040000,5042400,1680000,3362400,1680000,0,0,0,1682400,4557805,4.5578
swap_distribute_parallel_for_1150_1400_1250,1150,1250,0,2500,17507500,5253751,1250,26880000,11500000,5252500,1750000,3502500,1750000,0,0,0,1752500,4567065,4.5671
swap_distribute_parallel_for_1150_1400_1300,1150,1300,0,2600,18207800,5463901,1300,27440000,11960000,5462600,1820000,3642600,1820000,0,0,0,1822600,4630923,4.6309
swap_distribute_parallel_for_1150_1400_1350,1150,1350,0,2700,18908100,5674051,1350,28000000,12420000,5672700,1890000,3782700,1890000,0,0,0,1892700,4568231,4.5682
swap_distribute_parallel_for_1150_1400_1400,1150,1400,0,2800,19608400,5884201,1400,28560000,12880000,5882800,1960000,3922800,1960000,0,0,0,1962800,4574443,4.5744
swap_distribute_parallel_for_1150_1400_1450,1150,1450,0,2900,20308700,6094351,1450,29120000,13340000,6092900,2030000,4062900,2030000,0,0,0,2032900,4570639,4.5706
swap_distribute_parallel_for_1150_1400_1500,1150,1500,0,3000,21009000,6304501,1500,29680000,13800000,6303000,2100000,4203000,2100000,0,0,0,2103000,4573031,4.5730
swap_distribute_parallel_for_1150_1400_1550,1150,1550,0,3100,21709300,6514651,1550,30240000,14260000,6513100,2170000,4343100,2170000,0,0,0,2173100,4646267,4.6463
swap_distribute_parallel_for_1150_1400_1600,1150,1600,0,3200,22409600,6724801,1600,30800000,14720000,6723200,2240000,4483200,2240000,0,0,0,2243200,4578716,4.5787
swap_distribute_parallel_for_1150_1400_1650,1150,1650,0,3300,23109900,6934951,1650,31360000,15180000,6933300,2310000,4623300,2310000,0,0,0,2313300,4580607,4.5806
swap_distribute_parallel_for_1150_1400_1700,1150,1700,0,3400,23810200,7145101,1700,31920000,15640000,7143400,2380000,4763400,2380000,0,0,0,2383400,4647238,4.6472
swap_distribute_parallel_for_1150_1400_1750,1150,1750,0,3500,24510500,7355251,1750,32480000,16100000,7353500,2450000,4903500,2450000,0,0,0,2453500,4638100,4.6381
swap_distribute_parallel_for_1150_1400_1800,1150,1800,0,3600,25210800,7565401,1800,33040000,16560000,7563600,2520000,5043600,2520000,0,0,0,2523600,4643223,4.6432
swap_distribute_parallel_for_1150_1400_1850,1150,1850,0,3700,25911100,7775551,1850,33600000,17020000,7773700,2590000,5183700,2590000,0,0,0,2593700,4641635,4.6416
swap_distribute_parallel_for_1150_1400_1900,1150,1900,0,3800,26611400,7985701,1900,34160000,17480000,7983800,2660000,5323800,2660000,0,0,0,2663800,4662169,4.6622
swap_distribute_parallel_for_1150_1400_1950,1150,1950,0,3900,27311700,8195851,1950,34720000,17940000,8193900,2730000,5463900,2730000,0,0,0,2733900,4639710,4.6397
swap_distribute_parallel_for_1150_1400_2000,1150,2000,0,4000,28012000,8406001,2000,35280000,18400000,8404000,2800000,5604000,2800000,0,0,0,2804000,4657608,4.6576
swap_distribute_parallel_for_1150_1450_1050,1150,1050,0,2100,15231300,4570651,1050,25520000,9660000,4569600,1522500,3047100,1522500,0,0,0,1524600,4832595,4.8326
swap_distribute_parallel_for_1150_1450_1100,1150,1100,0,2200,15956600,4788301,1100,26100000,10120000,4787200,1595000,3192200,1595000,0,0,0,1597200,4744881,4.7449
swap_distribute_parallel_for_1150_1450_1150,1150,1150,0,2300,16681900,5005951,1150,26680000,10580000,5004800,1667500,3337300,1667500,0,0,0,1669800,4755152,4.7552
swap_distribute_parallel_for_1150_1450_1200,1150,1200,0,2400,17407200,5223601,1200,27260000,11040000,5222400,1740000,3482400,1740000,0,0,0,1742400,4745859,4.7459
swap_distribute_parallel_for_1150_1450_1250,1150,1250,0,2500,18132500,5441251,1250,27840000,11500000,5440000,1812500,3627500,1812500,0,0,0,1815000,4772747,4.7727
swap_distribute_parallel_for_1150_1450_1300,1150,1300,0,2600,18857800,5658901,1300,28420000,11960000,5657600,1885000,3772600,1885000,0,0,0,1887600,4842174,4.8422
swap_distribute_parallel_for_1150_1450_1350,1150,1350,0,2700,19583100,5876551,1350,29000000,12420000,5875200,1957500,3917700,1957500,0,0,0,1960200,4728584,4.7286
swap_distribute_parallel_for_1150_1450_1400,1150,1400,0,2800,20308400,6094201,1400,29580000,12880000,6092800,2030000,4062800,2030000,0,0,0,2032800,4737088,4.7371
swap_distribute_parallel_for_1150_1450_1450,1150,1450,0,2900,21033700,6311851,1450,30160000,13340000,6310400,2102500,4207900,2102500,0,0,0,2105400,4733853,4.7339
swap_distribute_parallel_for_1150_1450_1500,1150,1500,0,3000,21759000,6529501,1500,30740000,13800000,6528000,2175000,4353000,2175000,0,0,0,2178000,4746567,4.7466
swap_distribute_parallel_for_1150_1450_1550,1150,1550,0,3100,22484300,6747151,1550,31320000,14260000,6745600,2247500,4498100,2247500,0,0,0,2250600,4793259,4.7933
swap_distribute_parallel_for_1150_1450_1600,1150,1600,0,3200,23209600,6964801,1600,31900000,14720000,6963200,2320000,4643200,2320000,0,0,0,2323200,4743688,4.7437
swap_distribute_parallel_for_1150_1450_1650,1150,1650,0,3300,23934900,7182451,1650,32480000,15180000,7180800,2392500,4788300,2392500,0,0,0,2395800,4748535,4.7485
swap_distribute_parallel_for_1150_1450_1700,1150,1700,0,3400,24660200,7400101,1700,33060000,15640000,7398400,2465000,4933400,2465000,0,0,0,2468400,4841667,4.8417
swap_distribute_parallel_for_1150_1450_1750,1150,1750,0,3500,25385500,7617751,1750,33640000,16100000,7616000,2537500,5078500,2537500,0,0,0,2541000,4798048,4.7980
swap_distribute_parallel_for_1150_1450_1800,1150,1800,0,3600,26110800,7835401,1800,34220000,16560000,7833600,2610000,5223600,2610000,0,0,0,2613600,4809508,4.8095
swap_distribute_parallel_for_1150_1450_1850,1150,1850,0,3700,26836100,8053051,1850,34800000,17020000,8051200,2682500,5368700,2682500,0,0,0,2686200,4800210,4.8002
swap_distribute_parallel_for_1150_1450_1900,1150,1900,0,3800,27561400,8270701,1900,35380000,17480000,8268800,2755000,5513800,2755000,0,0,0,2758800,4816416,4.8164
swap_distribute_parallel_for_1150_1450_1950,1150,1950,0,3900,28286700,8488351,1950,35960000,17940000,8486400,2827500,5658900,2827500,0,0,0,2831400,4804269,4.8043
swap_distribute_parallel_for_1150_1450_2000,1150,2000,0,4000,29012000,8706001,2000,36540000,18400000,8704000,2900000,5804000,2900000,0,0,0,2904000,4799698,4.7997
swap_distribute_parallel_for_1150_1500_1050,1150,1050,0,2100,15756300,4728151,1050,26400000,9660000,4727100,1575000,3152100,1575000,0,0,0,1577100,4969572,4.9696
swap_distribute_parallel_for_1150_1500_1100,1150,1100,0,2200,16506600,4953301,1100,27000000,10120000,4952200,1650000,3302200,1650000,0,0,0,1652200,4884206,4.8842
swap_distribute_parallel_for_1150_1500_1150,1150,1150,0,2300,17256900,5178451,1150,27600000,10580000,5177300,1725000,3452300,1725000,0,0,0,1727300,4887840,4.8878
swap_distribute_parallel_for_1150_1500_1200,1150,1200,0,2400,18007200,5403601,1200,28200000,11040000,5402400,1800000,3602400,1800000,0,0,0,1802400,4881687,4.8817
swap_distribute_parallel_for_1150_1500_1250,1150,1250,0,2500,18757500,5628751,1250,28800000,11500000,5627500,1875000,3752500,1875000,0,0,0,1877500,4889088,4.8891
swap_distribute_parallel_for_1150_1500_1300,1150,1300,0,2600,19507800,5853901,1300,29400000,11960000,5852600,1950000,3902600,1950000,0,0,0,1952600,4969423,4.9694
swap_distribute_parallel_for_1150_1500_1350,1150,1350,0,2700,20258100,6079051,1350,30000000,12420000,6077700,2025000,4052700,2025000,0,0,0,2027700,4894204,4.8942
swap_distribute_parallel_for_1150_1500_1400,1150,1400,0,2800,21008400,6304201,1400,30600000,12880000,6302800,2100000,4202800,2100000,0,0,0,2102800,4892087,4.8921
swap_distribute_parallel_for_1150_1500_1450,1150,1450,0,2900,21758700,6529351,1450,31200000,13340000,6527900,2175000,4352900,2175000,0,0,0,2177900,4898215,4.8982
swap_distribute_parallel_for_1150_1500_1500,1150,1500,0,3000,22509000,6754501,1500,31800000,13800000,6753000,2250000,4503000,2250000,0,0,0,2253000,4902555,4.9026
swap_distribute_parallel_for_1150_1500_1550,1150,1550,0,3100,23259300,6979651,1550,32400000,14260000,6978100,2325000,4653100,2325000,0,0,0,2328100,4973149,4.9731
swap_distribute_parallel_for_1150_1500_1600,1150,1600,0,3200,24009600,7204801,1600,33000000,14720000,7203200,2400000,4803200,2400000,0,0,0,2403200,4935927,4.9359
swap_distribute_parallel_for_1150_1500_1650,1150,1650,0,3300,24759900,7429951,1650,33600000,15180000,7428300,2475000,4953300,2475000,0,0,0,2478300,4893801,4.8938
swap_distribute_parallel_for_1150_1500_1700,1150,1700,0,3400,25510200,7655101,1700,34200000,15640000,7653400,2550000,5103400,2550000,0,0,0,2553400,4973478,4.9735
swap_distribute_parallel_for_1150_1500_1750,1150,1750,0,3500,26260500,7880251,1750,34800000,16100000,7878500,2625000,5253500,2625000,0,0,0,2628500,4961596,4.9616
swap_distribute_parallel_for_1150_1500_1800,1150,1800,0,3600,27010800,8105401,1800,35400000,16560000,8103600,2700000,5403600,2700000,0,0,0,2703600,4973887,4.9739
swap_distribute_parallel_for_1150_1500_1850,1150,1850,0,3700,27761100,8330551,1850,36000000,17020000,8328700,2775000,5553700,2775000,0,0,0,2778700,4967493,4.9675
swap_distribute_parallel_for_1150_1500_1900,1150,1900,0,3800,28511400,8555701,1900,36600000,17480000,8553800,2850000,5703800,2850000,0,0,0,2853800,4988621,4.9886
swap_distribute_parallel_for_1200_1200_1200,1200,1200,0,2400,14407200,4323601,1200,23040000,11520000,4322400,1440000,2882400,1440000,0,0,0,1442400,4108291,4.1083
swap_distribute_parallel_for_1200_1200_1700,1200,1700,0,3400,20410200,6125101,1700,27840000,16320000,6123400,2040000,4083400,2040000,0,0,0,2043400,4174317,4.1743
swap_distribute_parallel_for_1200_1200_2200,1200,2200,0,4400,26413200,7926601,2200,32640000,21120000,7924400,2640000,5284400,2640000,0,0,0,2644400,4178463,4.1785
swap_distribute_parallel_for_1200_1200_2700,1200,2700,0,5400,32416200,9728101,2700,37440000,25920000,9725400,3240000,6485400,3240000,0,0,0,3245400,4183863,4.1839
swap_distribute_parallel_for_1200_1200_3200,1200,3200,0,6400,38419200,11529601,3200,42240000,30720000,11526400,3840000,7686400,3840000,0,0,0,3846400,4190982,4.1910
swap_distribute_parallel_for_1200_1200_3700,1200,3700,0,7400,44422200,13331101,3700,47040000,35520000,13327400,4440000,8887400,4440000,0,0,0,4447400,4664601,4.6646
swap_distribute_parallel_for_1200_1200_4200,1200,4200,0,8400,50425200,15132601,4200,51840000,40320000,15128400,5040000,10088400,5040000,0,0,0,5048400,4644650,4.6447
swap_distribute_parallel_for_1200_1700_1200,1200,1200,0,2400,20407200,6123601,1200,32640000,11520000,6122400,2040000,4082400,2040000,0,0,0,2042400,5824140,5.8241
swap_distribute_parallel_for_1200_1700_1700,1200,1700,0,3400,28910200,8675101,1700,39440000,16320000,8673400,2890000,5783400,2890000,0,0,0,2893400,5919492,5.9195
swap_distribute_parallel_for_1200_1700_2200,1200,2200,0,4400,37413200,11226601,2200,46240000,21120000,11224400,3740000,7484400,3740000,0,0,0,3744400,5915900,5.9159
swap_distribute_parallel_for_1200_1700_2700,1200,2700,0,5400,45916200,13778101,2700,53040000,25920000,13775400,4590000,9185400,4590000,0,0,0,4595400,5928449,5.9284
swap_distribute_parallel_for_1200_1700_3200,1200,3200,0,6400,54419200,16329601,3200,59840000,30720000,16326400,5440000,10886400,5440000,0,0,0,5446400,5922821,5.9228
swap_distribute_parallel_for_1200_1700_3700,1200,3700,0,7400,62922200,18881101,3700,66640000,35520000,18877400,6290000,12587400,6290000,0,0,0,6297400,6605111,6.6051
swap_distribute_parallel_for_1200_1700_4200,1200,4200,0,8400,71425200,21432601,4200,73440000,40320000,21428400,7140000,14288400,7140000,0,0,0,7148400,6601262,6.6013
swap_distribute_parallel_for_1200_2200_1200,1200,1200,0,2400,26407200,7923601,1200,42240000,11520000,7922400,2640000,5282400,2640000,0,0,0,2642400,7539483,7.5395
swap_distribute_parallel_for_1200_2200_1700,1200,1700,0,3400,37410200,11225101,1700,51040000,16320000,11223400,3740000,7483400,3740000,0,0,0,3743400,7654459,7.6545
swap_distribute_parallel_for_1200_2200_2200,1200,2200,0,4400,48413200,14526601,2200,59840000,21120000,14524400,4840000,9684400,4840000,0,0,0,4844400,7658993,7.6590
swap_distribute_parallel_for_1200_2200_2700,1200,2700,0,5400,59416200,17828101,2700,68640000,25920000,17825400,5940000,11885400,5940000,0,0,0,5945400,7656132,7.6561
swap_distribute_parallel_for_1200_2200_3200,1200,3200,0,6400,70419200,21129601,3200,77440000,30720000,21126400,7040000,14086400,7040000,0,0,0,7046400,7663603,7.6636
swap_distribute_parallel_for_1200_2200_3700,1200,3700,0,7400,81422200,24431101,3700,86240000,35520000,24427400,8140000,16287400,8140000,0,0,0,8147400,8530843,8.5308
swap_distribute_parallel_for_1200_2200_4200,1200,4200,0,8400,92425200,27732601,4200,95040000,40320000,27728400,9240000,18488400,9240000,0,0,0,9248400,8508542,8.5085
swap_distribute_parallel_for_1200_2700_1200,1200,1200,0,2400,32407200,9723601,1200,51840000,11520000,9722400,3240000,6482400,3240000,0,0,0,3242400,9279145,9.2791
swap_distribute_parallel_for_1200_2700_1700,1200,1700,0,3400,45910200,13775101,1700,62640000,16320000,13773400,4590000,9183400,4590000,0,0,0,4593400,9390180,9.3902
swap_distribute_parallel_for_1200_2700_2200,1200,2200,0,4400,59413200,17826601,2200,73440000,21120000,17824400,5940000,11884400,5940000,0,0,0,5944400,9390824,9.3908
swap_distribute_parallel_for_1200_2700_2700,1200,2700,0,5400,72916200,21878101,2700,84240000,25920000,21875400,7290000,14585400,7290000,0,0,0,7295400,9409732,9.4097
swap_distribute_parallel_for_1200_2700_3200,1200,3200,0,6400,86419200,25929601,3200,95040000,30720000,25926400,8640000,17286400,8640000,0,0,0,8646400,9412483,9.4125
swap_distribute_parallel_for_1200_2700_3700,1200,3700,0,7400,99922200,29981101,3700,105840000,35520000,29977400,9990000,19987400,9990000,0,0,0,9997400,10465387,10.4654
swap_distribute_parallel_for_1200_2700_4200,1200,4200,0,8400,113425200,34032601,4200,116640000,40320000,34028400,11340000,22688400,11340000,0,0,0,11348400,10431338,10.4313
swap_distribute_parallel_for_1200_3200_1200,1200,1200,0,2400,38407200,11523601,1200,61440000,11520000,11522400,3840000,7682400,3840000,0,0,0,3842400,11003833,11.0038
swap_distribute_parallel_for_1200_3200_1700,1200,1700,0,3400,54410200,16325101,1700,74240000,16320000,16323400,5440000,10883400,5440000,0,0,0,5443400,11123821,11.1238
swap_distribute_parallel_for_1200_3200_2200,1200,2200,0,4400,70413200,21126601,2200,87040000,21120000,21124400,7040000,14084400,7040000,0,0,0,7044400,11136936,11.1369
swap_distribute_parallel_for_1200_3200_2700,1200,2700,0,5400,86416200,25928101,2700,99840000,25920000,25925400,8640000,17285400,8640000,0,0,0,8645400,11130531,11.1305
swap_distribute_parallel_for_1200_3200_3200,1200,3200,0,6400,102419200,30729601,3200,112640000,30720000,30726400,10240000,20486400,10240000,0,0,0,10246400,11194878,11.1949
swap_distribute_parallel_for_1200_3200_3700,1200,3700,0,7400,118422200,35531101,3700,125440000,35520000,35527400,11840000,23687400,11840000,0,0,0,11847400,12427810,12.4278
swap_distribute_parallel_for_1200_3200_4200,1200,4200,0,8400,134425200,40332601,4200,138240000,40320000,40328400,13440000,26888400,13440000,0,0,0,13448400,12364987,12.3650
swap_distribute_parallel_for_1200_3700_1200,1200,1200,0,2400,44407200,13323601,1200,71040000,11520000,13322400,4440000,8882400,4440000,0,0,0,4442400,12713540,12.7135
swap_distribute_parallel_for_1200_3700_1700,1200,1700,0,3400,62910200,18875101,1700,85840000,16320000,18873400,6290000,12583400,6290000,0,0,0,6293400,12859332,12.8593
swap_distribute_parallel_for_1200_3700_2200,1200,2200,0,4400,81413200,24426601,2200,100640000,21120000,24424400,8140000,16284400,8140000,0,0,0,8144400,12866803,12.8668
swap_distribute_parallel_for_1200_3700_2700,1200,2700,0,5400,99916200,29978101,2700,115440000,25920000,29975400,9990000,19985400,9990000,0,0,0,9995400,12875450,12.8755
swap_distribute_parallel_for_1200_3700_3200,1200,3200,0,6400,118419200,35529601,3200,130240000,30720000,35526400,11840000,23686400,11840000,0,0,0,11846400,12892393,12.8924
swap_distribute_parallel_for_1200_3700_3700,1200,3700,0,7400,136922200,41081101,3700,145040000,35520000,41077400,13690000,27387400,13690000,0,0,0,13697400,14352899,14.3529
swap_distribute_parallel_for_1200_3700_4200,1200,4200,0,8400,155425200,46632601,4200,159840000,40320000,46628400,15540000,31088400,15540000,0,0,0,15548400,14314789,14.3148
swap_distribute_parallel_for_1250_1250_1250,1250,1250,0,2500,15632500,4691251,1250,25000000,12500000,4690000,1562500,3127500,1562500,0,0,0,1565000,4363512,4.3635
swap_distribute_parallel_for_1250_1250_1750,1250,1750,0,3500,21885500,6567751,1750,30000000,17500000,6566000,2187500,4378500,2187500,0,0,0,2191000,4446548,4.4465
swap_distribute_parallel_for_1250_1250_2250,1250,2250,0,4500,28138500,8444251,2250,35000000,22500000,8442000,2812500,5629500,2812500,0,0,0,2817000,4461833,4.4618
swap_distribute_parallel_for_1250_1250_2750,1250,2750,0,5500,34391500,10320751,2750,40000000,27500000,10318000,3437500,6880500,3437500,0,0,0,3443000,4457449,4.4574
swap_distribute_parallel_for_1250_1250_3250,1250,3250,0,6500,40644500,12197251,3250,45000000,32500000,12194000,4062500,8131500,4062500,0,0,0,4069000,4475623,4.4756
swap_distribute_parallel_for_1250_1250_3750,1250,3750,0,7500,46897500,14073751,3750,50000000,37500000,14070000,4687500,9382500,4687500,0,0,0,4695000,4944122,4.9441
swap_distribute_parallel_for_1250_1250_4250,1250,4250,0,8500,53150500,15950251,4250,55000000,42500000,15946000,5312500,10633500,5312500,0,0,0,5321000,4947488,4.9475
swap_distribute_parallel_for_1250_1750_1250,1250,1250,0,2500,21882500,6566251,1250,35000000,12500000,6565000,2187500,4377500,2187500,0,0,0,2190000,6113136,6.1131
swap_distribute_parallel_for_1250_1750_1750,1250,1750,0,3500,30635500,9192751,1750,42000000,17500000,9191000,3062500,6128500,3062500,0,0,0,3066000,6223316,6.2233
swap_distribute_parallel_for_1250_1750_2250,1250,2250,0,4500,39388500,11819251,2250,49000000,22500000,11817000,3937500,7879500,3937500,0,0,0,3942000,6242916,6.2429
swap_distribute_parallel_for_1250_1750_2750,1250,2750,0,5500,48141500,14445751,2750,56000000,27500000,14443000,4812500,9630500,4812500,0,0,0,4818000,6251079,6.2511
swap_distribute_parallel_for_1250_1750_3250,1250,3250,0,6500,56894500,17072251,3250,63000000,32500000,17069000,5687500,11381500,5687500,0,0,0,5694000,6255057,6.2551
swap_distribute_parallel_for_1250_1750_3750,1250,3750,0,7500,65647500,19698751,3750,70000000,37500000,19695000,6562500,13132500,6562500,0,0,0,6570000,6910457,6.9105
swap_distribute_parallel_for_1250_1750_4250,1250,4250,0,8500,74400500,22325251,4250,77000000,42500000,22321000,7437500,14883500,7437500,0,0,0,7446000,6927132,6.9271
swap_distribute_parallel_for_1250_2250_1250,1250,1250,0,2500,28132500,8441251,1250,45000000,12500000,8440000,2812500,5627500,2812500,0,0,0,2815000,7863625,7.8636
swap_distribute_parallel_for_1250_2250_1750,1250,1750,0,3500,39385500,11817751,1750,54000000,17500000,11816000,3937500,7878500,3937500,0,0,0,3941000,7999624,7.9996
swap_distribute_parallel_for_1250_2250_2250,1250,2250,0,4500,50638500,15194251,2250,63000000,22500000,15192000,5062500,10129500,5062500,0,0,0,5067000,8024508,8.0245
swap_distribute_parallel_for_1250_2250_2750,1250,2750,0,5500,61891500,18570751,2750,72000000,27500000,18568000,6187500,12380500,6187500,0,0,0,6193000,8037598,8.0376
swap_distribute_parallel_for_1250_2250_3250,1250,3250,0,6500,73144500,21947251,3250,81000000,32500000,21944000,7312500,14631500,7312500,0,0,0,7319000,8033951,8.0340
swap_distribute_parallel_for_1250_2250_3750,1250,3750,0,7500,84397500,25323751,3750,90000000,37500000,25320000,8437500,16882500,8437500,0,0,0,8445000,8919015,8.9190
swap_distribute_parallel_for_1250_2250_4250,1250,4250,0,8500,95650500,28700251,4250,99000000,42500000,28696000,9562500,19133500,9562500,0,0,0,9571000,8931072,8.9311
swap_distribute_parallel_for_1250_2750_1250,1250,1250,0,2500,34382500,10316251,1250,55000000,12500000,10315000,3437500,6877500,3437500,0,0,0,3440000,9609524,9.6095
swap_distribute_parallel_for_1250_2750_1750,1250,1750,0,3500,48135500,14442751,1750,66000000,17500000,14441000,4812500,9628500,4812500,0,0,0,4816000,9786143,9.7861
swap_distribute_parallel_for_1250_2750_2250,1250,2250,0,4500,61888500,18569251,2250,77000000,22500000,18567000,6187500,12379500,6187500,0,0,0,6192000,9807780,9.8078
swap_distribute_parallel_for_1250_2750_2750,1250,2750,0,5500,75641500,22695751,2750,88000000,27500000,22693000,7562500,15130500,7562500,0,0,0,7568000,9805161,9.8052
swap_distribute_parallel_for_1250_2750_3250,1250,3250,0,6500,89394500,26822251,3250,99000000,32500000,26819000,8937500,17881500,8937500,0,0,0,8944000,9814633,9.8146
swap_distribute_parallel_for_1250_2750_3750,1250,3750,0,7500,103147500,30948751,3750,110000000,37500000,30945000,10312500,20632500,10312500,0,0,0,10320000,10866510,10.8665
swap_distribute_parallel_for_1250_2750_4250,1250,4250,0,8500,116900500,35075251,4250,121000000,42500000,35071000,11687500,23383500,11687500,0,0,0,11696000,10866233,10.8662
swap_distribute_parallel_for_1250_3250_1250,1250,1250,0,2500,40632500,12191251,1250,65000000,12500000,12190000,4062500,8127500,4062500,0,0,0,4065000,11345859,11.3459
swap_distribute_parallel_for_1250_3250_1750,1250,1750,0,3500,56885500,17067751,1750,78000000,17500000,17066000,5687500,11378500,5687500,0,0,0,5691000,11596888,11.5969
swap_distribute_parallel_for_1250_3250_2250,1250,2250,0,4500,73138500,21944251,2250,91000000,22500000,21942000,7312500,14629500,7312500,0,0,0,7317000,11597594,11.5976
swap_distribute_parallel_for_1250_3250_2750,1250,2750,0,5500,89391500,26820751,2750,104000000,27500000,26818000,8937500,17880500,8937500,0,0,0,8943000,11589450,11.5894
swap_distribute_parallel_for_1250_3250_3250,1250,3250,0,6500,105644500,31697251,3250,117000000,32500000,31694000,10562500,21131500,10562500,0,0,0,10569000,11600930,11.6009
swap_distribute_parallel_for_1250_3250_3750,1250,3750,0,7500,121897500,36573751,3750,130000000,37500000,36570000,12187500,24382500,12187500,0,0,0,12195000,12826575,12.8266
swap_distribute_parallel_for_1250_3250_4250,1250,4250,0,8500,138150500,41450251,4250,143000000,42500000,41446000,13812500,27633500,13812500,0,0,0,13821000,12838821,12.8388
swap_distribute_parallel_for_1250_3750_1250,1250,1250,0,2500,46882500,14066251,1250,75000000,12500000,14065000,4687500,9377500,4687500,0,0,0,4690000,13121915,13.1219
swap_distribute_parallel_for_1250_3750_1750,1250,1750,0,3500,65635500,19692751,1750,90000000,17500000,19691000,6562500,13128500,6562500,0,0,0,6566000,13398365,13.3984
swap_distribute_parallel_for_1250_3750_2250,1250,2250,0,4500,84388500,25319251,2250,105000000,22500000,25317000,8437500,16879500,8437500,0,0,0,8442000,13379534,13.3795
swap_distribute_parallel_for_1250_3750_2750,1250,2750,0,5500,103141500,30945751,2750,120000000,27500000,30943000,10312500,20630500,10312500,0,0,0,10318000,13356421,13.3564
swap_distribute_parallel_for_1250_3750_3250,1250,3250,0,6500,121894500,36572251,3250,135000000,32500000,36569000,12187500,24381500,12187500,0,0,0,12194000,13367183,13.3672
swap_distribute_parallel_for_1250_3750_3750,1250,3750,0,7500,140647500,42198751,3750,150000000,37500000,42195000,14062500,28132500,14062500,0,0,0,14070000,14811294,14.8113
swap_distribute_parallel_for_1250_3750_4250,1250,4250,0,8500,159400500,47825251,4250,165000000,42500000,47821000,15937500,31883500,15937500,0,0,0,15946000,14804241,14.8042
swap_distribute_parallel_for_1250_4250_1250,1250,1250,0,2500,53132500,15941251,1250,85000000,12500000,15940000,5312500,10627500,5312500,0,0,0,5315000,14852081,14.8521
swap_distribute_parallel_for_1250_4250_1750,1250,1750,0,3500,74385500,22317751,1750,102000000,17500000,22316000,7437500,14878500,7437500,0,0,0,7441000,15103359,15.1034
swap_distribute_parallel_for_1250_4250_2250,1250,2250,0,4500,95638500,28694251,2250,119000000,22500000,28692000,9562500,19129500,9562500,0,0,0,9567000,15151319,15.1513
swap_distribute_parallel_for_1250_4250_2750,1250,2750,0,5500,116891500,35070751,2750,136000000,27500000,35068000,11687500,23380500,11687500,0,0,0,11693000,15140979,15.1410
swap_distribute_parallel_for_1250_4250_3250,1250,3250,0,6500,138144500,41447251,3250,153000000,32500000,41444000,13812500,27631500,13812500,0,0,0,13819000,15165255,15.1653
swap_distribute_parallel_for_1250_4250_3750,1250,3750,0,7500,159397500,47823751,3750,170000000,37500000,47820000,15937500,31882500,15937500,0,0,0,15945000,16769997,16.7700
swap_distribute_parallel_for_1250_4250_4250,1250,4250,0,8500,180650500,54200251,4250,187000000,42500000,54196000,18062500,36133500,18062500,0,0,0,18071000,16814980,16.8150
swap_distribute_parallel_for_1400_1400_1400,1400,1400,0,2800,19608400,5884201,1400,31360000,15680000,5882800,1960000,3922800,1960000,0,0,0,1962800,5630606,5.6306
swap_distribute_parallel_for_1400_1400_1900,1400,1900,0,3800,26611400,7985701,1900,36960000,21280000,7983800,2660000,5323800,2660000,0,0,0,2663800,5686349,5.6863
swap_distribute_parallel_for_1400_1400_2400,1400,2400,0,4800,33614400,10087201,2400,42560000,26880000,10084800,3360000,6724800,3360000,0,0,0,3364800,5699479,5.6995
swap_distribute_parallel_for_1400_1400_2900,1400,2900,0,5800,40617400,12188701,2900,48160000,32480000,12185800,4060000,8125800,4060000,0,0,0,4065800,5741498,5.7415
swap_distribute_parallel_for_1400_1400_3400,1400,3400,0,6800,47620400,14290201,3400,53760000,38080000,14286800,4760000,9526800,4760000,0,0,0,4766800,6288947,6.2889
swap_distribute_parallel_for_1400_1400_3900,1400,3900,0,7800,54623400,16391701,3900,59360000,43680000,16387800,5460000,10927800,5460000,0,0,0,5467800,6330173,6.3302
swap_distribute_parallel_for_1400_1400_900,1400,900,0,1800,12605400,3782701,900,25760000,10080000,3781800,1260000,2521800,1260000,0,0,0,1261800,5589594,5.5896
swap_distribute_parallel_for_1400_1900_1400,1400,1400,0,2800,26608400,7984201,1400,42560000,15680000,7982800,2660000,5322800,2660000,0,0,0,2662800,7618057,7.6181
swap_distribute_parallel_for_1400_1900_1900,1400,1900,0,3800,36111400,10835701,1900,50160000,21280000,10833800,3610000,7223800,3610000,0,0,0,3613800,7713733,7.7137
swap_distribute_parallel_for_1400_1900_2400,1400,2400,0,4800,45614400,13687201,2400,57760000,26880000,13684800,4560000,9124800,4560000,0,0,0,4564800,7729296,7.7293
swap_distribute_parallel_for_1400_1900_2900,1400,2900,0,5800,55117400,16538701,2900,65360000,32480000,16535800,5510000,11025800,5510000,0,0,0,5515800,7715830,7.7158
swap_distribute_parallel_for_1400_1900_3400,1400,3400,0,6800,64620400,19390201,3400,72960000,38080000,19386800,6460000,12926800,6460000,0,0,0,6466800,8536396,8.5364
swap_distribute_parallel_for_1400_1900_3900,1400,3900,0,7800,74123400,22241701,3900,80560000,43680000,22237800,7410000,14827800,7410000,0,0,0,7417800,8591795,8.5918
swap_distribute_parallel_for_1400_1900_900,1400,900,0,1800,17105400,5132701,900,34960000,10080000,5131800,1710000,3421800,1710000,0,0,0,1711800,7596280,7.5963
swap_distribute_parallel_for_1400_2400_1400,1400,1400,0,2800,33608400,10084201,1400,53760000,15680000,10082800,3360000,6722800,3360000,0,0,0,3362800,9698822,9.6988
swap_distribute_parallel_for_1400_2400_1900,1400,1900,0,3800,45611400,13685701,1900,63360000,21280000,13683800,4560000,9123800,4560000,0,0,0,4563800,9772384,9.7724
swap_distribute_parallel_for_1400_2400_2400,1400,2400,0,4800,57614400,17287201,2400,72960000,26880000,17284800,5760000,11524800,5760000,0,0,0,5764800,9739055,9.7391
swap_distribute_parallel_for_1400_2400_2900,1400,2900,0,5800,69617400,20888701,2900,82560000,32480000,20885800,6960000,13925800,6960000,0,0,0,6965800,9743297,9.7433
swap_distribute_parallel_for_1400_2400_3400,1400,3400,0,6800,81620400,24490201,3400,92160000,38080000,24486800,8160000,16326800,8160000,0,0,0,8166800,10755675,10.7557
swap_distribute_parallel_for_1400_2400_3900,1400,3900,0,7800,93623400,28091701,3900,101760000,43680000,28087800,9360000,18727800,9360000,0,0,0,9367800,10854987,10.8550
swap_distribute_parallel_for_1400_2400_900,1400,900,0,1800,21605400,6482701,900,44160000,10080000,6481800,2160000,4321800,2160000,0,0,0,2161800,9582089,9.5821
swap_distribute_parallel_for_1400_2900_1400,1400,1400,0,2800,40608400,12184201,1400,64960000,15680000,12182800,4060000,8122800,4060000,0,0,0,4062800,11624204,11.6242
swap_distribute_parallel_for_1400_2900_1900,1400,1900,0,3800,55111400,16535701,1900,76560000,21280000,16533800,5510000,11023800,5510000,0,0,0,5513800,11762061,11.7621
swap_distribute_parallel_for_1400_2900_2400,1400,2400,0,4800,69614400,20887201,2400,88160000,26880000,20884800,6960000,13924800,6960000,0,0,0,6964800,11790114,11.7901
swap_distribute_parallel_for_1400_2900_2900,1400,2900,0,5800,84117400,25238701,2900,99760000,32480000,25235800,8410000,16825800,8410000,0,0,0,8415800,11775805,11.7758
swap_distribute_parallel_for_1400_2900_3400,1400,3400,0,6800,98620400,29590201,3400,111360000,38080000,29586800,9860000,19726800,9860000,0,0,0,9866800,13024512,13.0245
swap_distribute_parallel_for_1400_2900_3900,1400,3900,0,7800,113123400,33941701,3900,122960000,43680000,33937800,11310000,22627800,11310000,0,0,0,11317800,13117969,13.1180
swap_distribute_parallel_for_1400_2900_900,1400,900,0,1800,26105400,7832701,900,53360000,10080000,7831800,2610000,5221800,2610000,0,0,0,2611800,11585064,11.5851
swap_distribute_parallel_for_1400_3400_1400,1400,1400,0,2800,47608400,14284201,1400,76160000,15680000,14282800,4760000,9522800,4760000,0,0,0,4762800,13613314,13.6133
swap_distribute_parallel_for_1400_3400_1900,1400,1900,0,3800,64611400,19385701,1900,89760000,21280000,19383800,6460000,12923800,6460000,0,0,0,6463800,13787784,13.7878
swap_distribute_parallel_for_1400_3400_2400,1400,2400,0,4800,81614400,24487201,2400,103360000,26880000,24484800,8160000,16324800,8160000,0,0,0,8164800,13808413,13.8084
swap_distribute_parallel_for_1400_3400_2900,1400,2900,0,5800,98617400,29588701,2900,116960000,32480000,29585800,9860000,19725800,9860000,0,0,0,9865800,13871157,13.8712
swap_distribute_parallel_for_1400_3400_3400,1400,3400,0,6800,115620400,34690201,3400,130560000,38080000,34686800,11560000,23126800,11560000,0,0,0,11566800,15194428,15.1944
swap_distribute_parallel_for_1400_3400_3900,1400,3900,0,7800,132623400,39791701,3900,144160000,43680000,39787800,13260000,26527800,13260000,0,0,0,13267800,15353033,15.3530
swap_distribute_parallel_for_1400_3400_900,1400,900,0,1800,30605400,9182701,900,62560000,10080000,9181800,3060000,6121800,3060000,0,0,0,3061800,13577551,13.5776
swap_distribute_parallel_for_1400_3900_1400,1400,1400,0,2800,54608400,16384201,1400,87360000,15680000,16382800,5460000,10922800,5460000,0,0,0,5462800,15621627,15.6216
swap_distribute_parallel_for_1400_3900_1900,1400,1900,0,3800,74111400,22235701,1900,102960000,21280000,22233800,7410000,14823800,7410000,0,0,0,7413800,15814203,15.8142
swap_distribute_parallel_for_1400_3900_2400,1400,2400,0,4800,93614400,28087201,2400,118560000,26880000,28084800,9360000,18724800,9360000,0,0,0,9364800,15846509,15.8465
swap_distribute_parallel_for_1400_3900_2900,1400,2900,0,5800,113117400,33938701,2900,134160000,32480000,33935800,11310000,22625800,11310000,0,0,0,11315800,15852937,15.8529
swap_distribute_parallel_for_1400_3900_3400,1400,3400,0,6800,132620400,39790201,3400,149760000,38080000,39786800,13260000,26526800,13260000,0,0,0,13266800,17546882,17.5469
swap_distribute_parallel_for_1400_3900_3900,1400,3900,0,7800,152123400,45641701,3900,165360000,43680000,45637800,15210000,30427800,15210000,0,0,0,15217800,17612790,17.6128
swap_distribute_parallel_for_1400_3900_900,1400,900,0,1800,35105400,10532701,900,71760000,10080000,10531800,3510000,7021800,3510000,0,0,0,3511800,15564394,15.5644
swap_distribute_parallel_for_1400_900_1400,1400,1400,0,2800,12608400,3784201,1400,20160000,15680000,3782800,1260000,2522800,1260000,0,0,0,1262800,3610341,3.6103
swap_distribute_parallel_for_1400_900_1900,1400,1900,0,3800,17111400,5135701,1900,23760000,21280000,5133800,1710000,3423800,1710000,0,0,0,1713800,3659499,3.6595
swap_distribute_parallel_for_1400_900_2400,1400,2400,0,4800,21614400,6487201,2400,27360000,26880000,6484800,2160000,4324800,2160000,0,0,0,2164800,3666104,3.6661
swap_distribute_parallel_for_1400_900_2900,1400,2900,0,5800,26117400,7838701,2900,30960000,32480000,7835800,2610000,5225800,2610000,0,0,0,2615800,3665607,3.6656
swap_distribute_parallel_for_1400_900_3400,1400,3400,0,6800,30620400,9190201,3400,34560000,38080000,9186800,3060000,6126800,3060000,0,0,0,3066800,4037556,4.0376
swap_distribute_parallel_for_1400_900_3900,1400,3900,0,7800,35123400,10541701,3900,38160000,43680000,10537800,3510000,7027800,3510000,0,0,0,3517800,4077371,4.0774
swap_distribute_parallel_for_1400_900_900,1400,900,0,1800,8105400,2432701,900,16560000,10080000,2431800,810000,1621800,810000,0,0,0,811800,3597980,3.5980
swap_distribute_parallel_for_1500_1000_1000,1500,1000,0,2000,10006000,3003001,1000,20000000,12000000,3002000,1000000,2002000,1000000,0,0,0,1002000,4222334,4.2223
swap_distribute_parallel_for_1500_1000_1500,1500,1500,0,3000,15009000,4504501,1500,24000000,18000000,4503000,1500000,3003000,1500000,0,0,0,1503000,4235224,4.2352
swap_distribute_parallel_for_1500_1000_2000,1500,2000,0,4000,20012000,6006001,2000,28000000,24000000,6004000,2000000,4004000,2000000,0,0,0,2004000,4311293,4.3113
swap_distribute_parallel_for_1500_1000_2500,1500,2500,0,5000,25015000,7507501,2500,32000000,30000000,7505000,2500000,5005000,2500000,0,0,0,2505000,4328434,4.3284
swap_distribute_parallel_for_1500_1000_3000,1500,3000,0,6000,30018000,9009001,3000,36000000,36000000,9006000,3000000,6006000,3000000,0,0,0,3006000,4340066,4.3401
swap_distribute_parallel_for_1500_1000_3500,1500,3500,0,7000,35021000,10510501,3500,40000000,42000000,10507000,3500000,7007000,3500000,0,0,0,3507000,4787958,4.7880
swap_distribute_parallel_for_1500_1000_4000,1500,4000,0,8000,40024000,12012001,4000,44000000,48000000,12008000,4000000,8008000,4000000,0,0,0,4008000,4744166,4.7442
swap_distribute_parallel_for_1500_1500_1000,1500,1000,0,2000,15006000,4503001,1000,30000000,12000000,4502000,1500000,3002000,1500000,0,0,0,1502000,6336482,6.3365
swap_distribute_parallel_for_1500_1500_1500,1500,1500,0,3000,22509000,6754501,1500,36000000,18000000,6753000,2250000,4503000,2250000,0,0,0,2253000,6353394,6.3534
swap_distribute_parallel_for_1500_1500_2000,1500,2000,0,4000,30012000,9006001,2000,42000000,24000000,9004000,3000000,6004000,3000000,0,0,0,3004000,6464979,6.4650
swap_distribute_parallel_for_1500_1500_2500,1500,2500,0,5000,37515000,11257501,2500,48000000,30000000,11255000,3750000,7505000,3750000,0,0,0,3755000,6494922,6.4949
swap_distribute_parallel_for_1500_1500_3000,1500,3000,0,6000,45018000,13509001,3000,54000000,36000000,13506000,4500000,9006000,4500000,0,0,0,4506000,6505852,6.5059
swap_distribute_parallel_for_1500_1500_3500,1500,3500,0,7000,52521000,15760501,3500,60000000,42000000,15757000,5250000,10507000,5250000,0,0,0,5257000,7182187,7.1822
swap_distribute_parallel_for_1500_1500_4000,1500,4000,0,8000,60024000,18012001,4000,66000000,48000000,18008000,6000000,12008000,6000000,0,0,0,6008000,7115297,7.1153
swap_distribute_parallel_for_1500_2000_1000,1500,1000,0,2000,20006000,6003001,1000,40000000,12000000,6002000,2000000,4002000,2000000,0,0,0,2002000,8445652,8.4457
swap_distribute_parallel_for_1500_2000_1500,1500,1500,0,3000,30009000,9004501,1500,48000000,18000000,9003000,3000000,6003000,3000000,0,0,0,3003000,8463501,8.4635
swap_distribute_parallel_for_1500_2000_2000,1500,2000,0,4000,40012000,12006001,2000,56000000,24000000,12004000,4000000,8004000,4000000,0,0,0,4004000,8611870,8.6119
swap_distribute_parallel_for_1500_2000_2500,1500,2500,0,5000,50015000,15007501,2500,64000000,30000000,15005000,5000000,10005000,5000000,0,0,0,5005000,8646461,8.6465
swap_distribute_parallel_for_1500_2000_3000,1500,3000,0,6000,60018000,18009001,3000,72000000,36000000,18006000,6000000,12006000,6000000,0,0,0,6006000,8671239,8.6712
swap_distribute_parallel_for_1500_2000_3500,1500,3500,0,7000,70021000,21010501,3500,80000000,42000000,21007000,7000000,14007000,7000000,0,0,0,7007000,9574819,9.5748
swap_distribute_parallel_for_1500_2000_4000,1500,4000,0,8000,80024000,24012001,4000,88000000,48000000,24008000,8000000,16008000,8000000,0,0,0,8008000,9474121,9.4741
swap_distribute_parallel_for_1500_2500_1000,1500,1000,0,2000,25006000,7503001,1000,50000000,12000000,7502000,2500000,5002000,2500000,0,0,0,2502000,10562107,10.5621
swap_distribute_parallel_for_1500_2500_1500,1500,1500,0,3000,37509000,11254501,1500,60000000,18000000,11253000,3750000,7503000,3750000,0,0,0,3753000,10579908,10.5799
swap_distribute_parallel_for_1500_2500_2000,1500,2000,0,4000,50012000,15006001,2000,70000000,24000000,15004000,5000000,10004000,5000000,0,0,0,5004000,10767710,10.7677
swap_distribute_parallel_for_1500_2500_2500,1500,2500,0,5000,62515000,18757501,2500,80000000,30000000,18755000,6250000,12505000,6250000,0,0,0,6255000,10806471,10.8065
swap_distribute_parallel_for_1500_2500_3000,1500,3000,0,6000,75018000,22509001,3000,90000000,36000000,22506000,7500000,15006000,7500000,0,0,0,7506000,10837258,10.8373
swap_distribute_parallel_for_1500_2500_3500,1500,3500,0,7000,87521000,26260501,3500,100000000,42000000,26257000,8750000,17507000,8750000,0,0,0,8757000,11974719,11.9747
swap_distribute_parallel_for_1500_2500_4000,1500,4000,0,8000,100024000,30012001,4000,110000000,48000000,30008000,10000000,20008000,10000000,0,0,0,10008000,11834489,11.8345
swap_distribute_parallel_for_1500_3000_1000,1500,1000,0,2000,30006000,9003001,1000,60000000,12000000,9002000,3000000,6002000,3000000,0,0,0,3002000,12665733,12.6657
swap_distribute_parallel_for_1500_3000_1500,1500,1500,0,3000,45009000,13504501,1500,72000000,18000000,13503000,4500000,9003000,4500000,0,0,0,4503000,12700917,12.7009
swap_distribute_parallel_for_1500_3000_2000,1500,2000,0,4000,60012000,18006001,2000,84000000,24000000,18004000,6000000,12004000,6000000,0,0,0,6004000,12916841,12.9168
swap_distribute_parallel_for_1500_3000_2500,1500,2500,0,5000,75015000,22507501,2500,96000000,30000000,22505000,7500000,15005000,7500000,0,0,0,7505000,12965889,12.9659
swap_distribute_parallel_for_1500_3000_3000,1500,3000,0,6000,90018000,27009001,3000,108000000,36000000,27006000,9000000,18006000,9000000,0,0,0,9006000,12997151,12.9972
swap_distribute_parallel_for_1500_3000_3500,1500,3500,0,7000,105021000,31510501,3500,120000000,42000000,31507000,10500000,21007000,10500000,0,0,0,10507000,14357904,14.3579
swap_distribute_parallel_for_1500_3000_4000,1500,4000,0,8000,120024000,36012001,4000,132000000,48000000,36008000,12000000,24008000,12000000,0,0,0,12008000,14209462,14.2095
swap_distribute_parallel_for_1500_3500_1000,1500,1000,0,2000,35006000,10503001,1000,70000000,12000000,10502000,3500000,7002000,3500000,0,0,0,3502000,14770556,14.7706
swap_distribute_parallel_for_1500_3500_1500,1500,1500,0,3000,52509000,15754501,1500,84000000,18000000,15753000,5250000,10503000,5250000,0,0,0,5253000,14791908,14.7919
swap_distribute_parallel_for_1500_3500_2000,1500,2000,0,4000,70012000,21006001,2000,98000000,24000000,21004000,7000000,14004000,7000000,0,0,0,7004000,15057226,15.0572
swap_distribute_parallel_for_1500_3500_2500,1500,2500,0,5000,87515000,26257501,2500,112000000,30000000,26255000,8750000,17505000,8750000,0,0,0,8755000,15125574,15.1256
swap_distribute_parallel_for_1500_3500_3000,1500,3000,0,6000,105018000,31509001,3000,126000000,36000000,31506000,10500000,21006000,10500000,0,0,0,10506000,15165824,15.1658
swap_distribute_parallel_for_1500_3500_3500,1500,3500,0,7000,122521000,36760501,3500,140000000,42000000,36757000,12250000,24507000,12250000,0,0,0,12257000,16755724,16.7557
swap_distribute_parallel_for_1500_3500_4000,1500,4000,0,8000,140024000,42012001,4000,154000000,48000000,42008000,14000000,28008000,14000000,0,0,0,14008000,16579953,16.5800
swap_distribute_parallel_for_1500_4000_1000,1500,1000,0,2000,40006000,12003001,1000,80000000,12000000,12002000,4000000,8002000,4000000,0,0,0,4002000,16887904,16.8879
swap_distribute_parallel_for_1500_4000_1500,1500,1500,0,3000,60009000,18004501,1500,96000000,18000000,18003000,6000000,12003000,6000000,0,0,0,6003000,16907918,16.9079
swap_distribute_parallel_for_1500_4000_2000,1500,2000,0,4000,80012000,24006001,2000,112000000,24000000,24004000,8000000,16004000,8000000,0,0,0,8004000,17224240,17.2242
swap_distribute_parallel_for_1500_4000_2500,1500,2500,0,5000,100015000,30007501,2500,128000000,30000000,30005000,10000000,20005000,10000000,0,0,0,10005000,17283823,17.2838
swap_distribute_parallel_for_1500_4000_3000,1500,3000,0,6000,120018000,36009001,3000,144000000,36000000,36006000,12000000,24006000,12000000,0,0,0,12006000,17332944,17.3329
swap_distribute_parallel_for_1500_4000_3500,1500,3500,0,7000,140021000,42010501,3500,160000000,42000000,42007000,14000000,28007000,14000000,0,0,0,14007000,19134637,19.1346
swap_distribute_parallel_for_1500_4000_4000,1500,4000,0,8000,160024000,48012001,4000,176000000,48000000,48008000,16000000,32008000,16000000,0,0,0,16008000,18927278,18.9273
swap_distribute_parallel_for_1700_1200_1200,1700,1200,0,2400,14407200,4323601,1200,27840000,16320000,4322400,1440000,2882400,1440000,0,0,0,1442400,5827218,5.8272
swap_distribute_parallel_for_1700_1200_1700,1700,1700,0,3400,20410200,6125101,1700,32640000,23120000,6123400,2040000,4083400,2040000,0,0,0,2043400,5913775,5.9138
swap_distribute_parallel_for_1700_1200_2200,1700,2200,0,4400,26413200,7926601,2200,37440000,29920000,7924400,2640000,5284400,2640000,0,0,0,2644400,5920222,5.9202
swap_distribute_parallel_for_1700_1200_2700,1700,2700,0,5400,32416200,9728101,2700,42240000,36720000,9725400,3240000,6485400,3240000,0,0,0,3245400,5925698,5.9257
swap_distribute_parallel_for_1700_1200_3200,1700,3200,0,6400,38419200,11529601,3200,47040000,43520000,11526400,3840000,7686400,3840000,0,0,0,3846400,5959486,5.9595
swap_distribute_parallel_for_1700_1200_3700,1700,3700,0,7400,44422200,13331101,3700,51840000,50320000,13327400,4440000,8887400,4440000,0,0,0,4447400,6599697,6.5997
swap_distribute_parallel_for_1700_1200_4200,1700,4200,0,8400,50425200,15132601,4200,56640000,57120000,15128400,5040000,10088400,5040000,0,0,0,5048400,6595611,6.5956
swap_distribute_parallel_for_1700_1700_1200,1700,1200,0,2400,20407200,6123601,1200,39440000,16320000,6122400,2040000,4082400,2040000,0,0,0,2042400,8274179,8.2742
swap_distribute_parallel_for_1700_1700_1700,1700,1700,0,3400,28910200,8675101,1700,46240000,23120000,8673400,2890000,5783400,2890000,0,0,0,2893400,8374773,8.3748
swap_distribute_parallel_for_1700_1700_2200,1700,2200,0,4400,37413200,11226601,2200,53040000,29920000,11224400,3740000,7484400,3740000,0,0,0,3744400,8390091,8.3901
swap_distribute_parallel_for_1700_1700_2700,1700,2700,0,5400,45916200,13778101,2700,59840000,36720000,13775400,4590000,9185400,4590000,0,0,0,4595400,8383648,8.3836
swap_distribute_parallel_for_1700_1700_3200,1700,3200,0,6400,54419200,16329601,3200,66640000,43520000,16326400,5440000,10886400,5440000,0,0,0,5446400,8392635,8.3926
swap_distribute_parallel_for_1700_1700_3700,1700,3700,0,7400,62922200,18881101,3700,73440000,50320000,18877400,6290000,12587400,6290000,0,0,0,6297400,9365440,9.3654
swap_distribute_parallel_for_1700_1700_4200,1700,4200,0,8400,71425200,21432601,4200,80240000,57120000,21428400,7140000,14288400,7140000,0,0,0,7148400,9349545,9.3495
swap_distribute_parallel_for_1700_2200_1200,1700,1200,0,2400,26407200,7923601,1200,51040000,16320000,7922400,2640000,5282400,2640000,0,0,0,2642400,10668972,10.6690
swap_distribute_parallel_for_1700_2200_1700,1700,1700,0,3400,37410200,11225101,1700,59840000,23120000,11223400,3740000,7483400,3740000,0,0,0,3743400,10830745,10.8307
swap_distribute_parallel_for_1700_2200_2200,1700,2200,0,4400,48413200,14526601,2200,68640000,29920000,14524400,4840000,9684400,4840000,0,0,0,4844400,10840053,10.8401
swap_distribute_parallel_for_1700_2200_2700,1700,2700,0,5400,59416200,17828101,2700,77440000,36720000,17825400,5940000,11885400,5940000,0,0,0,5945400,10882052,10.8821
swap_distribute_parallel_for_1700_2200_3200,1700,3200,0,6400,70419200,21129601,3200,86240000,43520000,21126400,7040000,14086400,7040000,0,0,0,7046400,10876188,10.8762
swap_distribute_parallel_for_1700_2200_3700,1700,3700,0,7400,81422200,24431101,3700,95040000,50320000,24427400,8140000,16287400,8140000,0,0,0,8147400,12074461,12.0745
swap_distribute_parallel_for_1700_2200_4200,1700,4200,0,8400,92425200,27732601,4200,103840000,57120000,27728400,9240000,18488400,9240000,0,0,0,9248400,12030187,12.0302
swap_distribute_parallel_for_1700_2700_1200,1700,1200,0,2400,32407200,9723601,1200,62640000,16320000,9722400,3240000,6482400,3240000,0,0,0,3242400,13098541,13.0985
swap_distribute_parallel_for_1700_2700_1700,1700,1700,0,3400,45910200,13775101,1700,73440000,23120000,13773400,4590000,9183400,4590000,0,0,0,4593400,13293065,13.2931
swap_distribute_parallel_for_1700_2700_2200,1700,2200,0,4400,59413200,17826601,2200,84240000,29920000,17824400,5940000,11884400,5940000,0,0,0,5944400,13300200,13.3002
swap_distribute_parallel_for_1700_2700_2700,1700,2700,0,5400,72916200,21878101,2700,95040000,36720000,21875400,7290000,14585400,7290000,0,0,0,7295400,13303879,13.3039
swap_distribute_parallel_for_1700_2700_3200,1700,3200,0,6400,86419200,25929601,3200,105840000,43520000,25926400,8640000,17286400,8640000,0,0,0,8646400,13341103,13.3411
swap_distribute_parallel_for_1700_2700_3700,1700,3700,0,7400,99922200,29981101,3700,116640000,50320000,29977400,9990000,19987400,9990000,0,0,0,9997400,14813799,14.8138
swap_distribute_parallel_for_1700_2700_4200,1700,4200,0,8400,113425200,34032601,4200,127440000,57120000,34028400,11340000,22688400,11340000,0,0,0,11348400,14774147,14.7741
swap_distribute_parallel_for_1700_3200_1200,1700,1200,0,2400,38407200,11523601,1200,74240000,16320000,11522400,3840000,7682400,3840000,0,0,0,3842400,15565406,15.5654
swap_distribute_parallel_for_1700_3200_1700,1700,1700,0,3400,54410200,16325101,1700,87040000,23120000,16323400,5440000,10883400,5440000,0,0,0,5443400,15758119,15.7581
swap_distribute_parallel_for_1700_3200_2200,1700,2200,0,4400,70413200,21126601,2200,99840000,29920000,21124400,7040000,14084400,7040000,0,0,0,7044400,15760476,15.7605
swap_distribute_parallel_for_1700_3200_2700,1700,2700,0,5400,86416200,25928101,2700,112640000,36720000,25925400,8640000,17285400,8640000,0,0,0,8645400,15820961,15.8210
swap_distribute_parallel_for_1700_3200_3200,1700,3200,0,6400,102419200,30729601,3200,125440000,43520000,30726400,10240000,20486400,10240000,0,0,0,10246400,15880372,15.8804
swap_distribute_parallel_for_1700_3200_3700,1700,3700,0,7400,118422200,35531101,3700,138240000,50320000,35527400,11840000,23687400,11840000,0,0,0,11847400,17557561,17.5576
swap_distribute_parallel_for_1700_3200_4200,1700,4200,0,8400,134425200,40332601,4200,151040000,57120000,40328400,13440000,26888400,13440000,0,0,0,13448400,17508587,17.5086
swap_distribute_parallel_for_1700_3700_1200,1700,1200,0,2400,44407200,13323601,1200,85840000,16320000,13322400,4440000,8882400,4440000,0,0,0,4442400,18014670,18.0147
swap_distribute_parallel_for_1700_3700_1700,1700,1700,0,3400,62910200,18875101,1700,100640000,23120000,18873400,6290000,12583400,6290000,0,0,0,6293400,18210314,18.2103
swap_distribute_parallel_for_1700_3700_2200,1700,2200,0,4400,81413200,24426601,2200,115440000,29920000,24424400,8140000,16284400,8140000,0,0,0,8144400,18232555,18.2326
swap_distribute_parallel_for_1700_3700_2700,1700,2700,0,5400,99916200,29978101,2700,130240000,36720000,29975400,9990000,19985400,9990000,0,0,0,9995400,18258191,18.2582
swap_distribute_parallel_for_1700_3700_3200,1700,3200,0,6400,118419200,35529601,3200,145040000,43520000,35526400,11840000,23686400,11840000,0,0,0,11846400,18236297,18.2363
swap_distribute_parallel_for_1700_3700_3700,1700,3700,0,7400,136922200,41081101,3700,159840000,50320000,41077400,13690000,27387400,13690000,0,0,0,13697400,20292589,20.2926
swap_distribute_parallel_for_1700_3700_4200,1700,4200,0,8400,155425200,46632601,4200,174640000,57120000,46628400,15540000,31088400,15540000,0,0,0,15548400,20265669,20.2657
swap_distribute_parallel_for_1750_1250_1250,1750,1250,0,2500,15632500,4691251,1250,30000000,17500000,4690000,1562500,3127500,1562500,0,0,0,1565000,6118202,6.1182
swap_distribute_parallel_for_1750_1250_1750,1750,1750,0,3500,21885500,6567751,1750,35000000,24500000,6566000,2187500,4378500,2187500,0,0,0,2191000,6243703,6.2437
swap_distribute_parallel_for_1750_1250_2250,1750,2250,0,4500,28138500,8444251,2250,40000000,31500000,8442000,2812500,5629500,2812500,0,0,0,2817000,6259989,6.2600
swap_distribute_parallel_for_1750_1250_2750,1750,2750,0,5500,34391500,10320751,2750,45000000,38500000,10318000,3437500,6880500,3437500,0,0,0,3443000,6286456,6.2865
swap_distribute_parallel_for_1750_1250_3250,1750,3250,0,6500,40644500,12197251,3250,50000000,45500000,12194000,4062500,8131500,4062500,0,0,0,4069000,6253627,6.2536
swap_distribute_parallel_for_1750_1250_3750,1750,3750,0,7500,46897500,14073751,3750,55000000,52500000,14070000,4687500,9382500,4687500,0,0,0,4695000,6913648,6.9136
swap_distribute_parallel_for_1750_1250_4250,1750,4250,0,8500,53150500,15950251,4250,60000000,59500000,15946000,5312500,10633500,5312500,0,0,0,5321000,6918731,6.9187
swap_distribute_parallel_for_1750_1750_1250,1750,1250,0,2500,21882500,6566251,1250,42000000,17500000,6565000,2187500,4377500,2187500,0,0,0,2190000,8578343,8.5783
swap_distribute_parallel_for_1750_1750_1750,1750,1750,0,3500,30635500,9192751,1750,49000000,24500000,9191000,3062500,6128500,3062500,0,0,0,3066000,8718605,8.7186
swap_distribute_parallel_for_1750_1750_2250,1750,2250,0,4500,39388500,11819251,2250,56000000,31500000,11817000,3937500,7879500,3937500,0,0,0,3942000,8740391,8.7404
swap_distribute_parallel_for_1750_1750_2750,1750,2750,0,5500,48141500,14445751,2750,63000000,38500000,14443000,4812500,9630500,4812500,0,0,0,4818000,8730081,8.7301
swap_distribute_parallel_for_1750_1750_3250,1750,3250,0,6500,56894500,17072251,3250,70000000,45500000,17069000,5687500,11381500,5687500,0,0,0,5694000,8750436,8.7504
swap_distribute_parallel_for_1750_1750_3750,1750,3750,0,7500,65647500,19698751,3750,77000000,52500000,19695000,6562500,13132500,6562500,0,0,0,6570000,9672734,9.6727
swap_distribute_parallel_for_1750_1750_4250,1750,4250,0,8500,74400500,22325251,4250,84000000,59500000,22321000,7437500,14883500,7437500,0,0,0,7446000,9688698,9.6887
swap_distribute_parallel_for_1750_2250_1250,1750,1250,0,2500,28132500,8441251,1250,54000000,17500000,8440000,2812500,5627500,2812500,0,0,0,2815000,10994476,10.9945
swap_distribute_parallel_for_1750_2250_1750,1750,1750,0,3500,39385500,11817751,1750,63000000,24500000,11816000,3937500,7878500,3937500,0,0,0,3941000,11204378,11.2044
swap_distribute_parallel_for_1750_2250_2250,1750,2250,0,4500,50638500,15194251,2250,72000000,31500000,15192000,5062500,10129500,5062500,0,0,0,5067000,11225311,11.2253
swap_distribute_parallel_for_1750_2250_2750,1750,2750,0,5500,61891500,18570751,2750,81000000,38500000,18568000,6187500,12380500,6187500,0,0,0,6193000,11211952,11.2120
swap_distribute_parallel_for_1750_2250_3250,1750,3250,0,6500,73144500,21947251,3250,90000000,45500000,21944000,7312500,14631500,7312500,0,0,0,7319000,11296898,11.2969
swap_distribute_parallel_for_1750_2250_3750,1750,3750,0,7500,84397500,25323751,3750,99000000,52500000,25320000,8437500,16882500,8437500,0,0,0,8445000,12429739,12.4297
swap_distribute_parallel_for_1750_2250_4250,1750,4250,0,8500,95650500,28700251,4250,108000000,59500000,28696000,9562500,19133500,9562500,0,0,0,9571000,12434054,12.4341
swap_distribute_parallel_for_1750_2750_1250,1750,1250,0,2500,34382500,10316251,1250,66000000,17500000,10315000,3437500,6877500,3437500,0,0,0,3440000,13434905,13.4349
swap_distribute_parallel_for_1750_2750_1750,1750,1750,0,3500,48135500,14442751,1750,77000000,24500000,14441000,4812500,9628500,4812500,0,0,0,4816000,13688149,13.6881
swap_distribute_parallel_for_1750_2750_2250,1750,2250,0,4500,61888500,18569251,2250,88000000,31500000,18567000,6187500,12379500,6187500,0,0,0,6192000,13718436,13.7184
swap_distribute_parallel_for_1750_2750_2750,1750,2750,0,5500,75641500,22695751,2750,99000000,38500000,22693000,7562500,15130500,7562500,0,0,0,7568000,13743642,13.7436
swap_distribute_parallel_for_1750_2750_3250,1750,3250,0,6500,89394500,26822251,3250,110000000,45500000,26819000,8937500,17881500,8937500,0,0,0,8944000,13788515,13.7885
swap_distribute_parallel_for_1750_2750_3750,1750,3750,0,7500,103147500,30948751,3750,121000000,52500000,30945000,10312500,20632500,10312500,0,0,0,10320000,15382879,15.3829
swap_distribute_parallel_for_1750_2750_4250,1750,4250,0,8500,116900500,35075251,4250,132000000,59500000,35071000,11687500,23383500,11687500,0,0,0,11696000,15199733,15.1997
swap_distribute_parallel_for_1750_3250_1250,1750,1250,0,2500,40632500,12191251,1250,78000000,17500000,12190000,4062500,8127500,4062500,0,0,0,4065000,15876319,15.8763
swap_distribute_parallel_for_1750_3250_1750,1750,1750,0,3500,56885500,17067751,1750,91000000,24500000,17066000,5687500,11378500,5687500,0,0,0,5691000,16168687,16.1687
swap_distribute_parallel_for_1750_3250_2250,1750,2250,0,4500,73138500,21944251,2250,104000000,31500000,21942000,7312500,14629500,7312500,0,0,0,7317000,16213043,16.2130
swap_distribute_parallel_for_1750_3250_2750,1750,2750,0,5500,89391500,26820751,2750,117000000,38500000,26818000,8937500,17880500,8937500,0,0,0,8943000,16200702,16.2007
swap_distribute_parallel_for_1750_3250_3250,1750,3250,0,6500,105644500,31697251,3250,130000000,45500000,31694000,10562500,21131500,10562500,0,0,0,10569000,16258614,16.2586
swap_distribute_parallel_for_1750_3250_3750,1750,3750,0,7500,121897500,36573751,3750,143000000,52500000,36570000,12187500,24382500,12187500,0,0,0,12195000,17945839,17.9458
swap_distribute_parallel_for_1750_3250_4250,1750,4250,0,8500,138150500,41450251,4250,156000000,59500000,41446000,13812500,27633500,13812500,0,0,0,13821000,17961426,17.9614
swap_distribute_parallel_for_1750_3750_1250,1750,1250,0,2500,46882500,14066251,1250,90000000,17500000,14065000,4687500,9377500,4687500,0,0,0,4690000,18322609,18.3226
swap_distribute_parallel_for_1750_3750_1750,1750,1750,0,3500,65635500,19692751,1750,105000000,24500000,19691000,6562500,13128500,6562500,0,0,0,6566000,18658545,18.6585
swap_distribute_parallel_for_1750_3750_2250,1750,2250,0,4500,84388500,25319251,2250,120000000,31500000,25317000,8437500,16879500,8437500,0,0,0,8442000,18703779,18.7038
swap_distribute_parallel_for_1750_3750_2750,1750,2750,0,5500,103141500,30945751,2750,135000000,38500000,30943000,10312500,20630500,10312500,0,0,0,10318000,18680198,18.6802
swap_distribute_parallel_for_1750_3750_3250,1750,3250,0,6500,121894500,36572251,3250,150000000,45500000,36569000,12187500,24381500,12187500,0,0,0,12194000,18817172,18.8172
swap_distribute_parallel_for_1750_3750_3750,1750,3750,0,7500,140647500,42198751,3750,165000000,52500000,42195000,14062500,28132500,14062500,0,0,0,14070000,20738701,20.7387
swap_distribute_parallel_for_1750_3750_4250,1750,4250,0,8500,159400500,47825251,4250,180000000,59500000,47821000,15937500,31883500,15937500,0,0,0,15946000,20720543,20.7205
swap_distribute_parallel_for_1750_4250_1250,1750,1250,0,2500,53132500,15941251,1250,102000000,17500000,15940000,5312500,10627500,5312500,0,0,0,5315000,20753682,20.7537
swap_distribute_parallel_for_1750_4250_1750,1750,1750,0,3500,74385500,22317751,1750,119000000,24500000,22316000,7437500,14878500,7437500,0,0,0,7441000,21169999,21.1700
swap_distribute_parallel_for_1750_4250_2250,1750,2250,0,4500,95638500,28694251,2250,136000000,31500000,28692000,9562500,19129500,9562500,0,0,0,9567000,21191488,21.1915
swap_distribute_parallel_for_1750_4250_2750,1750,2750,0,5500,116891500,35070751,2750,153000000,38500000,35068000,11687500,23380500,11687500,0,0,0,11693000,21184626,21.1846
swap_distribute_parallel_for_1750_4250_3250,1750,3250,0,6500,138144500,41447251,3250,170000000,45500000,41444000,13812500,27631500,13812500,0,0,0,13819000,21195397,21.1954
swap_distribute_parallel_for_1750_4250_3750,1750,3750,0,7500,159397500,47823751,3750,187000000,52500000,47820000,15937500,31882500,15937500,0,0,0,15945000,23493031,23.4930
swap_distribute_parallel_for_1750_4250_4250,1750,4250,0,8500,180650500,54200251,4250,204000000,59500000,54196000,18062500,36133500,18062500,0,0,0,18071000,23518894,23.5189
swap_distribute_parallel_for_1900_1400_1400,1900,1400,0,2800,19608400,5884201,1400,36960000,21280000,5882800,1960000,3922800,1960000,0,0,0,1962800,7617178,7.6172
swap_distribute_parallel_for_1900_1400_1900,1900,1900,0,3800,26611400,7985701,1900,42560000,28880000,7983800,2660000,5323800,2660000,0,0,0,2663800,7717415,7.7174
swap_distribute_parallel_for_1900_1400_2400,1900,2400,0,4800,33614400,10087201,2400,48160000,36480000,10084800,3360000,6724800,3360000,0,0,0,3364800,7717762,7.7178
swap_distribute_parallel_for_1900_1400_2900,1900,2900,0,5800,40617400,12188701,2900,53760000,44080000,12185800,4060000,8125800,4060000,0,0,0,4065800,7730784,7.7308
swap_distribute_parallel_for_1900_1400_3400,1900,3400,0,6800,47620400,14290201,3400,59360000,51680000,14286800,4760000,9526800,4760000,0,0,0,4766800,8505638,8.5056
swap_distribute_parallel_for_1900_1400_3900,1900,3900,0,7800,54623400,16391701,3900,64960000,59280000,16387800,5460000,10927800,5460000,0,0,0,5467800,8587238,8.5872
swap_distribute_parallel_for_1900_1400_900,1900,900,0,1800,12605400,3782701,900,31360000,13680000,3781800,1260000,2521800,1260000,0,0,0,1261800,7591210,7.5912
swap_distribute_parallel_for_1900_1900_1400,1900,1400,0,2800,26608400,7984201,1400,50160000,21280000,7982800,2660000,5322800,2660000,0,0,0,2662800,10356870,10.3569
swap_distribute_parallel_for_1900_1900_1900,1900,1900,0,3800,36111400,10835701,1900,57760000,28880000,10833800,3610000,7223800,3610000,0,0,0,3613800,10460376,10.4604
swap_distribute_parallel_for_1900_1900_2400,1900,2400,0,4800,45614400,13687201,2400,65360000,36480000,13684800,4560000,9124800,4560000,0,0,0,4564800,10467619,10.4676
swap_distribute_parallel_for_1900_1900_2900,1900,2900,0,5800,55117400,16538701,2900,72960000,44080000,16535800,5510000,11025800,5510000,0,0,0,5515800,10469185,10.4692
swap_distribute_parallel_for_1900_1900_3400,1900,3400,0,6800,64620400,19390201,3400,80560000,51680000,19386800,6460000,12926800,6460000,0,0,0,6466800,11506289,11.5063
swap_distribute_parallel_for_1900_1900_3900,1900,3900,0,7800,74123400,22241701,3900,88160000,59280000,22237800,7410000,14827800,7410000,0,0,0,7417800,11650521,11.6505
swap_distribute_parallel_for_1900_1900_900,1900,900,0,1800,17105400,5132701,900,42560000,13680000,5131800,1710000,3421800,1710000,0,0,0,1711800,10297015,10.2970
swap_distribute_parallel_for_1900_2400_1400,1900,1400,0,2800,33608400,10084201,1400,63360000,21280000,10082800,3360000,6722800,3360000,0,0,0,3362800,13064246,13.0642
swap_distribute_parallel_for_1900_2400_1900,1900,1900,0,3800,45611400,13685701,1900,72960000,28880000,13683800,4560000,9123800,4560000,0,0,0,4563800,13209452,13.2095
swap_distribute_parallel_for_1900_2400_2400,1900,2400,0,4800,57614400,17287201,2400,82560000,36480000,17284800,5760000,11524800,5760000,0,0,0,5764800,13215389,13.2154
swap_distribute_parallel_for_1900_2400_2900,1900,2900,0,5800,69617400,20888701,2900,92160000,44080000,20885800,6960000,13925800,6960000,0,0,0,6965800,13221931,13.2219
swap_distribute_parallel_for_1900_2400_3400,1900,3400,0,6800,81620400,24490201,3400,101760000,51680000,24486800,8160000,16326800,8160000,0,0,0,8166800,14654764,14.6548
swap_distribute_parallel_for_1900_2400_3900,1900,3900,0,7800,93623400,28091701,3900,111360000,59280000,28087800,9360000,18727800,9360000,0,0,0,9367800,14730121,14.7301
swap_distribute_parallel_for_1900_2400_900,1900,900,0,1800,21605400,6482701,900,53760000,13680000,6481800,2160000,4321800,2160000,0,0,0,2161800,13014206,13.0142
swap_distribute_parallel_for_1900_2900_1400,1900,1400,0,2800,40608400,12184201,1400,76560000,21280000,12182800,4060000,8122800,4060000,0,0,0,4062800,15764321,15.7643
swap_distribute_parallel_for_1900_2900_1900,1900,1900,0,3800,55111400,16535701,1900,88160000,28880000,16533800,5510000,11023800,5510000,0,0,0,5513800,15958462,15.9585
swap_distribute_parallel_for_1900_2900_2400,1900,2400,0,4800,69614400,20887201,2400,99760000,36480000,20884800,6960000,13924800,6960000,0,0,0,6964800,15980060,15.9801
swap_distribute_parallel_for_1900_2900_2900,1900,2900,0,5800,84117400,25238701,2900,111360000,44080000,25235800,8410000,16825800,8410000,0,0,0,8415800,15973525,15.9735
swap_distribute_parallel_for_1900_2900_3400,1900,3400,0,6800,98620400,29590201,3400,122960000,51680000,29586800,9860000,19726800,9860000,0,0,0,9866800,17576160,17.5762
swap_distribute_parallel_for_1900_2900_3900,1900,3900,0,7800,113123400,33941701,3900,134560000,59280000,33937800,11310000,22627800,11310000,0,0,0,11317800,17770442,17.7704
swap_distribute_parallel_for_1900_2900_900,1900,900,0,1800,26105400,7832701,900,64960000,13680000,7831800,2610000,5221800,2610000,0,0,0,2611800,15712627,15.7126
swap_distribute_parallel_for_1900_3400_1400,1900,1400,0,2800,47608400,14284201,1400,89760000,21280000,14282800,4760000,9522800,4760000,0,0,0,4762800,18484042,18.4840
swap_distribute_parallel_for_1900_3400_1900,1900,1900,0,3800,64611400,19385701,1900,103360000,28880000,19383800,6460000,12923800,6460000,0,0,0,6463800,18710173,18.7102
swap_distribute_parallel_for_1900_3400_2400,1900,2400,0,4800,81614400,24487201,2400,116960000,36480000,24484800,8160000,16324800,8160000,0,0,0,8164800,18788941,18.7889
swap_distribute_parallel_for_1900_3400_2900,1900,2900,0,5800,98617400,29588701,2900,130560000,44080000,29585800,9860000,19725800,9860000,0,0,0,9865800,18726854,18.7269
swap_distribute_parallel_for_1900_3400_3400,1900,3400,0,6800,115620400,34690201,3400,144160000,51680000,34686800,11560000,23126800,11560000,0,0,0,11566800,20772588,20.7726
swap_distribute_parallel_for_1900_3400_3900,1900,3900,0,7800,132623400,39791701,3900,157760000,59280000,39787800,13260000,26527800,13260000,0,0,0,13267800,20848659,20.8487
swap_distribute_parallel_for_1900_3400_900,1900,900,0,1800,30605400,9182701,900,76160000,13680000,9181800,3060000,6121800,3060000,0,0,0,3061800,18414495,18.4145
swap_distribute_parallel_for_1900_3900_1400,1900,1400,0,2800,54608400,16384201,1400,102960000,21280000,16382800,5460000,10922800,5460000,0,0,0,5462800,21197158,21.1972
swap_distribute_parallel_for_1900_3900_1900,1900,1900,0,3800,74111400,22235701,1900,118560000,28880000,22233800,7410000,14823800,7410000,0,0,0,7413800,21469788,21.4698
swap_distribute_parallel_for_1900_3900_2400,1900,2400,0,4800,93614400,28087201,2400,134160000,36480000,28084800,9360000,18724800,9360000,0,0,0,9364800,21480542,21.4805
swap_distribute_parallel_for_1900_3900_2900,1900,2900,0,5800,113117400,33938701,2900,149760000,44080000,33935800,11310000,22625800,11310000,0,0,0,11315800,21466529,21.4665
swap_distribute_parallel_for_1900_3900_3400,1900,3400,0,6800,132620400,39790201,3400,165360000,51680000,39786800,13260000,26526800,13260000,0,0,0,13266800,23784256,23.7843
swap_distribute_parallel_for_1900_3900_3900,1900,3900,0,7800,152123400,45641701,3900,180960000,59280000,45637800,15210000,30427800,15210000,0,0,0,15217800,23950381,23.9504
swap_distribute_parallel_for_1900_3900_900,1900,900,0,1800,35105400,10532701,900,87360000,13680000,10531800,3510000,7021800,3510000,0,0,0,3511800,21128409,21.1284
swap_distribute_parallel_for_1900_900_1400,1900,1400,0,2800,12608400,3784201,1400,23760000,21280000,3782800,1260000,2522800,1260000,0,0,0,1262800,4902381,4.9024
swap_distribute_parallel_for_1900_900_1900,1900,1900,0,3800,17111400,5135701,1900,27360000,28880000,5133800,1710000,3423800,1710000,0,0,0,1713800,4963159,4.9632
swap_distribute_parallel_for_1900_900_2400,1900,2400,0,4800,21614400,6487201,2400,30960000,36480000,6484800,2160000,4324800,2160000,0,0,0,2164800,4972184,4.9722
swap_distribute_parallel_for_1900_900_2900,1900,2900,0,5800,26117400,7838701,2900,34560000,44080000,7835800,2610000,5225800,2610000,0,0,0,2615800,4969156,4.9692
swap_distribute_parallel_for_1900_900_3400,1900,3400,0,6800,30620400,9190201,3400,38160000,51680000,9186800,3060000,6126800,3060000,0,0,0,3066800,5458764,5.4588
swap_distribute_parallel_for_1900_900_3900,1900,3900,0,7800,35123400,10541701,3900,41760000,59280000,10537800,3510000,7027800,3510000,0,0,0,3517800,5530830,5.5308
swap_distribute_parallel_for_1900_900_900,1900,900,0,1800,8105400,2432701,900,20160000,13680000,2431800,810000,1621800,810000,0,0,0,811800,4880988,4.8810
swap_distribute_parallel_for_2000_1000_1000,2000,1000,0,2000,10006000,3003001,1000,24000000,16000000,3002000,1000000,2002000,1000000,0,0,0,1002000,5631216,5.6312
swap_distribute_parallel_for_2000_1000_1500,2000,1500,0,3000,15009000,4504501,1500,28000000,24000000,4503000,1500000,3003000,1500000,0,0,0,1503000,5645958,5.6460
swap_distribute_parallel_for_2000_1000_2000,2000,2000,0,4000,20012000,6006001,2000,32000000,32000000,6004000,2000000,4004000,2000000,0,0,0,2004000,5745292,5.7453
swap_distribute_parallel_for_2000_1000_2500,2000,2500,0,5000,25015000,7507501,2500,36000000,40000000,7505000,2500000,5005000,2500000,0,0,0,2505000,5772566,5.7726
swap_distribute_parallel_for_2000_1000_3000,2000,3000,0,6000,30018000,9009001,3000,40000000,48000000,9006000,3000000,6006000,3000000,0,0,0,3006000,5786178,5.7862
swap_distribute_parallel_for_2000_1000_3500,2000,3500,0,7000,35021000,10510501,3500,44000000,56000000,10507000,3500000,7007000,3500000,0,0,0,3507000,6378450,6.3784
swap_distribute_parallel_for_2000_1000_4000,2000,4000,0,8000,40024000,12012001,4000,48000000,64000000,12008000,4000000,8008000,4000000,0,0,0,4008000,6317919,6.3179
swap_distribute_parallel_for_2000_1500_1000,2000,1000,0,2000,15006000,4503001,1000,36000000,16000000,4502000,1500000,3002000,1500000,0,0,0,1502000,8444663,8.4447
swap_distribute_parallel_for_2000_1500_1500,2000,1500,0,3000,22509000,6754501,1500,42000000,24000000,6753000,2250000,4503000,2250000,0,0,0,2253000,8468564,8.4686
swap_distribute_parallel_for_2000_1500_2000,2000,2000,0,4000,30012000,9006001,2000,48000000,32000000,9004000,3000000,6004000,3000000,0,0,0,3004000,8614713,8.6147
swap_distribute_parallel_for_2000_1500_2500,2000,2500,0,5000,37515000,11257501,2500,54000000,40000000,11255000,3750000,7505000,3750000,0,0,0,3755000,8651871,8.6519
swap_distribute_parallel_for_2000_1500_3000,2000,3000,0,6000,45018000,13509001,3000,60000000,48000000,13506000,4500000,9006000,4500000,0,0,0,4506000,8670478,8.6705
swap_distribute_parallel_for_2000_1500_3500,2000,3500,0,7000,52521000,15760501,3500,66000000,56000000,15757000,5250000,10507000,5250000,0,0,0,5257000,9572407,9.5724
swap_distribute_parallel_for_2000_1500_4000,2000,4000,0,8000,60024000,18012001,4000,72000000,64000000,18008000,6000000,12008000,6000000,0,0,0,6008000,9471703,9.4717
swap_distribute_parallel_for_2000_2000_1000,2000,1000,0,2000,20006000,6003001,1000,48000000,16000000,6002000,2000000,4002000,2000000,0,0,0,2002000,11259003,11.2590
swap_distribute_parallel_for_2000_2000_1500,2000,1500,0,3000,30009000,9004501,1500,56000000,24000000,9003000,3000000,6003000,3000000,0,0,0,3003000,11285653,11.2857
swap_distribute_parallel_for_2000_2000_2000,2000,2000,0,4000,40012000,12006001,2000,64000000,32000000,12004000,4000000,8004000,4000000,0,0,0,4004000,11480583,11.4806
swap_distribute_parallel_for_2000_2000_2500,2000,2500,0,5000,50015000,15007501,2500,72000000,40000000,15005000,5000000,10005000,5000000,0,0,0,5005000,11530964,11.5310
swap_distribute_parallel_for_2000_2000_3000,2000,3000,0,6000,60018000,18009001,3000,80000000,48000000,18006000,6000000,12006000,6000000,0,0,0,6006000,11555331,11.5553
swap_distribute_parallel_for_2000_2000_3500,2000,3500,0,7000,70021000,21010501,3500,88000000,56000000,21007000,7000000,14007000,7000000,0,0,0,7007000,12762151,12.7622
swap_distribute_parallel_for_2000_2000_4000,2000,4000,0,8000,80024000,24012001,4000,96000000,64000000,24008000,8000000,16008000,8000000,0,0,0,8008000,12623760,12.6238
swap_distribute_parallel_for_2000_2500_1000,2000,1000,0,2000,25006000,7503001,1000,60000000,16000000,7502000,2500000,5002000,2500000,0,0,0,2502000,14068061,14.0681
swap_distribute_parallel_for_2000_2500_1500,2000,1500,0,3000,37509000,11254501,1500,70000000,24000000,11253000,3750000,7503000,3750000,0,0,0,3753000,14101746,14.1017
swap_distribute_parallel_for_2000_2500_2000,2000,2000,0,4000,50012000,15006001,2000,80000000,32000000,15004000,5000000,10004000,5000000,0,0,0,5004000,14354899,14.3549
swap_distribute_parallel_for_2000_2500_2500,2000,2500,0,5000,62515000,18757501,2500,90000000,40000000,18755000,6250000,12505000,6250000,0,0,0,6255000,14420632,14.4206
swap_distribute_parallel_for_2000_2500_3000,2000,3000,0,6000,75018000,22509001,3000,100000000,48000000,22506000,7500000,15006000,7500000,0,0,0,7506000,14442692,14.4427
swap_distribute_parallel_for_2000_2500_3500,2000,3500,0,7000,87521000,26260501,3500,110000000,56000000,26257000,8750000,17507000,8750000,0,0,0,8757000,15950331,15.9503
swap_distribute_parallel_for_2000_2500_4000,2000,4000,0,8000,100024000,30012001,4000,120000000,64000000,30008000,10000000,20008000,10000000,0,0,0,10008000,15780778,15.7808
swap_distribute_parallel_for_2000_3000_1000,2000,1000,0,2000,30006000,9003001,1000,72000000,16000000,9002000,3000000,6002000,3000000,0,0,0,3002000,16870245,16.8702
swap_distribute_parallel_for_2000_3000_1500,2000,1500,0,3000,45009000,13504501,1500,84000000,24000000,13503000,4500000,9003000,4500000,0,0,0,4503000,16921189,16.9212
swap_distribute_parallel_for_2000_3000_2000,2000,2000,0,4000,60012000,18006001,2000,96000000,32000000,18004000,6000000,12004000,6000000,0,0,0,6004000,17210981,17.2110
swap_distribute_parallel_for_2000_3000_2500,2000,2500,0,5000,75015000,22507501,2500,108000000,40000000,22505000,7500000,15005000,7500000,0,0,0,7505000,17281809,17.2818
swap_distribute_parallel_for_2000_3000_3000,2000,3000,0,6000,90018000,27009001,3000,120000000,48000000,27006000,9000000,18006000,9000000,0,0,0,9006000,17323152,17.3232
swap_distribute_parallel_for_2000_3000_3500,2000,3500,0,7000,105021000,31510501,3500,132000000,56000000,31507000,10500000,21007000,10500000,0,0,0,10507000,19146033,19.1460
swap_distribute_parallel_for_2000_3000_4000,2000,4000,0,8000,120024000,36012001,4000,144000000,64000000,36008000,12000000,24008000,12000000,0,0,0,12008000,18919601,18.9196
swap_distribute_parallel_for_2000_3500_1000,2000,1000,0,2000,35006000,10503001,1000,84000000,16000000,10502000,3500000,7002000,3500000,0,0,0,3502000,19682749,19.6827
swap_distribute_parallel_for_2000_3500_1500,2000,1500,0,3000,52509000,15754501,1500,98000000,24000000,15753000,5250000,10503000,5250000,0,0,0,5253000,19727866,19.7279
swap_distribute_parallel_for_2000_3500_2000,2000,2000,0,4000,70012000,21006001,2000,112000000,32000000,21004000,7000000,14004000,7000000,0,0,0,7004000,20071474,20.0715
swap_distribute_parallel_for_2000_3500_2500,2000,2500,0,5000,87515000,26257501,2500,126000000,40000000,26255000,8750000,17505000,8750000,0,0,0,8755000,20163912,20.1639
swap_distribute_parallel_for_2000_3500_3000,2000,3000,0,6000,105018000,31509001,3000,140000000,48000000,31506000,10500000,21006000,10500000,0,0,0,10506000,20224702,20.2247
swap_distribute_parallel_for_2000_3500_3500,2000,3500,0,7000,122521000,36760501,3500,154000000,56000000,36757000,12250000,24507000,12250000,0,0,0,12257000,22322937,22.3229
swap_distribute_parallel_for_2000_3500_4000,2000,4000,0,8000,140024000,42012001,4000,168000000,64000000,42008000,14000000,28008000,14000000,0,0,0,14008000,22075256,22.0753
swap_distribute_parallel_for_2000_4000_1000,2000,1000,0,2000,40006000,12003001,1000,96000000,16000000,12002000,4000000,8002000,4000000,0,0,0,4002000,22499219,22.4992
swap_distribute_parallel_for_2000_4000_1500,2000,1500,0,3000,60009000,18004501,1500,112000000,24000000,18003000,6000000,12003000,6000000,0,0,0,6003000,22550218,22.5502
swap_distribute_parallel_for_2000_4000_2000,2000,2000,0,4000,80012000,24006001,2000,128000000,32000000,24004000,8000000,16004000,8000000,0,0,0,8004000,22948965,22.9490
swap_distribute_parallel_for_2000_4000_2500,2000,2500,0,5000,100015000,30007501,2500,144000000,40000000,30005000,10000000,20005000,10000000,0,0,0,10005000,23023140,23.0231
swap_distribute_parallel_for_2000_4000_3000,2000,3000,0,6000,120018000,36009001,3000,160000000,48000000,36006000,12000000,24006000,12000000,0,0,0,12006000,23103847,23.1038
swap_distribute_parallel_for_2000_4000_3500,2000,3500,0,7000,140021000,42010501,3500,176000000,56000000,42007000,14000000,28007000,14000000,0,0,0,14007000,25511949,25.5119
swap_distribute_parallel_for_2000_4000_4000,2000,4000,0,8000,160024000,48012001,4000,192000000,64000000,48008000,16000000,32008000,16000000,0,0,0,16008000,25240916,25.2409
swap_distribute_parallel_for_200_100_100,200,100,0,200,100600,30301,100,240000,160000,30200,10000,20200,10000,0,0,0,10200,53095,0.0531
swap_distribute_parallel_for_200_100_200,200,200,0,400,201200,60601,200,320000,320000,60400,20000,40400,20000,0,0,0,20400,53166,0.0532
swap_distribute_parallel_for_200_100_300,200,300,0,600,301800,90901,300,400000,480000,90600,30000,60600,30000,0,0,0,30600,55183,0.0552
swap_distribute_parallel_for_200_100_400,200,400,0,800,402400,121201,400,480000,640000,120800,40000,80800,40000,0,0,0,40800,55058,0.0551
swap_distribute_parallel_for_200_100_500,200,500,0,1000,503000,151501,500,560000,800000,151000,50000,101000,50000,0,0,0,51000,55163,0.0552
swap_distribute_parallel_for_200_100_600,200,600,0,1200,603600,181801,600,640000,960000,181200,60000,121200,60000,0,0,0,61200,55055,0.0551
swap_distribute_parallel_for_200_100_700,200,700,0,1400,704200,212101,700,720000,1120000,211400,70000,141400,70000,0,0,0,71400,54884,0.0549
swap_distribute_parallel_for_200_100_800,200,800,0,1600,804800,242401,800,800000,1280000,241600,80000,161600,80000,0,0,0,81600,58040,0.0580
swap_distribute_parallel_for_200_100_900,200,900,0,1800,905400,272701,900,880000,1440000,271800,90000,181800,90000,0,0,0,91800,55568,0.0556
swap_distribute_parallel_for_200_200_100,200,100,0,200,200600,60301,100,480000,160000,60200,20000,40200,20000,0,0,0,20200,104398,0.1044
swap_distribute_parallel_for_200_200_200,200,200,0,400,401200,120601,200,640000,320000,120400,40000,80400,40000,0,0,0,40400,105377,0.1054
swap_distribute_parallel_for_200_200_300,200,300,0,600,601800,180901,300,800000,480000,180600,60000,120600,60000,0,0,0,60600,108112,0.1081
swap_distribute_parallel_for_200_200_400,200,400,0,800,802400,241201,400,960000,640000,240800,80000,160800,80000,0,0,0,80800,107495,0.1075
swap_distribute_parallel_for_200_200_500,200,500,0,1000,1003000,301501,500,1120000,800000,301000,100000,201000,100000,0,0,0,101000,108871,0.1089
swap_distribute_parallel_for_200_200_600,200,600,0,1200,1203600,361801,600,1280000,960000,361200,120000,241200,120000,0,0,0,121200,108828,0.1088
swap_distribute_parallel_for_200_200_700,200,700,0,1400,1404200,422101,700,1440000,1120000,421400,140000,281400,140000,0,0,0,141400,108578,0.1086
swap_distribute_parallel_for_200_200_800,200,800,0,1600,1604800,482401,800,1600000,1280000,481600,160000,321600,160000,0,0,0,161600,110291,0.1103
swap_distribute_parallel_for_200_200_900,200,900,0,1800,1805400,542701,900,1760000,1440000,541800,180000,361800,180000,0,0,0,181800,109887,0.1099
swap_distribute_parallel_for_200_300_100,200,100,0,200,300600,90301,100,720000,160000,90200,30000,60200,30000,0,0,0,30200,156061,0.1561
swap_distribute_parallel_for_200_300_200,200,200,0,400,601200,180601,200,960000,320000,180400,60000,120400,60000,0,0,0,60400,169695,0.1697
swap_distribute_parallel_for_200_300_300,200,300,0,600,901800,270901,300,1200000,480000,270600,90000,180600,90000,0,0,0,90600,160514,0.1605
swap_distribute_parallel_for_200_300_400,200,400,0,800,1202400,361201,400,1440000,640000,360800,120000,240800,120000,0,0,0,120800,161124,0.1611
swap_distribute_parallel_for_200_300_500,200,500,0,1000,1503000,451501,500,1680000,800000,451000,150000,301000,150000,0,0,0,151000,161490,0.1615
swap_distribute_parallel_for_200_300_600,200,600,0,1200,1803600,541801,600,1920000,960000,541200,180000,361200,180000,0,0,0,181200,162045,0.1620
swap_distribute_parallel_for_200_300_700,200,700,0,1400,2104200,632101,700,2160000,1120000,631400,210000,421400,210000,0,0,0,211400,169883,0.1699
swap_distribute_parallel_for_200_300_800,200,800,0,1600,2404800,722401,800,2400000,1280000,721600,240000,481600,240000,0,0,0,241600,173338,0.1733
swap_distribute_parallel_for_200_300_900,200,900,0,1800,2705400,812701,900,2640000,1440000,811800,270000,541800,270000,0,0,0,271800,171758,0.1718
swap_distribute_parallel_for_200_400_100,200,100,0,200,400600,120301,100,960000,160000,120200,40000,80200,40000,0,0,0,40200,208701,0.2087
swap_distribute_parallel_for_200_400_200,200,200,0,400,801200,240601,200,1280000,320000,240400,80000,160400,80000,0,0,0,80400,209542,0.2095
swap_distribute_parallel_for_200_400_300,200,300,0,600,1201800,360901,300,1600000,480000,360600,120000,240600,120000,0,0,0,120600,214439,0.2144
swap_distribute_parallel_for_200_400_400,200,400,0,800,1602400,481201,400,1920000,640000,480800,160000,320800,160000,0,0,0,160800,214279,0.2143
swap_distribute_parallel_for_200_400_500,200,500,0,1000,2003000,601501,500,2240000,800000,601000,200000,401000,200000,0,0,0,201000,220409,0.2204
swap_distribute_parallel_for_200_400_600,200,600,0,1200,2403600,721801,600,2560000,960000,721200,240000,481200,240000,0,0,0,241200,230443,0.2304
swap_distribute_parallel_for_200_400_700,200,700,0,1400,2804200,842101,700,2880000,1120000,841400,280000,561400,280000,0,0,0,281400,231008,0.2310
swap_distribute_parallel_for_200_400_800,200,800,0,1600,3204800,962401,800,3200000,1280000,961600,320000,641600,320000,0,0,0,321600,232713,0.2327
swap_distribute_parallel_for_200_400_900,200,900,0,1800,3605400,1082701,900,3520000,1440000,1081800,360000,721800,360000,0,0,0,361800,233500,0.2335
swap_distribute_parallel_for_200_500_100,200,100,0,200,500600,150301,100,1200000,160000,150200,50000,100200,50000,0,0,0,50200,293867,0.2939
swap_distribute_parallel_for_200_500_200,200,200,0,400,1001200,300601,200,1600000,320000,300400,100000,200400,100000,0,0,0,100400,270943,0.2709
swap_distribute_parallel_for_200_500_300,200,300,0,600,1501800,450901,300,2000000,480000,450600,150000,300600,150000,0,0,0,150600,268000,0.2680
swap_distribute_parallel_for_200_500_400,200,400,0,800,2002400,601201,400,2400000,640000,600800,200000,400800,200000,0,0,0,200800,275602,0.2756
swap_distribute_parallel_for_200_500_500,200,500,0,1000,2503000,751501,500,2800000,800000,751000,250000,501000,250000,0,0,0,251000,285585,0.2856
swap_distribute_parallel_for_200_500_600,200,600,0,1200,3003600,901801,600,3200000,960000,901200,300000,601200,300000,0,0,0,301200,284746,0.2847
swap_distribute_parallel_for_200_500_700,200,700,0,1400,3504200,1052101,700,3600000,1120000,1051400,350000,701400,350000,0,0,0,351400,288475,0.2885
swap_distribute_parallel_for_200_500_800,200,800,0,1600,4004800,1202401,800,4000000,1280000,1201600,400000,801600,400000,0,0,0,401600,288672,0.2887
swap_distribute_parallel_for_200_500_900,200,900,0,1800,4505400,1352701,900,4400000,1440000,1351800,450000,901800,450000,0,0,0,451800,287938,0.2879
swap_distribute_parallel_for_200_600_100,200,100,0,200,600600,180301,100,1440000,160000,180200,60000,120200,60000,0,0,0,60200,312268,0.3123
swap_distribute_parallel_for_200_600_200,200,200,0,400,1201200,360601,200,1920000,320000,360400,120000,240400,120000,0,0,0,120400,314006,0.3140
swap_distribute_parallel_for_200_600_300,200,300,0,600,1801800,540901,300,2400000,480000,540600,180000,360600,180000,0,0,0,180600,320428,0.3204
swap_distribute_parallel_for_200_600_400,200,400,0,800,2402400,721201,400,2880000,640000,720800,240000,480800,240000,0,0,0,240800,339538,0.3395
swap_distribute_parallel_for_200_600_500,200,500,0,1000,3003000,901501,500,3360000,800000,901000,300000,601000,300000,0,0,0,301000,340221,0.3402
swap_distribute_parallel_for_200_600_600,200,600,0,1200,3603600,1081801,600,3840000,960000,1081200,360000,721200,360000,0,0,0,361200,340530,0.3405
swap_distribute_parallel_for_200_600_700,200,700,0,1400,4204200,1262101,700,4320000,1120000,1261400,420000,841400,420000,0,0,0,421400,344748,0.3447
swap_distribute_parallel_for_200_600_800,200,800,0,1600,4804800,1442401,800,4800000,1280000,1441600,480000,961600,480000,0,0,0,481600,345913,0.3459
swap_distribute_parallel_for_200_600_900,200,900,0,1800,5405400,1622701,900,5280000,1440000,1621800,540000,1081800,540000,0,0,0,541800,343595,0.3436
swap_distribute_parallel_for_200_700_100,200,100,0,200,700600,210301,100,1680000,160000,210200,70000,140200,70000,0,0,0,70200,363438,0.3634
swap_distribute_parallel_for_200_700_200,200,200,0,400,1401200,420601,200,2240000,320000,420400,140000,280400,140000,0,0,0,140400,364932,0.3649
swap_distribute_parallel_for_200_700_300,200,300,0,600,2101800,630901,300,2800000,480000,630600,210000,420600,210000,0,0,0,210600,395392,0.3954
swap_distribute_parallel_for_200_700_400,200,400,0,800,2802400,841201,400,3360000,640000,840800,280000,560800,280000,0,0,0,280800,405689,0.4057
swap_distribute_parallel_for_200_700_500,200,500,0,1000,3503000,1051501,500,3920000,800000,1051000,350000,701000,350000,0,0,0,351000,397135,0.3971
swap_distribute_parallel_for_200_700_600,200,600,0,1200,4203600,1261801,600,4480000,960000,1261200,420000,841200,420000,0,0,0,421200,397091,0.3971
swap_distribute_parallel_for_200_700_700,200,700,0,1400,4904200,1472101,700,5040000,1120000,1471400,490000,981400,490000,0,0,0,491400,401243,0.4012
swap_distribute_parallel_for_200_700_800,200,800,0,1600,5604800,1682401,800,5600000,1280000,1681600,560000,1121600,560000,0,0,0,561600,402600,0.4026
swap_distribute_parallel_for_200_700_900,200,900,0,1800,6305400,1892701,900,6160000,1440000,1891800,630000,1261800,630000,0,0,0,631800,400469,0.4005
swap_distribute_parallel_for_200_800_100,200,100,0,200,800600,240301,100,1920000,160000,240200,80000,160200,80000,0,0,0,80200,415562,0.4156
swap_distribute_parallel_for_200_800_200,200,200,0,400,1601200,480601,200,2560000,320000,480400,160000,320400,160000,0,0,0,160400,418541,0.4185
swap_distribute_parallel_for_200_800_300,200,300,0,600,2401800,720901,300,3200000,480000,720600,240000,480600,240000,0,0,0,240600,456660,0.4567
swap_distribute_parallel_for_200_800_400,200,400,0,800,3202400,961201,400,3840000,640000,960800,320000,640800,320000,0,0,0,320800,452490,0.4525
swap_distribute_parallel_for_200_800_500,200,500,0,1000,4003000,1201501,500,4480000,800000,1201000,400000,801000,400000,0,0,0,401000,453565,0.4536
swap_distribute_parallel_for_200_800_600,200,600,0,1200,4803600,1441801,600,5120000,960000,1441200,480000,961200,480000,0,0,0,481200,452923,0.4529
swap_distribute_parallel_for_200_800_700,200,700,0,1400,5604200,1682101,700,5760000,1120000,1681400,560000,1121400,560000,0,0,0,561400,453894,0.4539
swap_distribute_parallel_for_200_800_800,200,800,0,1600,6404800,1922401,800,6400000,1280000,1921600,640000,1281600,640000,0,0,0,641600,460003,0.4600
swap_distribute_parallel_for_200_800_900,200,900,0,1800,7205400,2162701,900,7040000,1440000,2161800,720000,1441800,720000,0,0,0,721800,459512,0.4595
swap_distribute_parallel_for_200_900_100,200,100,0,200,900600,270301,100,2160000,160000,270200,90000,180200,90000,0,0,0,90200,470294,0.4703
swap_distribute_parallel_for_200_900_200,200,200,0,400,1801200,540601,200,2880000,320000,540400,180000,360400,180000,0,0,0,180400,469381,0.4694
swap_distribute_parallel_for_200_900_300,200,300,0,600,2701800,810901,300,3600000,480000,810600,270000,540600,270000,0,0,0,270600,508816,0.5088
swap_distribute_parallel_for_200_900_400,200,400,0,800,3602400,1081201,400,4320000,640000,1080800,360000,720800,360000,0,0,0,360800,509182,0.5092
swap_distribute_parallel_for_200_900_500,200,500,0,1000,4503000,1351501,500,5040000,800000,1351000,450000,901000,450000,0,0,0,451000,509768,0.5098
swap_distribute_parallel_for_200_900_600,200,600,0,1200,5403600,1621801,600,5760000,960000,1621200,540000,1081200,540000,0,0,0,541200,509367,0.5094
swap_distribute_parallel_for_200_900_700,200,700,0,1400,6304200,1892101,700,6480000,1120000,1891400,630000,1261400,630000,0,0,0,631400,510349,0.5103
swap_distribute_parallel_for_200_900_800,200,800,0,1600,7204800,2162401,800,7200000,1280000,2161600,720000,1441600,720000,0,0,0,721600,518755,0.5188
swap_distribute_parallel_for_200_900_900,200,900,0,1800,8105400,2432701,900,7920000,1440000,2431800,810000,1621800,810000,0,0,0,811800,519338,0.5193
swap_distribute_parallel_for_2150_2150_2150,2150,2150,0,4300,46237900,13873951,2150,73960000,36980000,13871800,4622500,9249300,4622500,0,0,0,4626800,13318906,13.3189
swap_distribute_parallel_for_2150_2150_2250,2150,2250,0,4500,48388500,14519251,2250,75680000,38700000,14517000,4837500,9679500,4837500,0,0,0,4842000,13375671,13.3757
swap_distribute_parallel_for_2150_2150_2350,2150,2350,0,4700,50539100,15164551,2350,77400000,40420000,15162200,5052500,10109700,5052500,0,0,0,5057200,13374580,13.3746
swap_distribute_parallel_for_2150_2150_2450,2150,2450,0,4900,52689700,15809851,2450,79120000,42140000,15807400,5267500,10539900,5267500,0,0,0,5272400,13452565,13.4526
swap_distribute_parallel_for_2150_2150_2550,2150,2550,0,5100,54840300,16455151,2550,80840000,43860000,16452600,5482500,10970100,5482500,0,0,0,5487600,13414868,13.4149
swap_distribute_parallel_for_2150_2150_2650,2150,2650,0,5300,56990900,17100451,2650,82560000,45580000,17097800,5697500,11400300,5697500,0,0,0,5702800,13423780,13.4238
swap_distribute_parallel_for_2150_2150_2750,2150,2750,0,5500,59141500,17745751,2750,84280000,47300000,17743000,5912500,11830500,5912500,0,0,0,5918000,13384730,13.3847
swap_distribute_parallel_for_2150_2150_2850,2150,2850,0,5700,61292100,18391051,2850,86000000,49020000,18388200,6127500,12260700,6127500,0,0,0,6133200,13380494,13.3805
swap_distribute_parallel_for_2150_2150_2950,2150,2950,0,5900,63442700,19036351,2950,87720000,50740000,19033400,6342500,12690900,6342500,0,0,0,6348400,13427342,13.4273
swap_distribute_parallel_for_2150_2250_2150,2150,2150,0,4300,48387900,14518951,2150,77400000,36980000,14516800,4837500,9679300,4837500,0,0,0,4841800,13930177,13.9302
swap_distribute_parallel_for_2150_2250_2250,2150,2250,0,4500,50638500,15194251,2250,79200000,38700000,15192000,5062500,10129500,5062500,0,0,0,5067000,13987267,13.9873
swap_distribute_parallel_for_2150_2250_2350,2150,2350,0,4700,52889100,15869551,2350,81000000,40420000,15867200,5287500,10579700,5287500,0,0,0,5292200,13998372,13.9984
swap_distribute_parallel_for_2150_2250_2450,2150,2450,0,4900,55139700,16544851,2450,82800000,42140000,16542400,5512500,11029900,5512500,0,0,0,5517400,13984061,13.9841
swap_distribute_parallel_for_2150_2250_2550,2150,2550,0,5100,57390300,17220151,2550,84600000,43860000,17217600,5737500,11480100,5737500,0,0,0,5742600,14024895,14.0249
swap_distribute_parallel_for_2150_2250_2650,2150,2650,0,5300,59640900,17895451,2650,86400000,45580000,17892800,5962500,11930300,5962500,0,0,0,5967800,13986295,13.9863
swap_distribute_parallel_for_2150_2250_2750,2150,2750,0,5500,61891500,18570751,2750,88200000,47300000,18568000,6187500,12380500,6187500,0,0,0,6193000,13999569,13.9996
swap_distribute_parallel_for_2150_2250_2850,2150,2850,0,5700,64142100,19246051,2850,90000000,49020000,19243200,6412500,12830700,6412500,0,0,0,6418200,13998160,13.9982
swap_distribute_parallel_for_2150_2250_2950,2150,2950,0,5900,66392700,19921351,2950,91800000,50740000,19918400,6637500,13280900,6637500,0,0,0,6643400,14001263,14.0013
swap_distribute_parallel_for_2150_2350_2150,2150,2150,0,4300,50537900,15163951,2150,80840000,36980000,15161800,5052500,10109300,5052500,0,0,0,5056800,14575533,14.5755
swap_distribute_parallel_for_2150_2350_2250,2150,2250,0,4500,52888500,15869251,2250,82720000,38700000,15867000,5287500,10579500,5287500,0,0,0,5292000,14599550,14.5996
swap_distribute_parallel_for_2150_2350_2350,2150,2350,0,4700,55239100,16574551,2350,84600000,40420000,16572200,5522500,11049700,5522500,0,0,0,5527200,14639584,14.6396
swap_distribute_parallel_for_2150_2350_2450,2150,2450,0,4900,57589700,17279851,2450,86480000,42140000,17277400,5757500,11519900,5757500,0,0,0,5762400,14648380,14.6484
swap_distribute_parallel_for_2150_2350_2550,2150,2550,0,5100,59940300,17985151,2550,88360000,43860000,17982600,5992500,11990100,5992500,0,0,0,5997600,14618847,14.6188
swap_distribute_parallel_for_2150_2350_2650,2150,2650,0,5300,62290900,18690451,2650,90240000,45580000,18687800,6227500,12460300,6227500,0,0,0,6232800,14611746,14.6117
swap_distribute_parallel_for_2150_2350_2750,2150,2750,0,5500,64641500,19395751,2750,92120000,47300000,19393000,6462500,12930500,6462500,0,0,0,6468000,14604450,14.6044
swap_distribute_parallel_for_2150_2350_2850,2150,2850,0,5700,66992100,20101051,2850,94000000,49020000,20098200,6697500,13400700,6697500,0,0,0,6703200,14617894,14.6179
swap_distribute_parallel_for_2150_2350_2950,2150,2950,0,5900,69342700,20806351,2950,95880000,50740000,20803400,6932500,13870900,6932500,0,0,0,6938400,14621549,14.6215
swap_distribute_parallel_for_2150_2450_2150,2150,2150,0,4300,52687900,15808951,2150,84280000,36980000,15806800,5267500,10539300,5267500,0,0,0,5271800,15167123,15.1671
swap_distribute_parallel_for_2150_2450_2250,2150,2250,0,4500,55138500,16544251,2250,86240000,38700000,16542000,5512500,11029500,5512500,0,0,0,5517000,15221221,15.2212
swap_distribute_parallel_for_2150_2450_2350,2150,2350,0,4700,57589100,17279551,2350,88200000,40420000,17277200,5757500,11519700,5757500,0,0,0,5762200,15233480,15.2335
swap_distribute_parallel_for_2150_2450_2450,2150,2450,0,4900,60039700,18014851,2450,90160000,42140000,18012400,6002500,12009900,6002500,0,0,0,6007400,15220812,15.2208
swap_distribute_parallel_for_2150_2450_2550,2150,2550,0,5100,62490300,18750151,2550,92120000,43860000,18747600,6247500,12500100,6247500,0,0,0,6252600,15220947,15.2209
swap_distribute_parallel_for_2150_2450_2650,2150,2650,0,5300,64940900,19485451,2650,94080000,45580000,19482800,6492500,12990300,6492500,0,0,0,6497800,15233840,15.2338
swap_distribute_parallel_for_2150_2450_2750,2150,2750,0,5500,67391500,20220751,2750,96040000,47300000,20218000,6737500,13480500,6737500,0,0,0,6743000,15233340,15.2333
swap_distribute_parallel_for_2150_2450_2850,2150,2850,0,5700,69842100,20956051,2850,98000000,49020000,20953200,6982500,13970700,6982500,0,0,0,6988200,15239528,15.2395
swap_distribute_parallel_for_2150_2450_2950,2150,2950,0,5900,72292700,21691351,2950,99960000,50740000,21688400,7227500,14460900,7227500,0,0,0,7233400,15245497,15.2455
swap_distribute_parallel_for_2150_2550_2150,2150,2150,0,4300,54837900,16453951,2150,87720000,36980000,16451800,5482500,10969300,5482500,0,0,0,5486800,15795322,15.7953
swap_distribute_parallel_for_2150_2550_2250,2150,2250,0,4500,57388500,17219251,2250,89760000,38700000,17217000,5737500,11479500,5737500,0,0,0,5742000,15841002,15.8410
swap_distribute_parallel_for_2150_2550_2350,2150,2350,0,4700,59939100,17984551,2350,91800000,40420000,17982200,5992500,11989700,5992500,0,0,0,5997200,15911226,15.9112
swap_distribute_parallel_for_2150_2550_2450,2150,2450,0,4900,62489700,18749851,2450,93840000,42140000,18747400,6247500,12499900,6247500,0,0,0,6252400,15912455,15.9125
swap_distribute_parallel_for_2150_2550_2550,2150,2550,0,5100,65040300,19515151,2550,95880000,43860000,19512600,6502500,13010100,6502500,0,0,0,6507600,15922741,15.9227
swap_distribute_parallel_for_2150_2550_2650,2150,2650,0,5300,67590900,20280451,2650,97920000,45580000,20277800,6757500,13520300,6757500,0,0,0,6762800,15854441,15.8544
swap_distribute_parallel_for_2150_2550_2750,2150,2750,0,5500,70141500,21045751,2750,99960000,47300000,21043000,7012500,14030500,7012500,0,0,0,7018000,15856948,15.8569
swap_distribute_parallel_for_2150_2550_2850,2150,2850,0,5700,72692100,21811051,2850,102000000,49020000,21808200,7267500,14540700,7267500,0,0,0,7273200,15861196,15.8612
swap_distribute_parallel_for_2150_2550_2950,2150,2950,0,5900,75242700,22576351,2950,104040000,50740000,22573400,7522500,15050900,7522500,0,0,0,7528400,15867775,15.8678
swap_distribute_parallel_for_2150_2650_2150,2150,2150,0,4300,56987900,17098951,2150,91160000,36980000,17096800,5697500,11399300,5697500,0,0,0,5701800,16417972,16.4180
swap_distribute_parallel_for_2150_2650_2250,2150,2250,0,4500,59638500,17894251,2250,93280000,38700000,17892000,5962500,11929500,5962500,0,0,0,5967000,16479042,16.4790
swap_distribute_parallel_for_2150_2650_2350,2150,2350,0,4700,62289100,18689551,2350,95400000,40420000,18687200,6227500,12459700,6227500,0,0,0,6232200,16475795,16.4758
swap_distribute_parallel_for_2150_2650_2450,2150,2450,0,4900,64939700,19484851,2450,97520000,42140000,19482400,6492500,12989900,6492500,0,0,0,6497400,16468051,16.4681
swap_distribute_parallel_for_2150_2650_2550,2150,2550,0,5100,67590300,20280151,2550,99640000,43860000,20277600,6757500,13520100,6757500,0,0,0,6762600,16459154,16.4592
swap_distribute_parallel_for_2150_2650_2650,2150,2650,0,5300,70240900,21075451,2650,101760000,45580000,21072800,7022500,14050300,7022500,0,0,0,7027800,16483575,16.4836
swap_distribute_parallel_for_2150_2650_2750,2150,2750,0,5500,72891500,21870751,2750,103880000,47300000,21868000,7287500,14580500,7287500,0,0,0,7293000,16480610,16.4806
swap_distribute_parallel_for_2150_2650_2850,2150,2850,0,5700,75542100,22666051,2850,106000000,49020000,22663200,7552500,15110700,7552500,0,0,0,7558200,16481467,16.4815
swap_distribute_parallel_for_2150_2650_2950,2150,2950,0,5900,78192700,23461351,2950,108120000,50740000,23458400,7817500,15640900,7817500,0,0,0,7823400,16529542,16.5295
swap_distribute_parallel_for_2150_2750_2150,2150,2150,0,4300,59137900,17743951,2150,94600000,36980000,17741800,5912500,11829300,5912500,0,0,0,5916800,17027569,17.0276
swap_distribute_parallel_for_2150_2750_2250,2150,2250,0,4500,61888500,18569251,2250,96800000,38700000,18567000,6187500,12379500,6187500,0,0,0,6192000,17105107,17.1051
swap_distribute_parallel_for_2150_2750_2350,2150,2350,0,4700,64639100,19394551,2350,99000000,40420000,19392200,6462500,12929700,6462500,0,0,0,6467200,17111188,17.1112
swap_distribute_parallel_for_2150_2750_2450,2150,2450,0,4900,67389700,20219851,2450,101200000,42140000,20217400,6737500,13479900,6737500,0,0,0,6742400,17091119,17.0911
swap_distribute_parallel_for_2150_2750_2550,2150,2550,0,5100,70140300,21045151,2550,103400000,43860000,21042600,7012500,14030100,7012500,0,0,0,7017600,17093750,17.0938
swap_distribute_parallel_for_2150_2750_2650,2150,2650,0,5300,72890900,21870451,2650,105600000,45580000,21867800,7287500,14580300,7287500,0,0,0,7292800,17097347,17.0973
swap_distribute_parallel_for_2150_2750_2750,2150,2750,0,5500,75641500,22695751,2750,107800000,47300000,22693000,7562500,15130500,7562500,0,0,0,7568000,17102436,17.1024
swap_distribute_parallel_for_2150_2750_2850,2150,2850,0,5700,78392100,23521051,2850,110000000,49020000,23518200,7837500,15680700,7837500,0,0,0,7843200,17103139,17.1031
swap_distribute_parallel_for_2150_2750_2950,2150,2950,0,5900,81142700,24346351,2950,112200000,50740000,24343400,8112500,16230900,8112500,0,0,0,8118400,17116822,17.1168
swap_distribute_parallel_for_2150_2850_2150,2150,2150,0,4300,61287900,18388951,2150,98040000,36980000,18386800,6127500,12259300,6127500,0,0,0,6131800,17654639,17.6546
swap_distribute_parallel_for_2150_2850_2250,2150,2250,0,4500,64138500,19244251,2250,100320000,38700000,19242000,6412500,12829500,6412500,0,0,0,6417000,17701364,17.7014
swap_distribute_parallel_for_2150_2850_2350,2150,2350,0,4700,66989100,20099551,2350,102600000,40420000,20097200,6697500,13399700,6697500,0,0,0,6702200,17719268,17.7193
swap_distribute_parallel_for_2150_2850_2450,2150,2450,0,4900,69839700,20954851,2450,104880000,42140000,20952400,6982500,13969900,6982500,0,0,0,6987400,17710715,17.7107
swap_distribute_parallel_for_2150_2850_2550,2150,2550,0,5100,72690300,21810151,2550,107160000,43860000,21807600,7267500,14540100,7267500,0,0,0,7272600,17727529,17.7275
swap_distribute_parallel_for_2150_2850_2650,2150,2650,0,5300,75540900,22665451,2650,109440000,45580000,22662800,7552500,15110300,7552500,0,0,0,7557800,17725600,17.7256
swap_distribute_parallel_for_2150_2850_2750,2150,2750,0,5500,78391500,23520751,2750,111720000,47300000,23518000,7837500,15680500,7837500,0,0,0,7843000,17722642,17.7226
swap_distribute_parallel_for_2150_2850_2850,2150,2850,0,5700,81242100,24376051,2850,114000000,49020000,24373200,8122500,16250700,8122500,0,0,0,8128200,17725987,17.7260
swap_distribute_parallel_for_2150_2850_2950,2150,2950,0,5900,84092700,25231351,2950,116280000,50740000,25228400,8407500,16820900,8407500,0,0,0,8413400,17734608,17.7346
swap_distribute_parallel_for_2150_2950_2150,2150,2150,0,4300,63437900,19033951,2150,101480000,36980000,19031800,6342500,12689300,6342500,0,0,0,6346800,18261311,18.2613
swap_distribute_parallel_for_2150_2950_2250,2150,2250,0,4500,66388500,19919251,2250,103840000,38700000,19917000,6637500,13279500,6637500,0,0,0,6642000,18327961,18.3280
swap_distribute_parallel_for_2150_2950_2350,2150,2350,0,4700,69339100,20804551,2350,106200000,40420000,20802200,6932500,13869700,6932500,0,0,0,6937200,18349170,18.3492
swap_distribute_parallel_for_2150_2950_2450,2150,2450,0,4900,72289700,21689851,2450,108560000,42140000,21687400,7227500,14459900,7227500,0,0,0,7232400,18361130,18.3611
swap_distribute_parallel_for_2150_2950_2550,2150,2550,0,5100,75240300,22575151,2550,110920000,43860000,22572600,7522500,15050100,7522500,0,0,0,7527600,18362339,18.3623
swap_distribute_parallel_for_2150_2950_2650,2150,2650,0,5300,78190900,23460451,2650,113280000,45580000,23457800,7817500,15640300,7817500,0,0,0,7822800,18335974,18.3360
swap_distribute_parallel_for_2150_2950_2750,2150,2750,0,5500,81141500,24345751,2750,115640000,47300000,24343000,8112500,16230500,8112500,0,0,0,8118000,18360792,18.3608
swap_distribute_parallel_for_2150_2950_2850,2150,2850,0,5700,84092100,25231051,2850,118000000,49020000,25228200,8407500,16820700,8407500,0,0,0,8413200,18366089,18.3661
swap_distribute_parallel_for_2150_2950_2950,2150,2950,0,5900,87042700,26116351,2950,120360000,50740000,26113400,8702500,17410900,8702500,0,0,0,8708400,18355573,18.3556
swap_distribute_parallel_for_2200_1200_1200,2200,1200,0,2400,14407200,4323601,1200,32640000,21120000,4322400,1440000,2882400,1440000,0,0,0,1442400,7562025,7.5620
swap_distribute_parallel_for_2200_1200_1700,2200,1700,0,3400,20410200,6125101,1700,37440000,29920000,6123400,2040000,4083400,2040000,0,0,0,2043400,7648840,7.6488
swap_distribute_parallel_for_2200_1200_2200,2200,2200,0,4400,26413200,7926601,2200,42240000,38720000,7924400,2640000,5284400,2640000,0,0,0,2644400,7656558,7.6566
swap_distribute_parallel_for_2200_1200_2700,2200,2700,0,5400,32416200,9728101,2700,47040000,47520000,9725400,3240000,6485400,3240000,0,0,0,3245400,7696400,7.6964
swap_distribute_parallel_for_2200_1200_3200,2200,3200,0,6400,38419200,11529601,3200,51840000,56320000,11526400,3840000,7686400,3840000,0,0,0,3846400,7687105,7.6871
swap_distribute_parallel_for_2200_1200_3700,2200,3700,0,7400,44422200,13331101,3700,56640000,65120000,13327400,4440000,8887400,4440000,0,0,0,4447400,8530252,8.5303
swap_distribute_parallel_for_2200_1200_4200,2200,4200,0,8400,50425200,15132601,4200,61440000,73920000,15128400,5040000,10088400,5040000,0,0,0,5048400,8526597,8.5266
swap_distribute_parallel_for_2200_1700_1200,2200,1200,0,2400,20407200,6123601,1200,46240000,21120000,6122400,2040000,4082400,2040000,0,0,0,2042400,10676528,10.6765
swap_distribute_parallel_for_2200_1700_1700,2200,1700,0,3400,28910200,8675101,1700,53040000,29920000,8673400,2890000,5783400,2890000,0,0,0,2893400,10878605,10.8786
swap_distribute_parallel_for_2200_1700_2200,2200,2200,0,4400,37413200,11226601,2200,59840000,38720000,11224400,3740000,7484400,3740000,0,0,0,3744400,10859248,10.8592
swap_distribute_parallel_for_2200_1700_2700,2200,2700,0,5400,45916200,13778101,2700,66640000,47520000,13775400,4590000,9185400,4590000,0,0,0,4595400,10861223,10.8612
swap_distribute_parallel_for_2200_1700_3200,2200,3200,0,6400,54419200,16329601,3200,73440000,56320000,16326400,5440000,10886400,5440000,0,0,0,5446400,10850806,10.8508
swap_distribute_parallel_for_2200_1700_3700,2200,3700,0,7400,62922200,18881101,3700,80240000,65120000,18877400,6290000,12587400,6290000,0,0,0,6297400,12071707,12.0717
swap_distribute_parallel_for_2200_1700_4200,2200,4200,0,8400,71425200,21432601,4200,87040000,73920000,21428400,7140000,14288400,7140000,0,0,0,7148400,12036580,12.0366
swap_distribute_parallel_for_2200_2200_1200,2200,1200,0,2400,26407200,7923601,1200,59840000,21120000,7922400,2640000,5282400,2640000,0,0,0,2642400,13865921,13.8659
swap_distribute_parallel_for_2200_2200_1700,2200,1700,0,3400,37410200,11225101,1700,68640000,29920000,11223400,3740000,7483400,3740000,0,0,0,3743400,14015350,14.0153
swap_distribute_parallel_for_2200_2200_2200,2200,2200,0,4400,48413200,14526601,2200,77440000,38720000,14524400,4840000,9684400,4840000,0,0,0,4844400,14020778,14.0208
swap_distribute_parallel_for_2200_2200_2700,2200,2700,0,5400,59416200,17828101,2700,86240000,47520000,17825400,5940000,11885400,5940000,0,0,0,5945400,14031760,14.0318
swap_distribute_parallel_for_2200_2200_3200,2200,3200,0,6400,70419200,21129601,3200,95040000,56320000,21126400,7040000,14086400,7040000,0,0,0,7046400,14030964,14.0310
swap_distribute_parallel_for_2200_2200_3700,2200,3700,0,7400,81422200,24431101,3700,103840000,65120000,24427400,8140000,16287400,8140000,0,0,0,8147400,15624334,15.6243
swap_distribute_parallel_for_2200_2200_4200,2200,4200,0,8400,92425200,27732601,4200,112640000,73920000,27728400,9240000,18488400,9240000,0,0,0,9248400,15586398,15.5864
swap_distribute_parallel_for_2200_2700_1200,2200,1200,0,2400,32407200,9723601,1200,73440000,21120000,9722400,3240000,6482400,3240000,0,0,0,3242400,17003449,17.0034
swap_distribute_parallel_for_2200_2700_1700,2200,1700,0,3400,45910200,13775101,1700,84240000,29920000,13773400,4590000,9183400,4590000,0,0,0,4593400,17207279,17.2073
swap_distribute_parallel_for_2200_2700_2200,2200,2200,0,4400,59413200,17826601,2200,95040000,38720000,17824400,5940000,11884400,5940000,0,0,0,5944400,17256769,17.2568
swap_distribute_parallel_for_2200_2700_2700,2200,2700,0,5400,72916200,21878101,2700,105840000,47520000,21875400,7290000,14585400,7290000,0,0,0,7295400,17215398,17.2154
swap_distribute_parallel_for_2200_2700_3200,2200,3200,0,6400,86419200,25929601,3200,116640000,56320000,25926400,8640000,17286400,8640000,0,0,0,8646400,17260009,17.2600
swap_distribute_parallel_for_2200_2700_3700,2200,3700,0,7400,99922200,29981101,3700,127440000,65120000,29977400,9990000,19987400,9990000,0,0,0,9997400,19174416,19.1744
swap_distribute_parallel_for_2200_2700_4200,2200,4200,0,8400,113425200,34032601,4200,138240000,73920000,34028400,11340000,22688400,11340000,0,0,0,11348400,19111144,19.1111
swap_distribute_parallel_for_2200_3200_1200,2200,1200,0,2400,38407200,11523601,1200,87040000,21120000,11522400,3840000,7682400,3840000,0,0,0,3842400,20213695,20.2137
swap_distribute_parallel_for_2200_3200_1700,2200,1700,0,3400,54410200,16325101,1700,99840000,29920000,16323400,5440000,10883400,5440000,0,0,0,5443400,20389037,20.3890
swap_distribute_parallel_for_2200_3200_2200,2200,2200,0,4400,70413200,21126601,2200,112640000,38720000,21124400,7040000,14084400,7040000,0,0,0,7044400,20399714,20.3997
swap_distribute_parallel_for_2200_3200_2700,2200,2700,0,5400,86416200,25928101,2700,125440000,47520000,25925400,8640000,17285400,8640000,0,0,0,8645400,20398521,20.3985
swap_distribute_parallel_for_2200_3200_3200,2200,3200,0,6400,102419200,30729601,3200,138240000,56320000,30726400,10240000,20486400,10240000,0,0,0,10246400,20408595,20.4086
swap_distribute_parallel_for_2200_3200_3700,2200,3700,0,7400,118422200,35531101,3700,151040000,65120000,35527400,11840000,23687400,11840000,0,0,0,11847400,22739139,22.7391
swap_distribute_parallel_for_2200_3200_4200,2200,4200,0,8400,134425200,40332601,4200,163840000,73920000,40328400,13440000,26888400,13440000,0,0,0,13448400,22634979,22.6350
swap_distribute_parallel_for_2200_3700_1200,2200,1200,0,2400,44407200,13323601,1200,100640000,21120000,13322400,4440000,8882400,4440000,0,0,0,4442400,23305480,23.3055
swap_distribute_parallel_for_2200_3700_1700,2200,1700,0,3400,62910200,18875101,1700,115440000,29920000,18873400,6290000,12583400,6290000,0,0,0,6293400,23616024,23.6160
swap_distribute_parallel_for_2200_3700_2200,2200,2200,0,4400,81413200,24426601,2200,130240000,38720000,24424400,8140000,16284400,8140000,0,0,0,8144400,23595220,23.5952
swap_distribute_parallel_for_2200_3700_2700,2200,2700,0,5400,99916200,29978101,2700,145040000,47520000,29975400,9990000,19985400,9990000,0,0,0,9995400,23619810,23.6198
swap_distribute_parallel_for_2200_3700_3200,2200,3200,0,6400,118419200,35529601,3200,159840000,56320000,35526400,11840000,23686400,11840000,0,0,0,11846400,23621946,23.6219
swap_distribute_parallel_for_2200_3700_3700,2200,3700,0,7400,136922200,41081101,3700,174640000,65120000,41077400,13690000,27387400,13690000,0,0,0,13697400,26277191,26.2772
swap_distribute_parallel_for_2200_3700_4200,2200,4200,0,8400,155425200,46632601,4200,189440000,73920000,46628400,15540000,31088400,15540000,0,0,0,15548400,26194481,26.1945
swap_distribute_parallel_for_2250_1250_1250,2250,1250,0,2500,15632500,4691251,1250,35000000,22500000,4690000,1562500,3127500,1562500,0,0,0,1565000,7894292,7.8943
swap_distribute_parallel_for_2250_1250_1750,2250,1750,0,3500,21885500,6567751,1750,40000000,31500000,6566000,2187500,4378500,2187500,0,0,0,2191000,8006502,8.0065
swap_distribute_parallel_for_2250_1250_2250,2250,2250,0,4500,28138500,8444251,2250,45000000,40500000,8442000,2812500,5629500,2812500,0,0,0,2817000,8032547,8.0325
swap_distribute_parallel_for_2250_1250_2750,2250,2750,0,5500,34391500,10320751,2750,50000000,49500000,10318000,3437500,6880500,3437500,0,0,0,3443000,8082929,8.0829
swap_distribute_parallel_for_2250_1250_3250,2250,3250,0,6500,40644500,12197251,3250,55000000,58500000,12194000,4062500,8131500,4062500,0,0,0,4069000,8060772,8.0608
swap_distribute_parallel_for_2250_1250_3750,2250,3750,0,7500,46897500,14073751,3750,60000000,67500000,14070000,4687500,9382500,4687500,0,0,0,4695000,8895102,8.8951
swap_distribute_parallel_for_2250_1250_4250,2250,4250,0,8500,53150500,15950251,4250,65000000,76500000,15946000,5312500,10633500,5312500,0,0,0,5321000,8888675,8.8887
swap_distribute_parallel_for_2250_1750_1250,2250,1250,0,2500,21882500,6566251,1250,49000000,22500000,6565000,2187500,4377500,2187500,0,0,0,2190000,10994548,10.9945
swap_distribute_parallel_for_2250_1750_1750,2250,1750,0,3500,30635500,9192751,1750,56000000,31500000,9191000,3062500,6128500,3062500,0,0,0,3066000,11196848,11.1968
swap_distribute_parallel_for_2250_1750_2250,2250,2250,0,4500,39388500,11819251,2250,63000000,40500000,11817000,3937500,7879500,3937500,0,0,0,3942000,11294813,11.2948
swap_distribute_parallel_for_2250_1750_2750,2250,2750,0,5500,48141500,14445751,2750,70000000,49500000,14443000,4812500,9630500,4812500,0,0,0,4818000,11220296,11.2203
swap_distribute_parallel_for_2250_1750_3250,2250,3250,0,6500,56894500,17072251,3250,77000000,58500000,17069000,5687500,11381500,5687500,0,0,0,5694000,11239741,11.2397
swap_distribute_parallel_for_2250_1750_3750,2250,3750,0,7500,65647500,19698751,3750,84000000,67500000,19695000,6562500,13132500,6562500,0,0,0,6570000,12441621,12.4416
swap_distribute_parallel_for_2250_1750_4250,2250,4250,0,8500,74400500,22325251,4250,91000000,76500000,22321000,7437500,14883500,7437500,0,0,0,7446000,12429281,12.4293
swap_distribute_parallel_for_2250_2150_2150,2250,2150,0,4300,46237900,13873951,2150,75680000,38700000,13871800,4622500,9249300,4622500,0,0,0,4626800,13933089,13.9331
swap_distribute_parallel_for_2250_2150_2250,2250,2250,0,4500,48388500,14519251,2250,77400000,40500000,14517000,4837500,9679500,4837500,0,0,0,4842000,13995706,13.9957
swap_distribute_parallel_for_2250_2150_2350,2250,2350,0,4700,50539100,15164551,2350,79120000,42300000,15162200,5052500,10109700,5052500,0,0,0,5057200,14038217,14.0382
swap_distribute_parallel_for_2250_2150_2450,2250,2450,0,4900,52689700,15809851,2450,80840000,44100000,15807400,5267500,10539900,5267500,0,0,0,5272400,14003483,14.0035
swap_distribute_parallel_for_2250_2150_2550,2250,2550,0,5100,54840300,16455151,2550,82560000,45900000,16452600,5482500,10970100,5482500,0,0,0,5487600,13981800,13.9818
swap_distribute_parallel_for_2250_2150_2650,2250,2650,0,5300,56990900,17100451,2650,84280000,47700000,17097800,5697500,11400300,5697500,0,0,0,5702800,13989557,13.9896
swap_distribute_parallel_for_2250_2150_2750,2250,2750,0,5500,59141500,17745751,2750,86000000,49500000,17743000,5912500,11830500,5912500,0,0,0,5918000,13991596,13.9916
swap_distribute_parallel_for_2250_2150_2850,2250,2850,0,5700,61292100,18391051,2850,87720000,51300000,18388200,6127500,12260700,6127500,0,0,0,6133200,14032288,14.0323
swap_distribute_parallel_for_2250_2150_2950,2250,2950,0,5900,63442700,19036351,2950,89440000,53100000,19033400,6342500,12690900,6342500,0,0,0,6348400,14004344,14.0043
swap_distribute_parallel_for_2250_2250_1250,2250,1250,0,2500,28132500,8441251,1250,63000000,22500000,8440000,2812500,5627500,2812500,0,0,0,2815000,14129712,14.1297
swap_distribute_parallel_for_2250_2250_1750,2250,1750,0,3500,39385500,11817751,1750,72000000,31500000,11816000,3937500,7878500,3937500,0,0,0,3941000,14391595,14.3916
swap_distribute_parallel_for_2250_2250_2150,2250,2150,0,4300,48387900,14518951,2150,79200000,38700000,14516800,4837500,9679300,4837500,0,0,0,4841800,14590970,14.5910
swap_distribute_parallel_for_2250_2250_2250,2250,2250,0,4500,50638500,15194251,2250,81000000,40500000,15192000,5062500,10129500,5062500,0,0,0,5067000,14676078,14.6761
swap_distribute_parallel_for_2250_2250_2350,2250,2350,0,4700,52889100,15869551,2350,82800000,42300000,15867200,5287500,10579700,5287500,0,0,0,5292200,14635912,14.6359
swap_distribute_parallel_for_2250_2250_2450,2250,2450,0,4900,55139700,16544851,2450,84600000,44100000,16542400,5512500,11029900,5512500,0,0,0,5517400,14634653,14.6347
swap_distribute_parallel_for_2250_2250_2550,2250,2550,0,5100,57390300,17220151,2550,86400000,45900000,17217600,5737500,11480100,5737500,0,0,0,5742600,14634905,14.6349
swap_distribute_parallel_for_2250_2250_2650,2250,2650,0,5300,59640900,17895451,2650,88200000,47700000,17892800,5962500,11930300,5962500,0,0,0,5967800,14645986,14.6460
swap_distribute_parallel_for_2250_2250_2750,2250,2750,0,5500,61891500,18570751,2750,90000000,49500000,18568000,6187500,12380500,6187500,0,0,0,6193000,14643038,14.6430
swap_distribute_parallel_for_2250_2250_2850,2250,2850,0,5700,64142100,19246051,2850,91800000,51300000,19243200,6412500,12830700,6412500,0,0,0,6418200,14649454,14.6495
swap_distribute_parallel_for_2250_2250_2950,2250,2950,0,5900,66392700,19921351,2950,93600000,53100000,19918400,6637500,13280900,6637500,0,0,0,6643400,14704237,14.7042
swap_distribute_parallel_for_2250_2250_3250,2250,3250,0,6500,73144500,21947251,3250,99000000,58500000,21944000,7312500,14631500,7312500,0,0,0,7319000,14501955,14.5020
swap_distribute_parallel_for_2250_2250_3750,2250,3750,0,7500,84397500,25323751,3750,108000000,67500000,25320000,8437500,16882500,8437500,0,0,0,8445000,15988670,15.9887
swap_distribute_parallel_for_2250_2250_4250,2250,4250,0,8500,95650500,28700251,4250,117000000,76500000,28696000,9562500,19133500,9562500,0,0,0,9571000,15983081,15.9831
swap_distribute_parallel_for_2250_2350_2150,2250,2150,0,4300,50537900,15163951,2150,82720000,38700000,15161800,5052500,10109300,5052500,0,0,0,5056800,15230314,15.2303
swap_distribute_parallel_for_2250_2350_2250,2250,2250,0,4500,52888500,15869251,2250,84600000,40500000,15867000,5287500,10579500,5287500,0,0,0,5292000,15280012,15.2800
swap_distribute_parallel_for_2250_2350_2350,2250,2350,0,4700,55239100,16574551,2350,86480000,42300000,16572200,5522500,11049700,5522500,0,0,0,5527200,15317106,15.3171
swap_distribute_parallel_for_2250_2350_2450,2250,2450,0,4900,57589700,17279851,2450,88360000,44100000,17277400,5757500,11519900,5757500,0,0,0,5762400,15341975,15.3420
swap_distribute_parallel_for_2250_2350_2550,2250,2550,0,5100,59940300,17985151,2550,90240000,45900000,17982600,5992500,11990100,5992500,0,0,0,5997600,15353709,15.3537
swap_distribute_parallel_for_2250_2350_2650,2250,2650,0,5300,62290900,18690451,2650,92120000,47700000,18687800,6227500,12460300,6227500,0,0,0,6232800,15291814,15.2918
swap_distribute_parallel_for_2250_2350_2750,2250,2750,0,5500,64641500,19395751,2750,94000000,49500000,19393000,6462500,12930500,6462500,0,0,0,6468000,15297862,15.2979
swap_distribute_parallel_for_2250_2350_2850,2250,2850,0,5700,66992100,20101051,2850,95880000,51300000,20098200,6697500,13400700,6697500,0,0,0,6703200,15298516,15.2985
swap_distribute_parallel_for_2250_2350_2950,2250,2950,0,5900,69342700,20806351,2950,97760000,53100000,20803400,6932500,13870900,6932500,0,0,0,6938400,15317411,15.3174
swap_distribute_parallel_for_2250_2450_2150,2250,2150,0,4300,52687900,15808951,2150,86240000,38700000,15806800,5267500,10539300,5267500,0,0,0,5271800,15844352,15.8444
swap_distribute_parallel_for_2250_2450_2250,2250,2250,0,4500,55138500,16544251,2250,88200000,40500000,16542000,5512500,11029500,5512500,0,0,0,5517000,15937669,15.9377
swap_distribute_parallel_for_2250_2450_2350,2250,2350,0,4700,57589100,17279551,2350,90160000,42300000,17277200,5757500,11519700,5757500,0,0,0,5762200,16031072,16.0311
swap_distribute_parallel_for_2250_2450_2450,2250,2450,0,4900,60039700,18014851,2450,92120000,44100000,18012400,6002500,12009900,6002500,0,0,0,6007400,15934932,15.9349
swap_distribute_parallel_for_2250_2450_2550,2250,2550,0,5100,62490300,18750151,2550,94080000,45900000,18747600,6247500,12500100,6247500,0,0,0,6252600,15930910,15.9309
swap_distribute_parallel_for_2250_2450_2650,2250,2650,0,5300,64940900,19485451,2650,96040000,47700000,19482800,6492500,12990300,6492500,0,0,0,6497800,15942154,15.9422
swap_distribute_parallel_for_2250_2450_2750,2250,2750,0,5500,67391500,20220751,2750,98000000,49500000,20218000,6737500,13480500,6737500,0,0,0,6743000,15942129,15.9421
swap_distribute_parallel_for_2250_2450_2850,2250,2850,0,5700,69842100,20956051,2850,99960000,51300000,20953200,6982500,13970700,6982500,0,0,0,6988200,15947286,15.9473
swap_distribute_parallel_for_2250_2450_2950,2250,2950,0,5900,72292700,21691351,2950,101920000,53100000,21688400,7227500,14460900,7227500,0,0,0,7233400,15950147,15.9501
swap_distribute_parallel_for_2250_2550_2150,2250,2150,0,4300,54837900,16453951,2150,89760000,38700000,16451800,5482500,10969300,5482500,0,0,0,5486800,16537407,16.5374
swap_distribute_parallel_for_2250_2550_2250,2250,2250,0,4500,57388500,17219251,2250,91800000,40500000,17217000,5737500,11479500,5737500,0,0,0,5742000,16573125,16.5731
swap_distribute_parallel_for_2250_2550_2350,2250,2350,0,4700,59939100,17984551,2350,93840000,42300000,17982200,5992500,11989700,5992500,0,0,0,5997200,16609978,16.6100
swap_distribute_parallel_for_2250_2550_2450,2250,2450,0,4900,62489700,18749851,2450,95880000,44100000,18747400,6247500,12499900,6247500,0,0,0,6252400,16620699,16.6207
swap_distribute_parallel_for_2250_2550_2550,2250,2550,0,5100,65040300,19515151,2550,97920000,45900000,19512600,6502500,13010100,6502500,0,0,0,6507600,16655920,16.6559
swap_distribute_parallel_for_2250_2550_2650,2250,2650,0,5300,67590900,20280451,2650,99960000,47700000,20277800,6757500,13520300,6757500,0,0,0,6762800,16585540,16.5855
swap_distribute_parallel_for_2250_2550_2750,2250,2750,0,5500,70141500,21045751,2750,102000000,49500000,21043000,7012500,14030500,7012500,0,0,0,7018000,16592537,16.5925
swap_distribute_parallel_for_2250_2550_2850,2250,2850,0,5700,72692100,21811051,2850,104040000,51300000,21808200,7267500,14540700,7267500,0,0,0,7273200,16617839,16.6178
swap_distribute_parallel_for_2250_2550_2950,2250,2950,0,5900,75242700,22576351,2950,106080000,53100000,22573400,7522500,15050900,7522500,0,0,0,7528400,16601621,16.6016
swap_distribute_parallel_for_2250_2650_2150,2250,2150,0,4300,56987900,17098951,2150,93280000,38700000,17096800,5697500,11399300,5697500,0,0,0,5701800,17165504,17.1655
swap_distribute_parallel_for_2250_2650_2250,2250,2250,0,4500,59638500,17894251,2250,95400000,40500000,17892000,5962500,11929500,5962500,0,0,0,5967000,17238022,17.2380
swap_distribute_parallel_for_2250_2650_2350,2250,2350,0,4700,62289100,18689551,2350,97520000,42300000,18687200,6227500,12459700,6227500,0,0,0,6232200,17238569,17.2386
swap_distribute_parallel_for_2250_2650_2450,2250,2450,0,4900,64939700,19484851,2450,99640000,44100000,19482400,6492500,12989900,6492500,0,0,0,6497400,17232382,17.2324
swap_distribute_parallel_for_2250_2650_2550,2250,2550,0,5100,67590300,20280151,2550,101760000,45900000,20277600,6757500,13520100,6757500,0,0,0,6762600,17234252,17.2343
swap_distribute_parallel_for_2250_2650_2650,2250,2650,0,5300,70240900,21075451,2650,103880000,47700000,21072800,7022500,14050300,7022500,0,0,0,7027800,17242853,17.2429
swap_distribute_parallel_for_2250_2650_2750,2250,2750,0,5500,72891500,21870751,2750,106000000,49500000,21868000,7287500,14580500,7287500,0,0,0,7293000,17253232,17.2532
swap_distribute_parallel_for_2250_2650_2850,2250,2850,0,5700,75542100,22666051,2850,108120000,51300000,22663200,7552500,15110700,7552500,0,0,0,7558200,17246494,17.2465
swap_distribute_parallel_for_2250_2650_2950,2250,2950,0,5900,78192700,23461351,2950,110240000,53100000,23458400,7817500,15640900,7817500,0,0,0,7823400,17258700,17.2587
swap_distribute_parallel_for_2250_2750_1250,2250,1250,0,2500,34382500,10316251,1250,77000000,22500000,10315000,3437500,6877500,3437500,0,0,0,3440000,17272913,17.2729
swap_distribute_parallel_for_2250_2750_1750,2250,1750,0,3500,48135500,14442751,1750,88000000,31500000,14441000,4812500,9628500,4812500,0,0,0,4816000,17628175,17.6282
swap_distribute_parallel_for_2250_2750_2150,2250,2150,0,4300,59137900,17743951,2150,96800000,38700000,17741800,5912500,11829300,5912500,0,0,0,5916800,17831902,17.8319
swap_distribute_parallel_for_2250_2750_2250,2250,2250,0,4500,61888500,18569251,2250,99000000,40500000,18567000,6187500,12379500,6187500,0,0,0,6192000,17922909,17.9229
swap_distribute_parallel_for_2250_2750_2350,2250,2350,0,4700,64639100,19394551,2350,101200000,42300000,19392200,6462500,12929700,6462500,0,0,0,6467200,18040857,18.0409
swap_distribute_parallel_for_2250_2750_2450,2250,2450,0,4900,67389700,20219851,2450,103400000,44100000,20217400,6737500,13479900,6737500,0,0,0,6742400,17885530,17.8855
swap_distribute_parallel_for_2250_2750_2550,2250,2550,0,5100,70140300,21045151,2550,105600000,45900000,21042600,7012500,14030100,7012500,0,0,0,7017600,17874275,17.8743
swap_distribute_parallel_for_2250_2750_2650,2250,2650,0,5300,72890900,21870451,2650,107800000,47700000,21867800,7287500,14580300,7287500,0,0,0,7292800,17886753,17.8868
swap_distribute_parallel_for_2250_2750_2750,2250,2750,0,5500,75641500,22695751,2750,110000000,49500000,22693000,7562500,15130500,7562500,0,0,0,7568000,17902088,17.9021
swap_distribute_parallel_for_2250_2750_2850,2250,2850,0,5700,78392100,23521051,2850,112200000,51300000,23518200,7837500,15680700,7837500,0,0,0,7843200,17904240,17.9042
swap_distribute_parallel_for_2250_2750_2950,2250,2950,0,5900,81142700,24346351,2950,114400000,53100000,24343400,8112500,16230900,8112500,0,0,0,8118400,17916196,17.9162
swap_distribute_parallel_for_2250_2750_3250,2250,3250,0,6500,89394500,26822251,3250,121000000,58500000,26819000,8937500,17881500,8937500,0,0,0,8944000,17650593,17.6506
swap_distribute_parallel_for_2250_2750_3750,2250,3750,0,7500,103147500,30948751,3750,132000000,67500000,30945000,10312500,20632500,10312500,0,0,0,10320000,19526747,19.5267
swap_distribute_parallel_for_2250_2750_4250,2250,4250,0,8500,116900500,35075251,4250,143000000,76500000,35071000,11687500,23383500,11687500,0,0,0,11696000,19567835,19.5678
swap_distribute_parallel_for_2250_2850_2150,2250,2150,0,4300,61287900,18388951,2150,100320000,38700000,18386800,6127500,12259300,6127500,0,0,0,6131800,18470540,18.4705
swap_distribute_parallel_for_2250_2850_2250,2250,2250,0,4500,64138500,19244251,2250,102600000,40500000,19242000,6412500,12829500,6412500,0,0,0,6417000,18525974,18.5260
swap_distribute_parallel_for_2250_2850_2350,2250,2350,0,4700,66989100,20099551,2350,104880000,42300000,20097200,6697500,13399700,6697500,0,0,0,6702200,18541181,18.5412
swap_distribute_parallel_for_2250_2850_2450,2250,2450,0,4900,69839700,20954851,2450,107160000,44100000,20952400,6982500,13969900,6982500,0,0,0,6987400,18532238,18.5322
swap_distribute_parallel_for_2250_2850_2550,2250,2550,0,5100,72690300,21810151,2550,109440000,45900000,21807600,7267500,14540100,7267500,0,0,0,7272600,18526112,18.5261
swap_distribute_parallel_for_2250_2850_2650,2250,2650,0,5300,75540900,22665451,2650,111720000,47700000,22662800,7552500,15110300,7552500,0,0,0,7557800,18534414,18.5344
swap_distribute_parallel_for_2250_2850_2750,2250,2750,0,5500,78391500,23520751,2750,114000000,49500000,23518000,7837500,15680500,7837500,0,0,0,7843000,18534504,18.5345
swap_distribute_parallel_for_2250_2850_2850,2250,2850,0,5700,81242100,24376051,2850,116280000,51300000,24373200,8122500,16250700,8122500,0,0,0,8128200,18648578,18.6486
swap_distribute_parallel_for_2250_2850_2950,2250,2950,0,5900,84092700,25231351,2950,118560000,53100000,25228400,8407500,16820900,8407500,0,0,0,8413400,18649410,18.6494
swap_distribute_parallel_for_2250_2950_2150,2250,2150,0,4300,63437900,19033951,2150,103840000,38700000,19031800,6342500,12689300,6342500,0,0,0,6346800,19118231,19.1182
swap_distribute_parallel_for_2250_2950_2250,2250,2250,0,4500,66388500,19919251,2250,106200000,40500000,19917000,6637500,13279500,6637500,0,0,0,6642000,19176805,19.1768
swap_distribute_parallel_for_2250_2950_2350,2250,2350,0,4700,69339100,20804551,2350,108560000,42300000,20802200,6932500,13869700,6932500,0,0,0,6937200,19185009,19.1850
swap_distribute_parallel_for_2250_2950_2450,2250,2450,0,4900,72289700,21689851,2450,110920000,44100000,21687400,7227500,14459900,7227500,0,0,0,7232400,19185769,19.1858
swap_distribute_parallel_for_2250_2950_2550,2250,2550,0,5100,75240300,22575151,2550,113280000,45900000,22572600,7522500,15050100,7522500,0,0,0,7527600,19220283,19.2203
swap_distribute_parallel_for_2250_2950_2650,2250,2650,0,5300,78190900,23460451,2650,115640000,47700000,23457800,7817500,15640300,7817500,0,0,0,7822800,19188383,19.1884
swap_distribute_parallel_for_2250_2950_2750,2250,2750,0,5500,81141500,24345751,2750,118000000,49500000,24343000,8112500,16230500,8112500,0,0,0,8118000,19187990,19.1880
swap_distribute_parallel_for_2250_2950_2850,2250,2850,0,5700,84092100,25231051,2850,120360000,51300000,25228200,8407500,16820700,8407500,0,0,0,8413200,19215166,19.2152
swap_distribute_parallel_for_2250_2950_2950,2250,2950,0,5900,87042700,26116351,2950,122720000,53100000,26113400,8702500,17410900,8702500,0,0,0,8708400,19213876,19.2139
swap_distribute_parallel_for_2250_3250_1250,2250,1250,0,2500,40632500,12191251,1250,91000000,22500000,12190000,4062500,8127500,4062500,0,0,0,4065000,20404439,20.4044
swap_distribute_parallel_for_2250_3250_1750,2250,1750,0,3500,56885500,17067751,1750,104000000,31500000,17066000,5687500,11378500,5687500,0,0,0,5691000,20778886,20.7789
swap_distribute_parallel_for_2250_3250_2250,2250,2250,0,4500,73138500,21944251,2250,117000000,40500000,21942000,7312500,14629500,7312500,0,0,0,7317000,20854726,20.8547
swap_distribute_parallel_for_2250_3250_2750,2250,2750,0,5500,89391500,26820751,2750,130000000,49500000,26818000,8937500,17880500,8937500,0,0,0,8943000,20821862,20.8219
swap_distribute_parallel_for_2250_3250_3250,2250,3250,0,6500,105644500,31697251,3250,143000000,58500000,31694000,10562500,21131500,10562500,0,0,0,10569000,20934282,20.9343
swap_distribute_parallel_for_2250_3250_3750,2250,3750,0,7500,121897500,36573751,3750,156000000,67500000,36570000,12187500,24382500,12187500,0,0,0,12195000,23096484,23.0965
swap_distribute_parallel_for_2250_3250_4250,2250,4250,0,8500,138150500,41450251,4250,169000000,76500000,41446000,13812500,27633500,13812500,0,0,0,13821000,23143759,23.1438
swap_distribute_parallel_for_2250_3750_1250,2250,1250,0,2500,46882500,14066251,1250,105000000,22500000,14065000,4687500,9377500,4687500,0,0,0,4690000,23590891,23.5909
swap_distribute_parallel_for_2250_3750_1750,2250,1750,0,3500,65635500,19692751,1750,120000000,31500000,19691000,6562500,13128500,6562500,0,0,0,6566000,23995852,23.9959
swap_distribute_parallel_for_2250_3750_2250,2250,2250,0,4500,84388500,25319251,2250,135000000,40500000,25317000,8437500,16879500,8437500,0,0,0,8442000,24047297,24.0473
swap_distribute_parallel_for_2250_3750_2750,2250,2750,0,5500,103141500,30945751,2750,150000000,49500000,30943000,10312500,20630500,10312500,0,0,0,10318000,24017068,24.0171
swap_distribute_parallel_for_2250_3750_3250,2250,3250,0,6500,121894500,36572251,3250,165000000,58500000,36569000,12187500,24381500,12187500,0,0,0,12194000,24046809,24.0468
swap_distribute_parallel_for_2250_3750_3750,2250,3750,0,7500,140647500,42198751,3750,180000000,67500000,42195000,14062500,28132500,14062500,0,0,0,14070000,26710536,26.7105
swap_distribute_parallel_for_2250_3750_4250,2250,4250,0,8500,159400500,47825251,4250,195000000,76500000,47821000,15937500,31883500,15937500,0,0,0,15946000,26632315,26.6323
swap_distribute_parallel_for_2250_4250_1250,2250,1250,0,2500,53132500,15941251,1250,119000000,22500000,15940000,5312500,10627500,5312500,0,0,0,5315000,26688885,26.6889
swap_distribute_parallel_for_2250_4250_1750,2250,1750,0,3500,74385500,22317751,1750,136000000,31500000,22316000,7437500,14878500,7437500,0,0,0,7441000,27177540,27.1775
swap_distribute_parallel_for_2250_4250_2250,2250,2250,0,4500,95638500,28694251,2250,153000000,40500000,28692000,9562500,19129500,9562500,0,0,0,9567000,27249407,27.2494
swap_distribute_parallel_for_2250_4250_2750,2250,2750,0,5500,116891500,35070751,2750,170000000,49500000,35068000,11687500,23380500,11687500,0,0,0,11693000,27322594,27.3226
swap_distribute_parallel_for_2250_4250_3250,2250,3250,0,6500,138144500,41447251,3250,187000000,58500000,41444000,13812500,27631500,13812500,0,0,0,13819000,27253062,27.2531
swap_distribute_parallel_for_2250_4250_3750,2250,3750,0,7500,159397500,47823751,3750,204000000,67500000,47820000,15937500,31882500,15937500,0,0,0,15945000,30283986,30.2840
swap_distribute_parallel_for_2250_4250_4250,2250,4250,0,8500,180650500,54200251,4250,221000000,76500000,54196000,18062500,36133500,18062500,0,0,0,18071000,30194240,30.1942
swap_distribute_parallel_for_2350_2150_2150,2350,2150,0,4300,46237900,13873951,2150,77400000,40420000,13871800,4622500,9249300,4622500,0,0,0,4626800,14553470,14.5535
swap_distribute_parallel_for_2350_2150_2250,2350,2250,0,4500,48388500,14519251,2250,79120000,42300000,14517000,4837500,9679500,4837500,0,0,0,4842000,14631414,14.6314
swap_distribute_parallel_for_2350_2150_2350,2350,2350,0,4700,50539100,15164551,2350,80840000,44180000,15162200,5052500,10109700,5052500,0,0,0,5057200,14623454,14.6235
swap_distribute_parallel_for_2350_2150_2450,2350,2450,0,4900,52689700,15809851,2450,82560000,46060000,15807400,5267500,10539900,5267500,0,0,0,5272400,14604590,14.6046
swap_distribute_parallel_for_2350_2150_2550,2350,2550,0,5100,54840300,16455151,2550,84280000,47940000,16452600,5482500,10970100,5482500,0,0,0,5487600,14601799,14.6018
swap_distribute_parallel_for_2350_2150_2650,2350,2650,0,5300,56990900,17100451,2650,86000000,49820000,17097800,5697500,11400300,5697500,0,0,0,5702800,14616351,14.6164
swap_distribute_parallel_for_2350_2150_2750,2350,2750,0,5500,59141500,17745751,2750,87720000,51700000,17743000,5912500,11830500,5912500,0,0,0,5918000,14630986,14.6310
swap_distribute_parallel_for_2350_2150_2850,2350,2850,0,5700,61292100,18391051,2850,89440000,53580000,18388200,6127500,12260700,6127500,0,0,0,6133200,14681479,14.6815
swap_distribute_parallel_for_2350_2150_2950,2350,2950,0,5900,63442700,19036351,2950,91160000,55460000,19033400,6342500,12690900,6342500,0,0,0,6348400,14635164,14.6352
swap_distribute_parallel_for_2350_2250_2150,2350,2150,0,4300,48387900,14518951,2150,81000000,40420000,14516800,4837500,9679300,4837500,0,0,0,4841800,15228692,15.2287
swap_distribute_parallel_for_2350_2250_2250,2350,2250,0,4500,50638500,15194251,2250,82800000,42300000,15192000,5062500,10129500,5062500,0,0,0,5067000,15284365,15.2844
swap_distribute_parallel_for_2350_2250_2350,2350,2350,0,4700,52889100,15869551,2350,84600000,44180000,15867200,5287500,10579700,5287500,0,0,0,5292200,15293461,15.2935
swap_distribute_parallel_for_2350_2250_2450,2350,2450,0,4900,55139700,16544851,2450,86400000,46060000,16542400,5512500,11029900,5512500,0,0,0,5517400,15298687,15.2987
swap_distribute_parallel_for_2350_2250_2550,2350,2550,0,5100,57390300,17220151,2550,88200000,47940000,17217600,5737500,11480100,5737500,0,0,0,5742600,15279502,15.2795
swap_distribute_parallel_for_2350_2250_2650,2350,2650,0,5300,59640900,17895451,2650,90000000,49820000,17892800,5962500,11930300,5962500,0,0,0,5967800,15291609,15.2916
swap_distribute_parallel_for_2350_2250_2750,2350,2750,0,5500,61891500,18570751,2750,91800000,51700000,18568000,6187500,12380500,6187500,0,0,0,6193000,15291793,15.2918
swap_distribute_parallel_for_2350_2250_2850,2350,2850,0,5700,64142100,19246051,2850,93600000,53580000,19243200,6412500,12830700,6412500,0,0,0,6418200,15301924,15.3019
swap_distribute_parallel_for_2350_2250_2950,2350,2950,0,5900,66392700,19921351,2950,95400000,55460000,19918400,6637500,13280900,6637500,0,0,0,6643400,15296213,15.2962
swap_distribute_parallel_for_2350_2350_2150,2350,2150,0,4300,50537900,15163951,2150,84600000,40420000,15161800,5052500,10109300,5052500,0,0,0,5056800,15913381,15.9134
swap_distribute_parallel_for_2350_2350_2250,2350,2250,0,4500,52888500,15869251,2250,86480000,42300000,15867000,5287500,10579500,5287500,0,0,0,5292000,16063074,16.0631
swap_distribute_parallel_for_2350_2350_2350,2350,2350,0,4700,55239100,16574551,2350,88360000,44180000,16572200,5522500,11049700,5522500,0,0,0,5527200,15977787,15.9778
swap_distribute_parallel_for_2350_2350_2450,2350,2450,0,4900,57589700,17279851,2450,90240000,46060000,17277400,5757500,11519900,5757500,0,0,0,5762400,15966049,15.9660
swap_distribute_parallel_for_2350_2350_2550,2350,2550,0,5100,59940300,17985151,2550,92120000,47940000,17982600,5992500,11990100,5992500,0,0,0,5997600,15970411,15.9704
swap_distribute_parallel_for_2350_2350_2650,2350,2650,0,5300,62290900,18690451,2650,94000000,49820000,18687800,6227500,12460300,6227500,0,0,0,6232800,15970373,15.9704
swap_distribute_parallel_for_2350_2350_2750,2350,2750,0,5500,64641500,19395751,2750,95880000,51700000,19393000,6462500,12930500,6462500,0,0,0,6468000,15969367,15.9694
swap_distribute_parallel_for_2350_2350_2850,2350,2850,0,5700,66992100,20101051,2850,97760000,53580000,20098200,6697500,13400700,6697500,0,0,0,6703200,15976802,15.9768
swap_distribute_parallel_for_2350_2350_2950,2350,2950,0,5900,69342700,20806351,2950,99640000,55460000,20803400,6932500,13870900,6932500,0,0,0,6938400,15993481,15.9935
swap_distribute_parallel_for_2350_2450_2150,2350,2150,0,4300,52687900,15808951,2150,88200000,40420000,15806800,5267500,10539300,5267500,0,0,0,5271800,16690928,16.6909
swap_distribute_parallel_for_2350_2450_2250,2350,2250,0,4500,55138500,16544251,2250,90160000,42300000,16542000,5512500,11029500,5512500,0,0,0,5517000,16694105,16.6941
swap_distribute_parallel_for_2350_2450_2350,2350,2350,0,4700,57589100,17279551,2350,92120000,44180000,17277200,5757500,11519700,5757500,0,0,0,5762200,16645849,16.6458
swap_distribute_parallel_for_2350_2450_2450,2350,2450,0,4900,60039700,18014851,2450,94080000,46060000,18012400,6002500,12009900,6002500,0,0,0,6007400,16640974,16.6410
swap_distribute_parallel_for_2350_2450_2550,2350,2550,0,5100,62490300,18750151,2550,96040000,47940000,18747600,6247500,12500100,6247500,0,0,0,6252600,16632898,16.6329
swap_distribute_parallel_for_2350_2450_2650,2350,2650,0,5300,64940900,19485451,2650,98000000,49820000,19482800,6492500,12990300,6492500,0,0,0,6497800,16670468,16.6705
swap_distribute_parallel_for_2350_2450_2750,2350,2750,0,5500,67391500,20220751,2750,99960000,51700000,20218000,6737500,13480500,6737500,0,0,0,6743000,16640620,16.6406
swap_distribute_parallel_for_2350_2450_2850,2350,2850,0,5700,69842100,20956051,2850,101920000,53580000,20953200,6982500,13970700,6982500,0,0,0,6988200,16652717,16.6527
swap_distribute_parallel_for_2350_2450_2950,2350,2950,0,5900,72292700,21691351,2950,103880000,55460000,21688400,7227500,14460900,7227500,0,0,0,7233400,16651929,16.6519
swap_distribute_parallel_for_2350_2550_2150,2350,2150,0,4300,54837900,16453951,2150,91800000,40420000,16451800,5482500,10969300,5482500,0,0,0,5486800,17269528,17.2695
swap_distribute_parallel_for_2350_2550_2250,2350,2250,0,4500,57388500,17219251,2250,93840000,42300000,17217000,5737500,11479500,5737500,0,0,0,5742000,17314452,17.3145
swap_distribute_parallel_for_2350_2550_2350,2350,2350,0,4700,59939100,17984551,2350,95880000,44180000,17982200,5992500,11989700,5992500,0,0,0,5997200,17324969,17.3250
swap_distribute_parallel_for_2350_2550_2450,2350,2450,0,4900,62489700,18749851,2450,97920000,46060000,18747400,6247500,12499900,6247500,0,0,0,6252400,17316497,17.3165
swap_distribute_parallel_for_2350_2550_2550,2350,2550,0,5100,65040300,19515151,2550,99960000,47940000,19512600,6502500,13010100,6502500,0,0,0,6507600,17318314,17.3183
swap_distribute_parallel_for_2350_2550_2650,2350,2650,0,5300,67590900,20280451,2650,102000000,49820000,20277800,6757500,13520300,6757500,0,0,0,6762800,17319523,17.3195
swap_distribute_parallel_for_2350_2550_2750,2350,2750,0,5500,70141500,21045751,2750,104040000,51700000,21043000,7012500,14030500,7012500,0,0,0,7018000,17326545,17.3265
swap_distribute_parallel_for_2350_2550_2850,2350,2850,0,5700,72692100,21811051,2850,106080000,53580000,21808200,7267500,14540700,7267500,0,0,0,7273200,17340871,17.3409
swap_distribute_parallel_for_2350_2550_2950,2350,2950,0,5900,75242700,22576351,2950,108120000,55460000,22573400,7522500,15050900,7522500,0,0,0,7528400,17459647,17.4596
swap_distribute_parallel_for_2350_2650_2150,2350,2150,0,4300,56987900,17098951,2150,95400000,40420000,17096800,5697500,11399300,5697500,0,0,0,5701800,17962973,17.9630
swap_distribute_parallel_for_2350_2650_2250,2350,2250,0,4500,59638500,17894251,2250,97520000,42300000,17892000,5962500,11929500,5962500,0,0,0,5967000,18028605,18.0286
swap_distribute_parallel_for_2350_2650_2350,2350,2350,0,4700,62289100,18689551,2350,99640000,44180000,18687200,6227500,12459700,6227500,0,0,0,6232200,18003577,18.0036
swap_distribute_parallel_for_2350_2650_2450,2350,2450,0,4900,64939700,19484851,2450,101760000,46060000,19482400,6492500,12989900,6492500,0,0,0,6497400,17996212,17.9962
swap_distribute_parallel_for_2350_2650_2550,2350,2550,0,5100,67590300,20280151,2550,103880000,47940000,20277600,6757500,13520100,6757500,0,0,0,6762600,17997972,17.9980
swap_distribute_parallel_for_2350_2650_2650,2350,2650,0,5300,70240900,21075451,2650,106000000,49820000,21072800,7022500,14050300,7022500,0,0,0,7027800,18020546,18.0205
swap_distribute_parallel_for_2350_2650_2750,2350,2750,0,5500,72891500,21870751,2750,108120000,51700000,21868000,7287500,14580500,7287500,0,0,0,7293000,18023042,18.0230
swap_distribute_parallel_for_2350_2650_2850,2350,2850,0,5700,75542100,22666051,2850,110240000,53580000,22663200,7552500,15110700,7552500,0,0,0,7558200,18024499,18.0245
swap_distribute_parallel_for_2350_2650_2950,2350,2950,0,5900,78192700,23461351,2950,112360000,55460000,23458400,7817500,15640900,7817500,0,0,0,7823400,18027182,18.0272
swap_distribute_parallel_for_2350_2750_2150,2350,2150,0,4300,59137900,17743951,2150,99000000,40420000,17741800,5912500,11829300,5912500,0,0,0,5916800,18612828,18.6128
swap_distribute_parallel_for_2350_2750_2250,2350,2250,0,4500,61888500,18569251,2250,101200000,42300000,18567000,6187500,12379500,6187500,0,0,0,6192000,18673918,18.6739
swap_distribute_parallel_for_2350_2750_2350,2350,2350,0,4700,64639100,19394551,2350,103400000,44180000,19392200,6462500,12929700,6462500,0,0,0,6467200,18697817,18.6978
swap_distribute_parallel_for_2350_2750_2450,2350,2450,0,4900,67389700,20219851,2450,105600000,46060000,20217400,6737500,13479900,6737500,0,0,0,6742400,18706751,18.7068
swap_distribute_parallel_for_2350_2750_2550,2350,2550,0,5100,70140300,21045151,2550,107800000,47940000,21042600,7012500,14030100,7012500,0,0,0,7017600,18673393,18.6734
swap_distribute_parallel_for_2350_2750_2650,2350,2650,0,5300,72890900,21870451,2650,110000000,49820000,21867800,7287500,14580300,7287500,0,0,0,7292800,18720053,18.7201
swap_distribute_parallel_for_2350_2750_2750,2350,2750,0,5500,75641500,22695751,2750,112200000,51700000,22693000,7562500,15130500,7562500,0,0,0,7568000,18686734,18.6867
swap_distribute_parallel_for_2350_2750_2850,2350,2850,0,5700,78392100,23521051,2850,114400000,53580000,23518200,7837500,15680700,7837500,0,0,0,7843200,18753147,18.7531
swap_distribute_parallel_for_2350_2750_2950,2350,2950,0,5900,81142700,24346351,2950,116600000,55460000,24343400,8112500,16230900,8112500,0,0,0,8118400,18744411,18.7444
swap_distribute_parallel_for_2350_2850_2150,2350,2150,0,4300,61287900,18388951,2150,102600000,40420000,18386800,6127500,12259300,6127500,0,0,0,6131800,19335108,19.3351
swap_distribute_parallel_for_2350_2850_2250,2350,2250,0,4500,64138500,19244251,2250,104880000,42300000,19242000,6412500,12829500,6412500,0,0,0,6417000,19343161,19.3432
swap_distribute_parallel_for_2350_2850_2350,2350,2350,0,4700,66989100,20099551,2350,107160000,44180000,20097200,6697500,13399700,6697500,0,0,0,6702200,19405782,19.4058
swap_distribute_parallel_for_2350_2850_2450,2350,2450,0,4900,69839700,20954851,2450,109440000,46060000,20952400,6982500,13969900,6982500,0,0,0,6987400,19368181,19.3682
swap_distribute_parallel_for_2350_2850_2550,2350,2550,0,5100,72690300,21810151,2550,111720000,47940000,21807600,7267500,14540100,7267500,0,0,0,7272600,19351781,19.3518
swap_distribute_parallel_for_2350_2850_2650,2350,2650,0,5300,75540900,22665451,2650,114000000,49820000,22662800,7552500,15110300,7552500,0,0,0,7557800,19357778,19.3578
swap_distribute_parallel_for_2350_2850_2750,2350,2750,0,5500,78391500,23520751,2750,116280000,51700000,23518000,7837500,15680500,7837500,0,0,0,7843000,19422815,19.4228
swap_distribute_parallel_for_2350_2850_2850,2350,2850,0,5700,81242100,24376051,2850,118560000,53580000,24373200,8122500,16250700,8122500,0,0,0,8128200,19366456,19.3665
swap_distribute_parallel_for_2350_2850_2950,2350,2950,0,5900,84092700,25231351,2950,120840000,55460000,25228400,8407500,16820900,8407500,0,0,0,8413400,19466014,19.4660
swap_distribute_parallel_for_2350_2950_2150,2350,2150,0,4300,63437900,19033951,2150,106200000,40420000,19031800,6342500,12689300,6342500,0,0,0,6346800,19959513,19.9595
swap_distribute_parallel_for_2350_2950_2250,2350,2250,0,4500,66388500,19919251,2250,108560000,42300000,19917000,6637500,13279500,6637500,0,0,0,6642000,20028928,20.0289
swap_distribute_parallel_for_2350_2950_2350,2350,2350,0,4700,69339100,20804551,2350,110920000,44180000,20802200,6932500,13869700,6932500,0,0,0,6937200,20064647,20.0646
swap_distribute_parallel_for_2350_2950_2450,2350,2450,0,4900,72289700,21689851,2450,113280000,46060000,21687400,7227500,14459900,7227500,0,0,0,7232400,20029736,20.0297
swap_distribute_parallel_for_2350_2950_2550,2350,2550,0,5100,75240300,22575151,2550,115640000,47940000,22572600,7522500,15050100,7522500,0,0,0,7527600,20036027,20.0360
swap_distribute_parallel_for_2350_2950_2650,2350,2650,0,5300,78190900,23460451,2650,118000000,49820000,23457800,7817500,15640300,7817500,0,0,0,7822800,20041198,20.0412
swap_distribute_parallel_for_2350_2950_2750,2350,2750,0,5500,81141500,24345751,2750,120360000,51700000,24343000,8112500,16230500,8112500,0,0,0,8118000,20188116,20.1881
swap_distribute_parallel_for_2350_2950_2850,2350,2850,0,5700,84092100,25231051,2850,122720000,53580000,25228200,8407500,16820700,8407500,0,0,0,8413200,20136624,20.1366
swap_distribute_parallel_for_2350_2950_2950,2350,2950,0,5900,87042700,26116351,2950,125080000,55460000,26113400,8702500,17410900,8702500,0,0,0,8708400,20104079,20.1041
swap_distribute_parallel_for_2400_1400_1400,2400,1400,0,2800,19608400,5884201,1400,42560000,26880000,5882800,1960000,3922800,1960000,0,0,0,1962800,9624700,9.6247
swap_distribute_parallel_for_2400_1400_1900,2400,1900,0,3800,26611400,7985701,1900,48160000,36480000,7983800,2660000,5323800,2660000,0,0,0,2663800,9773949,9.7739
swap_distribute_parallel_for_2400_1400_2400,2400,2400,0,4800,33614400,10087201,2400,53760000,46080000,10084800,3360000,6724800,3360000,0,0,0,3364800,9798421,9.7984
swap_distribute_parallel_for_2400_1400_2900,2400,2900,0,5800,40617400,12188701,2900,59360000,55680000,12185800,4060000,8125800,4060000,0,0,0,4065800,9764262,9.7643
swap_distribute_parallel_for_2400_1400_3400,2400,3400,0,6800,47620400,14290201,3400,64960000,65280000,14286800,4760000,9526800,4760000,0,0,0,4766800,10723542,10.7235
swap_distribute_parallel_for_2400_1400_3900,2400,3900,0,7800,54623400,16391701,3900,70560000,74880000,16387800,5460000,10927800,5460000,0,0,0,5467800,10853970,10.8540
swap_distribute_parallel_for_2400_1400_900,2400,900,0,1800,12605400,3782701,900,36960000,17280000,3781800,1260000,2521800,1260000,0,0,0,1261800,9609223,9.6092
swap_distribute_parallel_for_2400_1900_1400,2400,1400,0,2800,26608400,7984201,1400,57760000,26880000,7982800,2660000,5322800,2660000,0,0,0,2662800,13059044,13.0590
swap_distribute_parallel_for_2400_1900_1900,2400,1900,0,3800,36111400,10835701,1900,65360000,36480000,10833800,3610000,7223800,3610000,0,0,0,3613800,13217617,13.2176
swap_distribute_parallel_for_2400_1900_2400,2400,2400,0,4800,45614400,13687201,2400,72960000,46080000,13684800,4560000,9124800,4560000,0,0,0,4564800,13316291,13.3163
swap_distribute_parallel_for_2400_1900_2900,2400,2900,0,5800,55117400,16538701,2900,80560000,55680000,16535800,5510000,11025800,5510000,0,0,0,5515800,13225373,13.2254
swap_distribute_parallel_for_2400_1900_3400,2400,3400,0,6800,64620400,19390201,3400,88160000,65280000,19386800,6460000,12926800,6460000,0,0,0,6466800,14539998,14.5400
swap_distribute_parallel_for_2400_1900_3900,2400,3900,0,7800,74123400,22241701,3900,95760000,74880000,22237800,7410000,14827800,7410000,0,0,0,7417800,14710335,14.7103
swap_distribute_parallel_for_2400_1900_900,2400,900,0,1800,17105400,5132701,900,50160000,17280000,5131800,1710000,3421800,1710000,0,0,0,1711800,13005254,13.0053
swap_distribute_parallel_for_2400_2400_1400,2400,1400,0,2800,33608400,10084201,1400,72960000,26880000,10082800,3360000,6722800,3360000,0,0,0,3362800,16480558,16.4806
swap_distribute_parallel_for_2400_2400_1900,2400,1900,0,3800,45611400,13685701,1900,82560000,36480000,13683800,4560000,9123800,4560000,0,0,0,4563800,16688989,16.6890
swap_distribute_parallel_for_2400_2400_2400,2400,2400,0,4800,57614400,17287201,2400,92160000,46080000,17284800,5760000,11524800,5760000,0,0,0,5764800,16688664,16.6887
swap_distribute_parallel_for_2400_2400_2900,2400,2900,0,5800,69617400,20888701,2900,101760000,55680000,20885800,6960000,13925800,6960000,0,0,0,6965800,16701576,16.7016
swap_distribute_parallel_for_2400_2400_3400,2400,3400,0,6800,81620400,24490201,3400,111360000,65280000,24486800,8160000,16326800,8160000,0,0,0,8166800,18368479,18.3685
swap_distribute_parallel_for_2400_2400_3900,2400,3900,0,7800,93623400,28091701,3900,120960000,74880000,28087800,9360000,18727800,9360000,0,0,0,9367800,18582927,18.5829
swap_distribute_parallel_for_2400_2400_900,2400,900,0,1800,21605400,6482701,900,63360000,17280000,6481800,2160000,4321800,2160000,0,0,0,2161800,16427485,16.4275
swap_distribute_parallel_for_2400_2900_1400,2400,1400,0,2800,40608400,12184201,1400,88160000,26880000,12182800,4060000,8122800,4060000,0,0,0,4062800,19959615,19.9596
swap_distribute_parallel_for_2400_2900_1900,2400,1900,0,3800,55111400,16535701,1900,99760000,36480000,16533800,5510000,11023800,5510000,0,0,0,5513800,20214744,20.2147
swap_distribute_parallel_for_2400_2900_2400,2400,2400,0,4800,69614400,20887201,2400,111360000,46080000,20884800,6960000,13924800,6960000,0,0,0,6964800,20223652,20.2237
swap_distribute_parallel_for_2400_2900_2900,2400,2900,0,5800,84117400,25238701,2900,122960000,55680000,25235800,8410000,16825800,8410000,0,0,0,8415800,20168234,20.1682
swap_distribute_parallel_for_2400_2900_3400,2400,3400,0,6800,98620400,29590201,3400,134560000,65280000,29586800,9860000,19726800,9860000,0,0,0,9866800,22232863,22.2329
swap_distribute_parallel_for_2400_2900_3900,2400,3900,0,7800,113123400,33941701,3900,146160000,74880000,33937800,11310000,22627800,11310000,0,0,0,11317800,22499215,22.4992
swap_distribute_parallel_for_2400_2900_900,2400,900,0,1800,26105400,7832701,900,76560000,17280000,7831800,2610000,5221800,2610000,0,0,0,2611800,19845183,19.8452
swap_distribute_parallel_for_2400_3400_1400,2400,1400,0,2800,47608400,14284201,1400,103360000,26880000,14282800,4760000,9522800,4760000,0,0,0,4762800,23345571,23.3456
swap_distribute_parallel_for_2400_3400_1900,2400,1900,0,3800,64611400,19385701,1900,116960000,36480000,19383800,6460000,12923800,6460000,0,0,0,6463800,23708311,23.7083
swap_distribute_parallel_for_2400_3400_2400,2400,2400,0,4800,81614400,24487201,2400,130560000,46080000,24484800,8160000,16324800,8160000,0,0,0,8164800,23640359,23.6404
swap_distribute_parallel_for_2400_3400_2900,2400,2900,0,5800,98617400,29588701,2900,144160000,55680000,29585800,9860000,19725800,9860000,0,0,0,9865800,23651677,23.6517
swap_distribute_parallel_for_2400_3400_3400,2400,3400,0,6800,115620400,34690201,3400,157760000,65280000,34686800,11560000,23126800,11560000,0,0,0,11566800,26068897,26.0689
swap_distribute_parallel_for_2400_3400_3900,2400,3900,0,7800,132623400,39791701,3900,171360000,74880000,39787800,13260000,26527800,13260000,0,0,0,13267800,26333175,26.3332
swap_distribute_parallel_for_2400_3400_900,2400,900,0,1800,30605400,9182701,900,89760000,17280000,9181800,3060000,6121800,3060000,0,0,0,3061800,23261379,23.2614
swap_distribute_parallel_for_2400_3900_1400,2400,1400,0,2800,54608400,16384201,1400,118560000,26880000,16382800,5460000,10922800,5460000,0,0,0,5462800,26774232,26.7742
swap_distribute_parallel_for_2400_3900_1900,2400,1900,0,3800,74111400,22235701,1900,134160000,36480000,22233800,7410000,14823800,7410000,0,0,0,7413800,27128424,27.1284
swap_distribute_parallel_for_2400_3900_2400,2400,2400,0,4800,93614400,28087201,2400,149760000,46080000,28084800,9360000,18724800,9360000,0,0,0,9364800,27160340,27.1603
swap_distribute_parallel_for_2400_3900_2900,2400,2900,0,5800,113117400,33938701,2900,165360000,55680000,33935800,11310000,22625800,11310000,0,0,0,11315800,27112739,27.1127
swap_distribute_parallel_for_2400_3900_3400,2400,3400,0,6800,132620400,39790201,3400,180960000,65280000,39786800,13260000,26526800,13260000,0,0,0,13266800,29940478,29.9405
swap_distribute_parallel_for_2400_3900_3900,2400,3900,0,7800,152123400,45641701,3900,196560000,74880000,45637800,15210000,30427800,15210000,0,0,0,15217800,30195162,30.1952
swap_distribute_parallel_for_2400_3900_900,2400,900,0,1800,35105400,10532701,900,102960000,17280000,10531800,3510000,7021800,3510000,0,0,0,3511800,26681923,26.6819
swap_distribute_parallel_for_2400_900_1400,2400,1400,0,2800,12608400,3784201,1400,27360000,26880000,3782800,1260000,2522800,1260000,0,0,0,1262800,6195073,6.1951
swap_distribute_parallel_for_2400_900_1900,2400,1900,0,3800,17111400,5135701,1900,30960000,36480000,5133800,1710000,3423800,1710000,0,0,0,1713800,6273221,6.2732
swap_distribute_parallel_for_2400_900_2400,2400,2400,0,4800,21614400,6487201,2400,34560000,46080000,6484800,2160000,4324800,2160000,0,0,0,2164800,6276453,6.2765
swap_distribute_parallel_for_2400_900_2900,2400,2900,0,5800,26117400,7838701,2900,38160000,55680000,7835800,2610000,5225800,2610000,0,0,0,2615800,6272640,6.2726
swap_distribute_parallel_for_2400_900_3400,2400,3400,0,6800,30620400,9190201,3400,41760000,65280000,9186800,3060000,6126800,3060000,0,0,0,3066800,6998693,6.9987
swap_distribute_parallel_for_2400_900_3900,2400,3900,0,7800,35123400,10541701,3900,45360000,74880000,10537800,3510000,7027800,3510000,0,0,0,3517800,6982466,6.9825
swap_distribute_parallel_for_2400_900_900,2400,900,0,1800,8105400,2432701,900,23760000,17280000,2431800,810000,1621800,810000,0,0,0,811800,6173663,6.1737
swap_distribute_parallel_for_2450_2150_2150,2450,2150,0,4300,46237900,13873951,2150,79120000,42140000,13871800,4622500,9249300,4622500,0,0,0,4626800,15157816,15.1578
swap_distribute_parallel_for_2450_2150_2250,2450,2250,0,4500,48388500,14519251,2250,80840000,44100000,14517000,4837500,9679500,4837500,0,0,0,4842000,15222287,15.2223
swap_distribute_parallel_for_2450_2150_2350,2450,2350,0,4700,50539100,15164551,2350,82560000,46060000,15162200,5052500,10109700,5052500,0,0,0,5057200,15235262,15.2353
swap_distribute_parallel_for_2450_2150_2450,2450,2450,0,4900,52689700,15809851,2450,84280000,48020000,15807400,5267500,10539900,5267500,0,0,0,5272400,15228744,15.2287
swap_distribute_parallel_for_2450_2150_2550,2450,2550,0,5100,54840300,16455151,2550,86000000,49980000,16452600,5482500,10970100,5482500,0,0,0,5487600,15226227,15.2262
swap_distribute_parallel_for_2450_2150_2650,2450,2650,0,5300,56990900,17100451,2650,87720000,51940000,17097800,5697500,11400300,5697500,0,0,0,5702800,15251968,15.2520
swap_distribute_parallel_for_2450_2150_2750,2450,2750,0,5500,59141500,17745751,2750,89440000,53900000,17743000,5912500,11830500,5912500,0,0,0,5918000,15241053,15.2411
swap_distribute_parallel_for_2450_2150_2950,2450,2950,0,5900,63442700,19036351,2950,92880000,57820000,19033400,6342500,12690900,6342500,0,0,0,6348400,15365903,15.3659
swap_distribute_parallel_for_2450_2250_2150,2450,2150,0,4300,48387900,14518951,2150,82800000,42140000,14516800,4837500,9679300,4837500,0,0,0,4841800,15901223,15.9012
swap_distribute_parallel_for_2450_2250_2250,2450,2250,0,4500,50638500,15194251,2250,84600000,44100000,15192000,5062500,10129500,5062500,0,0,0,5067000,15951413,15.9514
swap_distribute_parallel_for_2450_2250_2350,2450,2350,0,4700,52889100,15869551,2350,86400000,46060000,15867200,5287500,10579700,5287500,0,0,0,5292200,15936357,15.9364
swap_distribute_parallel_for_2450_2250_2450,2450,2450,0,4900,55139700,16544851,2450,88200000,48020000,16542400,5512500,11029900,5512500,0,0,0,5517400,15935523,15.9355
swap_distribute_parallel_for_2450_2250_2550,2450,2550,0,5100,57390300,17220151,2550,90000000,49980000,17217600,5737500,11480100,5737500,0,0,0,5742600,15928329,15.9283
swap_distribute_parallel_for_2450_2250_2650,2450,2650,0,5300,59640900,17895451,2650,91800000,51940000,17892800,5962500,11930300,5962500,0,0,0,5967800,15934833,15.9348
swap_distribute_parallel_for_2450_2250_2750,2450,2750,0,5500,61891500,18570751,2750,93600000,53900000,18568000,6187500,12380500,6187500,0,0,0,6193000,15948545,15.9485
swap_distribute_parallel_for_2450_2250_2850,2450,2850,0,5700,64142100,19246051,2850,95400000,55860000,19243200,6412500,12830700,6412500,0,0,0,6418200,15956038,15.9560
swap_distribute_parallel_for_2450_2250_2950,2450,2950,0,5900,66392700,19921351,2950,97200000,57820000,19918400,6637500,13280900,6637500,0,0,0,6643400,16049971,16.0500
swap_distribute_parallel_for_2450_2350_2150,2450,2150,0,4300,50537900,15163951,2150,86480000,42140000,15161800,5052500,10109300,5052500,0,0,0,5056800,16579765,16.5798
swap_distribute_parallel_for_2450_2350_2250,2450,2250,0,4500,52888500,15869251,2250,88360000,44100000,15867000,5287500,10579500,5287500,0,0,0,5292000,16635360,16.6354
swap_distribute_parallel_for_2450_2350_2350,2450,2350,0,4700,55239100,16574551,2350,90240000,46060000,16572200,5522500,11049700,5522500,0,0,0,5527200,16651800,16.6518
swap_distribute_parallel_for_2450_2350_2450,2450,2450,0,4900,57589700,17279851,2450,92120000,48020000,17277400,5757500,11519900,5757500,0,0,0,5762400,16639501,16.6395
swap_distribute_parallel_for_2450_2350_2550,2450,2550,0,5100,59940300,17985151,2550,94000000,49980000,17982600,5992500,11990100,5992500,0,0,0,5997600,16637101,16.6371
swap_distribute_parallel_for_2450_2350_2650,2450,2650,0,5300,62290900,18690451,2650,95880000,51940000,18687800,6227500,12460300,6227500,0,0,0,6232800,16647478,16.6475
swap_distribute_parallel_for_2450_2350_2750,2450,2750,0,5500,64641500,19395751,2750,97760000,53900000,19393000,6462500,12930500,6462500,0,0,0,6468000,16670151,16.6702
swap_distribute_parallel_for_2450_2350_2850,2450,2850,0,5700,66992100,20101051,2850,99640000,55860000,20098200,6697500,13400700,6697500,0,0,0,6703200,16683836,16.6838
swap_distribute_parallel_for_2450_2350_2950,2450,2950,0,5900,69342700,20806351,2950,101520000,57820000,20803400,6932500,13870900,6932500,0,0,0,6938400,16682791,16.6828
swap_distribute_parallel_for_2450_2450_2150,2450,2150,0,4300,52687900,15808951,2150,90160000,42140000,15806800,5267500,10539300,5267500,0,0,0,5271800,17290802,17.2908
swap_distribute_parallel_for_2450_2450_2250,2450,2250,0,4500,55138500,16544251,2250,92120000,44100000,16542000,5512500,11029500,5512500,0,0,0,5517000,17346117,17.3461
swap_distribute_parallel_for_2450_2450_2350,2450,2350,0,4700,57589100,17279551,2350,94080000,46060000,17277200,5757500,11519700,5757500,0,0,0,5762200,17351931,17.3519
swap_distribute_parallel_for_2450_2450_2450,2450,2450,0,4900,60039700,18014851,2450,96040000,48020000,18012400,6002500,12009900,6002500,0,0,0,6007400,17363658,17.3637
swap_distribute_parallel_for_2450_2450_2550,2450,2550,0,5100,62490300,18750151,2550,98000000,49980000,18747600,6247500,12500100,6247500,0,0,0,6252600,17349645,17.3496
swap_distribute_parallel_for_2450_2450_2650,2450,2650,0,5300,64940900,19485451,2650,99960000,51940000,19482800,6492500,12990300,6492500,0,0,0,6497800,17347633,17.3476
swap_distribute_parallel_for_2450_2450_2750,2450,2750,0,5500,67391500,20220751,2750,101920000,53900000,20218000,6737500,13480500,6737500,0,0,0,6743000,17402657,17.4027
swap_distribute_parallel_for_2450_2450_2850,2450,2850,0,5700,69842100,20956051,2850,103880000,55860000,20953200,6982500,13970700,6982500,0,0,0,6988200,17365654,17.3657
swap_distribute_parallel_for_2450_2450_2950,2450,2950,0,5900,72292700,21691351,2950,105840000,57820000,21688400,7227500,14460900,7227500,0,0,0,7233400,17373899,17.3739
swap_distribute_parallel_for_2450_2550_2150,2450,2150,0,4300,54837900,16453951,2150,93840000,42140000,16451800,5482500,10969300,5482500,0,0,0,5486800,17993955,17.9940
swap_distribute_parallel_for_2450_2550_2250,2450,2250,0,4500,57388500,17219251,2250,95880000,44100000,17217000,5737500,11479500,5737500,0,0,0,5742000,18051166,18.0512
swap_distribute_parallel_for_2450_2550_2350,2450,2350,0,4700,59939100,17984551,2350,97920000,46060000,17982200,5992500,11989700,5992500,0,0,0,5997200,18087233,18.0872
swap_distribute_parallel_for_2450_2550_2450,2450,2450,0,4900,62489700,18749851,2450,99960000,48020000,18747400,6247500,12499900,6247500,0,0,0,6252400,18104802,18.1048
swap_distribute_parallel_for_2450_2550_2550,2450,2550,0,5100,65040300,19515151,2550,102000000,49980000,19512600,6502500,13010100,6502500,0,0,0,6507600,18115861,18.1159
swap_distribute_parallel_for_2450_2550_2650,2450,2650,0,5300,67590900,20280451,2650,104040000,51940000,20277800,6757500,13520300,6757500,0,0,0,6762800,18124232,18.1242
swap_distribute_parallel_for_2450_2550_2750,2450,2750,0,5500,70141500,21045751,2750,106080000,53900000,21043000,7012500,14030500,7012500,0,0,0,7018000,18077876,18.0779
swap_distribute_parallel_for_2450_2550_2850,2450,2850,0,5700,72692100,21811051,2850,108120000,55860000,21808200,7267500,14540700,7267500,0,0,0,7273200,18069688,18.0697
swap_distribute_parallel_for_2450_2550_2950,2450,2950,0,5900,75242700,22576351,2950,110160000,57820000,22573400,7522500,15050900,7522500,0,0,0,7528400,18078641,18.0786
swap_distribute_parallel_for_2450_2650_2150,2450,2150,0,4300,56987900,17098951,2150,97520000,42140000,17096800,5697500,11399300,5697500,0,0,0,5701800,18677754,18.6778
swap_distribute_parallel_for_2450_2650_2250,2450,2250,0,4500,59638500,17894251,2250,99640000,44100000,17892000,5962500,11929500,5962500,0,0,0,5967000,18760580,18.7606
swap_distribute_parallel_for_2450_2650_2350,2450,2350,0,4700,62289100,18689551,2350,101760000,46060000,18687200,6227500,12459700,6227500,0,0,0,6232200,18764122,18.7641
swap_distribute_parallel_for_2450_2650_2450,2450,2450,0,4900,64939700,19484851,2450,103880000,48020000,19482400,6492500,12989900,6492500,0,0,0,6497400,18806948,18.8069
swap_distribute_parallel_for_2450_2650_2550,2450,2550,0,5100,67590300,20280151,2550,106000000,49980000,20277600,6757500,13520100,6757500,0,0,0,6762600,18766767,18.7668
swap_distribute_parallel_for_2450_2650_2650,2450,2650,0,5300,70240900,21075451,2650,108120000,51940000,21072800,7022500,14050300,7022500,0,0,0,7027800,18809762,18.8098
swap_distribute_parallel_for_2450_2650_2750,2450,2750,0,5500,72891500,21870751,2750,110240000,53900000,21868000,7287500,14580500,7287500,0,0,0,7293000,18797524,18.7975
swap_distribute_parallel_for_2450_2650_2850,2450,2850,0,5700,75542100,22666051,2850,112360000,55860000,22663200,7552500,15110700,7552500,0,0,0,7558200,18783493,18.7835
swap_distribute_parallel_for_2450_2650_2950,2450,2950,0,5900,78192700,23461351,2950,114480000,57820000,23458400,7817500,15640900,7817500,0,0,0,7823400,18801706,18.8017
swap_distribute_parallel_for_2450_2750_2150,2450,2150,0,4300,59137900,17743951,2150,101200000,42140000,17741800,5912500,11829300,5912500,0,0,0,5916800,19404030,19.4040
swap_distribute_parallel_for_2450_2750_2250,2450,2250,0,4500,61888500,18569251,2250,103400000,44100000,18567000,6187500,12379500,6187500,0,0,0,6192000,19519892,19.5199
swap_distribute_parallel_for_2450_2750_2350,2450,2350,0,4700,64639100,19394551,2350,105600000,46060000,19392200,6462500,12929700,6462500,0,0,0,6467200,19525039,19.5250
swap_distribute_parallel_for_2450_2750_2450,2450,2450,0,4900,67389700,20219851,2450,107800000,48020000,20217400,6737500,13479900,6737500,0,0,0,6742400,19475681,19.4757
swap_distribute_parallel_for_2450_2750_2550,2450,2550,0,5100,70140300,21045151,2550,110000000,49980000,21042600,7012500,14030100,7012500,0,0,0,7017600,19481775,19.4818
swap_distribute_parallel_for_2450_2750_2650,2450,2650,0,5300,72890900,21870451,2650,112200000,51940000,21867800,7287500,14580300,7287500,0,0,0,7292800,19512339,19.5123
swap_distribute_parallel_for_2450_2750_2750,2450,2750,0,5500,75641500,22695751,2750,114400000,53900000,22693000,7562500,15130500,7562500,0,0,0,7568000,19492780,19.4928
swap_distribute_parallel_for_2450_2750_2850,2450,2850,0,5700,78392100,23521051,2850,116600000,55860000,23518200,7837500,15680700,7837500,0,0,0,7843200,19505799,19.5058
swap_distribute_parallel_for_2450_2750_2950,2450,2950,0,5900,81142700,24346351,2950,118800000,57820000,24343400,8112500,16230900,8112500,0,0,0,8118400,19493833,19.4938
swap_distribute_parallel_for_2450_2850_2150,2450,2150,0,4300,61287900,18388951,2150,104880000,42140000,18386800,6127500,12259300,6127500,0,0,0,6131800,20118803,20.1188
swap_distribute_parallel_for_2450_2850_2250,2450,2250,0,4500,64138500,19244251,2250,107160000,44100000,19242000,6412500,12829500,6412500,0,0,0,6417000,20179617,20.1796
swap_distribute_parallel_for_2450_2850_2350,2450,2350,0,4700,66989100,20099551,2350,109440000,46060000,20097200,6697500,13399700,6697500,0,0,0,6702200,20191568,20.1916
swap_distribute_parallel_for_2450_2850_2450,2450,2450,0,4900,69839700,20954851,2450,111720000,48020000,20952400,6982500,13969900,6982500,0,0,0,6987400,20183265,20.1833
swap_distribute_parallel_for_2450_2850_2550,2450,2550,0,5100,72690300,21810151,2550,114000000,49980000,21807600,7267500,14540100,7267500,0,0,0,7272600,20177599,20.1776
swap_distribute_parallel_for_2450_2850_2650,2450,2650,0,5300,75540900,22665451,2650,116280000,51940000,22662800,7552500,15110300,7552500,0,0,0,7557800,20188725,20.1887
swap_distribute_parallel_for_2450_2850_2750,2450,2750,0,5500,78391500,23520751,2750,118560000,53900000,23518000,7837500,15680500,7837500,0,0,0,7843000,20196291,20.1963
swap_distribute_parallel_for_2450_2850_2850,2450,2850,0,5700,81242100,24376051,2850,120840000,55860000,24373200,8122500,16250700,8122500,0,0,0,8128200,20214719,20.2147
swap_distribute_parallel_for_2450_2850_2950,2450,2950,0,5900,84092700,25231351,2950,123120000,57820000,25228400,8407500,16820900,8407500,0,0,0,8413400,20272638,20.2726
swap_distribute_parallel_for_2450_2950_2150,2450,2150,0,4300,63437900,19033951,2150,108560000,42140000,19031800,6342500,12689300,6342500,0,0,0,6346800,20822530,20.8225
swap_distribute_parallel_for_2450_2950_2250,2450,2250,0,4500,66388500,19919251,2250,110920000,44100000,19917000,6637500,13279500,6637500,0,0,0,6642000,20878854,20.8789
swap_distribute_parallel_for_2450_2950_2350,2450,2350,0,4700,69339100,20804551,2350,113280000,46060000,20802200,6932500,13869700,6932500,0,0,0,6937200,20889825,20.8898
swap_distribute_parallel_for_2450_2950_2450,2450,2450,0,4900,72289700,21689851,2450,115640000,48020000,21687400,7227500,14459900,7227500,0,0,0,7232400,20884083,20.8841
swap_distribute_parallel_for_2450_2950_2550,2450,2550,0,5100,75240300,22575151,2550,118000000,49980000,22572600,7522500,15050100,7522500,0,0,0,7527600,20891824,20.8918
swap_distribute_parallel_for_2450_2950_2650,2450,2650,0,5300,78190900,23460451,2650,120360000,51940000,23457800,7817500,15640300,7817500,0,0,0,7822800,20891264,20.8913
swap_distribute_parallel_for_2450_2950_2750,2450,2750,0,5500,81141500,24345751,2750,122720000,53900000,24343000,8112500,16230500,8112500,0,0,0,8118000,20908640,20.9086
swap_distribute_parallel_for_2500_1000_1000,2500,1000,0,2000,10006000,3003001,1000,28000000,20000000,3002000,1000000,2002000,1000000,0,0,0,1002000,7041935,7.0419
swap_distribute_parallel_for_2500_1000_1500,2500,1500,0,3000,15009000,4504501,1500,32000000,30000000,4503000,1500000,3003000,1500000,0,0,0,1503000,7059218,7.0592
swap_distribute_parallel_for_2500_1000_2000,2500,2000,0,4000,20012000,6006001,2000,36000000,40000000,6004000,2000000,4004000,2000000,0,0,0,2004000,7191780,7.1918
swap_distribute_parallel_for_2500_1000_2500,2500,2500,0,5000,25015000,7507501,2500,40000000,50000000,7505000,2500000,5005000,2500000,0,0,0,2505000,7220765,7.2208
swap_distribute_parallel_for_2500_1000_3000,2500,3000,0,6000,30018000,9009001,3000,44000000,60000000,9006000,3000000,6006000,3000000,0,0,0,3006000,7231055,7.2311
swap_distribute_parallel_for_2500_1000_3500,2500,3500,0,7000,35021000,10510501,3500,48000000,70000000,10507000,3500000,7007000,3500000,0,0,0,3507000,7974639,7.9746
swap_distribute_parallel_for_2500_1000_4000,2500,4000,0,8000,40024000,12012001,4000,52000000,80000000,12008000,4000000,8008000,4000000,0,0,0,4008000,7893591,7.8936
swap_distribute_parallel_for_2500_1500_1000,2500,1000,0,2000,15006000,4503001,1000,42000000,20000000,4502000,1500000,3002000,1500000,0,0,0,1502000,10555842,10.5558
swap_distribute_parallel_for_2500_1500_1500,2500,1500,0,3000,22509000,6754501,1500,48000000,30000000,6753000,2250000,4503000,2250000,0,0,0,2253000,10582214,10.5822
swap_distribute_parallel_for_2500_1500_2000,2500,2000,0,4000,30012000,9006001,2000,54000000,40000000,9004000,3000000,6004000,3000000,0,0,0,3004000,10766701,10.7667
swap_distribute_parallel_for_2500_1500_2500,2500,2500,0,5000,37515000,11257501,2500,60000000,50000000,11255000,3750000,7505000,3750000,0,0,0,3755000,10812150,10.8122
swap_distribute_parallel_for_2500_1500_3000,2500,3000,0,6000,45018000,13509001,3000,66000000,60000000,13506000,4500000,9006000,4500000,0,0,0,4506000,10845413,10.8454
swap_distribute_parallel_for_2500_1500_3500,2500,3500,0,7000,52521000,15760501,3500,72000000,70000000,15757000,5250000,10507000,5250000,0,0,0,5257000,11974813,11.9748
swap_distribute_parallel_for_2500_1500_4000,2500,4000,0,8000,60024000,18012001,4000,78000000,80000000,18008000,6000000,12008000,6000000,0,0,0,6008000,11835292,11.8353
swap_distribute_parallel_for_2500_2000_1000,2500,1000,0,2000,20006000,6003001,1000,56000000,20000000,6002000,2000000,4002000,2000000,0,0,0,2002000,14067720,14.0677
swap_distribute_parallel_for_2500_2000_2000,2500,2000,0,4000,40012000,12006001,2000,72000000,40000000,12004000,4000000,8004000,4000000,0,0,0,4004000,14446921,14.4469
swap_distribute_parallel_for_2500_2000_2500,2500,2500,0,5000,50015000,15007501,2500,80000000,50000000,15005000,5000000,10005000,5000000,0,0,0,5005000,14503514,14.5035
swap_distribute_parallel_for_2500_2000_3000,2500,3000,0,6000,60018000,18009001,3000,88000000,60000000,18006000,6000000,12006000,6000000,0,0,0,6006000,14492457,14.4925
swap_distribute_parallel_for_2500_2000_3500,2500,3500,0,7000,70021000,21010501,3500,96000000,70000000,21007000,7000000,14007000,7000000,0,0,0,7007000,15823641,15.8236
swap_distribute_parallel_for_2500_2000_4000,2500,4000,0,8000,80024000,24012001,4000,104000000,80000000,24008000,8000000,16008000,8000000,0,0,0,8008000,15779987,15.7800
swap_distribute_parallel_for_2500_2500_1000,2500,1000,0,2000,25006000,7503001,1000,70000000,20000000,7502000,2500000,5002000,2500000,0,0,0,2502000,17562055,17.5621
swap_distribute_parallel_for_2500_2500_1500,2500,1500,0,3000,37509000,11254501,1500,80000000,30000000,11253000,3750000,7503000,3750000,0,0,0,3753000,17685978,17.6860
swap_distribute_parallel_for_2500_2500_2000,2500,2000,0,4000,50012000,15006001,2000,90000000,40000000,15004000,5000000,10004000,5000000,0,0,0,5004000,17953556,17.9536
swap_distribute_parallel_for_2500_2500_2500,2500,2500,0,5000,62515000,18757501,2500,100000000,50000000,18755000,6250000,12505000,6250000,0,0,0,6255000,18015260,18.0153
swap_distribute_parallel_for_2500_2500_3000,2500,3000,0,6000,75018000,22509001,3000,110000000,60000000,22506000,7500000,15006000,7500000,0,0,0,7506000,18074268,18.0743
swap_distribute_parallel_for_2500_2500_3500,2500,3500,0,7000,87521000,26260501,3500,120000000,70000000,26257000,8750000,17507000,8750000,0,0,0,8757000,19794560,19.7946
swap_distribute_parallel_for_2500_2500_4000,2500,4000,0,8000,100024000,30012001,4000,130000000,80000000,30008000,10000000,20008000,10000000,0,0,0,10008000,19728330,19.7283
swap_distribute_parallel_for_2500_3000_1000,2500,1000,0,2000,30006000,9003001,1000,84000000,20000000,9002000,3000000,6002000,3000000,0,0,0,3002000,21159728,21.1597
swap_distribute_parallel_for_2500_3000_1500,2500,1500,0,3000,45009000,13504501,1500,96000000,30000000,13503000,4500000,9003000,4500000,0,0,0,4503000,21220954,21.2210
swap_distribute_parallel_for_2500_3000_2000,2500,2000,0,4000,60012000,18006001,2000,108000000,40000000,18004000,6000000,12004000,6000000,0,0,0,6004000,21544397,21.5444
swap_distribute_parallel_for_2500_3000_2500,2500,2500,0,5000,75015000,22507501,2500,120000000,50000000,22505000,7500000,15005000,7500000,0,0,0,7505000,21629340,21.6293
swap_distribute_parallel_for_2500_3000_3000,2500,3000,0,6000,90018000,27009001,3000,132000000,60000000,27006000,9000000,18006000,9000000,0,0,0,9006000,21665585,21.6656
swap_distribute_parallel_for_2500_3000_3500,2500,3500,0,7000,105021000,31510501,3500,144000000,70000000,31507000,10500000,21007000,10500000,0,0,0,10507000,23736767,23.7368
swap_distribute_parallel_for_2500_3000_4000,2500,4000,0,8000,120024000,36012001,4000,156000000,80000000,36008000,12000000,24008000,12000000,0,0,0,12008000,23688216,23.6882
swap_distribute_parallel_for_2500_3500_1000,2500,1000,0,2000,35006000,10503001,1000,98000000,20000000,10502000,3500000,7002000,3500000,0,0,0,3502000,24585199,24.5852
swap_distribute_parallel_for_2500_3500_1500,2500,1500,0,3000,52509000,15754501,1500,112000000,30000000,15753000,5250000,10503000,5250000,0,0,0,5253000,24712613,24.7126
swap_distribute_parallel_for_2500_3500_2000,2500,2000,0,4000,70012000,21006001,2000,126000000,40000000,21004000,7000000,14004000,7000000,0,0,0,7004000,25146312,25.1463
swap_distribute_parallel_for_2500_3500_2500,2500,2500,0,5000,87515000,26257501,2500,140000000,50000000,26255000,8750000,17505000,8750000,0,0,0,8755000,25243132,25.2431
swap_distribute_parallel_for_2500_3500_3000,2500,3000,0,6000,105018000,31509001,3000,154000000,60000000,31506000,10500000,21006000,10500000,0,0,0,10506000,25307528,25.3075
swap_distribute_parallel_for_2500_3500_3500,2500,3500,0,7000,122521000,36760501,3500,168000000,70000000,36757000,12250000,24507000,12250000,0,0,0,12257000,27731409,27.7314
swap_distribute_parallel_for_2500_3500_4000,2500,4000,0,8000,140024000,42012001,4000,182000000,80000000,42008000,14000000,28008000,14000000,0,0,0,14008000,27644184,27.6442
swap_distribute_parallel_for_2500_4000_1000,2500,1000,0,2000,40006000,12003001,1000,112000000,20000000,12002000,4000000,8002000,4000000,0,0,0,4002000,28220304,28.2203
swap_distribute_parallel_for_2500_4000_1500,2500,1500,0,3000,60009000,18004501,1500,128000000,30000000,18003000,6000000,12003000,6000000,0,0,0,6003000,28345868,28.3459
swap_distribute_parallel_for_2500_4000_2000,2500,2000,0,4000,80012000,24006001,2000,144000000,40000000,24004000,8000000,16004000,8000000,0,0,0,8004000,28724445,28.7244
swap_distribute_parallel_for_2500_4000_2500,2500,2500,0,5000,100015000,30007501,2500,160000000,50000000,30005000,10000000,20005000,10000000,0,0,0,10005000,28827893,28.8279
swap_distribute_parallel_for_2500_4000_3000,2500,3000,0,6000,120018000,36009001,3000,176000000,60000000,36006000,12000000,24006000,12000000,0,0,0,12006000,28873334,28.8733
swap_distribute_parallel_for_2500_4000_3500,2500,3500,0,7000,140021000,42010501,3500,192000000,70000000,42007000,14000000,28007000,14000000,0,0,0,14007000,31661589,31.6616
swap_distribute_parallel_for_2500_4000_4000,2500,4000,0,8000,160024000,48012001,4000,208000000,80000000,48008000,16000000,32008000,16000000,0,0,0,16008000,31694029,31.6940
swap_distribute_parallel_for_2700_1200_1200,2700,1200,0,2400,14407200,4323601,1200,37440000,25920000,4322400,1440000,2882400,1440000,0,0,0,1442400,9251526,9.2515
swap_distribute_parallel_for_2700_1200_1700,2700,1700,0,3400,20410200,6125101,1700,42240000,36720000,6123400,2040000,4083400,2040000,0,0,0,2043400,9385334,9.3853
swap_distribute_parallel_for_2700_1200_2200,2700,2200,0,4400,26413200,7926601,2200,47040000,47520000,7924400,2640000,5284400,2640000,0,0,0,2644400,9396319,9.3963
swap_distribute_parallel_for_2700_1200_2700,2700,2700,0,5400,32416200,9728101,2700,51840000,58320000,9725400,3240000,6485400,3240000,0,0,0,3245400,9398246,9.3982
swap_distribute_parallel_for_2700_1200_3200,2700,3200,0,6400,38419200,11529601,3200,56640000,69120000,11526400,3840000,7686400,3840000,0,0,0,3846400,9407041,9.4070
swap_distribute_parallel_for_2700_1200_3700,2700,3700,0,7400,44422200,13331101,3700,61440000,79920000,13327400,4440000,8887400,4440000,0,0,0,4447400,10471080,10.4711
swap_distribute_parallel_for_2700_1200_4200,2700,4200,0,8400,50425200,15132601,4200,66240000,90720000,15128400,5040000,10088400,5040000,0,0,0,5048400,10433930,10.4339
swap_distribute_parallel_for_2700_1700_1200,2700,1200,0,2400,20407200,6123601,1200,53040000,25920000,6122400,2040000,4082400,2040000,0,0,0,2042400,13142486,13.1425
swap_distribute_parallel_for_2700_1700_1700,2700,1700,0,3400,28910200,8675101,1700,59840000,36720000,8673400,2890000,5783400,2890000,0,0,0,2893400,13299326,13.2993
swap_distribute_parallel_for_2700_1700_2200,2700,2200,0,4400,37413200,11226601,2200,66640000,47520000,11224400,3740000,7484400,3740000,0,0,0,3744400,13298046,13.2980
swap_distribute_parallel_for_2700_1700_2700,2700,2700,0,5400,45916200,13778101,2700,73440000,58320000,13775400,4590000,9185400,4590000,0,0,0,4595400,13310537,13.3105
swap_distribute_parallel_for_2700_1700_3200,2700,3200,0,6400,54419200,16329601,3200,80240000,69120000,16326400,5440000,10886400,5440000,0,0,0,5446400,13396608,13.3966
swap_distribute_parallel_for_2700_1700_3700,2700,3700,0,7400,62922200,18881101,3700,87040000,79920000,18877400,6290000,12587400,6290000,0,0,0,6297400,14882304,14.8823
swap_distribute_parallel_for_2700_1700_4200,2700,4200,0,8400,71425200,21432601,4200,93840000,90720000,21428400,7140000,14288400,7140000,0,0,0,7148400,14870322,14.8703
swap_distribute_parallel_for_2700_2200_1200,2700,1200,0,2400,26407200,7923601,1200,68640000,25920000,7922400,2640000,5282400,2640000,0,0,0,2642400,16950071,16.9501
swap_distribute_parallel_for_2700_2200_1700,2700,1700,0,3400,37410200,11225101,1700,77440000,36720000,11223400,3740000,7483400,3740000,0,0,0,3743400,17205329,17.2053
swap_distribute_parallel_for_2700_2200_2200,2700,2200,0,4400,48413200,14526601,2200,86240000,47520000,14524400,4840000,9684400,4840000,0,0,0,4844400,17210626,17.2106
swap_distribute_parallel_for_2700_2200_2700,2700,2700,0,5400,59416200,17828101,2700,95040000,58320000,17825400,5940000,11885400,5940000,0,0,0,5945400,17215319,17.2153
swap_distribute_parallel_for_2700_2200_3200,2700,3200,0,6400,70419200,21129601,3200,103840000,69120000,21126400,7040000,14086400,7040000,0,0,0,7046400,17224265,17.2243
swap_distribute_parallel_for_2700_2200_3700,2700,3700,0,7400,81422200,24431101,3700,112640000,79920000,24427400,8140000,16287400,8140000,0,0,0,8147400,19170905,19.1709
swap_distribute_parallel_for_2700_2200_4200,2700,4200,0,8400,92425200,27732601,4200,121440000,90720000,27728400,9240000,18488400,9240000,0,0,0,9248400,19118889,19.1189
swap_distribute_parallel_for_2700_2700_1200,2700,1200,0,2400,32407200,9723601,1200,84240000,25920000,9722400,3240000,6482400,3240000,0,0,0,3242400,20860972,20.8610
swap_distribute_parallel_for_2700_2700_1700,2700,1700,0,3400,45910200,13775101,1700,95040000,36720000,13773400,4590000,9183400,4590000,0,0,0,4593400,21119776,21.1198
swap_distribute_parallel_for_2700_2700_2200,2700,2200,0,4400,59413200,17826601,2200,105840000,47520000,17824400,5940000,11884400,5940000,0,0,0,5944400,21111187,21.1112
swap_distribute_parallel_for_2700_2700_2700,2700,2700,0,5400,72916200,21878101,2700,116640000,58320000,21875400,7290000,14585400,7290000,0,0,0,7295400,21118435,21.1184
swap_distribute_parallel_for_2700_2700_3200,2700,3200,0,6400,86419200,25929601,3200,127440000,69120000,25926400,8640000,17286400,8640000,0,0,0,8646400,21127061,21.1271
swap_distribute_parallel_for_2700_2700_3700,2700,3700,0,7400,99922200,29981101,3700,138240000,79920000,29977400,9990000,19987400,9990000,0,0,0,9997400,23524877,23.5249
swap_distribute_parallel_for_2700_2700_4200,2700,4200,0,8400,113425200,34032601,4200,149040000,90720000,34028400,11340000,22688400,11340000,0,0,0,11348400,23503853,23.5039
swap_distribute_parallel_for_2700_3200_1200,2700,1200,0,2400,38407200,11523601,1200,99840000,25920000,11522400,3840000,7682400,3840000,0,0,0,3842400,24792256,24.7923
swap_distribute_parallel_for_2700_3200_1700,2700,1700,0,3400,54410200,16325101,1700,112640000,36720000,16323400,5440000,10883400,5440000,0,0,0,5443400,25014147,25.0141
swap_distribute_parallel_for_2700_3200_2200,2700,2200,0,4400,70413200,21126601,2200,125440000,47520000,21124400,7040000,14084400,7040000,0,0,0,7044400,25013323,25.0133
swap_distribute_parallel_for_2700_3200_2700,2700,2700,0,5400,86416200,25928101,2700,138240000,58320000,25925400,8640000,17285400,8640000,0,0,0,8645400,25026525,25.0265
swap_distribute_parallel_for_2700_3200_3200,2700,3200,0,6400,102419200,30729601,3200,151040000,69120000,30726400,10240000,20486400,10240000,0,0,0,10246400,25047154,25.0472
swap_distribute_parallel_for_2700_3200_3700,2700,3700,0,7400,118422200,35531101,3700,163840000,79920000,35527400,11840000,23687400,11840000,0,0,0,11847400,27885236,27.8852
swap_distribute_parallel_for_2700_3200_4200,2700,4200,0,8400,134425200,40332601,4200,176640000,90720000,40328400,13440000,26888400,13440000,0,0,0,13448400,27826865,27.8269
swap_distribute_parallel_for_2700_3700_1200,2700,1200,0,2400,44407200,13323601,1200,115440000,25920000,13322400,4440000,8882400,4440000,0,0,0,4442400,28584217,28.5842
swap_distribute_parallel_for_2700_3700_1700,2700,1700,0,3400,62910200,18875101,1700,130240000,36720000,18873400,6290000,12583400,6290000,0,0,0,6293400,28923493,28.9235
swap_distribute_parallel_for_2700_3700_2200,2700,2200,0,4400,81413200,24426601,2200,145040000,47520000,24424400,8140000,16284400,8140000,0,0,0,8144400,28926754,28.9268
swap_distribute_parallel_for_2700_3700_2700,2700,2700,0,5400,99916200,29978101,2700,159840000,58320000,29975400,9990000,19985400,9990000,0,0,0,9995400,29013816,29.0138
swap_distribute_parallel_for_2700_3700_3200,2700,3200,0,6400,118419200,35529601,3200,174640000,69120000,35526400,11840000,23686400,11840000,0,0,0,11846400,28989924,28.9899
swap_distribute_parallel_for_2700_3700_3700,2700,3700,0,7400,136922200,41081101,3700,189440000,79920000,41077400,13690000,27387400,13690000,0,0,0,13697400,32237184,32.2372
swap_distribute_parallel_for_2700_3700_4200,2700,4200,0,8400,155425200,46632601,4200,204240000,90720000,46628400,15540000,31088400,15540000,0,0,0,15548400,32124752,32.1248
swap_distribute_parallel_for_2750_1250_1250,2750,1250,0,2500,15632500,4691251,1250,40000000,27500000,4690000,1562500,3127500,1562500,0,0,0,1565000,9603018,9.6030
swap_distribute_parallel_for_2750_1250_1750,2750,1750,0,3500,21885500,6567751,1750,45000000,38500000,6566000,2187500,4378500,2187500,0,0,0,2191000,9777538,9.7775
swap_distribute_parallel_for_2750_1250_2250,2750,2250,0,4500,28138500,8444251,2250,50000000,49500000,8442000,2812500,5629500,2812500,0,0,0,2817000,9807110,9.8071
swap_distribute_parallel_for_2750_1250_2750,2750,2750,0,5500,34391500,10320751,2750,55000000,60500000,10318000,3437500,6880500,3437500,0,0,0,3443000,9812041,9.8120
swap_distribute_parallel_for_2750_1250_3250,2750,3250,0,6500,40644500,12197251,3250,60000000,71500000,12194000,4062500,8131500,4062500,0,0,0,4069000,9832155,9.8322
swap_distribute_parallel_for_2750_1250_3750,2750,3750,0,7500,46897500,14073751,3750,65000000,82500000,14070000,4687500,9382500,4687500,0,0,0,4695000,10867524,10.8675
swap_distribute_parallel_for_2750_1250_4250,2750,4250,0,8500,53150500,15950251,4250,70000000,93500000,15946000,5312500,10633500,5312500,0,0,0,5321000,10871445,10.8714
swap_distribute_parallel_for_2750_1750_1250,2750,1250,0,2500,21882500,6566251,1250,56000000,27500000,6565000,2187500,4377500,2187500,0,0,0,2190000,13432469,13.4325
swap_distribute_parallel_for_2750_1750_1750,2750,1750,0,3500,30635500,9192751,1750,63000000,38500000,9191000,3062500,6128500,3062500,0,0,0,3066000,13685969,13.6860
swap_distribute_parallel_for_2750_1750_2250,2750,2250,0,4500,39388500,11819251,2250,70000000,49500000,11817000,3937500,7879500,3937500,0,0,0,3942000,13717096,13.7171
swap_distribute_parallel_for_2750_1750_2750,2750,2750,0,5500,48141500,14445751,2750,77000000,60500000,14443000,4812500,9630500,4812500,0,0,0,4818000,13709288,13.7093
swap_distribute_parallel_for_2750_1750_3250,2750,3250,0,6500,56894500,17072251,3250,84000000,71500000,17069000,5687500,11381500,5687500,0,0,0,5694000,13730315,13.7303
swap_distribute_parallel_for_2750_1750_3750,2750,3750,0,7500,65647500,19698751,3750,91000000,82500000,19695000,6562500,13132500,6562500,0,0,0,6570000,15203752,15.2038
swap_distribute_parallel_for_2750_1750_4250,2750,4250,0,8500,74400500,22325251,4250,98000000,93500000,22321000,7437500,14883500,7437500,0,0,0,7446000,15320876,15.3209
swap_distribute_parallel_for_2750_2250_1250,2750,1250,0,2500,28132500,8441251,1250,72000000,27500000,8440000,2812500,5627500,2812500,0,0,0,2815000,17319828,17.3198
swap_distribute_parallel_for_2750_2250_1750,2750,1750,0,3500,39385500,11817751,1750,81000000,38500000,11816000,3937500,7878500,3937500,0,0,0,3941000,17585939,17.5859
swap_distribute_parallel_for_2750_2250_2250,2750,2250,0,4500,50638500,15194251,2250,90000000,49500000,15192000,5062500,10129500,5062500,0,0,0,5067000,17641502,17.6415
swap_distribute_parallel_for_2750_2250_2750,2750,2750,0,5500,61891500,18570751,2750,99000000,60500000,18568000,6187500,12380500,6187500,0,0,0,6193000,17620431,17.6204
swap_distribute_parallel_for_2750_2250_3250,2750,3250,0,6500,73144500,21947251,3250,108000000,71500000,21944000,7312500,14631500,7312500,0,0,0,7319000,17649875,17.6499
swap_distribute_parallel_for_2750_2250_3750,2750,3750,0,7500,84397500,25323751,3750,117000000,82500000,25320000,8437500,16882500,8437500,0,0,0,8445000,19529453,19.5295
swap_distribute_parallel_for_2750_2250_4250,2750,4250,0,8500,95650500,28700251,4250,126000000,93500000,28696000,9562500,19133500,9562500,0,0,0,9571000,19552221,19.5522
swap_distribute_parallel_for_2750_2750_1250,2750,1250,0,2500,34382500,10316251,1250,88000000,27500000,10315000,3437500,6877500,3437500,0,0,0,3440000,21103183,21.1032
swap_distribute_parallel_for_2750_2750_1750,2750,1750,0,3500,48135500,14442751,1750,99000000,38500000,14441000,4812500,9628500,4812500,0,0,0,4816000,21495428,21.4954
swap_distribute_parallel_for_2750_2750_2250,2750,2250,0,4500,61888500,18569251,2250,110000000,49500000,18567000,6187500,12379500,6187500,0,0,0,6192000,21547746,21.5477
swap_distribute_parallel_for_2750_2750_2750,2750,2750,0,5500,75641500,22695751,2750,121000000,60500000,22693000,7562500,15130500,7562500,0,0,0,7568000,21528627,21.5286
swap_distribute_parallel_for_2750_2750_3250,2750,3250,0,6500,89394500,26822251,3250,132000000,71500000,26819000,8937500,17881500,8937500,0,0,0,8944000,21577033,21.5770
swap_distribute_parallel_for_2750_2750_3750,2750,3750,0,7500,103147500,30948751,3750,143000000,82500000,30945000,10312500,20632500,10312500,0,0,0,10320000,23864737,23.8647
swap_distribute_parallel_for_2750_2750_4250,2750,4250,0,8500,116900500,35075251,4250,154000000,93500000,35071000,11687500,23383500,11687500,0,0,0,11696000,23974580,23.9746
swap_distribute_parallel_for_2750_3250_1250,2750,1250,0,2500,40632500,12191251,1250,104000000,27500000,12190000,4062500,8127500,4062500,0,0,0,4065000,24964339,24.9643
swap_distribute_parallel_for_2750_3250_1750,2750,1750,0,3500,56885500,17067751,1750,117000000,38500000,17066000,5687500,11378500,5687500,0,0,0,5691000,25442582,25.4426
swap_distribute_parallel_for_2750_3250_2250,2750,2250,0,4500,73138500,21944251,2250,130000000,49500000,21942000,7312500,14629500,7312500,0,0,0,7317000,25480808,25.4808
swap_distribute_parallel_for_2750_3250_2750,2750,2750,0,5500,89391500,26820751,2750,143000000,60500000,26818000,8937500,17880500,8937500,0,0,0,8943000,25447676,25.4477
swap_distribute_parallel_for_2750_3250_3250,2750,3250,0,6500,105644500,31697251,3250,156000000,71500000,31694000,10562500,21131500,10562500,0,0,0,10569000,25468815,25.4688
swap_distribute_parallel_for_2750_3250_3750,2750,3750,0,7500,121897500,36573751,3750,169000000,82500000,36570000,12187500,24382500,12187500,0,0,0,12195000,28200093,28.2001
swap_distribute_parallel_for_2750_3250_4250,2750,4250,0,8500,138150500,41450251,4250,182000000,93500000,41446000,13812500,27633500,13812500,0,0,0,13821000,28195911,28.1959
swap_distribute_parallel_for_2750_3750_1250,2750,1250,0,2500,46882500,14066251,1250,120000000,27500000,14065000,4687500,9377500,4687500,0,0,0,4690000,28782316,28.7823
swap_distribute_parallel_for_2750_3750_1750,2750,1750,0,3500,65635500,19692751,1750,135000000,38500000,19691000,6562500,13128500,6562500,0,0,0,6566000,29316740,29.3167
swap_distribute_parallel_for_2750_3750_2250,2750,2250,0,4500,84388500,25319251,2250,150000000,49500000,25317000,8437500,16879500,8437500,0,0,0,8442000,29377456,29.3775
swap_distribute_parallel_for_2750_3750_2750,2750,2750,0,5500,103141500,30945751,2750,165000000,60500000,30943000,10312500,20630500,10312500,0,0,0,10318000,29375058,29.3751
swap_distribute_parallel_for_2750_3750_3250,2750,3250,0,6500,121894500,36572251,3250,180000000,71500000,36569000,12187500,24381500,12187500,0,0,0,12194000,29459629,29.4596
swap_distribute_parallel_for_2750_3750_3750,2750,3750,0,7500,140647500,42198751,3750,195000000,82500000,42195000,14062500,28132500,14062500,0,0,0,14070000,32538041,32.5380
swap_distribute_parallel_for_2750_3750_4250,2750,4250,0,8500,159400500,47825251,4250,210000000,93500000,47821000,15937500,31883500,15937500,0,0,0,15946000,32548154,32.5482
swap_distribute_parallel_for_2750_4250_1250,2750,1250,0,2500,53132500,15941251,1250,136000000,27500000,15940000,5312500,10627500,5312500,0,0,0,5315000,32618497,32.6185
swap_distribute_parallel_for_2750_4250_1750,2750,1750,0,3500,74385500,22317751,1750,153000000,38500000,22316000,7437500,14878500,7437500,0,0,0,7441000,33204120,33.2041
swap_distribute_parallel_for_2750_4250_2250,2750,2250,0,4500,95638500,28694251,2250,170000000,49500000,28692000,9562500,19129500,9562500,0,0,0,9567000,33290295,33.2903
swap_distribute_parallel_for_2750_4250_2750,2750,2750,0,5500,116891500,35070751,2750,187000000,60500000,35068000,11687500,23380500,11687500,0,0,0,11693000,33242689,33.2427
swap_distribute_parallel_for_2750_4250_3250,2750,3250,0,6500,138144500,41447251,3250,204000000,71500000,41444000,13812500,27631500,13812500,0,0,0,13819000,33310301,33.3103
swap_distribute_parallel_for_2750_4250_3750,2750,3750,0,7500,159397500,47823751,3750,221000000,82500000,47820000,15937500,31882500,15937500,0,0,0,15945000,36892215,36.8922
swap_distribute_parallel_for_2750_4250_4250,2750,4250,0,8500,180650500,54200251,4250,238000000,93500000,54196000,18062500,36133500,18062500,0,0,0,18071000,37033569,37.0336
swap_distribute_parallel_for_2900_1400_1400,2900,1400,0,2800,19608400,5884201,1400,48160000,32480000,5882800,1960000,3922800,1960000,0,0,0,1962800,11628463,11.6285
swap_distribute_parallel_for_2900_1400_1900,2900,1900,0,3800,26611400,7985701,1900,53760000,44080000,7983800,2660000,5323800,2660000,0,0,0,2663800,11779448,11.7794
swap_distribute_parallel_for_2900_1400_2400,2900,2400,0,4800,33614400,10087201,2400,59360000,55680000,10084800,3360000,6724800,3360000,0,0,0,3364800,11773148,11.7731
swap_distribute_parallel_for_2900_1400_2900,2900,2900,0,5800,40617400,12188701,2900,64960000,67280000,12185800,4060000,8125800,4060000,0,0,0,4065800,11779959,11.7800
swap_distribute_parallel_for_2900_1400_3400,2900,3400,0,6800,47620400,14290201,3400,70560000,78880000,14286800,4760000,9526800,4760000,0,0,0,4766800,13007505,13.0075
swap_distribute_parallel_for_2900_1400_3900,2900,3900,0,7800,54623400,16391701,3900,76160000,90480000,16387800,5460000,10927800,5460000,0,0,0,5467800,13117963,13.1180
swap_distribute_parallel_for_2900_1400_900,2900,900,0,1800,12605400,3782701,900,42560000,20880000,3781800,1260000,2521800,1260000,0,0,0,1261800,11591441,11.5914
swap_distribute_parallel_for_2900_1900_1400,2900,1400,0,2800,26608400,7984201,1400,65360000,32480000,7982800,2660000,5322800,2660000,0,0,0,2662800,15780113,15.7801
swap_distribute_parallel_for_2900_1900_1900,2900,1900,0,3800,36111400,10835701,1900,72960000,44080000,10833800,3610000,7223800,3610000,0,0,0,3613800,16078914,16.0789
swap_distribute_parallel_for_2900_1900_2400,2900,2400,0,4800,45614400,13687201,2400,80560000,55680000,13684800,4560000,9124800,4560000,0,0,0,4564800,16065457,16.0655
swap_distribute_parallel_for_2900_1900_2900,2900,2900,0,5800,55117400,16538701,2900,88160000,67280000,16535800,5510000,11025800,5510000,0,0,0,5515800,15966519,15.9665
swap_distribute_parallel_for_2900_1900_3400,2900,3400,0,6800,64620400,19390201,3400,95760000,78880000,19386800,6460000,12926800,6460000,0,0,0,6466800,17665349,17.6653
swap_distribute_parallel_for_2900_1900_3900,2900,3900,0,7800,74123400,22241701,3900,103360000,90480000,22237800,7410000,14827800,7410000,0,0,0,7417800,17778921,17.7789
swap_distribute_parallel_for_2900_1900_900,2900,900,0,1800,17105400,5132701,900,57760000,20880000,5131800,1710000,3421800,1710000,0,0,0,1711800,15727171,15.7272
swap_distribute_parallel_for_2900_2400_1400,2900,1400,0,2800,33608400,10084201,1400,82560000,32480000,10082800,3360000,6722800,3360000,0,0,0,3362800,19912601,19.9126
swap_distribute_parallel_for_2900_2400_1900,2900,1900,0,3800,45611400,13685701,1900,92160000,44080000,13683800,4560000,9123800,4560000,0,0,0,4563800,20160966,20.1610
swap_distribute_parallel_for_2900_2400_2400,2900,2400,0,4800,57614400,17287201,2400,101760000,55680000,17284800,5760000,11524800,5760000,0,0,0,5764800,20178063,20.1781
swap_distribute_parallel_for_2900_2400_2900,2900,2900,0,5800,69617400,20888701,2900,111360000,67280000,20885800,6960000,13925800,6960000,0,0,0,6965800,20177780,20.1778
swap_distribute_parallel_for_2900_2400_3400,2900,3400,0,6800,81620400,24490201,3400,120960000,78880000,24486800,8160000,16326800,8160000,0,0,0,8166800,22329067,22.3291
swap_distribute_parallel_for_2900_2400_3900,2900,3900,0,7800,93623400,28091701,3900,130560000,90480000,28087800,9360000,18727800,9360000,0,0,0,9367800,22441343,22.4413
swap_distribute_parallel_for_2900_2400_900,2900,900,0,1800,21605400,6482701,900,72960000,20880000,6481800,2160000,4321800,2160000,0,0,0,2161800,19847847,19.8478
swap_distribute_parallel_for_2900_2900_1400,2900,1400,0,2800,40608400,12184201,1400,99760000,32480000,12182800,4060000,8122800,4060000,0,0,0,4062800,24054758,24.0548
swap_distribute_parallel_for_2900_2900_1900,2900,1900,0,3800,55111400,16535701,1900,111360000,44080000,16533800,5510000,11023800,5510000,0,0,0,5513800,24360831,24.3608
swap_distribute_parallel_for_2900_2900_2400,2900,2400,0,4800,69614400,20887201,2400,122960000,55680000,20884800,6960000,13924800,6960000,0,0,0,6964800,24372772,24.3728
swap_distribute_parallel_for_2900_2900_2900,2900,2900,0,5800,84117400,25238701,2900,134560000,67280000,25235800,8410000,16825800,8410000,0,0,0,8415800,24398694,24.3987
swap_distribute_parallel_for_2900_2900_3400,2900,3400,0,6800,98620400,29590201,3400,146160000,78880000,29586800,9860000,19726800,9860000,0,0,0,9866800,26933494,26.9335
swap_distribute_parallel_for_2900_2900_3900,2900,3900,0,7800,113123400,33941701,3900,157760000,90480000,33937800,11310000,22627800,11310000,0,0,0,11317800,27112164,27.1122
swap_distribute_parallel_for_2900_2900_900,2900,900,0,1800,26105400,7832701,900,88160000,20880000,7831800,2610000,5221800,2610000,0,0,0,2611800,23971286,23.9713
swap_distribute_parallel_for_2900_3400_1400,2900,1400,0,2800,47608400,14284201,1400,116960000,32480000,14282800,4760000,9522800,4760000,0,0,0,4762800,28187630,28.1876
swap_distribute_parallel_for_2900_3400_1900,2900,1900,0,3800,64611400,19385701,1900,130560000,44080000,19383800,6460000,12923800,6460000,0,0,0,6463800,28573124,28.5731
swap_distribute_parallel_for_2900_3400_2400,2900,2400,0,4800,81614400,24487201,2400,144160000,55680000,24484800,8160000,16324800,8160000,0,0,0,8164800,28573810,28.5738
swap_distribute_parallel_for_2900_3400_2900,2900,2900,0,5800,98617400,29588701,2900,157760000,67280000,29585800,9860000,19725800,9860000,0,0,0,9865800,28605038,28.6050
swap_distribute_parallel_for_2900_3400_3400,2900,3400,0,6800,115620400,34690201,3400,171360000,78880000,34686800,11560000,23126800,11560000,0,0,0,11566800,31496908,31.4969
swap_distribute_parallel_for_2900_3400_3900,2900,3900,0,7800,132623400,39791701,3900,184960000,90480000,39787800,13260000,26527800,13260000,0,0,0,13267800,31855958,31.8560
swap_distribute_parallel_for_2900_3400_900,2900,900,0,1800,30605400,9182701,900,103360000,20880000,9181800,3060000,6121800,3060000,0,0,0,3061800,28089253,28.0893
swap_distribute_parallel_for_2900_3900_1400,2900,1400,0,2800,54608400,16384201,1400,134160000,32480000,16382800,5460000,10922800,5460000,0,0,0,5462800,32381188,32.3812
swap_distribute_parallel_for_2900_3900_1900,2900,1900,0,3800,74111400,22235701,1900,149760000,44080000,22233800,7410000,14823800,7410000,0,0,0,7413800,32782899,32.7829
swap_distribute_parallel_for_2900_3900_2400,2900,2400,0,4800,93614400,28087201,2400,165360000,55680000,28084800,9360000,18724800,9360000,0,0,0,9364800,32769477,32.7695
swap_distribute_parallel_for_2900_3900_2900,2900,2900,0,5800,113117400,33938701,2900,180960000,67280000,33935800,11310000,22625800,11310000,0,0,0,11315800,32886205,32.8862
swap_distribute_parallel_for_2900_3900_3400,2900,3400,0,6800,132620400,39790201,3400,196560000,78880000,39786800,13260000,26526800,13260000,0,0,0,13266800,36265079,36.2651
swap_distribute_parallel_for_2900_3900_3900,2900,3900,0,7800,152123400,45641701,3900,212160000,90480000,45637800,15210000,30427800,15210000,0,0,0,15217800,36474830,36.4748
swap_distribute_parallel_for_2900_3900_900,2900,900,0,1800,35105400,10532701,900,118560000,20880000,10531800,3510000,7021800,3510000,0,0,0,3511800,32221159,32.2212
swap_distribute_parallel_for_2900_900_1400,2900,1400,0,2800,12608400,3784201,1400,30960000,32480000,3782800,1260000,2522800,1260000,0,0,0,1262800,7474373,7.4744
swap_distribute_parallel_for_2900_900_1900,2900,1900,0,3800,17111400,5135701,1900,34560000,44080000,5133800,1710000,3423800,1710000,0,0,0,1713800,7574978,7.5750
swap_distribute_parallel_for_2900_900_2400,2900,2400,0,4800,21614400,6487201,2400,38160000,55680000,6484800,2160000,4324800,2160000,0,0,0,2164800,7575886,7.5759
swap_distribute_parallel_for_2900_900_2900,2900,2900,0,5800,26117400,7838701,2900,41760000,67280000,7835800,2610000,5225800,2610000,0,0,0,2615800,7591839,7.5918
swap_distribute_parallel_for_2900_900_3400,2900,3400,0,6800,30620400,9190201,3400,45360000,78880000,9186800,3060000,6126800,3060000,0,0,0,3066800,8414650,8.4146
swap_distribute_parallel_for_2900_900_3900,2900,3900,0,7800,35123400,10541701,3900,48960000,90480000,10537800,3510000,7027800,3510000,0,0,0,3517800,8433455,8.4335
swap_distribute_parallel_for_2900_900_900,2900,900,0,1800,8105400,2432701,900,27360000,20880000,2431800,810000,1621800,810000,0,0,0,811800,7449012,7.4490
swap_distribute_parallel_for_3000_1000_1000,3000,1000,0,2000,10006000,3003001,1000,32000000,24000000,3002000,1000000,2002000,1000000,0,0,0,1002000,8474523,8.4745
swap_distribute_parallel_for_3000_1000_1500,3000,1500,0,3000,15009000,4504501,1500,36000000,36000000,4503000,1500000,3003000,1500000,0,0,0,1503000,8482961,8.4830
swap_distribute_parallel_for_3000_1000_2000,3000,2000,0,4000,20012000,6006001,2000,40000000,48000000,6004000,2000000,4004000,2000000,0,0,0,2004000,8626179,8.6262
swap_distribute_parallel_for_3000_1000_2500,3000,2500,0,5000,25015000,7507501,2500,44000000,60000000,7505000,2500000,5005000,2500000,0,0,0,2505000,8673232,8.6732
swap_distribute_parallel_for_3000_1000_3000,3000,3000,0,6000,30018000,9009001,3000,48000000,72000000,9006000,3000000,6006000,3000000,0,0,0,3006000,8689376,8.6894
swap_distribute_parallel_for_3000_1000_3500,3000,3500,0,7000,35021000,10510501,3500,52000000,84000000,10507000,3500000,7007000,3500000,0,0,0,3507000,9513833,9.5138
swap_distribute_parallel_for_3000_1000_4000,3000,4000,0,8000,40024000,12012001,4000,56000000,96000000,12008000,4000000,8008000,4000000,0,0,0,4008000,9475234,9.4752
swap_distribute_parallel_for_3000_1500_1000,3000,1000,0,2000,15006000,4503001,1000,48000000,24000000,4502000,1500000,3002000,1500000,0,0,0,1502000,12711340,12.7113
swap_distribute_parallel_for_3000_1500_1500,3000,1500,0,3000,22509000,6754501,1500,54000000,36000000,6753000,2250000,4503000,2250000,0,0,0,2253000,12716033,12.7160
swap_distribute_parallel_for_3000_1500_2000,3000,2000,0,4000,30012000,9006001,2000,60000000,48000000,9004000,3000000,6004000,3000000,0,0,0,3004000,12930577,12.9306
swap_distribute_parallel_for_3000_1500_2500,3000,2500,0,5000,37515000,11257501,2500,66000000,60000000,11255000,3750000,7505000,3750000,0,0,0,3755000,12988341,12.9883
swap_distribute_parallel_for_3000_1500_3000,3000,3000,0,6000,45018000,13509001,3000,72000000,72000000,13506000,4500000,9006000,4500000,0,0,0,4506000,13120378,13.1204
swap_distribute_parallel_for_3000_1500_3500,3000,3500,0,7000,52521000,15760501,3500,78000000,84000000,15757000,5250000,10507000,5250000,0,0,0,5257000,14262644,14.2626
swap_distribute_parallel_for_3000_1500_4000,3000,4000,0,8000,60024000,18012001,4000,84000000,96000000,18008000,6000000,12008000,6000000,0,0,0,6008000,14219096,14.2191
swap_distribute_parallel_for_3000_2000_1000,3000,1000,0,2000,20006000,6003001,1000,64000000,24000000,6002000,2000000,4002000,2000000,0,0,0,2002000,16942664,16.9427
swap_distribute_parallel_for_3000_2000_1500,3000,1500,0,3000,30009000,9004501,1500,72000000,36000000,9003000,3000000,6003000,3000000,0,0,0,3003000,16949078,16.9491
swap_distribute_parallel_for_3000_2000_2000,3000,2000,0,4000,40012000,12006001,2000,80000000,48000000,12004000,4000000,8004000,4000000,0,0,0,4004000,17243946,17.2439
swap_distribute_parallel_for_3000_2000_2500,3000,2500,0,5000,50015000,15007501,2500,88000000,60000000,15005000,5000000,10005000,5000000,0,0,0,5005000,17302495,17.3025
swap_distribute_parallel_for_3000_2000_3000,3000,3000,0,6000,60018000,18009001,3000,96000000,72000000,18006000,6000000,12006000,6000000,0,0,0,6006000,17334395,17.3344
swap_distribute_parallel_for_3000_2000_3500,3000,3500,0,7000,70021000,21010501,3500,104000000,84000000,21007000,7000000,14007000,7000000,0,0,0,7007000,18993536,18.9935
swap_distribute_parallel_for_3000_2000_4000,3000,4000,0,8000,80024000,24012001,4000,112000000,96000000,24008000,8000000,16008000,8000000,0,0,0,8008000,18939271,18.9393
swap_distribute_parallel_for_3000_2500_1000,3000,1000,0,2000,25006000,7503001,1000,80000000,24000000,7502000,2500000,5002000,2500000,0,0,0,2502000,21078590,21.0786
swap_distribute_parallel_for_3000_2500_1500,3000,1500,0,3000,37509000,11254501,1500,90000000,36000000,11253000,3750000,7503000,3750000,0,0,0,3753000,21196369,21.1964
swap_distribute_parallel_for_3000_2500_2000,3000,2000,0,4000,50012000,15006001,2000,100000000,48000000,15004000,5000000,10004000,5000000,0,0,0,5004000,21549915,21.5499
swap_distribute_parallel_for_3000_2500_2500,3000,2500,0,5000,62515000,18757501,2500,110000000,60000000,18755000,6250000,12505000,6250000,0,0,0,6255000,21631267,21.6313
swap_distribute_parallel_for_3000_2500_3000,3000,3000,0,6000,75018000,22509001,3000,120000000,72000000,22506000,7500000,15006000,7500000,0,0,0,7506000,21661523,21.6615
swap_distribute_parallel_for_3000_2500_3500,3000,3500,0,7000,87521000,26260501,3500,130000000,84000000,26257000,8750000,17507000,8750000,0,0,0,8757000,23755036,23.7550
swap_distribute_parallel_for_3000_2500_4000,3000,4000,0,8000,100024000,30012001,4000,140000000,96000000,30008000,10000000,20008000,10000000,0,0,0,10008000,23700370,23.7004
swap_distribute_parallel_for_3000_3000_1000,3000,1000,0,2000,30006000,9003001,1000,96000000,24000000,9002000,3000000,6002000,3000000,0,0,0,3002000,25399107,25.3991
swap_distribute_parallel_for_3000_3000_1500,3000,1500,0,3000,45009000,13504501,1500,108000000,36000000,13503000,4500000,9003000,4500000,0,0,0,4503000,25448522,25.4485
swap_distribute_parallel_for_3000_3000_2000,3000,2000,0,4000,60012000,18006001,2000,120000000,48000000,18004000,6000000,12004000,6000000,0,0,0,6004000,25856074,25.8561
swap_distribute_parallel_for_3000_3000_2500,3000,2500,0,5000,75015000,22507501,2500,132000000,60000000,22505000,7500000,15005000,7500000,0,0,0,7505000,25952275,25.9523
swap_distribute_parallel_for_3000_3000_3000,3000,3000,0,6000,90018000,27009001,3000,144000000,72000000,27006000,9000000,18006000,9000000,0,0,0,9006000,26002790,26.0028
swap_distribute_parallel_for_3000_3000_3500,3000,3500,0,7000,105021000,31510501,3500,156000000,84000000,31507000,10500000,21007000,10500000,0,0,0,10507000,28477583,28.4776
swap_distribute_parallel_for_3000_3000_4000,3000,4000,0,8000,120024000,36012001,4000,168000000,96000000,36008000,12000000,24008000,12000000,0,0,0,12008000,28391168,28.3912
swap_distribute_parallel_for_3000_3500_1000,3000,1000,0,2000,35006000,10503001,1000,112000000,24000000,10502000,3500000,7002000,3500000,0,0,0,3502000,29496637,29.4966
swap_distribute_parallel_for_300_100_100,300,100,0,200,100600,30301,100,320000,240000,30200,10000,20200,10000,0,0,0,10200,79362,0.0794
swap_distribute_parallel_for_300_100_200,300,200,0,400,201200,60601,200,400000,480000,60400,20000,40400,20000,0,0,0,20400,83492,0.0835
swap_distribute_parallel_for_300_100_300,300,300,0,600,301800,90901,300,480000,720000,90600,30000,60600,30000,0,0,0,30600,82843,0.0828
swap_distribute_parallel_for_300_100_400,300,400,0,800,402400,121201,400,560000,960000,120800,40000,80800,40000,0,0,0,40800,81615,0.0816
swap_distribute_parallel_for_300_100_500,300,500,0,1000,503000,151501,500,640000,1200000,151000,50000,101000,50000,0,0,0,51000,82064,0.0821
swap_distribute_parallel_for_300_100_600,300,600,0,1200,603600,181801,600,720000,1440000,181200,60000,121200,60000,0,0,0,61200,81822,0.0818
swap_distribute_parallel_for_300_100_700,300,700,0,1400,704200,212101,700,800000,1680000,211400,70000,141400,70000,0,0,0,71400,84718,0.0847
swap_distribute_parallel_for_300_100_800,300,800,0,1600,804800,242401,800,880000,1920000,241600,80000,161600,80000,0,0,0,81600,83287,0.0833
swap_distribute_parallel_for_300_100_900,300,900,0,1800,905400,272701,900,960000,2160000,271800,90000,181800,90000,0,0,0,91800,83651,0.0837
swap_distribute_parallel_for_300_200_100,300,100,0,200,200600,60301,100,640000,240000,60200,20000,40200,20000,0,0,0,20200,157083,0.1571
swap_distribute_parallel_for_300_200_200,300,200,0,400,401200,120601,200,800000,480000,120400,40000,80400,40000,0,0,0,40400,158057,0.1581
swap_distribute_parallel_for_300_200_300,300,300,0,600,601800,180901,300,960000,720000,180600,60000,120600,60000,0,0,0,60600,161130,0.1611
swap_distribute_parallel_for_300_200_400,300,400,0,800,802400,241201,400,1120000,960000,240800,80000,160800,80000,0,0,0,80800,162041,0.1620
swap_distribute_parallel_for_300_200_500,300,500,0,1000,1003000,301501,500,1280000,1200000,301000,100000,201000,100000,0,0,0,101000,162201,0.1622
swap_distribute_parallel_for_300_200_600,300,600,0,1200,1203600,361801,600,1440000,1440000,361200,120000,241200,120000,0,0,0,121200,162720,0.1627
swap_distribute_parallel_for_300_200_700,300,700,0,1400,1404200,422101,700,1600000,1680000,421400,140000,281400,140000,0,0,0,141400,161951,0.1620
swap_distribute_parallel_for_300_200_800,300,800,0,1600,1604800,482401,800,1760000,1920000,481600,160000,321600,160000,0,0,0,161600,164190,0.1642
swap_distribute_parallel_for_300_200_900,300,900,0,1800,1805400,542701,900,1920000,2160000,541800,180000,361800,180000,0,0,0,181800,165593,0.1656
swap_distribute_parallel_for_300_300_100,300,100,0,200,300600,90301,100,960000,240000,90200,30000,60200,30000,0,0,0,30200,235225,0.2352
swap_distribute_parallel_for_300_300_200,300,200,0,400,601200,180601,200,1200000,480000,180400,60000,120400,60000,0,0,0,60400,235407,0.2354
swap_distribute_parallel_for_300_300_300,300,300,0,600,901800,270901,300,1440000,720000,270600,90000,180600,90000,0,0,0,90600,241496,0.2415
swap_distribute_parallel_for_300_300_400,300,400,0,800,1202400,361201,400,1680000,960000,360800,120000,240800,120000,0,0,0,120800,241148,0.2411
swap_distribute_parallel_for_300_300_500,300,500,0,1000,1503000,451501,500,1920000,1200000,451000,150000,301000,150000,0,0,0,151000,241378,0.2414
swap_distribute_parallel_for_300_300_600,300,600,0,1200,1803600,541801,600,2160000,1440000,541200,180000,361200,180000,0,0,0,181200,241471,0.2415
swap_distribute_parallel_for_300_300_700,300,700,0,1400,2104200,632101,700,2400000,1680000,631400,210000,421400,210000,0,0,0,211400,253977,0.2540
swap_distribute_parallel_for_300_300_800,300,800,0,1600,2404800,722401,800,2640000,1920000,721600,240000,481600,240000,0,0,0,241600,259922,0.2599
swap_distribute_parallel_for_300_300_900,300,900,0,1800,2705400,812701,900,2880000,2160000,811800,270000,541800,270000,0,0,0,271800,274778,0.2748
swap_distribute_parallel_for_300_400_100,300,100,0,200,400600,120301,100,1280000,240000,120200,40000,80200,40000,0,0,0,40200,312884,0.3129
swap_distribute_parallel_for_300_400_200,300,200,0,400,801200,240601,200,1600000,480000,240400,80000,160400,80000,0,0,0,80400,313902,0.3139
swap_distribute_parallel_for_300_400_300,300,300,0,600,1201800,360901,300,1920000,720000,360600,120000,240600,120000,0,0,0,120600,324591,0.3246
swap_distribute_parallel_for_300_400_400,300,400,0,800,1602400,481201,400,2240000,960000,480800,160000,320800,160000,0,0,0,160800,320203,0.3202
swap_distribute_parallel_for_300_400_500,300,500,0,1000,2003000,601501,500,2560000,1200000,601000,200000,401000,200000,0,0,0,201000,329711,0.3297
swap_distribute_parallel_for_300_400_600,300,600,0,1200,2403600,721801,600,2880000,1440000,721200,240000,481200,240000,0,0,0,241200,341049,0.3410
swap_distribute_parallel_for_300_400_700,300,700,0,1400,2804200,842101,700,3200000,1680000,841400,280000,561400,280000,0,0,0,281400,342319,0.3423
swap_distribute_parallel_for_300_400_800,300,800,0,1600,3204800,962401,800,3520000,1920000,961600,320000,641600,320000,0,0,0,321600,345247,0.3452
swap_distribute_parallel_for_300_400_900,300,900,0,1800,3605400,1082701,900,3840000,2160000,1081800,360000,721800,360000,0,0,0,361800,345619,0.3456
swap_distribute_parallel_for_300_500_100,300,100,0,200,500600,150301,100,1600000,240000,150200,50000,100200,50000,0,0,0,50200,410572,0.4106
swap_distribute_parallel_for_300_500_200,300,200,0,400,1001200,300601,200,2000000,480000,300400,100000,200400,100000,0,0,0,100400,391703,0.3917
swap_distribute_parallel_for_300_500_300,300,300,0,600,1501800,450901,300,2400000,720000,450600,150000,300600,150000,0,0,0,150600,404799,0.4048
swap_distribute_parallel_for_300_500_400,300,400,0,800,2002400,601201,400,2800000,960000,600800,200000,400800,200000,0,0,0,200800,413273,0.4133
swap_distribute_parallel_for_300_500_500,300,500,0,1000,2503000,751501,500,3200000,1200000,751000,250000,501000,250000,0,0,0,251000,425977,0.4260
swap_distribute_parallel_for_300_500_600,300,600,0,1200,3003600,901801,600,3600000,1440000,901200,300000,601200,300000,0,0,0,301200,432675,0.4327
swap_distribute_parallel_for_300_500_700,300,700,0,1400,3504200,1052101,700,4000000,1680000,1051400,350000,701400,350000,0,0,0,351400,430154,0.4302
swap_distribute_parallel_for_300_500_800,300,800,0,1600,4004800,1202401,800,4400000,1920000,1201600,400000,801600,400000,0,0,0,401600,434445,0.4344
swap_distribute_parallel_for_300_500_900,300,900,0,1800,4505400,1352701,900,4800000,2160000,1351800,450000,901800,450000,0,0,0,451800,449340,0.4493
swap_distribute_parallel_for_300_600_100,300,100,0,200,600600,180301,100,1920000,240000,180200,60000,120200,60000,0,0,0,60200,468675,0.4687
swap_distribute_parallel_for_300_600_200,300,200,0,400,1201200,360601,200,2400000,480000,360400,120000,240400,120000,0,0,0,120400,469962,0.4700
swap_distribute_parallel_for_300_600_300,300,300,0,600,1801800,540901,300,2880000,720000,540600,180000,360600,180000,0,0,0,180600,486810,0.4868
swap_distribute_parallel_for_300_600_400,300,400,0,800,2402400,721201,400,3360000,960000,720800,240000,480800,240000,0,0,0,240800,511260,0.5113
swap_distribute_parallel_for_300_600_500,300,500,0,1000,3003000,901501,500,3840000,1200000,901000,300000,601000,300000,0,0,0,301000,512905,0.5129
swap_distribute_parallel_for_300_600_600,300,600,0,1200,3603600,1081801,600,4320000,1440000,1081200,360000,721200,360000,0,0,0,361200,518396,0.5184
swap_distribute_parallel_for_300_600_700,300,700,0,1400,4204200,1262101,700,4800000,1680000,1261400,420000,841400,420000,0,0,0,421400,516669,0.5167
swap_distribute_parallel_for_300_600_800,300,800,0,1600,4804800,1442401,800,5280000,1920000,1441600,480000,961600,480000,0,0,0,481600,518127,0.5181
swap_distribute_parallel_for_300_600_900,300,900,0,1800,5405400,1622701,900,5760000,2160000,1621800,540000,1081800,540000,0,0,0,541800,519361,0.5194
swap_distribute_parallel_for_300_700_100,300,100,0,200,700600,210301,100,2240000,240000,210200,70000,140200,70000,0,0,0,70200,546078,0.5461
swap_distribute_parallel_for_300_700_200,300,200,0,400,1401200,420601,200,2800000,480000,420400,140000,280400,140000,0,0,0,140400,553259,0.5533
swap_distribute_parallel_for_300_700_300,300,300,0,600,2101800,630901,300,3360000,720000,630600,210000,420600,210000,0,0,0,210600,591851,0.5919
swap_distribute_parallel_for_300_700_400,300,400,0,800,2802400,841201,400,3920000,960000,840800,280000,560800,280000,0,0,0,280800,594116,0.5941
swap_distribute_parallel_for_300_700_500,300,500,0,1000,3503000,1051501,500,4480000,1200000,1051000,350000,701000,350000,0,0,0,351000,596722,0.5967
swap_distribute_parallel_for_300_700_600,300,600,0,1200,4203600,1261801,600,5040000,1440000,1261200,420000,841200,420000,0,0,0,421200,596747,0.5967
swap_distribute_parallel_for_300_700_700,300,700,0,1400,4904200,1472101,700,5600000,1680000,1471400,490000,981400,490000,0,0,0,491400,596597,0.5966
swap_distribute_parallel_for_300_700_800,300,800,0,1600,5604800,1682401,800,6160000,1920000,1681600,560000,1121600,560000,0,0,0,561600,603822,0.6038
swap_distribute_parallel_for_300_700_900,300,900,0,1800,6305400,1892701,900,6720000,2160000,1891800,630000,1261800,630000,0,0,0,631800,601454,0.6015
swap_distribute_parallel_for_300_800_100,300,100,0,200,800600,240301,100,2560000,240000,240200,80000,160200,80000,0,0,0,80200,623460,0.6235
swap_distribute_parallel_for_300_800_200,300,200,0,400,1601200,480601,200,3200000,480000,480400,160000,320400,160000,0,0,0,160400,625387,0.6254
swap_distribute_parallel_for_300_800_300,300,300,0,600,2401800,720901,300,3840000,720000,720600,240000,480600,240000,0,0,0,240600,679253,0.6793
swap_distribute_parallel_for_300_800_400,300,400,0,800,3202400,961201,400,4480000,960000,960800,320000,640800,320000,0,0,0,320800,682215,0.6822
swap_distribute_parallel_for_300_800_500,300,500,0,1000,4003000,1201501,500,5120000,1200000,1201000,400000,801000,400000,0,0,0,401000,682294,0.6823
swap_distribute_parallel_for_300_800_600,300,600,0,1200,4803600,1441801,600,5760000,1440000,1441200,480000,961200,480000,0,0,0,481200,693908,0.6939
swap_distribute_parallel_for_300_800_700,300,700,0,1400,5604200,1682101,700,6400000,1680000,1681400,560000,1121400,560000,0,0,0,561400,681262,0.6813
swap_distribute_parallel_for_300_800_800,300,800,0,1600,6404800,1922401,800,7040000,1920000,1921600,640000,1281600,640000,0,0,0,641600,690153,0.6902
swap_distribute_parallel_for_300_800_900,300,900,0,1800,7205400,2162701,900,7680000,2160000,2161800,720000,1441800,720000,0,0,0,721800,687546,0.6875
swap_distribute_parallel_for_300_900_100,300,100,0,200,900600,270301,100,2880000,240000,270200,90000,180200,90000,0,0,0,90200,700387,0.7004
swap_distribute_parallel_for_300_900_200,300,200,0,400,1801200,540601,200,3600000,480000,540400,180000,360400,180000,0,0,0,180400,702237,0.7022
swap_distribute_parallel_for_300_900_300,300,300,0,600,2701800,810901,300,4320000,720000,810600,270000,540600,270000,0,0,0,270600,768546,0.7685
swap_distribute_parallel_for_300_900_400,300,400,0,800,3602400,1081201,400,5040000,960000,1080800,360000,720800,360000,0,0,0,360800,762255,0.7623
swap_distribute_parallel_for_300_900_500,300,500,0,1000,4503000,1351501,500,5760000,1200000,1351000,450000,901000,450000,0,0,0,451000,762477,0.7625
swap_distribute_parallel_for_300_900_600,300,600,0,1200,5403600,1621801,600,6480000,1440000,1621200,540000,1081200,540000,0,0,0,541200,763515,0.7635
swap_distribute_parallel_for_300_900_700,300,700,0,1400,6304200,1892101,700,7200000,1680000,1891400,630000,1261400,630000,0,0,0,631400,764083,0.7641
swap_distribute_parallel_for_300_900_800,300,800,0,1600,7204800,2162401,800,7920000,1920000,2161600,720000,1441600,720000,0,0,0,721600,773390,0.7734
swap_distribute_parallel_for_300_900_900,300,900,0,1800,8105400,2432701,900,8640000,2160000,2431800,810000,1621800,810000,0,0,0,811800,772690,0.7727
swap_distribute_parallel_for_3200_1200_1200,3200,1200,0,2400,14407200,4323601,1200,42240000,30720000,4322400,1440000,2882400,1440000,0,0,0,1442400,11007656,11.0077
swap_distribute_parallel_for_3200_1200_1700,3200,1700,0,3400,20410200,6125101,1700,47040000,43520000,6123400,2040000,4083400,2040000,0,0,0,2043400,11125120,11.1251
swap_distribute_parallel_for_3200_1200_2200,3200,2200,0,4400,26413200,7926601,2200,51840000,56320000,7924400,2640000,5284400,2640000,0,0,0,2644400,11174946,11.1749
swap_distribute_parallel_for_3200_1200_2700,3200,2700,0,5400,32416200,9728101,2700,56640000,69120000,9725400,3240000,6485400,3240000,0,0,0,3245400,11145705,11.1457
swap_distribute_parallel_for_3200_1200_3200,3200,3200,0,6400,38419200,11529601,3200,61440000,81920000,11526400,3840000,7686400,3840000,0,0,0,3846400,11158595,11.1586
swap_distribute_parallel_for_3200_1200_3700,3200,3700,0,7400,44422200,13331101,3700,66240000,94720000,13327400,4440000,8887400,4440000,0,0,0,4447400,12401059,12.4011
swap_distribute_parallel_for_3200_1200_4200,3200,4200,0,8400,50425200,15132601,4200,71040000,107520000,15128400,5040000,10088400,5040000,0,0,0,5048400,12364251,12.3643
swap_distribute_parallel_for_3200_1700_1200,3200,1200,0,2400,20407200,6123601,1200,59840000,30720000,6122400,2040000,4082400,2040000,0,0,0,2042400,15581972,15.5820
swap_distribute_parallel_for_3200_1700_1700,3200,1700,0,3400,28910200,8675101,1700,66640000,43520000,8673400,2890000,5783400,2890000,0,0,0,2893400,15757895,15.7579
swap_distribute_parallel_for_3200_1700_2200,3200,2200,0,4400,37413200,11226601,2200,73440000,56320000,11224400,3740000,7484400,3740000,0,0,0,3744400,15764667,15.7647
swap_distribute_parallel_for_3200_1700_2700,3200,2700,0,5400,45916200,13778101,2700,80240000,69120000,13775400,4590000,9185400,4590000,0,0,0,4595400,15777440,15.7774
swap_distribute_parallel_for_3200_1700_3200,3200,3200,0,6400,54419200,16329601,3200,87040000,81920000,16326400,5440000,10886400,5440000,0,0,0,5446400,15774890,15.7749
swap_distribute_parallel_for_3200_1700_3700,3200,3700,0,7400,62922200,18881101,3700,93840000,94720000,18877400,6290000,12587400,6290000,0,0,0,6297400,17600310,17.6003
swap_distribute_parallel_for_3200_1700_4200,3200,4200,0,8400,71425200,21432601,4200,100640000,107520000,21428400,7140000,14288400,7140000,0,0,0,7148400,17515006,17.5150
swap_distribute_parallel_for_3200_2200_1200,3200,1200,0,2400,26407200,7923601,1200,77440000,30720000,7922400,2640000,5282400,2640000,0,0,0,2642400,20177437,20.1774
swap_distribute_parallel_for_3200_2200_1700,3200,1700,0,3400,37410200,11225101,1700,86240000,43520000,11223400,3740000,7483400,3740000,0,0,0,3743400,20410943,20.4109
swap_distribute_parallel_for_3200_2200_2200,3200,2200,0,4400,48413200,14526601,2200,95040000,56320000,14524400,4840000,9684400,4840000,0,0,0,4844400,20394093,20.3941
swap_distribute_parallel_for_3200_2200_2700,3200,2700,0,5400,59416200,17828101,2700,103840000,69120000,17825400,5940000,11885400,5940000,0,0,0,5945400,20398803,20.3988
swap_distribute_parallel_for_3200_2200_3200,3200,3200,0,6400,70419200,21129601,3200,112640000,81920000,21126400,7040000,14086400,7040000,0,0,0,7046400,20444917,20.4449
swap_distribute_parallel_for_3200_2200_3700,3200,3700,0,7400,81422200,24431101,3700,121440000,94720000,24427400,8140000,16287400,8140000,0,0,0,8147400,22768560,22.7686
swap_distribute_parallel_for_3200_2200_4200,3200,4200,0,8400,92425200,27732601,4200,130240000,107520000,27728400,9240000,18488400,9240000,0,0,0,9248400,22684037,22.6840
swap_distribute_parallel_for_3200_2700_1200,3200,1200,0,2400,32407200,9723601,1200,95040000,30720000,9722400,3240000,6482400,3240000,0,0,0,3242400,24650960,24.6510
swap_distribute_parallel_for_3200_2700_1700,3200,1700,0,3400,45910200,13775101,1700,105840000,43520000,13773400,4590000,9183400,4590000,0,0,0,4593400,25021625,25.0216
swap_distribute_parallel_for_3200_2700_2200,3200,2200,0,4400,59413200,17826601,2200,116640000,56320000,17824400,5940000,11884400,5940000,0,0,0,5944400,25022380,25.0224
swap_distribute_parallel_for_3200_2700_2700,3200,2700,0,5400,72916200,21878101,2700,127440000,69120000,21875400,7290000,14585400,7290000,0,0,0,7295400,25039636,25.0396
swap_distribute_parallel_for_3200_2700_3200,3200,3200,0,6400,86419200,25929601,3200,138240000,81920000,25926400,8640000,17286400,8640000,0,0,0,8646400,25042150,25.0421
swap_distribute_parallel_for_3200_2700_3700,3200,3700,0,7400,99922200,29981101,3700,149040000,94720000,29977400,9990000,19987400,9990000,0,0,0,9997400,27869441,27.8694
swap_distribute_parallel_for_3200_2700_4200,3200,4200,0,8400,113425200,34032601,4200,159840000,107520000,34028400,11340000,22688400,11340000,0,0,0,11348400,27861983,27.8620
swap_distribute_parallel_for_3200_3200_1200,3200,1200,0,2400,38407200,11523601,1200,112640000,30720000,11522400,3840000,7682400,3840000,0,0,0,3842400,29271182,29.2712
swap_distribute_parallel_for_3200_3200_1700,3200,1700,0,3400,54410200,16325101,1700,125440000,43520000,16323400,5440000,10883400,5440000,0,0,0,5443400,29658748,29.6587
swap_distribute_parallel_for_3200_3200_2200,3200,2200,0,4400,70413200,21126601,2200,138240000,56320000,21124400,7040000,14084400,7040000,0,0,0,7044400,29701597,29.7016
swap_distribute_parallel_for_3200_3200_2700,3200,2700,0,5400,86416200,25928101,2700,151040000,69120000,25925400,8640000,17285400,8640000,0,0,0,8645400,29668112,29.6681
swap_distribute_parallel_for_3200_3200_3200,3200,3200,0,6400,102419200,30729601,3200,163840000,81920000,30726400,10240000,20486400,10240000,0,0,0,10246400,29681070,29.6811
swap_distribute_parallel_for_3200_3200_3700,3200,3700,0,7400,118422200,35531101,3700,176640000,94720000,35527400,11840000,23687400,11840000,0,0,0,11847400,33047954,33.0480
swap_distribute_parallel_for_3200_3200_4200,3200,4200,0,8400,134425200,40332601,4200,189440000,107520000,40328400,13440000,26888400,13440000,0,0,0,13448400,33063967,33.0640
swap_distribute_parallel_for_3200_3700_1200,3200,1200,0,2400,44407200,13323601,1200,130240000,30720000,13322400,4440000,8882400,4440000,0,0,0,4442400,33858041,33.8580
swap_distribute_parallel_for_3200_3700_1700,3200,1700,0,3400,62910200,18875101,1700,145040000,43520000,18873400,6290000,12583400,6290000,0,0,0,6293400,34270822,34.2708
swap_distribute_parallel_for_3200_3700_2200,3200,2200,0,4400,81413200,24426601,2200,159840000,56320000,24424400,8140000,16284400,8140000,0,0,0,8144400,34332600,34.3326
swap_distribute_parallel_for_3200_3700_2700,3200,2700,0,5400,99916200,29978101,2700,174640000,69120000,29975400,9990000,19985400,9990000,0,0,0,9995400,34316116,34.3161
swap_distribute_parallel_for_3200_3700_3200,3200,3200,0,6400,118419200,35529601,3200,189440000,81920000,35526400,11840000,23686400,11840000,0,0,0,11846400,34439905,34.4399
swap_distribute_parallel_for_3200_3700_3700,3200,3700,0,7400,136922200,41081101,3700,204240000,94720000,41077400,13690000,27387400,13690000,0,0,0,13697400,38222997,38.2230
swap_distribute_parallel_for_3200_3700_4200,3200,4200,0,8400,155425200,46632601,4200,219040000,107520000,46628400,15540000,31088400,15540000,0,0,0,15548400,38062681,38.0627
swap_distribute_parallel_for_3250_1250_1250,3250,1250,0,2500,15632500,4691251,1250,45000000,32500000,4690000,1562500,3127500,1562500,0,0,0,1565000,11346827,11.3468
swap_distribute_parallel_for_3250_1250_1750,3250,1750,0,3500,21885500,6567751,1750,50000000,45500000,6566000,2187500,4378500,2187500,0,0,0,2191000,11551334,11.5513
swap_distribute_parallel_for_3250_1250_2250,3250,2250,0,4500,28138500,8444251,2250,55000000,58500000,8442000,2812500,5629500,2812500,0,0,0,2817000,11593238,11.5932
swap_distribute_parallel_for_3250_1250_2750,3250,2750,0,5500,34391500,10320751,2750,60000000,71500000,10318000,3437500,6880500,3437500,0,0,0,3443000,11580286,11.5803
swap_distribute_parallel_for_3250_1250_3250,3250,3250,0,6500,40644500,12197251,3250,65000000,84500000,12194000,4062500,8131500,4062500,0,0,0,4069000,11599134,11.5991
swap_distribute_parallel_for_3250_1250_3750,3250,3750,0,7500,46897500,14073751,3750,70000000,97500000,14070000,4687500,9382500,4687500,0,0,0,4695000,12825029,12.8250
swap_distribute_parallel_for_3250_1250_4250,3250,4250,0,8500,53150500,15950251,4250,75000000,110500000,15946000,5312500,10633500,5312500,0,0,0,5321000,12832675,12.8327
swap_distribute_parallel_for_3250_1750_1250,3250,1250,0,2500,21882500,6566251,1250,63000000,32500000,6565000,2187500,4377500,2187500,0,0,0,2190000,15878770,15.8788
swap_distribute_parallel_for_3250_1750_1750,3250,1750,0,3500,30635500,9192751,1750,70000000,45500000,9191000,3062500,6128500,3062500,0,0,0,3066000,16172331,16.1723
swap_distribute_parallel_for_3250_1750_2250,3250,2250,0,4500,39388500,11819251,2250,77000000,58500000,11817000,3937500,7879500,3937500,0,0,0,3942000,16229811,16.2298
swap_distribute_parallel_for_3250_1750_2750,3250,2750,0,5500,48141500,14445751,2750,84000000,71500000,14443000,4812500,9630500,4812500,0,0,0,4818000,16208992,16.2090
swap_distribute_parallel_for_3250_1750_3250,3250,3250,0,6500,56894500,17072251,3250,91000000,84500000,17069000,5687500,11381500,5687500,0,0,0,5694000,16224597,16.2246
swap_distribute_parallel_for_3250_1750_3750,3250,3750,0,7500,65647500,19698751,3750,98000000,97500000,19695000,6562500,13132500,6562500,0,0,0,6570000,17952125,17.9521
swap_distribute_parallel_for_3250_1750_4250,3250,4250,0,8500,74400500,22325251,4250,105000000,110500000,22321000,7437500,14883500,7437500,0,0,0,7446000,17976288,17.9763
swap_distribute_parallel_for_3250_2250_1250,3250,1250,0,2500,28132500,8441251,1250,81000000,32500000,8440000,2812500,5627500,2812500,0,0,0,2815000,20406655,20.4067
swap_distribute_parallel_for_3250_2250_1750,3250,1750,0,3500,39385500,11817751,1750,90000000,45500000,11816000,3937500,7878500,3937500,0,0,0,3941000,20790447,20.7904
swap_distribute_parallel_for_3250_2250_2250,3250,2250,0,4500,50638500,15194251,2250,99000000,58500000,15192000,5062500,10129500,5062500,0,0,0,5067000,20834142,20.8341
swap_distribute_parallel_for_3250_2250_2750,3250,2750,0,5500,61891500,18570751,2750,108000000,71500000,18568000,6187500,12380500,6187500,0,0,0,6193000,20908371,20.9084
swap_distribute_parallel_for_3250_2250_3250,3250,3250,0,6500,73144500,21947251,3250,117000000,84500000,21944000,7312500,14631500,7312500,0,0,0,7319000,20892793,20.8928
swap_distribute_parallel_for_3250_2250_3750,3250,3750,0,7500,84397500,25323751,3750,126000000,97500000,25320000,8437500,16882500,8437500,0,0,0,8445000,23068429,23.0684
swap_distribute_parallel_for_3250_2250_4250,3250,4250,0,8500,95650500,28700251,4250,135000000,110500000,28696000,9562500,19133500,9562500,0,0,0,9571000,23078472,23.0785
swap_distribute_parallel_for_3250_2750_1250,3250,1250,0,2500,34382500,10316251,1250,99000000,32500000,10315000,3437500,6877500,3437500,0,0,0,3440000,24966120,24.9661
swap_distribute_parallel_for_3250_2750_1750,3250,1750,0,3500,48135500,14442751,1750,110000000,45500000,14441000,4812500,9628500,4812500,0,0,0,4816000,25436303,25.4363
swap_distribute_parallel_for_3250_2750_2250,3250,2250,0,4500,61888500,18569251,2250,121000000,58500000,18567000,6187500,12379500,6187500,0,0,0,6192000,25517255,25.5173
swap_distribute_parallel_for_3250_2750_2750,3250,2750,0,5500,75641500,22695751,2750,132000000,71500000,22693000,7562500,15130500,7562500,0,0,0,7568000,25426967,25.4270
swap_distribute_parallel_for_3250_2750_3250,3250,3250,0,6500,89394500,26822251,3250,143000000,84500000,26819000,8937500,17881500,8937500,0,0,0,8944000,25460864,25.4609
swap_distribute_parallel_for_3250_2750_3750,3250,3750,0,7500,103147500,30948751,3750,154000000,97500000,30945000,10312500,20632500,10312500,0,0,0,10320000,28205209,28.2052
swap_distribute_parallel_for_3250_2750_4250,3250,4250,0,8500,116900500,35075251,4250,165000000,110500000,35071000,11687500,23383500,11687500,0,0,0,11696000,28237304,28.2373
swap_distribute_parallel_for_3250_3250_1250,3250,1250,0,2500,40632500,12191251,1250,117000000,32500000,12190000,4062500,8127500,4062500,0,0,0,4065000,29530213,29.5302
swap_distribute_parallel_for_3250_3250_1750,3250,1750,0,3500,56885500,17067751,1750,130000000,45500000,17066000,5687500,11378500,5687500,0,0,0,5691000,30016850,30.0169
swap_distribute_parallel_for_3250_3250_2250,3250,2250,0,4500,73138500,21944251,2250,143000000,58500000,21942000,7312500,14629500,7312500,0,0,0,7317000,30117084,30.1171
swap_distribute_parallel_for_3250_3250_2750,3250,2750,0,5500,89391500,26820751,2750,156000000,71500000,26818000,8937500,17880500,8937500,0,0,0,8943000,30060168,30.0602
swap_distribute_parallel_for_3250_3250_3250,3250,3250,0,6500,105644500,31697251,3250,169000000,84500000,31694000,10562500,21131500,10562500,0,0,0,10569000,30222303,30.2223
swap_distribute_parallel_for_3250_3250_3750,3250,3750,0,7500,121897500,36573751,3750,182000000,97500000,36570000,12187500,24382500,12187500,0,0,0,12195000,33310362,33.3104
swap_distribute_parallel_for_3250_3250_4250,3250,4250,0,8500,138150500,41450251,4250,195000000,110500000,41446000,13812500,27633500,13812500,0,0,0,13821000,33324114,33.3241
swap_distribute_parallel_for_3250_3750_1250,3250,1250,0,2500,46882500,14066251,1250,135000000,32500000,14065000,4687500,9377500,4687500,0,0,0,4690000,34011814,34.0118
swap_distribute_parallel_for_3250_3750_1750,3250,1750,0,3500,65635500,19692751,1750,150000000,45500000,19691000,6562500,13128500,6562500,0,0,0,6566000,34653906,34.6539
swap_distribute_parallel_for_3250_3750_2250,3250,2250,0,4500,84388500,25319251,2250,165000000,58500000,25317000,8437500,16879500,8437500,0,0,0,8442000,34732854,34.7329
swap_distribute_parallel_for_3250_3750_2750,3250,2750,0,5500,103141500,30945751,2750,180000000,71500000,30943000,10312500,20630500,10312500,0,0,0,10318000,34672937,34.6729
swap_distribute_parallel_for_3250_3750_3250,3250,3250,0,6500,121894500,36572251,3250,195000000,84500000,36569000,12187500,24381500,12187500,0,0,0,12194000,34732756,34.7328
swap_distribute_parallel_for_3250_3750_3750,3250,3750,0,7500,140647500,42198751,3750,210000000,97500000,42195000,14062500,28132500,14062500,0,0,0,14070000,38533916,38.5339
swap_distribute_parallel_for_3250_3750_4250,3250,4250,0,8500,159400500,47825251,4250,225000000,110500000,47821000,15937500,31883500,15937500,0,0,0,15946000,38458781,38.4588
swap_distribute_parallel_for_3250_4250_1250,3250,1250,0,2500,53132500,15941251,1250,153000000,32500000,15940000,5312500,10627500,5312500,0,0,0,5315000,38557031,38.5570
swap_distribute_parallel_for_3250_4250_1750,3250,1750,0,3500,74385500,22317751,1750,170000000,45500000,22316000,7437500,14878500,7437500,0,0,0,7441000,39312862,39.3129
swap_distribute_parallel_for_3250_4250_2750,3250,2750,0,5500,116891500,35070751,2750,204000000,71500000,35068000,11687500,23380500,11687500,0,0,0,11693000,40150868,40.1509
swap_distribute_parallel_for_3250_4250_3250,3250,3250,0,6500,138144500,41447251,3250,221000000,84500000,41444000,13812500,27631500,13812500,0,0,0,13819000,40031325,40.0313
swap_distribute_parallel_for_3250_4250_3750,3250,3750,0,7500,159397500,47823751,3750,238000000,97500000,47820000,15937500,31882500,15937500,0,0,0,15945000,44445849,44.4458
swap_distribute_parallel_for_3250_4250_4250,3250,4250,0,8500,180650500,54200251,4250,255000000,110500000,54196000,18062500,36133500,18062500,0,0,0,18071000,44476683,44.4767
swap_distribute_parallel_for_3400_1400_1400,3400,1400,0,2800,19608400,5884201,1400,53760000,38080000,5882800,1960000,3922800,1960000,0,0,0,1962800,13611113,13.6111
swap_distribute_parallel_for_3400_1400_1900,3400,1900,0,3800,26611400,7985701,1900,59360000,51680000,7983800,2660000,5323800,2660000,0,0,0,2663800,13797703,13.7977
swap_distribute_parallel_for_3400_1400_2400,3400,2400,0,4800,33614400,10087201,2400,64960000,65280000,10084800,3360000,6724800,3360000,0,0,0,3364800,13803869,13.8039
swap_distribute_parallel_for_3400_1400_2900,3400,2900,0,5800,40617400,12188701,2900,70560000,78880000,12185800,4060000,8125800,4060000,0,0,0,4065800,13805851,13.8059
swap_distribute_parallel_for_3400_1400_3400,3400,3400,0,6800,47620400,14290201,3400,76160000,92480000,14286800,4760000,9526800,4760000,0,0,0,4766800,15179594,15.1796
swap_distribute_parallel_for_3400_1400_3900,3400,3900,0,7800,54623400,16391701,3900,81760000,106080000,16387800,5460000,10927800,5460000,0,0,0,5467800,15361623,15.3616
swap_distribute_parallel_for_3400_1400_900,3400,900,0,1800,12605400,3782701,900,48160000,24480000,3781800,1260000,2521800,1260000,0,0,0,1261800,13571075,13.5711
swap_distribute_parallel_for_3400_1900_1400,3400,1400,0,2800,26608400,7984201,1400,72960000,38080000,7982800,2660000,5322800,2660000,0,0,0,2662800,18473994,18.4740
swap_distribute_parallel_for_3400_1900_1900,3400,1900,0,3800,36111400,10835701,1900,80560000,51680000,10833800,3610000,7223800,3610000,0,0,0,3613800,18814623,18.8146
swap_distribute_parallel_for_3400_1900_2400,3400,2400,0,4800,45614400,13687201,2400,88160000,65280000,13684800,4560000,9124800,4560000,0,0,0,4564800,18770925,18.7709
swap_distribute_parallel_for_3400_1900_2900,3400,2900,0,5800,55117400,16538701,2900,95760000,78880000,16535800,5510000,11025800,5510000,0,0,0,5515800,18742140,18.7421
swap_distribute_parallel_for_3400_1900_3400,3400,3400,0,6800,64620400,19390201,3400,103360000,92480000,19386800,6460000,12926800,6460000,0,0,0,6466800,20630452,20.6305
swap_distribute_parallel_for_3400_1900_3900,3400,3900,0,7800,74123400,22241701,3900,110960000,106080000,22237800,7410000,14827800,7410000,0,0,0,7417800,20825974,20.8260
swap_distribute_parallel_for_3400_1900_900,3400,900,0,1800,17105400,5132701,900,65360000,24480000,5131800,1710000,3421800,1710000,0,0,0,1711800,18411646,18.4116
swap_distribute_parallel_for_3400_2400_1400,3400,1400,0,2800,33608400,10084201,1400,92160000,38080000,10082800,3360000,6722800,3360000,0,0,0,3362800,23344827,23.3448
swap_distribute_parallel_for_3400_2400_1900,3400,1900,0,3800,45611400,13685701,1900,101760000,51680000,13683800,4560000,9123800,4560000,0,0,0,4563800,23633576,23.6336
swap_distribute_parallel_for_3400_2400_2400,3400,2400,0,4800,57614400,17287201,2400,111360000,65280000,17284800,5760000,11524800,5760000,0,0,0,5764800,23641398,23.6414
swap_distribute_parallel_for_3400_2400_2900,3400,2900,0,5800,69617400,20888701,2900,120960000,78880000,20885800,6960000,13925800,6960000,0,0,0,6965800,23655809,23.6558
swap_distribute_parallel_for_3400_2400_3400,3400,3400,0,6800,81620400,24490201,3400,130560000,92480000,24486800,8160000,16326800,8160000,0,0,0,8166800,26159959,26.1600
swap_distribute_parallel_for_3400_2400_3900,3400,3900,0,7800,93623400,28091701,3900,140160000,106080000,28087800,9360000,18727800,9360000,0,0,0,9367800,26330927,26.3309
swap_distribute_parallel_for_3400_2400_900,3400,900,0,1800,21605400,6482701,900,82560000,24480000,6481800,2160000,4321800,2160000,0,0,0,2161800,23268562,23.2686
swap_distribute_parallel_for_3400_2900_1400,3400,1400,0,2800,40608400,12184201,1400,111360000,38080000,12182800,4060000,8122800,4060000,0,0,0,4062800,28214378,28.2144
swap_distribute_parallel_for_3400_2900_1900,3400,1900,0,3800,55111400,16535701,1900,122960000,51680000,16533800,5510000,11023800,5510000,0,0,0,5513800,28612740,28.6127
swap_distribute_parallel_for_3400_2900_2400,3400,2400,0,4800,69614400,20887201,2400,134560000,65280000,20884800,6960000,13924800,6960000,0,0,0,6964800,28663281,28.6633
swap_distribute_parallel_for_3400_2900_2900,3400,2900,0,5800,84117400,25238701,2900,146160000,78880000,25235800,8410000,16825800,8410000,0,0,0,8415800,28611972,28.6120
swap_distribute_parallel_for_3400_2900_3400,3400,3400,0,6800,98620400,29590201,3400,157760000,92480000,29586800,9860000,19726800,9860000,0,0,0,9866800,31639098,31.6391
swap_distribute_parallel_for_3400_2900_3900,3400,3900,0,7800,113123400,33941701,3900,169360000,106080000,33937800,11310000,22627800,11310000,0,0,0,11317800,31784409,31.7844
swap_distribute_parallel_for_3400_2900_900,3400,900,0,1800,26105400,7832701,900,99760000,24480000,7831800,2610000,5221800,2610000,0,0,0,2611800,28103615,28.1036
swap_distribute_parallel_for_3400_3400_1400,3400,1400,0,2800,47608400,14284201,1400,130560000,38080000,14282800,4760000,9522800,4760000,0,0,0,4762800,33060855,33.0609
swap_distribute_parallel_for_3400_3400_1900,3400,1900,0,3800,64611400,19385701,1900,144160000,51680000,19383800,6460000,12923800,6460000,0,0,0,6463800,33466842,33.4668
swap_distribute_parallel_for_3400_3400_2400,3400,2400,0,4800,81614400,24487201,2400,157760000,65280000,24484800,8160000,16324800,8160000,0,0,0,8164800,33488325,33.4883
swap_distribute_parallel_for_3400_3400_2900,3400,2900,0,5800,98617400,29588701,2900,171360000,78880000,29585800,9860000,19725800,9860000,0,0,0,9865800,33491706,33.4917
swap_distribute_parallel_for_3400_3400_3400,3400,3400,0,6800,115620400,34690201,3400,184960000,92480000,34686800,11560000,23126800,11560000,0,0,0,11566800,37127176,37.1272
swap_distribute_parallel_for_3400_3400_3900,3400,3900,0,7800,132623400,39791701,3900,198560000,106080000,39787800,13260000,26527800,13260000,0,0,0,13267800,37278367,37.2784
swap_distribute_parallel_for_3400_3400_900,3400,900,0,1800,30605400,9182701,900,116960000,24480000,9181800,3060000,6121800,3060000,0,0,0,3061800,32947343,32.9473
swap_distribute_parallel_for_3400_3900_1400,3400,1400,0,2800,54608400,16384201,1400,149760000,38080000,16382800,5460000,10922800,5460000,0,0,0,5462800,37992381,37.9924
swap_distribute_parallel_for_3400_3900_1900,3400,1900,0,3800,74111400,22235701,1900,165360000,51680000,22233800,7410000,14823800,7410000,0,0,0,7413800,38400840,38.4008
swap_distribute_parallel_for_3400_3900_2400,3400,2400,0,4800,93614400,28087201,2400,180960000,65280000,28084800,9360000,18724800,9360000,0,0,0,9364800,38426448,38.4264
swap_distribute_parallel_for_3400_3900_2900,3400,2900,0,5800,113117400,33938701,2900,196560000,78880000,33935800,11310000,22625800,11310000,0,0,0,11315800,38409289,38.4093
swap_distribute_parallel_for_3400_3900_3400,3400,3400,0,6800,132620400,39790201,3400,212160000,92480000,39786800,13260000,26526800,13260000,0,0,0,13266800,42499007,42.4990
swap_distribute_parallel_for_3400_3900_3900,3400,3900,0,7800,152123400,45641701,3900,227760000,106080000,45637800,15210000,30427800,15210000,0,0,0,15217800,42774290,42.7743
swap_distribute_parallel_for_3400_3900_900,3400,900,0,1800,35105400,10532701,900,134160000,24480000,10531800,3510000,7021800,3510000,0,0,0,3511800,37891316,37.8913
swap_distribute_parallel_for_3400_900_1400,3400,1400,0,2800,12608400,3784201,1400,34560000,38080000,3782800,1260000,2522800,1260000,0,0,0,1262800,8768248,8.7682
swap_distribute_parallel_for_3400_900_1900,3400,1900,0,3800,17111400,5135701,1900,38160000,51680000,5133800,1710000,3423800,1710000,0,0,0,1713800,8877640,8.8776
swap_distribute_parallel_for_3400_900_2400,3400,2400,0,4800,21614400,6487201,2400,41760000,65280000,6484800,2160000,4324800,2160000,0,0,0,2164800,8882073,8.8821
swap_distribute_parallel_for_3400_900_2900,3400,2900,0,5800,26117400,7838701,2900,45360000,78880000,7835800,2610000,5225800,2610000,0,0,0,2615800,8888863,8.8889
swap_distribute_parallel_for_3400_900_3400,3400,3400,0,6800,30620400,9190201,3400,48960000,92480000,9186800,3060000,6126800,3060000,0,0,0,3066800,9777832,9.7778
swap_distribute_parallel_for_3400_900_3900,3400,3900,0,7800,35123400,10541701,3900,52560000,106080000,10537800,3510000,7027800,3510000,0,0,0,3517800,9924895,9.9249
swap_distribute_parallel_for_3400_900_900,3400,900,0,1800,8105400,2432701,900,30960000,24480000,2431800,810000,1621800,810000,0,0,0,811800,8734713,8.7347
swap_distribute_parallel_for_3700_1200_1200,3700,1200,0,2400,14407200,4323601,1200,47040000,35520000,4322400,1440000,2882400,1440000,0,0,0,1442400,12737428,12.7374
swap_distribute_parallel_for_3700_1200_1700,3700,1700,0,3400,20410200,6125101,1700,51840000,50320000,6123400,2040000,4083400,2040000,0,0,0,2043400,12865160,12.8652
swap_distribute_parallel_for_3700_1200_2200,3700,2200,0,4400,26413200,7926601,2200,56640000,65120000,7924400,2640000,5284400,2640000,0,0,0,2644400,12912273,12.9123
swap_distribute_parallel_for_3700_1200_2700,3700,2700,0,5400,32416200,9728101,2700,61440000,79920000,9725400,3240000,6485400,3240000,0,0,0,3245400,12942834,12.9428
swap_distribute_parallel_for_3700_1200_3200,3700,3200,0,6400,38419200,11529601,3200,66240000,94720000,11526400,3840000,7686400,3840000,0,0,0,3846400,12897362,12.8974
swap_distribute_parallel_for_3700_1200_3700,3700,3700,0,7400,44422200,13331101,3700,71040000,109520000,13327400,4440000,8887400,4440000,0,0,0,4447400,14342339,14.3423
swap_distribute_parallel_for_3700_1200_4200,3700,4200,0,8400,50425200,15132601,4200,75840000,124320000,15128400,5040000,10088400,5040000,0,0,0,5048400,14298515,14.2985
swap_distribute_parallel_for_3700_1700_1200,3700,1200,0,2400,20407200,6123601,1200,66640000,35520000,6122400,2040000,4082400,2040000,0,0,0,2042400,18041995,18.0420
swap_distribute_parallel_for_3700_1700_1700,3700,1700,0,3400,28910200,8675101,1700,73440000,50320000,8673400,2890000,5783400,2890000,0,0,0,2893400,18215771,18.2158
swap_distribute_parallel_for_3700_1700_2200,3700,2200,0,4400,37413200,11226601,2200,80240000,65120000,11224400,3740000,7484400,3740000,0,0,0,3744400,18230047,18.2300
swap_distribute_parallel_for_3700_1700_2700,3700,2700,0,5400,45916200,13778101,2700,87040000,79920000,13775400,4590000,9185400,4590000,0,0,0,4595400,18228576,18.2286
swap_distribute_parallel_for_3700_1700_3200,3700,3200,0,6400,54419200,16329601,3200,93840000,94720000,16326400,5440000,10886400,5440000,0,0,0,5446400,18246207,18.2462
swap_distribute_parallel_for_3700_1700_3700,3700,3700,0,7400,62922200,18881101,3700,100640000,109520000,18877400,6290000,12587400,6290000,0,0,0,6297400,20361669,20.3617
swap_distribute_parallel_for_3700_1700_4200,3700,4200,0,8400,71425200,21432601,4200,107440000,124320000,21428400,7140000,14288400,7140000,0,0,0,7148400,20264731,20.2647
swap_distribute_parallel_for_3700_2200_1200,3700,1200,0,2400,26407200,7923601,1200,86240000,35520000,7922400,2640000,5282400,2640000,0,0,0,2642400,23227851,23.2279
swap_distribute_parallel_for_3700_2200_1700,3700,1700,0,3400,37410200,11225101,1700,95040000,50320000,11223400,3740000,7483400,3740000,0,0,0,3743400,23573174,23.5732
swap_distribute_parallel_for_3700_2200_2200,3700,2200,0,4400,48413200,14526601,2200,103840000,65120000,14524400,4840000,9684400,4840000,0,0,0,4844400,23656569,23.6566
swap_distribute_parallel_for_3700_2200_2700,3700,2700,0,5400,59416200,17828101,2700,112640000,79920000,17825400,5940000,11885400,5940000,0,0,0,5945400,23580829,23.5808
swap_distribute_parallel_for_3700_2200_3200,3700,3200,0,6400,70419200,21129601,3200,121440000,94720000,21126400,7040000,14086400,7040000,0,0,0,7046400,23591968,23.5920
swap_distribute_parallel_for_3700_2200_3700,3700,3700,0,7400,81422200,24431101,3700,130240000,109520000,24427400,8140000,16287400,8140000,0,0,0,8147400,26280851,26.2809
swap_distribute_parallel_for_3700_2200_4200,3700,4200,0,8400,92425200,27732601,4200,139040000,124320000,27728400,9240000,18488400,9240000,0,0,0,9248400,26245422,26.2454
swap_distribute_parallel_for_3700_2700_1200,3700,1200,0,2400,32407200,9723601,1200,105840000,35520000,9722400,3240000,6482400,3240000,0,0,0,3242400,28513788,28.5138
swap_distribute_parallel_for_3700_2700_1700,3700,1700,0,3400,45910200,13775101,1700,116640000,50320000,13773400,4590000,9183400,4590000,0,0,0,4593400,28919339,28.9193
swap_distribute_parallel_for_3700_2700_2200,3700,2200,0,4400,59413200,17826601,2200,127440000,65120000,17824400,5940000,11884400,5940000,0,0,0,5944400,28941604,28.9416
swap_distribute_parallel_for_3700_2700_2700,3700,2700,0,5400,72916200,21878101,2700,138240000,79920000,21875400,7290000,14585400,7290000,0,0,0,7295400,28940936,28.9409
swap_distribute_parallel_for_3700_2700_3200,3700,3200,0,6400,86419200,25929601,3200,149040000,94720000,25926400,8640000,17286400,8640000,0,0,0,8646400,28951757,28.9518
swap_distribute_parallel_for_3700_2700_3700,3700,3700,0,7400,99922200,29981101,3700,159840000,109520000,29977400,9990000,19987400,9990000,0,0,0,9997400,32300923,32.3009
swap_distribute_parallel_for_3700_2700_4200,3700,4200,0,8400,113425200,34032601,4200,170640000,124320000,34028400,11340000,22688400,11340000,0,0,0,11348400,32129971,32.1300
swap_distribute_parallel_for_3700_3200_1200,3700,1200,0,2400,38407200,11523601,1200,125440000,35520000,11522400,3840000,7682400,3840000,0,0,0,3842400,33774541,33.7745
swap_distribute_parallel_for_3700_3200_1700,3700,1700,0,3400,54410200,16325101,1700,138240000,50320000,16323400,5440000,10883400,5440000,0,0,0,5443400,34272662,34.2727
swap_distribute_parallel_for_3700_3200_2200,3700,2200,0,4400,70413200,21126601,2200,151040000,65120000,21124400,7040000,14084400,7040000,0,0,0,7044400,34287302,34.2873
swap_distribute_parallel_for_3700_3200_2700,3700,2700,0,5400,86416200,25928101,2700,163840000,79920000,25925400,8640000,17285400,8640000,0,0,0,8645400,34291208,34.2912
swap_distribute_parallel_for_3700_3200_3200,3700,3200,0,6400,102419200,30729601,3200,176640000,94720000,30726400,10240000,20486400,10240000,0,0,0,10246400,34480143,34.4801
swap_distribute_parallel_for_3700_3200_3700,3700,3700,0,7400,118422200,35531101,3700,189440000,109520000,35527400,11840000,23687400,11840000,0,0,0,11847400,38191649,38.1916
swap_distribute_parallel_for_3700_3200_4200,3700,4200,0,8400,134425200,40332601,4200,202240000,124320000,40328400,13440000,26888400,13440000,0,0,0,13448400,38109307,38.1093
swap_distribute_parallel_for_3700_3700_1200,3700,1200,0,2400,44407200,13323601,1200,145040000,35520000,13322400,4440000,8882400,4440000,0,0,0,4442400,39185330,39.1853
swap_distribute_parallel_for_3700_3700_1700,3700,1700,0,3400,62910200,18875101,1700,159840000,50320000,18873400,6290000,12583400,6290000,0,0,0,6293400,39789441,39.7894
swap_distribute_parallel_for_3700_3700_2200,3700,2200,0,4400,81413200,24426601,2200,174640000,65120000,24424400,8140000,16284400,8140000,0,0,0,8144400,39688289,39.6883
swap_distribute_parallel_for_3700_3700_2700,3700,2700,0,5400,99916200,29978101,2700,189440000,79920000,29975400,9990000,19985400,9990000,0,0,0,9995400,39686436,39.6864
swap_distribute_parallel_for_3700_3700_3200,3700,3200,0,6400,118419200,35529601,3200,204240000,94720000,35526400,11840000,23686400,11840000,0,0,0,11846400,39707393,39.7074
swap_distribute_parallel_for_3700_3700_4200,3700,4200,0,8400,155425200,46632601,4200,233840000,124320000,46628400,15540000,31088400,15540000,0,0,0,15548400,44157933,44.1579
swap_distribute_parallel_for_3750_1250_1250,3750,1250,0,2500,15632500,4691251,1250,50000000,37500000,4690000,1562500,3127500,1562500,0,0,0,1565000,13389889,13.3899
swap_distribute_parallel_for_3750_1250_1750,3750,1750,0,3500,21885500,6567751,1750,55000000,52500000,6566000,2187500,4378500,2187500,0,0,0,2191000,13584731,13.5847
swap_distribute_parallel_for_3750_1250_2250,3750,2250,0,4500,28138500,8444251,2250,60000000,67500000,8442000,2812500,5629500,2812500,0,0,0,2817000,13603314,13.6033
swap_distribute_parallel_for_3750_1250_2750,3750,2750,0,5500,34391500,10320751,2750,65000000,82500000,10318000,3437500,6880500,3437500,0,0,0,3443000,13599424,13.5994
swap_distribute_parallel_for_3750_1250_3250,3750,3250,0,6500,40644500,12197251,3250,70000000,97500000,12194000,4062500,8131500,4062500,0,0,0,4069000,13608977,13.6090
swap_distribute_parallel_for_3750_1250_3750,3750,3750,0,7500,46897500,14073751,3750,75000000,112500000,14070000,4687500,9382500,4687500,0,0,0,4695000,15103156,15.1032
swap_distribute_parallel_for_3750_1250_4250,3750,4250,0,8500,53150500,15950251,4250,80000000,127500000,15946000,5312500,10633500,5312500,0,0,0,5321000,15133295,15.1333
swap_distribute_parallel_for_3750_1750_1250,3750,1250,0,2500,21882500,6566251,1250,70000000,37500000,6565000,2187500,4377500,2187500,0,0,0,2190000,18757947,18.7579
swap_distribute_parallel_for_3750_1750_1750,3750,1750,0,3500,30635500,9192751,1750,77000000,52500000,9191000,3062500,6128500,3062500,0,0,0,3066000,19010176,19.0102
swap_distribute_parallel_for_3750_1750_2250,3750,2250,0,4500,39388500,11819251,2250,84000000,67500000,11817000,3937500,7879500,3937500,0,0,0,3942000,19017627,19.0176
swap_distribute_parallel_for_3750_1750_2750,3750,2750,0,5500,48141500,14445751,2750,91000000,82500000,14443000,4812500,9630500,4812500,0,0,0,4818000,19053622,19.0536
swap_distribute_parallel_for_3750_1750_3250,3750,3250,0,6500,56894500,17072251,3250,98000000,97500000,17069000,5687500,11381500,5687500,0,0,0,5694000,19030055,19.0301
swap_distribute_parallel_for_3750_1750_3750,3750,3750,0,7500,65647500,19698751,3750,105000000,112500000,19695000,6562500,13132500,6562500,0,0,0,6570000,21131484,21.1315
swap_distribute_parallel_for_3750_1750_4250,3750,4250,0,8500,74400500,22325251,4250,112000000,127500000,22321000,7437500,14883500,7437500,0,0,0,7446000,21142173,21.1422
swap_distribute_parallel_for_3750_2250_1250,3750,1250,0,2500,28132500,8441251,1250,90000000,37500000,8440000,2812500,5627500,2812500,0,0,0,2815000,24134592,24.1346
swap_distribute_parallel_for_3750_2250_1750,3750,1750,0,3500,39385500,11817751,1750,99000000,52500000,11816000,3937500,7878500,3937500,0,0,0,3941000,24430689,24.4307
swap_distribute_parallel_for_3750_2250_2250,3750,2250,0,4500,50638500,15194251,2250,108000000,67500000,15192000,5062500,10129500,5062500,0,0,0,5067000,24448554,24.4486
swap_distribute_parallel_for_3750_2250_2750,3750,2750,0,5500,61891500,18570751,2750,117000000,82500000,18568000,6187500,12380500,6187500,0,0,0,6193000,24449655,24.4497
swap_distribute_parallel_for_3750_2250_3250,3750,3250,0,6500,73144500,21947251,3250,126000000,97500000,21944000,7312500,14631500,7312500,0,0,0,7319000,24458183,24.4582
swap_distribute_parallel_for_3750_2250_3750,3750,3750,0,7500,84397500,25323751,3750,135000000,112500000,25320000,8437500,16882500,8437500,0,0,0,8445000,27267863,27.2679
swap_distribute_parallel_for_3750_2250_4250,3750,4250,0,8500,95650500,28700251,4250,144000000,127500000,28696000,9562500,19133500,9562500,0,0,0,9571000,27186627,27.1866
swap_distribute_parallel_for_3750_2750_1250,3750,1250,0,2500,34382500,10316251,1250,110000000,37500000,10315000,3437500,6877500,3437500,0,0,0,3440000,29460369,29.4604
swap_distribute_parallel_for_3750_2750_1750,3750,1750,0,3500,48135500,14442751,1750,121000000,52500000,14441000,4812500,9628500,4812500,0,0,0,4816000,29868916,29.8689
swap_distribute_parallel_for_3750_2750_2250,3750,2250,0,4500,61888500,18569251,2250,132000000,67500000,18567000,6187500,12379500,6187500,0,0,0,6192000,29876932,29.8769
swap_distribute_parallel_for_3750_2750_2750,3750,2750,0,5500,75641500,22695751,2750,143000000,82500000,22693000,7562500,15130500,7562500,0,0,0,7568000,29882330,29.8823
swap_distribute_parallel_for_3750_2750_3250,3750,3250,0,6500,89394500,26822251,3250,154000000,97500000,26819000,8937500,17881500,8937500,0,0,0,8944000,29897368,29.8974
swap_distribute_parallel_for_3750_2750_3750,3750,3750,0,7500,103147500,30948751,3750,165000000,112500000,30945000,10312500,20632500,10312500,0,0,0,10320000,33238260,33.2383
swap_distribute_parallel_for_3750_2750_4250,3750,4250,0,8500,116900500,35075251,4250,176000000,127500000,35071000,11687500,23383500,11687500,0,0,0,11696000,33225359,33.2254
swap_distribute_parallel_for_3750_3250_1250,3750,1250,0,2500,40632500,12191251,1250,130000000,37500000,12190000,4062500,8127500,4062500,0,0,0,4065000,34790185,34.7902
swap_distribute_parallel_for_3750_3250_1750,3750,1750,0,3500,56885500,17067751,1750,143000000,52500000,17066000,5687500,11378500,5687500,0,0,0,5691000,35336469,35.3365
swap_distribute_parallel_for_3750_3250_2250,3750,2250,0,4500,73138500,21944251,2250,156000000,67500000,21942000,7312500,14629500,7312500,0,0,0,7317000,35323603,35.3236
swap_distribute_parallel_for_3750_3250_2750,3750,2750,0,5500,89391500,26820751,2750,169000000,82500000,26818000,8937500,17880500,8937500,0,0,0,8943000,35312303,35.3123
swap_distribute_parallel_for_3750_3250_3250,3750,3250,0,6500,105644500,31697251,3250,182000000,97500000,31694000,10562500,21131500,10562500,0,0,0,10569000,35316203,35.3162
swap_distribute_parallel_for_3750_3250_3750,3750,3750,0,7500,121897500,36573751,3750,195000000,112500000,36570000,12187500,24382500,12187500,0,0,0,12195000,39230196,39.2302
swap_distribute_parallel_for_3750_3250_4250,3750,4250,0,8500,138150500,41450251,4250,208000000,127500000,41446000,13812500,27633500,13812500,0,0,0,13821000,39264046,39.2640
swap_distribute_parallel_for_3750_3750_1250,3750,1250,0,2500,46882500,14066251,1250,150000000,37500000,14065000,4687500,9377500,4687500,0,0,0,4690000,40144268,40.1443
swap_distribute_parallel_for_3750_3750_1750,3750,1750,0,3500,65635500,19692751,1750,165000000,52500000,19691000,6562500,13128500,6562500,0,0,0,6566000,40710252,40.7103
swap_distribute_parallel_for_3750_3750_2250,3750,2250,0,4500,84388500,25319251,2250,180000000,67500000,25317000,8437500,16879500,8437500,0,0,0,8442000,40724806,40.7248
swap_distribute_parallel_for_3750_3750_2750,3750,2750,0,5500,103141500,30945751,2750,195000000,82500000,30943000,10312500,20630500,10312500,0,0,0,10318000,40764164,40.7642
swap_distribute_parallel_for_3750_3750_3250,3750,3250,0,6500,121894500,36572251,3250,210000000,97500000,36569000,12187500,24381500,12187500,0,0,0,12194000,40730886,40.7309
swap_distribute_parallel_for_3750_3750_3750,3750,3750,0,7500,140647500,42198751,3750,225000000,112500000,42195000,14062500,28132500,14062500,0,0,0,14070000,45259173,45.2592
swap_distribute_parallel_for_3750_3750_4250,3750,4250,0,8500,159400500,47825251,4250,240000000,127500000,47821000,15937500,31883500,15937500,0,0,0,15946000,45262712,45.2627
swap_distribute_parallel_for_3900_1400_1400,3900,1400,0,2800,19608400,5884201,1400,59360000,43680000,5882800,1960000,3922800,1960000,0,0,0,1962800,15622859,15.6229
swap_distribute_parallel_for_3900_1400_1900,3900,1900,0,3800,26611400,7985701,1900,64960000,59280000,7983800,2660000,5323800,2660000,0,0,0,2663800,15876925,15.8769
swap_distribute_parallel_for_3900_1400_2400,3900,2400,0,4800,33614400,10087201,2400,70560000,74880000,10084800,3360000,6724800,3360000,0,0,0,3364800,15996676,15.9967
swap_distribute_parallel_for_3900_1400_2900,3900,2900,0,5800,40617400,12188701,2900,76160000,90480000,12185800,4060000,8125800,4060000,0,0,0,4065800,15856257,15.8563
swap_distribute_parallel_for_3900_1400_3400,3900,3400,0,6800,47620400,14290201,3400,81760000,106080000,14286800,4760000,9526800,4760000,0,0,0,4766800,17406850,17.4068
swap_distribute_parallel_for_3900_1400_3900,3900,3900,0,7800,54623400,16391701,3900,87360000,121680000,16387800,5460000,10927800,5460000,0,0,0,5467800,17627480,17.6275
swap_distribute_parallel_for_3900_1400_900,3900,900,0,1800,12605400,3782701,900,53760000,28080000,3781800,1260000,2521800,1260000,0,0,0,1261800,15577522,15.5775
swap_distribute_parallel_for_3900_1900_1400,3900,1400,0,2800,26608400,7984201,1400,80560000,43680000,7982800,2660000,5322800,2660000,0,0,0,2662800,21187528,21.1875
swap_distribute_parallel_for_3900_1900_1900,3900,1900,0,3800,36111400,10835701,1900,88160000,59280000,10833800,3610000,7223800,3610000,0,0,0,3613800,21485649,21.4856
swap_distribute_parallel_for_3900_1900_2400,3900,2400,0,4800,45614400,13687201,2400,95760000,74880000,13684800,4560000,9124800,4560000,0,0,0,4564800,21477825,21.4778
swap_distribute_parallel_for_3900_1900_2900,3900,2900,0,5800,55117400,16538701,2900,103360000,90480000,16535800,5510000,11025800,5510000,0,0,0,5515800,21487856,21.4879
swap_distribute_parallel_for_3900_1900_3900,3900,3900,0,7800,74123400,22241701,3900,118560000,121680000,22237800,7410000,14827800,7410000,0,0,0,7417800,23877869,23.8779
swap_distribute_parallel_for_3900_1900_900,3900,900,0,1800,17105400,5132701,900,72960000,28080000,5131800,1710000,3421800,1710000,0,0,0,1711800,21129241,21.1292
swap_distribute_parallel_for_3900_2400_1400,3900,1400,0,2800,33608400,10084201,1400,101760000,43680000,10082800,3360000,6722800,3360000,0,0,0,3362800,26510970,26.5110
swap_distribute_parallel_for_3900_2400_1900,3900,1900,0,3800,45611400,13685701,1900,111360000,59280000,13683800,4560000,9123800,4560000,0,0,0,4563800,26997505,26.9975
swap_distribute_parallel_for_3900_2400_2400,3900,2400,0,4800,57614400,17287201,2400,120960000,74880000,17284800,5760000,11524800,5760000,0,0,0,5764800,26946798,26.9468
swap_distribute_parallel_for_3900_2400_2900,3900,2900,0,5800,69617400,20888701,2900,130560000,90480000,20885800,6960000,13925800,6960000,0,0,0,6965800,27118966,27.1190
swap_distribute_parallel_for_3900_2400_3400,3900,3400,0,6800,81620400,24490201,3400,140160000,106080000,24486800,8160000,16326800,8160000,0,0,0,8166800,29680820,29.6808
swap_distribute_parallel_for_3900_2400_3900,3900,3900,0,7800,93623400,28091701,3900,149760000,121680000,28087800,9360000,18727800,9360000,0,0,0,9367800,29950421,29.9504
swap_distribute_parallel_for_3900_2400_900,3900,900,0,1800,21605400,6482701,900,92160000,28080000,6481800,2160000,4321800,2160000,0,0,0,2161800,26475752,26.4758
swap_distribute_parallel_for_3900_2900_1400,3900,1400,0,2800,40608400,12184201,1400,122960000,43680000,12182800,4060000,8122800,4060000,0,0,0,4062800,32024442,32.0244
swap_distribute_parallel_for_3900_2900_1900,3900,1900,0,3800,55111400,16535701,1900,134560000,59280000,16533800,5510000,11023800,5510000,0,0,0,5513800,32627619,32.6276
swap_distribute_parallel_for_3900_2900_2400,3900,2400,0,4800,69614400,20887201,2400,146160000,74880000,20884800,6960000,13924800,6960000,0,0,0,6964800,32661808,32.6618
swap_distribute_parallel_for_3900_2900_2900,3900,2900,0,5800,84117400,25238701,2900,157760000,90480000,25235800,8410000,16825800,8410000,0,0,0,8415800,32782403,32.7824
swap_distribute_parallel_for_3900_2900_3400,3900,3400,0,6800,98620400,29590201,3400,169360000,106080000,29586800,9860000,19726800,9860000,0,0,0,9866800,35644743,35.6447
swap_distribute_parallel_for_3900_2900_3900,3900,3900,0,7800,113123400,33941701,3900,180960000,121680000,33937800,11310000,22627800,11310000,0,0,0,11317800,36153443,36.1534
swap_distribute_parallel_for_3900_2900_900,3900,900,0,1800,26105400,7832701,900,111360000,28080000,7831800,2610000,5221800,2610000,0,0,0,2611800,32124055,32.1241
swap_distribute_parallel_for_3900_3400_1400,3900,1400,0,2800,47608400,14284201,1400,144160000,43680000,14282800,4760000,9522800,4760000,0,0,0,4762800,37581519,37.5815
swap_distribute_parallel_for_3900_3400_1900,3900,1900,0,3800,64611400,19385701,1900,157760000,59280000,19383800,6460000,12923800,6460000,0,0,0,6463800,38268755,38.2688
swap_distribute_parallel_for_3900_3400_2400,3900,2400,0,4800,81614400,24487201,2400,171360000,74880000,24484800,8160000,16324800,8160000,0,0,0,8164800,38174417,38.1744
swap_distribute_parallel_for_3900_3400_2900,3900,2900,0,5800,98617400,29588701,2900,184960000,90480000,29585800,9860000,19725800,9860000,0,0,0,9865800,38442571,38.4426
swap_distribute_parallel_for_3900_3400_3400,3900,3400,0,6800,115620400,34690201,3400,198560000,106080000,34686800,11560000,23126800,11560000,0,0,0,11566800,41927696,41.9277
swap_distribute_parallel_for_3900_3400_3900,3900,3900,0,7800,132623400,39791701,3900,212160000,121680000,39787800,13260000,26527800,13260000,0,0,0,13267800,42375061,42.3751
swap_distribute_parallel_for_3900_3400_900,3900,900,0,1800,30605400,9182701,900,130560000,28080000,9181800,3060000,6121800,3060000,0,0,0,3061800,37903227,37.9032
swap_distribute_parallel_for_3900_3900_1400,3900,1400,0,2800,54608400,16384201,1400,165360000,43680000,16382800,5460000,10922800,5460000,0,0,0,5462800,43072926,43.0729
swap_distribute_parallel_for_3900_3900_1900,3900,1900,0,3800,74111400,22235701,1900,180960000,59280000,22233800,7410000,14823800,7410000,0,0,0,7413800,43846977,43.8470
swap_distribute_parallel_for_3900_3900_2400,3900,2400,0,4800,93614400,28087201,2400,196560000,74880000,28084800,9360000,18724800,9360000,0,0,0,9364800,43743606,43.7436
swap_distribute_parallel_for_3900_3900_2900,3900,2900,0,5800,113117400,33938701,2900,212160000,90480000,33935800,11310000,22625800,11310000,0,0,0,11315800,44053605,44.0536
swap_distribute_parallel_for_3900_3900_3400,3900,3400,0,6800,132620400,39790201,3400,227760000,106080000,39786800,13260000,26526800,13260000,0,0,0,13266800,48041351,48.0414
swap_distribute_parallel_for_3900_3900_3900,3900,3900,0,7800,152123400,45641701,3900,243360000,121680000,45637800,15210000,30427800,15210000,0,0,0,15217800,48650551,48.6506
swap_distribute_parallel_for_3900_3900_900,3900,900,0,1800,35105400,10532701,900,149760000,28080000,10531800,3510000,7021800,3510000,0,0,0,3511800,43201375,43.2014
swap_distribute_parallel_for_3900_900_1400,3900,1400,0,2800,12608400,3784201,1400,38160000,43680000,3782800,1260000,2522800,1260000,0,0,0,1262800,10056359,10.0564
swap_distribute_parallel_for_3900_900_1900,3900,1900,0,3800,17111400,5135701,1900,41760000,59280000,5133800,1710000,3423800,1710000,0,0,0,1713800,10188595,10.1886
swap_distribute_parallel_for_3900_900_2400,3900,2400,0,4800,21614400,6487201,2400,45360000,74880000,6484800,2160000,4324800,2160000,0,0,0,2164800,10191154,10.1912
swap_distribute_parallel_for_3900_900_2900,3900,2900,0,5800,26117400,7838701,2900,48960000,90480000,7835800,2610000,5225800,2610000,0,0,0,2615800,10203248,10.2032
swap_distribute_parallel_for_3900_900_3400,3900,3400,0,6800,30620400,9190201,3400,52560000,106080000,9186800,3060000,6126800,3060000,0,0,0,3066800,11248334,11.2483
swap_distribute_parallel_for_3900_900_3900,3900,3900,0,7800,35123400,10541701,3900,56160000,121680000,10537800,3510000,7027800,3510000,0,0,0,3517800,11330530,11.3305
swap_distribute_parallel_for_3900_900_900,3900,900,0,1800,8105400,2432701,900,34560000,28080000,2431800,810000,1621800,810000,0,0,0,811800,10017941,10.0179
swap_distribute_parallel_for_400_100_100,400,100,0,200,100600,30301,100,400000,320000,30200,10000,20200,10000,0,0,0,10200,107723,0.1077
swap_distribute_parallel_for_400_100_200,400,200,0,400,201200,60601,200,480000,640000,60400,20000,40400,20000,0,0,0,20400,107523,0.1075
swap_distribute_parallel_for_400_100_300,400,300,0,600,301800,90901,300,560000,960000,90600,30000,60600,30000,0,0,0,30600,108555,0.1086
swap_distribute_parallel_for_400_100_400,400,400,0,800,402400,121201,400,640000,1280000,120800,40000,80800,40000,0,0,0,40800,109165,0.1092
swap_distribute_parallel_for_400_100_500,400,500,0,1000,503000,151501,500,720000,1600000,151000,50000,101000,50000,0,0,0,51000,148932,0.1489
swap_distribute_parallel_for_400_100_600,400,600,0,1200,603600,181801,600,800000,1920000,181200,60000,121200,60000,0,0,0,61200,113940,0.1139
swap_distribute_parallel_for_400_100_700,400,700,0,1400,704200,212101,700,880000,2240000,211400,70000,141400,70000,0,0,0,71400,109370,0.1094
swap_distribute_parallel_for_400_100_800,400,800,0,1600,804800,242401,800,960000,2560000,241600,80000,161600,80000,0,0,0,81600,110756,0.1108
swap_distribute_parallel_for_400_100_900,400,900,0,1800,905400,272701,900,1040000,2880000,271800,90000,181800,90000,0,0,0,91800,111612,0.1116
swap_distribute_parallel_for_400_200_100,400,100,0,200,200600,60301,100,800000,320000,60200,20000,40200,20000,0,0,0,20200,209890,0.2099
swap_distribute_parallel_for_400_200_200,400,200,0,400,401200,120601,200,960000,640000,120400,40000,80400,40000,0,0,0,40400,210191,0.2102
swap_distribute_parallel_for_400_200_300,400,300,0,600,601800,180901,300,1120000,960000,180600,60000,120600,60000,0,0,0,60600,225910,0.2259
swap_distribute_parallel_for_400_200_400,400,400,0,800,802400,241201,400,1280000,1280000,240800,80000,160800,80000,0,0,0,80800,215793,0.2158
swap_distribute_parallel_for_400_200_500,400,500,0,1000,1003000,301501,500,1440000,1600000,301000,100000,201000,100000,0,0,0,101000,216006,0.2160
swap_distribute_parallel_for_400_200_600,400,600,0,1200,1203600,361801,600,1600000,1920000,361200,120000,241200,120000,0,0,0,121200,215797,0.2158
swap_distribute_parallel_for_400_200_700,400,700,0,1400,1404200,422101,700,1760000,2240000,421400,140000,281400,140000,0,0,0,141400,216163,0.2162
swap_distribute_parallel_for_400_200_800,400,800,0,1600,1604800,482401,800,1920000,2560000,481600,160000,321600,160000,0,0,0,161600,218673,0.2187
swap_distribute_parallel_for_400_200_900,400,900,0,1800,1805400,542701,900,2080000,2880000,541800,180000,361800,180000,0,0,0,181800,217655,0.2177
swap_distribute_parallel_for_400_300_100,400,100,0,200,300600,90301,100,1200000,320000,90200,30000,60200,30000,0,0,0,30200,312767,0.3128
swap_distribute_parallel_for_400_300_200,400,200,0,400,601200,180601,200,1440000,640000,180400,60000,120400,60000,0,0,0,60400,313859,0.3139
swap_distribute_parallel_for_400_300_300,400,300,0,600,901800,270901,300,1680000,960000,270600,90000,180600,90000,0,0,0,90600,324367,0.3244
swap_distribute_parallel_for_400_300_400,400,400,0,800,1202400,361201,400,1920000,1280000,360800,120000,240800,120000,0,0,0,120800,323797,0.3238
swap_distribute_parallel_for_400_300_500,400,500,0,1000,1503000,451501,500,2160000,1600000,451000,150000,301000,150000,0,0,0,151000,321585,0.3216
swap_distribute_parallel_for_400_300_600,400,600,0,1200,1803600,541801,600,2400000,1920000,541200,180000,361200,180000,0,0,0,181200,321998,0.3220
swap_distribute_parallel_for_400_300_700,400,700,0,1400,2104200,632101,700,2640000,2240000,631400,210000,421400,210000,0,0,0,211400,339258,0.3393
swap_distribute_parallel_for_400_300_800,400,800,0,1600,2404800,722401,800,2880000,2560000,721600,240000,481600,240000,0,0,0,241600,346071,0.3461
swap_distribute_parallel_for_400_300_900,400,900,0,1800,2705400,812701,900,3120000,2880000,811800,270000,541800,270000,0,0,0,271800,341604,0.3416
swap_distribute_parallel_for_400_400_100,400,100,0,200,400600,120301,100,1600000,320000,120200,40000,80200,40000,0,0,0,40200,416533,0.4165
swap_distribute_parallel_for_400_400_200,400,200,0,400,801200,240601,200,1920000,640000,240400,80000,160400,80000,0,0,0,80400,417605,0.4176
swap_distribute_parallel_for_400_400_300,400,300,0,600,1201800,360901,300,2240000,960000,360600,120000,240600,120000,0,0,0,120600,427283,0.4273
swap_distribute_parallel_for_400_400_400,400,400,0,800,1602400,481201,400,2560000,1280000,480800,160000,320800,160000,0,0,0,160800,426685,0.4267
swap_distribute_parallel_for_400_400_500,400,500,0,1000,2003000,601501,500,2880000,1600000,601000,200000,401000,200000,0,0,0,201000,440476,0.4405
swap_distribute_parallel_for_400_400_600,400,600,0,1200,2403600,721801,600,3200000,1920000,721200,240000,481200,240000,0,0,0,241200,453527,0.4535
swap_distribute_parallel_for_400_400_700,400,700,0,1400,2804200,842101,700,3520000,2240000,841400,280000,561400,280000,0,0,0,281400,453679,0.4537
swap_distribute_parallel_for_400_400_800,400,800,0,1600,3204800,962401,800,3840000,2560000,961600,320000,641600,320000,0,0,0,321600,460115,0.4601
swap_distribute_parallel_for_400_400_900,400,900,0,1800,3605400,1082701,900,4160000,2880000,1081800,360000,721800,360000,0,0,0,361800,455021,0.4550
swap_distribute_parallel_for_400_500_100,400,100,0,200,500600,150301,100,2000000,320000,150200,50000,100200,50000,0,0,0,50200,519960,0.5200
swap_distribute_parallel_for_400_500_200,400,200,0,400,1001200,300601,200,2400000,640000,300400,100000,200400,100000,0,0,0,100400,521431,0.5214
swap_distribute_parallel_for_400_500_300,400,300,0,600,1501800,450901,300,2800000,960000,450600,150000,300600,150000,0,0,0,150600,533067,0.5331
swap_distribute_parallel_for_400_500_400,400,400,0,800,2002400,601201,400,3200000,1280000,600800,200000,400800,200000,0,0,0,200800,548238,0.5482
swap_distribute_parallel_for_400_500_500,400,500,0,1000,2503000,751501,500,3600000,1600000,751000,250000,501000,250000,0,0,0,251000,569342,0.5693
swap_distribute_parallel_for_400_500_600,400,600,0,1200,3003600,901801,600,4000000,1920000,901200,300000,601200,300000,0,0,0,301200,566789,0.5668
swap_distribute_parallel_for_400_500_700,400,700,0,1400,3504200,1052101,700,4400000,2240000,1051400,350000,701400,350000,0,0,0,351400,566691,0.5667
swap_distribute_parallel_for_400_500_800,400,800,0,1600,4004800,1202401,800,4800000,2560000,1201600,400000,801600,400000,0,0,0,401600,573645,0.5736
swap_distribute_parallel_for_400_500_900,400,900,0,1800,4505400,1352701,900,5200000,2880000,1351800,450000,901800,450000,0,0,0,451800,572195,0.5722
swap_distribute_parallel_for_400_600_100,400,100,0,200,600600,180301,100,2400000,320000,180200,60000,120200,60000,0,0,0,60200,624012,0.6240
swap_distribute_parallel_for_400_600_200,400,200,0,400,1201200,360601,200,2880000,640000,360400,120000,240400,120000,0,0,0,120400,626438,0.6264
swap_distribute_parallel_for_400_600_300,400,300,0,600,1801800,540901,300,3360000,960000,540600,180000,360600,180000,0,0,0,180600,640860,0.6409
swap_distribute_parallel_for_400_600_400,400,400,0,800,2402400,721201,400,3840000,1280000,720800,240000,480800,240000,0,0,0,240800,677496,0.6775
swap_distribute_parallel_for_400_600_500,400,500,0,1000,3003000,901501,500,4320000,1600000,901000,300000,601000,300000,0,0,0,301000,678224,0.6782
swap_distribute_parallel_for_400_600_600,400,600,0,1200,3603600,1081801,600,4800000,1920000,1081200,360000,721200,360000,0,0,0,361200,678348,0.6783
swap_distribute_parallel_for_400_600_700,400,700,0,1400,4204200,1262101,700,5280000,2240000,1261400,420000,841400,420000,0,0,0,421400,688012,0.6880
swap_distribute_parallel_for_400_600_800,400,800,0,1600,4804800,1442401,800,5760000,2560000,1441600,480000,961600,480000,0,0,0,481600,688147,0.6881
swap_distribute_parallel_for_400_600_900,400,900,0,1800,5405400,1622701,900,6240000,2880000,1621800,540000,1081800,540000,0,0,0,541800,684900,0.6849
swap_distribute_parallel_for_400_700_100,400,100,0,200,700600,210301,100,2800000,320000,210200,70000,140200,70000,0,0,0,70200,726078,0.7261
swap_distribute_parallel_for_400_700_200,400,200,0,400,1401200,420601,200,3360000,640000,420400,140000,280400,140000,0,0,0,140400,728644,0.7286
swap_distribute_parallel_for_400_700_300,400,300,0,600,2101800,630901,300,3920000,960000,630600,210000,420600,210000,0,0,0,210600,793069,0.7931
swap_distribute_parallel_for_400_700_400,400,400,0,800,2802400,841201,400,4480000,1280000,840800,280000,560800,280000,0,0,0,280800,789915,0.7899
swap_distribute_parallel_for_400_700_500,400,500,0,1000,3503000,1051501,500,5040000,1600000,1051000,350000,701000,350000,0,0,0,351000,791091,0.7911
swap_distribute_parallel_for_400_700_600,400,600,0,1200,4203600,1261801,600,5600000,1920000,1261200,420000,841200,420000,0,0,0,421200,792270,0.7923
swap_distribute_parallel_for_400_700_700,400,700,0,1400,4904200,1472101,700,6160000,2240000,1471400,490000,981400,490000,0,0,0,491400,800305,0.8003
swap_distribute_parallel_for_400_700_800,400,800,0,1600,5604800,1682401,800,6720000,2560000,1681600,560000,1121600,560000,0,0,0,561600,802945,0.8029
swap_distribute_parallel_for_400_700_900,400,900,0,1800,6305400,1892701,900,7280000,2880000,1891800,630000,1261800,630000,0,0,0,631800,801287,0.8013
swap_distribute_parallel_for_400_800_100,400,100,0,200,800600,240301,100,3200000,320000,240200,80000,160200,80000,0,0,0,80200,829010,0.8290
swap_distribute_parallel_for_400_800_200,400,200,0,400,1601200,480601,200,3840000,640000,480400,160000,320400,160000,0,0,0,160400,832298,0.8323
swap_distribute_parallel_for_400_800_300,400,300,0,600,2401800,720901,300,4480000,960000,720600,240000,480600,240000,0,0,0,240600,902352,0.9024
swap_distribute_parallel_for_400_800_400,400,400,0,800,3202400,961201,400,5120000,1280000,960800,320000,640800,320000,0,0,0,320800,902184,0.9022
swap_distribute_parallel_for_400_800_500,400,500,0,1000,4003000,1201501,500,5760000,1600000,1201000,400000,801000,400000,0,0,0,401000,904537,0.9045
swap_distribute_parallel_for_400_800_600,400,600,0,1200,4803600,1441801,600,6400000,1920000,1441200,480000,961200,480000,0,0,0,481200,903709,0.9037
swap_distribute_parallel_for_400_800_700,400,700,0,1400,5604200,1682101,700,7040000,2240000,1681400,560000,1121400,560000,0,0,0,561400,914450,0.9144
swap_distribute_parallel_for_400_800_800,400,800,0,1600,6404800,1922401,800,7680000,2560000,1921600,640000,1281600,640000,0,0,0,641600,916121,0.9161
swap_distribute_parallel_for_400_800_900,400,900,0,1800,7205400,2162701,900,8320000,2880000,2161800,720000,1441800,720000,0,0,0,721800,910501,0.9105
swap_distribute_parallel_for_400_900_100,400,100,0,200,900600,270301,100,3600000,320000,270200,90000,180200,90000,0,0,0,90200,933482,0.9335
swap_distribute_parallel_for_400_900_200,400,200,0,400,1801200,540601,200,4320000,640000,540400,180000,360400,180000,0,0,0,180400,936658,0.9367
swap_distribute_parallel_for_400_900_300,400,300,0,600,2701800,810901,300,5040000,960000,810600,270000,540600,270000,0,0,0,270600,1016212,1.0162
swap_distribute_parallel_for_400_900_400,400,400,0,800,3602400,1081201,400,5760000,1280000,1080800,360000,720800,360000,0,0,0,360800,1014783,1.0148
swap_distribute_parallel_for_400_900_500,400,500,0,1000,4503000,1351501,500,6480000,1600000,1351000,450000,901000,450000,0,0,0,451000,1015724,1.0157
swap_distribute_parallel_for_400_900_600,400,600,0,1200,5403600,1621801,600,7200000,1920000,1621200,540000,1081200,540000,0,0,0,541200,1015427,1.0154
swap_distribute_parallel_for_400_900_700,400,700,0,1400,6304200,1892101,700,7920000,2240000,1891400,630000,1261400,630000,0,0,0,631400,1028036,1.0280
swap_distribute_parallel_for_400_900_800,400,800,0,1600,7204800,2162401,800,8640000,2560000,2161600,720000,1441600,720000,0,0,0,721600,1031200,1.0312
swap_distribute_parallel_for_400_900_900,400,900,0,1800,8105400,2432701,900,9360000,2880000,2431800,810000,1621800,810000,0,0,0,811800,1027079,1.0271
swap_distribute_parallel_for_4500_4500_4500,4500,4500,0,9000,202527000,60763501,4500,324000000,162000000,60759000,20250000,40509000,20250000,0,0,0,20259000,65411395,65.4114
swap_distribute_parallel_for_4500_4500_5000,4500,5000,0,10000,225030000,67515001,5000,342000000,180000000,67510000,22500000,45010000,22500000,0,0,0,22510000,69651263,69.6513
swap_distribute_parallel_for_4500_4500_5500,4500,5500,0,11000,247533000,74266501,5500,360000000,198000000,74261000,24750000,49511000,24750000,0,0,0,24761000,72377966,72.3780
swap_distribute_parallel_for_4500_4500_6000,4500,6000,0,12000,270036000,81018001,6000,378000000,216000000,81012000,27000000,54012000,27000000,0,0,0,27012000,71623659,71.6237
swap_distribute_parallel_for_4500_5000_4500,4500,4500,0,9000,225027000,67513501,4500,360000000,162000000,67509000,22500000,45009000,22500000,0,0,0,22509000,72903170,72.9032
swap_distribute_parallel_for_4500_5000_5000,4500,5000,0,10000,250030000,75015001,5000,380000000,180000000,75010000,25000000,50010000,25000000,0,0,0,25010000,77334227,77.3342
swap_distribute_parallel_for_4500_5000_5500,4500,5500,0,11000,275033000,82516501,5500,400000000,198000000,82511000,27500000,55011000,27500000,0,0,0,27511000,80015756,80.0158
swap_distribute_parallel_for_4500_5000_6000,4500,6000,0,12000,300036000,90018001,6000,420000000,216000000,90012000,30000000,60012000,30000000,0,0,0,30012000,79608507,79.6085
swap_distribute_parallel_for_4500_5500_4500,4500,4500,0,9000,247527000,74263501,4500,396000000,162000000,74259000,24750000,49509000,24750000,0,0,0,24759000,80103870,80.1039
swap_distribute_parallel_for_4500_5500_5000,4500,5000,0,10000,275030000,82515001,5000,418000000,180000000,82510000,27500000,55010000,27500000,0,0,0,27510000,85539092,85.5391
swap_distribute_parallel_for_4500_5500_5500,4500,5500,0,11000,302533000,90766501,5500,440000000,198000000,90761000,30250000,60511000,30250000,0,0,0,30261000,88019948,88.0199
swap_distribute_parallel_for_4500_5500_6000,4500,6000,0,12000,330036000,99018001,6000,462000000,216000000,99012000,33000000,66012000,33000000,0,0,0,33012000,87593645,87.5936
swap_distribute_parallel_for_4500_6000_4500,4500,4500,0,9000,270027000,81013501,4500,432000000,162000000,81009000,27000000,54009000,27000000,0,0,0,27009000,87478427,87.4784
swap_distribute_parallel_for_4500_6000_5000,4500,5000,0,10000,300030000,90015001,5000,456000000,180000000,90010000,30000000,60010000,30000000,0,0,0,30010000,92943454,92.9435
swap_distribute_parallel_for_4500_6000_5500,4500,5500,0,11000,330033000,99016501,5500,480000000,198000000,99011000,33000000,66011000,33000000,0,0,0,33011000,96411655,96.4117
swap_distribute_parallel_for_4500_6000_6000,4500,6000,0,12000,360036000,108018001,6000,504000000,216000000,108012000,36000000,72012000,36000000,0,0,0,36012000,95512037,95.5120
swap_distribute_parallel_for_5000_4500_4500,5000,4500,0,9000,202527000,60763501,4500,342000000,180000000,60759000,20250000,40509000,20250000,0,0,0,20259000,72818548,72.8185
swap_distribute_parallel_for_5000_4500_5000,5000,5000,0,10000,225030000,67515001,5000,360000000,200000000,67510000,22500000,45010000,22500000,0,0,0,22510000,77483490,77.4835
swap_distribute_parallel_for_5000_4500_5500,5000,5500,0,11000,247533000,74266501,5500,378000000,220000000,74261000,24750000,49511000,24750000,0,0,0,24761000,80558060,80.5581
swap_distribute_parallel_for_5000_4500_6000,5000,6000,0,12000,270036000,81018001,6000,396000000,240000000,81012000,27000000,54012000,27000000,0,0,0,27012000,79667488,79.6675
swap_distribute_parallel_for_5000_5000_4500,5000,4500,0,9000,225027000,67513501,4500,380000000,180000000,67509000,22500000,45009000,22500000,0,0,0,22509000,80923301,80.9233
swap_distribute_parallel_for_5000_5000_5000,5000,5000,0,10000,250030000,75015001,5000,400000000,200000000,75010000,25000000,50010000,25000000,0,0,0,25010000,86050165,86.0502
swap_distribute_parallel_for_5000_5000_5500,5000,5500,0,11000,275033000,82516501,5500,420000000,220000000,82511000,27500000,55011000,27500000,0,0,0,27511000,89345938,89.3459
swap_distribute_parallel_for_5000_5000_6000,5000,6000,0,12000,300036000,90018001,6000,440000000,240000000,90012000,30000000,60012000,30000000,0,0,0,30012000,88422522,88.4225
swap_distribute_parallel_for_5000_5500_4500,5000,4500,0,9000,247527000,74263501,4500,418000000,180000000,74259000,24750000,49509000,24750000,0,0,0,24759000,89162280,89.1623
swap_distribute_parallel_for_5000_5500_5000,5000,5000,0,10000,275030000,82515001,5000,440000000,200000000,82510000,27500000,55010000,27500000,0,0,0,27510000,94598767,94.5988
swap_distribute_parallel_for_5000_5500_5500,5000,5500,0,11000,302533000,90766501,5500,462000000,220000000,90761000,30250000,60511000,30250000,0,0,0,30261000,97683420,97.6834
swap_distribute_parallel_for_5000_5500_6000,5000,6000,0,12000,330036000,99018001,6000,484000000,240000000,99012000,33000000,66012000,33000000,0,0,0,33012000,97195580,97.1956
swap_distribute_parallel_for_5000_6000_4500,5000,4500,0,9000,270027000,81013501,4500,456000000,180000000,81009000,27000000,54009000,27000000,0,0,0,27009000,97133682,97.1337
swap_distribute_parallel_for_5000_6000_5000,5000,5000,0,10000,300030000,90015001,5000,480000000,200000000,90010000,30000000,60010000,30000000,0,0,0,30010000,103062256,103.0623
swap_distribute_parallel_for_5000_6000_5500,5000,5500,0,11000,330033000,99016501,5500,504000000,220000000,99011000,33000000,66011000,33000000,0,0,0,33011000,106809338,106.8093
swap_distribute_parallel_for_5000_6000_6000,5000,6000,0,12000,360036000,108018001,6000,528000000,240000000,108012000,36000000,72012000,36000000,0,0,0,36012000,106037610,106.0376
swap_distribute_parallel_for_500_100_100,500,100,0,200,100600,30301,100,480000,400000,30200,10000,20200,10000,0,0,0,10200,131247,0.1312
swap_distribute_parallel_for_500_100_200,500,200,0,400,201200,60601,200,560000,800000,60400,20000,40400,20000,0,0,0,20400,132627,0.1326
swap_distribute_parallel_for_500_100_300,500,300,0,600,301800,90901,300,640000,1200000,90600,30000,60600,30000,0,0,0,30600,135306,0.1353
swap_distribute_parallel_for_500_100_400,500,400,0,800,402400,121201,400,720000,1600000,120800,40000,80800,40000,0,0,0,40800,135328,0.1353
swap_distribute_parallel_for_500_100_500,500,500,0,1000,503000,151501,500,800000,2000000,151000,50000,101000,50000,0,0,0,51000,135348,0.1353
swap_distribute_parallel_for_500_100_600,500,600,0,1200,603600,181801,600,880000,2400000,181200,60000,121200,60000,0,0,0,61200,135185,0.1352
swap_distribute_parallel_for_500_100_700,500,700,0,1400,704200,212101,700,960000,2800000,211400,70000,141400,70000,0,0,0,71400,136713,0.1367
swap_distribute_parallel_for_500_100_800,500,800,0,1600,804800,242401,800,1040000,3200000,241600,80000,161600,80000,0,0,0,81600,137065,0.1371
swap_distribute_parallel_for_500_100_900,500,900,0,1800,905400,272701,900,1120000,3600000,271800,90000,181800,90000,0,0,0,91800,138741,0.1387
swap_distribute_parallel_for_500_200_100,500,100,0,200,200600,60301,100,960000,400000,60200,20000,40200,20000,0,0,0,20200,261193,0.2612
swap_distribute_parallel_for_500_200_200,500,200,0,400,401200,120601,200,1120000,800000,120400,40000,80400,40000,0,0,0,40400,262573,0.2626
swap_distribute_parallel_for_500_200_300,500,300,0,600,601800,180901,300,1280000,1200000,180600,60000,120600,60000,0,0,0,60600,270938,0.2709
swap_distribute_parallel_for_500_200_400,500,400,0,800,802400,241201,400,1440000,1600000,240800,80000,160800,80000,0,0,0,80800,270206,0.2702
swap_distribute_parallel_for_500_200_500,500,500,0,1000,1003000,301501,500,1600000,2000000,301000,100000,201000,100000,0,0,0,101000,268666,0.2687
swap_distribute_parallel_for_500_200_600,500,600,0,1200,1203600,361801,600,1760000,2400000,361200,120000,241200,120000,0,0,0,121200,267959,0.2680
swap_distribute_parallel_for_500_200_700,500,700,0,1400,1404200,422101,700,1920000,2800000,421400,140000,281400,140000,0,0,0,141400,271167,0.2712
swap_distribute_parallel_for_500_200_800,500,800,0,1600,1604800,482401,800,2080000,3200000,481600,160000,321600,160000,0,0,0,161600,271435,0.2714
swap_distribute_parallel_for_500_200_900,500,900,0,1800,1805400,542701,900,2240000,3600000,541800,180000,361800,180000,0,0,0,181800,271743,0.2717
swap_distribute_parallel_for_500_300_100,500,100,0,200,300600,90301,100,1440000,400000,90200,30000,60200,30000,0,0,0,30200,390111,0.3901
swap_distribute_parallel_for_500_300_200,500,200,0,400,601200,180601,200,1680000,800000,180400,60000,120400,60000,0,0,0,60400,391616,0.3916
swap_distribute_parallel_for_500_300_300,500,300,0,600,901800,270901,300,1920000,1200000,270600,90000,180600,90000,0,0,0,90600,400275,0.4003
swap_distribute_parallel_for_500_300_400,500,400,0,800,1202400,361201,400,2160000,1600000,360800,120000,240800,120000,0,0,0,120800,399554,0.3996
swap_distribute_parallel_for_500_300_500,500,500,0,1000,1503000,451501,500,2400000,2000000,451000,150000,301000,150000,0,0,0,151000,401156,0.4012
swap_distribute_parallel_for_500_300_600,500,600,0,1200,1803600,541801,600,2640000,2400000,541200,180000,361200,180000,0,0,0,181200,402590,0.4026
swap_distribute_parallel_for_500_300_700,500,700,0,1400,2104200,632101,700,2880000,2800000,631400,210000,421400,210000,0,0,0,211400,423689,0.4237
swap_distribute_parallel_for_500_300_800,500,800,0,1600,2404800,722401,800,3120000,3200000,721600,240000,481600,240000,0,0,0,241600,431070,0.4311
swap_distribute_parallel_for_500_300_900,500,900,0,1800,2705400,812701,900,3360000,3600000,811800,270000,541800,270000,0,0,0,271800,426843,0.4268
swap_distribute_parallel_for_500_400_100,500,100,0,200,400600,120301,100,1920000,400000,120200,40000,80200,40000,0,0,0,40200,519416,0.5194
swap_distribute_parallel_for_500_400_200,500,200,0,400,801200,240601,200,2240000,800000,240400,80000,160400,80000,0,0,0,80400,521275,0.5213
swap_distribute_parallel_for_500_400_300,500,300,0,600,1201800,360901,300,2560000,1200000,360600,120000,240600,120000,0,0,0,120600,538795,0.5388
swap_distribute_parallel_for_500_400_400,500,400,0,800,1602400,481201,400,2880000,1600000,480800,160000,320800,160000,0,0,0,160800,532021,0.5320
swap_distribute_parallel_for_500_400_500,500,500,0,1000,2003000,601501,500,3200000,2000000,601000,200000,401000,200000,0,0,0,201000,548951,0.5490
swap_distribute_parallel_for_500_400_600,500,600,0,1200,2403600,721801,600,3520000,2400000,721200,240000,481200,240000,0,0,0,241200,566523,0.5665
swap_distribute_parallel_for_500_400_700,500,700,0,1400,2804200,842101,700,3840000,2800000,841400,280000,561400,280000,0,0,0,281400,572282,0.5723
swap_distribute_parallel_for_500_400_800,500,800,0,1600,3204800,962401,800,4160000,3200000,961600,320000,641600,320000,0,0,0,321600,574816,0.5748
swap_distribute_parallel_for_500_400_900,500,900,0,1800,3605400,1082701,900,4480000,3600000,1081800,360000,721800,360000,0,0,0,361800,569270,0.5693
swap_distribute_parallel_for_500_500_100,500,100,0,200,500600,150301,100,2400000,400000,150200,50000,100200,50000,0,0,0,50200,656992,0.6570
swap_distribute_parallel_for_500_500_200,500,200,0,400,1001200,300601,200,2800000,800000,300400,100000,200400,100000,0,0,0,100400,651569,0.6516
swap_distribute_parallel_for_500_500_300,500,300,0,600,1501800,450901,300,3200000,1200000,450600,150000,300600,150000,0,0,0,150600,668381,0.6684
swap_distribute_parallel_for_500_500_400,500,400,0,800,2002400,601201,400,3600000,1600000,600800,200000,400800,200000,0,0,0,200800,684098,0.6841
swap_distribute_parallel_for_500_500_500,500,500,0,1000,2503000,751501,500,4000000,2000000,751000,250000,501000,250000,0,0,0,251000,707604,0.7076
swap_distribute_parallel_for_500_500_600,500,600,0,1200,3003600,901801,600,4400000,2400000,901200,300000,601200,300000,0,0,0,301200,706255,0.7063
swap_distribute_parallel_for_500_500_700,500,700,0,1400,3504200,1052101,700,4800000,2800000,1051400,350000,701400,350000,0,0,0,351400,714866,0.7149
swap_distribute_parallel_for_500_500_800,500,800,0,1600,4004800,1202401,800,5200000,3200000,1201600,400000,801600,400000,0,0,0,401600,717599,0.7176
swap_distribute_parallel_for_500_500_900,500,900,0,1800,4505400,1352701,900,5600000,3600000,1351800,450000,901800,450000,0,0,0,451800,713596,0.7136
swap_distribute_parallel_for_500_600_100,500,100,0,200,600600,180301,100,2880000,400000,180200,60000,120200,60000,0,0,0,60200,777605,0.7776
swap_distribute_parallel_for_500_600_200,500,200,0,400,1201200,360601,200,3360000,800000,360400,120000,240400,120000,0,0,0,120400,780491,0.7805
swap_distribute_parallel_for_500_600_300,500,300,0,600,1801800,540901,300,3840000,1200000,540600,180000,360600,180000,0,0,0,180600,807743,0.8077
swap_distribute_parallel_for_500_600_400,500,400,0,800,2402400,721201,400,4320000,1600000,720800,240000,480800,240000,0,0,0,240800,846171,0.8462
swap_distribute_parallel_for_500_600_500,500,500,0,1000,3003000,901501,500,4800000,2000000,901000,300000,601000,300000,0,0,0,301000,848035,0.8480
swap_distribute_parallel_for_500_600_600,500,600,0,1200,3603600,1081801,600,5280000,2400000,1081200,360000,721200,360000,0,0,0,361200,847675,0.8477
swap_distribute_parallel_for_500_600_700,500,700,0,1400,4204200,1262101,700,5760000,2800000,1261400,420000,841400,420000,0,0,0,421400,856925,0.8569
swap_distribute_parallel_for_500_600_800,500,800,0,1600,4804800,1442401,800,6240000,3200000,1441600,480000,961600,480000,0,0,0,481600,857801,0.8578
swap_distribute_parallel_for_500_600_900,500,900,0,1800,5405400,1622701,900,6720000,3600000,1621800,540000,1081800,540000,0,0,0,541800,855283,0.8553
swap_distribute_parallel_for_500_700_100,500,100,0,200,700600,210301,100,3360000,400000,210200,70000,140200,70000,0,0,0,70200,906350,0.9063
swap_distribute_parallel_for_500_700_200,500,200,0,400,1401200,420601,200,3920000,800000,420400,140000,280400,140000,0,0,0,140400,909775,0.9098
swap_distribute_parallel_for_500_700_300,500,300,0,600,2101800,630901,300,4480000,1200000,630600,210000,420600,210000,0,0,0,210600,991481,0.9915
swap_distribute_parallel_for_500_700_400,500,400,0,800,2802400,841201,400,5040000,1600000,840800,280000,560800,280000,0,0,0,280800,986578,0.9866
swap_distribute_parallel_for_500_700_500,500,500,0,1000,3503000,1051501,500,5600000,2000000,1051000,350000,701000,350000,0,0,0,351000,987768,0.9878
swap_distribute_parallel_for_500_700_600,500,600,0,1200,4203600,1261801,600,6160000,2400000,1261200,420000,841200,420000,0,0,0,421200,987378,0.9874
swap_distribute_parallel_for_500_700_700,500,700,0,1400,4904200,1472101,700,6720000,2800000,1471400,490000,981400,490000,0,0,0,491400,999547,0.9995
swap_distribute_parallel_for_500_700_800,500,800,0,1600,5604800,1682401,800,7280000,3200000,1681600,560000,1121600,560000,0,0,0,561600,1001730,1.0017
swap_distribute_parallel_for_500_700_900,500,900,0,1800,6305400,1892701,900,7840000,3600000,1891800,630000,1261800,630000,0,0,0,631800,1002136,1.0021
swap_distribute_parallel_for_500_800_100,500,100,0,200,800600,240301,100,3840000,400000,240200,80000,160200,80000,0,0,0,80200,1035858,1.0359
swap_distribute_parallel_for_500_800_200,500,200,0,400,1601200,480601,200,4480000,800000,480400,160000,320400,160000,0,0,0,160400,1039206,1.0392
swap_distribute_parallel_for_500_800_300,500,300,0,600,2401800,720901,300,5120000,1200000,720600,240000,480600,240000,0,0,0,240600,1137746,1.1377
swap_distribute_parallel_for_500_800_400,500,400,0,800,3202400,961201,400,5760000,1600000,960800,320000,640800,320000,0,0,0,320800,1127567,1.1276
swap_distribute_parallel_for_500_800_500,500,500,0,1000,4003000,1201501,500,6400000,2000000,1201000,400000,801000,400000,0,0,0,401000,1129495,1.1295
swap_distribute_parallel_for_500_800_600,500,600,0,1200,4803600,1441801,600,7040000,2400000,1441200,480000,961200,480000,0,0,0,481200,1136416,1.1364
swap_distribute_parallel_for_500_800_700,500,700,0,1400,5604200,1682101,700,7680000,2800000,1681400,560000,1121400,560000,0,0,0,561400,1142113,1.1421
swap_distribute_parallel_for_500_800_800,500,800,0,1600,6404800,1922401,800,8320000,3200000,1921600,640000,1281600,640000,0,0,0,641600,1144668,1.1447
swap_distribute_parallel_for_500_800_900,500,900,0,1800,7205400,2162701,900,8960000,3600000,2161800,720000,1441800,720000,0,0,0,721800,1135336,1.1353
swap_distribute_parallel_for_500_900_100,500,100,0,200,900600,270301,100,4320000,400000,270200,90000,180200,90000,0,0,0,90200,1188965,1.1890
swap_distribute_parallel_for_500_900_200,500,200,0,400,1801200,540601,200,5040000,800000,540400,180000,360400,180000,0,0,0,180400,1171256,1.1713
swap_distribute_parallel_for_500_900_300,500,300,0,600,2701800,810901,300,5760000,1200000,810600,270000,540600,270000,0,0,0,270600,1270561,1.2706
swap_distribute_parallel_for_500_900_400,500,400,0,800,3602400,1081201,400,6480000,1600000,1080800,360000,720800,360000,0,0,0,360800,1268529,1.2685
swap_distribute_parallel_for_500_900_500,500,500,0,1000,4503000,1351501,500,7200000,2000000,1351000,450000,901000,450000,0,0,0,451000,1289464,1.2895
swap_distribute_parallel_for_500_900_600,500,600,0,1200,5403600,1621801,600,7920000,2400000,1621200,540000,1081200,540000,0,0,0,541200,1269916,1.2699
swap_distribute_parallel_for_500_900_700,500,700,0,1400,6304200,1892101,700,8640000,2800000,1891400,630000,1261400,630000,0,0,0,631400,1285868,1.2859
swap_distribute_parallel_for_500_900_800,500,800,0,1600,7204800,2162401,800,9360000,3200000,2161600,720000,1441600,720000,0,0,0,721600,1288747,1.2887
swap_distribute_parallel_for_500_900_900,500,900,0,1800,8105400,2432701,900,10080000,3600000,2431800,810000,1621800,810000,0,0,0,811800,1277377,1.2774
swap_distribute_parallel_for_5500_4500_4500,5500,4500,0,9000,202527000,60763501,4500,360000000,198000000,60759000,20250000,40509000,20250000,0,0,0,20259000,80120232,80.1202
swap_distribute_parallel_for_5500_4500_5000,5500,5000,0,10000,225030000,67515001,5000,378000000,220000000,67510000,22500000,45010000,22500000,0,0,0,22510000,85099465,85.0995
swap_distribute_parallel_for_5500_4500_5500,5500,5500,0,11000,247533000,74266501,5500,396000000,242000000,74261000,24750000,49511000,24750000,0,0,0,24761000,88419146,88.4191
swap_distribute_parallel_for_5500_4500_6000,5500,6000,0,12000,270036000,81018001,6000,414000000,264000000,81012000,27000000,54012000,27000000,0,0,0,27012000,87750874,87.7509
swap_distribute_parallel_for_5500_5000_4500,5500,4500,0,9000,225027000,67513501,4500,400000000,198000000,67509000,22500000,45009000,22500000,0,0,0,22509000,88929894,88.9299
swap_distribute_parallel_for_5500_5000_5500,5500,5500,0,11000,275033000,82516501,5500,440000000,242000000,82511000,27500000,55011000,27500000,0,0,0,27511000,98120561,98.1206
swap_distribute_parallel_for_5500_5000_6000,5500,6000,0,12000,300036000,90018001,6000,460000000,264000000,90012000,30000000,60012000,30000000,0,0,0,30012000,97219468,97.2195
swap_distribute_parallel_for_5500_5500_4500,5500,4500,0,9000,247527000,74263501,4500,440000000,198000000,74259000,24750000,49509000,24750000,0,0,0,24759000,97869451,97.8695
swap_distribute_parallel_for_5500_5500_5000,5500,5000,0,10000,275030000,82515001,5000,462000000,220000000,82510000,27500000,55010000,27500000,0,0,0,27510000,103919005,103.9190
swap_distribute_parallel_for_5500_5500_5500,5500,5500,0,11000,302533000,90766501,5500,484000000,242000000,90761000,30250000,60511000,30250000,0,0,0,30261000,107914815,107.9148
swap_distribute_parallel_for_5500_5500_6000,5500,6000,0,12000,330036000,99018001,6000,506000000,264000000,99012000,33000000,66012000,33000000,0,0,0,33012000,107097036,107.0970
swap_distribute_parallel_for_5500_6000_4500,5500,4500,0,9000,270027000,81013501,4500,480000000,198000000,81009000,27000000,54009000,27000000,0,0,0,27009000,106879357,106.8794
swap_distribute_parallel_for_5500_6000_5000,5500,5000,0,10000,300030000,90015001,5000,504000000,220000000,90010000,30000000,60010000,30000000,0,0,0,30010000,113621635,113.6216
swap_distribute_parallel_for_5500_6000_5500,5500,5500,0,11000,330033000,99016501,5500,528000000,242000000,99011000,33000000,66011000,33000000,0,0,0,33011000,117185616,117.1856
swap_distribute_parallel_for_600_100_100,600,100,0,200,100600,30301,100,560000,480000,30200,10000,20200,10000,0,0,0,10200,158535,0.1585
swap_distribute_parallel_for_600_100_200,600,200,0,400,201200,60601,200,640000,960000,60400,20000,40400,20000,0,0,0,20400,158740,0.1587
swap_distribute_parallel_for_600_100_300,600,300,0,600,301800,90901,300,720000,1440000,90600,30000,60600,30000,0,0,0,30600,161955,0.1620
swap_distribute_parallel_for_600_100_400,600,400,0,800,402400,121201,400,800000,1920000,120800,40000,80800,40000,0,0,0,40800,161872,0.1619
swap_distribute_parallel_for_600_100_500,600,500,0,1000,503000,151501,500,880000,2400000,151000,50000,101000,50000,0,0,0,51000,161940,0.1619
swap_distribute_parallel_for_600_100_600,600,600,0,1200,603600,181801,600,960000,2880000,181200,60000,121200,60000,0,0,0,61200,161971,0.1620
swap_distribute_parallel_for_600_100_700,600,700,0,1400,704200,212101,700,1040000,3360000,211400,70000,141400,70000,0,0,0,71400,163805,0.1638
swap_distribute_parallel_for_600_100_800,600,800,0,1600,804800,242401,800,1120000,3840000,241600,80000,161600,80000,0,0,0,81600,164669,0.1647
swap_distribute_parallel_for_600_100_900,600,900,0,1800,905400,272701,900,1200000,4320000,271800,90000,181800,90000,0,0,0,91800,166278,0.1663
swap_distribute_parallel_for_600_200_100,600,100,0,200,200600,60301,100,1120000,480000,60200,20000,40200,20000,0,0,0,20200,313617,0.3136
swap_distribute_parallel_for_600_200_200,600,200,0,400,401200,120601,200,1280000,960000,120400,40000,80400,40000,0,0,0,40400,314861,0.3149
swap_distribute_parallel_for_600_200_300,600,300,0,600,601800,180901,300,1440000,1440000,180600,60000,120600,60000,0,0,0,60600,321149,0.3211
swap_distribute_parallel_for_600_200_400,600,400,0,800,802400,241201,400,1600000,1920000,240800,80000,160800,80000,0,0,0,80800,321096,0.3211
swap_distribute_parallel_for_600_200_500,600,500,0,1000,1003000,301501,500,1760000,2400000,301000,100000,201000,100000,0,0,0,101000,322146,0.3221
swap_distribute_parallel_for_600_200_600,600,600,0,1200,1203600,361801,600,1920000,2880000,361200,120000,241200,120000,0,0,0,121200,321468,0.3215
swap_distribute_parallel_for_600_200_700,600,700,0,1400,1404200,422101,700,2080000,3360000,421400,140000,281400,140000,0,0,0,141400,323324,0.3233
swap_distribute_parallel_for_600_200_800,600,800,0,1600,1604800,482401,800,2240000,3840000,481600,160000,321600,160000,0,0,0,161600,327515,0.3275
swap_distribute_parallel_for_600_200_900,600,900,0,1800,1805400,542701,900,2400000,4320000,541800,180000,361800,180000,0,0,0,181800,327900,0.3279
swap_distribute_parallel_for_600_300_100,600,100,0,200,300600,90301,100,1680000,480000,90200,30000,60200,30000,0,0,0,30200,467881,0.4679
swap_distribute_parallel_for_600_300_200,600,200,0,400,601200,180601,200,1920000,960000,180400,60000,120400,60000,0,0,0,60400,470146,0.4701
swap_distribute_parallel_for_600_300_300,600,300,0,600,901800,270901,300,2160000,1440000,270600,90000,180600,90000,0,0,0,90600,485476,0.4855
swap_distribute_parallel_for_600_300_400,600,400,0,800,1202400,361201,400,2400000,1920000,360800,120000,240800,120000,0,0,0,120800,479650,0.4797
swap_distribute_parallel_for_600_300_500,600,500,0,1000,1503000,451501,500,2640000,2400000,451000,150000,301000,150000,0,0,0,151000,491158,0.4912
swap_distribute_parallel_for_600_300_600,600,600,0,1200,1803600,541801,600,2880000,2880000,541200,180000,361200,180000,0,0,0,181200,483475,0.4835
swap_distribute_parallel_for_600_300_700,600,700,0,1400,2104200,632101,700,3120000,3360000,631400,210000,421400,210000,0,0,0,211400,510844,0.5108
swap_distribute_parallel_for_600_300_800,600,800,0,1600,2404800,722401,800,3360000,3840000,721600,240000,481600,240000,0,0,0,241600,516981,0.5170
swap_distribute_parallel_for_600_300_900,600,900,0,1800,2705400,812701,900,3600000,4320000,811800,270000,541800,270000,0,0,0,271800,511394,0.5114
swap_distribute_parallel_for_600_400_100,600,100,0,200,400600,120301,100,2240000,480000,120200,40000,80200,40000,0,0,0,40200,623141,0.6231
swap_distribute_parallel_for_600_400_200,600,200,0,400,801200,240601,200,2560000,960000,240400,80000,160400,80000,0,0,0,80400,625060,0.6251
swap_distribute_parallel_for_600_400_300,600,300,0,600,1201800,360901,300,2880000,1440000,360600,120000,240600,120000,0,0,0,120600,639096,0.6391
swap_distribute_parallel_for_600_400_400,600,400,0,800,1602400,481201,400,3200000,1920000,480800,160000,320800,160000,0,0,0,160800,638816,0.6388
swap_distribute_parallel_for_600_400_500,600,500,0,1000,2003000,601501,500,3520000,2400000,601000,200000,401000,200000,0,0,0,201000,658827,0.6588
swap_distribute_parallel_for_600_400_600,600,600,0,1200,2403600,721801,600,3840000,2880000,721200,240000,481200,240000,0,0,0,241200,679182,0.6792
swap_distribute_parallel_for_600_400_700,600,700,0,1400,2804200,842101,700,4160000,3360000,841400,280000,561400,280000,0,0,0,281400,685998,0.6860
swap_distribute_parallel_for_600_400_800,600,800,0,1600,3204800,962401,800,4480000,3840000,961600,320000,641600,320000,0,0,0,321600,687678,0.6877
swap_distribute_parallel_for_600_400_900,600,900,0,1800,3605400,1082701,900,4800000,4320000,1081800,360000,721800,360000,0,0,0,361800,684655,0.6847
swap_distribute_parallel_for_600_500_100,600,100,0,200,500600,150301,100,2800000,480000,150200,50000,100200,50000,0,0,0,50200,778165,0.7782
swap_distribute_parallel_for_600_500_200,600,200,0,400,1001200,300601,200,3200000,960000,300400,100000,200400,100000,0,0,0,100400,781397,0.7814
swap_distribute_parallel_for_600_500_300,600,300,0,600,1501800,450901,300,3600000,1440000,450600,150000,300600,150000,0,0,0,150600,798009,0.7980
swap_distribute_parallel_for_600_500_400,600,400,0,800,2002400,601201,400,4000000,1920000,600800,200000,400800,200000,0,0,0,200800,821362,0.8214
swap_distribute_parallel_for_600_500_500,600,500,0,1000,2503000,751501,500,4400000,2400000,751000,250000,501000,250000,0,0,0,251000,849438,0.8494
swap_distribute_parallel_for_600_500_600,600,600,0,1200,3003600,901801,600,4800000,2880000,901200,300000,601200,300000,0,0,0,301200,847403,0.8474
swap_distribute_parallel_for_600_500_700,600,700,0,1400,3504200,1052101,700,5200000,3360000,1051400,350000,701400,350000,0,0,0,351400,848475,0.8485
swap_distribute_parallel_for_600_500_800,600,800,0,1600,4004800,1202401,800,5600000,3840000,1201600,400000,801600,400000,0,0,0,401600,858547,0.8585
swap_distribute_parallel_for_600_500_900,600,900,0,1800,4505400,1352701,900,6000000,4320000,1351800,450000,901800,450000,0,0,0,451800,859597,0.8596
swap_distribute_parallel_for_600_600_100,600,100,0,200,600600,180301,100,3360000,480000,180200,60000,120200,60000,0,0,0,60200,933692,0.9337
swap_distribute_parallel_for_600_600_200,600,200,0,400,1201200,360601,200,3840000,960000,360400,120000,240400,120000,0,0,0,120400,936584,0.9366
swap_distribute_parallel_for_600_600_300,600,300,0,600,1801800,540901,300,4320000,1440000,540600,180000,360600,180000,0,0,0,180600,969217,0.9692
swap_distribute_parallel_for_600_600_400,600,400,0,800,2402400,721201,400,4800000,1920000,720800,240000,480800,240000,0,0,0,240800,1015357,1.0154
swap_distribute_parallel_for_600_600_500,600,500,0,1000,3003000,901501,500,5280000,2400000,901000,300000,601000,300000,0,0,0,301000,1017179,1.0172
swap_distribute_parallel_for_600_600_600,600,600,0,1200,3603600,1081801,600,5760000,2880000,1081200,360000,721200,360000,0,0,0,361200,1017653,1.0177
swap_distribute_parallel_for_600_600_700,600,700,0,1400,4204200,1262101,700,6240000,3360000,1261400,420000,841400,420000,0,0,0,421400,1027966,1.0280
swap_distribute_parallel_for_600_600_800,600,800,0,1600,4804800,1442401,800,6720000,3840000,1441600,480000,961600,480000,0,0,0,481600,1038099,1.0381
swap_distribute_parallel_for_600_600_900,600,900,0,1800,5405400,1622701,900,7200000,4320000,1621800,540000,1081800,540000,0,0,0,541800,1025680,1.0257
swap_distribute_parallel_for_600_700_100,600,100,0,200,700600,210301,100,3920000,480000,210200,70000,140200,70000,0,0,0,70200,1088087,1.0881
swap_distribute_parallel_for_600_700_200,600,200,0,400,1401200,420601,200,4480000,960000,420400,140000,280400,140000,0,0,0,140400,1092570,1.0926
swap_distribute_parallel_for_600_700_300,600,300,0,600,2101800,630901,300,5040000,1440000,630600,210000,420600,210000,0,0,0,210600,1170894,1.1709
swap_distribute_parallel_for_600_700_400,600,400,0,800,2802400,841201,400,5600000,1920000,840800,280000,560800,280000,0,0,0,280800,1183384,1.1834
swap_distribute_parallel_for_600_700_500,600,500,0,1000,3503000,1051501,500,6160000,2400000,1051000,350000,701000,350000,0,0,0,351000,1186296,1.1863
swap_distribute_parallel_for_600_700_600,600,600,0,1200,4203600,1261801,600,6720000,2880000,1261200,420000,841200,420000,0,0,0,421200,1184493,1.1845
swap_distribute_parallel_for_600_700_700,600,700,0,1400,4904200,1472101,700,7280000,3360000,1471400,490000,981400,490000,0,0,0,491400,1200555,1.2006
swap_distribute_parallel_for_600_700_800,600,800,0,1600,5604800,1682401,800,7840000,3840000,1681600,560000,1121600,560000,0,0,0,561600,1200848,1.2008
swap_distribute_parallel_for_600_700_900,600,900,0,1800,6305400,1892701,900,8400000,4320000,1891800,630000,1261800,630000,0,0,0,631800,1197928,1.1979
swap_distribute_parallel_for_600_800_100,600,100,0,200,800600,240301,100,4480000,480000,240200,80000,160200,80000,0,0,0,80200,1243522,1.2435
swap_distribute_parallel_for_600_800_200,600,200,0,400,1601200,480601,200,5120000,960000,480400,160000,320400,160000,0,0,0,160400,1246668,1.2467
swap_distribute_parallel_for_600_800_300,600,300,0,600,2401800,720901,300,5760000,1440000,720600,240000,480600,240000,0,0,0,240600,1363231,1.3632
swap_distribute_parallel_for_600_800_400,600,400,0,800,3202400,961201,400,6400000,1920000,960800,320000,640800,320000,0,0,0,320800,1351603,1.3516
swap_distribute_parallel_for_600_800_500,600,500,0,1000,4003000,1201501,500,7040000,2400000,1201000,400000,801000,400000,0,0,0,401000,1353338,1.3533
swap_distribute_parallel_for_600_800_600,600,600,0,1200,4803600,1441801,600,7680000,2880000,1441200,480000,961200,480000,0,0,0,481200,1353930,1.3539
swap_distribute_parallel_for_600_800_700,600,700,0,1400,5604200,1682101,700,8320000,3360000,1681400,560000,1121400,560000,0,0,0,561400,1370011,1.3700
swap_distribute_parallel_for_600_800_800,600,800,0,1600,6404800,1922401,800,8960000,3840000,1921600,640000,1281600,640000,0,0,0,641600,1373328,1.3733
swap_distribute_parallel_for_600_800_900,600,900,0,1800,7205400,2162701,900,9600000,4320000,2161800,720000,1441800,720000,0,0,0,721800,1375279,1.3753
swap_distribute_parallel_for_600_900_100,600,100,0,200,900600,270301,100,5040000,480000,270200,90000,180200,90000,0,0,0,90200,1398904,1.3989
swap_distribute_parallel_for_600_900_200,600,200,0,400,1801200,540601,200,5760000,960000,540400,180000,360400,180000,0,0,0,180400,1406494,1.4065
swap_distribute_parallel_for_600_900_300,600,300,0,600,2701800,810901,300,6480000,1440000,810600,270000,540600,270000,0,0,0,270600,1527326,1.5273
swap_distribute_parallel_for_600_900_400,600,400,0,800,3602400,1081201,400,7200000,1920000,1080800,360000,720800,360000,0,0,0,360800,1520686,1.5207
swap_distribute_parallel_for_600_900_500,600,500,0,1000,4503000,1351501,500,7920000,2400000,1351000,450000,901000,450000,0,0,0,451000,1523125,1.5231
swap_distribute_parallel_for_600_900_600,600,600,0,1200,5403600,1621801,600,8640000,2880000,1621200,540000,1081200,540000,0,0,0,541200,1522515,1.5225
swap_distribute_parallel_for_600_900_700,600,700,0,1400,6304200,1892101,700,9360000,3360000,1891400,630000,1261400,630000,0,0,0,631400,1525290,1.5253
swap_distribute_parallel_for_600_900_800,600,800,0,1600,7204800,2162401,800,10080000,3840000,2161600,720000,1441600,720000,0,0,0,721600,1544522,1.5445
swap_distribute_parallel_for_600_900_900,600,900,0,1800,8105400,2432701,900,10800000,4320000,2431800,810000,1621800,810000,0,0,0,811800,1538486,1.5385
swap_distribute_parallel_for_6500_6500_6500,6500,6500,0,13000,422539000,126769501,6500,676000000,338000000,126763000,42250000,84513000,42250000,0,0,0,42263000,151669643,151.6696
swap_distribute_parallel_for_6500_6500_7000,6500,7000,0,14000,455042000,136521001,7000,702000000,364000000,136514000,45500000,91014000,45500000,0,0,0,45514000,160549373,160.5494
swap_distribute_parallel_for_6500_6500_7500,6500,7500,0,15000,487545000,146272501,7500,728000000,390000000,146265000,48750000,97515000,48750000,0,0,0,48765000,161093839,161.0938
swap_distribute_parallel_for_6500_6500_8000,6500,8000,0,16000,520048000,156024001,8000,754000000,416000000,156016000,52000000,104016000,52000000,0,0,0,52016000,159550751,159.5508
swap_distribute_parallel_for_6500_7000_6500,6500,6500,0,13000,455039000,136519501,6500,728000000,338000000,136513000,45500000,91013000,45500000,0,0,0,45513000,164159423,164.1594
swap_distribute_parallel_for_6500_7000_7000,6500,7000,0,14000,490042000,147021001,7000,756000000,364000000,147014000,49000000,98014000,49000000,0,0,0,49014000,172922864,172.9229
swap_distribute_parallel_for_6500_7000_7500,6500,7500,0,15000,525045000,157522501,7500,784000000,390000000,157515000,52500000,105015000,52500000,0,0,0,52515000,173393045,173.3930
swap_distribute_parallel_for_6500_7000_8000,6500,8000,0,16000,560048000,168024001,8000,812000000,416000000,168016000,56000000,112016000,56000000,0,0,0,56016000,171854654,171.8547
swap_distribute_parallel_for_6500_7500_6500,6500,6500,0,13000,487539000,146269501,6500,780000000,338000000,146263000,48750000,97513000,48750000,0,0,0,48763000,175077130,175.0771
swap_distribute_parallel_for_6500_7500_7000,6500,7000,0,14000,525042000,157521001,7000,810000000,364000000,157514000,52500000,105014000,52500000,0,0,0,52514000,185142891,185.1429
swap_distribute_parallel_for_6500_7500_7500,6500,7500,0,15000,562545000,168772501,7500,840000000,390000000,168765000,56250000,112515000,56250000,0,0,0,56265000,185965809,185.9658
swap_distribute_parallel_for_6500_7500_8000,6500,8000,0,16000,600048000,180024001,8000,870000000,416000000,180016000,60000000,120016000,60000000,0,0,0,60016000,184635865,184.6359
swap_distribute_parallel_for_6500_8000_6500,6500,6500,0,13000,520039000,156019501,6500,832000000,338000000,156013000,52000000,104013000,52000000,0,0,0,52013000,186738645,186.7386
swap_distribute_parallel_for_6500_8000_7000,6500,7000,0,14000,560042000,168021001,7000,864000000,364000000,168014000,56000000,112014000,56000000,0,0,0,56014000,197472589,197.4726
swap_distribute_parallel_for_6500_8000_7500,6500,7500,0,15000,600045000,180022501,7500,896000000,390000000,180015000,60000000,120015000,60000000,0,0,0,60015000,198130629,198.1306
swap_distribute_parallel_for_7000_6500_6500,7000,6500,0,13000,422539000,126769501,6500,702000000,364000000,126763000,42250000,84513000,42250000,0,0,0,42263000,163341996,163.3420
swap_distribute_parallel_for_7000_6500_7000,7000,7000,0,14000,455042000,136521001,7000,728000000,392000000,136514000,45500000,91014000,45500000,0,0,0,45514000,172879459,172.8795
swap_distribute_parallel_for_7000_6500_7500,7000,7500,0,15000,487545000,146272501,7500,754000000,420000000,146265000,48750000,97515000,48750000,0,0,0,48765000,173239337,173.2393
swap_distribute_parallel_for_7000_6500_8000,7000,8000,0,16000,520048000,156024001,8000,780000000,448000000,156016000,52000000,104016000,52000000,0,0,0,52016000,171842500,171.8425
swap_distribute_parallel_for_7000_7000_6500,7000,6500,0,13000,455039000,136519501,6500,756000000,364000000,136513000,45500000,91013000,45500000,0,0,0,45513000,176077932,176.0779
swap_distribute_parallel_for_700_100_100,700,100,0,200,100600,30301,100,640000,560000,30200,10000,20200,10000,0,0,0,10200,183981,0.1840
swap_distribute_parallel_for_700_100_200,700,200,0,400,201200,60601,200,720000,1120000,60400,20000,40400,20000,0,0,0,20400,184670,0.1847
swap_distribute_parallel_for_700_100_300,700,300,0,600,301800,90901,300,800000,1680000,90600,30000,60600,30000,0,0,0,30600,188637,0.1886
swap_distribute_parallel_for_700_100_400,700,400,0,800,402400,121201,400,880000,2240000,120800,40000,80800,40000,0,0,0,40800,188798,0.1888
swap_distribute_parallel_for_700_100_500,700,500,0,1000,503000,151501,500,960000,2800000,151000,50000,101000,50000,0,0,0,51000,189275,0.1893
swap_distribute_parallel_for_700_100_600,700,600,0,1200,603600,181801,600,1040000,3360000,181200,60000,121200,60000,0,0,0,61200,189045,0.1890
swap_distribute_parallel_for_700_100_700,700,700,0,1400,704200,212101,700,1120000,3920000,211400,70000,141400,70000,0,0,0,71400,189326,0.1893
swap_distribute_parallel_for_700_100_800,700,800,0,1600,804800,242401,800,1200000,4480000,241600,80000,161600,80000,0,0,0,81600,191667,0.1917
swap_distribute_parallel_for_700_100_900,700,900,0,1800,905400,272701,900,1280000,5040000,271800,90000,181800,90000,0,0,0,91800,193147,0.1931
swap_distribute_parallel_for_700_200_100,700,100,0,200,200600,60301,100,1280000,560000,60200,20000,40200,20000,0,0,0,20200,364714,0.3647
swap_distribute_parallel_for_700_200_200,700,200,0,400,401200,120601,200,1440000,1120000,120400,40000,80400,40000,0,0,0,40400,366561,0.3666
swap_distribute_parallel_for_700_200_300,700,300,0,600,601800,180901,300,1600000,1680000,180600,60000,120600,60000,0,0,0,60600,374687,0.3747
swap_distribute_parallel_for_700_200_400,700,400,0,800,802400,241201,400,1760000,2240000,240800,80000,160800,80000,0,0,0,80800,401287,0.4013
swap_distribute_parallel_for_700_200_500,700,500,0,1000,1003000,301501,500,1920000,2800000,301000,100000,201000,100000,0,0,0,101000,378489,0.3785
swap_distribute_parallel_for_700_200_600,700,600,0,1200,1203600,361801,600,2080000,3360000,361200,120000,241200,120000,0,0,0,121200,374521,0.3745
swap_distribute_parallel_for_700_200_700,700,700,0,1400,1404200,422101,700,2240000,3920000,421400,140000,281400,140000,0,0,0,141400,374887,0.3749
swap_distribute_parallel_for_700_200_800,700,800,0,1600,1604800,482401,800,2400000,4480000,481600,160000,321600,160000,0,0,0,161600,380423,0.3804
swap_distribute_parallel_for_700_200_900,700,900,0,1800,1805400,542701,900,2560000,5040000,541800,180000,361800,180000,0,0,0,181800,383973,0.3840
swap_distribute_parallel_for_700_300_100,700,100,0,200,300600,90301,100,1920000,560000,90200,30000,60200,30000,0,0,0,30200,544845,0.5448
swap_distribute_parallel_for_700_300_200,700,200,0,400,601200,180601,200,2160000,1120000,180400,60000,120400,60000,0,0,0,60400,547490,0.5475
swap_distribute_parallel_for_700_300_300,700,300,0,600,901800,270901,300,2400000,1680000,270600,90000,180600,90000,0,0,0,90600,567046,0.5670
swap_distribute_parallel_for_700_300_400,700,400,0,800,1202400,361201,400,2640000,2240000,360800,120000,240800,120000,0,0,0,120800,561102,0.5611
swap_distribute_parallel_for_700_300_500,700,500,0,1000,1503000,451501,500,2880000,2800000,451000,150000,301000,150000,0,0,0,151000,561978,0.5620
swap_distribute_parallel_for_700_300_600,700,600,0,1200,1803600,541801,600,3120000,3360000,541200,180000,361200,180000,0,0,0,181200,560807,0.5608
swap_distribute_parallel_for_700_300_700,700,700,0,1400,2104200,632101,700,3360000,3920000,631400,210000,421400,210000,0,0,0,211400,599074,0.5991
swap_distribute_parallel_for_700_300_800,700,800,0,1600,2404800,722401,800,3600000,4480000,721600,240000,481600,240000,0,0,0,241600,605718,0.6057
swap_distribute_parallel_for_700_300_900,700,900,0,1800,2705400,812701,900,3840000,5040000,811800,270000,541800,270000,0,0,0,271800,596015,0.5960
swap_distribute_parallel_for_700_400_100,700,100,0,200,400600,120301,100,2560000,560000,120200,40000,80200,40000,0,0,0,40200,726433,0.7264
swap_distribute_parallel_for_700_400_200,700,200,0,400,801200,240601,200,2880000,1120000,240400,80000,160400,80000,0,0,0,80400,729758,0.7298
swap_distribute_parallel_for_700_400_300,700,300,0,600,1201800,360901,300,3200000,1680000,360600,120000,240600,120000,0,0,0,120600,754220,0.7542
swap_distribute_parallel_for_700_400_400,700,400,0,800,1602400,481201,400,3520000,2240000,480800,160000,320800,160000,0,0,0,160800,747950,0.7480
swap_distribute_parallel_for_700_400_500,700,500,0,1000,2003000,601501,500,3840000,2800000,601000,200000,401000,200000,0,0,0,201000,767013,0.7670
swap_distribute_parallel_for_700_400_600,700,600,0,1200,2403600,721801,600,4160000,3360000,721200,240000,481200,240000,0,0,0,241200,791718,0.7917
swap_distribute_parallel_for_700_400_700,700,700,0,1400,2804200,842101,700,4480000,3920000,841400,280000,561400,280000,0,0,0,281400,805407,0.8054
swap_distribute_parallel_for_700_400_800,700,800,0,1600,3204800,962401,800,4800000,4480000,961600,320000,641600,320000,0,0,0,321600,805126,0.8051
swap_distribute_parallel_for_700_400_900,700,900,0,1800,3605400,1082701,900,5120000,5040000,1081800,360000,721800,360000,0,0,0,361800,793382,0.7934
swap_distribute_parallel_for_700_500_100,700,100,0,200,500600,150301,100,3200000,560000,150200,50000,100200,50000,0,0,0,50200,944524,0.9445
swap_distribute_parallel_for_700_500_200,700,200,0,400,1001200,300601,200,3600000,1120000,300400,100000,200400,100000,0,0,0,100400,910911,0.9109
swap_distribute_parallel_for_700_500_300,700,300,0,600,1501800,450901,300,4000000,1680000,450600,150000,300600,150000,0,0,0,150600,941990,0.9420
swap_distribute_parallel_for_700_500_400,700,400,0,800,2002400,601201,400,4400000,2240000,600800,200000,400800,200000,0,0,0,200800,954356,0.9544
swap_distribute_parallel_for_700_500_500,700,500,0,1000,2503000,751501,500,4800000,2800000,751000,250000,501000,250000,0,0,0,251000,987159,0.9872
swap_distribute_parallel_for_700_500_600,700,600,0,1200,3003600,901801,600,5200000,3360000,901200,300000,601200,300000,0,0,0,301200,986826,0.9868
swap_distribute_parallel_for_700_500_700,700,700,0,1400,3504200,1052101,700,5600000,3920000,1051400,350000,701400,350000,0,0,0,351400,999102,0.9991
swap_distribute_parallel_for_700_500_800,700,800,0,1600,4004800,1202401,800,6000000,4480000,1201600,400000,801600,400000,0,0,0,401600,1001127,1.0011
swap_distribute_parallel_for_700_500_900,700,900,0,1800,4505400,1352701,900,6400000,5040000,1351800,450000,901800,450000,0,0,0,451800,1001133,1.0011
swap_distribute_parallel_for_700_600_100,700,100,0,200,600600,180301,100,3840000,560000,180200,60000,120200,60000,0,0,0,60200,1088720,1.0887
swap_distribute_parallel_for_700_600_200,700,200,0,400,1201200,360601,200,4320000,1120000,360400,120000,240400,120000,0,0,0,120400,1093174,1.0932
swap_distribute_parallel_for_700_600_300,700,300,0,600,1801800,540901,300,4800000,1680000,540600,180000,360600,180000,0,0,0,180600,1128810,1.1288
swap_distribute_parallel_for_700_600_400,700,400,0,800,2402400,721201,400,5280000,2240000,720800,240000,480800,240000,0,0,0,240800,1183878,1.1839
swap_distribute_parallel_for_700_600_500,700,500,0,1000,3003000,901501,500,5760000,2800000,901000,300000,601000,300000,0,0,0,301000,1184580,1.1846
swap_distribute_parallel_for_700_600_600,700,600,0,1200,3603600,1081801,600,6240000,3360000,1081200,360000,721200,360000,0,0,0,361200,1183921,1.1839
swap_distribute_parallel_for_700_600_700,700,700,0,1400,4204200,1262101,700,6720000,3920000,1261400,420000,841400,420000,0,0,0,421400,1186407,1.1864
swap_distribute_parallel_for_700_600_800,700,800,0,1600,4804800,1442401,800,7200000,4480000,1441600,480000,961600,480000,0,0,0,481600,1204230,1.2042
swap_distribute_parallel_for_700_600_900,700,900,0,1800,5405400,1622701,900,7680000,5040000,1621800,540000,1081800,540000,0,0,0,541800,1201971,1.2020
swap_distribute_parallel_for_700_700_100,700,100,0,200,700600,210301,100,4480000,560000,210200,70000,140200,70000,0,0,0,70200,1270094,1.2701
swap_distribute_parallel_for_700_700_200,700,200,0,400,1401200,420601,200,5040000,1120000,420400,140000,280400,140000,0,0,0,140400,1274193,1.2742
swap_distribute_parallel_for_700_700_300,700,300,0,600,2101800,630901,300,5600000,1680000,630600,210000,420600,210000,0,0,0,210600,1386921,1.3869
swap_distribute_parallel_for_700_700_400,700,400,0,800,2802400,841201,400,6160000,2240000,840800,280000,560800,280000,0,0,0,280800,1381762,1.3818
swap_distribute_parallel_for_700_700_500,700,500,0,1000,3503000,1051501,500,6720000,2800000,1051000,350000,701000,350000,0,0,0,351000,1387441,1.3874
swap_distribute_parallel_for_700_700_600,700,600,0,1200,4203600,1261801,600,7280000,3360000,1261200,420000,841200,420000,0,0,0,421200,1393267,1.3933
swap_distribute_parallel_for_700_700_700,700,700,0,1400,4904200,1472101,700,7840000,3920000,1471400,490000,981400,490000,0,0,0,491400,1401599,1.4016
swap_distribute_parallel_for_700_700_800,700,800,0,1600,5604800,1682401,800,8400000,4480000,1681600,560000,1121600,560000,0,0,0,561600,1403912,1.4039
swap_distribute_parallel_for_700_700_900,700,900,0,1800,6305400,1892701,900,8960000,5040000,1891800,630000,1261800,630000,0,0,0,631800,1407055,1.4071
swap_distribute_parallel_for_700_800_100,700,100,0,200,800600,240301,100,5120000,560000,240200,80000,160200,80000,0,0,0,80200,1451892,1.4519
swap_distribute_parallel_for_700_800_200,700,200,0,400,1601200,480601,200,5760000,1120000,480400,160000,320400,160000,0,0,0,160400,1454954,1.4550
swap_distribute_parallel_for_700_800_300,700,300,0,600,2401800,720901,300,6400000,1680000,720600,240000,480600,240000,0,0,0,240600,1582031,1.5820
swap_distribute_parallel_for_700_800_400,700,400,0,800,3202400,961201,400,7040000,2240000,960800,320000,640800,320000,0,0,0,320800,1587554,1.5876
swap_distribute_parallel_for_700_800_500,700,500,0,1000,4003000,1201501,500,7680000,2800000,1201000,400000,801000,400000,0,0,0,401000,1600383,1.6004
swap_distribute_parallel_for_700_800_600,700,600,0,1200,4803600,1441801,600,8320000,3360000,1441200,480000,961200,480000,0,0,0,481200,1579819,1.5798
swap_distribute_parallel_for_700_800_700,700,700,0,1400,5604200,1682101,700,8960000,3920000,1681400,560000,1121400,560000,0,0,0,561400,1587165,1.5872
swap_distribute_parallel_for_700_800_800,700,800,0,1600,6404800,1922401,800,9600000,4480000,1921600,640000,1281600,640000,0,0,0,641600,1609829,1.6098
swap_distribute_parallel_for_700_800_900,700,900,0,1800,7205400,2162701,900,10240000,5040000,2161800,720000,1441800,720000,0,0,0,721800,1606834,1.6068
swap_distribute_parallel_for_700_900_100,700,100,0,200,900600,270301,100,5760000,560000,270200,90000,180200,90000,0,0,0,90200,1633775,1.6338
swap_distribute_parallel_for_700_900_200,700,200,0,400,1801200,540601,200,6480000,1120000,540400,180000,360400,180000,0,0,0,180400,1643003,1.6430
swap_distribute_parallel_for_700_900_300,700,300,0,600,2701800,810901,300,7200000,1680000,810600,270000,540600,270000,0,0,0,270600,1801084,1.8011
swap_distribute_parallel_for_700_900_400,700,400,0,800,3602400,1081201,400,7920000,2240000,1080800,360000,720800,360000,0,0,0,360800,1775221,1.7752
swap_distribute_parallel_for_700_900_500,700,500,0,1000,4503000,1351501,500,8640000,2800000,1351000,450000,901000,450000,0,0,0,451000,1777622,1.7776
swap_distribute_parallel_for_700_900_600,700,600,0,1200,5403600,1621801,600,9360000,3360000,1621200,540000,1081200,540000,0,0,0,541200,1776787,1.7768
swap_distribute_parallel_for_700_900_700,700,700,0,1400,6304200,1892101,700,10080000,3920000,1891400,630000,1261400,630000,0,0,0,631400,1802022,1.8020
swap_distribute_parallel_for_700_900_800,700,800,0,1600,7204800,2162401,800,10800000,4480000,2161600,720000,1441600,720000,0,0,0,721600,1803615,1.8036
swap_distribute_parallel_for_700_900_900,700,900,0,1800,8105400,2432701,900,11520000,5040000,2431800,810000,1621800,810000,0,0,0,811800,1798181,1.7982
swap_distribute_parallel_for_800_100_100,800,100,0,200,100600,30301,100,720000,640000,30200,10000,20200,10000,0,0,0,10200,216566,0.2166
swap_distribute_parallel_for_800_100_200,800,200,0,400,201200,60601,200,800000,1280000,60400,20000,40400,20000,0,0,0,20400,215167,0.2152
swap_distribute_parallel_for_800_100_300,800,300,0,600,301800,90901,300,880000,1920000,90600,30000,60600,30000,0,0,0,30600,216231,0.2162
swap_distribute_parallel_for_800_100_400,800,400,0,800,402400,121201,400,960000,2560000,120800,40000,80800,40000,0,0,0,40800,223700,0.2237
swap_distribute_parallel_for_800_100_500,800,500,0,1000,503000,151501,500,1040000,3200000,151000,50000,101000,50000,0,0,0,51000,217666,0.2177
swap_distribute_parallel_for_800_100_600,800,600,0,1200,603600,181801,600,1120000,3840000,181200,60000,121200,60000,0,0,0,61200,224155,0.2242
swap_distribute_parallel_for_800_100_700,800,700,0,1400,704200,212101,700,1200000,4480000,211400,70000,141400,70000,0,0,0,71400,274066,0.2741
swap_distribute_parallel_for_800_100_800,800,800,0,1600,804800,242401,800,1280000,5120000,241600,80000,161600,80000,0,0,0,81600,226222,0.2262
swap_distribute_parallel_for_800_100_900,800,900,0,1800,905400,272701,900,1360000,5760000,271800,90000,181800,90000,0,0,0,91800,221551,0.2216
swap_distribute_parallel_for_800_200_100,800,100,0,200,200600,60301,100,1440000,640000,60200,20000,40200,20000,0,0,0,20200,417376,0.4174
swap_distribute_parallel_for_800_200_200,800,200,0,400,401200,120601,200,1600000,1280000,120400,40000,80400,40000,0,0,0,40400,426985,0.4270
swap_distribute_parallel_for_800_200_300,800,300,0,600,601800,180901,300,1760000,1920000,180600,60000,120600,60000,0,0,0,60600,433666,0.4337
swap_distribute_parallel_for_800_200_400,800,400,0,800,802400,241201,400,1920000,2560000,240800,80000,160800,80000,0,0,0,80800,428152,0.4282
swap_distribute_parallel_for_800_200_500,800,500,0,1000,1003000,301501,500,2080000,3200000,301000,100000,201000,100000,0,0,0,101000,428095,0.4281
swap_distribute_parallel_for_800_200_600,800,600,0,1200,1203600,361801,600,2240000,3840000,361200,120000,241200,120000,0,0,0,121200,430375,0.4304
swap_distribute_parallel_for_800_200_700,800,700,0,1400,1404200,422101,700,2400000,4480000,421400,140000,281400,140000,0,0,0,141400,435738,0.4357
swap_distribute_parallel_for_800_200_800,800,800,0,1600,1604800,482401,800,2560000,5120000,481600,160000,321600,160000,0,0,0,161600,437819,0.4378
swap_distribute_parallel_for_800_200_900,800,900,0,1800,1805400,542701,900,2720000,5760000,541800,180000,361800,180000,0,0,0,181800,433864,0.4339
swap_distribute_parallel_for_800_300_100,800,100,0,200,300600,90301,100,2160000,640000,90200,30000,60200,30000,0,0,0,30200,623621,0.6236
swap_distribute_parallel_for_800_300_200,800,200,0,400,601200,180601,200,2400000,1280000,180400,60000,120400,60000,0,0,0,60400,626719,0.6267
swap_distribute_parallel_for_800_300_300,800,300,0,600,901800,270901,300,2640000,1920000,270600,90000,180600,90000,0,0,0,90600,639671,0.6397
swap_distribute_parallel_for_800_300_400,800,400,0,800,1202400,361201,400,2880000,2560000,360800,120000,240800,120000,0,0,0,120800,639049,0.6390
swap_distribute_parallel_for_800_300_500,800,500,0,1000,1503000,451501,500,3120000,3200000,451000,150000,301000,150000,0,0,0,151000,642323,0.6423
swap_distribute_parallel_for_800_300_600,800,600,0,1200,1803600,541801,600,3360000,3840000,541200,180000,361200,180000,0,0,0,181200,641438,0.6414
swap_distribute_parallel_for_800_300_700,800,700,0,1400,2104200,632101,700,3600000,4480000,631400,210000,421400,210000,0,0,0,211400,683151,0.6832
swap_distribute_parallel_for_800_300_800,800,800,0,1600,2404800,722401,800,3840000,5120000,721600,240000,481600,240000,0,0,0,241600,689119,0.6891
swap_distribute_parallel_for_800_300_900,800,900,0,1800,2705400,812701,900,4080000,5760000,811800,270000,541800,270000,0,0,0,271800,680953,0.6810
swap_distribute_parallel_for_800_400_100,800,100,0,200,400600,120301,100,2880000,640000,120200,40000,80200,40000,0,0,0,40200,830703,0.8307
swap_distribute_parallel_for_800_400_200,800,200,0,400,801200,240601,200,3200000,1280000,240400,80000,160400,80000,0,0,0,80400,833196,0.8332
swap_distribute_parallel_for_800_400_300,800,300,0,600,1201800,360901,300,3520000,1920000,360600,120000,240600,120000,0,0,0,120600,852309,0.8523
swap_distribute_parallel_for_800_400_400,800,400,0,800,1602400,481201,400,3840000,2560000,480800,160000,320800,160000,0,0,0,160800,851091,0.8511
swap_distribute_parallel_for_800_400_500,800,500,0,1000,2003000,601501,500,4160000,3200000,601000,200000,401000,200000,0,0,0,201000,880718,0.8807
swap_distribute_parallel_for_800_400_600,800,600,0,1200,2403600,721801,600,4480000,3840000,721200,240000,481200,240000,0,0,0,241200,905959,0.9060
swap_distribute_parallel_for_800_400_700,800,700,0,1400,2804200,842101,700,4800000,4480000,841400,280000,561400,280000,0,0,0,281400,916944,0.9169
swap_distribute_parallel_for_800_400_800,800,800,0,1600,3204800,962401,800,5120000,5120000,961600,320000,641600,320000,0,0,0,321600,928208,0.9282
swap_distribute_parallel_for_800_400_900,800,900,0,1800,3605400,1082701,900,5440000,5760000,1081800,360000,721800,360000,0,0,0,361800,912643,0.9126
swap_distribute_parallel_for_800_500_100,800,100,0,200,500600,150301,100,3600000,640000,150200,50000,100200,50000,0,0,0,50200,1038381,1.0384
swap_distribute_parallel_for_800_500_200,800,200,0,400,1001200,300601,200,4000000,1280000,300400,100000,200400,100000,0,0,0,100400,1041452,1.0415
swap_distribute_parallel_for_800_500_300,800,300,0,600,1501800,450901,300,4400000,1920000,450600,150000,300600,150000,0,0,0,150600,1063842,1.0638
swap_distribute_parallel_for_800_500_400,800,400,0,800,2002400,601201,400,4800000,2560000,600800,200000,400800,200000,0,0,0,200800,1090982,1.0910
swap_distribute_parallel_for_800_500_500,800,500,0,1000,2503000,751501,500,5200000,3200000,751000,250000,501000,250000,0,0,0,251000,1130195,1.1302
swap_distribute_parallel_for_800_500_600,800,600,0,1200,3003600,901801,600,5600000,3840000,901200,300000,601200,300000,0,0,0,301200,1129381,1.1294
swap_distribute_parallel_for_800_500_700,800,700,0,1400,3504200,1052101,700,6000000,4480000,1051400,350000,701400,350000,0,0,0,351400,1142073,1.1421
swap_distribute_parallel_for_800_500_800,800,800,0,1600,4004800,1202401,800,6400000,5120000,1201600,400000,801600,400000,0,0,0,401600,1147422,1.1474
swap_distribute_parallel_for_800_500_900,800,900,0,1800,4505400,1352701,900,6800000,5760000,1351800,450000,901800,450000,0,0,0,451800,1134506,1.1345
swap_distribute_parallel_for_800_600_100,800,100,0,200,600600,180301,100,4320000,640000,180200,60000,120200,60000,0,0,0,60200,1246460,1.2465
swap_distribute_parallel_for_800_600_200,800,200,0,400,1201200,360601,200,4800000,1280000,360400,120000,240400,120000,0,0,0,120400,1247342,1.2473
swap_distribute_parallel_for_800_600_300,800,300,0,600,1801800,540901,300,5280000,1920000,540600,180000,360600,180000,0,0,0,180600,1290724,1.2907
swap_distribute_parallel_for_800_600_400,800,400,0,800,2402400,721201,400,5760000,2560000,720800,240000,480800,240000,0,0,0,240800,1352076,1.3521
swap_distribute_parallel_for_800_600_500,800,500,0,1000,3003000,901501,500,6240000,3200000,901000,300000,601000,300000,0,0,0,301000,1354041,1.3540
swap_distribute_parallel_for_800_600_600,800,600,0,1200,3603600,1081801,600,6720000,3840000,1081200,360000,721200,360000,0,0,0,361200,1354990,1.3550
swap_distribute_parallel_for_800_600_700,800,700,0,1400,4204200,1262101,700,7200000,4480000,1261400,420000,841400,420000,0,0,0,421400,1355949,1.3559
swap_distribute_parallel_for_800_600_800,800,800,0,1600,4804800,1442401,800,7680000,5120000,1441600,480000,961600,480000,0,0,0,481600,1375481,1.3755
swap_distribute_parallel_for_800_600_900,800,900,0,1800,5405400,1622701,900,8160000,5760000,1621800,540000,1081800,540000,0,0,0,541800,1363566,1.3636
swap_distribute_parallel_for_800_700_100,800,100,0,200,700600,210301,100,5040000,640000,210200,70000,140200,70000,0,0,0,70200,1452990,1.4530
swap_distribute_parallel_for_800_700_200,800,200,0,400,1401200,420601,200,5600000,1280000,420400,140000,280400,140000,0,0,0,140400,1455381,1.4554
swap_distribute_parallel_for_800_700_300,800,300,0,600,2101800,630901,300,6160000,1920000,630600,210000,420600,210000,0,0,0,210600,1578802,1.5788
swap_distribute_parallel_for_800_700_400,800,400,0,800,2802400,841201,400,6720000,2560000,840800,280000,560800,280000,0,0,0,280800,1577719,1.5777
swap_distribute_parallel_for_800_700_500,800,500,0,1000,3503000,1051501,500,7280000,3200000,1051000,350000,701000,350000,0,0,0,351000,1580551,1.5806
swap_distribute_parallel_for_800_700_600,800,600,0,1200,4203600,1261801,600,7840000,3840000,1261200,420000,841200,420000,0,0,0,421200,1580198,1.5802
swap_distribute_parallel_for_800_700_700,800,700,0,1400,4904200,1472101,700,8400000,4480000,1471400,490000,981400,490000,0,0,0,491400,1604876,1.6049
swap_distribute_parallel_for_800_700_800,800,800,0,1600,5604800,1682401,800,8960000,5120000,1681600,560000,1121600,560000,0,0,0,561600,1602540,1.6025
swap_distribute_parallel_for_800_700_900,800,900,0,1800,6305400,1892701,900,9520000,5760000,1891800,630000,1261800,630000,0,0,0,631800,1606399,1.6064
swap_distribute_parallel_for_800_800_100,800,100,0,200,800600,240301,100,5760000,640000,240200,80000,160200,80000,0,0,0,80200,1658398,1.6584
swap_distribute_parallel_for_800_800_200,800,200,0,400,1601200,480601,200,6400000,1280000,480400,160000,320400,160000,0,0,0,160400,1662705,1.6627
swap_distribute_parallel_for_800_800_300,800,300,0,600,2401800,720901,300,7040000,1920000,720600,240000,480600,240000,0,0,0,240600,1802080,1.8021
swap_distribute_parallel_for_800_800_400,800,400,0,800,3202400,961201,400,7680000,2560000,960800,320000,640800,320000,0,0,0,320800,1802398,1.8024
swap_distribute_parallel_for_800_800_500,800,500,0,1000,4003000,1201501,500,8320000,3200000,1201000,400000,801000,400000,0,0,0,401000,1804287,1.8043
swap_distribute_parallel_for_800_800_600,800,600,0,1200,4803600,1441801,600,8960000,3840000,1441200,480000,961200,480000,0,0,0,481200,1804009,1.8040
swap_distribute_parallel_for_800_800_700,800,700,0,1400,5604200,1682101,700,9600000,4480000,1681400,560000,1121400,560000,0,0,0,561400,1806915,1.8069
swap_distribute_parallel_for_800_800_800,800,800,0,1600,6404800,1922401,800,10240000,5120000,1921600,640000,1281600,640000,0,0,0,641600,1831416,1.8314
swap_distribute_parallel_for_800_800_900,800,900,0,1800,7205400,2162701,900,10880000,5760000,2161800,720000,1441800,720000,0,0,0,721800,1834452,1.8345
swap_distribute_parallel_for_800_900_100,800,100,0,200,900600,270301,100,6480000,640000,270200,90000,180200,90000,0,0,0,90200,1865473,1.8655
swap_distribute_parallel_for_800_900_200,800,200,0,400,1801200,540601,200,7200000,1280000,540400,180000,360400,180000,0,0,0,180400,1873324,1.8733
swap_distribute_parallel_for_800_900_300,800,300,0,600,2701800,810901,300,7920000,1920000,810600,270000,540600,270000,0,0,0,270600,2026954,2.0270
swap_distribute_parallel_for_800_900_400,800,400,0,800,3602400,1081201,400,8640000,2560000,1080800,360000,720800,360000,0,0,0,360800,2026543,2.0265
swap_distribute_parallel_for_800_900_500,800,500,0,1000,4503000,1351501,500,9360000,3200000,1351000,450000,901000,450000,0,0,0,451000,2028274,2.0283
swap_distribute_parallel_for_800_900_600,800,600,0,1200,5403600,1621801,600,10080000,3840000,1621200,540000,1081200,540000,0,0,0,541200,2027726,2.0277
swap_distribute_parallel_for_800_900_700,800,700,0,1400,6304200,1892101,700,10800000,4480000,1891400,630000,1261400,630000,0,0,0,631400,2032946,2.0329
swap_distribute_parallel_for_800_900_800,800,800,0,1600,7204800,2162401,800,11520000,5120000,2161600,720000,1441600,720000,0,0,0,721600,2058483,2.0585
swap_distribute_parallel_for_800_900_900,800,900,0,1800,8105400,2432701,900,12240000,5760000,2431800,810000,1621800,810000,0,0,0,811800,2063079,2.0631
swap_distribute_parallel_for_900_100_100,900,100,0,200,100600,30301,100,800000,720000,30200,10000,20200,10000,0,0,0,10200,236064,0.2361
swap_distribute_parallel_for_900_100_200,900,200,0,400,201200,60601,200,880000,1440000,60400,20000,40400,20000,0,0,0,20400,236829,0.2368
swap_distribute_parallel_for_900_100_300,900,300,0,600,301800,90901,300,960000,2160000,90600,30000,60600,30000,0,0,0,30600,242158,0.2422
swap_distribute_parallel_for_900_100_400,900,400,0,800,402400,121201,400,1040000,2880000,120800,40000,80800,40000,0,0,0,40800,241952,0.2420
swap_distribute_parallel_for_900_100_500,900,500,0,1000,503000,151501,500,1120000,3600000,151000,50000,101000,50000,0,0,0,51000,244533,0.2445
swap_distribute_parallel_for_900_100_600,900,600,0,1200,603600,181801,600,1200000,4320000,181200,60000,121200,60000,0,0,0,61200,242610,0.2426
swap_distribute_parallel_for_900_100_700,900,700,0,1400,704200,212101,700,1280000,5040000,211400,70000,141400,70000,0,0,0,71400,243101,0.2431
swap_distribute_parallel_for_900_100_800,900,800,0,1600,804800,242401,800,1360000,5760000,241600,80000,161600,80000,0,0,0,81600,246014,0.2460
swap_distribute_parallel_for_900_100_900,900,900,0,1800,905400,272701,900,1440000,6480000,271800,90000,181800,90000,0,0,0,91800,247820,0.2478
swap_distribute_parallel_for_900_1400_1400,900,1400,0,2800,19608400,5884201,1400,25760000,10080000,5882800,1960000,3922800,1960000,0,0,0,1962800,3613118,3.6131
swap_distribute_parallel_for_900_1400_1900,900,1900,0,3800,26611400,7985701,1900,31360000,13680000,7983800,2660000,5323800,2660000,0,0,0,2663800,3657214,3.6572
swap_distribute_parallel_for_900_1400_2400,900,2400,0,4800,33614400,10087201,2400,36960000,17280000,10084800,3360000,6724800,3360000,0,0,0,3364800,3662156,3.6622
swap_distribute_parallel_for_900_1400_2900,900,2900,0,5800,40617400,12188701,2900,42560000,20880000,12185800,4060000,8125800,4060000,0,0,0,4065800,3660193,3.6602
swap_distribute_parallel_for_900_1400_3400,900,3400,0,6800,47620400,14290201,3400,48160000,24480000,14286800,4760000,9526800,4760000,0,0,0,4766800,4024787,4.0248
swap_distribute_parallel_for_900_1400_3900,900,3900,0,7800,54623400,16391701,3900,53760000,28080000,16387800,5460000,10927800,5460000,0,0,0,5467800,4070837,4.0708
swap_distribute_parallel_for_900_1400_900,900,900,0,1800,12605400,3782701,900,20160000,6480000,3781800,1260000,2521800,1260000,0,0,0,1261800,3594485,3.5945
swap_distribute_parallel_for_900_1900_1400,900,1400,0,2800,26608400,7984201,1400,34960000,10080000,7982800,2660000,5322800,2660000,0,0,0,2662800,4897206,4.8972
swap_distribute_parallel_for_900_1900_1900,900,1900,0,3800,36111400,10835701,1900,42560000,13680000,10833800,3610000,7223800,3610000,0,0,0,3613800,4960662,4.9607
swap_distribute_parallel_for_900_1900_2400,900,2400,0,4800,45614400,13687201,2400,50160000,17280000,13684800,4560000,9124800,4560000,0,0,0,4564800,4986744,4.9867
swap_distribute_parallel_for_900_1900_2900,900,2900,0,5800,55117400,16538701,2900,57760000,20880000,16535800,5510000,11025800,5510000,0,0,0,5515800,4969952,4.9700
swap_distribute_parallel_for_900_1900_3400,900,3400,0,6800,64620400,19390201,3400,65360000,24480000,19386800,6460000,12926800,6460000,0,0,0,6466800,5490778,5.4908
swap_distribute_parallel_for_900_1900_3900,900,3900,0,7800,74123400,22241701,3900,72960000,28080000,22237800,7410000,14827800,7410000,0,0,0,7417800,5526858,5.5269
swap_distribute_parallel_for_900_1900_900,900,900,0,1800,17105400,5132701,900,27360000,6480000,5131800,1710000,3421800,1710000,0,0,0,1711800,4878011,4.8780
swap_distribute_parallel_for_900_200_100,900,100,0,200,200600,60301,100,1600000,720000,60200,20000,40200,20000,0,0,0,20200,468867,0.4689
swap_distribute_parallel_for_900_200_200,900,200,0,400,401200,120601,200,1760000,1440000,120400,40000,80400,40000,0,0,0,40400,470747,0.4707
swap_distribute_parallel_for_900_200_300,900,300,0,600,601800,180901,300,1920000,2160000,180600,60000,120600,60000,0,0,0,60600,485415,0.4854
swap_distribute_parallel_for_900_200_400,900,400,0,800,802400,241201,400,2080000,2880000,240800,80000,160800,80000,0,0,0,80800,480123,0.4801
swap_distribute_parallel_for_900_200_500,900,500,0,1000,1003000,301501,500,2240000,3600000,301000,100000,201000,100000,0,0,0,101000,481452,0.4815
swap_distribute_parallel_for_900_200_600,900,600,0,1200,1203600,361801,600,2400000,4320000,361200,120000,241200,120000,0,0,0,121200,483878,0.4839
swap_distribute_parallel_for_900_200_700,900,700,0,1400,1404200,422101,700,2560000,5040000,421400,140000,281400,140000,0,0,0,141400,482511,0.4825
swap_distribute_parallel_for_900_200_800,900,800,0,1600,1604800,482401,800,2720000,5760000,481600,160000,321600,160000,0,0,0,161600,491654,0.4917
swap_distribute_parallel_for_900_200_900,900,900,0,1800,1805400,542701,900,2880000,6480000,541800,180000,361800,180000,0,0,0,181800,488590,0.4886
swap_distribute_parallel_for_900_2400_1400,900,1400,0,2800,33608400,10084201,1400,44160000,10080000,10082800,3360000,6722800,3360000,0,0,0,3362800,6198220,6.1982
swap_distribute_parallel_for_900_2400_1900,900,1900,0,3800,45611400,13685701,1900,53760000,13680000,13683800,4560000,9123800,4560000,0,0,0,4563800,6294461,6.2945
swap_distribute_parallel_for_900_2400_2400,900,2400,0,4800,57614400,17287201,2400,63360000,17280000,17284800,5760000,11524800,5760000,0,0,0,5764800,6276351,6.2764
swap_distribute_parallel_for_900_2400_2900,900,2900,0,5800,69617400,20888701,2900,72960000,20880000,20885800,6960000,13925800,6960000,0,0,0,6965800,6285758,6.2858
swap_distribute_parallel_for_900_2400_3400,900,3400,0,6800,81620400,24490201,3400,82560000,24480000,24486800,8160000,16326800,8160000,0,0,0,8166800,6932911,6.9329
swap_distribute_parallel_for_900_2400_3900,900,3900,0,7800,93623400,28091701,3900,92160000,28080000,28087800,9360000,18727800,9360000,0,0,0,9367800,6983944,6.9839
swap_distribute_parallel_for_900_2400_900,900,900,0,1800,21605400,6482701,900,34560000,6480000,6481800,2160000,4321800,2160000,0,0,0,2161800,6164009,6.1640
swap_distribute_parallel_for_900_2900_1400,900,1400,0,2800,40608400,12184201,1400,53360000,10080000,12182800,4060000,8122800,4060000,0,0,0,4062800,7498091,7.4981
swap_distribute_parallel_for_900_2900_1900,900,1900,0,3800,55111400,16535701,1900,64960000,13680000,16533800,5510000,11023800,5510000,0,0,0,5513800,7568462,7.5685
swap_distribute_parallel_for_900_2900_2400,900,2400,0,4800,69614400,20887201,2400,76560000,17280000,20884800,6960000,13924800,6960000,0,0,0,6964800,7575626,7.5756
swap_distribute_parallel_for_900_2900_2900,900,2900,0,5800,84117400,25238701,2900,88160000,20880000,25235800,8410000,16825800,8410000,0,0,0,8415800,7575540,7.5755
swap_distribute_parallel_for_900_2900_3400,900,3400,0,6800,98620400,29590201,3400,99760000,24480000,29586800,9860000,19726800,9860000,0,0,0,9866800,8340026,8.3400
swap_distribute_parallel_for_900_2900_3900,900,3900,0,7800,113123400,33941701,3900,111360000,28080000,33937800,11310000,22627800,11310000,0,0,0,11317800,8429917,8.4299
swap_distribute_parallel_for_900_2900_900,900,900,0,1800,26105400,7832701,900,41760000,6480000,7831800,2610000,5221800,2610000,0,0,0,2611800,7444552,7.4446
swap_distribute_parallel_for_900_300_100,900,100,0,200,300600,90301,100,2400000,720000,90200,30000,60200,30000,0,0,0,30200,700884,0.7009
swap_distribute_parallel_for_900_300_200,900,200,0,400,601200,180601,200,2640000,1440000,180400,60000,120400,60000,0,0,0,60400,703037,0.7030
swap_distribute_parallel_for_900_300_300,900,300,0,600,901800,270901,300,2880000,2160000,270600,90000,180600,90000,0,0,0,90600,721812,0.7218
swap_distribute_parallel_for_900_300_400,900,400,0,800,1202400,361201,400,3120000,2880000,360800,120000,240800,120000,0,0,0,120800,718347,0.7183
swap_distribute_parallel_for_900_300_500,900,500,0,1000,1503000,451501,500,3360000,3600000,451000,150000,301000,150000,0,0,0,151000,722526,0.7225
swap_distribute_parallel_for_900_300_600,900,600,0,1200,1803600,541801,600,3600000,4320000,541200,180000,361200,180000,0,0,0,181200,723770,0.7238
swap_distribute_parallel_for_900_300_700,900,700,0,1400,2104200,632101,700,3840000,5040000,631400,210000,421400,210000,0,0,0,211400,755669,0.7557
swap_distribute_parallel_for_900_300_800,900,800,0,1600,2404800,722401,800,4080000,5760000,721600,240000,481600,240000,0,0,0,241600,774330,0.7743
swap_distribute_parallel_for_900_300_900,900,900,0,1800,2705400,812701,900,4320000,6480000,811800,270000,541800,270000,0,0,0,271800,767997,0.7680
swap_distribute_parallel_for_900_3400_1400,900,1400,0,2800,47608400,14284201,1400,62560000,10080000,14282800,4760000,9522800,4760000,0,0,0,4762800,8791846,8.7918
swap_distribute_parallel_for_900_3400_1900,900,1900,0,3800,64611400,19385701,1900,76160000,13680000,19383800,6460000,12923800,6460000,0,0,0,6463800,8878444,8.8784
swap_distribute_parallel_for_900_3400_2400,900,2400,0,4800,81614400,24487201,2400,89760000,17280000,24484800,8160000,16324800,8160000,0,0,0,8164800,8876028,8.8760
swap_distribute_parallel_for_900_3400_2900,900,2900,0,5800,98617400,29588701,2900,103360000,20880000,29585800,9860000,19725800,9860000,0,0,0,9865800,8880853,8.8809
swap_distribute_parallel_for_900_3400_3400,900,3400,0,6800,115620400,34690201,3400,116960000,24480000,34686800,11560000,23126800,11560000,0,0,0,11566800,9785066,9.7851
swap_distribute_parallel_for_900_3400_3900,900,3900,0,7800,132623400,39791701,3900,130560000,28080000,39787800,13260000,26527800,13260000,0,0,0,13267800,9878467,9.8785
swap_distribute_parallel_for_900_3400_900,900,900,0,1800,30605400,9182701,900,48960000,6480000,9181800,3060000,6121800,3060000,0,0,0,3061800,8725317,8.7253
swap_distribute_parallel_for_900_3900_1400,900,1400,0,2800,54608400,16384201,1400,71760000,10080000,16382800,5460000,10922800,5460000,0,0,0,5462800,10048633,10.0486
swap_distribute_parallel_for_900_3900_1900,900,1900,0,3800,74111400,22235701,1900,87360000,13680000,22233800,7410000,14823800,7410000,0,0,0,7413800,10180130,10.1801
swap_distribute_parallel_for_900_3900_2400,900,2400,0,4800,93614400,28087201,2400,102960000,17280000,28084800,9360000,18724800,9360000,0,0,0,9364800,10224857,10.2249
swap_distribute_parallel_for_900_3900_2900,900,2900,0,5800,113117400,33938701,2900,118560000,20880000,33935800,11310000,22625800,11310000,0,0,0,11315800,10196654,10.1967
swap_distribute_parallel_for_900_3900_3400,900,3400,0,6800,132620400,39790201,3400,134160000,24480000,39786800,13260000,26526800,13260000,0,0,0,13266800,11222110,11.2221
swap_distribute_parallel_for_900_3900_3900,900,3900,0,7800,152123400,45641701,3900,149760000,28080000,45637800,15210000,30427800,15210000,0,0,0,15217800,11342893,11.3429
swap_distribute_parallel_for_900_3900_900,900,900,0,1800,35105400,10532701,900,56160000,6480000,10531800,3510000,7021800,3510000,0,0,0,3511800,10009647,10.0096
swap_distribute_parallel_for_900_400_100,900,100,0,200,400600,120301,100,3200000,720000,120200,40000,80200,40000,0,0,0,40200,934407,0.9344
swap_distribute_parallel_for_900_400_200,900,200,0,400,801200,240601,200,3520000,1440000,240400,80000,160400,80000,0,0,0,80400,938239,0.9382
swap_distribute_parallel_for_900_400_300,900,300,0,600,1201800,360901,300,3840000,2160000,360600,120000,240600,120000,0,0,0,120600,958311,0.9583
swap_distribute_parallel_for_900_400_400,900,400,0,800,1602400,481201,400,4160000,2880000,480800,160000,320800,160000,0,0,0,160800,956218,0.9562
swap_distribute_parallel_for_900_400_500,900,500,0,1000,2003000,601501,500,4480000,3600000,601000,200000,401000,200000,0,0,0,201000,991734,0.9917
swap_distribute_parallel_for_900_400_600,900,600,0,1200,2403600,721801,600,4800000,4320000,721200,240000,481200,240000,0,0,0,241200,1019071,1.0191
swap_distribute_parallel_for_900_400_700,900,700,0,1400,2804200,842101,700,5120000,5040000,841400,280000,561400,280000,0,0,0,281400,1021110,1.0211
swap_distribute_parallel_for_900_400_800,900,800,0,1600,3204800,962401,800,5440000,5760000,961600,320000,641600,320000,0,0,0,321600,1031894,1.0319
swap_distribute_parallel_for_900_400_900,900,900,0,1800,3605400,1082701,900,5760000,6480000,1081800,360000,721800,360000,0,0,0,361800,1025017,1.0250
swap_distribute_parallel_for_900_500_100,900,100,0,200,500600,150301,100,4000000,720000,150200,50000,100200,50000,0,0,0,50200,1169666,1.1697
swap_distribute_parallel_for_900_500_200,900,200,0,400,1001200,300601,200,4400000,1440000,300400,100000,200400,100000,0,0,0,100400,1173973,1.1740
swap_distribute_parallel_for_900_500_300,900,300,0,600,1501800,450901,300,4800000,2160000,450600,150000,300600,150000,0,0,0,150600,1198127,1.1981
swap_distribute_parallel_for_900_500_400,900,400,0,800,2002400,601201,400,5200000,2880000,600800,200000,400800,200000,0,0,0,200800,1228514,1.2285
swap_distribute_parallel_for_900_500_500,900,500,0,1000,2503000,751501,500,5600000,3600000,751000,250000,501000,250000,0,0,0,251000,1271348,1.2713
swap_distribute_parallel_for_900_500_600,900,600,0,1200,3003600,901801,600,6000000,4320000,901200,300000,601200,300000,0,0,0,301200,1283604,1.2836
swap_distribute_parallel_for_900_500_700,900,700,0,1400,3504200,1052101,700,6400000,5040000,1051400,350000,701400,350000,0,0,0,351400,1274224,1.2742
swap_distribute_parallel_for_900_500_800,900,800,0,1600,4004800,1202401,800,6800000,5760000,1201600,400000,801600,400000,0,0,0,401600,1289765,1.2898
swap_distribute_parallel_for_900_500_900,900,900,0,1800,4505400,1352701,900,7200000,6480000,1351800,450000,901800,450000,0,0,0,451800,1281605,1.2816
swap_distribute_parallel_for_900_600_100,900,100,0,200,600600,180301,100,4800000,720000,180200,60000,120200,60000,0,0,0,60200,1400176,1.4002
swap_distribute_parallel_for_900_600_200,900,200,0,400,1201200,360601,200,5280000,1440000,360400,120000,240400,120000,0,0,0,120400,1403364,1.4034
swap_distribute_parallel_for_900_600_300,900,300,0,600,1801800,540901,300,5760000,2160000,540600,180000,360600,180000,0,0,0,180600,1438306,1.4383
swap_distribute_parallel_for_900_600_400,900,400,0,800,2402400,721201,400,6240000,2880000,720800,240000,480800,240000,0,0,0,240800,1520757,1.5208
swap_distribute_parallel_for_900_600_500,900,500,0,1000,3003000,901501,500,6720000,3600000,901000,300000,601000,300000,0,0,0,301000,1523599,1.5236
swap_distribute_parallel_for_900_600_600,900,600,0,1200,3603600,1081801,600,7200000,4320000,1081200,360000,721200,360000,0,0,0,361200,1523234,1.5232
swap_distribute_parallel_for_900_600_700,900,700,0,1400,4204200,1262101,700,7680000,5040000,1261400,420000,841400,420000,0,0,0,421400,1527511,1.5275
swap_distribute_parallel_for_900_600_800,900,800,0,1600,4804800,1442401,800,8160000,5760000,1441600,480000,961600,480000,0,0,0,481600,1545948,1.5459
swap_distribute_parallel_for_900_600_900,900,900,0,1800,5405400,1622701,900,8640000,6480000,1621800,540000,1081800,540000,0,0,0,541800,1531088,1.5311
swap_distribute_parallel_for_900_700_100,900,100,0,200,700600,210301,100,5600000,720000,210200,70000,140200,70000,0,0,0,70200,1637752,1.6378
swap_distribute_parallel_for_900_700_200,900,200,0,400,1401200,420601,200,6160000,1440000,420400,140000,280400,140000,0,0,0,140400,1637388,1.6374
swap_distribute_parallel_for_900_700_300,900,300,0,600,2101800,630901,300,6720000,2160000,630600,210000,420600,210000,0,0,0,210600,1782566,1.7826
swap_distribute_parallel_for_900_700_400,900,400,0,800,2802400,841201,400,7280000,2880000,840800,280000,560800,280000,0,0,0,280800,1776252,1.7763
swap_distribute_parallel_for_900_700_500,900,500,0,1000,3503000,1051501,500,7840000,3600000,1051000,350000,701000,350000,0,0,0,351000,1776893,1.7769
swap_distribute_parallel_for_900_700_600,900,600,0,1200,4203600,1261801,600,8400000,4320000,1261200,420000,841200,420000,0,0,0,421200,1776077,1.7761
swap_distribute_parallel_for_900_700_700,900,700,0,1400,4904200,1472101,700,8960000,5040000,1471400,490000,981400,490000,0,0,0,491400,1797610,1.7976
swap_distribute_parallel_for_900_700_800,900,800,0,1600,5604800,1682401,800,9520000,5760000,1681600,560000,1121600,560000,0,0,0,561600,1803491,1.8035
swap_distribute_parallel_for_900_700_900,900,900,0,1800,6305400,1892701,900,10080000,6480000,1891800,630000,1261800,630000,0,0,0,631800,1794809,1.7948
swap_distribute_parallel_for_900_800_100,900,100,0,200,800600,240301,100,6400000,720000,240200,80000,160200,80000,0,0,0,80200,1867521,1.8675
swap_distribute_parallel_for_900_800_200,900,200,0,400,1601200,480601,200,7040000,1440000,480400,160000,320400,160000,0,0,0,160400,1880465,1.8805
swap_distribute_parallel_for_900_800_300,900,300,0,600,2401800,720901,300,7680000,2160000,720600,240000,480600,240000,0,0,0,240600,2039559,2.0396
swap_distribute_parallel_for_900_800_400,900,400,0,800,3202400,961201,400,8320000,2880000,960800,320000,640800,320000,0,0,0,320800,2027869,2.0279
swap_distribute_parallel_for_900_800_500,900,500,0,1000,4003000,1201501,500,8960000,3600000,1201000,400000,801000,400000,0,0,0,401000,2034500,2.0345
swap_distribute_parallel_for_900_800_600,900,600,0,1200,4803600,1441801,600,9600000,4320000,1441200,480000,961200,480000,0,0,0,481200,2030617,2.0306
swap_distribute_parallel_for_900_800_700,900,700,0,1400,5604200,1682101,700,10240000,5040000,1681400,560000,1121400,560000,0,0,0,561400,2034957,2.0350
swap_distribute_parallel_for_900_800_800,900,800,0,1600,6404800,1922401,800,10880000,5760000,1921600,640000,1281600,640000,0,0,0,641600,2060283,2.0603
swap_distribute_parallel_for_900_800_900,900,900,0,1800,7205400,2162701,900,11520000,6480000,2161800,720000,1441800,720000,0,0,0,721800,2043510,2.0435
swap_distribute_parallel_for_900_900_100,900,100,0,200,900600,270301,100,7200000,720000,270200,90000,180200,90000,0,0,0,90200,2099656,2.0997
swap_distribute_parallel_for_900_900_1400,900,1400,0,2800,12608400,3784201,1400,16560000,10080000,3782800,1260000,2522800,1260000,0,0,0,1262800,2321756,2.3218
swap_distribute_parallel_for_900_900_1900,900,1900,0,3800,17111400,5135701,1900,20160000,13680000,5133800,1710000,3423800,1710000,0,0,0,1713800,2353732,2.3537
swap_distribute_parallel_for_900_900_200,900,200,0,400,1801200,540601,200,7920000,1440000,540400,180000,360400,180000,0,0,0,180400,2104099,2.1041
swap_distribute_parallel_for_900_900_2400,900,2400,0,4800,21614400,6487201,2400,23760000,17280000,6484800,2160000,4324800,2160000,0,0,0,2164800,2356078,2.3561
swap_distribute_parallel_for_900_900_2900,900,2900,0,5800,26117400,7838701,2900,27360000,20880000,7835800,2610000,5225800,2610000,0,0,0,2615800,2355283,2.3553
swap_distribute_parallel_for_900_900_300,900,300,0,600,2701800,810901,300,8640000,2160000,810600,270000,540600,270000,0,0,0,270600,2302406,2.3024
swap_distribute_parallel_for_900_900_3400,900,3400,0,6800,30620400,9190201,3400,30960000,24480000,9186800,3060000,6126800,3060000,0,0,0,3066800,2602233,2.6022
swap_distribute_parallel_for_900_900_3900,900,3900,0,7800,35123400,10541701,3900,34560000,28080000,10537800,3510000,7027800,3510000,0,0,0,3517800,2619487,2.6195
swap_distribute_parallel_for_900_900_400,900,400,0,800,3602400,1081201,400,9360000,2880000,1080800,360000,720800,360000,0,0,0,360800,2282226,2.2822
swap_distribute_parallel_for_900_900_500,900,500,0,1000,4503000,1351501,500,10080000,3600000,1351000,450000,901000,450000,0,0,0,451000,2283393,2.2834
swap_distribute_parallel_for_900_900_600,900,600,0,1200,5403600,1621801,600,10800000,4320000,1621200,540000,1081200,540000,0,0,0,541200,2283594,2.2836
swap_distribute_parallel_for_900_900_700,900,700,0,1400,6304200,1892101,700,11520000,5040000,1891400,630000,1261400,630000,0,0,0,631400,2312384,2.3124
swap_distribute_parallel_for_900_900_800,900,800,0,1600,7204800,2162401,800,12240000,5760000,2161600,720000,1441600,720000,0,0,0,721600,2317100,2.3171
swap_distribute_parallel_for_900_900_900,900,900,0,1800,8105400,2432701,900,12960000,6480000,2431800,810000,1621800,810000,0,0,0,811800,2320281,2.3203
