distribute_parallel_for_collapse_1000_1000_1000,1000,1000,0,2000,10006000,3003001,1000,16000000,8000000,3002000,1000000,2002000,1000000,0,0,0,1002000,207517,0.2075
distribute_parallel_for_collapse_1000_1000_1500,1000,1500,0,3000,15009000,4504501,1500,20000000,12000000,4503000,1500000,3003000,1500000,0,0,0,1503000,315030,0.3150
distribute_parallel_for_collapse_1000_1000_2000,1000,2000,0,4000,20012000,6006001,2000,24000000,16000000,6004000,2000000,4004000,2000000,0,0,0,2004000,403500,0.4035
distribute_parallel_for_collapse_1000_1000_2500,1000,2500,0,5000,25015000,7507501,2500,28000000,20000000,7505000,2500000,5005000,2500000,0,0,0,2505000,521747,0.5217
distribute_parallel_for_collapse_1000_1000_3000,1000,3000,0,6000,30018000,9009001,3000,32000000,24000000,9006000,3000000,6006000,3000000,0,0,0,3006000,617899,0.6179
distribute_parallel_for_collapse_1000_1000_3500,1000,3500,0,7000,35021000,10510501,3500,36000000,28000000,10507000,3500000,7007000,3500000,0,0,0,3507000,730855,0.7309
distribute_parallel_for_collapse_1000_1000_4000,1000,4000,0,8000,40024000,12012001,4000,40000000,32000000,12008000,4000000,8008000,4000000,0,0,0,4008000,802643,0.8026
distribute_parallel_for_collapse_1000_1500_1000,1000,1000,0,2000,15006000,4503001,1000,24000000,8000000,4502000,1500000,3002000,1500000,0,0,0,1502000,310113,0.3101
distribute_parallel_for_collapse_1000_1500_1500,1000,1500,0,3000,22509000,6754501,1500,30000000,12000000,6753000,2250000,4503000,2250000,0,0,0,2253000,470519,0.4705
distribute_parallel_for_collapse_1000_1500_2000,1000,2000,0,4000,30012000,9006001,2000,36000000,16000000,9004000,3000000,6004000,3000000,0,0,0,3004000,600856,0.6009
distribute_parallel_for_collapse_1000_1500_2500,1000,2500,0,5000,37515000,11257501,2500,42000000,20000000,11255000,3750000,7505000,3750000,0,0,0,3755000,781480,0.7815
distribute_parallel_for_collapse_1000_1500_3000,1000,3000,0,6000,45018000,13509001,3000,48000000,24000000,13506000,4500000,9006000,4500000,0,0,0,4506000,921383,0.9214
distribute_parallel_for_collapse_1000_1500_3500,1000,3500,0,7000,52521000,15760501,3500,54000000,28000000,15757000,5250000,10507000,5250000,0,0,0,5257000,1088407,1.0884
distribute_parallel_for_collapse_1000_1500_4000,1000,4000,0,8000,60024000,18012001,4000,60000000,32000000,18008000,6000000,12008000,6000000,0,0,0,6008000,1195670,1.1957
distribute_parallel_for_collapse_1000_2000_1000,1000,1000,0,2000,20006000,6003001,1000,32000000,8000000,6002000,2000000,4002000,2000000,0,0,0,2002000,413414,0.4134
distribute_parallel_for_collapse_1000_2000_1500,1000,1500,0,3000,30009000,9004501,1500,40000000,12000000,9003000,3000000,6003000,3000000,0,0,0,3003000,625068,0.6251
distribute_parallel_for_collapse_1000_2000_2000,1000,2000,0,4000,40012000,12006001,2000,48000000,16000000,12004000,4000000,8004000,4000000,0,0,0,4004000,800006,0.8000
distribute_parallel_for_collapse_1000_2000_2500,1000,2500,0,5000,50015000,15007501,2500,56000000,20000000,15005000,5000000,10005000,5000000,0,0,0,5005000,1035412,1.0354
distribute_parallel_for_collapse_1000_2000_3000,1000,3000,0,6000,60018000,18009001,3000,64000000,24000000,18006000,6000000,12006000,6000000,0,0,0,6006000,1226592,1.2266
distribute_parallel_for_collapse_1000_2000_3500,1000,3500,0,7000,70021000,21010501,3500,72000000,28000000,21007000,7000000,14007000,7000000,0,0,0,7007000,1451887,1.4519
distribute_parallel_for_collapse_1000_2000_4000,1000,4000,0,8000,80024000,24012001,4000,80000000,32000000,24008000,8000000,16008000,8000000,0,0,0,8008000,1590122,1.5901
distribute_parallel_for_collapse_1000_2500_1000,1000,1000,0,2000,25006000,7503001,1000,40000000,8000000,7502000,2500000,5002000,2500000,0,0,0,2502000,516710,0.5167
distribute_parallel_for_collapse_1000_2500_1500,1000,1500,0,3000,37509000,11254501,1500,50000000,12000000,11253000,3750000,7503000,3750000,0,0,0,3753000,781180,0.7812
distribute_parallel_for_collapse_1000_2500_2000,1000,2000,0,4000,50012000,15006001,2000,60000000,16000000,15004000,5000000,10004000,5000000,0,0,0,5004000,999151,0.9992
distribute_parallel_for_collapse_1000_2500_2500,1000,2500,0,5000,62515000,18757501,2500,70000000,20000000,18755000,6250000,12505000,6250000,0,0,0,6255000,1296805,1.2968
distribute_parallel_for_collapse_1000_2500_3000,1000,3000,0,6000,75018000,22509001,3000,80000000,24000000,22506000,7500000,15006000,7500000,0,0,0,7506000,1529954,1.5300
distribute_parallel_for_collapse_1000_2500_3500,1000,3500,0,7000,87521000,26260501,3500,90000000,28000000,26257000,8750000,17507000,8750000,0,0,0,8757000,1804780,1.8048
distribute_parallel_for_collapse_1000_2500_4000,1000,4000,0,8000,100024000,30012001,4000,100000000,32000000,30008000,10000000,20008000,10000000,0,0,0,10008000,1984168,1.9842
distribute_parallel_for_collapse_1000_3000_1000,1000,1000,0,2000,30006000,9003001,1000,48000000,8000000,9002000,3000000,6002000,3000000,0,0,0,3002000,619888,0.6199
distribute_parallel_for_collapse_1000_3000_1500,1000,1500,0,3000,45009000,13504501,1500,60000000,12000000,13503000,4500000,9003000,4500000,0,0,0,4503000,938319,0.9383
distribute_parallel_for_collapse_1000_3000_2000,1000,2000,0,4000,60012000,18006001,2000,72000000,16000000,18004000,6000000,12004000,6000000,0,0,0,6004000,1199917,1.1999
distribute_parallel_for_collapse_1000_3000_2500,1000,2500,0,5000,75015000,22507501,2500,84000000,20000000,22505000,7500000,15005000,7500000,0,0,0,7505000,1553808,1.5538
distribute_parallel_for_collapse_1000_3000_3000,1000,3000,0,6000,90018000,27009001,3000,96000000,24000000,27006000,9000000,18006000,9000000,0,0,0,9006000,1837374,1.8374
distribute_parallel_for_collapse_1000_3000_3500,1000,3500,0,7000,105021000,31510501,3500,108000000,28000000,31507000,10500000,21007000,10500000,0,0,0,10507000,2166635,2.1666
distribute_parallel_for_collapse_1000_3000_4000,1000,4000,0,8000,120024000,36012001,4000,120000000,32000000,36008000,12000000,24008000,12000000,0,0,0,12008000,2380094,2.3801
distribute_parallel_for_collapse_1000_3500_1000,1000,1000,0,2000,35006000,10503001,1000,56000000,8000000,10502000,3500000,7002000,3500000,0,0,0,3502000,723237,0.7232
distribute_parallel_for_collapse_1000_3500_1500,1000,1500,0,3000,52509000,15754501,1500,70000000,12000000,15753000,5250000,10503000,5250000,0,0,0,5253000,1093287,1.0933
distribute_parallel_for_collapse_1000_3500_2000,1000,2000,0,4000,70012000,21006001,2000,84000000,16000000,21004000,7000000,14004000,7000000,0,0,0,7004000,1407740,1.4077
distribute_parallel_for_collapse_1000_3500_2500,1000,2500,0,5000,87515000,26257501,2500,98000000,20000000,26255000,8750000,17505000,8750000,0,0,0,8755000,1819782,1.8198
distribute_parallel_for_collapse_1000_3500_3000,1000,3000,0,6000,105018000,31509001,3000,112000000,24000000,31506000,10500000,21006000,10500000,0,0,0,10506000,2142060,2.1421
distribute_parallel_for_collapse_1000_3500_3500,1000,3500,0,7000,122521000,36760501,3500,126000000,28000000,36757000,12250000,24507000,12250000,0,0,0,12257000,2529457,2.5295
distribute_parallel_for_collapse_1000_3500_4000,1000,4000,0,8000,140024000,42012001,4000,140000000,32000000,42008000,14000000,28008000,14000000,0,0,0,14008000,2776571,2.7766
distribute_parallel_for_collapse_1000_4000_1000,1000,1000,0,2000,40006000,12003001,1000,64000000,8000000,12002000,4000000,8002000,4000000,0,0,0,4002000,829768,0.8298
distribute_parallel_for_collapse_1000_4000_1500,1000,1500,0,3000,60009000,18004501,1500,80000000,12000000,18003000,6000000,12003000,6000000,0,0,0,6003000,1258212,1.2582
distribute_parallel_for_collapse_1000_4000_2000,1000,2000,0,4000,80012000,24006001,2000,96000000,16000000,24004000,8000000,16004000,8000000,0,0,0,8004000,1602146,1.6021
distribute_parallel_for_collapse_1000_4000_2500,1000,2500,0,5000,100015000,30007501,2500,112000000,20000000,30005000,10000000,20005000,10000000,0,0,0,10005000,2074045,2.0740
distribute_parallel_for_collapse_1000_4000_3000,1000,3000,0,6000,120018000,36009001,3000,128000000,24000000,36006000,12000000,24006000,12000000,0,0,0,12006000,2460887,2.4609
distribute_parallel_for_collapse_1000_4000_3500,1000,3500,0,7000,140021000,42010501,3500,144000000,28000000,42007000,14000000,28007000,14000000,0,0,0,14007000,2894566,2.8946
distribute_parallel_for_collapse_1000_4000_4000,1000,4000,0,8000,160024000,48012001,4000,160000000,32000000,48008000,16000000,32008000,16000000,0,0,0,16008000,3183728,3.1837
distribute_parallel_for_collapse_100_100_100,100,100,0,200,100600,30301,100,160000,80000,30200,10000,20200,10000,0,0,0,10200,1678,0.0017
distribute_parallel_for_collapse_100_100_200,100,200,0,400,201200,60601,200,240000,160000,60400,20000,40400,20000,0,0,0,20400,1686,0.0017
distribute_parallel_for_collapse_100_100_300,100,300,0,600,301800,90901,300,320000,240000,90600,30000,60600,30000,0,0,0,30600,2318,0.0023
distribute_parallel_for_collapse_100_100_400,100,400,0,800,402400,121201,400,400000,320000,120800,40000,80800,40000,0,0,0,40800,2044,0.0020
distribute_parallel_for_collapse_100_100_500,100,500,0,1000,503000,151501,500,480000,400000,151000,50000,101000,50000,0,0,0,51000,2075,0.0021
distribute_parallel_for_collapse_100_100_600,100,600,0,1200,603600,181801,600,560000,480000,181200,60000,121200,60000,0,0,0,61200,2446,0.0024
distribute_parallel_for_collapse_100_100_700,100,700,0,1400,704200,212101,700,640000,560000,211400,70000,141400,70000,0,0,0,71400,3497,0.0035
distribute_parallel_for_collapse_100_100_800,100,800,0,1600,804800,242401,800,720000,640000,241600,80000,161600,80000,0,0,0,81600,3501,0.0035
distribute_parallel_for_collapse_100_100_900,100,900,0,1800,905400,272701,900,800000,720000,271800,90000,181800,90000,0,0,0,91800,4020,0.0040
distribute_parallel_for_collapse_100_200_100,100,100,0,200,200600,60301,100,320000,80000,60200,20000,40200,20000,0,0,0,20200,1812,0.0018
distribute_parallel_for_collapse_100_200_200,100,200,0,400,401200,120601,200,480000,160000,120400,40000,80400,40000,0,0,0,40400,1965,0.0020
distribute_parallel_for_collapse_100_200_300,100,300,0,600,601800,180901,300,640000,240000,180600,60000,120600,60000,0,0,0,60600,2710,0.0027
distribute_parallel_for_collapse_100_200_400,100,400,0,800,802400,241201,400,800000,320000,240800,80000,160800,80000,0,0,0,80800,3523,0.0035
distribute_parallel_for_collapse_100_200_500,100,500,0,1000,1003000,301501,500,960000,400000,301000,100000,201000,100000,0,0,0,101000,3774,0.0038
distribute_parallel_for_collapse_100_200_600,100,600,0,1200,1203600,361801,600,1120000,480000,361200,120000,241200,120000,0,0,0,121200,4452,0.0045
distribute_parallel_for_collapse_100_200_700,100,700,0,1400,1404200,422101,700,1280000,560000,421400,140000,281400,140000,0,0,0,141400,16479,0.0165
distribute_parallel_for_collapse_100_200_800,100,800,0,1600,1604800,482401,800,1440000,640000,481600,160000,321600,160000,0,0,0,161600,5264,0.0053
distribute_parallel_for_collapse_100_200_900,100,900,0,1800,1805400,542701,900,1600000,720000,541800,180000,361800,180000,0,0,0,181800,6014,0.0060
distribute_parallel_for_collapse_100_300_100,100,100,0,200,300600,90301,100,480000,80000,90200,30000,60200,30000,0,0,0,30200,2120,0.0021
distribute_parallel_for_collapse_100_300_200,100,200,0,400,601200,180601,200,720000,160000,180400,60000,120400,60000,0,0,0,60400,2308,0.0023
distribute_parallel_for_collapse_100_300_300,100,300,0,600,901800,270901,300,960000,240000,270600,90000,180600,90000,0,0,0,90600,4280,0.0043
distribute_parallel_for_collapse_100_300_400,100,400,0,800,1202400,361201,400,1200000,320000,360800,120000,240800,120000,0,0,0,120800,4363,0.0044
distribute_parallel_for_collapse_100_300_500,100,500,0,1000,1503000,451501,500,1440000,400000,451000,150000,301000,150000,0,0,0,151000,4640,0.0046
distribute_parallel_for_collapse_100_300_600,100,600,0,1200,1803600,541801,600,1680000,480000,541200,180000,361200,180000,0,0,0,181200,6378,0.0064
distribute_parallel_for_collapse_100_300_700,100,700,0,1400,2104200,632101,700,1920000,560000,631400,210000,421400,210000,0,0,0,211400,6068,0.0061
distribute_parallel_for_collapse_100_300_800,100,800,0,1600,2404800,722401,800,2160000,640000,721600,240000,481600,240000,0,0,0,241600,7114,0.0071
distribute_parallel_for_collapse_100_300_900,100,900,0,1800,2705400,812701,900,2400000,720000,811800,270000,541800,270000,0,0,0,271800,7585,0.0076
distribute_parallel_for_collapse_100_400_100,100,100,0,200,400600,120301,100,640000,80000,120200,40000,80200,40000,0,0,0,40200,2373,0.0024
distribute_parallel_for_collapse_100_400_200,100,200,0,400,801200,240601,200,960000,160000,240400,80000,160400,80000,0,0,0,80400,3370,0.0034
distribute_parallel_for_collapse_100_400_300,100,300,0,600,1201800,360901,300,1280000,240000,360600,120000,240600,120000,0,0,0,120600,5144,0.0051
distribute_parallel_for_collapse_100_400_400,100,400,0,800,1602400,481201,400,1600000,320000,480800,160000,320800,160000,0,0,0,160800,5622,0.0056
distribute_parallel_for_collapse_100_400_500,100,500,0,1000,2003000,601501,500,1920000,400000,601000,200000,401000,200000,0,0,0,201000,5686,0.0057
distribute_parallel_for_collapse_100_400_600,100,600,0,1200,2403600,721801,600,2240000,480000,721200,240000,481200,240000,0,0,0,241200,7190,0.0072
distribute_parallel_for_collapse_100_400_700,100,700,0,1400,2804200,842101,700,2560000,560000,841400,280000,561400,280000,0,0,0,281400,8482,0.0085
distribute_parallel_for_collapse_100_400_800,100,800,0,1600,3204800,962401,800,2880000,640000,961600,320000,641600,320000,0,0,0,321600,9224,0.0092
distribute_parallel_for_collapse_100_400_900,100,900,0,1800,3605400,1082701,900,3200000,720000,1081800,360000,721800,360000,0,0,0,361800,10499,0.0105
distribute_parallel_for_collapse_100_500_100,100,100,0,200,500600,150301,100,800000,80000,150200,50000,100200,50000,0,0,0,50200,2899,0.0029
distribute_parallel_for_collapse_100_500_200,100,200,0,400,1001200,300601,200,1200000,160000,300400,100000,200400,100000,0,0,0,100400,3731,0.0037
distribute_parallel_for_collapse_100_500_300,100,300,0,600,1501800,450901,300,1600000,240000,450600,150000,300600,150000,0,0,0,150600,6041,0.0060
distribute_parallel_for_collapse_100_500_400,100,400,0,800,2002400,601201,400,2000000,320000,600800,200000,400800,200000,0,0,0,200800,6504,0.0065
distribute_parallel_for_collapse_100_500_500,100,500,0,1000,2503000,751501,500,2400000,400000,751000,250000,501000,250000,0,0,0,251000,6754,0.0068
distribute_parallel_for_collapse_100_500_600,100,600,0,1200,3003600,901801,600,2800000,480000,901200,300000,601200,300000,0,0,0,301200,8626,0.0086
distribute_parallel_for_collapse_100_500_700,100,700,0,1400,3504200,1052101,700,3200000,560000,1051400,350000,701400,350000,0,0,0,351400,9255,0.0093
distribute_parallel_for_collapse_100_500_800,100,800,0,1600,4004800,1202401,800,3600000,640000,1201600,400000,801600,400000,0,0,0,401600,11713,0.0117
distribute_parallel_for_collapse_100_500_900,100,900,0,1800,4505400,1352701,900,4000000,720000,1351800,450000,901800,450000,0,0,0,451800,12101,0.0121
distribute_parallel_for_collapse_100_600_100,100,100,0,200,600600,180301,100,960000,80000,180200,60000,120200,60000,0,0,0,60200,3204,0.0032
distribute_parallel_for_collapse_100_600_200,100,200,0,400,1201200,360601,200,1440000,160000,360400,120000,240400,120000,0,0,0,120400,4212,0.0042
distribute_parallel_for_collapse_100_600_300,100,300,0,600,1801800,540901,300,1920000,240000,540600,180000,360600,180000,0,0,0,180600,6811,0.0068
distribute_parallel_for_collapse_100_600_400,100,400,0,800,2402400,721201,400,2400000,320000,720800,240000,480800,240000,0,0,0,240800,7124,0.0071
distribute_parallel_for_collapse_100_600_500,100,500,0,1000,3003000,901501,500,2880000,400000,901000,300000,601000,300000,0,0,0,301000,7714,0.0077
distribute_parallel_for_collapse_100_600_600,100,600,0,1200,3603600,1081801,600,3360000,480000,1081200,360000,721200,360000,0,0,0,361200,9961,0.0100
distribute_parallel_for_collapse_100_600_700,100,700,0,1400,4204200,1262101,700,3840000,560000,1261400,420000,841400,420000,0,0,0,421400,11065,0.0111
distribute_parallel_for_collapse_100_600_800,100,800,0,1600,4804800,1442401,800,4320000,640000,1441600,480000,961600,480000,0,0,0,481600,13599,0.0136
distribute_parallel_for_collapse_100_600_900,100,900,0,1800,5405400,1622701,900,4800000,720000,1621800,540000,1081800,540000,0,0,0,541800,15088,0.0151
distribute_parallel_for_collapse_100_700_100,100,100,0,200,700600,210301,100,1120000,80000,210200,70000,140200,70000,0,0,0,70200,4193,0.0042
distribute_parallel_for_collapse_100_700_200,100,200,0,400,1401200,420601,200,1680000,160000,420400,140000,280400,140000,0,0,0,140400,4672,0.0047
distribute_parallel_for_collapse_100_700_300,100,300,0,600,2101800,630901,300,2240000,240000,630600,210000,420600,210000,0,0,0,210600,7907,0.0079
distribute_parallel_for_collapse_100_700_400,100,400,0,800,2802400,841201,400,2800000,320000,840800,280000,560800,280000,0,0,0,280800,8063,0.0081
distribute_parallel_for_collapse_100_700_500,100,500,0,1000,3503000,1051501,500,3360000,400000,1051000,350000,701000,350000,0,0,0,351000,8993,0.0090
distribute_parallel_for_collapse_100_700_600,100,600,0,1200,4203600,1261801,600,3920000,480000,1261200,420000,841200,420000,0,0,0,421200,11541,0.0115
distribute_parallel_for_collapse_100_700_700,100,700,0,1400,4904200,1472101,700,4480000,560000,1471400,490000,981400,490000,0,0,0,491400,13125,0.0131
distribute_parallel_for_collapse_100_700_800,100,800,0,1600,5604800,1682401,800,5040000,640000,1681600,560000,1121600,560000,0,0,0,561600,16361,0.0164
distribute_parallel_for_collapse_100_700_900,100,900,0,1800,6305400,1892701,900,5600000,720000,1891800,630000,1261800,630000,0,0,0,631800,16672,0.0167
distribute_parallel_for_collapse_100_800_100,100,100,0,200,800600,240301,100,1280000,80000,240200,80000,160200,80000,0,0,0,80200,4611,0.0046
distribute_parallel_for_collapse_100_800_200,100,200,0,400,1601200,480601,200,1920000,160000,480400,160000,320400,160000,0,0,0,160400,5143,0.0051
distribute_parallel_for_collapse_100_800_300,100,300,0,600,2401800,720901,300,2560000,240000,720600,240000,480600,240000,0,0,0,240600,8474,0.0085
distribute_parallel_for_collapse_100_800_400,100,400,0,800,3202400,961201,400,3200000,320000,960800,320000,640800,320000,0,0,0,320800,11144,0.0111
distribute_parallel_for_collapse_100_800_500,100,500,0,1000,4003000,1201501,500,3840000,400000,1201000,400000,801000,400000,0,0,0,401000,10348,0.0103
distribute_parallel_for_collapse_100_800_600,100,600,0,1200,4803600,1441801,600,4480000,480000,1441200,480000,961200,480000,0,0,0,481200,13420,0.0134
distribute_parallel_for_collapse_100_800_700,100,700,0,1400,5604200,1682101,700,5120000,560000,1681400,560000,1121400,560000,0,0,0,561400,15200,0.0152
distribute_parallel_for_collapse_100_800_800,100,800,0,1600,6404800,1922401,800,5760000,640000,1921600,640000,1281600,640000,0,0,0,641600,17322,0.0173
distribute_parallel_for_collapse_100_800_900,100,900,0,1800,7205400,2162701,900,6400000,720000,2161800,720000,1441800,720000,0,0,0,721800,18222,0.0182
distribute_parallel_for_collapse_100_900_100,100,100,0,200,900600,270301,100,1440000,80000,270200,90000,180200,90000,0,0,0,90200,5004,0.0050
distribute_parallel_for_collapse_100_900_200,100,200,0,400,1801200,540601,200,2160000,160000,540400,180000,360400,180000,0,0,0,180400,5687,0.0057
distribute_parallel_for_collapse_100_900_300,100,300,0,600,2701800,810901,300,2880000,240000,810600,270000,540600,270000,0,0,0,270600,9960,0.0100
distribute_parallel_for_collapse_100_900_400,100,400,0,800,3602400,1081201,400,3600000,320000,1080800,360000,720800,360000,0,0,0,360800,9889,0.0099
distribute_parallel_for_collapse_100_900_500,100,500,0,1000,4503000,1351501,500,4320000,400000,1351000,450000,901000,450000,0,0,0,451000,11485,0.0115
distribute_parallel_for_collapse_100_900_600,100,600,0,1200,5403600,1621801,600,5040000,480000,1621200,540000,1081200,540000,0,0,0,541200,15134,0.0151
distribute_parallel_for_collapse_100_900_700,100,700,0,1400,6304200,1892101,700,5760000,560000,1891400,630000,1261400,630000,0,0,0,631400,16759,0.0168
distribute_parallel_for_collapse_100_900_800,100,800,0,1600,7204800,2162401,800,6480000,640000,2161600,720000,1441600,720000,0,0,0,721600,19932,0.0199
distribute_parallel_for_collapse_100_900_900,100,900,0,1800,8105400,2432701,900,7200000,720000,2431800,810000,1621800,810000,0,0,0,811800,20705,0.0207
distribute_parallel_for_collapse_1050_1050_1050,1050,1050,0,2100,11031300,3310651,1050,17640000,8820000,3309600,1102500,2207100,1102500,0,0,0,1104600,252897,0.2529
distribute_parallel_for_collapse_1050_1050_1100,1050,1100,0,2200,11556600,3468301,1100,18060000,9240000,3467200,1155000,2312200,1155000,0,0,0,1157200,256639,0.2566
distribute_parallel_for_collapse_1050_1050_1150,1050,1150,0,2300,12081900,3625951,1150,18480000,9660000,3624800,1207500,2417300,1207500,0,0,0,1209800,274799,0.2748
distribute_parallel_for_collapse_1050_1050_1200,1050,1200,0,2400,12607200,3783601,1200,18900000,10080000,3782400,1260000,2522400,1260000,0,0,0,1262400,270185,0.2702
distribute_parallel_for_collapse_1050_1050_1250,1050,1250,0,2500,13132500,3941251,1250,19320000,10500000,3940000,1312500,2627500,1312500,0,0,0,1315000,293410,0.2934
distribute_parallel_for_collapse_1050_1050_1300,1050,1300,0,2600,13657800,4098901,1300,19740000,10920000,4097600,1365000,2732600,1365000,0,0,0,1367600,304407,0.3044
distribute_parallel_for_collapse_1050_1050_1350,1050,1350,0,2700,14183100,4256551,1350,20160000,11340000,4255200,1417500,2837700,1417500,0,0,0,1420200,319189,0.3192
distribute_parallel_for_collapse_1050_1050_1400,1050,1400,0,2800,14708400,4414201,1400,20580000,11760000,4412800,1470000,2942800,1470000,0,0,0,1472800,325299,0.3253
distribute_parallel_for_collapse_1050_1050_1450,1050,1450,0,2900,15233700,4571851,1450,21000000,12180000,4570400,1522500,3047900,1522500,0,0,0,1525400,357332,0.3573
distribute_parallel_for_collapse_1050_1050_1500,1050,1500,0,3000,15759000,4729501,1500,21420000,12600000,4728000,1575000,3153000,1575000,0,0,0,1578000,358680,0.3587
distribute_parallel_for_collapse_1050_1050_1550,1050,1550,0,3100,16284300,4887151,1550,21840000,13020000,4885600,1627500,3258100,1627500,0,0,0,1630600,382895,0.3829
distribute_parallel_for_collapse_1050_1050_1600,1050,1600,0,3200,16809600,5044801,1600,22260000,13440000,5043200,1680000,3363200,1680000,0,0,0,1683200,378994,0.3790
distribute_parallel_for_collapse_1050_1050_1650,1050,1650,0,3300,17334900,5202451,1650,22680000,13860000,5200800,1732500,3468300,1732500,0,0,0,1735800,400631,0.4006
distribute_parallel_for_collapse_1050_1050_1700,1050,1700,0,3400,17860200,5360101,1700,23100000,14280000,5358400,1785000,3573400,1785000,0,0,0,1788400,414001,0.4140
distribute_parallel_for_collapse_1050_1050_1750,1050,1750,0,3500,18385500,5517751,1750,23520000,14700000,5516000,1837500,3678500,1837500,0,0,0,1841000,413122,0.4131
distribute_parallel_for_collapse_1050_1050_1800,1050,1800,0,3600,18910800,5675401,1800,23940000,15120000,5673600,1890000,3783600,1890000,0,0,0,1893600,415527,0.4155
distribute_parallel_for_collapse_1050_1050_1850,1050,1850,0,3700,19436100,5833051,1850,24360000,15540000,5831200,1942500,3888700,1942500,0,0,0,1946200,453301,0.4533
distribute_parallel_for_collapse_1050_1050_1900,1050,1900,0,3800,19961400,5990701,1900,24780000,15960000,5988800,1995000,3993800,1995000,0,0,0,1998800,470596,0.4706
distribute_parallel_for_collapse_1050_1050_1950,1050,1950,0,3900,20486700,6148351,1950,25200000,16380000,6146400,2047500,4098900,2047500,0,0,0,2051400,462965,0.4630
distribute_parallel_for_collapse_1050_1050_2000,1050,2000,0,4000,21012000,6306001,2000,25620000,16800000,6304000,2100000,4204000,2100000,0,0,0,2104000,449749,0.4497
distribute_parallel_for_collapse_1050_1100_1050,1050,1050,0,2100,11556300,3468151,1050,18480000,8820000,3467100,1155000,2312100,1155000,0,0,0,1157100,260012,0.2600
distribute_parallel_for_collapse_1050_1100_1100,1050,1100,0,2200,12106600,3633301,1100,18920000,9240000,3632200,1210000,2422200,1210000,0,0,0,1212200,269645,0.2696
distribute_parallel_for_collapse_1050_1100_1150,1050,1150,0,2300,12656900,3798451,1150,19360000,9660000,3797300,1265000,2532300,1265000,0,0,0,1267300,286889,0.2869
distribute_parallel_for_collapse_1050_1100_1200,1050,1200,0,2400,13207200,3963601,1200,19800000,10080000,3962400,1320000,2642400,1320000,0,0,0,1322400,301802,0.3018
distribute_parallel_for_collapse_1050_1100_1250,1050,1250,0,2500,13757500,4128751,1250,20240000,10500000,4127500,1375000,2752500,1375000,0,0,0,1377500,307311,0.3073
distribute_parallel_for_collapse_1050_1100_1300,1050,1300,0,2600,14307800,4293901,1300,20680000,10920000,4292600,1430000,2862600,1430000,0,0,0,1432600,318646,0.3186
distribute_parallel_for_collapse_1050_1100_1350,1050,1350,0,2700,14858100,4459051,1350,21120000,11340000,4457700,1485000,2972700,1485000,0,0,0,1487700,331836,0.3318
distribute_parallel_for_collapse_1050_1100_1400,1050,1400,0,2800,15408400,4624201,1400,21560000,11760000,4622800,1540000,3082800,1540000,0,0,0,1542800,338001,0.3380
distribute_parallel_for_collapse_1050_1100_1450,1050,1450,0,2900,15958700,4789351,1450,22000000,12180000,4787900,1595000,3192900,1595000,0,0,0,1597900,361183,0.3612
distribute_parallel_for_collapse_1050_1100_1500,1050,1500,0,3000,16509000,4954501,1500,22440000,12600000,4953000,1650000,3303000,1650000,0,0,0,1653000,368057,0.3681
distribute_parallel_for_collapse_1050_1100_1550,1050,1550,0,3100,17059300,5119651,1550,22880000,13020000,5118100,1705000,3413100,1705000,0,0,0,1708100,386711,0.3867
distribute_parallel_for_collapse_1050_1100_1600,1050,1600,0,3200,17609600,5284801,1600,23320000,13440000,5283200,1760000,3523200,1760000,0,0,0,1763200,375910,0.3759
distribute_parallel_for_collapse_1050_1100_1650,1050,1650,0,3300,18159900,5449951,1650,23760000,13860000,5448300,1815000,3633300,1815000,0,0,0,1818300,408904,0.4089
distribute_parallel_for_collapse_1050_1100_1700,1050,1700,0,3400,18710200,5615101,1700,24200000,14280000,5613400,1870000,3743400,1870000,0,0,0,1873400,415321,0.4153
distribute_parallel_for_collapse_1050_1100_1750,1050,1750,0,3500,19260500,5780251,1750,24640000,14700000,5778500,1925000,3853500,1925000,0,0,0,1928500,430283,0.4303
distribute_parallel_for_collapse_1050_1100_1800,1050,1800,0,3600,19810800,5945401,1800,25080000,15120000,5943600,1980000,3963600,1980000,0,0,0,1983600,432830,0.4328
distribute_parallel_for_collapse_1050_1100_1850,1050,1850,0,3700,20361100,6110551,1850,25520000,15540000,6108700,2035000,4073700,2035000,0,0,0,2038700,485651,0.4857
distribute_parallel_for_collapse_1050_1100_1900,1050,1900,0,3800,20911400,6275701,1900,25960000,15960000,6273800,2090000,4183800,2090000,0,0,0,2093800,466020,0.4660
distribute_parallel_for_collapse_1050_1100_1950,1050,1950,0,3900,21461700,6440851,1950,26400000,16380000,6438900,2145000,4293900,2145000,0,0,0,2148900,481046,0.4810
distribute_parallel_for_collapse_1050_1100_2000,1050,2000,0,4000,22012000,6606001,2000,26840000,16800000,6604000,2200000,4404000,2200000,0,0,0,2204000,475754,0.4758
distribute_parallel_for_collapse_1050_1150_1050,1050,1050,0,2100,12081300,3625651,1050,19320000,8820000,3624600,1207500,2417100,1207500,0,0,0,1209600,271461,0.2715
distribute_parallel_for_collapse_1050_1150_1100,1050,1100,0,2200,12656600,3798301,1100,19780000,9240000,3797200,1265000,2532200,1265000,0,0,0,1267200,281433,0.2814
distribute_parallel_for_collapse_1050_1150_1150,1050,1150,0,2300,13231900,3970951,1150,20240000,9660000,3969800,1322500,2647300,1322500,0,0,0,1324800,297372,0.2974
distribute_parallel_for_collapse_1050_1150_1200,1050,1200,0,2400,13807200,4143601,1200,20700000,10080000,4142400,1380000,2762400,1380000,0,0,0,1382400,314231,0.3142
distribute_parallel_for_collapse_1050_1150_1250,1050,1250,0,2500,14382500,4316251,1250,21160000,10500000,4315000,1437500,2877500,1437500,0,0,0,1440000,341067,0.3411
distribute_parallel_for_collapse_1050_1150_1300,1050,1300,0,2600,14957800,4488901,1300,21620000,10920000,4487600,1495000,2992600,1495000,0,0,0,1497600,332877,0.3329
distribute_parallel_for_collapse_1050_1150_1350,1050,1350,0,2700,15533100,4661551,1350,22080000,11340000,4660200,1552500,3107700,1552500,0,0,0,1555200,352502,0.3525
distribute_parallel_for_collapse_1050_1150_1400,1050,1400,0,2800,16108400,4834201,1400,22540000,11760000,4832800,1610000,3222800,1610000,0,0,0,1612800,353262,0.3533
distribute_parallel_for_collapse_1050_1150_1450,1050,1450,0,2900,16683700,5006851,1450,23000000,12180000,5005400,1667500,3337900,1667500,0,0,0,1670400,373768,0.3738
distribute_parallel_for_collapse_1050_1150_1500,1050,1500,0,3000,17259000,5179501,1500,23460000,12600000,5178000,1725000,3453000,1725000,0,0,0,1728000,382807,0.3828
distribute_parallel_for_collapse_1050_1150_1550,1050,1550,0,3100,17834300,5352151,1550,23920000,13020000,5350600,1782500,3568100,1782500,0,0,0,1785600,401053,0.4011
distribute_parallel_for_collapse_1050_1150_1600,1050,1600,0,3200,18409600,5524801,1600,24380000,13440000,5523200,1840000,3683200,1840000,0,0,0,1843200,393572,0.3936
distribute_parallel_for_collapse_1050_1150_1650,1050,1650,0,3300,18984900,5697451,1650,24840000,13860000,5695800,1897500,3798300,1897500,0,0,0,1900800,427349,0.4273
distribute_parallel_for_collapse_1050_1150_1700,1050,1700,0,3400,19560200,5870101,1700,25300000,14280000,5868400,1955000,3913400,1955000,0,0,0,1958400,434749,0.4347
distribute_parallel_for_collapse_1050_1150_1750,1050,1750,0,3500,20135500,6042751,1750,25760000,14700000,6041000,2012500,4028500,2012500,0,0,0,2016000,451412,0.4514
distribute_parallel_for_collapse_1050_1150_1800,1050,1800,0,3600,20710800,6215401,1800,26220000,15120000,6213600,2070000,4143600,2070000,0,0,0,2073600,455222,0.4552
distribute_parallel_for_collapse_1050_1150_1850,1050,1850,0,3700,21286100,6388051,1850,26680000,15540000,6386200,2127500,4258700,2127500,0,0,0,2131200,477389,0.4774
distribute_parallel_for_collapse_1050_1150_1900,1050,1900,0,3800,21861400,6560701,1900,27140000,15960000,6558800,2185000,4373800,2185000,0,0,0,2188800,485639,0.4856
distribute_parallel_for_collapse_1050_1150_1950,1050,1950,0,3900,22436700,6733351,1950,27600000,16380000,6731400,2242500,4488900,2242500,0,0,0,2246400,502487,0.5025
distribute_parallel_for_collapse_1050_1150_2000,1050,2000,0,4000,23012000,6906001,2000,28060000,16800000,6904000,2300000,4604000,2300000,0,0,0,2304000,492790,0.4928
distribute_parallel_for_collapse_1050_1200_1050,1050,1050,0,2100,12606300,3783151,1050,20160000,8820000,3782100,1260000,2522100,1260000,0,0,0,1262100,281979,0.2820
distribute_parallel_for_collapse_1050_1200_1100,1050,1100,0,2200,13206600,3963301,1100,20640000,9240000,3962200,1320000,2642200,1320000,0,0,0,1322200,293438,0.2934
distribute_parallel_for_collapse_1050_1200_1150,1050,1150,0,2300,13806900,4143451,1150,21120000,9660000,4142300,1380000,2762300,1380000,0,0,0,1382300,322655,0.3227
distribute_parallel_for_collapse_1050_1200_1200,1050,1200,0,2400,14407200,4323601,1200,21600000,10080000,4322400,1440000,2882400,1440000,0,0,0,1442400,307909,0.3079
distribute_parallel_for_collapse_1050_1200_1250,1050,1250,0,2500,15007500,4503751,1250,22080000,10500000,4502500,1500000,3002500,1500000,0,0,0,1502500,336547,0.3365
distribute_parallel_for_collapse_1050_1200_1300,1050,1300,0,2600,15607800,4683901,1300,22560000,10920000,4682600,1560000,3122600,1560000,0,0,0,1562600,347446,0.3474
distribute_parallel_for_collapse_1050_1200_1350,1050,1350,0,2700,16208100,4864051,1350,23040000,11340000,4862700,1620000,3242700,1620000,0,0,0,1622700,362179,0.3622
distribute_parallel_for_collapse_1050_1200_1400,1050,1400,0,2800,16808400,5044201,1400,23520000,11760000,5042800,1680000,3362800,1680000,0,0,0,1682800,370163,0.3702
distribute_parallel_for_collapse_1050_1200_1450,1050,1450,0,2900,17408700,5224351,1450,24000000,12180000,5222900,1740000,3482900,1740000,0,0,0,1742900,422782,0.4228
distribute_parallel_for_collapse_1050_1200_1500,1050,1500,0,3000,18009000,5404501,1500,24480000,12600000,5403000,1800000,3603000,1800000,0,0,0,1803000,399249,0.3992
distribute_parallel_for_collapse_1050_1200_1550,1050,1550,0,3100,18609300,5584651,1550,24960000,13020000,5583100,1860000,3723100,1860000,0,0,0,1863100,419235,0.4192
distribute_parallel_for_collapse_1050_1200_1600,1050,1600,0,3200,19209600,5764801,1600,25440000,13440000,5763200,1920000,3843200,1920000,0,0,0,1923200,412191,0.4122
distribute_parallel_for_collapse_1050_1200_1650,1050,1650,0,3300,19809900,5944951,1650,25920000,13860000,5943300,1980000,3963300,1980000,0,0,0,1983300,445226,0.4452
distribute_parallel_for_collapse_1050_1200_1700,1050,1700,0,3400,20410200,6125101,1700,26400000,14280000,6123400,2040000,4083400,2040000,0,0,0,2043400,469306,0.4693
distribute_parallel_for_collapse_1050_1200_1750,1050,1750,0,3500,21010500,6305251,1750,26880000,14700000,6303500,2100000,4203500,2100000,0,0,0,2103500,469523,0.4695
distribute_parallel_for_collapse_1050_1200_1800,1050,1800,0,3600,21610800,6485401,1800,27360000,15120000,6483600,2160000,4323600,2160000,0,0,0,2163600,474034,0.4740
distribute_parallel_for_collapse_1050_1200_1850,1050,1850,0,3700,22211100,6665551,1850,27840000,15540000,6663700,2220000,4443700,2220000,0,0,0,2223700,497249,0.4972
distribute_parallel_for_collapse_1050_1200_1900,1050,1900,0,3800,22811400,6845701,1900,28320000,15960000,6843800,2280000,4563800,2280000,0,0,0,2283800,506514,0.5065
distribute_parallel_for_collapse_1050_1200_1950,1050,1950,0,3900,23411700,7025851,1950,28800000,16380000,7023900,2340000,4683900,2340000,0,0,0,2343900,526044,0.5260
distribute_parallel_for_collapse_1050_1200_2000,1050,2000,0,4000,24012000,7206001,2000,29280000,16800000,7204000,2400000,4804000,2400000,0,0,0,2404000,514893,0.5149
distribute_parallel_for_collapse_1050_1250_1050,1050,1050,0,2100,13131300,3940651,1050,21000000,8820000,3939600,1312500,2627100,1312500,0,0,0,1314600,295822,0.2958
distribute_parallel_for_collapse_1050_1250_1100,1050,1100,0,2200,13756600,4128301,1100,21500000,9240000,4127200,1375000,2752200,1375000,0,0,0,1377200,306570,0.3066
distribute_parallel_for_collapse_1050_1250_1150,1050,1150,0,2300,14381900,4315951,1150,22000000,9660000,4314800,1437500,2877300,1437500,0,0,0,1439800,321959,0.3220
distribute_parallel_for_collapse_1050_1250_1200,1050,1200,0,2400,15007200,4503601,1200,22500000,10080000,4502400,1500000,3002400,1500000,0,0,0,1502400,331089,0.3311
distribute_parallel_for_collapse_1050_1250_1250,1050,1250,0,2500,15632500,4691251,1250,23000000,10500000,4690000,1562500,3127500,1562500,0,0,0,1565000,351632,0.3516
distribute_parallel_for_collapse_1050_1250_1300,1050,1300,0,2600,16257800,4878901,1300,23500000,10920000,4877600,1625000,3252600,1625000,0,0,0,1627600,370984,0.3710
distribute_parallel_for_collapse_1050_1250_1350,1050,1350,0,2700,16883100,5066551,1350,24000000,11340000,5065200,1687500,3377700,1687500,0,0,0,1690200,387062,0.3871
distribute_parallel_for_collapse_1050_1250_1400,1050,1400,0,2800,17508400,5254201,1400,24500000,11760000,5252800,1750000,3502800,1750000,0,0,0,1752800,401365,0.4014
distribute_parallel_for_collapse_1050_1250_1450,1050,1450,0,2900,18133700,5441851,1450,25000000,12180000,5440400,1812500,3627900,1812500,0,0,0,1815400,410515,0.4105
distribute_parallel_for_collapse_1050_1250_1500,1050,1500,0,3000,18759000,5629501,1500,25500000,12600000,5628000,1875000,3753000,1875000,0,0,0,1878000,417763,0.4178
distribute_parallel_for_collapse_1050_1250_1550,1050,1550,0,3100,19384300,5817151,1550,26000000,13020000,5815600,1937500,3878100,1937500,0,0,0,1940600,447174,0.4472
distribute_parallel_for_collapse_1050_1250_1600,1050,1600,0,3200,20009600,6004801,1600,26500000,13440000,6003200,2000000,4003200,2000000,0,0,0,2003200,429653,0.4297
distribute_parallel_for_collapse_1050_1250_1650,1050,1650,0,3300,20634900,6192451,1650,27000000,13860000,6190800,2062500,4128300,2062500,0,0,0,2065800,527835,0.5278
distribute_parallel_for_collapse_1050_1250_1700,1050,1700,0,3400,21260200,6380101,1700,27500000,14280000,6378400,2125000,4253400,2125000,0,0,0,2128400,470154,0.4702
distribute_parallel_for_collapse_1050_1250_1750,1050,1750,0,3500,21885500,6567751,1750,28000000,14700000,6566000,2187500,4378500,2187500,0,0,0,2191000,489076,0.4891
distribute_parallel_for_collapse_1050_1250_1800,1050,1800,0,3600,22510800,6755401,1800,28500000,15120000,6753600,2250000,4503600,2250000,0,0,0,2253600,492448,0.4924
distribute_parallel_for_collapse_1050_1250_1850,1050,1850,0,3700,23136100,6943051,1850,29000000,15540000,6941200,2312500,4628700,2312500,0,0,0,2316200,516820,0.5168
distribute_parallel_for_collapse_1050_1250_1900,1050,1900,0,3800,23761400,7130701,1900,29500000,15960000,7128800,2375000,4753800,2375000,0,0,0,2378800,528627,0.5286
distribute_parallel_for_collapse_1050_1250_1950,1050,1950,0,3900,24386700,7318351,1950,30000000,16380000,7316400,2437500,4878900,2437500,0,0,0,2441400,547795,0.5478
distribute_parallel_for_collapse_1050_1250_2000,1050,2000,0,4000,25012000,7506001,2000,30500000,16800000,7504000,2500000,5004000,2500000,0,0,0,2504000,560287,0.5603
distribute_parallel_for_collapse_1050_1300_1050,1050,1050,0,2100,13656300,4098151,1050,21840000,8820000,4097100,1365000,2732100,1365000,0,0,0,1367100,322176,0.3222
distribute_parallel_for_collapse_1050_1300_1100,1050,1100,0,2200,14306600,4293301,1100,22360000,9240000,4292200,1430000,2862200,1430000,0,0,0,1432200,318899,0.3189
distribute_parallel_for_collapse_1050_1300_1150,1050,1150,0,2300,14956900,4488451,1150,22880000,9660000,4487300,1495000,2992300,1495000,0,0,0,1497300,334343,0.3343
distribute_parallel_for_collapse_1050_1300_1200,1050,1200,0,2400,15607200,4683601,1200,23400000,10080000,4682400,1560000,3122400,1560000,0,0,0,1562400,339089,0.3391
distribute_parallel_for_collapse_1050_1300_1250,1050,1250,0,2500,16257500,4878751,1250,23920000,10500000,4877500,1625000,3252500,1625000,0,0,0,1627500,363901,0.3639
distribute_parallel_for_collapse_1050_1300_1300,1050,1300,0,2600,16907800,5073901,1300,24440000,10920000,5072600,1690000,3382600,1690000,0,0,0,1692600,399686,0.3997
distribute_parallel_for_collapse_1050_1300_1350,1050,1350,0,2700,17558100,5269051,1350,24960000,11340000,5267700,1755000,3512700,1755000,0,0,0,1757700,394732,0.3947
distribute_parallel_for_collapse_1050_1300_1400,1050,1400,0,2800,18208400,5464201,1400,25480000,11760000,5462800,1820000,3642800,1820000,0,0,0,1822800,400619,0.4006
distribute_parallel_for_collapse_1050_1300_1450,1050,1450,0,2900,18858700,5659351,1450,26000000,12180000,5657900,1885000,3772900,1885000,0,0,0,1887900,422008,0.4220
distribute_parallel_for_collapse_1050_1300_1500,1050,1500,0,3000,19509000,5854501,1500,26520000,12600000,5853000,1950000,3903000,1950000,0,0,0,1953000,431879,0.4319
distribute_parallel_for_collapse_1050_1300_1550,1050,1550,0,3100,20159300,6049651,1550,27040000,13020000,6048100,2015000,4033100,2015000,0,0,0,2018100,458535,0.4585
distribute_parallel_for_collapse_1050_1300_1600,1050,1600,0,3200,20809600,6244801,1600,27560000,13440000,6243200,2080000,4163200,2080000,0,0,0,2083200,442241,0.4422
distribute_parallel_for_collapse_1050_1300_1650,1050,1650,0,3300,21459900,6439951,1650,28080000,13860000,6438300,2145000,4293300,2145000,0,0,0,2148300,479375,0.4794
distribute_parallel_for_collapse_1050_1300_1700,1050,1700,0,3400,22110200,6635101,1700,28600000,14280000,6633400,2210000,4423400,2210000,0,0,0,2213400,493152,0.4932
distribute_parallel_for_collapse_1050_1300_1750,1050,1750,0,3500,22760500,6830251,1750,29120000,14700000,6828500,2275000,4553500,2275000,0,0,0,2278500,511378,0.5114
distribute_parallel_for_collapse_1050_1300_1800,1050,1800,0,3600,23410800,7025401,1800,29640000,15120000,7023600,2340000,4683600,2340000,0,0,0,2343600,546200,0.5462
distribute_parallel_for_collapse_1050_1300_1850,1050,1850,0,3700,24061100,7220551,1850,30160000,15540000,7218700,2405000,4813700,2405000,0,0,0,2408700,541181,0.5412
distribute_parallel_for_collapse_1050_1300_1900,1050,1900,0,3800,24711400,7415701,1900,30680000,15960000,7413800,2470000,4943800,2470000,0,0,0,2473800,547835,0.5478
distribute_parallel_for_collapse_1050_1300_1950,1050,1950,0,3900,25361700,7610851,1950,31200000,16380000,7608900,2535000,5073900,2535000,0,0,0,2538900,567062,0.5671
distribute_parallel_for_collapse_1050_1300_2000,1050,2000,0,4000,26012000,7806001,2000,31720000,16800000,7804000,2600000,5204000,2600000,0,0,0,2604000,556922,0.5569
distribute_parallel_for_collapse_1050_1350_1050,1050,1050,0,2100,14181300,4255651,1050,22680000,8820000,4254600,1417500,2837100,1417500,0,0,0,1419600,319400,0.3194
distribute_parallel_for_collapse_1050_1350_1100,1050,1100,0,2200,14856600,4458301,1100,23220000,9240000,4457200,1485000,2972200,1485000,0,0,0,1487200,330189,0.3302
distribute_parallel_for_collapse_1050_1350_1150,1050,1150,0,2300,15531900,4660951,1150,23760000,9660000,4659800,1552500,3107300,1552500,0,0,0,1554800,348058,0.3481
distribute_parallel_for_collapse_1050_1350_1200,1050,1200,0,2400,16207200,4863601,1200,24300000,10080000,4862400,1620000,3242400,1620000,0,0,0,1622400,348908,0.3489
distribute_parallel_for_collapse_1050_1350_1250,1050,1250,0,2500,16882500,5066251,1250,24840000,10500000,5065000,1687500,3377500,1687500,0,0,0,1690000,377261,0.3773
distribute_parallel_for_collapse_1050_1350_1300,1050,1300,0,2600,17557800,5268901,1300,25380000,10920000,5267600,1755000,3512600,1755000,0,0,0,1757600,392460,0.3925
distribute_parallel_for_collapse_1050_1350_1350,1050,1350,0,2700,18233100,5471551,1350,25920000,11340000,5470200,1822500,3647700,1822500,0,0,0,1825200,407887,0.4079
distribute_parallel_for_collapse_1050_1350_1400,1050,1400,0,2800,18908400,5674201,1400,26460000,11760000,5672800,1890000,3782800,1890000,0,0,0,1892800,415782,0.4158
distribute_parallel_for_collapse_1050_1350_1450,1050,1450,0,2900,19583700,5876851,1450,27000000,12180000,5875400,1957500,3917900,1957500,0,0,0,1960400,438616,0.4386
distribute_parallel_for_collapse_1050_1350_1500,1050,1500,0,3000,20259000,6079501,1500,27540000,12600000,6078000,2025000,4053000,2025000,0,0,0,2028000,475284,0.4753
distribute_parallel_for_collapse_1050_1350_1550,1050,1550,0,3100,20934300,6282151,1550,28080000,13020000,6280600,2092500,4188100,2092500,0,0,0,2095600,482244,0.4822
distribute_parallel_for_collapse_1050_1350_1600,1050,1600,0,3200,21609600,6484801,1600,28620000,13440000,6483200,2160000,4323200,2160000,0,0,0,2163200,464799,0.4648
distribute_parallel_for_collapse_1050_1350_1650,1050,1650,0,3300,22284900,6687451,1650,29160000,13860000,6685800,2227500,4458300,2227500,0,0,0,2230800,513609,0.5136
distribute_parallel_for_collapse_1050_1350_1700,1050,1700,0,3400,22960200,6890101,1700,29700000,14280000,6888400,2295000,4593400,2295000,0,0,0,2298400,510151,0.5102
distribute_parallel_for_collapse_1050_1350_1750,1050,1750,0,3500,23635500,7092751,1750,30240000,14700000,7091000,2362500,4728500,2362500,0,0,0,2366000,527415,0.5274
distribute_parallel_for_collapse_1050_1350_1800,1050,1800,0,3600,24310800,7295401,1800,30780000,15120000,7293600,2430000,4863600,2430000,0,0,0,2433600,534037,0.5340
distribute_parallel_for_collapse_1050_1350_1850,1050,1850,0,3700,24986100,7498051,1850,31320000,15540000,7496200,2497500,4998700,2497500,0,0,0,2501200,558278,0.5583
distribute_parallel_for_collapse_1050_1350_1900,1050,1900,0,3800,25661400,7700701,1900,31860000,15960000,7698800,2565000,5133800,2565000,0,0,0,2568800,580027,0.5800
distribute_parallel_for_collapse_1050_1350_1950,1050,1950,0,3900,26336700,7903351,1950,32400000,16380000,7901400,2632500,5268900,2632500,0,0,0,2636400,588225,0.5882
distribute_parallel_for_collapse_1050_1350_2000,1050,2000,0,4000,27012000,8106001,2000,32940000,16800000,8104000,2700000,5404000,2700000,0,0,0,2704000,578728,0.5787
distribute_parallel_for_collapse_1050_1400_1050,1050,1050,0,2100,14706300,4413151,1050,23520000,8820000,4412100,1470000,2942100,1470000,0,0,0,1472100,330010,0.3300
distribute_parallel_for_collapse_1050_1400_1100,1050,1100,0,2200,15406600,4623301,1100,24080000,9240000,4622200,1540000,3082200,1540000,0,0,0,1542200,343271,0.3433
distribute_parallel_for_collapse_1050_1400_1150,1050,1150,0,2300,16106900,4833451,1150,24640000,9660000,4832300,1610000,3222300,1610000,0,0,0,1612300,361529,0.3615
distribute_parallel_for_collapse_1050_1400_1200,1050,1200,0,2400,16807200,5043601,1200,25200000,10080000,5042400,1680000,3362400,1680000,0,0,0,1682400,361996,0.3620
distribute_parallel_for_collapse_1050_1400_1250,1050,1250,0,2500,17507500,5253751,1250,25760000,10500000,5252500,1750000,3502500,1750000,0,0,0,1752500,392322,0.3923
distribute_parallel_for_collapse_1050_1400_1300,1050,1300,0,2600,18207800,5463901,1300,26320000,10920000,5462600,1820000,3642600,1820000,0,0,0,1822600,403964,0.4040
distribute_parallel_for_collapse_1050_1400_1350,1050,1350,0,2700,18908100,5674051,1350,26880000,11340000,5672700,1890000,3782700,1890000,0,0,0,1892700,421929,0.4219
distribute_parallel_for_collapse_1050_1400_1400,1050,1400,0,2800,19608400,5884201,1400,27440000,11760000,5882800,1960000,3922800,1960000,0,0,0,1962800,429413,0.4294
distribute_parallel_for_collapse_1050_1400_1450,1050,1450,0,2900,20308700,6094351,1450,28000000,12180000,6092900,2030000,4062900,2030000,0,0,0,2032900,456481,0.4565
distribute_parallel_for_collapse_1050_1400_1500,1050,1500,0,3000,21009000,6304501,1500,28560000,12600000,6303000,2100000,4203000,2100000,0,0,0,2103000,464908,0.4649
distribute_parallel_for_collapse_1050_1400_1550,1050,1550,0,3100,21709300,6514651,1550,29120000,13020000,6513100,2170000,4343100,2170000,0,0,0,2173100,486005,0.4860
distribute_parallel_for_collapse_1050_1400_1600,1050,1600,0,3200,22409600,6724801,1600,29680000,13440000,6723200,2240000,4483200,2240000,0,0,0,2243200,492641,0.4926
distribute_parallel_for_collapse_1050_1400_1650,1050,1650,0,3300,23109900,6934951,1650,30240000,13860000,6933300,2310000,4623300,2310000,0,0,0,2313300,519124,0.5191
distribute_parallel_for_collapse_1050_1400_1700,1050,1700,0,3400,23810200,7145101,1700,30800000,14280000,7143400,2380000,4763400,2380000,0,0,0,2383400,530106,0.5301
distribute_parallel_for_collapse_1050_1400_1750,1050,1750,0,3500,24510500,7355251,1750,31360000,14700000,7353500,2450000,4903500,2450000,0,0,0,2453500,569878,0.5699
distribute_parallel_for_collapse_1050_1400_1800,1050,1800,0,3600,25210800,7565401,1800,31920000,15120000,7563600,2520000,5043600,2520000,0,0,0,2523600,568053,0.5681
distribute_parallel_for_collapse_1050_1400_1850,1050,1850,0,3700,25911100,7775551,1850,32480000,15540000,7773700,2590000,5183700,2590000,0,0,0,2593700,600522,0.6005
distribute_parallel_for_collapse_1050_1400_1900,1050,1900,0,3800,26611400,7985701,1900,33040000,15960000,7983800,2660000,5323800,2660000,0,0,0,2663800,610083,0.6101
distribute_parallel_for_collapse_1050_1400_1950,1050,1950,0,3900,27311700,8195851,1950,33600000,16380000,8193900,2730000,5463900,2730000,0,0,0,2733900,623634,0.6236
distribute_parallel_for_collapse_1050_1400_2000,1050,2000,0,4000,28012000,8406001,2000,34160000,16800000,8404000,2800000,5604000,2800000,0,0,0,2804000,628973,0.6290
distribute_parallel_for_collapse_1050_1450_1050,1050,1050,0,2100,15231300,4570651,1050,24360000,8820000,4569600,1522500,3047100,1522500,0,0,0,1524600,366415,0.3664
distribute_parallel_for_collapse_1050_1450_1100,1050,1100,0,2200,15956600,4788301,1100,24940000,9240000,4787200,1595000,3192200,1595000,0,0,0,1597200,389465,0.3895
distribute_parallel_for_collapse_1050_1450_1150,1050,1150,0,2300,16681900,5005951,1150,25520000,9660000,5004800,1667500,3337300,1667500,0,0,0,1669800,395183,0.3952
distribute_parallel_for_collapse_1050_1450_1200,1050,1200,0,2400,17407200,5223601,1200,26100000,10080000,5222400,1740000,3482400,1740000,0,0,0,1742400,380156,0.3802
distribute_parallel_for_collapse_1050_1450_1250,1050,1250,0,2500,18132500,5441251,1250,26680000,10500000,5440000,1812500,3627500,1812500,0,0,0,1815000,406522,0.4065
distribute_parallel_for_collapse_1050_1450_1300,1050,1300,0,2600,18857800,5658901,1300,27260000,10920000,5657600,1885000,3772600,1885000,0,0,0,1887600,421066,0.4211
distribute_parallel_for_collapse_1050_1450_1350,1050,1350,0,2700,19583100,5876551,1350,27840000,11340000,5875200,1957500,3917700,1957500,0,0,0,1960200,440421,0.4404
distribute_parallel_for_collapse_1050_1450_1400,1050,1400,0,2800,20308400,6094201,1400,28420000,11760000,6092800,2030000,4062800,2030000,0,0,0,2032800,443687,0.4437
distribute_parallel_for_collapse_1050_1450_1450,1050,1450,0,2900,21033700,6311851,1450,29000000,12180000,6310400,2102500,4207900,2102500,0,0,0,2105400,470705,0.4707
distribute_parallel_for_collapse_1050_1450_1500,1050,1500,0,3000,21759000,6529501,1500,29580000,12600000,6528000,2175000,4353000,2175000,0,0,0,2178000,490582,0.4906
distribute_parallel_for_collapse_1050_1450_1550,1050,1550,0,3100,22484300,6747151,1550,30160000,13020000,6745600,2247500,4498100,2247500,0,0,0,2250600,506088,0.5061
distribute_parallel_for_collapse_1050_1450_1600,1050,1600,0,3200,23209600,6964801,1600,30740000,13440000,6963200,2320000,4643200,2320000,0,0,0,2323200,495870,0.4959
distribute_parallel_for_collapse_1050_1450_1650,1050,1650,0,3300,23934900,7182451,1650,31320000,13860000,7180800,2392500,4788300,2392500,0,0,0,2395800,538758,0.5388
distribute_parallel_for_collapse_1050_1450_1700,1050,1700,0,3400,24660200,7400101,1700,31900000,14280000,7398400,2465000,4933400,2465000,0,0,0,2468400,547533,0.5475
distribute_parallel_for_collapse_1050_1450_1750,1050,1750,0,3500,25385500,7617751,1750,32480000,14700000,7616000,2537500,5078500,2537500,0,0,0,2541000,570768,0.5708
distribute_parallel_for_collapse_1050_1450_1800,1050,1800,0,3600,26110800,7835401,1800,33060000,15120000,7833600,2610000,5223600,2610000,0,0,0,2613600,592278,0.5923
distribute_parallel_for_collapse_1050_1450_1850,1050,1850,0,3700,26836100,8053051,1850,33640000,15540000,8051200,2682500,5368700,2682500,0,0,0,2686200,599073,0.5991
distribute_parallel_for_collapse_1050_1450_1900,1050,1900,0,3800,27561400,8270701,1900,34220000,15960000,8268800,2755000,5513800,2755000,0,0,0,2758800,610394,0.6104
distribute_parallel_for_collapse_1050_1450_1950,1050,1950,0,3900,28286700,8488351,1950,34800000,16380000,8486400,2827500,5658900,2827500,0,0,0,2831400,634407,0.6344
distribute_parallel_for_collapse_1050_1450_2000,1050,2000,0,4000,29012000,8706001,2000,35380000,16800000,8704000,2900000,5804000,2900000,0,0,0,2904000,622050,0.6220
distribute_parallel_for_collapse_1050_1500_1050,1050,1050,0,2100,15756300,4728151,1050,25200000,8820000,4727100,1575000,3152100,1575000,0,0,0,1577100,352697,0.3527
distribute_parallel_for_collapse_1050_1500_1100,1050,1100,0,2200,16506600,4953301,1100,25800000,9240000,4952200,1650000,3302200,1650000,0,0,0,1652200,371319,0.3713
distribute_parallel_for_collapse_1050_1500_1150,1050,1150,0,2300,17256900,5178451,1150,26400000,9660000,5177300,1725000,3452300,1725000,0,0,0,1727300,385165,0.3852
distribute_parallel_for_collapse_1050_1500_1200,1050,1200,0,2400,18007200,5403601,1200,27000000,10080000,5402400,1800000,3602400,1800000,0,0,0,1802400,384767,0.3848
distribute_parallel_for_collapse_1050_1500_1250,1050,1250,0,2500,18757500,5628751,1250,27600000,10500000,5627500,1875000,3752500,1875000,0,0,0,1877500,435802,0.4358
distribute_parallel_for_collapse_1050_1500_1300,1050,1300,0,2600,19507800,5853901,1300,28200000,10920000,5852600,1950000,3902600,1950000,0,0,0,1952600,432863,0.4329
distribute_parallel_for_collapse_1050_1500_1350,1050,1350,0,2700,20258100,6079051,1350,28800000,11340000,6077700,2025000,4052700,2025000,0,0,0,2027700,452965,0.4530
distribute_parallel_for_collapse_1050_1500_1400,1050,1400,0,2800,21008400,6304201,1400,29400000,11760000,6302800,2100000,4202800,2100000,0,0,0,2102800,475044,0.4750
distribute_parallel_for_collapse_1050_1500_1450,1050,1450,0,2900,21758700,6529351,1450,30000000,12180000,6527900,2175000,4352900,2175000,0,0,0,2177900,495466,0.4955
distribute_parallel_for_collapse_1050_1500_1500,1050,1500,0,3000,22509000,6754501,1500,30600000,12600000,6753000,2250000,4503000,2250000,0,0,0,2253000,517473,0.5175
distribute_parallel_for_collapse_1050_1500_1550,1050,1550,0,3100,23259300,6979651,1550,31200000,13020000,6978100,2325000,4653100,2325000,0,0,0,2328100,519253,0.5193
distribute_parallel_for_collapse_1050_1500_1600,1050,1600,0,3200,24009600,7204801,1600,31800000,13440000,7203200,2400000,4803200,2400000,0,0,0,2403200,512857,0.5129
distribute_parallel_for_collapse_1050_1500_1650,1050,1650,0,3300,24759900,7429951,1650,32400000,13860000,7428300,2475000,4953300,2475000,0,0,0,2478300,554476,0.5545
distribute_parallel_for_collapse_1050_1500_1700,1050,1700,0,3400,25510200,7655101,1700,33000000,14280000,7653400,2550000,5103400,2550000,0,0,0,2553400,565397,0.5654
distribute_parallel_for_collapse_1050_1500_1750,1050,1750,0,3500,26260500,7880251,1750,33600000,14700000,7878500,2625000,5253500,2625000,0,0,0,2628500,587239,0.5872
distribute_parallel_for_collapse_1050_1500_1800,1050,1800,0,3600,27010800,8105401,1800,34200000,15120000,8103600,2700000,5403600,2700000,0,0,0,2703600,618905,0.6189
distribute_parallel_for_collapse_1050_1500_1850,1050,1850,0,3700,27761100,8330551,1850,34800000,15540000,8328700,2775000,5553700,2775000,0,0,0,2778700,619329,0.6193
distribute_parallel_for_collapse_1050_1500_1900,1050,1900,0,3800,28511400,8555701,1900,35400000,15960000,8553800,2850000,5703800,2850000,0,0,0,2853800,633478,0.6335
distribute_parallel_for_collapse_1050_1500_1950,1050,1950,0,3900,29261700,8780851,1950,36000000,16380000,8778900,2925000,5853900,2925000,0,0,0,2928900,654847,0.6548
distribute_parallel_for_collapse_1050_1500_2000,1050,2000,0,4000,30012000,9006001,2000,36600000,16800000,9004000,3000000,6004000,3000000,0,0,0,3004000,642009,0.6420
distribute_parallel_for_collapse_1050_1550_1050,1050,1050,0,2100,16281300,4885651,1050,26040000,8820000,4884600,1627500,3257100,1627500,0,0,0,1629600,365497,0.3655
distribute_parallel_for_collapse_1050_1550_1100,1050,1100,0,2200,17056600,5118301,1100,26660000,9240000,5117200,1705000,3412200,1705000,0,0,0,1707200,398191,0.3982
distribute_parallel_for_collapse_1050_1550_1150,1050,1150,0,2300,17831900,5350951,1150,27280000,9660000,5349800,1782500,3567300,1782500,0,0,0,1784800,402204,0.4022
distribute_parallel_for_collapse_1050_1550_1200,1050,1200,0,2400,18607200,5583601,1200,27900000,10080000,5582400,1860000,3722400,1860000,0,0,0,1862400,398578,0.3986
distribute_parallel_for_collapse_1050_1550_1250,1050,1250,0,2500,19382500,5816251,1250,28520000,10500000,5815000,1937500,3877500,1937500,0,0,0,1940000,434340,0.4343
distribute_parallel_for_collapse_1050_1550_1300,1050,1300,0,2600,20157800,6048901,1300,29140000,10920000,6047600,2015000,4032600,2015000,0,0,0,2017600,446812,0.4468
distribute_parallel_for_collapse_1050_1550_1350,1050,1350,0,2700,20933100,6281551,1350,29760000,11340000,6280200,2092500,4187700,2092500,0,0,0,2095200,468297,0.4683
distribute_parallel_for_collapse_1050_1550_1400,1050,1400,0,2800,21708400,6514201,1400,30380000,11760000,6512800,2170000,4342800,2170000,0,0,0,2172800,476646,0.4766
distribute_parallel_for_collapse_1050_1550_1450,1050,1450,0,2900,22483700,6746851,1450,31000000,12180000,6745400,2247500,4497900,2247500,0,0,0,2250400,505909,0.5059
distribute_parallel_for_collapse_1050_1550_1500,1050,1500,0,3000,23259000,6979501,1500,31620000,12600000,6978000,2325000,4653000,2325000,0,0,0,2328000,517342,0.5173
distribute_parallel_for_collapse_1050_1550_1550,1050,1550,0,3100,24034300,7212151,1550,32240000,13020000,7210600,2402500,4808100,2402500,0,0,0,2405600,536539,0.5365
distribute_parallel_for_collapse_1050_1550_1600,1050,1600,0,3200,24809600,7444801,1600,32860000,13440000,7443200,2480000,4963200,2480000,0,0,0,2483200,529366,0.5294
distribute_parallel_for_collapse_1050_1550_1650,1050,1650,0,3300,25584900,7677451,1650,33480000,13860000,7675800,2557500,5118300,2557500,0,0,0,2560800,606401,0.6064
distribute_parallel_for_collapse_1050_1550_1700,1050,1700,0,3400,26360200,7910101,1700,34100000,14280000,7908400,2635000,5273400,2635000,0,0,0,2638400,590094,0.5901
distribute_parallel_for_collapse_1050_1550_1750,1050,1750,0,3500,27135500,8142751,1750,34720000,14700000,8141000,2712500,5428500,2712500,0,0,0,2716000,630639,0.6306
distribute_parallel_for_collapse_1050_1550_1800,1050,1800,0,3600,27910800,8375401,1800,35340000,15120000,8373600,2790000,5583600,2790000,0,0,0,2793600,611206,0.6112
distribute_parallel_for_collapse_1050_1550_1850,1050,1850,0,3700,28686100,8608051,1850,35960000,15540000,8606200,2867500,5738700,2867500,0,0,0,2871200,643479,0.6435
distribute_parallel_for_collapse_1050_1550_1900,1050,1900,0,3800,29461400,8840701,1900,36580000,15960000,8838800,2945000,5893800,2945000,0,0,0,2948800,675864,0.6759
distribute_parallel_for_collapse_1050_1550_1950,1050,1950,0,3900,30236700,9073351,1950,37200000,16380000,9071400,3022500,6048900,3022500,0,0,0,3026400,678550,0.6785
distribute_parallel_for_collapse_1050_1550_2000,1050,2000,0,4000,31012000,9306001,2000,37820000,16800000,9304000,3100000,6204000,3100000,0,0,0,3104000,691010,0.6910
distribute_parallel_for_collapse_1050_1600_1050,1050,1050,0,2100,16806300,5043151,1050,26880000,8820000,5042100,1680000,3362100,1680000,0,0,0,1682100,400915,0.4009
distribute_parallel_for_collapse_1050_1600_1100,1050,1100,0,2200,17606600,5283301,1100,27520000,9240000,5282200,1760000,3522200,1760000,0,0,0,1762200,392789,0.3928
distribute_parallel_for_collapse_1050_1600_1150,1050,1150,0,2300,18406900,5523451,1150,28160000,9660000,5522300,1840000,3682300,1840000,0,0,0,1842300,424672,0.4247
distribute_parallel_for_collapse_1050_1600_1200,1050,1200,0,2400,19207200,5763601,1200,28800000,10080000,5762400,1920000,3842400,1920000,0,0,0,1922400,449898,0.4499
distribute_parallel_for_collapse_1050_1600_1250,1050,1250,0,2500,20007500,6003751,1250,29440000,10500000,6002500,2000000,4002500,2000000,0,0,0,2002500,449068,0.4491
distribute_parallel_for_collapse_1050_1600_1300,1050,1300,0,2600,20807800,6243901,1300,30080000,10920000,6242600,2080000,4162600,2080000,0,0,0,2082600,463581,0.4636
distribute_parallel_for_collapse_1050_1600_1350,1050,1350,0,2700,21608100,6484051,1350,30720000,11340000,6482700,2160000,4322700,2160000,0,0,0,2162700,499011,0.4990
distribute_parallel_for_collapse_1050_1600_1400,1050,1400,0,2800,22408400,6724201,1400,31360000,11760000,6722800,2240000,4482800,2240000,0,0,0,2242800,493644,0.4936
distribute_parallel_for_collapse_1050_1600_1450,1050,1450,0,2900,23208700,6964351,1450,32000000,12180000,6962900,2320000,4642900,2320000,0,0,0,2322900,521136,0.5211
distribute_parallel_for_collapse_1050_1600_1500,1050,1500,0,3000,24009000,7204501,1500,32640000,12600000,7203000,2400000,4803000,2400000,0,0,0,2403000,532483,0.5325
distribute_parallel_for_collapse_1050_1600_1550,1050,1550,0,3100,24809300,7444651,1550,33280000,13020000,7443100,2480000,4963100,2480000,0,0,0,2483100,556746,0.5567
distribute_parallel_for_collapse_1050_1600_1600,1050,1600,0,3200,25609600,7684801,1600,33920000,13440000,7683200,2560000,5123200,2560000,0,0,0,2563200,546726,0.5467
distribute_parallel_for_collapse_1050_1600_1650,1050,1650,0,3300,26409900,7924951,1650,34560000,13860000,7923300,2640000,5283300,2640000,0,0,0,2643300,589092,0.5891
distribute_parallel_for_collapse_1050_1600_1700,1050,1700,0,3400,27210200,8165101,1700,35200000,14280000,8163400,2720000,5443400,2720000,0,0,0,2723400,603469,0.6035
distribute_parallel_for_collapse_1050_1600_1750,1050,1750,0,3500,28010500,8405251,1750,35840000,14700000,8403500,2800000,5603500,2800000,0,0,0,2803500,626753,0.6268
distribute_parallel_for_collapse_1050_1600_1800,1050,1800,0,3600,28810800,8645401,1800,36480000,15120000,8643600,2880000,5763600,2880000,0,0,0,2883600,644100,0.6441
distribute_parallel_for_collapse_1050_1600_1850,1050,1850,0,3700,29611100,8885551,1850,37120000,15540000,8883700,2960000,5923700,2960000,0,0,0,2963700,660379,0.6604
distribute_parallel_for_collapse_1050_1600_1900,1050,1900,0,3800,30411400,9125701,1900,37760000,15960000,9123800,3040000,6083800,3040000,0,0,0,3043800,673565,0.6736
distribute_parallel_for_collapse_1050_1600_1950,1050,1950,0,3900,31211700,9365851,1950,38400000,16380000,9363900,3120000,6243900,3120000,0,0,0,3123900,714872,0.7149
distribute_parallel_for_collapse_1050_1600_2000,1050,2000,0,4000,32012000,9606001,2000,39040000,16800000,9604000,3200000,6404000,3200000,0,0,0,3204000,728938,0.7289
distribute_parallel_for_collapse_1050_1650_1050,1050,1050,0,2100,17331300,5200651,1050,27720000,8820000,5199600,1732500,3467100,1732500,0,0,0,1734600,398806,0.3988
distribute_parallel_for_collapse_1050_1650_1100,1050,1100,0,2200,18156600,5448301,1100,28380000,9240000,5447200,1815000,3632200,1815000,0,0,0,1817200,406367,0.4064
distribute_parallel_for_collapse_1050_1650_1150,1050,1150,0,2300,18981900,5695951,1150,29040000,9660000,5694800,1897500,3797300,1897500,0,0,0,1899800,427002,0.4270
distribute_parallel_for_collapse_1050_1650_1200,1050,1200,0,2400,19807200,5943601,1200,29700000,10080000,5942400,1980000,3962400,1980000,0,0,0,1982400,425907,0.4259
distribute_parallel_for_collapse_1050_1650_1250,1050,1250,0,2500,20632500,6191251,1250,30360000,10500000,6190000,2062500,4127500,2062500,0,0,0,2065000,463056,0.4631
distribute_parallel_for_collapse_1050_1650_1300,1050,1300,0,2600,21457800,6438901,1300,31020000,10920000,6437600,2145000,4292600,2145000,0,0,0,2147600,476134,0.4761
distribute_parallel_for_collapse_1050_1650_1350,1050,1350,0,2700,22283100,6686551,1350,31680000,11340000,6685200,2227500,4457700,2227500,0,0,0,2230200,499655,0.4997
distribute_parallel_for_collapse_1050_1650_1400,1050,1400,0,2800,23108400,6934201,1400,32340000,11760000,6932800,2310000,4622800,2310000,0,0,0,2312800,507887,0.5079
distribute_parallel_for_collapse_1050_1650_1450,1050,1450,0,2900,23933700,7181851,1450,33000000,12180000,7180400,2392500,4787900,2392500,0,0,0,2395400,536839,0.5368
distribute_parallel_for_collapse_1050_1650_1500,1050,1500,0,3000,24759000,7429501,1500,33660000,12600000,7428000,2475000,4953000,2475000,0,0,0,2478000,548109,0.5481
distribute_parallel_for_collapse_1050_1650_1550,1050,1550,0,3100,25584300,7677151,1550,34320000,13020000,7675600,2557500,5118100,2557500,0,0,0,2560600,571456,0.5715
distribute_parallel_for_collapse_1050_1650_1600,1050,1600,0,3200,26409600,7924801,1600,34980000,13440000,7923200,2640000,5283200,2640000,0,0,0,2643200,564629,0.5646
distribute_parallel_for_collapse_1050_1650_1650,1050,1650,0,3300,27234900,8172451,1650,35640000,13860000,8170800,2722500,5448300,2722500,0,0,0,2725800,622612,0.6226
distribute_parallel_for_collapse_1050_1650_1700,1050,1700,0,3400,28060200,8420101,1700,36300000,14280000,8418400,2805000,5613400,2805000,0,0,0,2808400,623172,0.6232
distribute_parallel_for_collapse_1050_1650_1750,1050,1750,0,3500,28885500,8667751,1750,36960000,14700000,8666000,2887500,5778500,2887500,0,0,0,2891000,647651,0.6477
distribute_parallel_for_collapse_1050_1650_1800,1050,1800,0,3600,29710800,8915401,1800,37620000,15120000,8913600,2970000,5943600,2970000,0,0,0,2973600,649100,0.6491
distribute_parallel_for_collapse_1050_1650_1850,1050,1850,0,3700,30536100,9163051,1850,38280000,15540000,9161200,3052500,6108700,3052500,0,0,0,3056200,682935,0.6829
distribute_parallel_for_collapse_1050_1650_1900,1050,1900,0,3800,31361400,9410701,1900,38940000,15960000,9408800,3135000,6273800,3135000,0,0,0,3138800,693342,0.6933
distribute_parallel_for_collapse_1050_1650_1950,1050,1950,0,3900,32186700,9658351,1950,39600000,16380000,9656400,3217500,6438900,3217500,0,0,0,3221400,721509,0.7215
distribute_parallel_for_collapse_1050_1650_2000,1050,2000,0,4000,33012000,9906001,2000,40260000,16800000,9904000,3300000,6604000,3300000,0,0,0,3304000,738161,0.7382
distribute_parallel_for_collapse_1050_1700_1050,1050,1050,0,2100,17856300,5358151,1050,28560000,8820000,5357100,1785000,3572100,1785000,0,0,0,1787100,400061,0.4001
distribute_parallel_for_collapse_1050_1700_1100,1050,1100,0,2200,18706600,5613301,1100,29240000,9240000,5612200,1870000,3742200,1870000,0,0,0,1872200,415376,0.4154
distribute_parallel_for_collapse_1050_1700_1150,1050,1150,0,2300,19556900,5868451,1150,29920000,9660000,5867300,1955000,3912300,1955000,0,0,0,1957300,438978,0.4390
distribute_parallel_for_collapse_1050_1700_1200,1050,1200,0,2400,20407200,6123601,1200,30600000,10080000,6122400,2040000,4082400,2040000,0,0,0,2042400,435893,0.4359
distribute_parallel_for_collapse_1050_1700_1250,1050,1250,0,2500,21257500,6378751,1250,31280000,10500000,6377500,2125000,4252500,2125000,0,0,0,2127500,478662,0.4787
distribute_parallel_for_collapse_1050_1700_1300,1050,1300,0,2600,22107800,6633901,1300,31960000,10920000,6632600,2210000,4422600,2210000,0,0,0,2212600,490922,0.4909
distribute_parallel_for_collapse_1050_1700_1350,1050,1350,0,2700,22958100,6889051,1350,32640000,11340000,6887700,2295000,4592700,2295000,0,0,0,2297700,514065,0.5141
distribute_parallel_for_collapse_1050_1700_1400,1050,1400,0,2800,23808400,7144201,1400,33320000,11760000,7142800,2380000,4762800,2380000,0,0,0,2382800,555947,0.5559
distribute_parallel_for_collapse_1050_1700_1450,1050,1450,0,2900,24658700,7399351,1450,34000000,12180000,7397900,2465000,4932900,2465000,0,0,0,2467900,560127,0.5601
distribute_parallel_for_collapse_1050_1700_1500,1050,1500,0,3000,25509000,7654501,1500,34680000,12600000,7653000,2550000,5103000,2550000,0,0,0,2553000,574401,0.5744
distribute_parallel_for_collapse_1050_1700_1550,1050,1550,0,3100,26359300,7909651,1550,35360000,13020000,7908100,2635000,5273100,2635000,0,0,0,2638100,589019,0.5890
distribute_parallel_for_collapse_1050_1700_1600,1050,1600,0,3200,27209600,8164801,1600,36040000,13440000,8163200,2720000,5443200,2720000,0,0,0,2723200,580640,0.5806
distribute_parallel_for_collapse_1050_1700_1650,1050,1650,0,3300,28059900,8419951,1650,36720000,13860000,8418300,2805000,5613300,2805000,0,0,0,2808300,629468,0.6295
distribute_parallel_for_collapse_1050_1700_1700,1050,1700,0,3400,28910200,8675101,1700,37400000,14280000,8673400,2890000,5783400,2890000,0,0,0,2893400,644932,0.6449
distribute_parallel_for_collapse_1050_1700_1750,1050,1750,0,3500,29760500,8930251,1750,38080000,14700000,8928500,2975000,5953500,2975000,0,0,0,2978500,694965,0.6950
distribute_parallel_for_collapse_1050_1700_1800,1050,1800,0,3600,30610800,9185401,1800,38760000,15120000,9183600,3060000,6123600,3060000,0,0,0,3063600,672290,0.6723
distribute_parallel_for_collapse_1050_1700_1850,1050,1850,0,3700,31461100,9440551,1850,39440000,15540000,9438700,3145000,6293700,3145000,0,0,0,3148700,709057,0.7091
distribute_parallel_for_collapse_1050_1700_1900,1050,1900,0,3800,32311400,9695701,1900,40120000,15960000,9693800,3230000,6463800,3230000,0,0,0,3233800,721276,0.7213
distribute_parallel_for_collapse_1050_1700_1950,1050,1950,0,3900,33161700,9950851,1950,40800000,16380000,9948900,3315000,6633900,3315000,0,0,0,3318900,786910,0.7869
distribute_parallel_for_collapse_1050_1700_2000,1050,2000,0,4000,34012000,10206001,2000,41480000,16800000,10204000,3400000,6804000,3400000,0,0,0,3404000,727503,0.7275
distribute_parallel_for_collapse_1050_1750_1050,1050,1050,0,2100,18381300,5515651,1050,29400000,8820000,5514600,1837500,3677100,1837500,0,0,0,1839600,410629,0.4106
distribute_parallel_for_collapse_1050_1750_1100,1050,1100,0,2200,19256600,5778301,1100,30100000,9240000,5777200,1925000,3852200,1925000,0,0,0,1927200,427218,0.4272
distribute_parallel_for_collapse_1050_1750_1150,1050,1150,0,2300,20131900,6040951,1150,30800000,9660000,6039800,2012500,4027300,2012500,0,0,0,2014800,451248,0.4512
distribute_parallel_for_collapse_1050_1750_1200,1050,1200,0,2400,21007200,6303601,1200,31500000,10080000,6302400,2100000,4202400,2100000,0,0,0,2102400,450818,0.4508
distribute_parallel_for_collapse_1050_1750_1250,1050,1250,0,2500,21882500,6566251,1250,32200000,10500000,6565000,2187500,4377500,2187500,0,0,0,2190000,490841,0.4908
distribute_parallel_for_collapse_1050_1750_1300,1050,1300,0,2600,22757800,6828901,1300,32900000,10920000,6827600,2275000,4552600,2275000,0,0,0,2277600,503531,0.5035
distribute_parallel_for_collapse_1050_1750_1350,1050,1350,0,2700,23633100,7091551,1350,33600000,11340000,7090200,2362500,4727700,2362500,0,0,0,2365200,529693,0.5297
distribute_parallel_for_collapse_1050_1750_1400,1050,1400,0,2800,24508400,7354201,1400,34300000,11760000,7352800,2450000,4902800,2450000,0,0,0,2452800,538384,0.5384
distribute_parallel_for_collapse_1050_1750_1450,1050,1450,0,2900,25383700,7616851,1450,35000000,12180000,7615400,2537500,5077900,2537500,0,0,0,2540400,567593,0.5676
distribute_parallel_for_collapse_1050_1750_1500,1050,1500,0,3000,26259000,7879501,1500,35700000,12600000,7878000,2625000,5253000,2625000,0,0,0,2628000,582897,0.5829
distribute_parallel_for_collapse_1050_1750_1550,1050,1550,0,3100,27134300,8142151,1550,36400000,13020000,8140600,2712500,5428100,2712500,0,0,0,2715600,631735,0.6317
distribute_parallel_for_collapse_1050_1750_1600,1050,1600,0,3200,28009600,8404801,1600,37100000,13440000,8403200,2800000,5603200,2800000,0,0,0,2803200,603732,0.6037
distribute_parallel_for_collapse_1050_1750_1650,1050,1650,0,3300,28884900,8667451,1650,37800000,13860000,8665800,2887500,5778300,2887500,0,0,0,2890800,644539,0.6445
distribute_parallel_for_collapse_1050_1750_1700,1050,1700,0,3400,29760200,8930101,1700,38500000,14280000,8928400,2975000,5953400,2975000,0,0,0,2978400,659414,0.6594
distribute_parallel_for_collapse_1050_1750_1750,1050,1750,0,3500,30635500,9192751,1750,39200000,14700000,9191000,3062500,6128500,3062500,0,0,0,3066000,684188,0.6842
distribute_parallel_for_collapse_1050_1750_1800,1050,1800,0,3600,31510800,9455401,1800,39900000,15120000,9453600,3150000,6303600,3150000,0,0,0,3153600,687673,0.6877
distribute_parallel_for_collapse_1050_1750_1850,1050,1850,0,3700,32386100,9718051,1850,40600000,15540000,9716200,3237500,6478700,3237500,0,0,0,3241200,733184,0.7332
distribute_parallel_for_collapse_1050_1750_1900,1050,1900,0,3800,33261400,9980701,1900,41300000,15960000,9978800,3325000,6653800,3325000,0,0,0,3328800,739161,0.7392
distribute_parallel_for_collapse_1050_1750_1950,1050,1950,0,3900,34136700,10243351,1950,42000000,16380000,10241400,3412500,6828900,3412500,0,0,0,3416400,764624,0.7646
distribute_parallel_for_collapse_1050_1750_2000,1050,2000,0,4000,35012000,10506001,2000,42700000,16800000,10504000,3500000,7004000,3500000,0,0,0,3504000,752005,0.7520
distribute_parallel_for_collapse_1050_1800_1050,1050,1050,0,2100,18906300,5673151,1050,30240000,8820000,5672100,1890000,3782100,1890000,0,0,0,1892100,432399,0.4324
distribute_parallel_for_collapse_1050_1800_1100,1050,1100,0,2200,19806600,5943301,1100,30960000,9240000,5942200,1980000,3962200,1980000,0,0,0,1982200,438914,0.4389
distribute_parallel_for_collapse_1050_1800_1150,1050,1150,0,2300,20706900,6213451,1150,31680000,9660000,6212300,2070000,4142300,2070000,0,0,0,2072300,463217,0.4632
distribute_parallel_for_collapse_1050_1800_1200,1050,1200,0,2400,21607200,6483601,1200,32400000,10080000,6482400,2160000,4322400,2160000,0,0,0,2162400,504336,0.5043
distribute_parallel_for_collapse_1050_1800_1250,1050,1250,0,2500,22507500,6753751,1250,33120000,10500000,6752500,2250000,4502500,2250000,0,0,0,2252500,502785,0.5028
distribute_parallel_for_collapse_1050_1800_1300,1050,1300,0,2600,23407800,7023901,1300,33840000,10920000,7022600,2340000,4682600,2340000,0,0,0,2342600,520124,0.5201
distribute_parallel_for_collapse_1050_1800_1350,1050,1350,0,2700,24308100,7294051,1350,34560000,11340000,7292700,2430000,4862700,2430000,0,0,0,2432700,545453,0.5455
distribute_parallel_for_collapse_1050_1800_1400,1050,1400,0,2800,25208400,7564201,1400,35280000,11760000,7562800,2520000,5042800,2520000,0,0,0,2522800,551654,0.5517
distribute_parallel_for_collapse_1050_1800_1450,1050,1450,0,2900,26108700,7834351,1450,36000000,12180000,7832900,2610000,5222900,2610000,0,0,0,2612900,584977,0.5850
distribute_parallel_for_collapse_1050_1800_1500,1050,1500,0,3000,27009000,8104501,1500,36720000,12600000,8103000,2700000,5403000,2700000,0,0,0,2703000,600881,0.6009
distribute_parallel_for_collapse_1050_1800_1550,1050,1550,0,3100,27909300,8374651,1550,37440000,13020000,8373100,2790000,5583100,2790000,0,0,0,2793100,624519,0.6245
distribute_parallel_for_collapse_1050_1800_1600,1050,1600,0,3200,28809600,8644801,1600,38160000,13440000,8643200,2880000,5763200,2880000,0,0,0,2883200,616764,0.6168
distribute_parallel_for_collapse_1050_1800_1650,1050,1650,0,3300,29709900,8914951,1650,38880000,13860000,8913300,2970000,5943300,2970000,0,0,0,2973300,663303,0.6633
distribute_parallel_for_collapse_1050_1800_1700,1050,1700,0,3400,30610200,9185101,1700,39600000,14280000,9183400,3060000,6123400,3060000,0,0,0,3063400,678324,0.6783
distribute_parallel_for_collapse_1050_1800_1750,1050,1750,0,3500,31510500,9455251,1750,40320000,14700000,9453500,3150000,6303500,3150000,0,0,0,3153500,708209,0.7082
distribute_parallel_for_collapse_1050_1800_1800,1050,1800,0,3600,32410800,9725401,1800,41040000,15120000,9723600,3240000,6483600,3240000,0,0,0,3243600,712957,0.7130
distribute_parallel_for_collapse_1050_1800_1850,1050,1850,0,3700,33311100,9995551,1850,41760000,15540000,9993700,3330000,6663700,3330000,0,0,0,3333700,761886,0.7619
distribute_parallel_for_collapse_1050_1800_1900,1050,1900,0,3800,34211400,10265701,1900,42480000,15960000,10263800,3420000,6843800,3420000,0,0,0,3423800,778234,0.7782
distribute_parallel_for_collapse_1050_1800_1950,1050,1950,0,3900,35111700,10535851,1950,43200000,16380000,10533900,3510000,7023900,3510000,0,0,0,3513900,799661,0.7997
distribute_parallel_for_collapse_1050_1800_2000,1050,2000,0,4000,36012000,10806001,2000,43920000,16800000,10804000,3600000,7204000,3600000,0,0,0,3604000,772897,0.7729
distribute_parallel_for_collapse_1050_1850_1050,1050,1050,0,2100,19431300,5830651,1050,31080000,8820000,5829600,1942500,3887100,1942500,0,0,0,1944600,439762,0.4398
distribute_parallel_for_collapse_1050_1850_1100,1050,1100,0,2200,20356600,6108301,1100,31820000,9240000,6107200,2035000,4072200,2035000,0,0,0,2037200,452072,0.4521
distribute_parallel_for_collapse_1050_1850_1150,1050,1150,0,2300,21281900,6385951,1150,32560000,9660000,6384800,2127500,4257300,2127500,0,0,0,2129800,476405,0.4764
distribute_parallel_for_collapse_1050_1850_1200,1050,1200,0,2400,22207200,6663601,1200,33300000,10080000,6662400,2220000,4442400,2220000,0,0,0,2222400,492983,0.4930
distribute_parallel_for_collapse_1050_1850_1250,1050,1250,0,2500,23132500,6941251,1250,34040000,10500000,6940000,2312500,4627500,2312500,0,0,0,2315000,518065,0.5181
distribute_parallel_for_collapse_1050_1850_1300,1050,1300,0,2600,24057800,7218901,1300,34780000,10920000,7217600,2405000,4812600,2405000,0,0,0,2407600,545479,0.5455
distribute_parallel_for_collapse_1050_1850_1350,1050,1350,0,2700,24983100,7496551,1350,35520000,11340000,7495200,2497500,4997700,2497500,0,0,0,2500200,571384,0.5714
distribute_parallel_for_collapse_1050_1850_1400,1050,1400,0,2800,25908400,7774201,1400,36260000,11760000,7772800,2590000,5182800,2590000,0,0,0,2592800,592943,0.5929
distribute_parallel_for_collapse_1050_1850_1450,1050,1450,0,2900,26833700,8051851,1450,37000000,12180000,8050400,2682500,5367900,2682500,0,0,0,2685400,613207,0.6132
distribute_parallel_for_collapse_1050_1850_1500,1050,1500,0,3000,27759000,8329501,1500,37740000,12600000,8328000,2775000,5553000,2775000,0,0,0,2778000,639130,0.6391
distribute_parallel_for_collapse_1050_1850_1550,1050,1550,0,3100,28684300,8607151,1550,38480000,13020000,8605600,2867500,5738100,2867500,0,0,0,2870600,656388,0.6564
distribute_parallel_for_collapse_1050_1850_1600,1050,1600,0,3200,29609600,8884801,1600,39220000,13440000,8883200,2960000,5923200,2960000,0,0,0,2963200,645839,0.6458
distribute_parallel_for_collapse_1050_1850_1650,1050,1650,0,3300,30534900,9162451,1650,39960000,13860000,9160800,3052500,6108300,3052500,0,0,0,3055800,684311,0.6843
distribute_parallel_for_collapse_1050_1850_1700,1050,1700,0,3400,31460200,9440101,1700,40700000,14280000,9438400,3145000,6293400,3145000,0,0,0,3148400,697181,0.6972
distribute_parallel_for_collapse_1050_1850_1750,1050,1750,0,3500,32385500,9717751,1750,41440000,14700000,9716000,3237500,6478500,3237500,0,0,0,3241000,723278,0.7233
distribute_parallel_for_collapse_1050_1850_1800,1050,1800,0,3600,33310800,9995401,1800,42180000,15120000,9993600,3330000,6663600,3330000,0,0,0,3333600,726992,0.7270
distribute_parallel_for_collapse_1050_1850_1850,1050,1850,0,3700,34236100,10273051,1850,42920000,15540000,10271200,3422500,6848700,3422500,0,0,0,3426200,778761,0.7788
distribute_parallel_for_collapse_1050_1850_1900,1050,1900,0,3800,35161400,10550701,1900,43660000,15960000,10548800,3515000,7033800,3515000,0,0,0,3518800,781046,0.7810
distribute_parallel_for_collapse_1050_1850_1950,1050,1950,0,3900,36086700,10828351,1950,44400000,16380000,10826400,3607500,7218900,3607500,0,0,0,3611400,807691,0.8077
distribute_parallel_for_collapse_1050_1850_2000,1050,2000,0,4000,37012000,11106001,2000,45140000,16800000,11104000,3700000,7404000,3700000,0,0,0,3704000,794571,0.7946
distribute_parallel_for_collapse_1050_1900_1050,1050,1050,0,2100,19956300,5988151,1050,31920000,8820000,5987100,1995000,3992100,1995000,0,0,0,1997100,463642,0.4636
distribute_parallel_for_collapse_1050_1900_1100,1050,1100,0,2200,20906600,6273301,1100,32680000,9240000,6272200,2090000,4182200,2090000,0,0,0,2092200,483413,0.4834
distribute_parallel_for_collapse_1050_1900_1150,1050,1150,0,2300,21856900,6558451,1150,33440000,9660000,6557300,2185000,4372300,2185000,0,0,0,2187300,509929,0.5099
distribute_parallel_for_collapse_1050_1900_1200,1050,1200,0,2400,22807200,6843601,1200,34200000,10080000,6842400,2280000,4562400,2280000,0,0,0,2282400,488656,0.4887
distribute_parallel_for_collapse_1050_1900_1250,1050,1250,0,2500,23757500,7128751,1250,34960000,10500000,7127500,2375000,4752500,2375000,0,0,0,2377500,531240,0.5312
distribute_parallel_for_collapse_1050_1900_1300,1050,1300,0,2600,24707800,7413901,1300,35720000,10920000,7412600,2470000,4942600,2470000,0,0,0,2472600,555763,0.5558
distribute_parallel_for_collapse_1050_1900_1350,1050,1350,0,2700,25658100,7699051,1350,36480000,11340000,7697700,2565000,5132700,2565000,0,0,0,2567700,573493,0.5735
distribute_parallel_for_collapse_1050_1900_1400,1050,1400,0,2800,26608400,7984201,1400,37240000,11760000,7982800,2660000,5322800,2660000,0,0,0,2662800,583621,0.5836
distribute_parallel_for_collapse_1050_1900_1450,1050,1450,0,2900,27558700,8269351,1450,38000000,12180000,8267900,2755000,5512900,2755000,0,0,0,2757900,619186,0.6192
distribute_parallel_for_collapse_1050_1900_1500,1050,1500,0,3000,28509000,8554501,1500,38760000,12600000,8553000,2850000,5703000,2850000,0,0,0,2853000,636253,0.6363
distribute_parallel_for_collapse_1050_1900_1550,1050,1550,0,3100,29459300,8839651,1550,39520000,13020000,8838100,2945000,5893100,2945000,0,0,0,2948100,661676,0.6617
distribute_parallel_for_collapse_1050_1900_1600,1050,1600,0,3200,30409600,9124801,1600,40280000,13440000,9123200,3040000,6083200,3040000,0,0,0,3043200,653678,0.6537
distribute_parallel_for_collapse_1050_1900_1650,1050,1650,0,3300,31359900,9409951,1650,41040000,13860000,9408300,3135000,6273300,3135000,0,0,0,3138300,700678,0.7007
distribute_parallel_for_collapse_1050_1900_1700,1050,1700,0,3400,32310200,9695101,1700,41800000,14280000,9693400,3230000,6463400,3230000,0,0,0,3233400,717068,0.7171
distribute_parallel_for_collapse_1050_1900_1750,1050,1750,0,3500,33260500,9980251,1750,42560000,14700000,9978500,3325000,6653500,3325000,0,0,0,3328500,746149,0.7461
distribute_parallel_for_collapse_1050_1900_1800,1050,1800,0,3600,34210800,10265401,1800,43320000,15120000,10263600,3420000,6843600,3420000,0,0,0,3423600,762745,0.7627
distribute_parallel_for_collapse_1050_1900_1850,1050,1850,0,3700,35161100,10550551,1850,44080000,15540000,10548700,3515000,7033700,3515000,0,0,0,3518700,788777,0.7888
distribute_parallel_for_collapse_1050_1900_1900,1050,1900,0,3800,36111400,10835701,1900,44840000,15960000,10833800,3610000,7223800,3610000,0,0,0,3613800,801527,0.8015
distribute_parallel_for_collapse_1050_1900_1950,1050,1950,0,3900,37061700,11120851,1950,45600000,16380000,11118900,3705000,7413900,3705000,0,0,0,3708900,831857,0.8319
distribute_parallel_for_collapse_1050_1900_2000,1050,2000,0,4000,38012000,11406001,2000,46360000,16800000,11404000,3800000,7604000,3800000,0,0,0,3804000,814145,0.8141
distribute_parallel_for_collapse_1050_1950_1050,1050,1050,0,2100,20481300,6145651,1050,32760000,8820000,6144600,2047500,4097100,2047500,0,0,0,2049600,570031,0.5700
distribute_parallel_for_collapse_1050_1950_1100,1050,1100,0,2200,21456600,6438301,1100,33540000,9240000,6437200,2145000,4292200,2145000,0,0,0,2147200,480066,0.4801
distribute_parallel_for_collapse_1050_1950_1150,1050,1150,0,2300,22431900,6730951,1150,34320000,9660000,6729800,2242500,4487300,2242500,0,0,0,2244800,502488,0.5025
distribute_parallel_for_collapse_1050_1950_1200,1050,1200,0,2400,23407200,7023601,1200,35100000,10080000,7022400,2340000,4682400,2340000,0,0,0,2342400,503813,0.5038
distribute_parallel_for_collapse_1050_1950_1250,1050,1250,0,2500,24382500,7316251,1250,35880000,10500000,7315000,2437500,4877500,2437500,0,0,0,2440000,546166,0.5462
distribute_parallel_for_collapse_1050_1950_1300,1050,1300,0,2600,25357800,7608901,1300,36660000,10920000,7607600,2535000,5072600,2535000,0,0,0,2537600,564336,0.5643
distribute_parallel_for_collapse_1050_1950_1350,1050,1350,0,2700,26333100,7901551,1350,37440000,11340000,7900200,2632500,5267700,2632500,0,0,0,2635200,589075,0.5891
distribute_parallel_for_collapse_1050_1950_1400,1050,1400,0,2800,27308400,8194201,1400,38220000,11760000,8192800,2730000,5462800,2730000,0,0,0,2732800,621487,0.6215
distribute_parallel_for_collapse_1050_1950_1450,1050,1450,0,2900,28283700,8486851,1450,39000000,12180000,8485400,2827500,5657900,2827500,0,0,0,2830400,664639,0.6646
distribute_parallel_for_collapse_1050_1950_1500,1050,1500,0,3000,29259000,8779501,1500,39780000,12600000,8778000,2925000,5853000,2925000,0,0,0,2928000,649987,0.6500
distribute_parallel_for_collapse_1050_1950_1550,1050,1550,0,3100,30234300,9072151,1550,40560000,13020000,9070600,3022500,6048100,3022500,0,0,0,3025600,677070,0.6771
distribute_parallel_for_collapse_1050_1950_1600,1050,1600,0,3200,31209600,9364801,1600,41340000,13440000,9363200,3120000,6243200,3120000,0,0,0,3123200,663754,0.6638
distribute_parallel_for_collapse_1050_1950_1650,1050,1650,0,3300,32184900,9657451,1650,42120000,13860000,9655800,3217500,6438300,3217500,0,0,0,3220800,719689,0.7197
distribute_parallel_for_collapse_1050_1950_1700,1050,1700,0,3400,33160200,9950101,1700,42900000,14280000,9948400,3315000,6633400,3315000,0,0,0,3318400,736438,0.7364
distribute_parallel_for_collapse_1050_1950_1750,1050,1750,0,3500,34135500,10242751,1750,43680000,14700000,10241000,3412500,6828500,3412500,0,0,0,3416000,763938,0.7639
distribute_parallel_for_collapse_1050_1950_1800,1050,1800,0,3600,35110800,10535401,1800,44460000,15120000,10533600,3510000,7023600,3510000,0,0,0,3513600,783146,0.7831
distribute_parallel_for_collapse_1050_1950_1850,1050,1850,0,3700,36086100,10828051,1850,45240000,15540000,10826200,3607500,7218700,3607500,0,0,0,3611200,808209,0.8082
distribute_parallel_for_collapse_1050_1950_1900,1050,1900,0,3800,37061400,11120701,1900,46020000,15960000,11118800,3705000,7413800,3705000,0,0,0,3708800,833348,0.8333
distribute_parallel_for_collapse_1050_1950_1950,1050,1950,0,3900,38036700,11413351,1950,46800000,16380000,11411400,3802500,7608900,3802500,0,0,0,3806400,856118,0.8561
distribute_parallel_for_collapse_1050_1950_2000,1050,2000,0,4000,39012000,11706001,2000,47580000,16800000,11704000,3900000,7804000,3900000,0,0,0,3904000,865837,0.8658
distribute_parallel_for_collapse_1050_2000_1050,1050,1050,0,2100,21006300,6303151,1050,33600000,8820000,6302100,2100000,4202100,2100000,0,0,0,2102100,488964,0.4890
distribute_parallel_for_collapse_1050_2000_1100,1050,1100,0,2200,22006600,6603301,1100,34400000,9240000,6602200,2200000,4402200,2200000,0,0,0,2202200,500157,0.5002
distribute_parallel_for_collapse_1050_2000_1150,1050,1150,0,2300,23006900,6903451,1150,35200000,9660000,6902300,2300000,4602300,2300000,0,0,0,2302300,547597,0.5476
distribute_parallel_for_collapse_1050_2000_1200,1050,1200,0,2400,24007200,7203601,1200,36000000,10080000,7202400,2400000,4802400,2400000,0,0,0,2402400,565637,0.5656
distribute_parallel_for_collapse_1050_2000_1250,1050,1250,0,2500,25007500,7503751,1250,36800000,10500000,7502500,2500000,5002500,2500000,0,0,0,2502500,575756,0.5758
distribute_parallel_for_collapse_1050_2000_1300,1050,1300,0,2600,26007800,7803901,1300,37600000,10920000,7802600,2600000,5202600,2600000,0,0,0,2602600,578067,0.5781
distribute_parallel_for_collapse_1050_2000_1350,1050,1350,0,2700,27008100,8104051,1350,38400000,11340000,8102700,2700000,5402700,2700000,0,0,0,2702700,608551,0.6086
distribute_parallel_for_collapse_1050_2000_1400,1050,1400,0,2800,28008400,8404201,1400,39200000,11760000,8402800,2800000,5602800,2800000,0,0,0,2802800,615784,0.6158
distribute_parallel_for_collapse_1050_2000_1450,1050,1450,0,2900,29008700,8704351,1450,40000000,12180000,8702900,2900000,5802900,2900000,0,0,0,2902900,648766,0.6488
distribute_parallel_for_collapse_1050_2000_1500,1050,1500,0,3000,30009000,9004501,1500,40800000,12600000,9003000,3000000,6003000,3000000,0,0,0,3003000,664681,0.6647
distribute_parallel_for_collapse_1050_2000_1550,1050,1550,0,3100,31009300,9304651,1550,41600000,13020000,9303100,3100000,6203100,3100000,0,0,0,3103100,696127,0.6961
distribute_parallel_for_collapse_1050_2000_1600,1050,1600,0,3200,32009600,9604801,1600,42400000,13440000,9603200,3200000,6403200,3200000,0,0,0,3203200,683490,0.6835
distribute_parallel_for_collapse_1050_2000_1650,1050,1650,0,3300,33009900,9904951,1650,43200000,13860000,9903300,3300000,6603300,3300000,0,0,0,3303300,741262,0.7413
distribute_parallel_for_collapse_1050_2000_1700,1050,1700,0,3400,34010200,10205101,1700,44000000,14280000,10203400,3400000,6803400,3400000,0,0,0,3403400,752912,0.7529
distribute_parallel_for_collapse_1050_2000_1750,1050,1750,0,3500,35010500,10505251,1750,44800000,14700000,10503500,3500000,7003500,3500000,0,0,0,3503500,783476,0.7835
distribute_parallel_for_collapse_1050_2000_1800,1050,1800,0,3600,36010800,10805401,1800,45600000,15120000,10803600,3600000,7203600,3600000,0,0,0,3603600,787149,0.7871
distribute_parallel_for_collapse_1050_2000_1850,1050,1850,0,3700,37011100,11105551,1850,46400000,15540000,11103700,3700000,7403700,3700000,0,0,0,3703700,827839,0.8278
distribute_parallel_for_collapse_1050_2000_1900,1050,1900,0,3800,38011400,11405701,1900,47200000,15960000,11403800,3800000,7603800,3800000,0,0,0,3803800,845770,0.8458
distribute_parallel_for_collapse_1050_2000_1950,1050,1950,0,3900,39011700,11705851,1950,48000000,16380000,11703900,3900000,7803900,3900000,0,0,0,3903900,872452,0.8725
distribute_parallel_for_collapse_1050_2000_2000,1050,2000,0,4000,40012000,12006001,2000,48800000,16800000,12004000,4000000,8004000,4000000,0,0,0,4004000,855018,0.8550
distribute_parallel_for_collapse_1100_1050_1050,1100,1050,0,2100,11031300,3310651,1050,18060000,9240000,3309600,1102500,2207100,1102500,0,0,0,1104600,259425,0.2594
distribute_parallel_for_collapse_1100_1050_1100,1100,1100,0,2200,11556600,3468301,1100,18480000,9680000,3467200,1155000,2312200,1155000,0,0,0,1157200,272013,0.2720
distribute_parallel_for_collapse_1100_1050_1150,1100,1150,0,2300,12081900,3625951,1150,18900000,10120000,3624800,1207500,2417300,1207500,0,0,0,1209800,311848,0.3118
distribute_parallel_for_collapse_1100_1050_1200,1100,1200,0,2400,12607200,3783601,1200,19320000,10560000,3782400,1260000,2522400,1260000,0,0,0,1262400,308378,0.3084
distribute_parallel_for_collapse_1100_1050_1250,1100,1250,0,2500,13132500,3941251,1250,19740000,11000000,3940000,1312500,2627500,1312500,0,0,0,1315000,312582,0.3126
distribute_parallel_for_collapse_1100_1050_1300,1100,1300,0,2600,13657800,4098901,1300,20160000,11440000,4097600,1365000,2732600,1365000,0,0,0,1367600,323848,0.3238
distribute_parallel_for_collapse_1100_1050_1350,1100,1350,0,2700,14183100,4256551,1350,20580000,11880000,4255200,1417500,2837700,1417500,0,0,0,1420200,337203,0.3372
distribute_parallel_for_collapse_1100_1050_1400,1100,1400,0,2800,14708400,4414201,1400,21000000,12320000,4412800,1470000,2942800,1470000,0,0,0,1472800,339471,0.3395
distribute_parallel_for_collapse_1100_1050_1450,1100,1450,0,2900,15233700,4571851,1450,21420000,12760000,4570400,1522500,3047900,1522500,0,0,0,1525400,357277,0.3573
distribute_parallel_for_collapse_1100_1050_1500,1100,1500,0,3000,15759000,4729501,1500,21840000,13200000,4728000,1575000,3153000,1575000,0,0,0,1578000,371424,0.3714
distribute_parallel_for_collapse_1100_1050_1550,1100,1550,0,3100,16284300,4887151,1550,22260000,13640000,4885600,1627500,3258100,1627500,0,0,0,1630600,382688,0.3827
distribute_parallel_for_collapse_1100_1050_1600,1100,1600,0,3200,16809600,5044801,1600,22680000,14080000,5043200,1680000,3363200,1680000,0,0,0,1683200,376126,0.3761
distribute_parallel_for_collapse_1100_1050_1650,1100,1650,0,3300,17334900,5202451,1650,23100000,14520000,5200800,1732500,3468300,1732500,0,0,0,1735800,405618,0.4056
distribute_parallel_for_collapse_1100_1050_1700,1100,1700,0,3400,17860200,5360101,1700,23520000,14960000,5358400,1785000,3573400,1785000,0,0,0,1788400,415230,0.4152
distribute_parallel_for_collapse_1100_1050_1750,1100,1750,0,3500,18385500,5517751,1750,23940000,15400000,5516000,1837500,3678500,1837500,0,0,0,1841000,431304,0.4313
distribute_parallel_for_collapse_1100_1050_1800,1100,1800,0,3600,18910800,5675401,1800,24360000,15840000,5673600,1890000,3783600,1890000,0,0,0,1893600,437692,0.4377
distribute_parallel_for_collapse_1100_1050_1850,1100,1850,0,3700,19436100,5833051,1850,24780000,16280000,5831200,1942500,3888700,1942500,0,0,0,1946200,466896,0.4669
distribute_parallel_for_collapse_1100_1050_1900,1100,1900,0,3800,19961400,5990701,1900,25200000,16720000,5988800,1995000,3993800,1995000,0,0,0,1998800,465208,0.4652
distribute_parallel_for_collapse_1100_1050_1950,1100,1950,0,3900,20486700,6148351,1950,25620000,17160000,6146400,2047500,4098900,2047500,0,0,0,2051400,482366,0.4824
distribute_parallel_for_collapse_1100_1050_2000,1100,2000,0,4000,21012000,6306001,2000,26040000,17600000,6304000,2100000,4204000,2100000,0,0,0,2104000,474714,0.4747
distribute_parallel_for_collapse_1100_1100_1050,1100,1050,0,2100,11556300,3468151,1050,18920000,9240000,3467100,1155000,2312100,1155000,0,0,0,1157100,271143,0.2711
distribute_parallel_for_collapse_1100_1100_1100,1100,1100,0,2200,12106600,3633301,1100,19360000,9680000,3632200,1210000,2422200,1210000,0,0,0,1212200,283529,0.2835
distribute_parallel_for_collapse_1100_1100_1150,1100,1150,0,2300,12656900,3798451,1150,19800000,10120000,3797300,1265000,2532300,1265000,0,0,0,1267300,296990,0.2970
distribute_parallel_for_collapse_1100_1100_1200,1100,1200,0,2400,13207200,3963601,1200,20240000,10560000,3962400,1320000,2642400,1320000,0,0,0,1322400,296692,0.2967
distribute_parallel_for_collapse_1100_1100_1250,1100,1250,0,2500,13757500,4128751,1250,20680000,11000000,4127500,1375000,2752500,1375000,0,0,0,1377500,322701,0.3227
distribute_parallel_for_collapse_1100_1100_1300,1100,1300,0,2600,14307800,4293901,1300,21120000,11440000,4292600,1430000,2862600,1430000,0,0,0,1432600,333732,0.3337
distribute_parallel_for_collapse_1100_1100_1350,1100,1350,0,2700,14858100,4459051,1350,21560000,11880000,4457700,1485000,2972700,1485000,0,0,0,1487700,350290,0.3503
distribute_parallel_for_collapse_1100_1100_1400,1100,1400,0,2800,15408400,4624201,1400,22000000,12320000,4622800,1540000,3082800,1540000,0,0,0,1542800,356697,0.3567
distribute_parallel_for_collapse_1100_1100_1450,1100,1450,0,2900,15958700,4789351,1450,22440000,12760000,4787900,1595000,3192900,1595000,0,0,0,1597900,374729,0.3747
distribute_parallel_for_collapse_1100_1100_1500,1100,1500,0,3000,16509000,4954501,1500,22880000,13200000,4953000,1650000,3303000,1650000,0,0,0,1653000,384387,0.3844
distribute_parallel_for_collapse_1100_1100_1550,1100,1550,0,3100,17059300,5119651,1550,23320000,13640000,5118100,1705000,3413100,1705000,0,0,0,1708100,399284,0.3993
distribute_parallel_for_collapse_1100_1100_1600,1100,1600,0,3200,17609600,5284801,1600,23760000,14080000,5283200,1760000,3523200,1760000,0,0,0,1763200,393462,0.3935
distribute_parallel_for_collapse_1100_1100_1650,1100,1650,0,3300,18159900,5449951,1650,24200000,14520000,5448300,1815000,3633300,1815000,0,0,0,1818300,426164,0.4262
distribute_parallel_for_collapse_1100_1100_1700,1100,1700,0,3400,18710200,5615101,1700,24640000,14960000,5613400,1870000,3743400,1870000,0,0,0,1873400,451141,0.4511
distribute_parallel_for_collapse_1100_1100_1750,1100,1750,0,3500,19260500,5780251,1750,25080000,15400000,5778500,1925000,3853500,1925000,0,0,0,1928500,455064,0.4551
distribute_parallel_for_collapse_1100_1100_1800,1100,1800,0,3600,19810800,5945401,1800,25520000,15840000,5943600,1980000,3963600,1980000,0,0,0,1983600,455107,0.4551
distribute_parallel_for_collapse_1100_1100_1850,1100,1850,0,3700,20361100,6110551,1850,25960000,16280000,6108700,2035000,4073700,2035000,0,0,0,2038700,478837,0.4788
distribute_parallel_for_collapse_1100_1100_1900,1100,1900,0,3800,20911400,6275701,1900,26400000,16720000,6273800,2090000,4183800,2090000,0,0,0,2093800,486602,0.4866
distribute_parallel_for_collapse_1100_1100_1950,1100,1950,0,3900,21461700,6440851,1950,26840000,17160000,6438900,2145000,4293900,2145000,0,0,0,2148900,504364,0.5044
distribute_parallel_for_collapse_1100_1100_2000,1100,2000,0,4000,22012000,6606001,2000,27280000,17600000,6604000,2200000,4404000,2200000,0,0,0,2204000,507067,0.5071
distribute_parallel_for_collapse_1100_1150_1050,1100,1050,0,2100,12081300,3625651,1050,19780000,9240000,3624600,1207500,2417100,1207500,0,0,0,1209600,303577,0.3036
distribute_parallel_for_collapse_1100_1150_1100,1100,1100,0,2200,12656600,3798301,1100,20240000,9680000,3797200,1265000,2532200,1265000,0,0,0,1267200,315827,0.3158
distribute_parallel_for_collapse_1100_1150_1150,1100,1150,0,2300,13231900,3970951,1150,20700000,10120000,3969800,1322500,2647300,1322500,0,0,0,1324800,387768,0.3878
distribute_parallel_for_collapse_1100_1150_1200,1100,1200,0,2400,13807200,4143601,1200,21160000,10560000,4142400,1380000,2762400,1380000,0,0,0,1382400,310562,0.3106
distribute_parallel_for_collapse_1100_1150_1250,1100,1250,0,2500,14382500,4316251,1250,21620000,11000000,4315000,1437500,2877500,1437500,0,0,0,1440000,336818,0.3368
distribute_parallel_for_collapse_1100_1150_1300,1100,1300,0,2600,14957800,4488901,1300,22080000,11440000,4487600,1495000,2992600,1495000,0,0,0,1497600,349187,0.3492
distribute_parallel_for_collapse_1100_1150_1350,1100,1350,0,2700,15533100,4661551,1350,22540000,11880000,4660200,1552500,3107700,1552500,0,0,0,1555200,366094,0.3661
distribute_parallel_for_collapse_1100_1150_1400,1100,1400,0,2800,16108400,4834201,1400,23000000,12320000,4832800,1610000,3222800,1610000,0,0,0,1612800,369010,0.3690
distribute_parallel_for_collapse_1100_1150_1450,1100,1450,0,2900,16683700,5006851,1450,23460000,12760000,5005400,1667500,3337900,1667500,0,0,0,1670400,391133,0.3911
distribute_parallel_for_collapse_1100_1150_1500,1100,1500,0,3000,17259000,5179501,1500,23920000,13200000,5178000,1725000,3453000,1725000,0,0,0,1728000,399980,0.4000
distribute_parallel_for_collapse_1100_1150_1550,1100,1550,0,3100,17834300,5352151,1550,24380000,13640000,5350600,1782500,3568100,1782500,0,0,0,1785600,431132,0.4311
distribute_parallel_for_collapse_1100_1150_1600,1100,1600,0,3200,18409600,5524801,1600,24840000,14080000,5523200,1840000,3683200,1840000,0,0,0,1843200,412328,0.4123
distribute_parallel_for_collapse_1100_1150_1650,1100,1650,0,3300,18984900,5697451,1650,25300000,14520000,5695800,1897500,3798300,1897500,0,0,0,1900800,446596,0.4466
distribute_parallel_for_collapse_1100_1150_1700,1100,1700,0,3400,19560200,5870101,1700,25760000,14960000,5868400,1955000,3913400,1955000,0,0,0,1958400,458419,0.4584
distribute_parallel_for_collapse_1100_1150_1750,1100,1750,0,3500,20135500,6042751,1750,26220000,15400000,6041000,2012500,4028500,2012500,0,0,0,2016000,490377,0.4904
distribute_parallel_for_collapse_1100_1150_1800,1100,1800,0,3600,20710800,6215401,1800,26680000,15840000,6213600,2070000,4143600,2070000,0,0,0,2073600,485411,0.4854
distribute_parallel_for_collapse_1100_1150_1850,1100,1850,0,3700,21286100,6388051,1850,27140000,16280000,6386200,2127500,4258700,2127500,0,0,0,2131200,501634,0.5016
distribute_parallel_for_collapse_1100_1150_1900,1100,1900,0,3800,21861400,6560701,1900,27600000,16720000,6558800,2185000,4373800,2185000,0,0,0,2188800,523170,0.5232
distribute_parallel_for_collapse_1100_1150_1950,1100,1950,0,3900,22436700,6733351,1950,28060000,17160000,6731400,2242500,4488900,2242500,0,0,0,2246400,547909,0.5479
distribute_parallel_for_collapse_1100_1150_2000,1100,2000,0,4000,23012000,6906001,2000,28520000,17600000,6904000,2300000,4604000,2300000,0,0,0,2304000,539775,0.5398
distribute_parallel_for_collapse_1100_1200_1050,1100,1050,0,2100,12606300,3783151,1050,20640000,9240000,3782100,1260000,2522100,1260000,0,0,0,1262100,315971,0.3160
distribute_parallel_for_collapse_1100_1200_1100,1100,1100,0,2200,13206600,3963301,1100,21120000,9680000,3962200,1320000,2642200,1320000,0,0,0,1322200,309547,0.3095
distribute_parallel_for_collapse_1100_1200_1150,1100,1150,0,2300,13806900,4143451,1150,21600000,10120000,4142300,1380000,2762300,1380000,0,0,0,1382300,324612,0.3246
distribute_parallel_for_collapse_1100_1200_1200,1100,1200,0,2400,14407200,4323601,1200,22080000,10560000,4322400,1440000,2882400,1440000,0,0,0,1442400,323363,0.3234
distribute_parallel_for_collapse_1100_1200_1250,1100,1250,0,2500,15007500,4503751,1250,22560000,11000000,4502500,1500000,3002500,1500000,0,0,0,1502500,351190,0.3512
distribute_parallel_for_collapse_1100_1200_1300,1100,1300,0,2600,15607800,4683901,1300,23040000,11440000,4682600,1560000,3122600,1560000,0,0,0,1562600,362865,0.3629
distribute_parallel_for_collapse_1100_1200_1350,1100,1350,0,2700,16208100,4864051,1350,23520000,11880000,4862700,1620000,3242700,1620000,0,0,0,1622700,380207,0.3802
distribute_parallel_for_collapse_1100_1200_1400,1100,1400,0,2800,16808400,5044201,1400,24000000,12320000,5042800,1680000,3362800,1680000,0,0,0,1682800,389501,0.3895
distribute_parallel_for_collapse_1100_1200_1450,1100,1450,0,2900,17408700,5224351,1450,24480000,12760000,5222900,1740000,3482900,1740000,0,0,0,1742900,410310,0.4103
distribute_parallel_for_collapse_1100_1200_1500,1100,1500,0,3000,18009000,5404501,1500,24960000,13200000,5403000,1800000,3603000,1800000,0,0,0,1803000,419499,0.4195
distribute_parallel_for_collapse_1100_1200_1550,1100,1550,0,3100,18609300,5584651,1550,25440000,13640000,5583100,1860000,3723100,1860000,0,0,0,1863100,439548,0.4395
distribute_parallel_for_collapse_1100_1200_1600,1100,1600,0,3200,19209600,5764801,1600,25920000,14080000,5763200,1920000,3843200,1920000,0,0,0,1923200,428829,0.4288
distribute_parallel_for_collapse_1100_1200_1650,1100,1650,0,3300,19809900,5944951,1650,26400000,14520000,5943300,1980000,3963300,1980000,0,0,0,1983300,478333,0.4783
distribute_parallel_for_collapse_1100_1200_1700,1100,1700,0,3400,20410200,6125101,1700,26880000,14960000,6123400,2040000,4083400,2040000,0,0,0,2043400,475529,0.4755
distribute_parallel_for_collapse_1100_1200_1750,1100,1750,0,3500,21010500,6305251,1750,27360000,15400000,6303500,2100000,4203500,2100000,0,0,0,2103500,494552,0.4946
distribute_parallel_for_collapse_1100_1200_1800,1100,1800,0,3600,21610800,6485401,1800,27840000,15840000,6483600,2160000,4323600,2160000,0,0,0,2163600,519291,0.5193
distribute_parallel_for_collapse_1100_1200_1850,1100,1850,0,3700,22211100,6665551,1850,28320000,16280000,6663700,2220000,4443700,2220000,0,0,0,2223700,547867,0.5479
distribute_parallel_for_collapse_1100_1200_1900,1100,1900,0,3800,22811400,6845701,1900,28800000,16720000,6843800,2280000,4563800,2280000,0,0,0,2283800,529530,0.5295
distribute_parallel_for_collapse_1100_1200_1950,1100,1950,0,3900,23411700,7025851,1950,29280000,17160000,7023900,2340000,4683900,2340000,0,0,0,2343900,548346,0.5483
distribute_parallel_for_collapse_1100_1200_2000,1100,2000,0,4000,24012000,7206001,2000,29760000,17600000,7204000,2400000,4804000,2400000,0,0,0,2404000,538047,0.5380
distribute_parallel_for_collapse_1100_1250_1050,1100,1050,0,2100,13131300,3940651,1050,21500000,9240000,3939600,1312500,2627100,1312500,0,0,0,1314600,325124,0.3251
distribute_parallel_for_collapse_1100_1250_1100,1100,1100,0,2200,13756600,4128301,1100,22000000,9680000,4127200,1375000,2752200,1375000,0,0,0,1377200,321638,0.3216
distribute_parallel_for_collapse_1100_1250_1150,1100,1150,0,2300,14381900,4315951,1150,22500000,10120000,4314800,1437500,2877300,1437500,0,0,0,1439800,339540,0.3395
distribute_parallel_for_collapse_1100_1250_1200,1100,1200,0,2400,15007200,4503601,1200,23000000,10560000,4502400,1500000,3002400,1500000,0,0,0,1502400,336324,0.3363
distribute_parallel_for_collapse_1100_1250_1250,1100,1250,0,2500,15632500,4691251,1250,23500000,11000000,4690000,1562500,3127500,1562500,0,0,0,1565000,366263,0.3663
distribute_parallel_for_collapse_1100_1250_1300,1100,1300,0,2600,16257800,4878901,1300,24000000,11440000,4877600,1625000,3252600,1625000,0,0,0,1627600,377672,0.3777
distribute_parallel_for_collapse_1100_1250_1350,1100,1350,0,2700,16883100,5066551,1350,24500000,11880000,5065200,1687500,3377700,1687500,0,0,0,1690200,396427,0.3964
distribute_parallel_for_collapse_1100_1250_1400,1100,1400,0,2800,17508400,5254201,1400,25000000,12320000,5252800,1750000,3502800,1750000,0,0,0,1752800,414574,0.4146
distribute_parallel_for_collapse_1100_1250_1450,1100,1450,0,2900,18133700,5441851,1450,25500000,12760000,5440400,1812500,3627900,1812500,0,0,0,1815400,424492,0.4245
distribute_parallel_for_collapse_1100_1250_1500,1100,1500,0,3000,18759000,5629501,1500,26000000,13200000,5628000,1875000,3753000,1875000,0,0,0,1878000,435283,0.4353
distribute_parallel_for_collapse_1100_1250_1550,1100,1550,0,3100,19384300,5817151,1550,26500000,13640000,5815600,1937500,3878100,1937500,0,0,0,1940600,453230,0.4532
distribute_parallel_for_collapse_1100_1250_1600,1100,1600,0,3200,20009600,6004801,1600,27000000,14080000,6003200,2000000,4003200,2000000,0,0,0,2003200,453850,0.4538
distribute_parallel_for_collapse_1100_1250_1650,1100,1650,0,3300,20634900,6192451,1650,27500000,14520000,6190800,2062500,4128300,2062500,0,0,0,2065800,484527,0.4845
distribute_parallel_for_collapse_1100_1250_1700,1100,1700,0,3400,21260200,6380101,1700,28000000,14960000,6378400,2125000,4253400,2125000,0,0,0,2128400,494183,0.4942
distribute_parallel_for_collapse_1100_1250_1750,1100,1750,0,3500,21885500,6567751,1750,28500000,15400000,6566000,2187500,4378500,2187500,0,0,0,2191000,514403,0.5144
distribute_parallel_for_collapse_1100_1250_1800,1100,1800,0,3600,22510800,6755401,1800,29000000,15840000,6753600,2250000,4503600,2250000,0,0,0,2253600,517412,0.5174
distribute_parallel_for_collapse_1100_1250_1850,1100,1850,0,3700,23136100,6943051,1850,29500000,16280000,6941200,2312500,4628700,2312500,0,0,0,2316200,552098,0.5521
distribute_parallel_for_collapse_1100_1250_1900,1100,1900,0,3800,23761400,7130701,1900,30000000,16720000,7128800,2375000,4753800,2375000,0,0,0,2378800,552171,0.5522
distribute_parallel_for_collapse_1100_1250_1950,1100,1950,0,3900,24386700,7318351,1950,30500000,17160000,7316400,2437500,4878900,2437500,0,0,0,2441400,571604,0.5716
distribute_parallel_for_collapse_1100_1250_2000,1100,2000,0,4000,25012000,7506001,2000,31000000,17600000,7504000,2500000,5004000,2500000,0,0,0,2504000,562866,0.5629
distribute_parallel_for_collapse_1100_1300_1050,1100,1050,0,2100,13656300,4098151,1050,22360000,9240000,4097100,1365000,2732100,1365000,0,0,0,1367100,330186,0.3302
distribute_parallel_for_collapse_1100_1300_1100,1100,1100,0,2200,14306600,4293301,1100,22880000,9680000,4292200,1430000,2862200,1430000,0,0,0,1432200,334615,0.3346
distribute_parallel_for_collapse_1100_1300_1150,1100,1150,0,2300,14956900,4488451,1150,23400000,10120000,4487300,1495000,2992300,1495000,0,0,0,1497300,350595,0.3506
distribute_parallel_for_collapse_1100_1300_1200,1100,1200,0,2400,15607200,4683601,1200,23920000,10560000,4682400,1560000,3122400,1560000,0,0,0,1562400,352744,0.3527
distribute_parallel_for_collapse_1100_1300_1250,1100,1250,0,2500,16257500,4878751,1250,24440000,11000000,4877500,1625000,3252500,1625000,0,0,0,1627500,383305,0.3833
distribute_parallel_for_collapse_1100_1300_1300,1100,1300,0,2600,16907800,5073901,1300,24960000,11440000,5072600,1690000,3382600,1690000,0,0,0,1692600,416047,0.4160
distribute_parallel_for_collapse_1100_1300_1350,1100,1350,0,2700,17558100,5269051,1350,25480000,11880000,5267700,1755000,3512700,1755000,0,0,0,1757700,431330,0.4313
distribute_parallel_for_collapse_1100_1300_1400,1100,1400,0,2800,18208400,5464201,1400,26000000,12320000,5462800,1820000,3642800,1820000,0,0,0,1822800,417742,0.4177
distribute_parallel_for_collapse_1100_1300_1450,1100,1450,0,2900,18858700,5659351,1450,26520000,12760000,5657900,1885000,3772900,1885000,0,0,0,1887900,441006,0.4410
distribute_parallel_for_collapse_1100_1300_1500,1100,1500,0,3000,19509000,5854501,1500,27040000,13200000,5853000,1950000,3903000,1950000,0,0,0,1953000,457543,0.4575
distribute_parallel_for_collapse_1100_1300_1550,1100,1550,0,3100,20159300,6049651,1550,27560000,13640000,6048100,2015000,4033100,2015000,0,0,0,2018100,478492,0.4785
distribute_parallel_for_collapse_1100_1300_1600,1100,1600,0,3200,20809600,6244801,1600,28080000,14080000,6243200,2080000,4163200,2080000,0,0,0,2083200,465491,0.4655
distribute_parallel_for_collapse_1100_1300_1650,1100,1650,0,3300,21459900,6439951,1650,28600000,14520000,6438300,2145000,4293300,2145000,0,0,0,2148300,503316,0.5033
distribute_parallel_for_collapse_1100_1300_1700,1100,1700,0,3400,22110200,6635101,1700,29120000,14960000,6633400,2210000,4423400,2210000,0,0,0,2213400,517604,0.5176
distribute_parallel_for_collapse_1100_1300_1750,1100,1750,0,3500,22760500,6830251,1750,29640000,15400000,6828500,2275000,4553500,2275000,0,0,0,2278500,535216,0.5352
distribute_parallel_for_collapse_1100_1300_1800,1100,1800,0,3600,23410800,7025401,1800,30160000,15840000,7023600,2340000,4683600,2340000,0,0,0,2343600,536835,0.5368
distribute_parallel_for_collapse_1100_1300_1850,1100,1850,0,3700,24061100,7220551,1850,30680000,16280000,7218700,2405000,4813700,2405000,0,0,0,2408700,564768,0.5648
distribute_parallel_for_collapse_1100_1300_1900,1100,1900,0,3800,24711400,7415701,1900,31200000,16720000,7413800,2470000,4943800,2470000,0,0,0,2473800,575625,0.5756
distribute_parallel_for_collapse_1100_1300_1950,1100,1950,0,3900,25361700,7610851,1950,31720000,17160000,7608900,2535000,5073900,2535000,0,0,0,2538900,595538,0.5955
distribute_parallel_for_collapse_1100_1300_2000,1100,2000,0,4000,26012000,7806001,2000,32240000,17600000,7804000,2600000,5204000,2600000,0,0,0,2604000,583739,0.5837
distribute_parallel_for_collapse_1100_1350_1050,1100,1050,0,2100,14181300,4255651,1050,23220000,9240000,4254600,1417500,2837100,1417500,0,0,0,1419600,334742,0.3347
distribute_parallel_for_collapse_1100_1350_1100,1100,1100,0,2200,14856600,4458301,1100,23760000,9680000,4457200,1485000,2972200,1485000,0,0,0,1487200,344416,0.3444
distribute_parallel_for_collapse_1100_1350_1150,1100,1150,0,2300,15531900,4660951,1150,24300000,10120000,4659800,1552500,3107300,1552500,0,0,0,1554800,363015,0.3630
distribute_parallel_for_collapse_1100_1350_1200,1100,1200,0,2400,16207200,4863601,1200,24840000,10560000,4862400,1620000,3242400,1620000,0,0,0,1622400,363787,0.3638
distribute_parallel_for_collapse_1100_1350_1250,1100,1250,0,2500,16882500,5066251,1250,25380000,11000000,5065000,1687500,3377500,1687500,0,0,0,1690000,401119,0.4011
distribute_parallel_for_collapse_1100_1350_1300,1100,1300,0,2600,17557800,5268901,1300,25920000,11440000,5267600,1755000,3512600,1755000,0,0,0,1757600,408107,0.4081
distribute_parallel_for_collapse_1100_1350_1350,1100,1350,0,2700,18233100,5471551,1350,26460000,11880000,5470200,1822500,3647700,1822500,0,0,0,1825200,428435,0.4284
distribute_parallel_for_collapse_1100_1350_1400,1100,1400,0,2800,18908400,5674201,1400,27000000,12320000,5672800,1890000,3782800,1890000,0,0,0,1892800,436121,0.4361
distribute_parallel_for_collapse_1100_1350_1450,1100,1450,0,2900,19583700,5876851,1450,27540000,12760000,5875400,1957500,3917900,1957500,0,0,0,1960400,462294,0.4623
distribute_parallel_for_collapse_1100_1350_1500,1100,1500,0,3000,20259000,6079501,1500,28080000,13200000,6078000,2025000,4053000,2025000,0,0,0,2028000,475282,0.4753
distribute_parallel_for_collapse_1100_1350_1550,1100,1550,0,3100,20934300,6282151,1550,28620000,13640000,6280600,2092500,4188100,2092500,0,0,0,2095600,494191,0.4942
distribute_parallel_for_collapse_1100_1350_1600,1100,1600,0,3200,21609600,6484801,1600,29160000,14080000,6483200,2160000,4323200,2160000,0,0,0,2163200,500024,0.5000
distribute_parallel_for_collapse_1100_1350_1650,1100,1650,0,3300,22284900,6687451,1650,29700000,14520000,6685800,2227500,4458300,2227500,0,0,0,2230800,523880,0.5239
distribute_parallel_for_collapse_1100_1350_1700,1100,1700,0,3400,22960200,6890101,1700,30240000,14960000,6888400,2295000,4593400,2295000,0,0,0,2298400,550656,0.5507
distribute_parallel_for_collapse_1100_1350_1750,1100,1750,0,3500,23635500,7092751,1750,30780000,15400000,7091000,2362500,4728500,2362500,0,0,0,2366000,587627,0.5876
distribute_parallel_for_collapse_1100_1350_1800,1100,1800,0,3600,24310800,7295401,1800,31320000,15840000,7293600,2430000,4863600,2430000,0,0,0,2433600,586398,0.5864
distribute_parallel_for_collapse_1100_1350_1850,1100,1850,0,3700,24986100,7498051,1850,31860000,16280000,7496200,2497500,4998700,2497500,0,0,0,2501200,606569,0.6066
distribute_parallel_for_collapse_1100_1350_1900,1100,1900,0,3800,25661400,7700701,1900,32400000,16720000,7698800,2565000,5133800,2565000,0,0,0,2568800,616077,0.6161
distribute_parallel_for_collapse_1100_1350_1950,1100,1950,0,3900,26336700,7903351,1950,32940000,17160000,7901400,2632500,5268900,2632500,0,0,0,2636400,631872,0.6319
distribute_parallel_for_collapse_1100_1350_2000,1100,2000,0,4000,27012000,8106001,2000,33480000,17600000,8104000,2700000,5404000,2700000,0,0,0,2704000,609898,0.6099
distribute_parallel_for_collapse_1100_1400_1050,1100,1050,0,2100,14706300,4413151,1050,24080000,9240000,4412100,1470000,2942100,1470000,0,0,0,1472100,344864,0.3449
distribute_parallel_for_collapse_1100_1400_1100,1100,1100,0,2200,15406600,4623301,1100,24640000,9680000,4622200,1540000,3082200,1540000,0,0,0,1542200,358577,0.3586
distribute_parallel_for_collapse_1100_1400_1150,1100,1150,0,2300,16106900,4833451,1150,25200000,10120000,4832300,1610000,3222300,1610000,0,0,0,1612300,375819,0.3758
distribute_parallel_for_collapse_1100_1400_1200,1100,1200,0,2400,16807200,5043601,1200,25760000,10560000,5042400,1680000,3362400,1680000,0,0,0,1682400,378070,0.3781
distribute_parallel_for_collapse_1100_1400_1250,1100,1250,0,2500,17507500,5253751,1250,26320000,11000000,5252500,1750000,3502500,1750000,0,0,0,1752500,427155,0.4272
distribute_parallel_for_collapse_1100_1400_1300,1100,1300,0,2600,18207800,5463901,1300,26880000,11440000,5462600,1820000,3642600,1820000,0,0,0,1822600,423616,0.4236
distribute_parallel_for_collapse_1100_1400_1350,1100,1350,0,2700,18908100,5674051,1350,27440000,11880000,5672700,1890000,3782700,1890000,0,0,0,1892700,442849,0.4428
distribute_parallel_for_collapse_1100_1400_1400,1100,1400,0,2800,19608400,5884201,1400,28000000,12320000,5882800,1960000,3922800,1960000,0,0,0,1962800,450411,0.4504
distribute_parallel_for_collapse_1100_1400_1450,1100,1450,0,2900,20308700,6094351,1450,28560000,12760000,6092900,2030000,4062900,2030000,0,0,0,2032900,476479,0.4765
distribute_parallel_for_collapse_1100_1400_1500,1100,1500,0,3000,21009000,6304501,1500,29120000,13200000,6303000,2100000,4203000,2100000,0,0,0,2103000,488451,0.4885
distribute_parallel_for_collapse_1100_1400_1550,1100,1550,0,3100,21709300,6514651,1550,29680000,13640000,6513100,2170000,4343100,2170000,0,0,0,2173100,507024,0.5070
distribute_parallel_for_collapse_1100_1400_1600,1100,1600,0,3200,22409600,6724801,1600,30240000,14080000,6723200,2240000,4483200,2240000,0,0,0,2243200,500515,0.5005
distribute_parallel_for_collapse_1100_1400_1650,1100,1650,0,3300,23109900,6934951,1650,30800000,14520000,6933300,2310000,4623300,2310000,0,0,0,2313300,541159,0.5412
distribute_parallel_for_collapse_1100_1400_1700,1100,1700,0,3400,23810200,7145101,1700,31360000,14960000,7143400,2380000,4763400,2380000,0,0,0,2383400,556417,0.5564
distribute_parallel_for_collapse_1100_1400_1750,1100,1750,0,3500,24510500,7355251,1750,31920000,15400000,7353500,2450000,4903500,2450000,0,0,0,2453500,607042,0.6070
distribute_parallel_for_collapse_1100_1400_1800,1100,1800,0,3600,25210800,7565401,1800,32480000,15840000,7563600,2520000,5043600,2520000,0,0,0,2523600,581345,0.5813
distribute_parallel_for_collapse_1100_1400_1850,1100,1850,0,3700,25911100,7775551,1850,33040000,16280000,7773700,2590000,5183700,2590000,0,0,0,2593700,605830,0.6058
distribute_parallel_for_collapse_1100_1400_1900,1100,1900,0,3800,26611400,7985701,1900,33600000,16720000,7983800,2660000,5323800,2660000,0,0,0,2663800,623189,0.6232
distribute_parallel_for_collapse_1100_1400_1950,1100,1950,0,3900,27311700,8195851,1950,34160000,17160000,8193900,2730000,5463900,2730000,0,0,0,2733900,639162,0.6392
distribute_parallel_for_collapse_1100_1400_2000,1100,2000,0,4000,28012000,8406001,2000,34720000,17600000,8404000,2800000,5604000,2800000,0,0,0,2804000,655460,0.6555
distribute_parallel_for_collapse_1100_1450_1050,1100,1050,0,2100,15231300,4570651,1050,24940000,9240000,4569600,1522500,3047100,1522500,0,0,0,1524600,357117,0.3571
distribute_parallel_for_collapse_1100_1450_1100,1100,1100,0,2200,15956600,4788301,1100,25520000,9680000,4787200,1595000,3192200,1595000,0,0,0,1597200,371192,0.3712
distribute_parallel_for_collapse_1100_1450_1150,1100,1150,0,2300,16681900,5005951,1150,26100000,10120000,5004800,1667500,3337300,1667500,0,0,0,1669800,389902,0.3899
distribute_parallel_for_collapse_1100_1450_1200,1100,1200,0,2400,17407200,5223601,1200,26680000,10560000,5222400,1740000,3482400,1740000,0,0,0,1742400,394336,0.3943
distribute_parallel_for_collapse_1100_1450_1250,1100,1250,0,2500,18132500,5441251,1250,27260000,11000000,5440000,1812500,3627500,1812500,0,0,0,1815000,427639,0.4276
distribute_parallel_for_collapse_1100_1450_1300,1100,1300,0,2600,18857800,5658901,1300,27840000,11440000,5657600,1885000,3772600,1885000,0,0,0,1887600,437484,0.4375
distribute_parallel_for_collapse_1100_1450_1350,1100,1350,0,2700,19583100,5876551,1350,28420000,11880000,5875200,1957500,3917700,1957500,0,0,0,1960200,461073,0.4611
distribute_parallel_for_collapse_1100_1450_1400,1100,1400,0,2800,20308400,6094201,1400,29000000,12320000,6092800,2030000,4062800,2030000,0,0,0,2032800,469739,0.4697
distribute_parallel_for_collapse_1100_1450_1450,1100,1450,0,2900,21033700,6311851,1450,29580000,12760000,6310400,2102500,4207900,2102500,0,0,0,2105400,513778,0.5138
distribute_parallel_for_collapse_1100_1450_1500,1100,1500,0,3000,21759000,6529501,1500,30160000,13200000,6528000,2175000,4353000,2175000,0,0,0,2178000,528946,0.5289
distribute_parallel_for_collapse_1100_1450_1550,1100,1550,0,3100,22484300,6747151,1550,30740000,13640000,6745600,2247500,4498100,2247500,0,0,0,2250600,548468,0.5485
distribute_parallel_for_collapse_1100_1450_1600,1100,1600,0,3200,23209600,6964801,1600,31320000,14080000,6963200,2320000,4643200,2320000,0,0,0,2323200,519996,0.5200
distribute_parallel_for_collapse_1100_1450_1650,1100,1650,0,3300,23934900,7182451,1650,31900000,14520000,7180800,2392500,4788300,2392500,0,0,0,2395800,559561,0.5596
distribute_parallel_for_collapse_1100_1450_1700,1100,1700,0,3400,24660200,7400101,1700,32480000,14960000,7398400,2465000,4933400,2465000,0,0,0,2468400,572995,0.5730
distribute_parallel_for_collapse_1100_1450_1750,1100,1750,0,3500,25385500,7617751,1750,33060000,15400000,7616000,2537500,5078500,2537500,0,0,0,2541000,611498,0.6115
distribute_parallel_for_collapse_1100_1450_1800,1100,1800,0,3600,26110800,7835401,1800,33640000,15840000,7833600,2610000,5223600,2610000,0,0,0,2613600,598043,0.5980
distribute_parallel_for_collapse_1100_1450_1850,1100,1850,0,3700,26836100,8053051,1850,34220000,16280000,8051200,2682500,5368700,2682500,0,0,0,2686200,628443,0.6284
distribute_parallel_for_collapse_1100_1450_1900,1100,1900,0,3800,27561400,8270701,1900,34800000,16720000,8268800,2755000,5513800,2755000,0,0,0,2758800,640602,0.6406
distribute_parallel_for_collapse_1100_1450_1950,1100,1950,0,3900,28286700,8488351,1950,35380000,17160000,8486400,2827500,5658900,2827500,0,0,0,2831400,681206,0.6812
distribute_parallel_for_collapse_1100_1450_2000,1100,2000,0,4000,29012000,8706001,2000,35960000,17600000,8704000,2900000,5804000,2900000,0,0,0,2904000,665694,0.6657
distribute_parallel_for_collapse_1100_1500_1050,1100,1050,0,2100,15756300,4728151,1050,25800000,9240000,4727100,1575000,3152100,1575000,0,0,0,1577100,369646,0.3696
distribute_parallel_for_collapse_1100_1500_1100,1100,1100,0,2200,16506600,4953301,1100,26400000,9680000,4952200,1650000,3302200,1650000,0,0,0,1652200,383560,0.3836
distribute_parallel_for_collapse_1100_1500_1150,1100,1150,0,2300,17256900,5178451,1150,27000000,10120000,5177300,1725000,3452300,1725000,0,0,0,1727300,413770,0.4138
distribute_parallel_for_collapse_1100_1500_1200,1100,1200,0,2400,18007200,5403601,1200,27600000,10560000,5402400,1800000,3602400,1800000,0,0,0,1802400,404012,0.4040
distribute_parallel_for_collapse_1100_1500_1250,1100,1250,0,2500,18757500,5628751,1250,28200000,11000000,5627500,1875000,3752500,1875000,0,0,0,1877500,443158,0.4432
distribute_parallel_for_collapse_1100_1500_1300,1100,1300,0,2600,19507800,5853901,1300,28800000,11440000,5852600,1950000,3902600,1950000,0,0,0,1952600,455509,0.4555
distribute_parallel_for_collapse_1100_1500_1350,1100,1350,0,2700,20258100,6079051,1350,29400000,11880000,6077700,2025000,4052700,2025000,0,0,0,2027700,473294,0.4733
distribute_parallel_for_collapse_1100_1500_1400,1100,1400,0,2800,21008400,6304201,1400,30000000,12320000,6302800,2100000,4202800,2100000,0,0,0,2102800,482857,0.4829
distribute_parallel_for_collapse_1100_1500_1450,1100,1450,0,2900,21758700,6529351,1450,30600000,12760000,6527900,2175000,4352900,2175000,0,0,0,2177900,511174,0.5112
distribute_parallel_for_collapse_1100_1500_1500,1100,1500,0,3000,22509000,6754501,1500,31200000,13200000,6753000,2250000,4503000,2250000,0,0,0,2253000,523148,0.5231
distribute_parallel_for_collapse_1100_1500_1550,1100,1550,0,3100,23259300,6979651,1550,31800000,13640000,6978100,2325000,4653100,2325000,0,0,0,2328100,544138,0.5441
distribute_parallel_for_collapse_1100_1500_1600,1100,1600,0,3200,24009600,7204801,1600,32400000,14080000,7203200,2400000,4803200,2400000,0,0,0,2403200,535192,0.5352
distribute_parallel_for_collapse_1100_1500_1650,1100,1650,0,3300,24759900,7429951,1650,33000000,14520000,7428300,2475000,4953300,2475000,0,0,0,2478300,582326,0.5823
distribute_parallel_for_collapse_1100_1500_1700,1100,1700,0,3400,25510200,7655101,1700,33600000,14960000,7653400,2550000,5103400,2550000,0,0,0,2553400,592567,0.5926
distribute_parallel_for_collapse_1100_1500_1750,1100,1750,0,3500,26260500,7880251,1750,34200000,15400000,7878500,2625000,5253500,2625000,0,0,0,2628500,613417,0.6134
distribute_parallel_for_collapse_1100_1500_1800,1100,1800,0,3600,27010800,8105401,1800,34800000,15840000,8103600,2700000,5403600,2700000,0,0,0,2703600,619006,0.6190
distribute_parallel_for_collapse_1100_1500_1850,1100,1850,0,3700,27761100,8330551,1850,35400000,16280000,8328700,2775000,5553700,2775000,0,0,0,2778700,650235,0.6502
distribute_parallel_for_collapse_1100_1500_1900,1100,1900,0,3800,28511400,8555701,1900,36000000,16720000,8553800,2850000,5703800,2850000,0,0,0,2853800,666382,0.6664
distribute_parallel_for_collapse_1100_1500_1950,1100,1950,0,3900,29261700,8780851,1950,36600000,17160000,8778900,2925000,5853900,2925000,0,0,0,2928900,687061,0.6871
distribute_parallel_for_collapse_1100_1500_2000,1100,2000,0,4000,30012000,9006001,2000,37200000,17600000,9004000,3000000,6004000,3000000,0,0,0,3004000,676421,0.6764
distribute_parallel_for_collapse_1100_1550_1050,1100,1050,0,2100,16281300,4885651,1050,26660000,9240000,4884600,1627500,3257100,1627500,0,0,0,1629600,399550,0.3996
distribute_parallel_for_collapse_1100_1550_1100,1100,1100,0,2200,17056600,5118301,1100,27280000,9680000,5117200,1705000,3412200,1705000,0,0,0,1707200,446221,0.4462
distribute_parallel_for_collapse_1100_1550_1150,1100,1150,0,2300,17831900,5350951,1150,27900000,10120000,5349800,1782500,3567300,1782500,0,0,0,1784800,440946,0.4409
distribute_parallel_for_collapse_1100_1550_1200,1100,1200,0,2400,18607200,5583601,1200,28520000,10560000,5582400,1860000,3722400,1860000,0,0,0,1862400,422304,0.4223
distribute_parallel_for_collapse_1100_1550_1250,1100,1250,0,2500,19382500,5816251,1250,29140000,11000000,5815000,1937500,3877500,1937500,0,0,0,1940000,457417,0.4574
distribute_parallel_for_collapse_1100_1550_1300,1100,1300,0,2600,20157800,6048901,1300,29760000,11440000,6047600,2015000,4032600,2015000,0,0,0,2017600,471971,0.4720
distribute_parallel_for_collapse_1100_1550_1350,1100,1350,0,2700,20933100,6281551,1350,30380000,11880000,6280200,2092500,4187700,2092500,0,0,0,2095200,511810,0.5118
distribute_parallel_for_collapse_1100_1550_1400,1100,1400,0,2800,21708400,6514201,1400,31000000,12320000,6512800,2170000,4342800,2170000,0,0,0,2172800,515483,0.5155
distribute_parallel_for_collapse_1100_1550_1450,1100,1450,0,2900,22483700,6746851,1450,31620000,12760000,6745400,2247500,4497900,2247500,0,0,0,2250400,554303,0.5543
distribute_parallel_for_collapse_1100_1550_1500,1100,1500,0,3000,23259000,6979501,1500,32240000,13200000,6978000,2325000,4653000,2325000,0,0,0,2328000,542390,0.5424
distribute_parallel_for_collapse_1100_1550_1550,1100,1550,0,3100,24034300,7212151,1550,32860000,13640000,7210600,2402500,4808100,2402500,0,0,0,2405600,564905,0.5649
distribute_parallel_for_collapse_1100_1550_1600,1100,1600,0,3200,24809600,7444801,1600,33480000,14080000,7443200,2480000,4963200,2480000,0,0,0,2483200,554651,0.5547
distribute_parallel_for_collapse_1100_1550_1650,1100,1650,0,3300,25584900,7677451,1650,34100000,14520000,7675800,2557500,5118300,2557500,0,0,0,2560800,598188,0.5982
distribute_parallel_for_collapse_1100_1550_1700,1100,1700,0,3400,26360200,7910101,1700,34720000,14960000,7908400,2635000,5273400,2635000,0,0,0,2638400,615272,0.6153
distribute_parallel_for_collapse_1100_1550_1750,1100,1750,0,3500,27135500,8142751,1750,35340000,15400000,8141000,2712500,5428500,2712500,0,0,0,2716000,638198,0.6382
distribute_parallel_for_collapse_1100_1550_1800,1100,1800,0,3600,27910800,8375401,1800,35960000,15840000,8373600,2790000,5583600,2790000,0,0,0,2793600,640100,0.6401
distribute_parallel_for_collapse_1100_1550_1850,1100,1850,0,3700,28686100,8608051,1850,36580000,16280000,8606200,2867500,5738700,2867500,0,0,0,2871200,672975,0.6730
distribute_parallel_for_collapse_1100_1550_1900,1100,1900,0,3800,29461400,8840701,1900,37200000,16720000,8838800,2945000,5893800,2945000,0,0,0,2948800,683721,0.6837
distribute_parallel_for_collapse_1100_1550_1950,1100,1950,0,3900,30236700,9073351,1950,37820000,17160000,9071400,3022500,6048900,3022500,0,0,0,3026400,709704,0.7097
distribute_parallel_for_collapse_1100_1550_2000,1100,2000,0,4000,31012000,9306001,2000,38440000,17600000,9304000,3100000,6204000,3100000,0,0,0,3104000,696049,0.6960
distribute_parallel_for_collapse_1100_1600_1050,1100,1050,0,2100,16806300,5043151,1050,27520000,9240000,5042100,1680000,3362100,1680000,0,0,0,1682100,396707,0.3967
distribute_parallel_for_collapse_1100_1600_1100,1100,1100,0,2200,17606600,5283301,1100,28160000,9680000,5282200,1760000,3522200,1760000,0,0,0,1762200,408772,0.4088
distribute_parallel_for_collapse_1100_1600_1150,1100,1150,0,2300,18406900,5523451,1150,28800000,10120000,5522300,1840000,3682300,1840000,0,0,0,1842300,439597,0.4396
distribute_parallel_for_collapse_1100_1600_1200,1100,1200,0,2400,19207200,5763601,1200,29440000,10560000,5762400,1920000,3842400,1920000,0,0,0,1922400,431854,0.4319
distribute_parallel_for_collapse_1100_1600_1250,1100,1250,0,2500,20007500,6003751,1250,30080000,11000000,6002500,2000000,4002500,2000000,0,0,0,2002500,467380,0.4674
distribute_parallel_for_collapse_1100_1600_1300,1100,1300,0,2600,20807800,6243901,1300,30720000,11440000,6242600,2080000,4162600,2080000,0,0,0,2082600,486610,0.4866
distribute_parallel_for_collapse_1100_1600_1350,1100,1350,0,2700,21608100,6484051,1350,31360000,11880000,6482700,2160000,4322700,2160000,0,0,0,2162700,536703,0.5367
distribute_parallel_for_collapse_1100_1600_1400,1100,1400,0,2800,22408400,6724201,1400,32000000,12320000,6722800,2240000,4482800,2240000,0,0,0,2242800,520273,0.5203
distribute_parallel_for_collapse_1100_1600_1450,1100,1450,0,2900,23208700,6964351,1450,32640000,12760000,6962900,2320000,4642900,2320000,0,0,0,2322900,560692,0.5607
distribute_parallel_for_collapse_1100_1600_1500,1100,1500,0,3000,24009000,7204501,1500,33280000,13200000,7203000,2400000,4803000,2400000,0,0,0,2403000,589897,0.5899
distribute_parallel_for_collapse_1100_1600_1550,1100,1550,0,3100,24809300,7444651,1550,33920000,13640000,7443100,2480000,4963100,2480000,0,0,0,2483100,580989,0.5810
distribute_parallel_for_collapse_1100_1600_1600,1100,1600,0,3200,25609600,7684801,1600,34560000,14080000,7683200,2560000,5123200,2560000,0,0,0,2563200,571656,0.5717
distribute_parallel_for_collapse_1100_1600_1650,1100,1650,0,3300,26409900,7924951,1650,35200000,14520000,7923300,2640000,5283300,2640000,0,0,0,2643300,633139,0.6331
distribute_parallel_for_collapse_1100_1600_1700,1100,1700,0,3400,27210200,8165101,1700,35840000,14960000,8163400,2720000,5443400,2720000,0,0,0,2723400,632142,0.6321
distribute_parallel_for_collapse_1100_1600_1750,1100,1750,0,3500,28010500,8405251,1750,36480000,15400000,8403500,2800000,5603500,2800000,0,0,0,2803500,654997,0.6550
distribute_parallel_for_collapse_1100_1600_1800,1100,1800,0,3600,28810800,8645401,1800,37120000,15840000,8643600,2880000,5763600,2880000,0,0,0,2883600,661508,0.6615
distribute_parallel_for_collapse_1100_1600_1850,1100,1850,0,3700,29611100,8885551,1850,37760000,16280000,8883700,2960000,5923700,2960000,0,0,0,2963700,712586,0.7126
distribute_parallel_for_collapse_1100_1600_1900,1100,1900,0,3800,30411400,9125701,1900,38400000,16720000,9123800,3040000,6083800,3040000,0,0,0,3043800,706388,0.7064
distribute_parallel_for_collapse_1100_1600_1950,1100,1950,0,3900,31211700,9365851,1950,39040000,17160000,9363900,3120000,6243900,3120000,0,0,0,3123900,732293,0.7323
distribute_parallel_for_collapse_1100_1600_2000,1100,2000,0,4000,32012000,9606001,2000,39680000,17600000,9604000,3200000,6404000,3200000,0,0,0,3204000,716740,0.7167
distribute_parallel_for_collapse_1100_1650_1050,1100,1050,0,2100,17331300,5200651,1050,28380000,9240000,5199600,1732500,3467100,1732500,0,0,0,1734600,417151,0.4172
distribute_parallel_for_collapse_1100_1650_1100,1100,1100,0,2200,18156600,5448301,1100,29040000,9680000,5447200,1815000,3632200,1815000,0,0,0,1817200,423962,0.4240
distribute_parallel_for_collapse_1100_1650_1150,1100,1150,0,2300,18981900,5695951,1150,29700000,10120000,5694800,1897500,3797300,1897500,0,0,0,1899800,445673,0.4457
distribute_parallel_for_collapse_1100_1650_1200,1100,1200,0,2400,19807200,5943601,1200,30360000,10560000,5942400,1980000,3962400,1980000,0,0,0,1982400,444724,0.4447
distribute_parallel_for_collapse_1100_1650_1250,1100,1250,0,2500,20632500,6191251,1250,31020000,11000000,6190000,2062500,4127500,2062500,0,0,0,2065000,483616,0.4836
distribute_parallel_for_collapse_1100_1650_1300,1100,1300,0,2600,21457800,6438901,1300,31680000,11440000,6437600,2145000,4292600,2145000,0,0,0,2147600,503610,0.5036
distribute_parallel_for_collapse_1100_1650_1350,1100,1350,0,2700,22283100,6686551,1350,32340000,11880000,6685200,2227500,4457700,2227500,0,0,0,2230200,520581,0.5206
distribute_parallel_for_collapse_1100_1650_1400,1100,1400,0,2800,23108400,6934201,1400,33000000,12320000,6932800,2310000,4622800,2310000,0,0,0,2312800,530005,0.5300
distribute_parallel_for_collapse_1100_1650_1450,1100,1450,0,2900,23933700,7181851,1450,33660000,12760000,7180400,2392500,4787900,2392500,0,0,0,2395400,561006,0.5610
distribute_parallel_for_collapse_1100_1650_1500,1100,1500,0,3000,24759000,7429501,1500,34320000,13200000,7428000,2475000,4953000,2475000,0,0,0,2478000,574233,0.5742
distribute_parallel_for_collapse_1100_1650_1550,1100,1550,0,3100,25584300,7677151,1550,34980000,13640000,7675600,2557500,5118100,2557500,0,0,0,2560600,599071,0.5991
distribute_parallel_for_collapse_1100_1650_1600,1100,1600,0,3200,26409600,7924801,1600,35640000,14080000,7923200,2640000,5283200,2640000,0,0,0,2643200,591513,0.5915
distribute_parallel_for_collapse_1100_1650_1650,1100,1650,0,3300,27234900,8172451,1650,36300000,14520000,8170800,2722500,5448300,2722500,0,0,0,2725800,641822,0.6418
distribute_parallel_for_collapse_1100_1650_1700,1100,1700,0,3400,28060200,8420101,1700,36960000,14960000,8418400,2805000,5613400,2805000,0,0,0,2808400,670867,0.6709
distribute_parallel_for_collapse_1100_1650_1750,1100,1750,0,3500,28885500,8667751,1750,37620000,15400000,8666000,2887500,5778500,2887500,0,0,0,2891000,691970,0.6920
distribute_parallel_for_collapse_1100_1650_1800,1100,1800,0,3600,29710800,8915401,1800,38280000,15840000,8913600,2970000,5943600,2970000,0,0,0,2973600,694140,0.6941
distribute_parallel_for_collapse_1100_1650_1850,1100,1850,0,3700,30536100,9163051,1850,38940000,16280000,9161200,3052500,6108700,3052500,0,0,0,3056200,719525,0.7195
distribute_parallel_for_collapse_1100_1650_1900,1100,1900,0,3800,31361400,9410701,1900,39600000,16720000,9408800,3135000,6273800,3135000,0,0,0,3138800,731666,0.7317
distribute_parallel_for_collapse_1100_1650_1950,1100,1950,0,3900,32186700,9658351,1950,40260000,17160000,9656400,3217500,6438900,3217500,0,0,0,3221400,756428,0.7564
distribute_parallel_for_collapse_1100_1650_2000,1100,2000,0,4000,33012000,9906001,2000,40920000,17600000,9904000,3300000,6604000,3300000,0,0,0,3304000,741209,0.7412
distribute_parallel_for_collapse_1100_1700_1050,1100,1050,0,2100,17856300,5358151,1050,29240000,9240000,5357100,1785000,3572100,1785000,0,0,0,1787100,441402,0.4414
distribute_parallel_for_collapse_1100_1700_1100,1100,1100,0,2200,18706600,5613301,1100,29920000,9680000,5612200,1870000,3742200,1870000,0,0,0,1872200,438661,0.4387
distribute_parallel_for_collapse_1100_1700_1150,1100,1150,0,2300,19556900,5868451,1150,30600000,10120000,5867300,1955000,3912300,1955000,0,0,0,1957300,458821,0.4588
distribute_parallel_for_collapse_1100_1700_1200,1100,1200,0,2400,20407200,6123601,1200,31280000,10560000,6122400,2040000,4082400,2040000,0,0,0,2042400,456537,0.4565
distribute_parallel_for_collapse_1100_1700_1250,1100,1250,0,2500,21257500,6378751,1250,31960000,11000000,6377500,2125000,4252500,2125000,0,0,0,2127500,496735,0.4967
distribute_parallel_for_collapse_1100_1700_1300,1100,1300,0,2600,22107800,6633901,1300,32640000,11440000,6632600,2210000,4422600,2210000,0,0,0,2212600,545335,0.5453
distribute_parallel_for_collapse_1100_1700_1350,1100,1350,0,2700,22958100,6889051,1350,33320000,11880000,6887700,2295000,4592700,2295000,0,0,0,2297700,540229,0.5402
distribute_parallel_for_collapse_1100_1700_1400,1100,1400,0,2800,23808400,7144201,1400,34000000,12320000,7142800,2380000,4762800,2380000,0,0,0,2382800,546734,0.5467
distribute_parallel_for_collapse_1100_1700_1450,1100,1450,0,2900,24658700,7399351,1450,34680000,12760000,7397900,2465000,4932900,2465000,0,0,0,2467900,579893,0.5799
distribute_parallel_for_collapse_1100_1700_1500,1100,1500,0,3000,25509000,7654501,1500,35360000,13200000,7653000,2550000,5103000,2550000,0,0,0,2553000,592626,0.5926
distribute_parallel_for_collapse_1100_1700_1550,1100,1550,0,3100,26359300,7909651,1550,36040000,13640000,7908100,2635000,5273100,2635000,0,0,0,2638100,619378,0.6194
distribute_parallel_for_collapse_1100_1700_1600,1100,1600,0,3200,27209600,8164801,1600,36720000,14080000,8163200,2720000,5443200,2720000,0,0,0,2723200,637888,0.6379
distribute_parallel_for_collapse_1100_1700_1650,1100,1650,0,3300,28059900,8419951,1650,37400000,14520000,8418300,2805000,5613300,2805000,0,0,0,2808300,699889,0.6999
distribute_parallel_for_collapse_1100_1700_1700,1100,1700,0,3400,28910200,8675101,1700,38080000,14960000,8673400,2890000,5783400,2890000,0,0,0,2893400,714529,0.7145
distribute_parallel_for_collapse_1100_1700_1750,1100,1750,0,3500,29760500,8930251,1750,38760000,15400000,8928500,2975000,5953500,2975000,0,0,0,2978500,713012,0.7130
distribute_parallel_for_collapse_1100_1700_1800,1100,1800,0,3600,30610800,9185401,1800,39440000,15840000,9183600,3060000,6123600,3060000,0,0,0,3063600,740797,0.7408
distribute_parallel_for_collapse_1100_1700_1850,1100,1850,0,3700,31461100,9440551,1850,40120000,16280000,9438700,3145000,6293700,3145000,0,0,0,3148700,738582,0.7386
distribute_parallel_for_collapse_1100_1700_1900,1100,1900,0,3800,32311400,9695701,1900,40800000,16720000,9693800,3230000,6463800,3230000,0,0,0,3233800,755940,0.7559
distribute_parallel_for_collapse_1100_1700_1950,1100,1950,0,3900,33161700,9950851,1950,41480000,17160000,9948900,3315000,6633900,3315000,0,0,0,3318900,801998,0.8020
distribute_parallel_for_collapse_1100_1700_2000,1100,2000,0,4000,34012000,10206001,2000,42160000,17600000,10204000,3400000,6804000,3400000,0,0,0,3404000,762341,0.7623
distribute_parallel_for_collapse_1100_1750_1050,1100,1050,0,2100,18381300,5515651,1050,30100000,9240000,5514600,1837500,3677100,1837500,0,0,0,1839600,434726,0.4347
distribute_parallel_for_collapse_1100_1750_1100,1100,1100,0,2200,19256600,5778301,1100,30800000,9680000,5777200,1925000,3852200,1925000,0,0,0,1927200,461718,0.4617
distribute_parallel_for_collapse_1100_1750_1150,1100,1150,0,2300,20131900,6040951,1150,31500000,10120000,6039800,2012500,4027300,2012500,0,0,0,2014800,473870,0.4739
distribute_parallel_for_collapse_1100_1750_1200,1100,1200,0,2400,21007200,6303601,1200,32200000,10560000,6302400,2100000,4202400,2100000,0,0,0,2102400,475063,0.4751
distribute_parallel_for_collapse_1100_1750_1250,1100,1250,0,2500,21882500,6566251,1250,32900000,11000000,6565000,2187500,4377500,2187500,0,0,0,2190000,514439,0.5144
distribute_parallel_for_collapse_1100_1750_1300,1100,1300,0,2600,22757800,6828901,1300,33600000,11440000,6827600,2275000,4552600,2275000,0,0,0,2277600,529320,0.5293
distribute_parallel_for_collapse_1100_1750_1350,1100,1350,0,2700,23633100,7091551,1350,34300000,11880000,7090200,2362500,4727700,2362500,0,0,0,2365200,560156,0.5602
distribute_parallel_for_collapse_1100_1750_1400,1100,1400,0,2800,24508400,7354201,1400,35000000,12320000,7352800,2450000,4902800,2450000,0,0,0,2452800,578153,0.5782
distribute_parallel_for_collapse_1100_1750_1450,1100,1450,0,2900,25383700,7616851,1450,35700000,12760000,7615400,2537500,5077900,2537500,0,0,0,2540400,596178,0.5962
distribute_parallel_for_collapse_1100_1750_1500,1100,1500,0,3000,26259000,7879501,1500,36400000,13200000,7878000,2625000,5253000,2625000,0,0,0,2628000,609884,0.6099
distribute_parallel_for_collapse_1100_1750_1550,1100,1550,0,3100,27134300,8142151,1550,37100000,13640000,8140600,2712500,5428100,2712500,0,0,0,2715600,634486,0.6345
distribute_parallel_for_collapse_1100_1750_1600,1100,1600,0,3200,28009600,8404801,1600,37800000,14080000,8403200,2800000,5603200,2800000,0,0,0,2803200,627567,0.6276
distribute_parallel_for_collapse_1100_1750_1650,1100,1650,0,3300,28884900,8667451,1650,38500000,14520000,8665800,2887500,5778300,2887500,0,0,0,2890800,678382,0.6784
distribute_parallel_for_collapse_1100_1750_1700,1100,1700,0,3400,29760200,8930101,1700,39200000,14960000,8928400,2975000,5953400,2975000,0,0,0,2978400,701519,0.7015
distribute_parallel_for_collapse_1100_1750_1750,1100,1750,0,3500,30635500,9192751,1750,39900000,15400000,9191000,3062500,6128500,3062500,0,0,0,3066000,722664,0.7227
distribute_parallel_for_collapse_1100_1750_1800,1100,1800,0,3600,31510800,9455401,1800,40600000,15840000,9453600,3150000,6303600,3150000,0,0,0,3153600,719869,0.7199
distribute_parallel_for_collapse_1100_1750_1850,1100,1850,0,3700,32386100,9718051,1850,41300000,16280000,9716200,3237500,6478700,3237500,0,0,0,3241200,757850,0.7579
distribute_parallel_for_collapse_1100_1750_1900,1100,1900,0,3800,33261400,9980701,1900,42000000,16720000,9978800,3325000,6653800,3325000,0,0,0,3328800,773499,0.7735
distribute_parallel_for_collapse_1100_1750_1950,1100,1950,0,3900,34136700,10243351,1950,42700000,17160000,10241400,3412500,6828900,3412500,0,0,0,3416400,800776,0.8008
distribute_parallel_for_collapse_1100_1750_2000,1100,2000,0,4000,35012000,10506001,2000,43400000,17600000,10504000,3500000,7004000,3500000,0,0,0,3504000,791019,0.7910
distribute_parallel_for_collapse_1100_1800_1050,1100,1050,0,2100,18906300,5673151,1050,30960000,9240000,5672100,1890000,3782100,1890000,0,0,0,1892100,462634,0.4626
distribute_parallel_for_collapse_1100_1800_1100,1100,1100,0,2200,19806600,5943301,1100,31680000,9680000,5942200,1980000,3962200,1980000,0,0,0,1982200,460420,0.4604
distribute_parallel_for_collapse_1100_1800_1150,1100,1150,0,2300,20706900,6213451,1150,32400000,10120000,6212300,2070000,4142300,2070000,0,0,0,2072300,484343,0.4843
distribute_parallel_for_collapse_1100_1800_1200,1100,1200,0,2400,21607200,6483601,1200,33120000,10560000,6482400,2160000,4322400,2160000,0,0,0,2162400,483547,0.4835
distribute_parallel_for_collapse_1100_1800_1250,1100,1250,0,2500,22507500,6753751,1250,33840000,11000000,6752500,2250000,4502500,2250000,0,0,0,2252500,549925,0.5499
distribute_parallel_for_collapse_1100_1800_1300,1100,1300,0,2600,23407800,7023901,1300,34560000,11440000,7022600,2340000,4682600,2340000,0,0,0,2342600,545847,0.5458
distribute_parallel_for_collapse_1100_1800_1350,1100,1350,0,2700,24308100,7294051,1350,35280000,11880000,7292700,2430000,4862700,2430000,0,0,0,2432700,571141,0.5711
distribute_parallel_for_collapse_1100_1800_1400,1100,1400,0,2800,25208400,7564201,1400,36000000,12320000,7562800,2520000,5042800,2520000,0,0,0,2522800,579207,0.5792
distribute_parallel_for_collapse_1100_1800_1450,1100,1450,0,2900,26108700,7834351,1450,36720000,12760000,7832900,2610000,5222900,2610000,0,0,0,2612900,613273,0.6133
distribute_parallel_for_collapse_1100_1800_1500,1100,1500,0,3000,27009000,8104501,1500,37440000,13200000,8103000,2700000,5403000,2700000,0,0,0,2703000,627282,0.6273
distribute_parallel_for_collapse_1100_1800_1550,1100,1550,0,3100,27909300,8374651,1550,38160000,13640000,8373100,2790000,5583100,2790000,0,0,0,2793100,656846,0.6568
distribute_parallel_for_collapse_1100_1800_1600,1100,1600,0,3200,28809600,8644801,1600,38880000,14080000,8643200,2880000,5763200,2880000,0,0,0,2883200,655099,0.6551
distribute_parallel_for_collapse_1100_1800_1650,1100,1650,0,3300,29709900,8914951,1650,39600000,14520000,8913300,2970000,5943300,2970000,0,0,0,2973300,699483,0.6995
distribute_parallel_for_collapse_1100_1800_1700,1100,1700,0,3400,30610200,9185101,1700,40320000,14960000,9183400,3060000,6123400,3060000,0,0,0,3063400,730154,0.7302
distribute_parallel_for_collapse_1100_1800_1750,1100,1750,0,3500,31510500,9455251,1750,41040000,15400000,9453500,3150000,6303500,3150000,0,0,0,3153500,741327,0.7413
distribute_parallel_for_collapse_1100_1800_1800,1100,1800,0,3600,32410800,9725401,1800,41760000,15840000,9723600,3240000,6483600,3240000,0,0,0,3243600,741848,0.7418
distribute_parallel_for_collapse_1100_1800_1850,1100,1850,0,3700,33311100,9995551,1850,42480000,16280000,9993700,3330000,6663700,3330000,0,0,0,3333700,779969,0.7800
distribute_parallel_for_collapse_1100_1800_1900,1100,1900,0,3800,34211400,10265701,1900,43200000,16720000,10263800,3420000,6843800,3420000,0,0,0,3423800,795646,0.7956
distribute_parallel_for_collapse_1100_1800_1950,1100,1950,0,3900,35111700,10535851,1950,43920000,17160000,10533900,3510000,7023900,3510000,0,0,0,3513900,822631,0.8226
distribute_parallel_for_collapse_1100_1800_2000,1100,2000,0,4000,36012000,10806001,2000,44640000,17600000,10804000,3600000,7204000,3600000,0,0,0,3604000,807836,0.8078
distribute_parallel_for_collapse_1100_1850_1050,1100,1050,0,2100,19431300,5830651,1050,31820000,9240000,5829600,1942500,3887100,1942500,0,0,0,1944600,455945,0.4559
distribute_parallel_for_collapse_1100_1850_1100,1100,1100,0,2200,20356600,6108301,1100,32560000,9680000,6107200,2035000,4072200,2035000,0,0,0,2037200,473003,0.4730
distribute_parallel_for_collapse_1100_1850_1150,1100,1150,0,2300,21281900,6385951,1150,33300000,10120000,6384800,2127500,4257300,2127500,0,0,0,2129800,500152,0.5002
distribute_parallel_for_collapse_1100_1850_1200,1100,1200,0,2400,22207200,6663601,1200,34040000,10560000,6662400,2220000,4442400,2220000,0,0,0,2222400,497797,0.4978
distribute_parallel_for_collapse_1100_1850_1250,1100,1250,0,2500,23132500,6941251,1250,34780000,11000000,6940000,2312500,4627500,2312500,0,0,0,2315000,541077,0.5411
distribute_parallel_for_collapse_1100_1850_1300,1100,1300,0,2600,24057800,7218901,1300,35520000,11440000,7217600,2405000,4812600,2405000,0,0,0,2407600,561973,0.5620
distribute_parallel_for_collapse_1100_1850_1350,1100,1350,0,2700,24983100,7496551,1350,36260000,11880000,7495200,2497500,4997700,2497500,0,0,0,2500200,600733,0.6007
distribute_parallel_for_collapse_1100_1850_1400,1100,1400,0,2800,25908400,7774201,1400,37000000,12320000,7772800,2590000,5182800,2590000,0,0,0,2592800,593190,0.5932
distribute_parallel_for_collapse_1100_1850_1450,1100,1450,0,2900,26833700,8051851,1450,37740000,12760000,8050400,2682500,5367900,2682500,0,0,0,2685400,628746,0.6287
distribute_parallel_for_collapse_1100_1850_1500,1100,1500,0,3000,27759000,8329501,1500,38480000,13200000,8328000,2775000,5553000,2775000,0,0,0,2778000,646984,0.6470
distribute_parallel_for_collapse_1100_1850_1550,1100,1550,0,3100,28684300,8607151,1550,39220000,13640000,8605600,2867500,5738100,2867500,0,0,0,2870600,670450,0.6704
distribute_parallel_for_collapse_1100_1850_1600,1100,1600,0,3200,29609600,8884801,1600,39960000,14080000,8883200,2960000,5923200,2960000,0,0,0,2963200,662770,0.6628
distribute_parallel_for_collapse_1100_1850_1650,1100,1650,0,3300,30534900,9162451,1650,40700000,14520000,9160800,3052500,6108300,3052500,0,0,0,3055800,715640,0.7156
distribute_parallel_for_collapse_1100_1850_1700,1100,1700,0,3400,31460200,9440101,1700,41440000,14960000,9438400,3145000,6293400,3145000,0,0,0,3148400,733551,0.7336
distribute_parallel_for_collapse_1100_1850_1750,1100,1750,0,3500,32385500,9717751,1750,42180000,15400000,9716000,3237500,6478500,3237500,0,0,0,3241000,778555,0.7786
distribute_parallel_for_collapse_1100_1850_1800,1100,1800,0,3600,33310800,9995401,1800,42920000,15840000,9993600,3330000,6663600,3330000,0,0,0,3333600,814598,0.8146
distribute_parallel_for_collapse_1100_1850_1850,1100,1850,0,3700,34236100,10273051,1850,43660000,16280000,10271200,3422500,6848700,3422500,0,0,0,3426200,847928,0.8479
distribute_parallel_for_collapse_1100_1850_1900,1100,1900,0,3800,35161400,10550701,1900,44400000,16720000,10548800,3515000,7033800,3515000,0,0,0,3518800,834447,0.8344
distribute_parallel_for_collapse_1100_1850_1950,1100,1950,0,3900,36086700,10828351,1950,45140000,17160000,10826400,3607500,7218900,3607500,0,0,0,3611400,877955,0.8780
distribute_parallel_for_collapse_1100_1850_2000,1100,2000,0,4000,37012000,11106001,2000,45880000,17600000,11104000,3700000,7404000,3700000,0,0,0,3704000,831737,0.8317
distribute_parallel_for_collapse_1100_1900_1050,1100,1050,0,2100,19956300,5988151,1050,32680000,9240000,5987100,1995000,3992100,1995000,0,0,0,1997100,471207,0.4712
distribute_parallel_for_collapse_1100_1900_1100,1100,1100,0,2200,20906600,6273301,1100,33440000,9680000,6272200,2090000,4182200,2090000,0,0,0,2092200,488671,0.4887
distribute_parallel_for_collapse_1100_1900_1150,1100,1150,0,2300,21856900,6558451,1150,34200000,10120000,6557300,2185000,4372300,2185000,0,0,0,2187300,515880,0.5159
distribute_parallel_for_collapse_1100_1900_1200,1100,1200,0,2400,22807200,6843601,1200,34960000,10560000,6842400,2280000,4562400,2280000,0,0,0,2282400,531251,0.5313
distribute_parallel_for_collapse_1100_1900_1250,1100,1250,0,2500,23757500,7128751,1250,35720000,11000000,7127500,2375000,4752500,2375000,0,0,0,2377500,557774,0.5578
distribute_parallel_for_collapse_1100_1900_1300,1100,1300,0,2600,24707800,7413901,1300,36480000,11440000,7412600,2470000,4942600,2470000,0,0,0,2472600,575126,0.5751
distribute_parallel_for_collapse_1100_1900_1350,1100,1350,0,2700,25658100,7699051,1350,37240000,11880000,7697700,2565000,5132700,2565000,0,0,0,2567700,602955,0.6030
distribute_parallel_for_collapse_1100_1900_1400,1100,1400,0,2800,26608400,7984201,1400,38000000,12320000,7982800,2660000,5322800,2660000,0,0,0,2662800,625776,0.6258
distribute_parallel_for_collapse_1100_1900_1450,1100,1450,0,2900,27558700,8269351,1450,38760000,12760000,8267900,2755000,5512900,2755000,0,0,0,2757900,645317,0.6453
distribute_parallel_for_collapse_1100_1900_1500,1100,1500,0,3000,28509000,8554501,1500,39520000,13200000,8553000,2850000,5703000,2850000,0,0,0,2853000,662220,0.6622
distribute_parallel_for_collapse_1100_1900_1550,1100,1550,0,3100,29459300,8839651,1550,40280000,13640000,8838100,2945000,5893100,2945000,0,0,0,2948100,691051,0.6911
distribute_parallel_for_collapse_1100_1900_1600,1100,1600,0,3200,30409600,9124801,1600,41040000,14080000,9123200,3040000,6083200,3040000,0,0,0,3043200,689884,0.6899
distribute_parallel_for_collapse_1100_1900_1650,1100,1650,0,3300,31359900,9409951,1650,41800000,14520000,9408300,3135000,6273300,3135000,0,0,0,3138300,739211,0.7392
distribute_parallel_for_collapse_1100_1900_1700,1100,1700,0,3400,32310200,9695101,1700,42560000,14960000,9693400,3230000,6463400,3230000,0,0,0,3233400,751234,0.7512
distribute_parallel_for_collapse_1100_1900_1750,1100,1750,0,3500,33260500,9980251,1750,43320000,15400000,9978500,3325000,6653500,3325000,0,0,0,3328500,779179,0.7792
distribute_parallel_for_collapse_1100_1900_1800,1100,1800,0,3600,34210800,10265401,1800,44080000,15840000,10263600,3420000,6843600,3420000,0,0,0,3423600,783489,0.7835
distribute_parallel_for_collapse_1100_1900_1850,1100,1850,0,3700,35161100,10550551,1850,44840000,16280000,10548700,3515000,7033700,3515000,0,0,0,3518700,826298,0.8263
distribute_parallel_for_collapse_1100_1900_1900,1100,1900,0,3800,36111400,10835701,1900,45600000,16720000,10833800,3610000,7223800,3610000,0,0,0,3613800,844031,0.8440
distribute_parallel_for_collapse_1100_1900_1950,1100,1950,0,3900,37061700,11120851,1950,46360000,17160000,11118900,3705000,7413900,3705000,0,0,0,3708900,869480,0.8695
distribute_parallel_for_collapse_1100_1900_2000,1100,2000,0,4000,38012000,11406001,2000,47120000,17600000,11404000,3800000,7604000,3800000,0,0,0,3804000,854601,0.8546
distribute_parallel_for_collapse_1100_1950_1050,1100,1050,0,2100,20481300,6145651,1050,33540000,9240000,6144600,2047500,4097100,2047500,0,0,0,2049600,481789,0.4818
distribute_parallel_for_collapse_1100_1950_1100,1100,1100,0,2200,21456600,6438301,1100,34320000,9680000,6437200,2145000,4292200,2145000,0,0,0,2147200,500157,0.5002
distribute_parallel_for_collapse_1100_1950_1150,1100,1150,0,2300,22431900,6730951,1150,35100000,10120000,6729800,2242500,4487300,2242500,0,0,0,2244800,542487,0.5425
distribute_parallel_for_collapse_1100_1950_1200,1100,1200,0,2400,23407200,7023601,1200,35880000,10560000,7022400,2340000,4682400,2340000,0,0,0,2342400,543518,0.5435
distribute_parallel_for_collapse_1100_1950_1250,1100,1250,0,2500,24382500,7316251,1250,36660000,11000000,7315000,2437500,4877500,2437500,0,0,0,2440000,581903,0.5819
distribute_parallel_for_collapse_1100_1950_1300,1100,1300,0,2600,25357800,7608901,1300,37440000,11440000,7607600,2535000,5072600,2535000,0,0,0,2537600,595886,0.5959
distribute_parallel_for_collapse_1100_1950_1350,1100,1350,0,2700,26333100,7901551,1350,38220000,11880000,7900200,2632500,5267700,2632500,0,0,0,2635200,619190,0.6192
distribute_parallel_for_collapse_1100_1950_1400,1100,1400,0,2800,27308400,8194201,1400,39000000,12320000,8192800,2730000,5462800,2730000,0,0,0,2732800,632453,0.6325
distribute_parallel_for_collapse_1100_1950_1450,1100,1450,0,2900,28283700,8486851,1450,39780000,12760000,8485400,2827500,5657900,2827500,0,0,0,2830400,664394,0.6644
distribute_parallel_for_collapse_1100_1950_1500,1100,1500,0,3000,29259000,8779501,1500,40560000,13200000,8778000,2925000,5853000,2925000,0,0,0,2928000,681681,0.6817
distribute_parallel_for_collapse_1100_1950_1550,1100,1550,0,3100,30234300,9072151,1550,41340000,13640000,9070600,3022500,6048100,3022500,0,0,0,3025600,707955,0.7080
distribute_parallel_for_collapse_1100_1950_1600,1100,1600,0,3200,31209600,9364801,1600,42120000,14080000,9363200,3120000,6243200,3120000,0,0,0,3123200,702227,0.7022
distribute_parallel_for_collapse_1100_1950_1650,1100,1650,0,3300,32184900,9657451,1650,42900000,14520000,9655800,3217500,6438300,3217500,0,0,0,3220800,759776,0.7598
distribute_parallel_for_collapse_1100_1950_1700,1100,1700,0,3400,33160200,9950101,1700,43680000,14960000,9948400,3315000,6633400,3315000,0,0,0,3318400,771837,0.7718
distribute_parallel_for_collapse_1100_1950_1750,1100,1750,0,3500,34135500,10242751,1750,44460000,15400000,10241000,3412500,6828500,3412500,0,0,0,3416000,801308,0.8013
distribute_parallel_for_collapse_1100_1950_1800,1100,1800,0,3600,35110800,10535401,1800,45240000,15840000,10533600,3510000,7023600,3510000,0,0,0,3513600,818988,0.8190
distribute_parallel_for_collapse_1100_1950_1850,1100,1850,0,3700,36086100,10828051,1850,46020000,16280000,10826200,3607500,7218700,3607500,0,0,0,3611200,848073,0.8481
distribute_parallel_for_collapse_1100_1950_1900,1100,1900,0,3800,37061400,11120701,1900,46800000,16720000,11118800,3705000,7413800,3705000,0,0,0,3708800,861294,0.8613
distribute_parallel_for_collapse_1100_1950_1950,1100,1950,0,3900,38036700,11413351,1950,47580000,17160000,11411400,3802500,7608900,3802500,0,0,0,3806400,892142,0.8921
distribute_parallel_for_collapse_1100_1950_2000,1100,2000,0,4000,39012000,11706001,2000,48360000,17600000,11704000,3900000,7804000,3900000,0,0,0,3904000,875561,0.8756
distribute_parallel_for_collapse_1100_2000_1050,1100,1050,0,2100,21006300,6303151,1050,34400000,9240000,6302100,2100000,4202100,2100000,0,0,0,2102100,492758,0.4928
distribute_parallel_for_collapse_1100_2000_1100,1100,1100,0,2200,22006600,6603301,1100,35200000,9680000,6602200,2200000,4402200,2200000,0,0,0,2202200,525638,0.5256
distribute_parallel_for_collapse_1100_2000_1150,1100,1150,0,2300,23006900,6903451,1150,36000000,10120000,6902300,2300000,4602300,2300000,0,0,0,2302300,541324,0.5413
distribute_parallel_for_collapse_1100_2000_1200,1100,1200,0,2400,24007200,7203601,1200,36800000,10560000,7202400,2400000,4802400,2400000,0,0,0,2402400,548391,0.5484
distribute_parallel_for_collapse_1100_2000_1250,1100,1250,0,2500,25007500,7503751,1250,37600000,11000000,7502500,2500000,5002500,2500000,0,0,0,2502500,590068,0.5901
distribute_parallel_for_collapse_1100_2000_1300,1100,1300,0,2600,26007800,7803901,1300,38400000,11440000,7802600,2600000,5202600,2600000,0,0,0,2602600,606343,0.6063
distribute_parallel_for_collapse_1100_2000_1350,1100,1350,0,2700,27008100,8104051,1350,39200000,11880000,8102700,2700000,5402700,2700000,0,0,0,2702700,632257,0.6323
distribute_parallel_for_collapse_1100_2000_1400,1100,1400,0,2800,28008400,8404201,1400,40000000,12320000,8402800,2800000,5602800,2800000,0,0,0,2802800,659002,0.6590
distribute_parallel_for_collapse_1100_2000_1450,1100,1450,0,2900,29008700,8704351,1450,40800000,12760000,8702900,2900000,5802900,2900000,0,0,0,2902900,713671,0.7137
distribute_parallel_for_collapse_1100_2000_1500,1100,1500,0,3000,30009000,9004501,1500,41600000,13200000,9003000,3000000,6003000,3000000,0,0,0,3003000,717166,0.7172
distribute_parallel_for_collapse_1100_2000_1550,1100,1550,0,3100,31009300,9304651,1550,42400000,13640000,9303100,3100000,6203100,3100000,0,0,0,3103100,766924,0.7669
distribute_parallel_for_collapse_1100_2000_1600,1100,1600,0,3200,32009600,9604801,1600,43200000,14080000,9603200,3200000,6403200,3200000,0,0,0,3203200,793356,0.7934
distribute_parallel_for_collapse_1100_2000_1650,1100,1650,0,3300,33009900,9904951,1650,44000000,14520000,9903300,3300000,6603300,3300000,0,0,0,3303300,877870,0.8779
distribute_parallel_for_collapse_1100_2000_1700,1100,1700,0,3400,34010200,10205101,1700,44800000,14960000,10203400,3400000,6803400,3400000,0,0,0,3403400,803962,0.8040
distribute_parallel_for_collapse_1100_2000_1750,1100,1750,0,3500,35010500,10505251,1750,45600000,15400000,10503500,3500000,7003500,3500000,0,0,0,3503500,839027,0.8390
distribute_parallel_for_collapse_1100_2000_1800,1100,1800,0,3600,36010800,10805401,1800,46400000,15840000,10803600,3600000,7203600,3600000,0,0,0,3603600,853120,0.8531
distribute_parallel_for_collapse_1100_2000_1850,1100,1850,0,3700,37011100,11105551,1850,47200000,16280000,11103700,3700000,7403700,3700000,0,0,0,3703700,889560,0.8896
distribute_parallel_for_collapse_1100_2000_1900,1100,1900,0,3800,38011400,11405701,1900,48000000,16720000,11403800,3800000,7603800,3800000,0,0,0,3803800,883360,0.8834
distribute_parallel_for_collapse_1100_2000_1950,1100,1950,0,3900,39011700,11705851,1950,48800000,17160000,11703900,3900000,7803900,3900000,0,0,0,3903900,912848,0.9128
distribute_parallel_for_collapse_1100_2000_2000,1100,2000,0,4000,40012000,12006001,2000,49600000,17600000,12004000,4000000,8004000,4000000,0,0,0,4004000,894691,0.8947
distribute_parallel_for_collapse_1150_1050_1050,1150,1050,0,2100,11031300,3310651,1050,18480000,9660000,3309600,1102500,2207100,1102500,0,0,0,1104600,272606,0.2726
distribute_parallel_for_collapse_1150_1050_1100,1150,1100,0,2200,11556600,3468301,1100,18900000,10120000,3467200,1155000,2312200,1155000,0,0,0,1157200,284634,0.2846
distribute_parallel_for_collapse_1150_1050_1150,1150,1150,0,2300,12081900,3625951,1150,19320000,10580000,3624800,1207500,2417300,1207500,0,0,0,1209800,299889,0.2999
distribute_parallel_for_collapse_1150_1050_1200,1150,1200,0,2400,12607200,3783601,1200,19740000,11040000,3782400,1260000,2522400,1260000,0,0,0,1262400,295583,0.2956
distribute_parallel_for_collapse_1150_1050_1250,1150,1250,0,2500,13132500,3941251,1250,20160000,11500000,3940000,1312500,2627500,1312500,0,0,0,1315000,322510,0.3225
distribute_parallel_for_collapse_1150_1050_1300,1150,1300,0,2600,13657800,4098901,1300,20580000,11960000,4097600,1365000,2732600,1365000,0,0,0,1367600,334381,0.3344
distribute_parallel_for_collapse_1150_1050_1350,1150,1350,0,2700,14183100,4256551,1350,21000000,12420000,4255200,1417500,2837700,1417500,0,0,0,1420200,351016,0.3510
distribute_parallel_for_collapse_1150_1050_1400,1150,1400,0,2800,14708400,4414201,1400,21420000,12880000,4412800,1470000,2942800,1470000,0,0,0,1472800,353851,0.3539
distribute_parallel_for_collapse_1150_1050_1450,1150,1450,0,2900,15233700,4571851,1450,21840000,13340000,4570400,1522500,3047900,1522500,0,0,0,1525400,376124,0.3761
distribute_parallel_for_collapse_1150_1050_1500,1150,1500,0,3000,15759000,4729501,1500,22260000,13800000,4728000,1575000,3153000,1575000,0,0,0,1578000,382965,0.3830
distribute_parallel_for_collapse_1150_1050_1550,1150,1550,0,3100,16284300,4887151,1550,22680000,14260000,4885600,1627500,3258100,1627500,0,0,0,1630600,399895,0.3999
distribute_parallel_for_collapse_1150_1050_1600,1150,1600,0,3200,16809600,5044801,1600,23100000,14720000,5043200,1680000,3363200,1680000,0,0,0,1683200,417814,0.4178
distribute_parallel_for_collapse_1150_1050_1650,1150,1650,0,3300,17334900,5202451,1650,23520000,15180000,5200800,1732500,3468300,1732500,0,0,0,1735800,428039,0.4280
distribute_parallel_for_collapse_1150_1050_1700,1150,1700,0,3400,17860200,5360101,1700,23940000,15640000,5358400,1785000,3573400,1785000,0,0,0,1788400,435823,0.4358
distribute_parallel_for_collapse_1150_1050_1750,1150,1750,0,3500,18385500,5517751,1750,24360000,16100000,5516000,1837500,3678500,1837500,0,0,0,1841000,451672,0.4517
distribute_parallel_for_collapse_1150_1050_1800,1150,1800,0,3600,18910800,5675401,1800,24780000,16560000,5673600,1890000,3783600,1890000,0,0,0,1893600,455726,0.4557
distribute_parallel_for_collapse_1150_1050_1850,1150,1850,0,3700,19436100,5833051,1850,25200000,17020000,5831200,1942500,3888700,1942500,0,0,0,1946200,501738,0.5017
distribute_parallel_for_collapse_1150_1050_1900,1150,1900,0,3800,19961400,5990701,1900,25620000,17480000,5988800,1995000,3993800,1995000,0,0,0,1998800,486337,0.4863
distribute_parallel_for_collapse_1150_1050_1950,1150,1950,0,3900,20486700,6148351,1950,26040000,17940000,6146400,2047500,4098900,2047500,0,0,0,2051400,502671,0.5027
distribute_parallel_for_collapse_1150_1050_2000,1150,2000,0,4000,21012000,6306001,2000,26460000,18400000,6304000,2100000,4204000,2100000,0,0,0,2104000,497807,0.4978
distribute_parallel_for_collapse_1150_1100_1050,1150,1050,0,2100,11556300,3468151,1050,19360000,9660000,3467100,1155000,2312100,1155000,0,0,0,1157100,284236,0.2842
distribute_parallel_for_collapse_1150_1100_1100,1150,1100,0,2200,12106600,3633301,1100,19800000,10120000,3632200,1210000,2422200,1210000,0,0,0,1212200,300172,0.3002
distribute_parallel_for_collapse_1150_1100_1150,1150,1150,0,2300,12656900,3798451,1150,20240000,10580000,3797300,1265000,2532300,1265000,0,0,0,1267300,309055,0.3091
distribute_parallel_for_collapse_1150_1100_1200,1150,1200,0,2400,13207200,3963601,1200,20680000,11040000,3962400,1320000,2642400,1320000,0,0,0,1322400,309764,0.3098
distribute_parallel_for_collapse_1150_1100_1250,1150,1250,0,2500,13757500,4128751,1250,21120000,11500000,4127500,1375000,2752500,1375000,0,0,0,1377500,352767,0.3528
distribute_parallel_for_collapse_1150_1100_1300,1150,1300,0,2600,14307800,4293901,1300,21560000,11960000,4292600,1430000,2862600,1430000,0,0,0,1432600,348506,0.3485
distribute_parallel_for_collapse_1150_1100_1350,1150,1350,0,2700,14858100,4459051,1350,22000000,12420000,4457700,1485000,2972700,1485000,0,0,0,1487700,363970,0.3640
distribute_parallel_for_collapse_1150_1100_1400,1150,1400,0,2800,15408400,4624201,1400,22440000,12880000,4622800,1540000,3082800,1540000,0,0,0,1542800,371027,0.3710
distribute_parallel_for_collapse_1150_1100_1450,1150,1450,0,2900,15958700,4789351,1450,22880000,13340000,4787900,1595000,3192900,1595000,0,0,0,1597900,393228,0.3932
distribute_parallel_for_collapse_1150_1100_1500,1150,1500,0,3000,16509000,4954501,1500,23320000,13800000,4953000,1650000,3303000,1650000,0,0,0,1653000,402467,0.4025
distribute_parallel_for_collapse_1150_1100_1550,1150,1550,0,3100,17059300,5119651,1550,23760000,14260000,5118100,1705000,3413100,1705000,0,0,0,1708100,417168,0.4172
distribute_parallel_for_collapse_1150_1100_1600,1150,1600,0,3200,17609600,5284801,1600,24200000,14720000,5283200,1760000,3523200,1760000,0,0,0,1763200,414158,0.4142
distribute_parallel_for_collapse_1150_1100_1650,1150,1650,0,3300,18159900,5449951,1650,24640000,15180000,5448300,1815000,3633300,1815000,0,0,0,1818300,443887,0.4439
distribute_parallel_for_collapse_1150_1100_1700,1150,1700,0,3400,18710200,5615101,1700,25080000,15640000,5613400,1870000,3743400,1870000,0,0,0,1873400,455256,0.4553
distribute_parallel_for_collapse_1150_1100_1750,1150,1750,0,3500,19260500,5780251,1750,25520000,16100000,5778500,1925000,3853500,1925000,0,0,0,1928500,485075,0.4851
distribute_parallel_for_collapse_1150_1100_1800,1150,1800,0,3600,19810800,5945401,1800,25960000,16560000,5943600,1980000,3963600,1980000,0,0,0,1983600,490339,0.4903
distribute_parallel_for_collapse_1150_1100_1850,1150,1850,0,3700,20361100,6110551,1850,26400000,17020000,6108700,2035000,4073700,2035000,0,0,0,2038700,515359,0.5154
distribute_parallel_for_collapse_1150_1100_1900,1150,1900,0,3800,20911400,6275701,1900,26840000,17480000,6273800,2090000,4183800,2090000,0,0,0,2093800,528857,0.5289
distribute_parallel_for_collapse_1150_1100_1950,1150,1950,0,3900,21461700,6440851,1950,27280000,17940000,6438900,2145000,4293900,2145000,0,0,0,2148900,525126,0.5251
distribute_parallel_for_collapse_1150_1100_2000,1150,2000,0,4000,22012000,6606001,2000,27720000,18400000,6604000,2200000,4404000,2200000,0,0,0,2204000,519369,0.5194
distribute_parallel_for_collapse_1150_1150_1050,1150,1050,0,2100,12081300,3625651,1050,20240000,9660000,3624600,1207500,2417100,1207500,0,0,0,1209600,297142,0.2971
distribute_parallel_for_collapse_1150_1150_1100,1150,1100,0,2200,12656600,3798301,1100,20700000,10120000,3797200,1265000,2532200,1265000,0,0,0,1267200,307988,0.3080
distribute_parallel_for_collapse_1150_1150_1150,1150,1150,0,2300,13231900,3970951,1150,21160000,10580000,3969800,1322500,2647300,1322500,0,0,0,1324800,322663,0.3227
distribute_parallel_for_collapse_1150_1150_1200,1150,1200,0,2400,13807200,4143601,1200,21620000,11040000,4142400,1380000,2762400,1380000,0,0,0,1382400,325789,0.3258
distribute_parallel_for_collapse_1150_1150_1250,1150,1250,0,2500,14382500,4316251,1250,22080000,11500000,4315000,1437500,2877500,1437500,0,0,0,1440000,353467,0.3535
distribute_parallel_for_collapse_1150_1150_1300,1150,1300,0,2600,14957800,4488901,1300,22540000,11960000,4487600,1495000,2992600,1495000,0,0,0,1497600,363662,0.3637
distribute_parallel_for_collapse_1150_1150_1350,1150,1350,0,2700,15533100,4661551,1350,23000000,12420000,4660200,1552500,3107700,1552500,0,0,0,1555200,381666,0.3817
distribute_parallel_for_collapse_1150_1150_1400,1150,1400,0,2800,16108400,4834201,1400,23460000,12880000,4832800,1610000,3222800,1610000,0,0,0,1612800,394011,0.3940
distribute_parallel_for_collapse_1150_1150_1450,1150,1450,0,2900,16683700,5006851,1450,23920000,13340000,5005400,1667500,3337900,1667500,0,0,0,1670400,410437,0.4104
distribute_parallel_for_collapse_1150_1150_1500,1150,1500,0,3000,17259000,5179501,1500,24380000,13800000,5178000,1725000,3453000,1725000,0,0,0,1728000,425006,0.4250
distribute_parallel_for_collapse_1150_1150_1550,1150,1550,0,3100,17834300,5352151,1550,24840000,14260000,5350600,1782500,3568100,1782500,0,0,0,1785600,436445,0.4364
distribute_parallel_for_collapse_1150_1150_1600,1150,1600,0,3200,18409600,5524801,1600,25300000,14720000,5523200,1840000,3683200,1840000,0,0,0,1843200,430291,0.4303
distribute_parallel_for_collapse_1150_1150_1650,1150,1650,0,3300,18984900,5697451,1650,25760000,15180000,5695800,1897500,3798300,1897500,0,0,0,1900800,466895,0.4669
distribute_parallel_for_collapse_1150_1150_1700,1150,1700,0,3400,19560200,5870101,1700,26220000,15640000,5868400,1955000,3913400,1955000,0,0,0,1958400,476779,0.4768
distribute_parallel_for_collapse_1150_1150_1750,1150,1750,0,3500,20135500,6042751,1750,26680000,16100000,6041000,2012500,4028500,2012500,0,0,0,2016000,496520,0.4965
distribute_parallel_for_collapse_1150_1150_1800,1150,1800,0,3600,20710800,6215401,1800,27140000,16560000,6213600,2070000,4143600,2070000,0,0,0,2073600,509586,0.5096
distribute_parallel_for_collapse_1150_1150_1850,1150,1850,0,3700,21286100,6388051,1850,27600000,17020000,6386200,2127500,4258700,2127500,0,0,0,2131200,518983,0.5190
distribute_parallel_for_collapse_1150_1150_1900,1150,1900,0,3800,21861400,6560701,1900,28060000,17480000,6558800,2185000,4373800,2185000,0,0,0,2188800,531166,0.5312
distribute_parallel_for_collapse_1150_1150_1950,1150,1950,0,3900,22436700,6733351,1950,28520000,17940000,6731400,2242500,4488900,2242500,0,0,0,2246400,549807,0.5498
distribute_parallel_for_collapse_1150_1150_2000,1150,2000,0,4000,23012000,6906001,2000,28980000,18400000,6904000,2300000,4604000,2300000,0,0,0,2304000,541423,0.5414
distribute_parallel_for_collapse_1150_1200_1050,1150,1050,0,2100,12606300,3783151,1050,21120000,9660000,3782100,1260000,2522100,1260000,0,0,0,1262100,308765,0.3088
distribute_parallel_for_collapse_1150_1200_1100,1150,1100,0,2200,13206600,3963301,1100,21600000,10120000,3962200,1320000,2642200,1320000,0,0,0,1322200,323448,0.3234
distribute_parallel_for_collapse_1150_1200_1150,1150,1150,0,2300,13806900,4143451,1150,22080000,10580000,4142300,1380000,2762300,1380000,0,0,0,1382300,343580,0.3436
distribute_parallel_for_collapse_1150_1200_1200,1150,1200,0,2400,14407200,4323601,1200,22560000,11040000,4322400,1440000,2882400,1440000,0,0,0,1442400,337407,0.3374
distribute_parallel_for_collapse_1150_1200_1250,1150,1250,0,2500,15007500,4503751,1250,23040000,11500000,4502500,1500000,3002500,1500000,0,0,0,1502500,367073,0.3671
distribute_parallel_for_collapse_1150_1200_1300,1150,1300,0,2600,15607800,4683901,1300,23520000,11960000,4682600,1560000,3122600,1560000,0,0,0,1562600,412719,0.4127
distribute_parallel_for_collapse_1150_1200_1350,1150,1350,0,2700,16208100,4864051,1350,24000000,12420000,4862700,1620000,3242700,1620000,0,0,0,1622700,420493,0.4205
distribute_parallel_for_collapse_1150_1200_1400,1150,1400,0,2800,16808400,5044201,1400,24480000,12880000,5042800,1680000,3362800,1680000,0,0,0,1682800,424191,0.4242
distribute_parallel_for_collapse_1150_1200_1450,1150,1450,0,2900,17408700,5224351,1450,24960000,13340000,5222900,1740000,3482900,1740000,0,0,0,1742900,437009,0.4370
distribute_parallel_for_collapse_1150_1200_1500,1150,1500,0,3000,18009000,5404501,1500,25440000,13800000,5403000,1800000,3603000,1800000,0,0,0,1803000,461086,0.4611
distribute_parallel_for_collapse_1150_1200_1550,1150,1550,0,3100,18609300,5584651,1550,25920000,14260000,5583100,1860000,3723100,1860000,0,0,0,1863100,455255,0.4553
distribute_parallel_for_collapse_1150_1200_1600,1150,1600,0,3200,19209600,5764801,1600,26400000,14720000,5763200,1920000,3843200,1920000,0,0,0,1923200,450112,0.4501
distribute_parallel_for_collapse_1150_1200_1650,1150,1650,0,3300,19809900,5944951,1650,26880000,15180000,5943300,1980000,3963300,1980000,0,0,0,1983300,486740,0.4867
distribute_parallel_for_collapse_1150_1200_1700,1150,1700,0,3400,20410200,6125101,1700,27360000,15640000,6123400,2040000,4083400,2040000,0,0,0,2043400,497501,0.4975
distribute_parallel_for_collapse_1150_1200_1750,1150,1750,0,3500,21010500,6305251,1750,27840000,16100000,6303500,2100000,4203500,2100000,0,0,0,2103500,516763,0.5168
distribute_parallel_for_collapse_1150_1200_1800,1150,1800,0,3600,21610800,6485401,1800,28320000,16560000,6483600,2160000,4323600,2160000,0,0,0,2163600,523041,0.5230
distribute_parallel_for_collapse_1150_1200_1850,1150,1850,0,3700,22211100,6665551,1850,28800000,17020000,6663700,2220000,4443700,2220000,0,0,0,2223700,559452,0.5595
distribute_parallel_for_collapse_1150_1200_1900,1150,1900,0,3800,22811400,6845701,1900,29280000,17480000,6843800,2280000,4563800,2280000,0,0,0,2283800,583340,0.5833
distribute_parallel_for_collapse_1150_1200_1950,1150,1950,0,3900,23411700,7025851,1950,29760000,17940000,7023900,2340000,4683900,2340000,0,0,0,2343900,574982,0.5750
distribute_parallel_for_collapse_1150_1200_2000,1150,2000,0,4000,24012000,7206001,2000,30240000,18400000,7204000,2400000,4804000,2400000,0,0,0,2404000,567085,0.5671
distribute_parallel_for_collapse_1150_1250_1050,1150,1050,0,2100,13131300,3940651,1050,22000000,9660000,3939600,1312500,2627100,1312500,0,0,0,1314600,323648,0.3236
distribute_parallel_for_collapse_1150_1250_1100,1150,1100,0,2200,13756600,4128301,1100,22500000,10120000,4127200,1375000,2752200,1375000,0,0,0,1377200,336273,0.3363
distribute_parallel_for_collapse_1150_1250_1150,1150,1150,0,2300,14381900,4315951,1150,23000000,10580000,4314800,1437500,2877300,1437500,0,0,0,1439800,363641,0.3636
distribute_parallel_for_collapse_1150_1250_1200,1150,1200,0,2400,15007200,4503601,1200,23500000,11040000,4502400,1500000,3002400,1500000,0,0,0,1502400,353846,0.3538
distribute_parallel_for_collapse_1150_1250_1250,1150,1250,0,2500,15632500,4691251,1250,24000000,11500000,4690000,1562500,3127500,1562500,0,0,0,1565000,401307,0.4013
distribute_parallel_for_collapse_1150_1250_1300,1150,1300,0,2600,16257800,4878901,1300,24500000,11960000,4877600,1625000,3252600,1625000,0,0,0,1627600,418228,0.4182
distribute_parallel_for_collapse_1150_1250_1350,1150,1350,0,2700,16883100,5066551,1350,25000000,12420000,5065200,1687500,3377700,1687500,0,0,0,1690200,426170,0.4262
distribute_parallel_for_collapse_1150_1250_1400,1150,1400,0,2800,17508400,5254201,1400,25500000,12880000,5252800,1750000,3502800,1750000,0,0,0,1752800,433914,0.4339
distribute_parallel_for_collapse_1150_1250_1450,1150,1450,0,2900,18133700,5441851,1450,26000000,13340000,5440400,1812500,3627900,1812500,0,0,0,1815400,445923,0.4459
distribute_parallel_for_collapse_1150_1250_1500,1150,1500,0,3000,18759000,5629501,1500,26500000,13800000,5628000,1875000,3753000,1875000,0,0,0,1878000,455422,0.4554
distribute_parallel_for_collapse_1150_1250_1550,1150,1550,0,3100,19384300,5817151,1550,27000000,14260000,5815600,1937500,3878100,1937500,0,0,0,1940600,478503,0.4785
distribute_parallel_for_collapse_1150_1250_1600,1150,1600,0,3200,20009600,6004801,1600,27500000,14720000,6003200,2000000,4003200,2000000,0,0,0,2003200,469417,0.4694
distribute_parallel_for_collapse_1150_1250_1650,1150,1650,0,3300,20634900,6192451,1650,28000000,15180000,6190800,2062500,4128300,2062500,0,0,0,2065800,504394,0.5044
distribute_parallel_for_collapse_1150_1250_1700,1150,1700,0,3400,21260200,6380101,1700,28500000,15640000,6378400,2125000,4253400,2125000,0,0,0,2128400,519424,0.5194
distribute_parallel_for_collapse_1150_1250_1750,1150,1750,0,3500,21885500,6567751,1750,29000000,16100000,6566000,2187500,4378500,2187500,0,0,0,2191000,539373,0.5394
distribute_parallel_for_collapse_1150_1250_1800,1150,1800,0,3600,22510800,6755401,1800,29500000,16560000,6753600,2250000,4503600,2250000,0,0,0,2253600,541256,0.5413
distribute_parallel_for_collapse_1150_1250_1850,1150,1850,0,3700,23136100,6943051,1850,30000000,17020000,6941200,2312500,4628700,2312500,0,0,0,2316200,588027,0.5880
distribute_parallel_for_collapse_1150_1250_1900,1150,1900,0,3800,23761400,7130701,1900,30500000,17480000,7128800,2375000,4753800,2375000,0,0,0,2378800,578884,0.5789
distribute_parallel_for_collapse_1150_1250_1950,1150,1950,0,3900,24386700,7318351,1950,31000000,17940000,7316400,2437500,4878900,2437500,0,0,0,2441400,638232,0.6382
distribute_parallel_for_collapse_1150_1250_2000,1150,2000,0,4000,25012000,7506001,2000,31500000,18400000,7504000,2500000,5004000,2500000,0,0,0,2504000,587115,0.5871
distribute_parallel_for_collapse_1150_1300_1050,1150,1050,0,2100,13656300,4098151,1050,22880000,9660000,4097100,1365000,2732100,1365000,0,0,0,1367100,335186,0.3352
distribute_parallel_for_collapse_1150_1300_1100,1150,1100,0,2200,14306600,4293301,1100,23400000,10120000,4292200,1430000,2862200,1430000,0,0,0,1432200,350423,0.3504
distribute_parallel_for_collapse_1150_1300_1150,1150,1150,0,2300,14956900,4488451,1150,23920000,10580000,4487300,1495000,2992300,1495000,0,0,0,1497300,368212,0.3682
distribute_parallel_for_collapse_1150_1300_1200,1150,1200,0,2400,15607200,4683601,1200,24440000,11040000,4682400,1560000,3122400,1560000,0,0,0,1562400,366977,0.3670
distribute_parallel_for_collapse_1150_1300_1250,1150,1250,0,2500,16257500,4878751,1250,24960000,11500000,4877500,1625000,3252500,1625000,0,0,0,1627500,398971,0.3990
distribute_parallel_for_collapse_1150_1300_1300,1150,1300,0,2600,16907800,5073901,1300,25480000,11960000,5072600,1690000,3382600,1690000,0,0,0,1692600,411202,0.4112
distribute_parallel_for_collapse_1150_1300_1350,1150,1350,0,2700,17558100,5269051,1350,26000000,12420000,5267700,1755000,3512700,1755000,0,0,0,1757700,430557,0.4306
distribute_parallel_for_collapse_1150_1300_1400,1150,1400,0,2800,18208400,5464201,1400,26520000,12880000,5462800,1820000,3642800,1820000,0,0,0,1822800,435150,0.4351
distribute_parallel_for_collapse_1150_1300_1450,1150,1450,0,2900,18858700,5659351,1450,27040000,13340000,5657900,1885000,3772900,1885000,0,0,0,1887900,466525,0.4665
distribute_parallel_for_collapse_1150_1300_1500,1150,1500,0,3000,19509000,5854501,1500,27560000,13800000,5853000,1950000,3903000,1950000,0,0,0,1953000,485938,0.4859
distribute_parallel_for_collapse_1150_1300_1550,1150,1550,0,3100,20159300,6049651,1550,28080000,14260000,6048100,2015000,4033100,2015000,0,0,0,2018100,494002,0.4940
distribute_parallel_for_collapse_1150_1300_1600,1150,1600,0,3200,20809600,6244801,1600,28600000,14720000,6243200,2080000,4163200,2080000,0,0,0,2083200,486480,0.4865
distribute_parallel_for_collapse_1150_1300_1650,1150,1650,0,3300,21459900,6439951,1650,29120000,15180000,6438300,2145000,4293300,2145000,0,0,0,2148300,527077,0.5271
distribute_parallel_for_collapse_1150_1300_1700,1150,1700,0,3400,22110200,6635101,1700,29640000,15640000,6633400,2210000,4423400,2210000,0,0,0,2213400,541516,0.5415
distribute_parallel_for_collapse_1150_1300_1750,1150,1750,0,3500,22760500,6830251,1750,30160000,16100000,6828500,2275000,4553500,2275000,0,0,0,2278500,559937,0.5599
distribute_parallel_for_collapse_1150_1300_1800,1150,1800,0,3600,23410800,7025401,1800,30680000,16560000,7023600,2340000,4683600,2340000,0,0,0,2343600,561889,0.5619
distribute_parallel_for_collapse_1150_1300_1850,1150,1850,0,3700,24061100,7220551,1850,31200000,17020000,7218700,2405000,4813700,2405000,0,0,0,2408700,603057,0.6031
distribute_parallel_for_collapse_1150_1300_1900,1150,1900,0,3800,24711400,7415701,1900,31720000,17480000,7413800,2470000,4943800,2470000,0,0,0,2473800,599614,0.5996
distribute_parallel_for_collapse_1150_1300_1950,1150,1950,0,3900,25361700,7610851,1950,32240000,17940000,7608900,2535000,5073900,2535000,0,0,0,2538900,620390,0.6204
distribute_parallel_for_collapse_1150_1300_2000,1150,2000,0,4000,26012000,7806001,2000,32760000,18400000,7804000,2600000,5204000,2600000,0,0,0,2604000,610675,0.6107
distribute_parallel_for_collapse_1150_1350_1050,1150,1050,0,2100,14181300,4255651,1050,23760000,9660000,4254600,1417500,2837100,1417500,0,0,0,1419600,346253,0.3463
distribute_parallel_for_collapse_1150_1350_1100,1150,1100,0,2200,14856600,4458301,1100,24300000,10120000,4457200,1485000,2972200,1485000,0,0,0,1487200,361192,0.3612
distribute_parallel_for_collapse_1150_1350_1150,1150,1150,0,2300,15531900,4660951,1150,24840000,10580000,4659800,1552500,3107300,1552500,0,0,0,1554800,378940,0.3789
distribute_parallel_for_collapse_1150_1350_1200,1150,1200,0,2400,16207200,4863601,1200,25380000,11040000,4862400,1620000,3242400,1620000,0,0,0,1622400,380225,0.3802
distribute_parallel_for_collapse_1150_1350_1250,1150,1250,0,2500,16882500,5066251,1250,25920000,11500000,5065000,1687500,3377500,1687500,0,0,0,1690000,412027,0.4120
distribute_parallel_for_collapse_1150_1350_1300,1150,1300,0,2600,17557800,5268901,1300,26460000,11960000,5267600,1755000,3512600,1755000,0,0,0,1757600,448593,0.4486
distribute_parallel_for_collapse_1150_1350_1350,1150,1350,0,2700,18233100,5471551,1350,27000000,12420000,5470200,1822500,3647700,1822500,0,0,0,1825200,444661,0.4447
distribute_parallel_for_collapse_1150_1350_1400,1150,1400,0,2800,18908400,5674201,1400,27540000,12880000,5672800,1890000,3782800,1890000,0,0,0,1892800,452833,0.4528
distribute_parallel_for_collapse_1150_1350_1450,1150,1450,0,2900,19583700,5876851,1450,28080000,13340000,5875400,1957500,3917900,1957500,0,0,0,1960400,500333,0.5003
distribute_parallel_for_collapse_1150_1350_1500,1150,1500,0,3000,20259000,6079501,1500,28620000,13800000,6078000,2025000,4053000,2025000,0,0,0,2028000,512000,0.5120
distribute_parallel_for_collapse_1150_1350_1550,1150,1550,0,3100,20934300,6282151,1550,29160000,14260000,6280600,2092500,4188100,2092500,0,0,0,2095600,518663,0.5187
distribute_parallel_for_collapse_1150_1350_1600,1150,1600,0,3200,21609600,6484801,1600,29700000,14720000,6483200,2160000,4323200,2160000,0,0,0,2163200,505841,0.5058
distribute_parallel_for_collapse_1150_1350_1650,1150,1650,0,3300,22284900,6687451,1650,30240000,15180000,6685800,2227500,4458300,2227500,0,0,0,2230800,545072,0.5451
distribute_parallel_for_collapse_1150_1350_1700,1150,1700,0,3400,22960200,6890101,1700,30780000,15640000,6888400,2295000,4593400,2295000,0,0,0,2298400,564821,0.5648
distribute_parallel_for_collapse_1150_1350_1750,1150,1750,0,3500,23635500,7092751,1750,31320000,16100000,7091000,2362500,4728500,2362500,0,0,0,2366000,581155,0.5812
distribute_parallel_for_collapse_1150_1350_1800,1150,1800,0,3600,24310800,7295401,1800,31860000,16560000,7293600,2430000,4863600,2430000,0,0,0,2433600,588591,0.5886
distribute_parallel_for_collapse_1150_1350_1850,1150,1850,0,3700,24986100,7498051,1850,32400000,17020000,7496200,2497500,4998700,2497500,0,0,0,2501200,613867,0.6139
distribute_parallel_for_collapse_1150_1350_1900,1150,1900,0,3800,25661400,7700701,1900,32940000,17480000,7698800,2565000,5133800,2565000,0,0,0,2568800,625776,0.6258
distribute_parallel_for_collapse_1150_1350_1950,1150,1950,0,3900,26336700,7903351,1950,33480000,17940000,7901400,2632500,5268900,2632500,0,0,0,2636400,646136,0.6461
distribute_parallel_for_collapse_1150_1350_2000,1150,2000,0,4000,27012000,8106001,2000,34020000,18400000,8104000,2700000,5404000,2700000,0,0,0,2704000,634873,0.6349
distribute_parallel_for_collapse_1150_1400_1050,1150,1050,0,2100,14706300,4413151,1050,24640000,9660000,4412100,1470000,2942100,1470000,0,0,0,1472100,360949,0.3609
distribute_parallel_for_collapse_1150_1400_1100,1150,1100,0,2200,15406600,4623301,1100,25200000,10120000,4622200,1540000,3082200,1540000,0,0,0,1542200,373583,0.3736
distribute_parallel_for_collapse_1150_1400_1150,1150,1150,0,2300,16106900,4833451,1150,25760000,10580000,4832300,1610000,3222300,1610000,0,0,0,1612300,396639,0.3966
distribute_parallel_for_collapse_1150_1400_1200,1150,1200,0,2400,16807200,5043601,1200,26320000,11040000,5042400,1680000,3362400,1680000,0,0,0,1682400,405521,0.4055
distribute_parallel_for_collapse_1150_1400_1250,1150,1250,0,2500,17507500,5253751,1250,26880000,11500000,5252500,1750000,3502500,1750000,0,0,0,1752500,430916,0.4309
distribute_parallel_for_collapse_1150_1400_1300,1150,1300,0,2600,18207800,5463901,1300,27440000,11960000,5462600,1820000,3642600,1820000,0,0,0,1822600,456358,0.4564
distribute_parallel_for_collapse_1150_1400_1350,1150,1350,0,2700,18908100,5674051,1350,28000000,12420000,5672700,1890000,3782700,1890000,0,0,0,1892700,464378,0.4644
distribute_parallel_for_collapse_1150_1400_1400,1150,1400,0,2800,19608400,5884201,1400,28560000,12880000,5882800,1960000,3922800,1960000,0,0,0,1962800,469773,0.4698
distribute_parallel_for_collapse_1150_1400_1450,1150,1450,0,2900,20308700,6094351,1450,29120000,13340000,6092900,2030000,4062900,2030000,0,0,0,2032900,496626,0.4966
distribute_parallel_for_collapse_1150_1400_1500,1150,1500,0,3000,21009000,6304501,1500,29680000,13800000,6303000,2100000,4203000,2100000,0,0,0,2103000,510189,0.5102
distribute_parallel_for_collapse_1150_1400_1550,1150,1550,0,3100,21709300,6514651,1550,30240000,14260000,6513100,2170000,4343100,2170000,0,0,0,2173100,533403,0.5334
distribute_parallel_for_collapse_1150_1400_1600,1150,1600,0,3200,22409600,6724801,1600,30800000,14720000,6723200,2240000,4483200,2240000,0,0,0,2243200,525285,0.5253
distribute_parallel_for_collapse_1150_1400_1650,1150,1650,0,3300,23109900,6934951,1650,31360000,15180000,6933300,2310000,4623300,2310000,0,0,0,2313300,566610,0.5666
distribute_parallel_for_collapse_1150_1400_1700,1150,1700,0,3400,23810200,7145101,1700,31920000,15640000,7143400,2380000,4763400,2380000,0,0,0,2383400,578021,0.5780
distribute_parallel_for_collapse_1150_1400_1750,1150,1750,0,3500,24510500,7355251,1750,32480000,16100000,7353500,2450000,4903500,2450000,0,0,0,2453500,607811,0.6078
distribute_parallel_for_collapse_1150_1400_1800,1150,1800,0,3600,25210800,7565401,1800,33040000,16560000,7563600,2520000,5043600,2520000,0,0,0,2523600,604679,0.6047
distribute_parallel_for_collapse_1150_1400_1850,1150,1850,0,3700,25911100,7775551,1850,33600000,17020000,7773700,2590000,5183700,2590000,0,0,0,2593700,633314,0.6333
distribute_parallel_for_collapse_1150_1400_1900,1150,1900,0,3800,26611400,7985701,1900,34160000,17480000,7983800,2660000,5323800,2660000,0,0,0,2663800,648678,0.6487
distribute_parallel_for_collapse_1150_1400_1950,1150,1950,0,3900,27311700,8195851,1950,34720000,17940000,8193900,2730000,5463900,2730000,0,0,0,2733900,668889,0.6689
distribute_parallel_for_collapse_1150_1400_2000,1150,2000,0,4000,28012000,8406001,2000,35280000,18400000,8404000,2800000,5604000,2800000,0,0,0,2804000,692126,0.6921
distribute_parallel_for_collapse_1150_1450_1050,1150,1050,0,2100,15231300,4570651,1050,25520000,9660000,4569600,1522500,3047100,1522500,0,0,0,1524600,393961,0.3940
distribute_parallel_for_collapse_1150_1450_1100,1150,1100,0,2200,15956600,4788301,1100,26100000,10120000,4787200,1595000,3192200,1595000,0,0,0,1597200,412901,0.4129
distribute_parallel_for_collapse_1150_1450_1150,1150,1150,0,2300,16681900,5005951,1150,26680000,10580000,5004800,1667500,3337300,1667500,0,0,0,1669800,448054,0.4481
distribute_parallel_for_collapse_1150_1450_1200,1150,1200,0,2400,17407200,5223601,1200,27260000,11040000,5222400,1740000,3482400,1740000,0,0,0,1742400,419116,0.4191
distribute_parallel_for_collapse_1150_1450_1250,1150,1250,0,2500,18132500,5441251,1250,27840000,11500000,5440000,1812500,3627500,1812500,0,0,0,1815000,465793,0.4658
distribute_parallel_for_collapse_1150_1450_1300,1150,1300,0,2600,18857800,5658901,1300,28420000,11960000,5657600,1885000,3772600,1885000,0,0,0,1887600,477409,0.4774
distribute_parallel_for_collapse_1150_1450_1350,1150,1350,0,2700,19583100,5876551,1350,29000000,12420000,5875200,1957500,3917700,1957500,0,0,0,1960200,482027,0.4820
distribute_parallel_for_collapse_1150_1450_1400,1150,1400,0,2800,20308400,6094201,1400,29580000,12880000,6092800,2030000,4062800,2030000,0,0,0,2032800,502490,0.5025
distribute_parallel_for_collapse_1150_1450_1450,1150,1450,0,2900,21033700,6311851,1450,30160000,13340000,6310400,2102500,4207900,2102500,0,0,0,2105400,536078,0.5361
distribute_parallel_for_collapse_1150_1450_1500,1150,1500,0,3000,21759000,6529501,1500,30740000,13800000,6528000,2175000,4353000,2175000,0,0,0,2178000,564829,0.5648
distribute_parallel_for_collapse_1150_1450_1550,1150,1550,0,3100,22484300,6747151,1550,31320000,14260000,6745600,2247500,4498100,2247500,0,0,0,2250600,554765,0.5548
distribute_parallel_for_collapse_1150_1450_1600,1150,1600,0,3200,23209600,6964801,1600,31900000,14720000,6963200,2320000,4643200,2320000,0,0,0,2323200,549318,0.5493
distribute_parallel_for_collapse_1150_1450_1650,1150,1650,0,3300,23934900,7182451,1650,32480000,15180000,7180800,2392500,4788300,2392500,0,0,0,2395800,588731,0.5887
distribute_parallel_for_collapse_1150_1450_1700,1150,1700,0,3400,24660200,7400101,1700,33060000,15640000,7398400,2465000,4933400,2465000,0,0,0,2468400,641115,0.6411
distribute_parallel_for_collapse_1150_1450_1750,1150,1750,0,3500,25385500,7617751,1750,33640000,16100000,7616000,2537500,5078500,2537500,0,0,0,2541000,638524,0.6385
distribute_parallel_for_collapse_1150_1450_1800,1150,1800,0,3600,26110800,7835401,1800,34220000,16560000,7833600,2610000,5223600,2610000,0,0,0,2613600,624111,0.6241
distribute_parallel_for_collapse_1150_1450_1850,1150,1850,0,3700,26836100,8053051,1850,34800000,17020000,8051200,2682500,5368700,2682500,0,0,0,2686200,655881,0.6559
distribute_parallel_for_collapse_1150_1450_1900,1150,1900,0,3800,27561400,8270701,1900,35380000,17480000,8268800,2755000,5513800,2755000,0,0,0,2758800,669226,0.6692
distribute_parallel_for_collapse_1150_1450_1950,1150,1950,0,3900,28286700,8488351,1950,35960000,17940000,8486400,2827500,5658900,2827500,0,0,0,2831400,692517,0.6925
distribute_parallel_for_collapse_1150_1450_2000,1150,2000,0,4000,29012000,8706001,2000,36540000,18400000,8704000,2900000,5804000,2900000,0,0,0,2904000,679449,0.6794
distribute_parallel_for_collapse_1150_1500_1050,1150,1050,0,2100,15756300,4728151,1050,26400000,9660000,4727100,1575000,3152100,1575000,0,0,0,1577100,387933,0.3879
distribute_parallel_for_collapse_1150_1500_1100,1150,1100,0,2200,16506600,4953301,1100,27000000,10120000,4952200,1650000,3302200,1650000,0,0,0,1652200,401542,0.4015
distribute_parallel_for_collapse_1150_1500_1150,1150,1150,0,2300,17256900,5178451,1150,27600000,10580000,5177300,1725000,3452300,1725000,0,0,0,1727300,424799,0.4248
distribute_parallel_for_collapse_1150_1500_1200,1150,1200,0,2400,18007200,5403601,1200,28200000,11040000,5402400,1800000,3602400,1800000,0,0,0,1802400,421978,0.4220
distribute_parallel_for_collapse_1150_1500_1250,1150,1250,0,2500,18757500,5628751,1250,28800000,11500000,5627500,1875000,3752500,1875000,0,0,0,1877500,460632,0.4606
distribute_parallel_for_collapse_1150_1500_1300,1150,1300,0,2600,19507800,5853901,1300,29400000,11960000,5852600,1950000,3902600,1950000,0,0,0,1952600,474890,0.4749
distribute_parallel_for_collapse_1150_1500_1350,1150,1350,0,2700,20258100,6079051,1350,30000000,12420000,6077700,2025000,4052700,2025000,0,0,0,2027700,495523,0.4955
distribute_parallel_for_collapse_1150_1500_1400,1150,1400,0,2800,21008400,6304201,1400,30600000,12880000,6302800,2100000,4202800,2100000,0,0,0,2102800,504323,0.5043
distribute_parallel_for_collapse_1150_1500_1450,1150,1450,0,2900,21758700,6529351,1450,31200000,13340000,6527900,2175000,4352900,2175000,0,0,0,2177900,533619,0.5336
distribute_parallel_for_collapse_1150_1500_1500,1150,1500,0,3000,22509000,6754501,1500,31800000,13800000,6753000,2250000,4503000,2250000,0,0,0,2253000,548247,0.5482
distribute_parallel_for_collapse_1150_1500_1550,1150,1550,0,3100,23259300,6979651,1550,32400000,14260000,6978100,2325000,4653100,2325000,0,0,0,2328100,593066,0.5931
distribute_parallel_for_collapse_1150_1500_1600,1150,1600,0,3200,24009600,7204801,1600,33000000,14720000,7203200,2400000,4803200,2400000,0,0,0,2403200,611377,0.6114
distribute_parallel_for_collapse_1150_1500_1650,1150,1650,0,3300,24759900,7429951,1650,33600000,15180000,7428300,2475000,4953300,2475000,0,0,0,2478300,607654,0.6077
distribute_parallel_for_collapse_1150_1500_1700,1150,1700,0,3400,25510200,7655101,1700,34200000,15640000,7653400,2550000,5103400,2550000,0,0,0,2553400,626282,0.6263
distribute_parallel_for_collapse_1150_1500_1750,1150,1750,0,3500,26260500,7880251,1750,34800000,16100000,7878500,2625000,5253500,2625000,0,0,0,2628500,642255,0.6423
distribute_parallel_for_collapse_1150_1500_1800,1150,1800,0,3600,27010800,8105401,1800,35400000,16560000,8103600,2700000,5403600,2700000,0,0,0,2703600,646779,0.6468
distribute_parallel_for_collapse_1150_1500_1850,1150,1850,0,3700,27761100,8330551,1850,36000000,17020000,8328700,2775000,5553700,2775000,0,0,0,2778700,684871,0.6849
distribute_parallel_for_collapse_1150_1500_1900,1150,1900,0,3800,28511400,8555701,1900,36600000,17480000,8553800,2850000,5703800,2850000,0,0,0,2853800,691402,0.6914
distribute_parallel_for_collapse_1200_1200_1200,1200,1200,0,2400,14407200,4323601,1200,23040000,11520000,4322400,1440000,2882400,1440000,0,0,0,1442400,351860,0.3519
distribute_parallel_for_collapse_1200_1200_1700,1200,1700,0,3400,20410200,6125101,1700,27840000,16320000,6123400,2040000,4083400,2040000,0,0,0,2043400,520248,0.5202
distribute_parallel_for_collapse_1200_1200_2200,1200,2200,0,4400,26413200,7926601,2200,32640000,21120000,7924400,2640000,5284400,2640000,0,0,0,2644400,665615,0.6656
distribute_parallel_for_collapse_1200_1200_2700,1200,2700,0,5400,32416200,9728101,2700,37440000,25920000,9725400,3240000,6485400,3240000,0,0,0,3245400,828518,0.8285
distribute_parallel_for_collapse_1200_1200_3200,1200,3200,0,6400,38419200,11529601,3200,42240000,30720000,11526400,3840000,7686400,3840000,0,0,0,3846400,964568,0.9646
distribute_parallel_for_collapse_1200_1200_3700,1200,3700,0,7400,44422200,13331101,3700,47040000,35520000,13327400,4440000,8887400,4440000,0,0,0,4447400,1143183,1.1432
distribute_parallel_for_collapse_1200_1200_4200,1200,4200,0,8400,50425200,15132601,4200,51840000,40320000,15128400,5040000,10088400,5040000,0,0,0,5048400,1274461,1.2745
distribute_parallel_for_collapse_1200_1700_1200,1200,1200,0,2400,20407200,6123601,1200,32640000,11520000,6122400,2040000,4082400,2040000,0,0,0,2042400,502327,0.5023
distribute_parallel_for_collapse_1200_1700_1700,1200,1700,0,3400,28910200,8675101,1700,39440000,16320000,8673400,2890000,5783400,2890000,0,0,0,2893400,760954,0.7610
distribute_parallel_for_collapse_1200_1700_2200,1200,2200,0,4400,37413200,11226601,2200,46240000,21120000,11224400,3740000,7484400,3740000,0,0,0,3744400,944933,0.9449
distribute_parallel_for_collapse_1200_1700_2700,1200,2700,0,5400,45916200,13778101,2700,53040000,25920000,13775400,4590000,9185400,4590000,0,0,0,4595400,1169519,1.1695
distribute_parallel_for_collapse_1200_1700_3200,1200,3200,0,6400,54419200,16329601,3200,59840000,30720000,16326400,5440000,10886400,5440000,0,0,0,5446400,1367795,1.3678
distribute_parallel_for_collapse_1200_1700_3700,1200,3700,0,7400,62922200,18881101,3700,66640000,35520000,18877400,6290000,12587400,6290000,0,0,0,6297400,1629390,1.6294
distribute_parallel_for_collapse_1200_1700_4200,1200,4200,0,8400,71425200,21432601,4200,73440000,40320000,21428400,7140000,14288400,7140000,0,0,0,7148400,1804638,1.8046
distribute_parallel_for_collapse_1200_2200_1200,1200,1200,0,2400,26407200,7923601,1200,42240000,11520000,7922400,2640000,5282400,2640000,0,0,0,2642400,655711,0.6557
distribute_parallel_for_collapse_1200_2200_1700,1200,1700,0,3400,37410200,11225101,1700,51040000,16320000,11223400,3740000,7483400,3740000,0,0,0,3743400,965424,0.9654
distribute_parallel_for_collapse_1200_2200_2200,1200,2200,0,4400,48413200,14526601,2200,59840000,21120000,14524400,4840000,9684400,4840000,0,0,0,4844400,1223167,1.2232
distribute_parallel_for_collapse_1200_2200_2700,1200,2700,0,5400,59416200,17828101,2700,68640000,25920000,17825400,5940000,11885400,5940000,0,0,0,5945400,1514961,1.5150
distribute_parallel_for_collapse_1200_2200_3200,1200,3200,0,6400,70419200,21129601,3200,77440000,30720000,21126400,7040000,14086400,7040000,0,0,0,7046400,1735265,1.7353
distribute_parallel_for_collapse_1200_2200_3700,1200,3700,0,7400,81422200,24431101,3700,86240000,35520000,24427400,8140000,16287400,8140000,0,0,0,8147400,2085472,2.0855
distribute_parallel_for_collapse_1200_2200_4200,1200,4200,0,8400,92425200,27732601,4200,95040000,40320000,27728400,9240000,18488400,9240000,0,0,0,9248400,2329797,2.3298
distribute_parallel_for_collapse_1200_2700_1200,1200,1200,0,2400,32407200,9723601,1200,51840000,11520000,9722400,3240000,6482400,3240000,0,0,0,3242400,798542,0.7985
distribute_parallel_for_collapse_1200_2700_1700,1200,1700,0,3400,45910200,13775101,1700,62640000,16320000,13773400,4590000,9183400,4590000,0,0,0,4593400,1171816,1.1718
distribute_parallel_for_collapse_1200_2700_2200,1200,2200,0,4400,59413200,17826601,2200,73440000,21120000,17824400,5940000,11884400,5940000,0,0,0,5944400,1498049,1.4980
distribute_parallel_for_collapse_1200_2700_2700,1200,2700,0,5400,72916200,21878101,2700,84240000,25920000,21875400,7290000,14585400,7290000,0,0,0,7295400,1873783,1.8738
distribute_parallel_for_collapse_1200_2700_3200,1200,3200,0,6400,86419200,25929601,3200,95040000,30720000,25926400,8640000,17286400,8640000,0,0,0,8646400,2125630,2.1256
distribute_parallel_for_collapse_1200_2700_3700,1200,3700,0,7400,99922200,29981101,3700,105840000,35520000,29977400,9990000,19987400,9990000,0,0,0,9997400,2539057,2.5391
distribute_parallel_for_collapse_1200_2700_4200,1200,4200,0,8400,113425200,34032601,4200,116640000,40320000,34028400,11340000,22688400,11340000,0,0,0,11348400,2849136,2.8491
distribute_parallel_for_collapse_1200_3200_1200,1200,1200,0,2400,38407200,11523601,1200,61440000,11520000,11522400,3840000,7682400,3840000,0,0,0,3842400,982844,0.9828
distribute_parallel_for_collapse_1200_3200_1700,1200,1700,0,3400,54410200,16325101,1700,74240000,16320000,16323400,5440000,10883400,5440000,0,0,0,5443400,1390868,1.3909
distribute_parallel_for_collapse_1200_3200_2200,1200,2200,0,4400,70413200,21126601,2200,87040000,21120000,21124400,7040000,14084400,7040000,0,0,0,7044400,4210363,4.2104
distribute_parallel_for_collapse_1200_3200_2700,1200,2700,0,5400,86416200,25928101,2700,99840000,25920000,25925400,8640000,17285400,8640000,0,0,0,8645400,2200984,2.2010
distribute_parallel_for_collapse_1200_3200_3200,1200,3200,0,6400,102419200,30729601,3200,112640000,30720000,30726400,10240000,20486400,10240000,0,0,0,10246400,2606913,2.6069
distribute_parallel_for_collapse_1200_3200_3700,1200,3700,0,7400,118422200,35531101,3700,125440000,35520000,35527400,11840000,23687400,11840000,0,0,0,11847400,3037372,3.0374
distribute_parallel_for_collapse_1200_3200_4200,1200,4200,0,8400,134425200,40332601,4200,138240000,40320000,40328400,13440000,26888400,13440000,0,0,0,13448400,3382753,3.3828
distribute_parallel_for_collapse_1200_3700_1200,1200,1200,0,2400,44407200,13323601,1200,71040000,11520000,13322400,4440000,8882400,4440000,0,0,0,4442400,1101480,1.1015
distribute_parallel_for_collapse_1200_3700_1700,1200,1700,0,3400,62910200,18875101,1700,85840000,16320000,18873400,6290000,12583400,6290000,0,0,0,6293400,1611328,1.6113
distribute_parallel_for_collapse_1200_3700_2200,1200,2200,0,4400,81413200,24426601,2200,100640000,21120000,24424400,8140000,16284400,8140000,0,0,0,8144400,2055609,2.0556
distribute_parallel_for_collapse_1200_3700_2700,1200,2700,0,5400,99916200,29978101,2700,115440000,25920000,29975400,9990000,19985400,9990000,0,0,0,9995400,2547045,2.5470
distribute_parallel_for_collapse_1200_3700_3200,1200,3200,0,6400,118419200,35529601,3200,130240000,30720000,35526400,11840000,23686400,11840000,0,0,0,11846400,2969493,2.9695
distribute_parallel_for_collapse_1200_3700_3700,1200,3700,0,7400,136922200,41081101,3700,145040000,35520000,41077400,13690000,27387400,13690000,0,0,0,13697400,3484128,3.4841
distribute_parallel_for_collapse_1200_3700_4200,1200,4200,0,8400,155425200,46632601,4200,159840000,40320000,46628400,15540000,31088400,15540000,0,0,0,15548400,3910714,3.9107
distribute_parallel_for_collapse_1250_1250_1250,1250,1250,0,2500,15632500,4691251,1250,25000000,12500000,4690000,1562500,3127500,1562500,0,0,0,1565000,414813,0.4148
distribute_parallel_for_collapse_1250_1250_1750,1250,1750,0,3500,21885500,6567751,1750,30000000,17500000,6566000,2187500,4378500,2187500,0,0,0,2191000,578233,0.5782
distribute_parallel_for_collapse_1250_1250_2250,1250,2250,0,4500,28138500,8444251,2250,35000000,22500000,8442000,2812500,5629500,2812500,0,0,0,2817000,747475,0.7475
distribute_parallel_for_collapse_1250_1250_2750,1250,2750,0,5500,34391500,10320751,2750,40000000,27500000,10318000,3437500,6880500,3437500,0,0,0,3443000,913475,0.9135
distribute_parallel_for_collapse_1250_1250_3250,1250,3250,0,6500,40644500,12197251,3250,45000000,32500000,12194000,4062500,8131500,4062500,0,0,0,4069000,1081594,1.0816
distribute_parallel_for_collapse_1250_1250_3750,1250,3750,0,7500,46897500,14073751,3750,50000000,37500000,14070000,4687500,9382500,4687500,0,0,0,4695000,1249957,1.2500
distribute_parallel_for_collapse_1250_1250_4250,1250,4250,0,8500,53150500,15950251,4250,55000000,42500000,15946000,5312500,10633500,5312500,0,0,0,5321000,1420875,1.4209
distribute_parallel_for_collapse_1250_1750_1250,1250,1250,0,2500,21882500,6566251,1250,35000000,12500000,6565000,2187500,4377500,2187500,0,0,0,2190000,584526,0.5845
distribute_parallel_for_collapse_1250_1750_1750,1250,1750,0,3500,30635500,9192751,1750,42000000,17500000,9191000,3062500,6128500,3062500,0,0,0,3066000,814676,0.8147
distribute_parallel_for_collapse_1250_1750_2250,1250,2250,0,4500,39388500,11819251,2250,49000000,22500000,11817000,3937500,7879500,3937500,0,0,0,3942000,1052368,1.0524
distribute_parallel_for_collapse_1250_1750_2750,1250,2750,0,5500,48141500,14445751,2750,56000000,27500000,14443000,4812500,9630500,4812500,0,0,0,4818000,1280428,1.2804
distribute_parallel_for_collapse_1250_1750_3250,1250,3250,0,6500,56894500,17072251,3250,63000000,32500000,17069000,5687500,11381500,5687500,0,0,0,5694000,1512119,1.5121
distribute_parallel_for_collapse_1250_1750_3750,1250,3750,0,7500,65647500,19698751,3750,70000000,37500000,19695000,6562500,13132500,6562500,0,0,0,6570000,1747838,1.7478
distribute_parallel_for_collapse_1250_1750_4250,1250,4250,0,8500,74400500,22325251,4250,77000000,42500000,22321000,7437500,14883500,7437500,0,0,0,7446000,1994932,1.9949
distribute_parallel_for_collapse_1250_2250_1250,1250,1250,0,2500,28132500,8441251,1250,45000000,12500000,8440000,2812500,5627500,2812500,0,0,0,2815000,760708,0.7607
distribute_parallel_for_collapse_1250_2250_1750,1250,1750,0,3500,39385500,11817751,1750,54000000,17500000,11816000,3937500,7878500,3937500,0,0,0,3941000,1048277,1.0483
distribute_parallel_for_collapse_1250_2250_2250,1250,2250,0,4500,50638500,15194251,2250,63000000,22500000,15192000,5062500,10129500,5062500,0,0,0,5067000,1352062,1.3521
distribute_parallel_for_collapse_1250_2250_2750,1250,2750,0,5500,61891500,18570751,2750,72000000,27500000,18568000,6187500,12380500,6187500,0,0,0,6193000,1656470,1.6565
distribute_parallel_for_collapse_1250_2250_3250,1250,3250,0,6500,73144500,21947251,3250,81000000,32500000,21944000,7312500,14631500,7312500,0,0,0,7319000,1943001,1.9430
distribute_parallel_for_collapse_1250_2250_3750,1250,3750,0,7500,84397500,25323751,3750,90000000,37500000,25320000,8437500,16882500,8437500,0,0,0,8445000,2270507,2.2705
distribute_parallel_for_collapse_1250_2250_4250,1250,4250,0,8500,95650500,28700251,4250,99000000,42500000,28696000,9562500,19133500,9562500,0,0,0,9571000,2545888,2.5459
distribute_parallel_for_collapse_1250_2750_1250,1250,1250,0,2500,34382500,10316251,1250,55000000,12500000,10315000,3437500,6877500,3437500,0,0,0,3440000,948294,0.9483
distribute_parallel_for_collapse_1250_2750_1750,1250,1750,0,3500,48135500,14442751,1750,66000000,17500000,14441000,4812500,9628500,4812500,0,0,0,4816000,1285979,1.2860
distribute_parallel_for_collapse_1250_2750_2250,1250,2250,0,4500,61888500,18569251,2250,77000000,22500000,18567000,6187500,12379500,6187500,0,0,0,6192000,1660015,1.6600
distribute_parallel_for_collapse_1250_2750_2750,1250,2750,0,5500,75641500,22695751,2750,88000000,27500000,22693000,7562500,15130500,7562500,0,0,0,7568000,2044682,2.0447
distribute_parallel_for_collapse_1250_2750_3250,1250,3250,0,6500,89394500,26822251,3250,99000000,32500000,26819000,8937500,17881500,8937500,0,0,0,8944000,2373143,2.3731
distribute_parallel_for_collapse_1250_2750_3750,1250,3750,0,7500,103147500,30948751,3750,110000000,37500000,30945000,10312500,20632500,10312500,0,0,0,10320000,2745172,2.7452
distribute_parallel_for_collapse_1250_2750_4250,1250,4250,0,8500,116900500,35075251,4250,121000000,42500000,35071000,11687500,23383500,11687500,0,0,0,11696000,3119972,3.1200
distribute_parallel_for_collapse_1250_3250_1250,1250,1250,0,2500,40632500,12191251,1250,65000000,12500000,12190000,4062500,8127500,4062500,0,0,0,4065000,1087267,1.0873
distribute_parallel_for_collapse_1250_3250_1750,1250,1750,0,3500,56885500,17067751,1750,78000000,17500000,17066000,5687500,11378500,5687500,0,0,0,5691000,1534282,1.5343
distribute_parallel_for_collapse_1250_3250_2250,1250,2250,0,4500,73138500,21944251,2250,91000000,22500000,21942000,7312500,14629500,7312500,0,0,0,7317000,1951534,1.9515
distribute_parallel_for_collapse_1250_3250_2750,1250,2750,0,5500,89391500,26820751,2750,104000000,27500000,26818000,8937500,17880500,8937500,0,0,0,8943000,2384334,2.3843
distribute_parallel_for_collapse_1250_3250_3250,1250,3250,0,6500,105644500,31697251,3250,117000000,32500000,31694000,10562500,21131500,10562500,0,0,0,10569000,2808990,2.8090
distribute_parallel_for_collapse_1250_3250_3750,1250,3750,0,7500,121897500,36573751,3750,130000000,37500000,36570000,12187500,24382500,12187500,0,0,0,12195000,3267870,3.2679
distribute_parallel_for_collapse_1250_3250_4250,1250,4250,0,8500,138150500,41450251,4250,143000000,42500000,41446000,13812500,27633500,13812500,0,0,0,13821000,3682054,3.6821
distribute_parallel_for_collapse_1250_3750_1250,1250,1250,0,2500,46882500,14066251,1250,75000000,12500000,14065000,4687500,9377500,4687500,0,0,0,4690000,1316020,1.3160
distribute_parallel_for_collapse_1250_3750_1750,1250,1750,0,3500,65635500,19692751,1750,90000000,17500000,19691000,6562500,13128500,6562500,0,0,0,6566000,1803697,1.8037
distribute_parallel_for_collapse_1250_3750_2250,1250,2250,0,4500,84388500,25319251,2250,105000000,22500000,25317000,8437500,16879500,8437500,0,0,0,8442000,2316840,2.3168
distribute_parallel_for_collapse_1250_3750_2750,1250,2750,0,5500,103141500,30945751,2750,120000000,27500000,30943000,10312500,20630500,10312500,0,0,0,10318000,2757738,2.7577
distribute_parallel_for_collapse_1250_3750_3250,1250,3250,0,6500,121894500,36572251,3250,135000000,32500000,36569000,12187500,24381500,12187500,0,0,0,12194000,3262674,3.2627
distribute_parallel_for_collapse_1250_3750_3750,1250,3750,0,7500,140647500,42198751,3750,150000000,37500000,42195000,14062500,28132500,14062500,0,0,0,14070000,3750350,3.7504
distribute_parallel_for_collapse_1250_3750_4250,1250,4250,0,8500,159400500,47825251,4250,165000000,42500000,47821000,15937500,31883500,15937500,0,0,0,15946000,4301098,4.3011
distribute_parallel_for_collapse_1250_4250_1250,1250,1250,0,2500,53132500,15941251,1250,85000000,12500000,15940000,5312500,10627500,5312500,0,0,0,5315000,1431936,1.4319
distribute_parallel_for_collapse_1250_4250_1750,1250,1750,0,3500,74385500,22317751,1750,102000000,17500000,22316000,7437500,14878500,7437500,0,0,0,7441000,2009628,2.0096
distribute_parallel_for_collapse_1250_4250_2250,1250,2250,0,4500,95638500,28694251,2250,119000000,22500000,28692000,9562500,19129500,9562500,0,0,0,9567000,2563947,2.5639
distribute_parallel_for_collapse_1250_4250_2750,1250,2750,0,5500,116891500,35070751,2750,136000000,27500000,35068000,11687500,23380500,11687500,0,0,0,11693000,3127898,3.1279
distribute_parallel_for_collapse_1250_4250_3250,1250,3250,0,6500,138144500,41447251,3250,153000000,32500000,41444000,13812500,27631500,13812500,0,0,0,13819000,3697052,3.6971
distribute_parallel_for_collapse_1250_4250_3750,1250,3750,0,7500,159397500,47823751,3750,170000000,37500000,47820000,15937500,31882500,15937500,0,0,0,15945000,4248330,4.2483
distribute_parallel_for_collapse_1250_4250_4250,1250,4250,0,8500,180650500,54200251,4250,187000000,42500000,54196000,18062500,36133500,18062500,0,0,0,18071000,4821287,4.8213
distribute_parallel_for_collapse_1400_1400_1400,1400,1400,0,2800,19608400,5884201,1400,31360000,15680000,5882800,1960000,3922800,1960000,0,0,0,1962800,573949,0.5739
distribute_parallel_for_collapse_1400_1400_1900,1400,1900,0,3800,26611400,7985701,1900,36960000,21280000,7983800,2660000,5323800,2660000,0,0,0,2663800,780853,0.7809
distribute_parallel_for_collapse_1400_1400_2400,1400,2400,0,4800,33614400,10087201,2400,42560000,26880000,10084800,3360000,6724800,3360000,0,0,0,3364800,978772,0.9788
distribute_parallel_for_collapse_1400_1400_2900,1400,2900,0,5800,40617400,12188701,2900,48160000,32480000,12185800,4060000,8125800,4060000,0,0,0,4065800,1254355,1.2544
distribute_parallel_for_collapse_1400_1400_3400,1400,3400,0,6800,47620400,14290201,3400,53760000,38080000,14286800,4760000,9526800,4760000,0,0,0,4766800,1374345,1.3743
distribute_parallel_for_collapse_1400_1400_3900,1400,3900,0,7800,54623400,16391701,3900,59360000,43680000,16387800,5460000,10927800,5460000,0,0,0,5467800,1597713,1.5977
distribute_parallel_for_collapse_1400_1400_900,1400,900,0,1800,12605400,3782701,900,25760000,10080000,3781800,1260000,2521800,1260000,0,0,0,1261800,372936,0.3729
distribute_parallel_for_collapse_1400_1900_1400,1400,1400,0,2800,26608400,7984201,1400,42560000,15680000,7982800,2660000,5322800,2660000,0,0,0,2662800,771743,0.7717
distribute_parallel_for_collapse_1400_1900_1900,1400,1900,0,3800,36111400,10835701,1900,50160000,21280000,10833800,3610000,7223800,3610000,0,0,0,3613800,1056548,1.0565
distribute_parallel_for_collapse_1400_1900_2400,1400,2400,0,4800,45614400,13687201,2400,57760000,26880000,13684800,4560000,9124800,4560000,0,0,0,4564800,1284002,1.2840
distribute_parallel_for_collapse_1400_1900_2900,1400,2900,0,5800,55117400,16538701,2900,65360000,32480000,16535800,5510000,11025800,5510000,0,0,0,5515800,1607477,1.6075
distribute_parallel_for_collapse_1400_1900_3400,1400,3400,0,6800,64620400,19390201,3400,72960000,38080000,19386800,6460000,12926800,6460000,0,0,0,6466800,1859940,1.8599
distribute_parallel_for_collapse_1400_1900_3900,1400,3900,0,7800,74123400,22241701,3900,80560000,43680000,22237800,7410000,14827800,7410000,0,0,0,7417800,2156633,2.1566
distribute_parallel_for_collapse_1400_1900_900,1400,900,0,1800,17105400,5132701,900,34960000,10080000,5131800,1710000,3421800,1710000,0,0,0,1711800,548915,0.5489
distribute_parallel_for_collapse_1400_2400_1400,1400,1400,0,2800,33608400,10084201,1400,53760000,15680000,10082800,3360000,6722800,3360000,0,0,0,3362800,977442,0.9774
distribute_parallel_for_collapse_1400_2400_1900,1400,1900,0,3800,45611400,13685701,1900,63360000,21280000,13683800,4560000,9123800,4560000,0,0,0,4563800,1334684,1.3347
distribute_parallel_for_collapse_1400_2400_2400,1400,2400,0,4800,57614400,17287201,2400,72960000,26880000,17284800,5760000,11524800,5760000,0,0,0,5764800,1617339,1.6173
distribute_parallel_for_collapse_1400_2400_2900,1400,2900,0,5800,69617400,20888701,2900,82560000,32480000,20885800,6960000,13925800,6960000,0,0,0,6965800,2034232,2.0342
distribute_parallel_for_collapse_1400_2400_3400,1400,3400,0,6800,81620400,24490201,3400,92160000,38080000,24486800,8160000,16326800,8160000,0,0,0,8166800,2354422,2.3544
distribute_parallel_for_collapse_1400_2400_3900,1400,3900,0,7800,93623400,28091701,3900,101760000,43680000,28087800,9360000,18727800,9360000,0,0,0,9367800,2730225,2.7302
distribute_parallel_for_collapse_1400_2400_900,1400,900,0,1800,21605400,6482701,900,44160000,10080000,6481800,2160000,4321800,2160000,0,0,0,2161800,640747,0.6407
distribute_parallel_for_collapse_1400_2900_1400,1400,1400,0,2800,40608400,12184201,1400,64960000,15680000,12182800,4060000,8122800,4060000,0,0,0,4062800,1176726,1.1767
distribute_parallel_for_collapse_1400_2900_1900,1400,1900,0,3800,55111400,16535701,1900,76560000,21280000,16533800,5510000,11023800,5510000,0,0,0,5513800,1609507,1.6095
distribute_parallel_for_collapse_1400_2900_2400,1400,2400,0,4800,69614400,20887201,2400,88160000,26880000,20884800,6960000,13924800,6960000,0,0,0,6964800,1956025,1.9560
distribute_parallel_for_collapse_1400_2900_2900,1400,2900,0,5800,84117400,25238701,2900,99760000,32480000,25235800,8410000,16825800,8410000,0,0,0,8415800,2447124,2.4471
distribute_parallel_for_collapse_1400_2900_3400,1400,3400,0,6800,98620400,29590201,3400,111360000,38080000,29586800,9860000,19726800,9860000,0,0,0,9866800,2831666,2.8317
distribute_parallel_for_collapse_1400_2900_3900,1400,3900,0,7800,113123400,33941701,3900,122960000,43680000,33937800,11310000,22627800,11310000,0,0,0,11317800,3283306,3.2833
distribute_parallel_for_collapse_1400_2900_900,1400,900,0,1800,26105400,7832701,900,53360000,10080000,7831800,2610000,5221800,2610000,0,0,0,2611800,874927,0.8749
distribute_parallel_for_collapse_1400_3400_1400,1400,1400,0,2800,47608400,14284201,1400,76160000,15680000,14282800,4760000,9522800,4760000,0,0,0,4762800,1381012,1.3810
distribute_parallel_for_collapse_1400_3400_1900,1400,1900,0,3800,64611400,19385701,1900,89760000,21280000,19383800,6460000,12923800,6460000,0,0,0,6463800,1887769,1.8878
distribute_parallel_for_collapse_1400_3400_2400,1400,2400,0,4800,81614400,24487201,2400,103360000,26880000,24484800,8160000,16324800,8160000,0,0,0,8164800,2288133,2.2881
distribute_parallel_for_collapse_1400_3400_2900,1400,2900,0,5800,98617400,29588701,2900,116960000,32480000,29585800,9860000,19725800,9860000,0,0,0,9865800,2878459,2.8785
distribute_parallel_for_collapse_1400_3400_3400,1400,3400,0,6800,115620400,34690201,3400,130560000,38080000,34686800,11560000,23126800,11560000,0,0,0,11566800,3317548,3.3175
distribute_parallel_for_collapse_1400_3400_3900,1400,3900,0,7800,132623400,39791701,3900,144160000,43680000,39787800,13260000,26527800,13260000,0,0,0,13267800,3853979,3.8540
distribute_parallel_for_collapse_1400_3400_900,1400,900,0,1800,30605400,9182701,900,62560000,10080000,9181800,3060000,6121800,3060000,0,0,0,3061800,903620,0.9036
distribute_parallel_for_collapse_1400_3900_1400,1400,1400,0,2800,54608400,16384201,1400,87360000,15680000,16382800,5460000,10922800,5460000,0,0,0,5462800,1584047,1.5840
distribute_parallel_for_collapse_1400_3900_1900,1400,1900,0,3800,74111400,22235701,1900,102960000,21280000,22233800,7410000,14823800,7410000,0,0,0,7413800,2172710,2.1727
distribute_parallel_for_collapse_1400_3900_2400,1400,2400,0,4800,93614400,28087201,2400,118560000,26880000,28084800,9360000,18724800,9360000,0,0,0,9364800,2680058,2.6801
distribute_parallel_for_collapse_1400_3900_2900,1400,2900,0,5800,113117400,33938701,2900,134160000,32480000,33935800,11310000,22625800,11310000,0,0,0,11315800,3374696,3.3747
distribute_parallel_for_collapse_1400_3900_3400,1400,3400,0,6800,132620400,39790201,3400,149760000,38080000,39786800,13260000,26526800,13260000,0,0,0,13266800,3816848,3.8168
distribute_parallel_for_collapse_1400_3900_3900,1400,3900,0,7800,152123400,45641701,3900,165360000,43680000,45637800,15210000,30427800,15210000,0,0,0,15217800,4419058,4.4191
distribute_parallel_for_collapse_1400_3900_900,1400,900,0,1800,35105400,10532701,900,71760000,10080000,10531800,3510000,7021800,3510000,0,0,0,3511800,1036791,1.0368
distribute_parallel_for_collapse_1400_900_1400,1400,1400,0,2800,12608400,3784201,1400,20160000,15680000,3782800,1260000,2522800,1260000,0,0,0,1262800,370691,0.3707
distribute_parallel_for_collapse_1400_900_1900,1400,1900,0,3800,17111400,5135701,1900,23760000,21280000,5133800,1710000,3423800,1710000,0,0,0,1713800,506225,0.5062
distribute_parallel_for_collapse_1400_900_2400,1400,2400,0,4800,21614400,6487201,2400,27360000,26880000,6484800,2160000,4324800,2160000,0,0,0,2164800,614026,0.6140
distribute_parallel_for_collapse_1400_900_2900,1400,2900,0,5800,26117400,7838701,2900,30960000,32480000,7835800,2610000,5225800,2610000,0,0,0,2615800,769974,0.7700
distribute_parallel_for_collapse_1400_900_3400,1400,3400,0,6800,30620400,9190201,3400,34560000,38080000,9186800,3060000,6126800,3060000,0,0,0,3066800,891535,0.8915
distribute_parallel_for_collapse_1400_900_3900,1400,3900,0,7800,35123400,10541701,3900,38160000,43680000,10537800,3510000,7027800,3510000,0,0,0,3517800,1031887,1.0319
distribute_parallel_for_collapse_1400_900_900,1400,900,0,1800,8105400,2432701,900,16560000,10080000,2431800,810000,1621800,810000,0,0,0,811800,242628,0.2426
distribute_parallel_for_collapse_1500_1000_1000,1500,1000,0,2000,10006000,3003001,1000,20000000,12000000,3002000,1000000,2002000,1000000,0,0,0,1002000,310196,0.3102
distribute_parallel_for_collapse_1500_1000_1500,1500,1500,0,3000,15009000,4504501,1500,24000000,18000000,4503000,1500000,3003000,1500000,0,0,0,1503000,469815,0.4698
distribute_parallel_for_collapse_1500_1000_2000,1500,2000,0,4000,20012000,6006001,2000,28000000,24000000,6004000,2000000,4004000,2000000,0,0,0,2004000,602939,0.6029
distribute_parallel_for_collapse_1500_1000_2500,1500,2500,0,5000,25015000,7507501,2500,32000000,30000000,7505000,2500000,5005000,2500000,0,0,0,2505000,780159,0.7802
distribute_parallel_for_collapse_1500_1000_3000,1500,3000,0,6000,30018000,9009001,3000,36000000,36000000,9006000,3000000,6006000,3000000,0,0,0,3006000,924074,0.9241
distribute_parallel_for_collapse_1500_1000_3500,1500,3500,0,7000,35021000,10510501,3500,40000000,42000000,10507000,3500000,7007000,3500000,0,0,0,3507000,1091029,1.0910
distribute_parallel_for_collapse_1500_1000_4000,1500,4000,0,8000,40024000,12012001,4000,44000000,48000000,12008000,4000000,8008000,4000000,0,0,0,4008000,1199734,1.1997
distribute_parallel_for_collapse_1500_1500_1000,1500,1000,0,2000,15006000,4503001,1000,30000000,12000000,4502000,1500000,3002000,1500000,0,0,0,1502000,463986,0.4640
distribute_parallel_for_collapse_1500_1500_1500,1500,1500,0,3000,22509000,6754501,1500,36000000,18000000,6753000,2250000,4503000,2250000,0,0,0,2253000,703027,0.7030
distribute_parallel_for_collapse_1500_1500_2000,1500,2000,0,4000,30012000,9006001,2000,42000000,24000000,9004000,3000000,6004000,3000000,0,0,0,3004000,900468,0.9005
distribute_parallel_for_collapse_1500_1500_2500,1500,2500,0,5000,37515000,11257501,2500,48000000,30000000,11255000,3750000,7505000,3750000,0,0,0,3755000,1163870,1.1639
distribute_parallel_for_collapse_1500_1500_3000,1500,3000,0,6000,45018000,13509001,3000,54000000,36000000,13506000,4500000,9006000,4500000,0,0,0,4506000,1382109,1.3821
distribute_parallel_for_collapse_1500_1500_3500,1500,3500,0,7000,52521000,15760501,3500,60000000,42000000,15757000,5250000,10507000,5250000,0,0,0,5257000,1624385,1.6244
distribute_parallel_for_collapse_1500_1500_4000,1500,4000,0,8000,60024000,18012001,4000,66000000,48000000,18008000,6000000,12008000,6000000,0,0,0,6008000,1790193,1.7902
distribute_parallel_for_collapse_1500_2000_1000,1500,1000,0,2000,20006000,6003001,1000,40000000,12000000,6002000,2000000,4002000,2000000,0,0,0,2002000,617605,0.6176
distribute_parallel_for_collapse_1500_2000_1500,1500,1500,0,3000,30009000,9004501,1500,48000000,18000000,9003000,3000000,6003000,3000000,0,0,0,3003000,935774,0.9358
distribute_parallel_for_collapse_1500_2000_2000,1500,2000,0,4000,40012000,12006001,2000,56000000,24000000,12004000,4000000,8004000,4000000,0,0,0,4004000,1196075,1.1961
distribute_parallel_for_collapse_1500_2000_2500,1500,2500,0,5000,50015000,15007501,2500,64000000,30000000,15005000,5000000,10005000,5000000,0,0,0,5005000,1549109,1.5491
distribute_parallel_for_collapse_1500_2000_3000,1500,3000,0,6000,60018000,18009001,3000,72000000,36000000,18006000,6000000,12006000,6000000,0,0,0,6006000,1832041,1.8320
distribute_parallel_for_collapse_1500_2000_3500,1500,3500,0,7000,70021000,21010501,3500,80000000,42000000,21007000,7000000,14007000,7000000,0,0,0,7007000,2163110,2.1631
distribute_parallel_for_collapse_1500_2000_4000,1500,4000,0,8000,80024000,24012001,4000,88000000,48000000,24008000,8000000,16008000,8000000,0,0,0,8008000,2374451,2.3745
distribute_parallel_for_collapse_1500_2500_1000,1500,1000,0,2000,25006000,7503001,1000,50000000,12000000,7502000,2500000,5002000,2500000,0,0,0,2502000,771979,0.7720
distribute_parallel_for_collapse_1500_2500_1500,1500,1500,0,3000,37509000,11254501,1500,60000000,18000000,11253000,3750000,7503000,3750000,0,0,0,3753000,1168472,1.1685
distribute_parallel_for_collapse_1500_2500_2000,1500,2000,0,4000,50012000,15006001,2000,70000000,24000000,15004000,5000000,10004000,5000000,0,0,0,5004000,1494280,1.4943
distribute_parallel_for_collapse_1500_2500_2500,1500,2500,0,5000,62515000,18757501,2500,80000000,30000000,18755000,6250000,12505000,6250000,0,0,0,6255000,1933824,1.9338
distribute_parallel_for_collapse_1500_2500_3000,1500,3000,0,6000,75018000,22509001,3000,90000000,36000000,22506000,7500000,15006000,7500000,0,0,0,7506000,2287227,2.2872
distribute_parallel_for_collapse_1500_2500_3500,1500,3500,0,7000,87521000,26260501,3500,100000000,42000000,26257000,8750000,17507000,8750000,0,0,0,8757000,2702833,2.7028
distribute_parallel_for_collapse_1500_2500_4000,1500,4000,0,8000,100024000,30012001,4000,110000000,48000000,30008000,10000000,20008000,10000000,0,0,0,10008000,2982172,2.9822
distribute_parallel_for_collapse_1500_3000_1000,1500,1000,0,2000,30006000,9003001,1000,60000000,12000000,9002000,3000000,6002000,3000000,0,0,0,3002000,933562,0.9336
distribute_parallel_for_collapse_1500_3000_1500,1500,1500,0,3000,45009000,13504501,1500,72000000,18000000,13503000,4500000,9003000,4500000,0,0,0,4503000,1406079,1.4061
distribute_parallel_for_collapse_1500_3000_2000,1500,2000,0,4000,60012000,18006001,2000,84000000,24000000,18004000,6000000,12004000,6000000,0,0,0,6004000,1792513,1.7925
distribute_parallel_for_collapse_1500_3000_2500,1500,2500,0,5000,75015000,22507501,2500,96000000,30000000,22505000,7500000,15005000,7500000,0,0,0,7505000,2319649,2.3196
distribute_parallel_for_collapse_1500_3000_3000,1500,3000,0,6000,90018000,27009001,3000,108000000,36000000,27006000,9000000,18006000,9000000,0,0,0,9006000,2742330,2.7423
distribute_parallel_for_collapse_1500_3000_3500,1500,3500,0,7000,105021000,31510501,3500,120000000,42000000,31507000,10500000,21007000,10500000,0,0,0,10507000,3238502,3.2385
distribute_parallel_for_collapse_1500_3000_4000,1500,4000,0,8000,120024000,36012001,4000,132000000,48000000,36008000,12000000,24008000,12000000,0,0,0,12008000,3560162,3.5602
distribute_parallel_for_collapse_1500_3500_1000,1500,1000,0,2000,35006000,10503001,1000,70000000,12000000,10502000,3500000,7002000,3500000,0,0,0,3502000,1081079,1.0811
distribute_parallel_for_collapse_1500_3500_1500,1500,1500,0,3000,52509000,15754501,1500,84000000,18000000,15753000,5250000,10503000,5250000,0,0,0,5253000,1633900,1.6339
distribute_parallel_for_collapse_1500_3500_2000,1500,2000,0,4000,70012000,21006001,2000,98000000,24000000,21004000,7000000,14004000,7000000,0,0,0,7004000,2095841,2.0958
distribute_parallel_for_collapse_1500_3500_2500,1500,2500,0,5000,87515000,26257501,2500,112000000,30000000,26255000,8750000,17505000,8750000,0,0,0,8755000,2708835,2.7088
distribute_parallel_for_collapse_1500_3500_3000,1500,3000,0,6000,105018000,31509001,3000,126000000,36000000,31506000,10500000,21006000,10500000,0,0,0,10506000,3202214,3.2022
distribute_parallel_for_collapse_1500_3500_3500,1500,3500,0,7000,122521000,36760501,3500,140000000,42000000,36757000,12250000,24507000,12250000,0,0,0,12257000,3782516,3.7825
distribute_parallel_for_collapse_1500_3500_4000,1500,4000,0,8000,140024000,42012001,4000,154000000,48000000,42008000,14000000,28008000,14000000,0,0,0,14008000,4150452,4.1505
distribute_parallel_for_collapse_1500_4000_1000,1500,1000,0,2000,40006000,12003001,1000,80000000,12000000,12002000,4000000,8002000,4000000,0,0,0,4002000,1242029,1.2420
distribute_parallel_for_collapse_1500_4000_1500,1500,1500,0,3000,60009000,18004501,1500,96000000,18000000,18003000,6000000,12003000,6000000,0,0,0,6003000,1870370,1.8704
distribute_parallel_for_collapse_1500_4000_2000,1500,2000,0,4000,80012000,24006001,2000,112000000,24000000,24004000,8000000,16004000,8000000,0,0,0,8004000,2389694,2.3897
distribute_parallel_for_collapse_1500_4000_2500,1500,2500,0,5000,100015000,30007501,2500,128000000,30000000,30005000,10000000,20005000,10000000,0,0,0,10005000,3098561,3.0986
distribute_parallel_for_collapse_1500_4000_3000,1500,3000,0,6000,120018000,36009001,3000,144000000,36000000,36006000,12000000,24006000,12000000,0,0,0,12006000,3663297,3.6633
distribute_parallel_for_collapse_1500_4000_3500,1500,3500,0,7000,140021000,42010501,3500,160000000,42000000,42007000,14000000,28007000,14000000,0,0,0,14007000,4354936,4.3549
distribute_parallel_for_collapse_1500_4000_4000,1500,4000,0,8000,160024000,48012001,4000,176000000,48000000,48008000,16000000,32008000,16000000,0,0,0,16008000,4740637,4.7406
distribute_parallel_for_collapse_1700_1200_1200,1700,1200,0,2400,14407200,4323601,1200,27840000,16320000,4322400,1440000,2882400,1440000,0,0,0,1442400,502537,0.5025
distribute_parallel_for_collapse_1700_1200_1700,1700,1700,0,3400,20410200,6125101,1700,32640000,23120000,6123400,2040000,4083400,2040000,0,0,0,2043400,738113,0.7381
distribute_parallel_for_collapse_1700_1200_2200,1700,2200,0,4400,26413200,7926601,2200,37440000,29920000,7924400,2640000,5284400,2640000,0,0,0,2644400,943290,0.9433
distribute_parallel_for_collapse_1700_1200_2700,1700,2700,0,5400,32416200,9728101,2700,42240000,36720000,9725400,3240000,6485400,3240000,0,0,0,3245400,1170619,1.1706
distribute_parallel_for_collapse_1700_1200_3200,1700,3200,0,6400,38419200,11529601,3200,47040000,43520000,11526400,3840000,7686400,3840000,0,0,0,3846400,1329580,1.3296
distribute_parallel_for_collapse_1700_1200_3700,1700,3700,0,7400,44422200,13331101,3700,51840000,50320000,13327400,4440000,8887400,4440000,0,0,0,4447400,1615221,1.6152
distribute_parallel_for_collapse_1700_1200_4200,1700,4200,0,8400,50425200,15132601,4200,56640000,57120000,15128400,5040000,10088400,5040000,0,0,0,5048400,1822295,1.8223
distribute_parallel_for_collapse_1700_1700_1200,1700,1200,0,2400,20407200,6123601,1200,39440000,16320000,6122400,2040000,4082400,2040000,0,0,0,2042400,765875,0.7659
distribute_parallel_for_collapse_1700_1700_1700,1700,1700,0,3400,28910200,8675101,1700,46240000,23120000,8673400,2890000,5783400,2890000,0,0,0,2893400,1043553,1.0436
distribute_parallel_for_collapse_1700_1700_2200,1700,2200,0,4400,37413200,11226601,2200,53040000,29920000,11224400,3740000,7484400,3740000,0,0,0,3744400,1347683,1.3477
distribute_parallel_for_collapse_1700_1700_2700,1700,2700,0,5400,45916200,13778101,2700,59840000,36720000,13775400,4590000,9185400,4590000,0,0,0,4595400,1652352,1.6524
distribute_parallel_for_collapse_1700_1700_3200,1700,3200,0,6400,54419200,16329601,3200,66640000,43520000,16326400,5440000,10886400,5440000,0,0,0,5446400,1889139,1.8891
distribute_parallel_for_collapse_1700_1700_3700,1700,3700,0,7400,62922200,18881101,3700,73440000,50320000,18877400,6290000,12587400,6290000,0,0,0,6297400,2311861,2.3119
distribute_parallel_for_collapse_1700_1700_4200,1700,4200,0,8400,71425200,21432601,4200,80240000,57120000,21428400,7140000,14288400,7140000,0,0,0,7148400,2564991,2.5650
distribute_parallel_for_collapse_1700_2200_1200,1700,1200,0,2400,26407200,7923601,1200,51040000,16320000,7922400,2640000,5282400,2640000,0,0,0,2642400,920470,0.9205
distribute_parallel_for_collapse_1700_2200_1700,1700,1700,0,3400,37410200,11225101,1700,59840000,23120000,11223400,3740000,7483400,3740000,0,0,0,3743400,1350547,1.3505
distribute_parallel_for_collapse_1700_2200_2200,1700,2200,0,4400,48413200,14526601,2200,68640000,29920000,14524400,4840000,9684400,4840000,0,0,0,4844400,1727872,1.7279
distribute_parallel_for_collapse_1700_2200_2700,1700,2700,0,5400,59416200,17828101,2700,77440000,36720000,17825400,5940000,11885400,5940000,0,0,0,5945400,2156449,2.1564
distribute_parallel_for_collapse_1700_2200_3200,1700,3200,0,6400,70419200,21129601,3200,86240000,43520000,21126400,7040000,14086400,7040000,0,0,0,7046400,2458459,2.4585
distribute_parallel_for_collapse_1700_2200_3700,1700,3700,0,7400,81422200,24431101,3700,95040000,50320000,24427400,8140000,16287400,8140000,0,0,0,8147400,2942743,2.9427
distribute_parallel_for_collapse_1700_2200_4200,1700,4200,0,8400,92425200,27732601,4200,103840000,57120000,27728400,9240000,18488400,9240000,0,0,0,9248400,3281428,3.2814
distribute_parallel_for_collapse_1700_2700_1200,1700,1200,0,2400,32407200,9723601,1200,62640000,16320000,9722400,3240000,6482400,3240000,0,0,0,3242400,1151856,1.1519
distribute_parallel_for_collapse_1700_2700_1700,1700,1700,0,3400,45910200,13775101,1700,73440000,23120000,13773400,4590000,9183400,4590000,0,0,0,4593400,1659820,1.6598
distribute_parallel_for_collapse_1700_2700_2200,1700,2200,0,4400,59413200,17826601,2200,84240000,29920000,17824400,5940000,11884400,5940000,0,0,0,5944400,2114074,2.1141
distribute_parallel_for_collapse_1700_2700_2700,1700,2700,0,5400,72916200,21878101,2700,95040000,36720000,21875400,7290000,14585400,7290000,0,0,0,7295400,2620273,2.6203
distribute_parallel_for_collapse_1700_2700_3200,1700,3200,0,6400,86419200,25929601,3200,105840000,43520000,25926400,8640000,17286400,8640000,0,0,0,8646400,3000285,3.0003
distribute_parallel_for_collapse_1700_2700_3700,1700,3700,0,7400,99922200,29981101,3700,116640000,50320000,29977400,9990000,19987400,9990000,0,0,0,9997400,3589704,3.5897
distribute_parallel_for_collapse_1700_2700_4200,1700,4200,0,8400,113425200,34032601,4200,127440000,57120000,34028400,11340000,22688400,11340000,0,0,0,11348400,4033650,4.0336
distribute_parallel_for_collapse_1700_3200_1200,1700,1200,0,2400,38407200,11523601,1200,74240000,16320000,11522400,3840000,7682400,3840000,0,0,0,3842400,1337323,1.3373
distribute_parallel_for_collapse_1700_3200_1700,1700,1700,0,3400,54410200,16325101,1700,87040000,23120000,16323400,5440000,10883400,5440000,0,0,0,5443400,1992979,1.9930
distribute_parallel_for_collapse_1700_3200_2200,1700,2200,0,4400,70413200,21126601,2200,99840000,29920000,21124400,7040000,14084400,7040000,0,0,0,7044400,2503931,2.5039
distribute_parallel_for_collapse_1700_3200_2700,1700,2700,0,5400,86416200,25928101,2700,112640000,36720000,25925400,8640000,17285400,8640000,0,0,0,8645400,3181030,3.1810
distribute_parallel_for_collapse_1700_3200_3200,1700,3200,0,6400,102419200,30729601,3200,125440000,43520000,30726400,10240000,20486400,10240000,0,0,0,10246400,3701856,3.7019
distribute_parallel_for_collapse_1700_3200_3700,1700,3700,0,7400,118422200,35531101,3700,138240000,50320000,35527400,11840000,23687400,11840000,0,0,0,11847400,4287094,4.2871
distribute_parallel_for_collapse_1700_3200_4200,1700,4200,0,8400,134425200,40332601,4200,151040000,57120000,40328400,13440000,26888400,13440000,0,0,0,13448400,4814498,4.8145
distribute_parallel_for_collapse_1700_3700_1200,1700,1200,0,2400,44407200,13323601,1200,85840000,16320000,13322400,4440000,8882400,4440000,0,0,0,4442400,1548997,1.5490
distribute_parallel_for_collapse_1700_3700_1700,1700,1700,0,3400,62910200,18875101,1700,100640000,23120000,18873400,6290000,12583400,6290000,0,0,0,6293400,2278116,2.2781
distribute_parallel_for_collapse_1700_3700_2200,1700,2200,0,4400,81413200,24426601,2200,115440000,29920000,24424400,8140000,16284400,8140000,0,0,0,8144400,2906125,2.9061
distribute_parallel_for_collapse_1700_3700_2700,1700,2700,0,5400,99916200,29978101,2700,130240000,36720000,29975400,9990000,19985400,9990000,0,0,0,9995400,3633972,3.6340
distribute_parallel_for_collapse_1700_3700_3200,1700,3200,0,6400,118419200,35529601,3200,145040000,43520000,35526400,11840000,23686400,11840000,0,0,0,11846400,4125620,4.1256
distribute_parallel_for_collapse_1700_3700_3700,1700,3700,0,7400,136922200,41081101,3700,159840000,50320000,41077400,13690000,27387400,13690000,0,0,0,13697400,4925227,4.9252
distribute_parallel_for_collapse_1700_3700_4200,1700,4200,0,8400,155425200,46632601,4200,174640000,57120000,46628400,15540000,31088400,15540000,0,0,0,15548400,5560659,5.5607
distribute_parallel_for_collapse_1750_1250_1250,1750,1250,0,2500,15632500,4691251,1250,30000000,17500000,4690000,1562500,3127500,1562500,0,0,0,1565000,589554,0.5896
distribute_parallel_for_collapse_1750_1250_1750,1750,1750,0,3500,21885500,6567751,1750,35000000,24500000,6566000,2187500,4378500,2187500,0,0,0,2191000,829345,0.8293
distribute_parallel_for_collapse_1750_1250_2250,1750,2250,0,4500,28138500,8444251,2250,40000000,31500000,8442000,2812500,5629500,2812500,0,0,0,2817000,1077854,1.0779
distribute_parallel_for_collapse_1750_1250_2750,1750,2750,0,5500,34391500,10320751,2750,45000000,38500000,10318000,3437500,6880500,3437500,0,0,0,3443000,1333598,1.3336
distribute_parallel_for_collapse_1750_1250_3250,1750,3250,0,6500,40644500,12197251,3250,50000000,45500000,12194000,4062500,8131500,4062500,0,0,0,4069000,1518377,1.5184
distribute_parallel_for_collapse_1750_1250_3750,1750,3750,0,7500,46897500,14073751,3750,55000000,52500000,14070000,4687500,9382500,4687500,0,0,0,4695000,1751886,1.7519
distribute_parallel_for_collapse_1750_1250_4250,1750,4250,0,8500,53150500,15950251,4250,60000000,59500000,15946000,5312500,10633500,5312500,0,0,0,5321000,2034909,2.0349
distribute_parallel_for_collapse_1750_1750_1250,1750,1250,0,2500,21882500,6566251,1250,42000000,17500000,6565000,2187500,4377500,2187500,0,0,0,2190000,821048,0.8210
distribute_parallel_for_collapse_1750_1750_1750,1750,1750,0,3500,30635500,9192751,1750,49000000,24500000,9191000,3062500,6128500,3062500,0,0,0,3066000,1141772,1.1418
distribute_parallel_for_collapse_1750_1750_2250,1750,2250,0,4500,39388500,11819251,2250,56000000,31500000,11817000,3937500,7879500,3937500,0,0,0,3942000,1479340,1.4793
distribute_parallel_for_collapse_1750_1750_2750,1750,2750,0,5500,48141500,14445751,2750,63000000,38500000,14443000,4812500,9630500,4812500,0,0,0,4818000,1794689,1.7947
distribute_parallel_for_collapse_1750_1750_3250,1750,3250,0,6500,56894500,17072251,3250,70000000,45500000,17069000,5687500,11381500,5687500,0,0,0,5694000,2127697,2.1277
distribute_parallel_for_collapse_1750_1750_3750,1750,3750,0,7500,65647500,19698751,3750,77000000,52500000,19695000,6562500,13132500,6562500,0,0,0,6570000,2442205,2.4422
distribute_parallel_for_collapse_1750_1750_4250,1750,4250,0,8500,74400500,22325251,4250,84000000,59500000,22321000,7437500,14883500,7437500,0,0,0,7446000,2766642,2.7666
distribute_parallel_for_collapse_1750_2250_1250,1750,1250,0,2500,28132500,8441251,1250,54000000,17500000,8440000,2812500,5627500,2812500,0,0,0,2815000,1054590,1.0546
distribute_parallel_for_collapse_1750_2250_1750,1750,1750,0,3500,39385500,11817751,1750,63000000,24500000,11816000,3937500,7878500,3937500,0,0,0,3941000,1473812,1.4738
distribute_parallel_for_collapse_1750_2250_2250,1750,2250,0,4500,50638500,15194251,2250,72000000,31500000,15192000,5062500,10129500,5062500,0,0,0,5067000,1888173,1.8882
distribute_parallel_for_collapse_1750_2250_2750,1750,2750,0,5500,61891500,18570751,2750,81000000,38500000,18568000,6187500,12380500,6187500,0,0,0,6193000,2333212,2.3332
distribute_parallel_for_collapse_1750_2250_3250,1750,3250,0,6500,73144500,21947251,3250,90000000,45500000,21944000,7312500,14631500,7312500,0,0,0,7319000,2718163,2.7182
distribute_parallel_for_collapse_1750_2250_3750,1750,3750,0,7500,84397500,25323751,3750,99000000,52500000,25320000,8437500,16882500,8437500,0,0,0,8445000,3182498,3.1825
distribute_parallel_for_collapse_1750_2250_4250,1750,4250,0,8500,95650500,28700251,4250,108000000,59500000,28696000,9562500,19133500,9562500,0,0,0,9571000,3559006,3.5590
distribute_parallel_for_collapse_1750_2750_1250,1750,1250,0,2500,34382500,10316251,1250,66000000,17500000,10315000,3437500,6877500,3437500,0,0,0,3440000,1287657,1.2877
distribute_parallel_for_collapse_1750_2750_1750,1750,1750,0,3500,48135500,14442751,1750,77000000,24500000,14441000,4812500,9628500,4812500,0,0,0,4816000,1810956,1.8110
distribute_parallel_for_collapse_1750_2750_2250,1750,2250,0,4500,61888500,18569251,2250,88000000,31500000,18567000,6187500,12379500,6187500,0,0,0,6192000,2307677,2.3077
distribute_parallel_for_collapse_1750_2750_2750,1750,2750,0,5500,75641500,22695751,2750,99000000,38500000,22693000,7562500,15130500,7562500,0,0,0,7568000,2855906,2.8559
distribute_parallel_for_collapse_1750_2750_3250,1750,3250,0,6500,89394500,26822251,3250,110000000,45500000,26819000,8937500,17881500,8937500,0,0,0,8944000,3350147,3.3501
distribute_parallel_for_collapse_1750_2750_3750,1750,3750,0,7500,103147500,30948751,3750,121000000,52500000,30945000,10312500,20632500,10312500,0,0,0,10320000,3950543,3.9505
distribute_parallel_for_collapse_1750_2750_4250,1750,4250,0,8500,116900500,35075251,4250,132000000,59500000,35071000,11687500,23383500,11687500,0,0,0,11696000,4342937,4.3429
distribute_parallel_for_collapse_1750_3250_1250,1750,1250,0,2500,40632500,12191251,1250,78000000,17500000,12190000,4062500,8127500,4062500,0,0,0,4065000,1521592,1.5216
distribute_parallel_for_collapse_1750_3250_1750,1750,1750,0,3500,56885500,17067751,1750,91000000,24500000,17066000,5687500,11378500,5687500,0,0,0,5691000,2128979,2.1290
distribute_parallel_for_collapse_1750_3250_2250,1750,2250,0,4500,73138500,21944251,2250,104000000,31500000,21942000,7312500,14629500,7312500,0,0,0,7317000,2726295,2.7263
distribute_parallel_for_collapse_1750_3250_2750,1750,2750,0,5500,89391500,26820751,2750,117000000,38500000,26818000,8937500,17880500,8937500,0,0,0,8943000,3328529,3.3285
distribute_parallel_for_collapse_1750_3250_3250,1750,3250,0,6500,105644500,31697251,3250,130000000,45500000,31694000,10562500,21131500,10562500,0,0,0,10569000,3953794,3.9538
distribute_parallel_for_collapse_1750_3250_3750,1750,3750,0,7500,121897500,36573751,3750,143000000,52500000,36570000,12187500,24382500,12187500,0,0,0,12195000,4536617,4.5366
distribute_parallel_for_collapse_1750_3250_4250,1750,4250,0,8500,138150500,41450251,4250,156000000,59500000,41446000,13812500,27633500,13812500,0,0,0,13821000,5142214,5.1422
distribute_parallel_for_collapse_1750_3750_1250,1750,1250,0,2500,46882500,14066251,1250,90000000,17500000,14065000,4687500,9377500,4687500,0,0,0,4690000,1760011,1.7600
distribute_parallel_for_collapse_1750_3750_1750,1750,1750,0,3500,65635500,19692751,1750,105000000,24500000,19691000,6562500,13128500,6562500,0,0,0,6566000,2484195,2.4842
distribute_parallel_for_collapse_1750_3750_2250,1750,2250,0,4500,84388500,25319251,2250,120000000,31500000,25317000,8437500,16879500,8437500,0,0,0,8442000,3155978,3.1560
distribute_parallel_for_collapse_1750_3750_2750,1750,2750,0,5500,103141500,30945751,2750,135000000,38500000,30943000,10312500,20630500,10312500,0,0,0,10318000,3848597,3.8486
distribute_parallel_for_collapse_1750_3750_3250,1750,3250,0,6500,121894500,36572251,3250,150000000,45500000,36569000,12187500,24381500,12187500,0,0,0,12194000,4556384,4.5564
distribute_parallel_for_collapse_1750_3750_3750,1750,3750,0,7500,140647500,42198751,3750,165000000,52500000,42195000,14062500,28132500,14062500,0,0,0,14070000,5232197,5.2322
distribute_parallel_for_collapse_1750_3750_4250,1750,4250,0,8500,159400500,47825251,4250,180000000,59500000,47821000,15937500,31883500,15937500,0,0,0,15946000,5932315,5.9323
distribute_parallel_for_collapse_1750_4250_1250,1750,1250,0,2500,53132500,15941251,1250,102000000,17500000,15940000,5312500,10627500,5312500,0,0,0,5315000,2005349,2.0053
distribute_parallel_for_collapse_1750_4250_1750,1750,1750,0,3500,74385500,22317751,1750,119000000,24500000,22316000,7437500,14878500,7437500,0,0,0,7441000,2788448,2.7884
distribute_parallel_for_collapse_1750_4250_2250,1750,2250,0,4500,95638500,28694251,2250,136000000,31500000,28692000,9562500,19129500,9562500,0,0,0,9567000,3578412,3.5784
distribute_parallel_for_collapse_1750_4250_2750,1750,2750,0,5500,116891500,35070751,2750,153000000,38500000,35068000,11687500,23380500,11687500,0,0,0,11693000,4374633,4.3746
distribute_parallel_for_collapse_1750_4250_3250,1750,3250,0,6500,138144500,41447251,3250,170000000,45500000,41444000,13812500,27631500,13812500,0,0,0,13819000,5141423,5.1414
distribute_parallel_for_collapse_1750_4250_3750,1750,3750,0,7500,159397500,47823751,3750,187000000,52500000,47820000,15937500,31882500,15937500,0,0,0,15945000,5939390,5.9394
distribute_parallel_for_collapse_1750_4250_4250,1750,4250,0,8500,180650500,54200251,4250,204000000,59500000,54196000,18062500,36133500,18062500,0,0,0,18071000,6736138,6.7361
distribute_parallel_for_collapse_1900_1400_1400,1900,1400,0,2800,19608400,5884201,1400,36960000,21280000,5882800,1960000,3922800,1960000,0,0,0,1962800,772382,0.7724
distribute_parallel_for_collapse_1900_1400_1900,1900,1900,0,3800,26611400,7985701,1900,42560000,28880000,7983800,2660000,5323800,2660000,0,0,0,2663800,1080091,1.0801
distribute_parallel_for_collapse_1900_1400_2400,1900,2400,0,4800,33614400,10087201,2400,48160000,36480000,10084800,3360000,6724800,3360000,0,0,0,3364800,1284341,1.2843
distribute_parallel_for_collapse_1900_1400_2900,1900,2900,0,5800,40617400,12188701,2900,53760000,44080000,12185800,4060000,8125800,4060000,0,0,0,4065800,1611305,1.6113
distribute_parallel_for_collapse_1900_1400_3400,1900,3400,0,6800,47620400,14290201,3400,59360000,51680000,14286800,4760000,9526800,4760000,0,0,0,4766800,1861640,1.8616
distribute_parallel_for_collapse_1900_1400_3900,1900,3900,0,7800,54623400,16391701,3900,64960000,59280000,16387800,5460000,10927800,5460000,0,0,0,5467800,2160000,2.1600
distribute_parallel_for_collapse_1900_1400_900,1900,900,0,1800,12605400,3782701,900,31360000,13680000,3781800,1260000,2521800,1260000,0,0,0,1261800,504767,0.5048
distribute_parallel_for_collapse_1900_1900_1400,1900,1400,0,2800,26608400,7984201,1400,50160000,21280000,7982800,2660000,5322800,2660000,0,0,0,2662800,1045899,1.0459
distribute_parallel_for_collapse_1900_1900_1900,1900,1900,0,3800,36111400,10835701,1900,57760000,28880000,10833800,3610000,7223800,3610000,0,0,0,3613800,1430334,1.4303
distribute_parallel_for_collapse_1900_1900_2400,1900,2400,0,4800,45614400,13687201,2400,65360000,36480000,13684800,4560000,9124800,4560000,0,0,0,4564800,1744740,1.7447
distribute_parallel_for_collapse_1900_1900_2900,1900,2900,0,5800,55117400,16538701,2900,72960000,44080000,16535800,5510000,11025800,5510000,0,0,0,5515800,2175976,2.1760
distribute_parallel_for_collapse_1900_1900_3400,1900,3400,0,6800,64620400,19390201,3400,80560000,51680000,19386800,6460000,12926800,6460000,0,0,0,6466800,2514644,2.5146
distribute_parallel_for_collapse_1900_1900_3900,1900,3900,0,7800,74123400,22241701,3900,88160000,59280000,22237800,7410000,14827800,7410000,0,0,0,7417800,2920653,2.9207
distribute_parallel_for_collapse_1900_1900_900,1900,900,0,1800,17105400,5132701,900,42560000,13680000,5131800,1710000,3421800,1710000,0,0,0,1711800,691300,0.6913
distribute_parallel_for_collapse_1900_2400_1400,1900,1400,0,2800,33608400,10084201,1400,63360000,21280000,10082800,3360000,6722800,3360000,0,0,0,3362800,1328011,1.3280
distribute_parallel_for_collapse_1900_2400_1900,1900,1900,0,3800,45611400,13685701,1900,72960000,28880000,13683800,4560000,9123800,4560000,0,0,0,4563800,1807296,1.8073
distribute_parallel_for_collapse_1900_2400_2400,1900,2400,0,4800,57614400,17287201,2400,82560000,36480000,17284800,5760000,11524800,5760000,0,0,0,5764800,2199721,2.1997
distribute_parallel_for_collapse_1900_2400_2900,1900,2900,0,5800,69617400,20888701,2900,92160000,44080000,20885800,6960000,13925800,6960000,0,0,0,6965800,2748562,2.7486
distribute_parallel_for_collapse_1900_2400_3400,1900,3400,0,6800,81620400,24490201,3400,101760000,51680000,24486800,8160000,16326800,8160000,0,0,0,8166800,3177197,3.1772
distribute_parallel_for_collapse_1900_2400_3900,1900,3900,0,7800,93623400,28091701,3900,111360000,59280000,28087800,9360000,18727800,9360000,0,0,0,9367800,3688971,3.6890
distribute_parallel_for_collapse_1900_2400_900,1900,900,0,1800,21605400,6482701,900,53760000,13680000,6481800,2160000,4321800,2160000,0,0,0,2161800,864324,0.8643
distribute_parallel_for_collapse_1900_2900_1400,1900,1400,0,2800,40608400,12184201,1400,76560000,21280000,12182800,4060000,8122800,4060000,0,0,0,4062800,1595395,1.5954
distribute_parallel_for_collapse_1900_2900_1900,1900,1900,0,3800,55111400,16535701,1900,88160000,28880000,16533800,5510000,11023800,5510000,0,0,0,5513800,2184467,2.1845
distribute_parallel_for_collapse_1900_2900_2400,1900,2400,0,4800,69614400,20887201,2400,99760000,36480000,20884800,6960000,13924800,6960000,0,0,0,6964800,2647753,2.6478
distribute_parallel_for_collapse_1900_2900_2900,1900,2900,0,5800,84117400,25238701,2900,111360000,44080000,25235800,8410000,16825800,8410000,0,0,0,8415800,3332252,3.3323
distribute_parallel_for_collapse_1900_2900_3400,1900,3400,0,6800,98620400,29590201,3400,122960000,51680000,29586800,9860000,19726800,9860000,0,0,0,9866800,3835051,3.8351
distribute_parallel_for_collapse_1900_2900_3900,1900,3900,0,7800,113123400,33941701,3900,134560000,59280000,33937800,11310000,22627800,11310000,0,0,0,11317800,4453003,4.4530
distribute_parallel_for_collapse_1900_2900_900,1900,900,0,1800,26105400,7832701,900,64960000,13680000,7831800,2610000,5221800,2610000,0,0,0,2611800,1049404,1.0494
distribute_parallel_for_collapse_1900_3400_1400,1900,1400,0,2800,47608400,14284201,1400,89760000,21280000,14282800,4760000,9522800,4760000,0,0,0,4762800,1868724,1.8687
distribute_parallel_for_collapse_1900_3400_1900,1900,1900,0,3800,64611400,19385701,1900,103360000,28880000,19383800,6460000,12923800,6460000,0,0,0,6463800,2557304,2.5573
distribute_parallel_for_collapse_1900_3400_2400,1900,2400,0,4800,81614400,24487201,2400,116960000,36480000,24484800,8160000,16324800,8160000,0,0,0,8164800,3117899,3.1179
distribute_parallel_for_collapse_1900_3400_2900,1900,2900,0,5800,98617400,29588701,2900,130560000,44080000,29585800,9860000,19725800,9860000,0,0,0,9865800,3895626,3.8956
distribute_parallel_for_collapse_1900_3400_3400,1900,3400,0,6800,115620400,34690201,3400,144160000,51680000,34686800,11560000,23126800,11560000,0,0,0,11566800,4496699,4.4967
distribute_parallel_for_collapse_1900_3400_3900,1900,3900,0,7800,132623400,39791701,3900,157760000,59280000,39787800,13260000,26527800,13260000,0,0,0,13267800,5230726,5.2307
distribute_parallel_for_collapse_1900_3400_900,1900,900,0,1800,30605400,9182701,900,76160000,13680000,9181800,3060000,6121800,3060000,0,0,0,3061800,1223193,1.2232
distribute_parallel_for_collapse_1900_3900_1400,1900,1400,0,2800,54608400,16384201,1400,102960000,21280000,16382800,5460000,10922800,5460000,0,0,0,5462800,2168447,2.1684
distribute_parallel_for_collapse_1900_3900_1900,1900,1900,0,3800,74111400,22235701,1900,118560000,28880000,22233800,7410000,14823800,7410000,0,0,0,7413800,2934450,2.9345
distribute_parallel_for_collapse_1900_3900_2400,1900,2400,0,4800,93614400,28087201,2400,134160000,36480000,28084800,9360000,18724800,9360000,0,0,0,9364800,3559207,3.5592
distribute_parallel_for_collapse_1900_3900_2900,1900,2900,0,5800,113117400,33938701,2900,149760000,44080000,33935800,11310000,22625800,11310000,0,0,0,11315800,4461029,4.4610
distribute_parallel_for_collapse_1900_3900_3400,1900,3400,0,6800,132620400,39790201,3400,165360000,51680000,39786800,13260000,26526800,13260000,0,0,0,13266800,5197792,5.1978
distribute_parallel_for_collapse_1900_3900_3900,1900,3900,0,7800,152123400,45641701,3900,180960000,59280000,45637800,15210000,30427800,15210000,0,0,0,15217800,6016261,6.0163
distribute_parallel_for_collapse_1900_3900_900,1900,900,0,1800,35105400,10532701,900,87360000,13680000,10531800,3510000,7021800,3510000,0,0,0,3511800,1405063,1.4051
distribute_parallel_for_collapse_1900_900_1400,1900,1400,0,2800,12608400,3784201,1400,23760000,21280000,3782800,1260000,2522800,1260000,0,0,0,1262800,505920,0.5059
distribute_parallel_for_collapse_1900_900_1900,1900,1900,0,3800,17111400,5135701,1900,27360000,28880000,5133800,1710000,3423800,1710000,0,0,0,1713800,689627,0.6896
distribute_parallel_for_collapse_1900_900_2400,1900,2400,0,4800,21614400,6487201,2400,30960000,36480000,6484800,2160000,4324800,2160000,0,0,0,2164800,845564,0.8456
distribute_parallel_for_collapse_1900_900_2900,1900,2900,0,5800,26117400,7838701,2900,34560000,44080000,7835800,2610000,5225800,2610000,0,0,0,2615800,1044819,1.0448
distribute_parallel_for_collapse_1900_900_3400,1900,3400,0,6800,30620400,9190201,3400,38160000,51680000,9186800,3060000,6126800,3060000,0,0,0,3066800,1208834,1.2088
distribute_parallel_for_collapse_1900_900_3900,1900,3900,0,7800,35123400,10541701,3900,41760000,59280000,10537800,3510000,7027800,3510000,0,0,0,3517800,1403669,1.4037
distribute_parallel_for_collapse_1900_900_900,1900,900,0,1800,8105400,2432701,900,20160000,13680000,2431800,810000,1621800,810000,0,0,0,811800,325261,0.3253
distribute_parallel_for_collapse_2000_1000_1000,2000,1000,0,2000,10006000,3003001,1000,24000000,16000000,3002000,1000000,2002000,1000000,0,0,0,1002000,413342,0.4133
distribute_parallel_for_collapse_2000_1000_1500,2000,1500,0,3000,15009000,4504501,1500,28000000,24000000,4503000,1500000,3003000,1500000,0,0,0,1503000,626809,0.6268
distribute_parallel_for_collapse_2000_1000_2000,2000,2000,0,4000,20012000,6006001,2000,32000000,32000000,6004000,2000000,4004000,2000000,0,0,0,2004000,802723,0.8027
distribute_parallel_for_collapse_2000_1000_2500,2000,2500,0,5000,25015000,7507501,2500,36000000,40000000,7505000,2500000,5005000,2500000,0,0,0,2505000,1040996,1.0410
distribute_parallel_for_collapse_2000_1000_3000,2000,3000,0,6000,30018000,9009001,3000,40000000,48000000,9006000,3000000,6006000,3000000,0,0,0,3006000,1231812,1.2318
distribute_parallel_for_collapse_2000_1000_3500,2000,3500,0,7000,35021000,10510501,3500,44000000,56000000,10507000,3500000,7007000,3500000,0,0,0,3507000,1451792,1.4518
distribute_parallel_for_collapse_2000_1000_4000,2000,4000,0,8000,40024000,12012001,4000,48000000,64000000,12008000,4000000,8008000,4000000,0,0,0,4008000,1597097,1.5971
distribute_parallel_for_collapse_2000_1500_1000,2000,1000,0,2000,15006000,4503001,1000,36000000,16000000,4502000,1500000,3002000,1500000,0,0,0,1502000,616927,0.6169
distribute_parallel_for_collapse_2000_1500_1500,2000,1500,0,3000,22509000,6754501,1500,42000000,24000000,6753000,2250000,4503000,2250000,0,0,0,2253000,933999,0.9340
distribute_parallel_for_collapse_2000_1500_2000,2000,2000,0,4000,30012000,9006001,2000,48000000,32000000,9004000,3000000,6004000,3000000,0,0,0,3004000,1196378,1.1964
distribute_parallel_for_collapse_2000_1500_2500,2000,2500,0,5000,37515000,11257501,2500,54000000,40000000,11255000,3750000,7505000,3750000,0,0,0,3755000,1554408,1.5544
distribute_parallel_for_collapse_2000_1500_3000,2000,3000,0,6000,45018000,13509001,3000,60000000,48000000,13506000,4500000,9006000,4500000,0,0,0,4506000,1837018,1.8370
distribute_parallel_for_collapse_2000_1500_3500,2000,3500,0,7000,52521000,15760501,3500,66000000,56000000,15757000,5250000,10507000,5250000,0,0,0,5257000,2164212,2.1642
distribute_parallel_for_collapse_2000_1500_4000,2000,4000,0,8000,60024000,18012001,4000,72000000,64000000,18008000,6000000,12008000,6000000,0,0,0,6008000,2379743,2.3797
distribute_parallel_for_collapse_2000_2000_1000,2000,1000,0,2000,20006000,6003001,1000,48000000,16000000,6002000,2000000,4002000,2000000,0,0,0,2002000,822345,0.8223
distribute_parallel_for_collapse_2000_2000_1500,2000,1500,0,3000,30009000,9004501,1500,56000000,24000000,9003000,3000000,6003000,3000000,0,0,0,3003000,1241172,1.2412
distribute_parallel_for_collapse_2000_2000_2000,2000,2000,0,4000,40012000,12006001,2000,64000000,32000000,12004000,4000000,8004000,4000000,0,0,0,4004000,1592406,1.5924
distribute_parallel_for_collapse_2000_2000_2500,2000,2500,0,5000,50015000,15007501,2500,72000000,40000000,15005000,5000000,10005000,5000000,0,0,0,5005000,2061347,2.0613
distribute_parallel_for_collapse_2000_2000_3000,2000,3000,0,6000,60018000,18009001,3000,80000000,48000000,18006000,6000000,12006000,6000000,0,0,0,6006000,2450757,2.4508
distribute_parallel_for_collapse_2000_2000_3500,2000,3500,0,7000,70021000,21010501,3500,88000000,56000000,21007000,7000000,14007000,7000000,0,0,0,7007000,2884953,2.8850
distribute_parallel_for_collapse_2000_2000_4000,2000,4000,0,8000,80024000,24012001,4000,96000000,64000000,24008000,8000000,16008000,8000000,0,0,0,8008000,3162025,3.1620
distribute_parallel_for_collapse_2000_2500_1000,2000,1000,0,2000,25006000,7503001,1000,60000000,16000000,7502000,2500000,5002000,2500000,0,0,0,2502000,1027102,1.0271
distribute_parallel_for_collapse_2000_2500_1500,2000,1500,0,3000,37509000,11254501,1500,70000000,24000000,11253000,3750000,7503000,3750000,0,0,0,3753000,1552338,1.5523
distribute_parallel_for_collapse_2000_2500_2000,2000,2000,0,4000,50012000,15006001,2000,80000000,32000000,15004000,5000000,10004000,5000000,0,0,0,5004000,1988065,1.9881
distribute_parallel_for_collapse_2000_2500_2500,2000,2500,0,5000,62515000,18757501,2500,90000000,40000000,18755000,6250000,12505000,6250000,0,0,0,6255000,2575308,2.5753
distribute_parallel_for_collapse_2000_2500_3000,2000,3000,0,6000,75018000,22509001,3000,100000000,48000000,22506000,7500000,15006000,7500000,0,0,0,7506000,3046269,3.0463
distribute_parallel_for_collapse_2000_2500_3500,2000,3500,0,7000,87521000,26260501,3500,110000000,56000000,26257000,8750000,17507000,8750000,0,0,0,8757000,3591922,3.5919
distribute_parallel_for_collapse_2000_2500_4000,2000,4000,0,8000,100024000,30012001,4000,120000000,64000000,30008000,10000000,20008000,10000000,0,0,0,10008000,3948334,3.9483
distribute_parallel_for_collapse_2000_3000_1000,2000,1000,0,2000,30006000,9003001,1000,72000000,16000000,9002000,3000000,6002000,3000000,0,0,0,3002000,1231354,1.2314
distribute_parallel_for_collapse_2000_3000_1500,2000,1500,0,3000,45009000,13504501,1500,84000000,24000000,13503000,4500000,9003000,4500000,0,0,0,4503000,1866242,1.8662
distribute_parallel_for_collapse_2000_3000_2000,2000,2000,0,4000,60012000,18006001,2000,96000000,32000000,18004000,6000000,12004000,6000000,0,0,0,6004000,2382801,2.3828
distribute_parallel_for_collapse_2000_3000_2500,2000,2500,0,5000,75015000,22507501,2500,108000000,40000000,22505000,7500000,15005000,7500000,0,0,0,7505000,3087884,3.0879
distribute_parallel_for_collapse_2000_3000_3000,2000,3000,0,6000,90018000,27009001,3000,120000000,48000000,27006000,9000000,18006000,9000000,0,0,0,9006000,3650273,3.6503
distribute_parallel_for_collapse_2000_3000_3500,2000,3500,0,7000,105021000,31510501,3500,132000000,56000000,31507000,10500000,21007000,10500000,0,0,0,10507000,4315403,4.3154
distribute_parallel_for_collapse_2000_3000_4000,2000,4000,0,8000,120024000,36012001,4000,144000000,64000000,36008000,12000000,24008000,12000000,0,0,0,12008000,4735158,4.7352
distribute_parallel_for_collapse_2000_3500_1000,2000,1000,0,2000,35006000,10503001,1000,84000000,16000000,10502000,3500000,7002000,3500000,0,0,0,3502000,1436836,1.4368
distribute_parallel_for_collapse_2000_3500_1500,2000,1500,0,3000,52509000,15754501,1500,98000000,24000000,15753000,5250000,10503000,5250000,0,0,0,5253000,2180973,2.1810
distribute_parallel_for_collapse_2000_3500_2000,2000,2000,0,4000,70012000,21006001,2000,112000000,32000000,21004000,7000000,14004000,7000000,0,0,0,7004000,2777543,2.7775
distribute_parallel_for_collapse_2000_3500_2500,2000,2500,0,5000,87515000,26257501,2500,126000000,40000000,26255000,8750000,17505000,8750000,0,0,0,8755000,3605180,3.6052
distribute_parallel_for_collapse_2000_3500_3000,2000,3000,0,6000,105018000,31509001,3000,140000000,48000000,31506000,10500000,21006000,10500000,0,0,0,10506000,4263201,4.2632
distribute_parallel_for_collapse_2000_3500_3500,2000,3500,0,7000,122521000,36760501,3500,154000000,56000000,36757000,12250000,24507000,12250000,0,0,0,12257000,5030681,5.0307
distribute_parallel_for_collapse_2000_3500_4000,2000,4000,0,8000,140024000,42012001,4000,168000000,64000000,42008000,14000000,28008000,14000000,0,0,0,14008000,5522070,5.5221
distribute_parallel_for_collapse_2000_4000_1000,2000,1000,0,2000,40006000,12003001,1000,96000000,16000000,12002000,4000000,8002000,4000000,0,0,0,4002000,1642572,1.6426
distribute_parallel_for_collapse_2000_4000_1500,2000,1500,0,3000,60009000,18004501,1500,112000000,24000000,18003000,6000000,12003000,6000000,0,0,0,6003000,2485362,2.4854
distribute_parallel_for_collapse_2000_4000_2000,2000,2000,0,4000,80012000,24006001,2000,128000000,32000000,24004000,8000000,16004000,8000000,0,0,0,8004000,3178444,3.1784
distribute_parallel_for_collapse_2000_4000_2500,2000,2500,0,5000,100015000,30007501,2500,144000000,40000000,30005000,10000000,20005000,10000000,0,0,0,10005000,4119795,4.1198
distribute_parallel_for_collapse_2000_4000_3000,2000,3000,0,6000,120018000,36009001,3000,160000000,48000000,36006000,12000000,24006000,12000000,0,0,0,12006000,4868496,4.8685
distribute_parallel_for_collapse_2000_4000_3500,2000,3500,0,7000,140021000,42010501,3500,176000000,56000000,42007000,14000000,28007000,14000000,0,0,0,14007000,5747997,5.7480
distribute_parallel_for_collapse_2000_4000_4000,2000,4000,0,8000,160024000,48012001,4000,192000000,64000000,48008000,16000000,32008000,16000000,0,0,0,16008000,6316636,6.3166
distribute_parallel_for_collapse_200_100_100,200,100,0,200,100600,30301,100,240000,160000,30200,10000,20200,10000,0,0,0,10200,1536,0.0015
distribute_parallel_for_collapse_200_100_200,200,200,0,400,201200,60601,200,320000,320000,60400,20000,40400,20000,0,0,0,20400,1965,0.0020
distribute_parallel_for_collapse_200_100_300,200,300,0,600,301800,90901,300,400000,480000,90600,30000,60600,30000,0,0,0,30600,2749,0.0027
distribute_parallel_for_collapse_200_100_400,200,400,0,800,402400,121201,400,480000,640000,120800,40000,80800,40000,0,0,0,40800,3634,0.0036
distribute_parallel_for_collapse_200_100_500,200,500,0,1000,503000,151501,500,560000,800000,151000,50000,101000,50000,0,0,0,51000,3914,0.0039
distribute_parallel_for_collapse_200_100_600,200,600,0,1200,603600,181801,600,640000,960000,181200,60000,121200,60000,0,0,0,61200,4564,0.0046
distribute_parallel_for_collapse_200_100_700,200,700,0,1400,704200,212101,700,720000,1120000,211400,70000,141400,70000,0,0,0,71400,4851,0.0049
distribute_parallel_for_collapse_200_100_800,200,800,0,1600,804800,242401,800,800000,1280000,241600,80000,161600,80000,0,0,0,81600,5460,0.0055
distribute_parallel_for_collapse_200_100_900,200,900,0,1800,905400,272701,900,880000,1440000,271800,90000,181800,90000,0,0,0,91800,5692,0.0057
distribute_parallel_for_collapse_200_200_100,200,100,0,200,200600,60301,100,480000,160000,60200,20000,40200,20000,0,0,0,20200,1907,0.0019
distribute_parallel_for_collapse_200_200_200,200,200,0,400,401200,120601,200,640000,320000,120400,40000,80400,40000,0,0,0,40400,3163,0.0032
distribute_parallel_for_collapse_200_200_300,200,300,0,600,601800,180901,300,800000,480000,180600,60000,120600,60000,0,0,0,60600,4852,0.0049
distribute_parallel_for_collapse_200_200_400,200,400,0,800,802400,241201,400,960000,640000,240800,80000,160800,80000,0,0,0,80800,5167,0.0052
distribute_parallel_for_collapse_200_200_500,200,500,0,1000,1003000,301501,500,1120000,800000,301000,100000,201000,100000,0,0,0,101000,6800,0.0068
distribute_parallel_for_collapse_200_200_600,200,600,0,1200,1203600,361801,600,1280000,960000,361200,120000,241200,120000,0,0,0,121200,7808,0.0078
distribute_parallel_for_collapse_200_200_700,200,700,0,1400,1404200,422101,700,1440000,1120000,421400,140000,281400,140000,0,0,0,141400,8783,0.0088
distribute_parallel_for_collapse_200_200_800,200,800,0,1600,1604800,482401,800,1600000,1280000,481600,160000,321600,160000,0,0,0,161600,9302,0.0093
distribute_parallel_for_collapse_200_200_900,200,900,0,1800,1805400,542701,900,1760000,1440000,541800,180000,361800,180000,0,0,0,181800,9927,0.0099
distribute_parallel_for_collapse_200_300_100,200,100,0,200,300600,90301,100,720000,160000,90200,30000,60200,30000,0,0,0,30200,2293,0.0023
distribute_parallel_for_collapse_200_300_200,200,200,0,400,601200,180601,200,960000,320000,180400,60000,120400,60000,0,0,0,60400,5611,0.0056
distribute_parallel_for_collapse_200_300_300,200,300,0,600,901800,270901,300,1200000,480000,270600,90000,180600,90000,0,0,0,90600,5749,0.0057
distribute_parallel_for_collapse_200_300_400,200,400,0,800,1202400,361201,400,1440000,640000,360800,120000,240800,120000,0,0,0,120800,7658,0.0077
distribute_parallel_for_collapse_200_300_500,200,500,0,1000,1503000,451501,500,1680000,800000,451000,150000,301000,150000,0,0,0,151000,8500,0.0085
distribute_parallel_for_collapse_200_300_600,200,600,0,1200,1803600,541801,600,1920000,960000,541200,180000,361200,180000,0,0,0,181200,10238,0.0102
distribute_parallel_for_collapse_200_300_700,200,700,0,1400,2104200,632101,700,2160000,1120000,631400,210000,421400,210000,0,0,0,211400,10941,0.0109
distribute_parallel_for_collapse_200_300_800,200,800,0,1600,2404800,722401,800,2400000,1280000,721600,240000,481600,240000,0,0,0,241600,12217,0.0122
distribute_parallel_for_collapse_200_300_900,200,900,0,1800,2705400,812701,900,2640000,1440000,811800,270000,541800,270000,0,0,0,271800,13704,0.0137
distribute_parallel_for_collapse_200_400_100,200,100,0,200,400600,120301,100,960000,160000,120200,40000,80200,40000,0,0,0,40200,3996,0.0040
distribute_parallel_for_collapse_200_400_200,200,200,0,400,801200,240601,200,1280000,320000,240400,80000,160400,80000,0,0,0,80400,5559,0.0056
distribute_parallel_for_collapse_200_400_300,200,300,0,600,1201800,360901,300,1600000,480000,360600,120000,240600,120000,0,0,0,120600,7974,0.0080
distribute_parallel_for_collapse_200_400_400,200,400,0,800,1602400,481201,400,1920000,640000,480800,160000,320800,160000,0,0,0,160800,9587,0.0096
distribute_parallel_for_collapse_200_400_500,200,500,0,1000,2003000,601501,500,2240000,800000,601000,200000,401000,200000,0,0,0,201000,10615,0.0106
distribute_parallel_for_collapse_200_400_600,200,600,0,1200,2403600,721801,600,2560000,960000,721200,240000,481200,240000,0,0,0,241200,12784,0.0128
distribute_parallel_for_collapse_200_400_700,200,700,0,1400,2804200,842101,700,2880000,1120000,841400,280000,561400,280000,0,0,0,281400,17318,0.0173
distribute_parallel_for_collapse_200_400_800,200,800,0,1600,3204800,962401,800,3200000,1280000,961600,320000,641600,320000,0,0,0,321600,23957,0.0240
distribute_parallel_for_collapse_200_400_900,200,900,0,1800,3605400,1082701,900,3520000,1440000,1081800,360000,721800,360000,0,0,0,361800,18913,0.0189
distribute_parallel_for_collapse_200_500_100,200,100,0,200,500600,150301,100,1200000,160000,150200,50000,100200,50000,0,0,0,50200,4402,0.0044
distribute_parallel_for_collapse_200_500_200,200,200,0,400,1001200,300601,200,1600000,320000,300400,100000,200400,100000,0,0,0,100400,7730,0.0077
distribute_parallel_for_collapse_200_500_300,200,300,0,600,1501800,450901,300,2000000,480000,450600,150000,300600,150000,0,0,0,150600,9924,0.0099
distribute_parallel_for_collapse_200_500_400,200,400,0,800,2002400,601201,400,2400000,640000,600800,200000,400800,200000,0,0,0,200800,11912,0.0119
distribute_parallel_for_collapse_200_500_500,200,500,0,1000,2503000,751501,500,2800000,800000,751000,250000,501000,250000,0,0,0,251000,13471,0.0135
distribute_parallel_for_collapse_200_500_600,200,600,0,1200,3003600,901801,600,3200000,960000,901200,300000,601200,300000,0,0,0,301200,36703,0.0367
distribute_parallel_for_collapse_200_500_700,200,700,0,1400,3504200,1052101,700,3600000,1120000,1051400,350000,701400,350000,0,0,0,351400,30175,0.0302
distribute_parallel_for_collapse_200_500_800,200,800,0,1600,4004800,1202401,800,4000000,1280000,1201600,400000,801600,400000,0,0,0,401600,19831,0.0198
distribute_parallel_for_collapse_200_500_900,200,900,0,1800,4505400,1352701,900,4400000,1440000,1351800,450000,901800,450000,0,0,0,451800,21781,0.0218
distribute_parallel_for_collapse_200_600_100,200,100,0,200,600600,180301,100,1440000,160000,180200,60000,120200,60000,0,0,0,60200,4541,0.0045
distribute_parallel_for_collapse_200_600_200,200,200,0,400,1201200,360601,200,1920000,320000,360400,120000,240400,120000,0,0,0,120400,8542,0.0085
distribute_parallel_for_collapse_200_600_300,200,300,0,600,1801800,540901,300,2400000,480000,540600,180000,360600,180000,0,0,0,180600,10187,0.0102
distribute_parallel_for_collapse_200_600_400,200,400,0,800,2402400,721201,400,2880000,640000,720800,240000,480800,240000,0,0,0,240800,12734,0.0127
distribute_parallel_for_collapse_200_600_500,200,500,0,1000,3003000,901501,500,3360000,800000,901000,300000,601000,300000,0,0,0,301000,14421,0.0144
distribute_parallel_for_collapse_200_600_600,200,600,0,1200,3603600,1081801,600,3840000,960000,1081200,360000,721200,360000,0,0,0,361200,17477,0.0175
distribute_parallel_for_collapse_200_600_700,200,700,0,1400,4204200,1262101,700,4320000,1120000,1261400,420000,841400,420000,0,0,0,421400,19999,0.0200
distribute_parallel_for_collapse_200_600_800,200,800,0,1600,4804800,1442401,800,4800000,1280000,1441600,480000,961600,480000,0,0,0,481600,21981,0.0220
distribute_parallel_for_collapse_200_600_900,200,900,0,1800,5405400,1622701,900,5280000,1440000,1621800,540000,1081800,540000,0,0,0,541800,26446,0.0264
distribute_parallel_for_collapse_200_700_100,200,100,0,200,700600,210301,100,1680000,160000,210200,70000,140200,70000,0,0,0,70200,5545,0.0055
distribute_parallel_for_collapse_200_700_200,200,200,0,400,1401200,420601,200,2240000,320000,420400,140000,280400,140000,0,0,0,140400,8511,0.0085
distribute_parallel_for_collapse_200_700_300,200,300,0,600,2101800,630901,300,2800000,480000,630600,210000,420600,210000,0,0,0,210600,11973,0.0120
distribute_parallel_for_collapse_200_700_400,200,400,0,800,2802400,841201,400,3360000,640000,840800,280000,560800,280000,0,0,0,280800,16869,0.0169
distribute_parallel_for_collapse_200_700_500,200,500,0,1000,3503000,1051501,500,3920000,800000,1051000,350000,701000,350000,0,0,0,351000,17785,0.0178
distribute_parallel_for_collapse_200_700_600,200,600,0,1200,4203600,1261801,600,4480000,960000,1261200,420000,841200,420000,0,0,0,421200,19816,0.0198
distribute_parallel_for_collapse_200_700_700,200,700,0,1400,4904200,1472101,700,5040000,1120000,1471400,490000,981400,490000,0,0,0,491400,22931,0.0229
distribute_parallel_for_collapse_200_700_800,200,800,0,1600,5604800,1682401,800,5600000,1280000,1681600,560000,1121600,560000,0,0,0,561600,26895,0.0269
distribute_parallel_for_collapse_200_700_900,200,900,0,1800,6305400,1892701,900,6160000,1440000,1891800,630000,1261800,630000,0,0,0,631800,29446,0.0294
distribute_parallel_for_collapse_200_800_100,200,100,0,200,800600,240301,100,1920000,160000,240200,80000,160200,80000,0,0,0,80200,5094,0.0051
distribute_parallel_for_collapse_200_800_200,200,200,0,400,1601200,480601,200,2560000,320000,480400,160000,320400,160000,0,0,0,160400,10469,0.0105
distribute_parallel_for_collapse_200_800_300,200,300,0,600,2401800,720901,300,3200000,480000,720600,240000,480600,240000,0,0,0,240600,13290,0.0133
distribute_parallel_for_collapse_200_800_400,200,400,0,800,3202400,961201,400,3840000,640000,960800,320000,640800,320000,0,0,0,320800,16596,0.0166
distribute_parallel_for_collapse_200_800_500,200,500,0,1000,4003000,1201501,500,4480000,800000,1201000,400000,801000,400000,0,0,0,401000,19322,0.0193
distribute_parallel_for_collapse_200_800_600,200,600,0,1200,4803600,1441801,600,5120000,960000,1441200,480000,961200,480000,0,0,0,481200,22469,0.0225
distribute_parallel_for_collapse_200_800_700,200,700,0,1400,5604200,1682101,700,5760000,1120000,1681400,560000,1121400,560000,0,0,0,561400,26280,0.0263
distribute_parallel_for_collapse_200_800_800,200,800,0,1600,6404800,1922401,800,6400000,1280000,1921600,640000,1281600,640000,0,0,0,641600,29445,0.0294
distribute_parallel_for_collapse_200_800_900,200,900,0,1800,7205400,2162701,900,7040000,1440000,2161800,720000,1441800,720000,0,0,0,721800,33064,0.0331
distribute_parallel_for_collapse_200_900_100,200,100,0,200,900600,270301,100,2160000,160000,270200,90000,180200,90000,0,0,0,90200,5976,0.0060
distribute_parallel_for_collapse_200_900_200,200,200,0,400,1801200,540601,200,2880000,320000,540400,180000,360400,180000,0,0,0,180400,10527,0.0105
distribute_parallel_for_collapse_200_900_300,200,300,0,600,2701800,810901,300,3600000,480000,810600,270000,540600,270000,0,0,0,270600,15693,0.0157
distribute_parallel_for_collapse_200_900_400,200,400,0,800,3602400,1081201,400,4320000,640000,1080800,360000,720800,360000,0,0,0,360800,17805,0.0178
distribute_parallel_for_collapse_200_900_500,200,500,0,1000,4503000,1351501,500,5040000,800000,1351000,450000,901000,450000,0,0,0,451000,20892,0.0209
distribute_parallel_for_collapse_200_900_600,200,600,0,1200,5403600,1621801,600,5760000,960000,1621200,540000,1081200,540000,0,0,0,541200,24946,0.0249
distribute_parallel_for_collapse_200_900_700,200,700,0,1400,6304200,1892101,700,6480000,1120000,1891400,630000,1261400,630000,0,0,0,631400,29383,0.0294
distribute_parallel_for_collapse_200_900_800,200,800,0,1600,7204800,2162401,800,7200000,1280000,2161600,720000,1441600,720000,0,0,0,721600,32067,0.0321
distribute_parallel_for_collapse_200_900_900,200,900,0,1800,8105400,2432701,900,7920000,1440000,2431800,810000,1621800,810000,0,0,0,811800,36875,0.0369
distribute_parallel_for_collapse_2150_2150_2150,2150,2150,0,4300,46237900,13873951,2150,73960000,36980000,13871800,4622500,9249300,4622500,0,0,0,4626800,2080611,2.0806
distribute_parallel_for_collapse_2150_2150_2250,2150,2250,0,4500,48388500,14519251,2250,75680000,38700000,14517000,4837500,9679500,4837500,0,0,0,4842000,2181219,2.1812
distribute_parallel_for_collapse_2150_2150_2350,2150,2350,0,4700,50539100,15164551,2350,77400000,40420000,15162200,5052500,10109700,5052500,0,0,0,5057200,2278066,2.2781
distribute_parallel_for_collapse_2150_2150_2450,2150,2450,0,4900,52689700,15809851,2450,79120000,42140000,15807400,5267500,10539900,5267500,0,0,0,5272400,2436891,2.4369
distribute_parallel_for_collapse_2150_2150_2550,2150,2550,0,5100,54840300,16455151,2550,80840000,43860000,16452600,5482500,10970100,5482500,0,0,0,5487600,2564393,2.5644
distribute_parallel_for_collapse_2150_2150_2650,2150,2650,0,5300,56990900,17100451,2650,82560000,45580000,17097800,5697500,11400300,5697500,0,0,0,5702800,2643049,2.6430
distribute_parallel_for_collapse_2150_2150_2750,2150,2750,0,5500,59141500,17745751,2750,84280000,47300000,17743000,5912500,11830500,5912500,0,0,0,5918000,2659716,2.6597
distribute_parallel_for_collapse_2150_2150_2850,2150,2850,0,5700,61292100,18391051,2850,86000000,49020000,18388200,6127500,12260700,6127500,0,0,0,6133200,2757799,2.7578
distribute_parallel_for_collapse_2150_2150_2950,2150,2950,0,5900,63442700,19036351,2950,87720000,50740000,19033400,6342500,12690900,6342500,0,0,0,6348400,2852288,2.8523
distribute_parallel_for_collapse_2150_2250_2150,2150,2150,0,4300,48387900,14518951,2150,77400000,36980000,14516800,4837500,9679300,4837500,0,0,0,4841800,2183441,2.1834
distribute_parallel_for_collapse_2150_2250_2250,2150,2250,0,4500,50638500,15194251,2250,79200000,38700000,15192000,5062500,10129500,5062500,0,0,0,5067000,2283688,2.2837
distribute_parallel_for_collapse_2150_2250_2350,2150,2350,0,4700,52889100,15869551,2350,81000000,40420000,15867200,5287500,10579700,5287500,0,0,0,5292200,2393256,2.3933
distribute_parallel_for_collapse_2150_2250_2450,2150,2450,0,4900,55139700,16544851,2450,82800000,42140000,16542400,5512500,11029900,5512500,0,0,0,5517400,2482848,2.4828
distribute_parallel_for_collapse_2150_2250_2550,2150,2550,0,5100,57390300,17220151,2550,84600000,43860000,17217600,5737500,11480100,5737500,0,0,0,5742600,2635927,2.6359
distribute_parallel_for_collapse_2150_2250_2650,2150,2650,0,5300,59640900,17895451,2650,86400000,45580000,17892800,5962500,11930300,5962500,0,0,0,5967800,2686728,2.6867
distribute_parallel_for_collapse_2150_2250_2750,2150,2750,0,5500,61891500,18570751,2750,88200000,47300000,18568000,6187500,12380500,6187500,0,0,0,6193000,2787970,2.7880
distribute_parallel_for_collapse_2150_2250_2850,2150,2850,0,5700,64142100,19246051,2850,90000000,49020000,19243200,6412500,12830700,6412500,0,0,0,6418200,2894719,2.8947
distribute_parallel_for_collapse_2150_2250_2950,2150,2950,0,5900,66392700,19921351,2950,91800000,50740000,19918400,6637500,13280900,6637500,0,0,0,6643400,2996239,2.9962
distribute_parallel_for_collapse_2150_2350_2150,2150,2150,0,4300,50537900,15163951,2150,80840000,36980000,15161800,5052500,10109300,5052500,0,0,0,5056800,2277284,2.2773
distribute_parallel_for_collapse_2150_2350_2250,2150,2250,0,4500,52888500,15869251,2250,82720000,38700000,15867000,5287500,10579500,5287500,0,0,0,5292000,2442272,2.4423
distribute_parallel_for_collapse_2150_2350_2350,2150,2350,0,4700,55239100,16574551,2350,84600000,40420000,16572200,5522500,11049700,5522500,0,0,0,5527200,2489456,2.4895
distribute_parallel_for_collapse_2150_2350_2450,2150,2450,0,4900,57589700,17279851,2450,86480000,42140000,17277400,5757500,11519900,5757500,0,0,0,5762400,2625728,2.6257
distribute_parallel_for_collapse_2150_2350_2550,2150,2550,0,5100,59940300,17985151,2550,88360000,43860000,17982600,5992500,11990100,5992500,0,0,0,5997600,2746915,2.7469
distribute_parallel_for_collapse_2150_2350_2650,2150,2650,0,5300,62290900,18690451,2650,90240000,45580000,18687800,6227500,12460300,6227500,0,0,0,6232800,2802559,2.8026
distribute_parallel_for_collapse_2150_2350_2750,2150,2750,0,5500,64641500,19395751,2750,92120000,47300000,19393000,6462500,12930500,6462500,0,0,0,6468000,2948356,2.9484
distribute_parallel_for_collapse_2150_2350_2850,2150,2850,0,5700,66992100,20101051,2850,94000000,49020000,20098200,6697500,13400700,6697500,0,0,0,6703200,3013685,3.0137
distribute_parallel_for_collapse_2150_2350_2950,2150,2950,0,5900,69342700,20806351,2950,95880000,50740000,20803400,6932500,13870900,6932500,0,0,0,6938400,3129581,3.1296
distribute_parallel_for_collapse_2150_2450_2150,2150,2150,0,4300,52687900,15808951,2150,84280000,36980000,15806800,5267500,10539300,5267500,0,0,0,5271800,2382486,2.3825
distribute_parallel_for_collapse_2150_2450_2250,2150,2250,0,4500,55138500,16544251,2250,86240000,38700000,16542000,5512500,11029500,5512500,0,0,0,5517000,2484331,2.4843
distribute_parallel_for_collapse_2150_2450_2350,2150,2350,0,4700,57589100,17279551,2350,88200000,40420000,17277200,5757500,11519700,5757500,0,0,0,5762200,2595250,2.5953
distribute_parallel_for_collapse_2150_2450_2450,2150,2450,0,4900,60039700,18014851,2450,90160000,42140000,18012400,6002500,12009900,6002500,0,0,0,6007400,2706539,2.7065
distribute_parallel_for_collapse_2150_2450_2550,2150,2550,0,5100,62490300,18750151,2550,92120000,43860000,18747600,6247500,12500100,6247500,0,0,0,6252600,2810049,2.8100
distribute_parallel_for_collapse_2150_2450_2650,2150,2650,0,5300,64940900,19485451,2650,94080000,45580000,19482800,6492500,12990300,6492500,0,0,0,6497800,2988081,2.9881
distribute_parallel_for_collapse_2150_2450_2750,2150,2750,0,5500,67391500,20220751,2750,96040000,47300000,20218000,6737500,13480500,6737500,0,0,0,6743000,3036001,3.0360
distribute_parallel_for_collapse_2150_2450_2850,2150,2850,0,5700,69842100,20956051,2850,98000000,49020000,20953200,6982500,13970700,6982500,0,0,0,6988200,3144523,3.1445
distribute_parallel_for_collapse_2150_2450_2950,2150,2950,0,5900,72292700,21691351,2950,99960000,50740000,21688400,7227500,14460900,7227500,0,0,0,7233400,3261851,3.2619
distribute_parallel_for_collapse_2150_2550_2150,2150,2150,0,4300,54837900,16453951,2150,87720000,36980000,16451800,5482500,10969300,5482500,0,0,0,5486800,2477847,2.4778
distribute_parallel_for_collapse_2150_2550_2250,2150,2250,0,4500,57388500,17219251,2250,89760000,38700000,17217000,5737500,11479500,5737500,0,0,0,5742000,2598167,2.5982
distribute_parallel_for_collapse_2150_2550_2350,2150,2350,0,4700,59939100,17984551,2350,91800000,40420000,17982200,5992500,11989700,5992500,0,0,0,5997200,2712395,2.7124
distribute_parallel_for_collapse_2150_2550_2450,2150,2450,0,4900,62489700,18749851,2450,93840000,42140000,18747400,6247500,12499900,6247500,0,0,0,6252400,2914379,2.9144
distribute_parallel_for_collapse_2150_2550_2550,2150,2550,0,5100,65040300,19515151,2550,95880000,43860000,19512600,6502500,13010100,6502500,0,0,0,6507600,2926054,2.9261
distribute_parallel_for_collapse_2150_2550_2650,2150,2650,0,5300,67590900,20280451,2650,97920000,45580000,20277800,6757500,13520300,6757500,0,0,0,6762800,3044735,3.0447
distribute_parallel_for_collapse_2150_2550_2750,2150,2750,0,5500,70141500,21045751,2750,99960000,47300000,21043000,7012500,14030500,7012500,0,0,0,7018000,3190754,3.1908
distribute_parallel_for_collapse_2150_2550_2850,2150,2850,0,5700,72692100,21811051,2850,102000000,49020000,21808200,7267500,14540700,7267500,0,0,0,7273200,3280486,3.2805
distribute_parallel_for_collapse_2150_2550_2950,2150,2950,0,5900,75242700,22576351,2950,104040000,50740000,22573400,7522500,15050900,7522500,0,0,0,7528400,3382936,3.3829
distribute_parallel_for_collapse_2150_2650_2150,2150,2150,0,4300,56987900,17098951,2150,91160000,36980000,17096800,5697500,11399300,5697500,0,0,0,5701800,2599240,2.5992
distribute_parallel_for_collapse_2150_2650_2250,2150,2250,0,4500,59638500,17894251,2250,93280000,38700000,17892000,5962500,11929500,5962500,0,0,0,5967000,2696433,2.6964
distribute_parallel_for_collapse_2150_2650_2350,2150,2350,0,4700,62289100,18689551,2350,95400000,40420000,18687200,6227500,12459700,6227500,0,0,0,6232200,2804261,2.8043
distribute_parallel_for_collapse_2150_2650_2450,2150,2450,0,4900,64939700,19484851,2450,97520000,42140000,19482400,6492500,12989900,6492500,0,0,0,6497400,2982386,2.9824
distribute_parallel_for_collapse_2150_2650_2550,2150,2550,0,5100,67590300,20280151,2550,99640000,43860000,20277600,6757500,13520100,6757500,0,0,0,6762600,3042251,3.0423
distribute_parallel_for_collapse_2150_2650_2650,2150,2650,0,5300,70240900,21075451,2650,101760000,45580000,21072800,7022500,14050300,7022500,0,0,0,7027800,3165143,3.1651
distribute_parallel_for_collapse_2150_2650_2750,2150,2750,0,5500,72891500,21870751,2750,103880000,47300000,21868000,7287500,14580500,7287500,0,0,0,7293000,3283271,3.2833
distribute_parallel_for_collapse_2150_2650_2850,2150,2850,0,5700,75542100,22666051,2850,106000000,49020000,22663200,7552500,15110700,7552500,0,0,0,7558200,3397116,3.3971
distribute_parallel_for_collapse_2150_2650_2950,2150,2950,0,5900,78192700,23461351,2950,108120000,50740000,23458400,7817500,15640900,7817500,0,0,0,7823400,3507653,3.5077
distribute_parallel_for_collapse_2150_2750_2150,2150,2150,0,4300,59137900,17743951,2150,94600000,36980000,17741800,5912500,11829300,5912500,0,0,0,5916800,2668526,2.6685
distribute_parallel_for_collapse_2150_2750_2250,2150,2250,0,4500,61888500,18569251,2250,96800000,38700000,18567000,6187500,12379500,6187500,0,0,0,6192000,2829030,2.8290
distribute_parallel_for_collapse_2150_2750_2350,2150,2350,0,4700,64639100,19394551,2350,99000000,40420000,19392200,6462500,12929700,6462500,0,0,0,6467200,2921696,2.9217
distribute_parallel_for_collapse_2150_2750_2450,2150,2450,0,4900,67389700,20219851,2450,101200000,42140000,20217400,6737500,13479900,6737500,0,0,0,6742400,3035764,3.0358
distribute_parallel_for_collapse_2150_2750_2550,2150,2550,0,5100,70140300,21045151,2550,103400000,43860000,21042600,7012500,14030100,7012500,0,0,0,7017600,3156039,3.1560
distribute_parallel_for_collapse_2150_2750_2650,2150,2650,0,5300,72890900,21870451,2650,105600000,45580000,21867800,7287500,14580300,7287500,0,0,0,7292800,3288277,3.2883
distribute_parallel_for_collapse_2150_2750_2750,2150,2750,0,5500,75641500,22695751,2750,107800000,47300000,22693000,7562500,15130500,7562500,0,0,0,7568000,3416333,3.4163
distribute_parallel_for_collapse_2150_2750_2850,2150,2850,0,5700,78392100,23521051,2850,110000000,49020000,23518200,7837500,15680700,7837500,0,0,0,7843200,3530588,3.5306
distribute_parallel_for_collapse_2150_2750_2950,2150,2950,0,5900,81142700,24346351,2950,112200000,50740000,24343400,8112500,16230900,8112500,0,0,0,8118400,3645220,3.6452
distribute_parallel_for_collapse_2150_2850_2150,2150,2150,0,4300,61287900,18388951,2150,98040000,36980000,18386800,6127500,12259300,6127500,0,0,0,6131800,2762741,2.7627
distribute_parallel_for_collapse_2150_2850_2250,2150,2250,0,4500,64138500,19244251,2250,100320000,38700000,19242000,6412500,12829500,6412500,0,0,0,6417000,2893804,2.8938
distribute_parallel_for_collapse_2150_2850_2350,2150,2350,0,4700,66989100,20099551,2350,102600000,40420000,20097200,6697500,13399700,6697500,0,0,0,6702200,3041399,3.0414
distribute_parallel_for_collapse_2150_2850_2450,2150,2450,0,4900,69839700,20954851,2450,104880000,42140000,20952400,6982500,13969900,6982500,0,0,0,6987400,3156182,3.1562
distribute_parallel_for_collapse_2150_2850_2550,2150,2550,0,5100,72690300,21810151,2550,107160000,43860000,21807600,7267500,14540100,7267500,0,0,0,7272600,3273546,3.2735
distribute_parallel_for_collapse_2150_2850_2650,2150,2650,0,5300,75540900,22665451,2650,109440000,45580000,22662800,7552500,15110300,7552500,0,0,0,7557800,3463789,3.4638
distribute_parallel_for_collapse_2150_2850_2750,2150,2750,0,5500,78391500,23520751,2750,111720000,47300000,23518000,7837500,15680500,7837500,0,0,0,7843000,3536334,3.5363
distribute_parallel_for_collapse_2150_2850_2850,2150,2850,0,5700,81242100,24376051,2850,114000000,49020000,24373200,8122500,16250700,8122500,0,0,0,8128200,3661767,3.6618
distribute_parallel_for_collapse_2150_2850_2950,2150,2950,0,5900,84092700,25231351,2950,116280000,50740000,25228400,8407500,16820900,8407500,0,0,0,8413400,3792197,3.7922
distribute_parallel_for_collapse_2150_2950_2150,2150,2150,0,4300,63437900,19033951,2150,101480000,36980000,19031800,6342500,12689300,6342500,0,0,0,6346800,2934325,2.9343
distribute_parallel_for_collapse_2150_2950_2250,2150,2250,0,4500,66388500,19919251,2250,103840000,38700000,19917000,6637500,13279500,6637500,0,0,0,6642000,3004256,3.0043
distribute_parallel_for_collapse_2150_2950_2350,2150,2350,0,4700,69339100,20804551,2350,106200000,40420000,20802200,6932500,13869700,6932500,0,0,0,6937200,3132894,3.1329
distribute_parallel_for_collapse_2150_2950_2450,2150,2450,0,4900,72289700,21689851,2450,108560000,42140000,21687400,7227500,14459900,7227500,0,0,0,7232400,3260970,3.2610
distribute_parallel_for_collapse_2150_2950_2550,2150,2550,0,5100,75240300,22575151,2550,110920000,43860000,22572600,7522500,15050100,7522500,0,0,0,7527600,3433517,3.4335
distribute_parallel_for_collapse_2150_2950_2650,2150,2650,0,5300,78190900,23460451,2650,113280000,45580000,23457800,7817500,15640300,7817500,0,0,0,7822800,3526301,3.5263
distribute_parallel_for_collapse_2150_2950_2750,2150,2750,0,5500,81141500,24345751,2750,115640000,47300000,24343000,8112500,16230500,8112500,0,0,0,8118000,3650534,3.6505
distribute_parallel_for_collapse_2150_2950_2850,2150,2850,0,5700,84092100,25231051,2850,118000000,49020000,25228200,8407500,16820700,8407500,0,0,0,8413200,3792164,3.7922
distribute_parallel_for_collapse_2150_2950_2950,2150,2950,0,5900,87042700,26116351,2950,120360000,50740000,26113400,8702500,17410900,8702500,0,0,0,8708400,3914613,3.9146
distribute_parallel_for_collapse_2200_1200_1200,2200,1200,0,2400,14407200,4323601,1200,32640000,21120000,4322400,1440000,2882400,1440000,0,0,0,1442400,651045,0.6510
distribute_parallel_for_collapse_2200_1200_1700,2200,1700,0,3400,20410200,6125101,1700,37440000,29920000,6123400,2040000,4083400,2040000,0,0,0,2043400,953716,0.9537
distribute_parallel_for_collapse_2200_1200_2200,2200,2200,0,4400,26413200,7926601,2200,42240000,38720000,7924400,2640000,5284400,2640000,0,0,0,2644400,1222561,1.2226
distribute_parallel_for_collapse_2200_1200_2700,2200,2700,0,5400,32416200,9728101,2700,47040000,47520000,9725400,3240000,6485400,3240000,0,0,0,3245400,1532387,1.5324
distribute_parallel_for_collapse_2200_1200_3200,2200,3200,0,6400,38419200,11529601,3200,51840000,56320000,11526400,3840000,7686400,3840000,0,0,0,3846400,1727169,1.7272
distribute_parallel_for_collapse_2200_1200_3700,2200,3700,0,7400,44422200,13331101,3700,56640000,65120000,13327400,4440000,8887400,4440000,0,0,0,4447400,2091246,2.0912
distribute_parallel_for_collapse_2200_1200_4200,2200,4200,0,8400,50425200,15132601,4200,61440000,73920000,15128400,5040000,10088400,5040000,0,0,0,5048400,2411220,2.4112
distribute_parallel_for_collapse_2200_1700_1200,2200,1200,0,2400,20407200,6123601,1200,46240000,21120000,6122400,2040000,4082400,2040000,0,0,0,2042400,931994,0.9320
distribute_parallel_for_collapse_2200_1700_1700,2200,1700,0,3400,28910200,8675101,1700,53040000,29920000,8673400,2890000,5783400,2890000,0,0,0,2893400,1415928,1.4159
distribute_parallel_for_collapse_2200_1700_2200,2200,2200,0,4400,37413200,11226601,2200,59840000,38720000,11224400,3740000,7484400,3740000,0,0,0,3744400,1734251,1.7343
distribute_parallel_for_collapse_2200_1700_2700,2200,2700,0,5400,45916200,13778101,2700,66640000,47520000,13775400,4590000,9185400,4590000,0,0,0,4595400,2140632,2.1406
distribute_parallel_for_collapse_2200_1700_3200,2200,3200,0,6400,54419200,16329601,3200,73440000,56320000,16326400,5440000,10886400,5440000,0,0,0,5446400,2434676,2.4347
distribute_parallel_for_collapse_2200_1700_3700,2200,3700,0,7400,62922200,18881101,3700,80240000,65120000,18877400,6290000,12587400,6290000,0,0,0,6297400,2927740,2.9277
distribute_parallel_for_collapse_2200_1700_4200,2200,4200,0,8400,71425200,21432601,4200,87040000,73920000,21428400,7140000,14288400,7140000,0,0,0,7148400,3292628,3.2926
distribute_parallel_for_collapse_2200_2200_1200,2200,1200,0,2400,26407200,7923601,1200,59840000,21120000,7922400,2640000,5282400,2640000,0,0,0,2642400,1198035,1.1980
distribute_parallel_for_collapse_2200_2200_1700,2200,1700,0,3400,37410200,11225101,1700,68640000,29920000,11223400,3740000,7483400,3740000,0,0,0,3743400,1749394,1.7494
distribute_parallel_for_collapse_2200_2200_2200,2200,2200,0,4400,48413200,14526601,2200,77440000,38720000,14524400,4840000,9684400,4840000,0,0,0,4844400,2227284,2.2273
distribute_parallel_for_collapse_2200_2200_2700,2200,2700,0,5400,59416200,17828101,2700,86240000,47520000,17825400,5940000,11885400,5940000,0,0,0,5945400,2782547,2.7825
distribute_parallel_for_collapse_2200_2200_3200,2200,3200,0,6400,70419200,21129601,3200,95040000,56320000,21126400,7040000,14086400,7040000,0,0,0,7046400,3210897,3.2109
distribute_parallel_for_collapse_2200_2200_3700,2200,3700,0,7400,81422200,24431101,3700,103840000,65120000,24427400,8140000,16287400,8140000,0,0,0,8147400,3787738,3.7877
distribute_parallel_for_collapse_2200_2200_4200,2200,4200,0,8400,92425200,27732601,4200,112640000,73920000,27728400,9240000,18488400,9240000,0,0,0,9248400,4245883,4.2459
distribute_parallel_for_collapse_2200_2700_1200,2200,1200,0,2400,32407200,9723601,1200,73440000,21120000,9722400,3240000,6482400,3240000,0,0,0,3242400,1449011,1.4490
distribute_parallel_for_collapse_2200_2700_1700,2200,1700,0,3400,45910200,13775101,1700,84240000,29920000,13773400,4590000,9183400,4590000,0,0,0,4593400,2161501,2.1615
distribute_parallel_for_collapse_2200_2700_2200,2200,2200,0,4400,59413200,17826601,2200,95040000,38720000,17824400,5940000,11884400,5940000,0,0,0,5944400,2737672,2.7377
distribute_parallel_for_collapse_2200_2700_2700,2200,2700,0,5400,72916200,21878101,2700,105840000,47520000,21875400,7290000,14585400,7290000,0,0,0,7295400,3466500,3.4665
distribute_parallel_for_collapse_2200_2700_3200,2200,3200,0,6400,86419200,25929601,3200,116640000,56320000,25926400,8640000,17286400,8640000,0,0,0,8646400,3878965,3.8790
distribute_parallel_for_collapse_2200_2700_3700,2200,3700,0,7400,99922200,29981101,3700,127440000,65120000,29977400,9990000,19987400,9990000,0,0,0,9997400,4648146,4.6481
distribute_parallel_for_collapse_2200_2700_4200,2200,4200,0,8400,113425200,34032601,4200,138240000,73920000,34028400,11340000,22688400,11340000,0,0,0,11348400,5220031,5.2200
distribute_parallel_for_collapse_2200_3200_1200,2200,1200,0,2400,38407200,11523601,1200,87040000,21120000,11522400,3840000,7682400,3840000,0,0,0,3842400,1772491,1.7725
distribute_parallel_for_collapse_2200_3200_1700,2200,1700,0,3400,54410200,16325101,1700,99840000,29920000,16323400,5440000,10883400,5440000,0,0,0,5443400,2546822,2.5468
distribute_parallel_for_collapse_2200_3200_2200,2200,2200,0,4400,70413200,21126601,2200,112640000,38720000,21124400,7040000,14084400,7040000,0,0,0,7044400,3253436,3.2534
distribute_parallel_for_collapse_2200_3200_2700,2200,2700,0,5400,86416200,25928101,2700,125440000,47520000,25925400,8640000,17285400,8640000,0,0,0,8645400,4022342,4.0223
distribute_parallel_for_collapse_2200_3200_3200,2200,3200,0,6400,102419200,30729601,3200,138240000,56320000,30726400,10240000,20486400,10240000,0,0,0,10246400,4590262,4.5903
distribute_parallel_for_collapse_2200_3200_3700,2200,3700,0,7400,118422200,35531101,3700,151040000,65120000,35527400,11840000,23687400,11840000,0,0,0,11847400,5513620,5.5136
distribute_parallel_for_collapse_2200_3200_4200,2200,4200,0,8400,134425200,40332601,4200,163840000,73920000,40328400,13440000,26888400,13440000,0,0,0,13448400,6189279,6.1893
distribute_parallel_for_collapse_2200_3700_1200,2200,1200,0,2400,44407200,13323601,1200,100640000,21120000,13322400,4440000,8882400,4440000,0,0,0,4442400,1998312,1.9983
distribute_parallel_for_collapse_2200_3700_1700,2200,1700,0,3400,62910200,18875101,1700,115440000,29920000,18873400,6290000,12583400,6290000,0,0,0,6293400,2969142,2.9691
distribute_parallel_for_collapse_2200_3700_2200,2200,2200,0,4400,81413200,24426601,2200,130240000,38720000,24424400,8140000,16284400,8140000,0,0,0,8144400,3804892,3.8049
distribute_parallel_for_collapse_2200_3700_2700,2200,2700,0,5400,99916200,29978101,2700,145040000,47520000,29975400,9990000,19985400,9990000,0,0,0,9995400,4664000,4.6640
distribute_parallel_for_collapse_2200_3700_3200,2200,3200,0,6400,118419200,35529601,3200,159840000,56320000,35526400,11840000,23686400,11840000,0,0,0,11846400,5327510,5.3275
distribute_parallel_for_collapse_2200_3700_3700,2200,3700,0,7400,136922200,41081101,3700,174640000,65120000,41077400,13690000,27387400,13690000,0,0,0,13697400,6369590,6.3696
distribute_parallel_for_collapse_2200_3700_4200,2200,4200,0,8400,155425200,46632601,4200,189440000,73920000,46628400,15540000,31088400,15540000,0,0,0,15548400,7157312,7.1573
distribute_parallel_for_collapse_2250_1250_1250,2250,1250,0,2500,15632500,4691251,1250,35000000,22500000,4690000,1562500,3127500,1562500,0,0,0,1565000,796063,0.7961
distribute_parallel_for_collapse_2250_1250_1750,2250,1750,0,3500,21885500,6567751,1750,40000000,31500000,6566000,2187500,4378500,2187500,0,0,0,2191000,1057818,1.0578
distribute_parallel_for_collapse_2250_1250_2250,2250,2250,0,4500,28138500,8444251,2250,45000000,40500000,8442000,2812500,5629500,2812500,0,0,0,2817000,1389018,1.3890
distribute_parallel_for_collapse_2250_1250_2750,2250,2750,0,5500,34391500,10320751,2750,50000000,49500000,10318000,3437500,6880500,3437500,0,0,0,3443000,1744242,1.7442
distribute_parallel_for_collapse_2250_1250_3250,2250,3250,0,6500,40644500,12197251,3250,55000000,58500000,12194000,4062500,8131500,4062500,0,0,0,4069000,1946659,1.9467
distribute_parallel_for_collapse_2250_1250_3750,2250,3750,0,7500,46897500,14073751,3750,60000000,67500000,14070000,4687500,9382500,4687500,0,0,0,4695000,2245837,2.2458
distribute_parallel_for_collapse_2250_1250_4250,2250,4250,0,8500,53150500,15950251,4250,65000000,76500000,15946000,5312500,10633500,5312500,0,0,0,5321000,2550055,2.5501
distribute_parallel_for_collapse_2250_1750_1250,2250,1250,0,2500,21882500,6566251,1250,49000000,22500000,6565000,2187500,4377500,2187500,0,0,0,2190000,1048402,1.0484
distribute_parallel_for_collapse_2250_1750_1750,2250,1750,0,3500,30635500,9192751,1750,56000000,31500000,9191000,3062500,6128500,3062500,0,0,0,3066000,1476059,1.4761
distribute_parallel_for_collapse_2250_1750_2250,2250,2250,0,4500,39388500,11819251,2250,63000000,40500000,11817000,3937500,7879500,3937500,0,0,0,3942000,1894450,1.8944
distribute_parallel_for_collapse_2250_1750_2750,2250,2750,0,5500,48141500,14445751,2750,70000000,49500000,14443000,4812500,9630500,4812500,0,0,0,4818000,2304811,2.3048
distribute_parallel_for_collapse_2250_1750_3250,2250,3250,0,6500,56894500,17072251,3250,77000000,58500000,17069000,5687500,11381500,5687500,0,0,0,5694000,2714616,2.7146
distribute_parallel_for_collapse_2250_1750_3750,2250,3750,0,7500,65647500,19698751,3750,84000000,67500000,19695000,6562500,13132500,6562500,0,0,0,6570000,3134925,3.1349
distribute_parallel_for_collapse_2250_1750_4250,2250,4250,0,8500,74400500,22325251,4250,91000000,76500000,22321000,7437500,14883500,7437500,0,0,0,7446000,3556154,3.5562
distribute_parallel_for_collapse_2250_2150_2150,2250,2150,0,4300,46237900,13873951,2150,75680000,38700000,13871800,4622500,9249300,4622500,0,0,0,4626800,2186573,2.1866
distribute_parallel_for_collapse_2250_2150_2250,2250,2250,0,4500,48388500,14519251,2250,77400000,40500000,14517000,4837500,9679500,4837500,0,0,0,4842000,2314250,2.3142
distribute_parallel_for_collapse_2250_2150_2350,2250,2350,0,4700,50539100,15164551,2350,79120000,42300000,15162200,5052500,10109700,5052500,0,0,0,5057200,2401933,2.4019
distribute_parallel_for_collapse_2250_2150_2450,2250,2450,0,4900,52689700,15809851,2450,80840000,44100000,15807400,5267500,10539900,5267500,0,0,0,5272400,2527871,2.5279
distribute_parallel_for_collapse_2250_2150_2550,2250,2550,0,5100,54840300,16455151,2550,82560000,45900000,16452600,5482500,10970100,5482500,0,0,0,5487600,2579937,2.5799
distribute_parallel_for_collapse_2250_2150_2650,2250,2650,0,5300,56990900,17100451,2650,84280000,47700000,17097800,5697500,11400300,5697500,0,0,0,5702800,2689393,2.6894
distribute_parallel_for_collapse_2250_2150_2750,2250,2750,0,5500,59141500,17745751,2750,86000000,49500000,17743000,5912500,11830500,5912500,0,0,0,5918000,2787594,2.7876
distribute_parallel_for_collapse_2250_2150_2850,2250,2850,0,5700,61292100,18391051,2850,87720000,51300000,18388200,6127500,12260700,6127500,0,0,0,6133200,2929862,2.9299
distribute_parallel_for_collapse_2250_2150_2950,2250,2950,0,5900,63442700,19036351,2950,89440000,53100000,19033400,6342500,12690900,6342500,0,0,0,6348400,2982125,2.9821
distribute_parallel_for_collapse_2250_2250_1250,2250,1250,0,2500,28132500,8441251,1250,63000000,22500000,8440000,2812500,5627500,2812500,0,0,0,2815000,1367089,1.3671
distribute_parallel_for_collapse_2250_2250_1750,2250,1750,0,3500,39385500,11817751,1750,72000000,31500000,11816000,3937500,7878500,3937500,0,0,0,3941000,1887244,1.8872
distribute_parallel_for_collapse_2250_2250_2150,2250,2150,0,4300,48387900,14518951,2150,79200000,38700000,14516800,4837500,9679300,4837500,0,0,0,4841800,2282904,2.2829
distribute_parallel_for_collapse_2250_2250_2250,2250,2250,0,4500,50638500,15194251,2250,81000000,40500000,15192000,5062500,10129500,5062500,0,0,0,5067000,2386784,2.3868
distribute_parallel_for_collapse_2250_2250_2350,2250,2350,0,4700,52889100,15869551,2350,82800000,42300000,15867200,5287500,10579700,5287500,0,0,0,5292200,2494661,2.4947
distribute_parallel_for_collapse_2250_2250_2450,2250,2450,0,4900,55139700,16544851,2450,84600000,44100000,16542400,5512500,11029900,5512500,0,0,0,5517400,2606670,2.6067
distribute_parallel_for_collapse_2250_2250_2550,2250,2550,0,5100,57390300,17220151,2550,86400000,45900000,17217600,5737500,11480100,5737500,0,0,0,5742600,2703116,2.7031
distribute_parallel_for_collapse_2250_2250_2650,2250,2650,0,5300,59640900,17895451,2650,88200000,47700000,17892800,5962500,11930300,5962500,0,0,0,5967800,2819983,2.8200
distribute_parallel_for_collapse_2250_2250_2750,2250,2750,0,5500,61891500,18570751,2750,90000000,49500000,18568000,6187500,12380500,6187500,0,0,0,6193000,2914512,2.9145
distribute_parallel_for_collapse_2250_2250_2850,2250,2850,0,5700,64142100,19246051,2850,91800000,51300000,19243200,6412500,12830700,6412500,0,0,0,6418200,3018979,3.0190
distribute_parallel_for_collapse_2250_2250_2950,2250,2950,0,5900,66392700,19921351,2950,93600000,53100000,19918400,6637500,13280900,6637500,0,0,0,6643400,3153796,3.1538
distribute_parallel_for_collapse_2250_2250_3250,2250,3250,0,6500,73144500,21947251,3250,99000000,58500000,21944000,7312500,14631500,7312500,0,0,0,7319000,3500130,3.5001
distribute_parallel_for_collapse_2250_2250_3750,2250,3750,0,7500,84397500,25323751,3750,108000000,67500000,25320000,8437500,16882500,8437500,0,0,0,8445000,4036105,4.0361
distribute_parallel_for_collapse_2250_2250_4250,2250,4250,0,8500,95650500,28700251,4250,117000000,76500000,28696000,9562500,19133500,9562500,0,0,0,9571000,4608810,4.6088
distribute_parallel_for_collapse_2250_2350_2150,2250,2150,0,4300,50537900,15163951,2150,82720000,38700000,15161800,5052500,10109300,5052500,0,0,0,5056800,2389689,2.3897
distribute_parallel_for_collapse_2250_2350_2250,2250,2250,0,4500,52888500,15869251,2250,84600000,40500000,15867000,5287500,10579500,5287500,0,0,0,5292000,2499010,2.4990
distribute_parallel_for_collapse_2250_2350_2350,2250,2350,0,4700,55239100,16574551,2350,86480000,42300000,16572200,5522500,11049700,5522500,0,0,0,5527200,2638317,2.6383
distribute_parallel_for_collapse_2250_2350_2450,2250,2450,0,4900,57589700,17279851,2450,88360000,44100000,17277400,5757500,11519900,5757500,0,0,0,5762400,2799141,2.7991
distribute_parallel_for_collapse_2250_2350_2550,2250,2550,0,5100,59940300,17985151,2550,90240000,45900000,17982600,5992500,11990100,5992500,0,0,0,5997600,2878619,2.8786
distribute_parallel_for_collapse_2250_2350_2650,2250,2650,0,5300,62290900,18690451,2650,92120000,47700000,18687800,6227500,12460300,6227500,0,0,0,6232800,2952187,2.9522
distribute_parallel_for_collapse_2250_2350_2750,2250,2750,0,5500,64641500,19395751,2750,94000000,49500000,19393000,6462500,12930500,6462500,0,0,0,6468000,3049651,3.0497
distribute_parallel_for_collapse_2250_2350_2850,2250,2850,0,5700,66992100,20101051,2850,95880000,51300000,20098200,6697500,13400700,6697500,0,0,0,6703200,3161017,3.1610
distribute_parallel_for_collapse_2250_2350_2950,2250,2950,0,5900,69342700,20806351,2950,97760000,53100000,20803400,6932500,13870900,6932500,0,0,0,6938400,3262817,3.2628
distribute_parallel_for_collapse_2250_2450_2150,2250,2150,0,4300,52687900,15808951,2150,86240000,38700000,15806800,5267500,10539300,5267500,0,0,0,5271800,2489802,2.4898
distribute_parallel_for_collapse_2250_2450_2250,2250,2250,0,4500,55138500,16544251,2250,88200000,40500000,16542000,5512500,11029500,5512500,0,0,0,5517000,2601034,2.6010
distribute_parallel_for_collapse_2250_2450_2350,2250,2350,0,4700,57589100,17279551,2350,90160000,42300000,17277200,5757500,11519700,5757500,0,0,0,5762200,2745879,2.7459
distribute_parallel_for_collapse_2250_2450_2450,2250,2450,0,4900,60039700,18014851,2450,92120000,44100000,18012400,6002500,12009900,6002500,0,0,0,6007400,2837205,2.8372
distribute_parallel_for_collapse_2250_2450_2550,2250,2550,0,5100,62490300,18750151,2550,94080000,45900000,18747600,6247500,12500100,6247500,0,0,0,6252600,2949566,2.9496
distribute_parallel_for_collapse_2250_2450_2650,2250,2650,0,5300,64940900,19485451,2650,96040000,47700000,19482800,6492500,12990300,6492500,0,0,0,6497800,3062024,3.0620
distribute_parallel_for_collapse_2250_2450_2750,2250,2750,0,5500,67391500,20220751,2750,98000000,49500000,20218000,6737500,13480500,6737500,0,0,0,6743000,3180771,3.1808
distribute_parallel_for_collapse_2250_2450_2850,2250,2850,0,5700,69842100,20956051,2850,99960000,51300000,20953200,6982500,13970700,6982500,0,0,0,6988200,3287859,3.2879
distribute_parallel_for_collapse_2250_2450_2950,2250,2950,0,5900,72292700,21691351,2950,101920000,53100000,21688400,7227500,14460900,7227500,0,0,0,7233400,3396073,3.3961
distribute_parallel_for_collapse_2250_2550_2150,2250,2150,0,4300,54837900,16453951,2150,89760000,38700000,16451800,5482500,10969300,5482500,0,0,0,5486800,2665813,2.6658
distribute_parallel_for_collapse_2250_2550_2250,2250,2250,0,4500,57388500,17219251,2250,91800000,40500000,17217000,5737500,11479500,5737500,0,0,0,5742000,2705928,2.7059
distribute_parallel_for_collapse_2250_2550_2350,2250,2350,0,4700,59939100,17984551,2350,93840000,42300000,17982200,5992500,11989700,5992500,0,0,0,5997200,2825197,2.8252
distribute_parallel_for_collapse_2250_2550_2450,2250,2450,0,4900,62489700,18749851,2450,95880000,44100000,18747400,6247500,12499900,6247500,0,0,0,6252400,2979616,2.9796
distribute_parallel_for_collapse_2250_2550_2550,2250,2550,0,5100,65040300,19515151,2550,97920000,45900000,19512600,6502500,13010100,6502500,0,0,0,6507600,3087655,3.0877
distribute_parallel_for_collapse_2250_2550_2650,2250,2650,0,5300,67590900,20280451,2650,99960000,47700000,20277800,6757500,13520300,6757500,0,0,0,6762800,3189796,3.1898
distribute_parallel_for_collapse_2250_2550_2750,2250,2750,0,5500,70141500,21045751,2750,102000000,49500000,21043000,7012500,14030500,7012500,0,0,0,7018000,3303977,3.3040
distribute_parallel_for_collapse_2250_2550_2850,2250,2850,0,5700,72692100,21811051,2850,104040000,51300000,21808200,7267500,14540700,7267500,0,0,0,7273200,3504303,3.5043
distribute_parallel_for_collapse_2250_2550_2950,2250,2950,0,5900,75242700,22576351,2950,106080000,53100000,22573400,7522500,15050900,7522500,0,0,0,7528400,3543375,3.5434
distribute_parallel_for_collapse_2250_2650_2150,2250,2150,0,4300,56987900,17098951,2150,93280000,38700000,17096800,5697500,11399300,5697500,0,0,0,5701800,2688414,2.6884
distribute_parallel_for_collapse_2250_2650_2250,2250,2250,0,4500,59638500,17894251,2250,95400000,40500000,17892000,5962500,11929500,5962500,0,0,0,5967000,2824759,2.8248
distribute_parallel_for_collapse_2250_2650_2350,2250,2350,0,4700,62289100,18689551,2350,97520000,42300000,18687200,6227500,12459700,6227500,0,0,0,6232200,2953459,2.9535
distribute_parallel_for_collapse_2250_2650_2450,2250,2450,0,4900,64939700,19484851,2450,99640000,44100000,19482400,6492500,12989900,6492500,0,0,0,6497400,3061255,3.0613
distribute_parallel_for_collapse_2250_2650_2550,2250,2550,0,5100,67590300,20280151,2550,101760000,45900000,20277600,6757500,13520100,6757500,0,0,0,6762600,3240249,3.2402
distribute_parallel_for_collapse_2250_2650_2650,2250,2650,0,5300,70240900,21075451,2650,103880000,47700000,21072800,7022500,14050300,7022500,0,0,0,7027800,3341885,3.3419
distribute_parallel_for_collapse_2250_2650_2750,2250,2750,0,5500,72891500,21870751,2750,106000000,49500000,21868000,7287500,14580500,7287500,0,0,0,7293000,3437462,3.4375
distribute_parallel_for_collapse_2250_2650_2850,2250,2850,0,5700,75542100,22666051,2850,108120000,51300000,22663200,7552500,15110700,7552500,0,0,0,7558200,3562561,3.5626
distribute_parallel_for_collapse_2250_2650_2950,2250,2950,0,5900,78192700,23461351,2950,110240000,53100000,23458400,7817500,15640900,7817500,0,0,0,7823400,3675511,3.6755
distribute_parallel_for_collapse_2250_2750_1250,2250,1250,0,2500,34382500,10316251,1250,77000000,22500000,10315000,3437500,6877500,3437500,0,0,0,3440000,1699723,1.6997
distribute_parallel_for_collapse_2250_2750_1750,2250,1750,0,3500,48135500,14442751,1750,88000000,31500000,14441000,4812500,9628500,4812500,0,0,0,4816000,2324301,2.3243
distribute_parallel_for_collapse_2250_2750_2150,2250,2150,0,4300,59137900,17743951,2150,96800000,38700000,17741800,5912500,11829300,5912500,0,0,0,5916800,2804860,2.8049
distribute_parallel_for_collapse_2250_2750_2250,2250,2250,0,4500,61888500,18569251,2250,99000000,40500000,18567000,6187500,12379500,6187500,0,0,0,6192000,2988162,2.9882
distribute_parallel_for_collapse_2250_2750_2350,2250,2350,0,4700,64639100,19394551,2350,101200000,42300000,19392200,6462500,12929700,6462500,0,0,0,6467200,3110954,3.1110
distribute_parallel_for_collapse_2250_2750_2450,2250,2450,0,4900,67389700,20219851,2450,103400000,44100000,20217400,6737500,13479900,6737500,0,0,0,6742400,3177738,3.1777
distribute_parallel_for_collapse_2250_2750_2550,2250,2550,0,5100,70140300,21045151,2550,105600000,45900000,21042600,7012500,14030100,7012500,0,0,0,7017600,3306304,3.3063
distribute_parallel_for_collapse_2250_2750_2650,2250,2650,0,5300,72890900,21870451,2650,107800000,47700000,21867800,7287500,14580300,7287500,0,0,0,7292800,3440291,3.4403
distribute_parallel_for_collapse_2250_2750_2750,2250,2750,0,5500,75641500,22695751,2750,110000000,49500000,22693000,7562500,15130500,7562500,0,0,0,7568000,3564349,3.5643
distribute_parallel_for_collapse_2250_2750_2850,2250,2850,0,5700,78392100,23521051,2850,112200000,51300000,23518200,7837500,15680700,7837500,0,0,0,7843200,3696270,3.6963
distribute_parallel_for_collapse_2250_2750_2950,2250,2950,0,5900,81142700,24346351,2950,114400000,53100000,24343400,8112500,16230900,8112500,0,0,0,8118400,3842670,3.8427
distribute_parallel_for_collapse_2250_2750_3250,2250,3250,0,6500,89394500,26822251,3250,121000000,58500000,26819000,8937500,17881500,8937500,0,0,0,8944000,4331668,4.3317
distribute_parallel_for_collapse_2250_2750_3750,2250,3750,0,7500,103147500,30948751,3750,132000000,67500000,30945000,10312500,20632500,10312500,0,0,0,10320000,4954561,4.9546
distribute_parallel_for_collapse_2250_2750_4250,2250,4250,0,8500,116900500,35075251,4250,143000000,76500000,35071000,11687500,23383500,11687500,0,0,0,11696000,5584084,5.5841
distribute_parallel_for_collapse_2250_2850_2150,2250,2150,0,4300,61287900,18388951,2150,100320000,38700000,18386800,6127500,12259300,6127500,0,0,0,6131800,2896546,2.8965
distribute_parallel_for_collapse_2250_2850_2250,2250,2250,0,4500,64138500,19244251,2250,102600000,40500000,19242000,6412500,12829500,6412500,0,0,0,6417000,3030191,3.0302
distribute_parallel_for_collapse_2250_2850_2350,2250,2350,0,4700,66989100,20099551,2350,104880000,42300000,20097200,6697500,13399700,6697500,0,0,0,6702200,3164633,3.1646
distribute_parallel_for_collapse_2250_2850_2450,2250,2450,0,4900,69839700,20954851,2450,107160000,44100000,20952400,6982500,13969900,6982500,0,0,0,6987400,3295047,3.2950
distribute_parallel_for_collapse_2250_2850_2550,2250,2550,0,5100,72690300,21810151,2550,109440000,45900000,21807600,7267500,14540100,7267500,0,0,0,7272600,3450444,3.4504
distribute_parallel_for_collapse_2250_2850_2650,2250,2650,0,5300,75540900,22665451,2650,111720000,47700000,22662800,7552500,15110300,7552500,0,0,0,7557800,3576195,3.5762
distribute_parallel_for_collapse_2250_2850_2750,2250,2750,0,5500,78391500,23520751,2750,114000000,49500000,23518000,7837500,15680500,7837500,0,0,0,7843000,3745045,3.7450
distribute_parallel_for_collapse_2250_2850_2850,2250,2850,0,5700,81242100,24376051,2850,116280000,51300000,24373200,8122500,16250700,8122500,0,0,0,8128200,3836733,3.8367
distribute_parallel_for_collapse_2250_2850_2950,2250,2950,0,5900,84092700,25231351,2950,118560000,53100000,25228400,8407500,16820900,8407500,0,0,0,8413400,4044695,4.0447
distribute_parallel_for_collapse_2250_2950_2150,2250,2150,0,4300,63437900,19033951,2150,103840000,38700000,19031800,6342500,12689300,6342500,0,0,0,6346800,2996928,2.9969
distribute_parallel_for_collapse_2250_2950_2250,2250,2250,0,4500,66388500,19919251,2250,106200000,40500000,19917000,6637500,13279500,6637500,0,0,0,6642000,3135947,3.1359
distribute_parallel_for_collapse_2250_2950_2350,2250,2350,0,4700,69339100,20804551,2350,108560000,42300000,20802200,6932500,13869700,6932500,0,0,0,6937200,3269044,3.2690
distribute_parallel_for_collapse_2250_2950_2450,2250,2450,0,4900,72289700,21689851,2450,110920000,44100000,21687400,7227500,14459900,7227500,0,0,0,7232400,3447472,3.4475
distribute_parallel_for_collapse_2250_2950_2550,2250,2550,0,5100,75240300,22575151,2550,113280000,45900000,22572600,7522500,15050100,7522500,0,0,0,7527600,3538839,3.5388
distribute_parallel_for_collapse_2250_2950_2650,2250,2650,0,5300,78190900,23460451,2650,115640000,47700000,23457800,7817500,15640300,7817500,0,0,0,7822800,3719322,3.7193
distribute_parallel_for_collapse_2250_2950_2750,2250,2750,0,5500,81141500,24345751,2750,118000000,49500000,24343000,8112500,16230500,8112500,0,0,0,8118000,3829032,3.8290
distribute_parallel_for_collapse_2250_2950_2850,2250,2850,0,5700,84092100,25231051,2850,120360000,51300000,25228200,8407500,16820700,8407500,0,0,0,8413200,3961675,3.9617
distribute_parallel_for_collapse_2250_2950_2950,2250,2950,0,5900,87042700,26116351,2950,122720000,53100000,26113400,8702500,17410900,8702500,0,0,0,8708400,4117930,4.1179
distribute_parallel_for_collapse_2250_3250_1250,2250,1250,0,2500,40632500,12191251,1250,91000000,22500000,12190000,4062500,8127500,4062500,0,0,0,4065000,1956050,1.9561
distribute_parallel_for_collapse_2250_3250_1750,2250,1750,0,3500,56885500,17067751,1750,104000000,31500000,17066000,5687500,11378500,5687500,0,0,0,5691000,2733692,2.7337
distribute_parallel_for_collapse_2250_3250_2250,2250,2250,0,4500,73138500,21944251,2250,117000000,40500000,21942000,7312500,14629500,7312500,0,0,0,7317000,3502839,3.5028
distribute_parallel_for_collapse_2250_3250_2750,2250,2750,0,5500,89391500,26820751,2750,130000000,49500000,26818000,8937500,17880500,8937500,0,0,0,8943000,4278818,4.2788
distribute_parallel_for_collapse_2250_3250_3250,2250,3250,0,6500,105644500,31697251,3250,143000000,58500000,31694000,10562500,21131500,10562500,0,0,0,10569000,5156705,5.1567
distribute_parallel_for_collapse_2250_3250_3750,2250,3750,0,7500,121897500,36573751,3750,156000000,67500000,36570000,12187500,24382500,12187500,0,0,0,12195000,5820979,5.8210
distribute_parallel_for_collapse_2250_3250_4250,2250,4250,0,8500,138150500,41450251,4250,169000000,76500000,41446000,13812500,27633500,13812500,0,0,0,13821000,6650157,6.6502
distribute_parallel_for_collapse_2250_3750_1250,2250,1250,0,2500,46882500,14066251,1250,105000000,22500000,14065000,4687500,9377500,4687500,0,0,0,4690000,2284610,2.2846
distribute_parallel_for_collapse_2250_3750_1750,2250,1750,0,3500,65635500,19692751,1750,120000000,31500000,19691000,6562500,13128500,6562500,0,0,0,6566000,3159822,3.1598
distribute_parallel_for_collapse_2250_3750_2250,2250,2250,0,4500,84388500,25319251,2250,135000000,40500000,25317000,8437500,16879500,8437500,0,0,0,8442000,4060440,4.0604
distribute_parallel_for_collapse_2250_3750_2750,2250,2750,0,5500,103141500,30945751,2750,150000000,49500000,30943000,10312500,20630500,10312500,0,0,0,10318000,4945739,4.9457
distribute_parallel_for_collapse_2250_3750_3250,2250,3250,0,6500,121894500,36572251,3250,165000000,58500000,36569000,12187500,24381500,12187500,0,0,0,12194000,5828043,5.8280
distribute_parallel_for_collapse_2250_3750_3750,2250,3750,0,7500,140647500,42198751,3750,180000000,67500000,42195000,14062500,28132500,14062500,0,0,0,14070000,6727096,6.7271
distribute_parallel_for_collapse_2250_3750_4250,2250,4250,0,8500,159400500,47825251,4250,195000000,76500000,47821000,15937500,31883500,15937500,0,0,0,15946000,7631761,7.6318
distribute_parallel_for_collapse_2250_4250_1250,2250,1250,0,2500,53132500,15941251,1250,119000000,22500000,15940000,5312500,10627500,5312500,0,0,0,5315000,2567906,2.5679
distribute_parallel_for_collapse_2250_4250_1750,2250,1750,0,3500,74385500,22317751,1750,136000000,31500000,22316000,7437500,14878500,7437500,0,0,0,7441000,3581093,3.5811
distribute_parallel_for_collapse_2250_4250_2250,2250,2250,0,4500,95638500,28694251,2250,153000000,40500000,28692000,9562500,19129500,9562500,0,0,0,9567000,4605327,4.6053
distribute_parallel_for_collapse_2250_4250_2750,2250,2750,0,5500,116891500,35070751,2750,170000000,49500000,35068000,11687500,23380500,11687500,0,0,0,11693000,5632972,5.6330
distribute_parallel_for_collapse_2250_4250_3250,2250,3250,0,6500,138144500,41447251,3250,187000000,58500000,41444000,13812500,27631500,13812500,0,0,0,13819000,6671220,6.6712
distribute_parallel_for_collapse_2250_4250_3750,2250,3750,0,7500,159397500,47823751,3750,204000000,67500000,47820000,15937500,31882500,15937500,0,0,0,15945000,7624084,7.6241
distribute_parallel_for_collapse_2250_4250_4250,2250,4250,0,8500,180650500,54200251,4250,221000000,76500000,54196000,18062500,36133500,18062500,0,0,0,18071000,8652047,8.6520
distribute_parallel_for_collapse_2350_2150_2150,2350,2150,0,4300,46237900,13873951,2150,77400000,40420000,13871800,4622500,9249300,4622500,0,0,0,4626800,2292674,2.2927
distribute_parallel_for_collapse_2350_2150_2250,2350,2250,0,4500,48388500,14519251,2250,79120000,42300000,14517000,4837500,9679500,4837500,0,0,0,4842000,2433304,2.4333
distribute_parallel_for_collapse_2350_2150_2350,2350,2350,0,4700,50539100,15164551,2350,80840000,44180000,15162200,5052500,10109700,5052500,0,0,0,5057200,2492445,2.4924
distribute_parallel_for_collapse_2350_2150_2450,2350,2450,0,4900,52689700,15809851,2450,82560000,46060000,15807400,5267500,10539900,5267500,0,0,0,5272400,2598499,2.5985
distribute_parallel_for_collapse_2350_2150_2550,2350,2550,0,5100,54840300,16455151,2550,84280000,47940000,16452600,5482500,10970100,5482500,0,0,0,5487600,2696688,2.6967
distribute_parallel_for_collapse_2350_2150_2650,2350,2650,0,5300,56990900,17100451,2650,86000000,49820000,17097800,5697500,11400300,5697500,0,0,0,5702800,2809411,2.8094
distribute_parallel_for_collapse_2350_2150_2750,2350,2750,0,5500,59141500,17745751,2750,87720000,51700000,17743000,5912500,11830500,5912500,0,0,0,5918000,2935233,2.9352
distribute_parallel_for_collapse_2350_2150_2850,2350,2850,0,5700,61292100,18391051,2850,89440000,53580000,18388200,6127500,12260700,6127500,0,0,0,6133200,3055772,3.0558
distribute_parallel_for_collapse_2350_2150_2950,2350,2950,0,5900,63442700,19036351,2950,91160000,55460000,19033400,6342500,12690900,6342500,0,0,0,6348400,3125063,3.1251
distribute_parallel_for_collapse_2350_2250_2150,2350,2150,0,4300,48387900,14518951,2150,81000000,40420000,14516800,4837500,9679300,4837500,0,0,0,4841800,2384698,2.3847
distribute_parallel_for_collapse_2350_2250_2250,2350,2250,0,4500,50638500,15194251,2250,82800000,42300000,15192000,5062500,10129500,5062500,0,0,0,5067000,2563221,2.5632
distribute_parallel_for_collapse_2350_2250_2350,2350,2350,0,4700,52889100,15869551,2350,84600000,44180000,15867200,5287500,10579700,5287500,0,0,0,5292200,2612127,2.6121
distribute_parallel_for_collapse_2350_2250_2450,2350,2450,0,4900,55139700,16544851,2450,86400000,46060000,16542400,5512500,11029900,5512500,0,0,0,5517400,2714627,2.7146
distribute_parallel_for_collapse_2350_2250_2550,2350,2550,0,5100,57390300,17220151,2550,88200000,47940000,17217600,5737500,11480100,5737500,0,0,0,5742600,2817884,2.8179
distribute_parallel_for_collapse_2350_2250_2650,2350,2650,0,5300,59640900,17895451,2650,90000000,49820000,17892800,5962500,11930300,5962500,0,0,0,5967800,2947429,2.9474
distribute_parallel_for_collapse_2350_2250_2750,2350,2750,0,5500,61891500,18570751,2750,91800000,51700000,18568000,6187500,12380500,6187500,0,0,0,6193000,3058762,3.0588
distribute_parallel_for_collapse_2350_2250_2850,2350,2850,0,5700,64142100,19246051,2850,93600000,53580000,19243200,6412500,12830700,6412500,0,0,0,6418200,3159084,3.1591
distribute_parallel_for_collapse_2350_2250_2950,2350,2950,0,5900,66392700,19921351,2950,95400000,55460000,19918400,6637500,13280900,6637500,0,0,0,6643400,3259928,3.2599
distribute_parallel_for_collapse_2350_2350_2150,2350,2150,0,4300,50537900,15163951,2150,84600000,40420000,15161800,5052500,10109300,5052500,0,0,0,5056800,2490397,2.4904
distribute_parallel_for_collapse_2350_2350_2250,2350,2250,0,4500,52888500,15869251,2250,86480000,42300000,15867000,5287500,10579500,5287500,0,0,0,5292000,2615431,2.6154
distribute_parallel_for_collapse_2350_2350_2350,2350,2350,0,4700,55239100,16574551,2350,88360000,44180000,16572200,5522500,11049700,5522500,0,0,0,5527200,2728194,2.7282
distribute_parallel_for_collapse_2350_2350_2450,2350,2450,0,4900,57589700,17279851,2450,90240000,46060000,17277400,5757500,11519900,5757500,0,0,0,5762400,2860346,2.8603
distribute_parallel_for_collapse_2350_2350_2550,2350,2550,0,5100,59940300,17985151,2550,92120000,47940000,17982600,5992500,11990100,5992500,0,0,0,5997600,2945893,2.9459
distribute_parallel_for_collapse_2350_2350_2650,2350,2650,0,5300,62290900,18690451,2650,94000000,49820000,18687800,6227500,12460300,6227500,0,0,0,6232800,3073971,3.0740
distribute_parallel_for_collapse_2350_2350_2750,2350,2750,0,5500,64641500,19395751,2750,95880000,51700000,19393000,6462500,12930500,6462500,0,0,0,6468000,3178725,3.1787
distribute_parallel_for_collapse_2350_2350_2850,2350,2850,0,5700,66992100,20101051,2850,97760000,53580000,20098200,6697500,13400700,6697500,0,0,0,6703200,3291867,3.2919
distribute_parallel_for_collapse_2350_2350_2950,2350,2950,0,5900,69342700,20806351,2950,99640000,55460000,20803400,6932500,13870900,6932500,0,0,0,6938400,3461860,3.4619
distribute_parallel_for_collapse_2350_2450_2150,2350,2150,0,4300,52687900,15808951,2150,88200000,40420000,15806800,5267500,10539300,5267500,0,0,0,5271800,2672366,2.6724
distribute_parallel_for_collapse_2350_2450_2250,2350,2250,0,4500,55138500,16544251,2250,90160000,42300000,16542000,5512500,11029500,5512500,0,0,0,5517000,2722385,2.7224
distribute_parallel_for_collapse_2350_2450_2350,2350,2350,0,4700,57589100,17279551,2350,92120000,44180000,17277200,5757500,11519700,5757500,0,0,0,5762200,2849004,2.8490
distribute_parallel_for_collapse_2350_2450_2450,2350,2450,0,4900,60039700,18014851,2450,94080000,46060000,18012400,6002500,12009900,6002500,0,0,0,6007400,2957046,2.9570
distribute_parallel_for_collapse_2350_2450_2550,2350,2550,0,5100,62490300,18750151,2550,96040000,47940000,18747600,6247500,12500100,6247500,0,0,0,6252600,3078608,3.0786
distribute_parallel_for_collapse_2350_2450_2650,2350,2650,0,5300,64940900,19485451,2650,98000000,49820000,19482800,6492500,12990300,6492500,0,0,0,6497800,3198101,3.1981
distribute_parallel_for_collapse_2350_2450_2750,2350,2750,0,5500,67391500,20220751,2750,99960000,51700000,20218000,6737500,13480500,6737500,0,0,0,6743000,3322349,3.3223
distribute_parallel_for_collapse_2350_2450_2850,2350,2850,0,5700,69842100,20956051,2850,101920000,53580000,20953200,6982500,13970700,6982500,0,0,0,6988200,3440195,3.4402
distribute_parallel_for_collapse_2350_2450_2950,2350,2950,0,5900,72292700,21691351,2950,103880000,55460000,21688400,7227500,14460900,7227500,0,0,0,7233400,3606993,3.6070
distribute_parallel_for_collapse_2350_2550_2150,2350,2150,0,4300,54837900,16453951,2150,91800000,40420000,16451800,5482500,10969300,5482500,0,0,0,5486800,2717192,2.7172
distribute_parallel_for_collapse_2350_2550_2250,2350,2250,0,4500,57388500,17219251,2250,93840000,42300000,17217000,5737500,11479500,5737500,0,0,0,5742000,2851646,2.8516
distribute_parallel_for_collapse_2350_2550_2350,2350,2350,0,4700,59939100,17984551,2350,95880000,44180000,17982200,5992500,11989700,5992500,0,0,0,5997200,2953585,2.9536
distribute_parallel_for_collapse_2350_2550_2450,2350,2450,0,4900,62489700,18749851,2450,97920000,46060000,18747400,6247500,12499900,6247500,0,0,0,6252400,3080578,3.0806
distribute_parallel_for_collapse_2350_2550_2550,2350,2550,0,5100,65040300,19515151,2550,99960000,47940000,19512600,6502500,13010100,6502500,0,0,0,6507600,3195619,3.1956
distribute_parallel_for_collapse_2350_2550_2650,2350,2650,0,5300,67590900,20280451,2650,102000000,49820000,20277800,6757500,13520300,6757500,0,0,0,6762800,3329670,3.3297
distribute_parallel_for_collapse_2350_2550_2750,2350,2750,0,5500,70141500,21045751,2750,104040000,51700000,21043000,7012500,14030500,7012500,0,0,0,7018000,3473338,3.4733
distribute_parallel_for_collapse_2350_2550_2850,2350,2850,0,5700,72692100,21811051,2850,106080000,53580000,21808200,7267500,14540700,7267500,0,0,0,7273200,3621596,3.6216
distribute_parallel_for_collapse_2350_2550_2950,2350,2950,0,5900,75242700,22576351,2950,108120000,55460000,22573400,7522500,15050900,7522500,0,0,0,7528400,3743077,3.7431
distribute_parallel_for_collapse_2350_2650_2150,2350,2150,0,4300,56987900,17098951,2150,95400000,40420000,17096800,5697500,11399300,5697500,0,0,0,5701800,2850931,2.8509
distribute_parallel_for_collapse_2350_2650_2250,2350,2250,0,4500,59638500,17894251,2250,97520000,42300000,17892000,5962500,11929500,5962500,0,0,0,5967000,2939017,2.9390
distribute_parallel_for_collapse_2350_2650_2350,2350,2350,0,4700,62289100,18689551,2350,99640000,44180000,18687200,6227500,12459700,6227500,0,0,0,6232200,3074782,3.0748
distribute_parallel_for_collapse_2350_2650_2450,2350,2450,0,4900,64939700,19484851,2450,101760000,46060000,19482400,6492500,12989900,6492500,0,0,0,6497400,3201052,3.2011
distribute_parallel_for_collapse_2350_2650_2550,2350,2550,0,5100,67590300,20280151,2550,103880000,47940000,20277600,6757500,13520100,6757500,0,0,0,6762600,3332674,3.3327
distribute_parallel_for_collapse_2350_2650_2650,2350,2650,0,5300,70240900,21075451,2650,106000000,49820000,21072800,7022500,14050300,7022500,0,0,0,7027800,3471840,3.4718
distribute_parallel_for_collapse_2350_2650_2750,2350,2750,0,5500,72891500,21870751,2750,108120000,51700000,21868000,7287500,14580500,7287500,0,0,0,7293000,3586235,3.5862
distribute_parallel_for_collapse_2350_2650_2850,2350,2850,0,5700,75542100,22666051,2850,110240000,53580000,22663200,7552500,15110700,7552500,0,0,0,7558200,3712372,3.7124
distribute_parallel_for_collapse_2350_2650_2950,2350,2950,0,5900,78192700,23461351,2950,112360000,55460000,23458400,7817500,15640900,7817500,0,0,0,7823400,3941338,3.9413
distribute_parallel_for_collapse_2350_2750_2150,2350,2150,0,4300,59137900,17743951,2150,99000000,40420000,17741800,5912500,11829300,5912500,0,0,0,5916800,2918076,2.9181
distribute_parallel_for_collapse_2350_2750_2250,2350,2250,0,4500,61888500,18569251,2250,101200000,42300000,18567000,6187500,12379500,6187500,0,0,0,6192000,3092644,3.0926
distribute_parallel_for_collapse_2350_2750_2350,2350,2350,0,4700,64639100,19394551,2350,103400000,44180000,19392200,6462500,12929700,6462500,0,0,0,6467200,3185561,3.1856
distribute_parallel_for_collapse_2350_2750_2450,2350,2450,0,4900,67389700,20219851,2450,105600000,46060000,20217400,6737500,13479900,6737500,0,0,0,6742400,3326172,3.3262
distribute_parallel_for_collapse_2350_2750_2550,2350,2550,0,5100,70140300,21045151,2550,107800000,47940000,21042600,7012500,14030100,7012500,0,0,0,7017600,3448449,3.4484
distribute_parallel_for_collapse_2350_2750_2650,2350,2650,0,5300,72890900,21870451,2650,110000000,49820000,21867800,7287500,14580300,7287500,0,0,0,7292800,3651883,3.6519
distribute_parallel_for_collapse_2350_2750_2750,2350,2750,0,5500,75641500,22695751,2750,112200000,51700000,22693000,7562500,15130500,7562500,0,0,0,7568000,3751315,3.7513
distribute_parallel_for_collapse_2350_2750_2850,2350,2850,0,5700,78392100,23521051,2850,114400000,53580000,23518200,7837500,15680700,7837500,0,0,0,7843200,3927905,3.9279
distribute_parallel_for_collapse_2350_2750_2950,2350,2950,0,5900,81142700,24346351,2950,116600000,55460000,24343400,8112500,16230900,8112500,0,0,0,8118400,4013868,4.0139
distribute_parallel_for_collapse_2350_2850_2150,2350,2150,0,4300,61287900,18388951,2150,102600000,40420000,18386800,6127500,12259300,6127500,0,0,0,6131800,3023158,3.0232
distribute_parallel_for_collapse_2350_2850_2250,2350,2250,0,4500,64138500,19244251,2250,104880000,42300000,19242000,6412500,12829500,6412500,0,0,0,6417000,3169339,3.1693
distribute_parallel_for_collapse_2350_2850_2350,2350,2350,0,4700,66989100,20099551,2350,107160000,44180000,20097200,6697500,13399700,6697500,0,0,0,6702200,3338031,3.3380
distribute_parallel_for_collapse_2350_2850_2450,2350,2450,0,4900,69839700,20954851,2450,109440000,46060000,20952400,6982500,13969900,6982500,0,0,0,6987400,3470891,3.4709
distribute_parallel_for_collapse_2350_2850_2550,2350,2550,0,5100,72690300,21810151,2550,111720000,47940000,21807600,7267500,14540100,7267500,0,0,0,7272600,3572186,3.5722
distribute_parallel_for_collapse_2350_2850_2650,2350,2650,0,5300,75540900,22665451,2650,114000000,49820000,22662800,7552500,15110300,7552500,0,0,0,7557800,3742247,3.7422
distribute_parallel_for_collapse_2350_2850_2750,2350,2750,0,5500,78391500,23520751,2750,116280000,51700000,23518000,7837500,15680500,7837500,0,0,0,7843000,3855338,3.8553
distribute_parallel_for_collapse_2350_2850_2850,2350,2850,0,5700,81242100,24376051,2850,118560000,53580000,24373200,8122500,16250700,8122500,0,0,0,8128200,4013535,4.0135
distribute_parallel_for_collapse_2350_2850_2950,2350,2950,0,5900,84092700,25231351,2950,120840000,55460000,25228400,8407500,16820900,8407500,0,0,0,8413400,4204834,4.2048
distribute_parallel_for_collapse_2350_2950_2150,2350,2150,0,4300,63437900,19033951,2150,106200000,40420000,19031800,6342500,12689300,6342500,0,0,0,6346800,3158593,3.1586
distribute_parallel_for_collapse_2350_2950_2250,2350,2250,0,4500,66388500,19919251,2250,108560000,42300000,19917000,6637500,13279500,6637500,0,0,0,6642000,3269629,3.2696
distribute_parallel_for_collapse_2350_2950_2350,2350,2350,0,4700,69339100,20804551,2350,110920000,44180000,20802200,6932500,13869700,6932500,0,0,0,6937200,3412461,3.4125
distribute_parallel_for_collapse_2350_2950_2450,2350,2450,0,4900,72289700,21689851,2450,113280000,46060000,21687400,7227500,14459900,7227500,0,0,0,7232400,3567379,3.5674
distribute_parallel_for_collapse_2350_2950_2550,2350,2550,0,5100,75240300,22575151,2550,115640000,47940000,22572600,7522500,15050100,7522500,0,0,0,7527600,3701890,3.7019
distribute_parallel_for_collapse_2350_2950_2650,2350,2650,0,5300,78190900,23460451,2650,118000000,49820000,23457800,7817500,15640300,7817500,0,0,0,7822800,3855144,3.8551
distribute_parallel_for_collapse_2350_2950_2750,2350,2750,0,5500,81141500,24345751,2750,120360000,51700000,24343000,8112500,16230500,8112500,0,0,0,8118000,4190210,4.1902
distribute_parallel_for_collapse_2350_2950_2850,2350,2850,0,5700,84092100,25231051,2850,122720000,53580000,25228200,8407500,16820700,8407500,0,0,0,8413200,4174113,4.1741
distribute_parallel_for_collapse_2350_2950_2950,2350,2950,0,5900,87042700,26116351,2950,125080000,55460000,26113400,8702500,17410900,8702500,0,0,0,8708400,4407887,4.4079
distribute_parallel_for_collapse_2400_1400_1400,2400,1400,0,2800,19608400,5884201,1400,42560000,26880000,5882800,1960000,3922800,1960000,0,0,0,1962800,979553,0.9796
distribute_parallel_for_collapse_2400_1400_1900,2400,1900,0,3800,26611400,7985701,1900,48160000,36480000,7983800,2660000,5323800,2660000,0,0,0,2663800,1371728,1.3717
distribute_parallel_for_collapse_2400_1400_2400,2400,2400,0,4800,33614400,10087201,2400,53760000,46080000,10084800,3360000,6724800,3360000,0,0,0,3364800,1625509,1.6255
distribute_parallel_for_collapse_2400_1400_2900,2400,2900,0,5800,40617400,12188701,2900,59360000,55680000,12185800,4060000,8125800,4060000,0,0,0,4065800,2080893,2.0809
distribute_parallel_for_collapse_2400_1400_3400,2400,3400,0,6800,47620400,14290201,3400,64960000,65280000,14286800,4760000,9526800,4760000,0,0,0,4766800,2348353,2.3484
distribute_parallel_for_collapse_2400_1400_3900,2400,3900,0,7800,54623400,16391701,3900,70560000,74880000,16387800,5460000,10927800,5460000,0,0,0,5467800,2723954,2.7240
distribute_parallel_for_collapse_2400_1400_900,2400,900,0,1800,12605400,3782701,900,36960000,17280000,3781800,1260000,2521800,1260000,0,0,0,1261800,636964,0.6370
distribute_parallel_for_collapse_2400_1900_1400,2400,1400,0,2800,26608400,7984201,1400,57760000,26880000,7982800,2660000,5322800,2660000,0,0,0,2662800,1316861,1.3169
distribute_parallel_for_collapse_2400_1900_1900,2400,1900,0,3800,36111400,10835701,1900,65360000,36480000,10833800,3610000,7223800,3610000,0,0,0,3613800,1812669,1.8127
distribute_parallel_for_collapse_2400_1900_2400,2400,2400,0,4800,45614400,13687201,2400,72960000,46080000,13684800,4560000,9124800,4560000,0,0,0,4564800,2290917,2.2909
distribute_parallel_for_collapse_2400_1900_2900,2400,2900,0,5800,55117400,16538701,2900,80560000,55680000,16535800,5510000,11025800,5510000,0,0,0,5515800,2743461,2.7435
distribute_parallel_for_collapse_2400_1900_3400,2400,3400,0,6800,64620400,19390201,3400,88160000,65280000,19386800,6460000,12926800,6460000,0,0,0,6466800,3177272,3.1773
distribute_parallel_for_collapse_2400_1900_3900,2400,3900,0,7800,74123400,22241701,3900,95760000,74880000,22237800,7410000,14827800,7410000,0,0,0,7417800,3687601,3.6876
distribute_parallel_for_collapse_2400_1900_900,2400,900,0,1800,17105400,5132701,900,50160000,17280000,5131800,1710000,3421800,1710000,0,0,0,1711800,871498,0.8715
distribute_parallel_for_collapse_2400_2400_1400,2400,1400,0,2800,33608400,10084201,1400,72960000,26880000,10082800,3360000,6722800,3360000,0,0,0,3362800,1662166,1.6622
distribute_parallel_for_collapse_2400_2400_1900,2400,1900,0,3800,45611400,13685701,1900,82560000,36480000,13683800,4560000,9123800,4560000,0,0,0,4563800,2276914,2.2769
distribute_parallel_for_collapse_2400_2400_2400,2400,2400,0,4800,57614400,17287201,2400,92160000,46080000,17284800,5760000,11524800,5760000,0,0,0,5764800,2762481,2.7625
distribute_parallel_for_collapse_2400_2400_2900,2400,2900,0,5800,69617400,20888701,2900,101760000,55680000,20885800,6960000,13925800,6960000,0,0,0,6965800,3466036,3.4660
distribute_parallel_for_collapse_2400_2400_3400,2400,3400,0,6800,81620400,24490201,3400,111360000,65280000,24486800,8160000,16326800,8160000,0,0,0,8166800,4069608,4.0696
distribute_parallel_for_collapse_2400_2400_3900,2400,3900,0,7800,93623400,28091701,3900,120960000,74880000,28087800,9360000,18727800,9360000,0,0,0,9367800,4647085,4.6471
distribute_parallel_for_collapse_2400_2400_900,2400,900,0,1800,21605400,6482701,900,63360000,17280000,6481800,2160000,4321800,2160000,0,0,0,2161800,1088413,1.0884
distribute_parallel_for_collapse_2400_2900_1400,2400,1400,0,2800,40608400,12184201,1400,88160000,26880000,12182800,4060000,8122800,4060000,0,0,0,4062800,2020742,2.0207
distribute_parallel_for_collapse_2400_2900_1900,2400,1900,0,3800,55111400,16535701,1900,99760000,36480000,16533800,5510000,11023800,5510000,0,0,0,5513800,2770457,2.7705
distribute_parallel_for_collapse_2400_2900_2400,2400,2400,0,4800,69614400,20887201,2400,111360000,46080000,20884800,6960000,13924800,6960000,0,0,0,6964800,3396299,3.3963
distribute_parallel_for_collapse_2400_2900_2900,2400,2900,0,5800,84117400,25238701,2900,122960000,55680000,25235800,8410000,16825800,8410000,0,0,0,8415800,4190894,4.1909
distribute_parallel_for_collapse_2400_2900_3400,2400,3400,0,6800,98620400,29590201,3400,134560000,65280000,29586800,9860000,19726800,9860000,0,0,0,9866800,4839403,4.8394
distribute_parallel_for_collapse_2400_2900_3900,2400,3900,0,7800,113123400,33941701,3900,146160000,74880000,33937800,11310000,22627800,11310000,0,0,0,11317800,5630370,5.6304
distribute_parallel_for_collapse_2400_2900_900,2400,900,0,1800,26105400,7832701,900,76560000,17280000,7831800,2610000,5221800,2610000,0,0,0,2611800,1314821,1.3148
distribute_parallel_for_collapse_2400_3400_1400,2400,1400,0,2800,47608400,14284201,1400,103360000,26880000,14282800,4760000,9522800,4760000,0,0,0,4762800,2359043,2.3590
distribute_parallel_for_collapse_2400_3400_1900,2400,1900,0,3800,64611400,19385701,1900,116960000,36480000,19383800,6460000,12923800,6460000,0,0,0,6463800,3227300,3.2273
distribute_parallel_for_collapse_2400_3400_2400,2400,2400,0,4800,81614400,24487201,2400,130560000,46080000,24484800,8160000,16324800,8160000,0,0,0,8164800,3909073,3.9091
distribute_parallel_for_collapse_2400_3400_2900,2400,2900,0,5800,98617400,29588701,2900,144160000,55680000,29585800,9860000,19725800,9860000,0,0,0,9865800,4903364,4.9034
distribute_parallel_for_collapse_2400_3400_3400,2400,3400,0,6800,115620400,34690201,3400,157760000,65280000,34686800,11560000,23126800,11560000,0,0,0,11566800,5670779,5.6708
distribute_parallel_for_collapse_2400_3400_3900,2400,3900,0,7800,132623400,39791701,3900,171360000,74880000,39787800,13260000,26527800,13260000,0,0,0,13267800,6617280,6.6173
distribute_parallel_for_collapse_2400_3400_900,2400,900,0,1800,30605400,9182701,900,89760000,17280000,9181800,3060000,6121800,3060000,0,0,0,3061800,1541229,1.5412
distribute_parallel_for_collapse_2400_3900_1400,2400,1400,0,2800,54608400,16384201,1400,118560000,26880000,16382800,5460000,10922800,5460000,0,0,0,5462800,2704460,2.7045
distribute_parallel_for_collapse_2400_3900_1900,2400,1900,0,3800,74111400,22235701,1900,134160000,36480000,22233800,7410000,14823800,7410000,0,0,0,7413800,3767342,3.7673
distribute_parallel_for_collapse_2400_3900_2400,2400,2400,0,4800,93614400,28087201,2400,149760000,46080000,28084800,9360000,18724800,9360000,0,0,0,9364800,4486706,4.4867
distribute_parallel_for_collapse_2400_3900_2900,2400,2900,0,5800,113117400,33938701,2900,165360000,55680000,33935800,11310000,22625800,11310000,0,0,0,11315800,5646304,5.6463
distribute_parallel_for_collapse_2400_3900_3400,2400,3400,0,6800,132620400,39790201,3400,180960000,65280000,39786800,13260000,26526800,13260000,0,0,0,13266800,6510164,6.5102
distribute_parallel_for_collapse_2400_3900_3900,2400,3900,0,7800,152123400,45641701,3900,196560000,74880000,45637800,15210000,30427800,15210000,0,0,0,15217800,7557457,7.5575
distribute_parallel_for_collapse_2400_3900_900,2400,900,0,1800,35105400,10532701,900,102960000,17280000,10531800,3510000,7021800,3510000,0,0,0,3511800,1814421,1.8144
distribute_parallel_for_collapse_2400_900_1400,2400,1400,0,2800,12608400,3784201,1400,27360000,26880000,3782800,1260000,2522800,1260000,0,0,0,1262800,691059,0.6911
distribute_parallel_for_collapse_2400_900_1900,2400,1900,0,3800,17111400,5135701,1900,30960000,36480000,5133800,1710000,3423800,1710000,0,0,0,1713800,866273,0.8663
distribute_parallel_for_collapse_2400_900_2400,2400,2400,0,4800,21614400,6487201,2400,34560000,46080000,6484800,2160000,4324800,2160000,0,0,0,2164800,1052817,1.0528
distribute_parallel_for_collapse_2400_900_2900,2400,2900,0,5800,26117400,7838701,2900,38160000,55680000,7835800,2610000,5225800,2610000,0,0,0,2615800,1314194,1.3142
distribute_parallel_for_collapse_2400_900_3400,2400,3400,0,6800,30620400,9190201,3400,41760000,65280000,9186800,3060000,6126800,3060000,0,0,0,3066800,1522769,1.5228
distribute_parallel_for_collapse_2400_900_3900,2400,3900,0,7800,35123400,10541701,3900,45360000,74880000,10537800,3510000,7027800,3510000,0,0,0,3517800,1766486,1.7665
distribute_parallel_for_collapse_2400_900_900,2400,900,0,1800,8105400,2432701,900,23760000,17280000,2431800,810000,1621800,810000,0,0,0,811800,413098,0.4131
distribute_parallel_for_collapse_2450_2150_2150,2450,2150,0,4300,46237900,13873951,2150,79120000,42140000,13871800,4622500,9249300,4622500,0,0,0,4626800,2372398,2.3724
distribute_parallel_for_collapse_2450_2150_2250,2450,2250,0,4500,48388500,14519251,2250,80840000,44100000,14517000,4837500,9679500,4837500,0,0,0,4842000,2485755,2.4858
distribute_parallel_for_collapse_2450_2150_2350,2450,2350,0,4700,50539100,15164551,2350,82560000,46060000,15162200,5052500,10109700,5052500,0,0,0,5057200,2629854,2.6299
distribute_parallel_for_collapse_2450_2150_2450,2450,2450,0,4900,52689700,15809851,2450,84280000,48020000,15807400,5267500,10539900,5267500,0,0,0,5272400,2705563,2.7056
distribute_parallel_for_collapse_2450_2150_2550,2450,2550,0,5100,54840300,16455151,2550,86000000,49980000,16452600,5482500,10970100,5482500,0,0,0,5487600,2839838,2.8398
distribute_parallel_for_collapse_2450_2150_2650,2450,2650,0,5300,56990900,17100451,2650,87720000,51940000,17097800,5697500,11400300,5697500,0,0,0,5702800,2929109,2.9291
distribute_parallel_for_collapse_2450_2150_2750,2450,2750,0,5500,59141500,17745751,2750,89440000,53900000,17743000,5912500,11830500,5912500,0,0,0,5918000,3069577,3.0696
distribute_parallel_for_collapse_2450_2150_2950,2450,2950,0,5900,63442700,19036351,2950,92880000,57820000,19033400,6342500,12690900,6342500,0,0,0,6348400,3370397,3.3704
distribute_parallel_for_collapse_2450_2250_2150,2450,2150,0,4300,48387900,14518951,2150,82800000,42140000,14516800,4837500,9679300,4837500,0,0,0,4841800,2607925,2.6079
distribute_parallel_for_collapse_2450_2250_2250,2450,2250,0,4500,50638500,15194251,2250,84600000,44100000,15192000,5062500,10129500,5062500,0,0,0,5067000,2689671,2.6897
distribute_parallel_for_collapse_2450_2250_2350,2450,2350,0,4700,52889100,15869551,2350,86400000,46060000,15867200,5287500,10579700,5287500,0,0,0,5292200,2771051,2.7711
distribute_parallel_for_collapse_2450_2250_2450,2450,2450,0,4900,55139700,16544851,2450,88200000,48020000,16542400,5512500,11029900,5512500,0,0,0,5517400,2898859,2.8989
distribute_parallel_for_collapse_2450_2250_2550,2450,2550,0,5100,57390300,17220151,2550,90000000,49980000,17217600,5737500,11480100,5737500,0,0,0,5742600,3014541,3.0145
distribute_parallel_for_collapse_2450_2250_2650,2450,2650,0,5300,59640900,17895451,2650,91800000,51940000,17892800,5962500,11930300,5962500,0,0,0,5967800,3125300,3.1253
distribute_parallel_for_collapse_2450_2250_2750,2450,2750,0,5500,61891500,18570751,2750,93600000,53900000,18568000,6187500,12380500,6187500,0,0,0,6193000,3247857,3.2479
distribute_parallel_for_collapse_2450_2250_2850,2450,2850,0,5700,64142100,19246051,2850,95400000,55860000,19243200,6412500,12830700,6412500,0,0,0,6418200,3361724,3.3617
distribute_parallel_for_collapse_2450_2250_2950,2450,2950,0,5900,66392700,19921351,2950,97200000,57820000,19918400,6637500,13280900,6637500,0,0,0,6643400,3574803,3.5748
distribute_parallel_for_collapse_2450_2350_2150,2450,2150,0,4300,50537900,15163951,2150,86480000,42140000,15161800,5052500,10109300,5052500,0,0,0,5056800,2653501,2.6535
distribute_parallel_for_collapse_2450_2350_2250,2450,2250,0,4500,52888500,15869251,2250,88360000,44100000,15867000,5287500,10579500,5287500,0,0,0,5292000,2776600,2.7766
distribute_parallel_for_collapse_2450_2350_2350,2450,2350,0,4700,55239100,16574551,2350,90240000,46060000,16572200,5522500,11049700,5522500,0,0,0,5527200,2901786,2.9018
distribute_parallel_for_collapse_2450_2350_2450,2450,2450,0,4900,57589700,17279851,2450,92120000,48020000,17277400,5757500,11519900,5757500,0,0,0,5762400,3021229,3.0212
distribute_parallel_for_collapse_2450_2350_2550,2450,2550,0,5100,59940300,17985151,2550,94000000,49980000,17982600,5992500,11990100,5992500,0,0,0,5997600,3137214,3.1372
distribute_parallel_for_collapse_2450_2350_2650,2450,2650,0,5300,62290900,18690451,2650,95880000,51940000,18687800,6227500,12460300,6227500,0,0,0,6232800,3282556,3.2826
distribute_parallel_for_collapse_2450_2350_2750,2450,2750,0,5500,64641500,19395751,2750,97760000,53900000,19393000,6462500,12930500,6462500,0,0,0,6468000,3395708,3.3957
distribute_parallel_for_collapse_2450_2350_2850,2450,2850,0,5700,66992100,20101051,2850,99640000,55860000,20098200,6697500,13400700,6697500,0,0,0,6703200,3518398,3.5184
distribute_parallel_for_collapse_2450_2350_2950,2450,2950,0,5900,69342700,20806351,2950,101520000,57820000,20803400,6932500,13870900,6932500,0,0,0,6938400,3630661,3.6307
distribute_parallel_for_collapse_2450_2450_2150,2450,2150,0,4300,52687900,15808951,2150,90160000,42140000,15806800,5267500,10539300,5267500,0,0,0,5271800,2763369,2.7634
distribute_parallel_for_collapse_2450_2450_2250,2450,2250,0,4500,55138500,16544251,2250,92120000,44100000,16542000,5512500,11029500,5512500,0,0,0,5517000,2891952,2.8920
distribute_parallel_for_collapse_2450_2450_2350,2450,2350,0,4700,57589100,17279551,2350,94080000,46060000,17277200,5757500,11519700,5757500,0,0,0,5762200,3020150,3.0202
distribute_parallel_for_collapse_2450_2450_2450,2450,2450,0,4900,60039700,18014851,2450,96040000,48020000,18012400,6002500,12009900,6002500,0,0,0,6007400,3166012,3.1660
distribute_parallel_for_collapse_2450_2450_2550,2450,2550,0,5100,62490300,18750151,2550,98000000,49980000,18747600,6247500,12500100,6247500,0,0,0,6252600,3270981,3.2710
distribute_parallel_for_collapse_2450_2450_2650,2450,2650,0,5300,64940900,19485451,2650,99960000,51940000,19482800,6492500,12990300,6492500,0,0,0,6497800,3413021,3.4130
distribute_parallel_for_collapse_2450_2450_2750,2450,2750,0,5500,67391500,20220751,2750,101920000,53900000,20218000,6737500,13480500,6737500,0,0,0,6743000,3572063,3.5721
distribute_parallel_for_collapse_2450_2450_2850,2450,2850,0,5700,69842100,20956051,2850,103880000,55860000,20953200,6982500,13970700,6982500,0,0,0,6988200,3659789,3.6598
distribute_parallel_for_collapse_2450_2450_2950,2450,2950,0,5900,72292700,21691351,2950,105840000,57820000,21688400,7227500,14460900,7227500,0,0,0,7233400,3792322,3.7923
distribute_parallel_for_collapse_2450_2550_2150,2450,2150,0,4300,54837900,16453951,2150,93840000,42140000,16451800,5482500,10969300,5482500,0,0,0,5486800,2876901,2.8769
distribute_parallel_for_collapse_2450_2550_2250,2450,2250,0,4500,57388500,17219251,2250,95880000,44100000,17217000,5737500,11479500,5737500,0,0,0,5742000,3015164,3.0152
distribute_parallel_for_collapse_2450_2550_2350,2450,2350,0,4700,59939100,17984551,2350,97920000,46060000,17982200,5992500,11989700,5992500,0,0,0,5997200,3144986,3.1450
distribute_parallel_for_collapse_2450_2550_2450,2450,2450,0,4900,62489700,18749851,2450,99960000,48020000,18747400,6247500,12499900,6247500,0,0,0,6252400,3305367,3.3054
distribute_parallel_for_collapse_2450_2550_2550,2450,2550,0,5100,65040300,19515151,2550,102000000,49980000,19512600,6502500,13010100,6502500,0,0,0,6507600,3426966,3.4270
distribute_parallel_for_collapse_2450_2550_2650,2450,2650,0,5300,67590900,20280451,2650,104040000,51940000,20277800,6757500,13520300,6757500,0,0,0,6762800,3658886,3.6589
distribute_parallel_for_collapse_2450_2550_2750,2450,2750,0,5500,70141500,21045751,2750,106080000,53900000,21043000,7012500,14030500,7012500,0,0,0,7018000,3678758,3.6788
distribute_parallel_for_collapse_2450_2550_2850,2450,2850,0,5700,72692100,21811051,2850,108120000,55860000,21808200,7267500,14540700,7267500,0,0,0,7273200,3809475,3.8095
distribute_parallel_for_collapse_2450_2550_2950,2450,2950,0,5900,75242700,22576351,2950,110160000,57820000,22573400,7522500,15050900,7522500,0,0,0,7528400,3945947,3.9459
distribute_parallel_for_collapse_2450_2650_2150,2450,2150,0,4300,56987900,17098951,2150,97520000,42140000,17096800,5697500,11399300,5697500,0,0,0,5701800,2988967,2.9890
distribute_parallel_for_collapse_2450_2650_2250,2450,2250,0,4500,59638500,17894251,2250,99640000,44100000,17892000,5962500,11929500,5962500,0,0,0,5967000,3150457,3.1505
distribute_parallel_for_collapse_2450_2650_2350,2450,2350,0,4700,62289100,18689551,2350,101760000,46060000,18687200,6227500,12459700,6227500,0,0,0,6232200,3272119,3.2721
distribute_parallel_for_collapse_2450_2650_2450,2450,2450,0,4900,64939700,19484851,2450,103880000,48020000,19482400,6492500,12989900,6492500,0,0,0,6497400,3415777,3.4158
distribute_parallel_for_collapse_2450_2650_2550,2450,2550,0,5100,67590300,20280151,2550,106000000,49980000,20277600,6757500,13520100,6757500,0,0,0,6762600,3670541,3.6705
distribute_parallel_for_collapse_2450_2650_2650,2450,2650,0,5300,70240900,21075451,2650,108120000,51940000,21072800,7022500,14050300,7022500,0,0,0,7027800,3691798,3.6918
distribute_parallel_for_collapse_2450_2650_2750,2450,2750,0,5500,72891500,21870751,2750,110240000,53900000,21868000,7287500,14580500,7287500,0,0,0,7293000,3833265,3.8333
distribute_parallel_for_collapse_2450_2650_2850,2450,2850,0,5700,75542100,22666051,2850,112360000,55860000,22663200,7552500,15110700,7552500,0,0,0,7558200,3972342,3.9723
distribute_parallel_for_collapse_2450_2650_2950,2450,2950,0,5900,78192700,23461351,2950,114480000,57820000,23458400,7817500,15640900,7817500,0,0,0,7823400,4087886,4.0879
distribute_parallel_for_collapse_2450_2750_2150,2450,2150,0,4300,59137900,17743951,2150,101200000,42140000,17741800,5912500,11829300,5912500,0,0,0,5916800,3104888,3.1049
distribute_parallel_for_collapse_2450_2750_2250,2450,2250,0,4500,61888500,18569251,2250,103400000,44100000,18567000,6187500,12379500,6187500,0,0,0,6192000,3278709,3.2787
distribute_parallel_for_collapse_2450_2750_2350,2450,2350,0,4700,64639100,19394551,2350,105600000,46060000,19392200,6462500,12929700,6462500,0,0,0,6467200,3398117,3.3981
distribute_parallel_for_collapse_2450_2750_2450,2450,2450,0,4900,67389700,20219851,2450,107800000,48020000,20217400,6737500,13479900,6737500,0,0,0,6742400,3557417,3.5574
distribute_parallel_for_collapse_2450_2750_2550,2450,2550,0,5100,70140300,21045151,2550,110000000,49980000,21042600,7012500,14030100,7012500,0,0,0,7017600,3693505,3.6935
distribute_parallel_for_collapse_2450_2750_2650,2450,2650,0,5300,72890900,21870451,2650,112200000,51940000,21867800,7287500,14580300,7287500,0,0,0,7292800,3836942,3.8369
distribute_parallel_for_collapse_2450_2750_2750,2450,2750,0,5500,75641500,22695751,2750,114400000,53900000,22693000,7562500,15130500,7562500,0,0,0,7568000,3966326,3.9663
distribute_parallel_for_collapse_2450_2750_2850,2450,2850,0,5700,78392100,23521051,2850,116600000,55860000,23518200,7837500,15680700,7837500,0,0,0,7843200,4105318,4.1053
distribute_parallel_for_collapse_2450_2750_2950,2450,2950,0,5900,81142700,24346351,2950,118800000,57820000,24343400,8112500,16230900,8112500,0,0,0,8118400,4253917,4.2539
distribute_parallel_for_collapse_2450_2850_2150,2450,2150,0,4300,61287900,18388951,2150,104880000,42140000,18386800,6127500,12259300,6127500,0,0,0,6131800,3218198,3.2182
distribute_parallel_for_collapse_2450_2850_2250,2450,2250,0,4500,64138500,19244251,2250,107160000,44100000,19242000,6412500,12829500,6412500,0,0,0,6417000,3396721,3.3967
distribute_parallel_for_collapse_2450_2850_2350,2450,2350,0,4700,66989100,20099551,2350,109440000,46060000,20097200,6697500,13399700,6697500,0,0,0,6702200,3515038,3.5150
distribute_parallel_for_collapse_2450_2850_2450,2450,2450,0,4900,69839700,20954851,2450,111720000,48020000,20952400,6982500,13969900,6982500,0,0,0,6987400,3668873,3.6689
distribute_parallel_for_collapse_2450_2850_2550,2450,2550,0,5100,72690300,21810151,2550,114000000,49980000,21807600,7267500,14540100,7267500,0,0,0,7272600,3806317,3.8063
distribute_parallel_for_collapse_2450_2850_2650,2450,2650,0,5300,75540900,22665451,2650,116280000,51940000,22662800,7552500,15110300,7552500,0,0,0,7557800,3961783,3.9618
distribute_parallel_for_collapse_2450_2850_2750,2450,2750,0,5500,78391500,23520751,2750,118560000,53900000,23518000,7837500,15680500,7837500,0,0,0,7843000,4110243,4.1102
distribute_parallel_for_collapse_2450_2850_2850,2450,2850,0,5700,81242100,24376051,2850,120840000,55860000,24373200,8122500,16250700,8122500,0,0,0,8128200,4261536,4.2615
distribute_parallel_for_collapse_2450_2850_2950,2450,2950,0,5900,84092700,25231351,2950,123120000,57820000,25228400,8407500,16820900,8407500,0,0,0,8413400,4454112,4.4541
distribute_parallel_for_collapse_2450_2950_2150,2450,2150,0,4300,63437900,19033951,2150,108560000,42140000,19031800,6342500,12689300,6342500,0,0,0,6346800,3330105,3.3301
distribute_parallel_for_collapse_2450_2950_2250,2450,2250,0,4500,66388500,19919251,2250,110920000,44100000,19917000,6637500,13279500,6637500,0,0,0,6642000,3488163,3.4882
distribute_parallel_for_collapse_2450_2950_2350,2450,2350,0,4700,69339100,20804551,2350,113280000,46060000,20802200,6932500,13869700,6932500,0,0,0,6937200,3636895,3.6369
distribute_parallel_for_collapse_2450_2950_2450,2450,2450,0,4900,72289700,21689851,2450,115640000,48020000,21687400,7227500,14459900,7227500,0,0,0,7232400,3795153,3.7952
distribute_parallel_for_collapse_2450_2950_2550,2450,2550,0,5100,75240300,22575151,2550,118000000,49980000,22572600,7522500,15050100,7522500,0,0,0,7527600,3944771,3.9448
distribute_parallel_for_collapse_2450_2950_2650,2450,2650,0,5300,78190900,23460451,2650,120360000,51940000,23457800,7817500,15640300,7817500,0,0,0,7822800,4101453,4.1015
distribute_parallel_for_collapse_2450_2950_2750,2450,2750,0,5500,81141500,24345751,2750,122720000,53900000,24343000,8112500,16230500,8112500,0,0,0,8118000,4254181,4.2542
distribute_parallel_for_collapse_2500_1000_1000,2500,1000,0,2000,10006000,3003001,1000,28000000,20000000,3002000,1000000,2002000,1000000,0,0,0,1002000,516411,0.5164
distribute_parallel_for_collapse_2500_1000_1500,2500,1500,0,3000,15009000,4504501,1500,32000000,30000000,4503000,1500000,3003000,1500000,0,0,0,1503000,780926,0.7809
distribute_parallel_for_collapse_2500_1000_2000,2500,2000,0,4000,20012000,6006001,2000,36000000,40000000,6004000,2000000,4004000,2000000,0,0,0,2004000,1003212,1.0032
distribute_parallel_for_collapse_2500_1000_2500,2500,2500,0,5000,25015000,7507501,2500,40000000,50000000,7505000,2500000,5005000,2500000,0,0,0,2505000,1296715,1.2967
distribute_parallel_for_collapse_2500_1000_3000,2500,3000,0,6000,30018000,9009001,3000,44000000,60000000,9006000,3000000,6006000,3000000,0,0,0,3006000,1534952,1.5350
distribute_parallel_for_collapse_2500_1000_3500,2500,3500,0,7000,35021000,10510501,3500,48000000,70000000,10507000,3500000,7007000,3500000,0,0,0,3507000,1813735,1.8137
distribute_parallel_for_collapse_2500_1000_4000,2500,4000,0,8000,40024000,12012001,4000,52000000,80000000,12008000,4000000,8008000,4000000,0,0,0,4008000,2005013,2.0050
distribute_parallel_for_collapse_2500_1500_1000,2500,1000,0,2000,15006000,4503001,1000,42000000,20000000,4502000,1500000,3002000,1500000,0,0,0,1502000,769636,0.7696
distribute_parallel_for_collapse_2500_1500_1500,2500,1500,0,3000,22509000,6754501,1500,48000000,30000000,6753000,2250000,4503000,2250000,0,0,0,2253000,1165082,1.1651
distribute_parallel_for_collapse_2500_1500_2000,2500,2000,0,4000,30012000,9006001,2000,54000000,40000000,9004000,3000000,6004000,3000000,0,0,0,3004000,1494290,1.4943
distribute_parallel_for_collapse_2500_1500_2500,2500,2500,0,5000,37515000,11257501,2500,60000000,50000000,11255000,3750000,7505000,3750000,0,0,0,3755000,1939611,1.9396
distribute_parallel_for_collapse_2500_1500_3000,2500,3000,0,6000,45018000,13509001,3000,66000000,60000000,13506000,4500000,9006000,4500000,0,0,0,4506000,2290067,2.2901
distribute_parallel_for_collapse_2500_1500_3500,2500,3500,0,7000,52521000,15760501,3500,72000000,70000000,15757000,5250000,10507000,5250000,0,0,0,5257000,2701592,2.7016
distribute_parallel_for_collapse_2500_1500_4000,2500,4000,0,8000,60024000,18012001,4000,78000000,80000000,18008000,6000000,12008000,6000000,0,0,0,6008000,2969943,2.9699
distribute_parallel_for_collapse_2500_2000_1000,2500,1000,0,2000,20006000,6003001,1000,56000000,20000000,6002000,2000000,4002000,2000000,0,0,0,2002000,1027118,1.0271
distribute_parallel_for_collapse_2500_2000_2000,2500,2000,0,4000,40012000,12006001,2000,72000000,40000000,12004000,4000000,8004000,4000000,0,0,0,4004000,2048911,2.0489
distribute_parallel_for_collapse_2500_2000_2500,2500,2500,0,5000,50015000,15007501,2500,80000000,50000000,15005000,5000000,10005000,5000000,0,0,0,5005000,2638526,2.6385
distribute_parallel_for_collapse_2500_2000_3000,2500,3000,0,6000,60018000,18009001,3000,88000000,60000000,18006000,6000000,12006000,6000000,0,0,0,6006000,3092195,3.0922
distribute_parallel_for_collapse_2500_2000_3500,2500,3500,0,7000,70021000,21010501,3500,96000000,70000000,21007000,7000000,14007000,7000000,0,0,0,7007000,3632829,3.6328
distribute_parallel_for_collapse_2500_2000_4000,2500,4000,0,8000,80024000,24012001,4000,104000000,80000000,24008000,8000000,16008000,8000000,0,0,0,8008000,3993810,3.9938
distribute_parallel_for_collapse_2500_2500_1000,2500,1000,0,2000,25006000,7503001,1000,70000000,20000000,7502000,2500000,5002000,2500000,0,0,0,2502000,1291236,1.2912
distribute_parallel_for_collapse_2500_2500_1500,2500,1500,0,3000,37509000,11254501,1500,80000000,30000000,11253000,3750000,7503000,3750000,0,0,0,3753000,1953153,1.9532
distribute_parallel_for_collapse_2500_2500_2000,2500,2000,0,4000,50012000,15006001,2000,90000000,40000000,15004000,5000000,10004000,5000000,0,0,0,5004000,2504450,2.5044
distribute_parallel_for_collapse_2500_2500_2500,2500,2500,0,5000,62515000,18757501,2500,100000000,50000000,18755000,6250000,12505000,6250000,0,0,0,6255000,3242386,3.2424
distribute_parallel_for_collapse_2500_2500_3000,2500,3000,0,6000,75018000,22509001,3000,110000000,60000000,22506000,7500000,15006000,7500000,0,0,0,7506000,3988002,3.9880
distribute_parallel_for_collapse_2500_2500_3500,2500,3500,0,7000,87521000,26260501,3500,120000000,70000000,26257000,8750000,17507000,8750000,0,0,0,8757000,4532707,4.5327
distribute_parallel_for_collapse_2500_2500_4000,2500,4000,0,8000,100024000,30012001,4000,130000000,80000000,30008000,10000000,20008000,10000000,0,0,0,10008000,5005529,5.0055
distribute_parallel_for_collapse_2500_3000_1000,2500,1000,0,2000,30006000,9003001,1000,84000000,20000000,9002000,3000000,6002000,3000000,0,0,0,3002000,1548331,1.5483
distribute_parallel_for_collapse_2500_3000_1500,2500,1500,0,3000,45009000,13504501,1500,96000000,30000000,13503000,4500000,9003000,4500000,0,0,0,4503000,2346148,2.3461
distribute_parallel_for_collapse_2500_3000_2000,2500,2000,0,4000,60012000,18006001,2000,108000000,40000000,18004000,6000000,12004000,6000000,0,0,0,6004000,3007481,3.0075
distribute_parallel_for_collapse_2500_3000_2500,2500,2500,0,5000,75015000,22507501,2500,120000000,50000000,22505000,7500000,15005000,7500000,0,0,0,7505000,3894270,3.8943
distribute_parallel_for_collapse_2500_3000_3000,2500,3000,0,6000,90018000,27009001,3000,132000000,60000000,27006000,9000000,18006000,9000000,0,0,0,9006000,4700660,4.7007
distribute_parallel_for_collapse_2500_3000_3500,2500,3500,0,7000,105021000,31510501,3500,144000000,70000000,31507000,10500000,21007000,10500000,0,0,0,10507000,5434566,5.4346
distribute_parallel_for_collapse_2500_3000_4000,2500,4000,0,8000,120024000,36012001,4000,156000000,80000000,36008000,12000000,24008000,12000000,0,0,0,12008000,5979374,5.9794
distribute_parallel_for_collapse_2500_3500_1000,2500,1000,0,2000,35006000,10503001,1000,98000000,20000000,10502000,3500000,7002000,3500000,0,0,0,3502000,1809854,1.8099
distribute_parallel_for_collapse_2500_3500_1500,2500,1500,0,3000,52509000,15754501,1500,112000000,30000000,15753000,5250000,10503000,5250000,0,0,0,5253000,2736190,2.7362
distribute_parallel_for_collapse_2500_3500_2000,2500,2000,0,4000,70012000,21006001,2000,126000000,40000000,21004000,7000000,14004000,7000000,0,0,0,7004000,3506716,3.5067
distribute_parallel_for_collapse_2500_3500_2500,2500,2500,0,5000,87515000,26257501,2500,140000000,50000000,26255000,8750000,17505000,8750000,0,0,0,8755000,4579858,4.5799
distribute_parallel_for_collapse_2500_3500_3000,2500,3000,0,6000,105018000,31509001,3000,154000000,60000000,31506000,10500000,21006000,10500000,0,0,0,10506000,5378993,5.3790
distribute_parallel_for_collapse_2500_3500_3500,2500,3500,0,7000,122521000,36760501,3500,168000000,70000000,36757000,12250000,24507000,12250000,0,0,0,12257000,6354709,6.3547
distribute_parallel_for_collapse_2500_3500_4000,2500,4000,0,8000,140024000,42012001,4000,182000000,80000000,42008000,14000000,28008000,14000000,0,0,0,14008000,7005554,7.0056
distribute_parallel_for_collapse_2500_4000_1000,2500,1000,0,2000,40006000,12003001,1000,112000000,20000000,12002000,4000000,8002000,4000000,0,0,0,4002000,2078698,2.0787
distribute_parallel_for_collapse_2500_4000_1500,2500,1500,0,3000,60009000,18004501,1500,128000000,30000000,18003000,6000000,12003000,6000000,0,0,0,6003000,3178862,3.1789
distribute_parallel_for_collapse_2500_4000_2000,2500,2000,0,4000,80012000,24006001,2000,144000000,40000000,24004000,8000000,16004000,8000000,0,0,0,8004000,4005650,4.0057
distribute_parallel_for_collapse_2500_4000_2500,2500,2500,0,5000,100015000,30007501,2500,160000000,50000000,30005000,10000000,20005000,10000000,0,0,0,10005000,5195139,5.1951
distribute_parallel_for_collapse_2500_4000_3000,2500,3000,0,6000,120018000,36009001,3000,176000000,60000000,36006000,12000000,24006000,12000000,0,0,0,12006000,6148628,6.1486
distribute_parallel_for_collapse_2500_4000_3500,2500,3500,0,7000,140021000,42010501,3500,192000000,70000000,42007000,14000000,28007000,14000000,0,0,0,14007000,7253123,7.2531
distribute_parallel_for_collapse_2500_4000_4000,2500,4000,0,8000,160024000,48012001,4000,208000000,80000000,48008000,16000000,32008000,16000000,0,0,0,16008000,8019215,8.0192
distribute_parallel_for_collapse_2700_1200_1200,2700,1200,0,2400,14407200,4323601,1200,37440000,25920000,4322400,1440000,2882400,1440000,0,0,0,1442400,800127,0.8001
distribute_parallel_for_collapse_2700_1200_1700,2700,1700,0,3400,20410200,6125101,1700,42240000,36720000,6123400,2040000,4083400,2040000,0,0,0,2043400,1171447,1.1714
distribute_parallel_for_collapse_2700_1200_2200,2700,2200,0,4400,26413200,7926601,2200,47040000,47520000,7924400,2640000,5284400,2640000,0,0,0,2644400,1498594,1.4986
distribute_parallel_for_collapse_2700_1200_2700,2700,2700,0,5400,32416200,9728101,2700,51840000,58320000,9725400,3240000,6485400,3240000,0,0,0,3245400,1851947,1.8519
distribute_parallel_for_collapse_2700_1200_3200,2700,3200,0,6400,38419200,11529601,3200,56640000,69120000,11526400,3840000,7686400,3840000,0,0,0,3846400,2104727,2.1047
distribute_parallel_for_collapse_2700_1200_3700,2700,3700,0,7400,44422200,13331101,3700,61440000,79920000,13327400,4440000,8887400,4440000,0,0,0,4447400,2547618,2.5476
distribute_parallel_for_collapse_2700_1200_4200,2700,4200,0,8400,50425200,15132601,4200,66240000,90720000,15128400,5040000,10088400,5040000,0,0,0,5048400,2862517,2.8625
distribute_parallel_for_collapse_2700_1700_1200,2700,1200,0,2400,20407200,6123601,1200,53040000,25920000,6122400,2040000,4082400,2040000,0,0,0,2042400,1149256,1.1493
distribute_parallel_for_collapse_2700_1700_1700,2700,1700,0,3400,28910200,8675101,1700,59840000,36720000,8673400,2890000,5783400,2890000,0,0,0,2893400,1673244,1.6732
distribute_parallel_for_collapse_2700_1700_2200,2700,2200,0,4400,37413200,11226601,2200,66640000,47520000,11224400,3740000,7484400,3740000,0,0,0,3744400,2115289,2.1153
distribute_parallel_for_collapse_2700_1700_2700,2700,2700,0,5400,45916200,13778101,2700,73440000,58320000,13775400,4590000,9185400,4590000,0,0,0,4595400,2627787,2.6278
distribute_parallel_for_collapse_2700_1700_3200,2700,3200,0,6400,54419200,16329601,3200,80240000,69120000,16326400,5440000,10886400,5440000,0,0,0,5446400,3013820,3.0138
distribute_parallel_for_collapse_2700_1700_3700,2700,3700,0,7400,62922200,18881101,3700,87040000,79920000,18877400,6290000,12587400,6290000,0,0,0,6297400,3667367,3.6674
distribute_parallel_for_collapse_2700_1700_4200,2700,4200,0,8400,71425200,21432601,4200,93840000,90720000,21428400,7140000,14288400,7140000,0,0,0,7148400,4272367,4.2724
distribute_parallel_for_collapse_2700_2200_1200,2700,1200,0,2400,26407200,7923601,1200,68640000,25920000,7922400,2640000,5282400,2640000,0,0,0,2642400,1464294,1.4643
distribute_parallel_for_collapse_2700_2200_1700,2700,1700,0,3400,37410200,11225101,1700,77440000,36720000,11223400,3740000,7483400,3740000,0,0,0,3743400,2145431,2.1454
distribute_parallel_for_collapse_2700_2200_2200,2700,2200,0,4400,48413200,14526601,2200,86240000,47520000,14524400,4840000,9684400,4840000,0,0,0,4844400,2744349,2.7443
distribute_parallel_for_collapse_2700_2200_2700,2700,2700,0,5400,59416200,17828101,2700,95040000,58320000,17825400,5940000,11885400,5940000,0,0,0,5945400,3390896,3.3909
distribute_parallel_for_collapse_2700_2200_3200,2700,3200,0,6400,70419200,21129601,3200,103840000,69120000,21126400,7040000,14086400,7040000,0,0,0,7046400,3866494,3.8665
distribute_parallel_for_collapse_2700_2200_3700,2700,3700,0,7400,81422200,24431101,3700,112640000,79920000,24427400,8140000,16287400,8140000,0,0,0,8147400,4640106,4.6401
distribute_parallel_for_collapse_2700_2200_4200,2700,4200,0,8400,92425200,27732601,4200,121440000,90720000,27728400,9240000,18488400,9240000,0,0,0,9248400,5246517,5.2465
distribute_parallel_for_collapse_2700_2700_1200,2700,1200,0,2400,32407200,9723601,1200,84240000,25920000,9722400,3240000,6482400,3240000,0,0,0,3242400,1790097,1.7901
distribute_parallel_for_collapse_2700_2700_1700,2700,1700,0,3400,45910200,13775101,1700,95040000,36720000,13773400,4590000,9183400,4590000,0,0,0,4593400,2618118,2.6181
distribute_parallel_for_collapse_2700_2700_2200,2700,2200,0,4400,59413200,17826601,2200,105840000,47520000,17824400,5940000,11884400,5940000,0,0,0,5944400,3356147,3.3561
distribute_parallel_for_collapse_2700_2700_2700,2700,2700,0,5400,72916200,21878101,2700,116640000,58320000,21875400,7290000,14585400,7290000,0,0,0,7295400,4211237,4.2112
distribute_parallel_for_collapse_2700_2700_3200,2700,3200,0,6400,86419200,25929601,3200,127440000,69120000,25926400,8640000,17286400,8640000,0,0,0,8646400,4746742,4.7467
distribute_parallel_for_collapse_2700_2700_3700,2700,3700,0,7400,99922200,29981101,3700,138240000,79920000,29977400,9990000,19987400,9990000,0,0,0,9997400,5703615,5.7036
distribute_parallel_for_collapse_2700_2700_4200,2700,4200,0,8400,113425200,34032601,4200,149040000,90720000,34028400,11340000,22688400,11340000,0,0,0,11348400,6524970,6.5250
distribute_parallel_for_collapse_2700_3200_1200,2700,1200,0,2400,38407200,11523601,1200,99840000,25920000,11522400,3840000,7682400,3840000,0,0,0,3842400,2166591,2.1666
distribute_parallel_for_collapse_2700_3200_1700,2700,1700,0,3400,54410200,16325101,1700,112640000,36720000,16323400,5440000,10883400,5440000,0,0,0,5443400,3124852,3.1249
distribute_parallel_for_collapse_2700_3200_2200,2700,2200,0,4400,70413200,21126601,2200,125440000,47520000,21124400,7040000,14084400,7040000,0,0,0,7044400,3979005,3.9790
distribute_parallel_for_collapse_2700_3200_2700,2700,2700,0,5400,86416200,25928101,2700,138240000,58320000,25925400,8640000,17285400,8640000,0,0,0,8645400,4965277,4.9653
distribute_parallel_for_collapse_2700_3200_3200,2700,3200,0,6400,102419200,30729601,3200,151040000,69120000,30726400,10240000,20486400,10240000,0,0,0,10246400,5618672,5.6187
distribute_parallel_for_collapse_2700_3200_3700,2700,3700,0,7400,118422200,35531101,3700,163840000,79920000,35527400,11840000,23687400,11840000,0,0,0,11847400,6759657,6.7597
distribute_parallel_for_collapse_2700_3200_4200,2700,4200,0,8400,134425200,40332601,4200,176640000,90720000,40328400,13440000,26888400,13440000,0,0,0,13448400,7599812,7.5998
distribute_parallel_for_collapse_2700_3700_1200,2700,1200,0,2400,44407200,13323601,1200,115440000,25920000,13322400,4440000,8882400,4440000,0,0,0,4442400,2455347,2.4553
distribute_parallel_for_collapse_2700_3700_1700,2700,1700,0,3400,62910200,18875101,1700,130240000,36720000,18873400,6290000,12583400,6290000,0,0,0,6293400,3608785,3.6088
distribute_parallel_for_collapse_2700_3700_2200,2700,2200,0,4400,81413200,24426601,2200,145040000,47520000,24424400,8140000,16284400,8140000,0,0,0,8144400,4620063,4.6201
distribute_parallel_for_collapse_2700_3700_2700,2700,2700,0,5400,99916200,29978101,2700,159840000,58320000,29975400,9990000,19985400,9990000,0,0,0,9995400,5793357,5.7934
distribute_parallel_for_collapse_2700_3700_3200,2700,3200,0,6400,118419200,35529601,3200,174640000,69120000,35526400,11840000,23686400,11840000,0,0,0,11846400,6537204,6.5372
distribute_parallel_for_collapse_2700_3700_3700,2700,3700,0,7400,136922200,41081101,3700,189440000,79920000,41077400,13690000,27387400,13690000,0,0,0,13697400,7812891,7.8129
distribute_parallel_for_collapse_2700_3700_4200,2700,4200,0,8400,155425200,46632601,4200,204240000,90720000,46628400,15540000,31088400,15540000,0,0,0,15548400,8780852,8.7809
distribute_parallel_for_collapse_2750_1250_1250,2750,1250,0,2500,15632500,4691251,1250,40000000,27500000,4690000,1562500,3127500,1562500,0,0,0,1565000,920309,0.9203
distribute_parallel_for_collapse_2750_1250_1750,2750,1750,0,3500,21885500,6567751,1750,45000000,38500000,6566000,2187500,4378500,2187500,0,0,0,2191000,1288427,1.2884
distribute_parallel_for_collapse_2750_1250_2250,2750,2250,0,4500,28138500,8444251,2250,50000000,49500000,8442000,2812500,5629500,2812500,0,0,0,2817000,1651370,1.6514
distribute_parallel_for_collapse_2750_1250_2750,2750,2750,0,5500,34391500,10320751,2750,55000000,60500000,10318000,3437500,6880500,3437500,0,0,0,3443000,2063962,2.0640
distribute_parallel_for_collapse_2750_1250_3250,2750,3250,0,6500,40644500,12197251,3250,60000000,71500000,12194000,4062500,8131500,4062500,0,0,0,4069000,2382619,2.3826
distribute_parallel_for_collapse_2750_1250_3750,2750,3750,0,7500,46897500,14073751,3750,65000000,82500000,14070000,4687500,9382500,4687500,0,0,0,4695000,2758064,2.7581
distribute_parallel_for_collapse_2750_1250_4250,2750,4250,0,8500,53150500,15950251,4250,70000000,93500000,15946000,5312500,10633500,5312500,0,0,0,5321000,3125526,3.1255
distribute_parallel_for_collapse_2750_1750_1250,2750,1250,0,2500,21882500,6566251,1250,56000000,27500000,6565000,2187500,4377500,2187500,0,0,0,2190000,1281698,1.2817
distribute_parallel_for_collapse_2750_1750_1750,2750,1750,0,3500,30635500,9192751,1750,63000000,38500000,9191000,3062500,6128500,3062500,0,0,0,3066000,1799145,1.7991
distribute_parallel_for_collapse_2750_1750_2250,2750,2250,0,4500,39388500,11819251,2250,70000000,49500000,11817000,3937500,7879500,3937500,0,0,0,3942000,2302282,2.3023
distribute_parallel_for_collapse_2750_1750_2750,2750,2750,0,5500,48141500,14445751,2750,77000000,60500000,14443000,4812500,9630500,4812500,0,0,0,4818000,2810978,2.8110
distribute_parallel_for_collapse_2750_1750_3250,2750,3250,0,6500,56894500,17072251,3250,84000000,71500000,17069000,5687500,11381500,5687500,0,0,0,5694000,3339183,3.3392
distribute_parallel_for_collapse_2750_1750_3750,2750,3750,0,7500,65647500,19698751,3750,91000000,82500000,19695000,6562500,13132500,6562500,0,0,0,6570000,3840528,3.8405
distribute_parallel_for_collapse_2750_1750_4250,2750,4250,0,8500,74400500,22325251,4250,98000000,93500000,22321000,7437500,14883500,7437500,0,0,0,7446000,4480409,4.4804
distribute_parallel_for_collapse_2750_2250_1250,2750,1250,0,2500,28132500,8441251,1250,72000000,27500000,8440000,2812500,5627500,2812500,0,0,0,2815000,1656711,1.6567
distribute_parallel_for_collapse_2750_2250_1750,2750,1750,0,3500,39385500,11817751,1750,81000000,38500000,11816000,3937500,7878500,3937500,0,0,0,3941000,2318287,2.3183
distribute_parallel_for_collapse_2750_2250_2250,2750,2250,0,4500,50638500,15194251,2250,90000000,49500000,15192000,5062500,10129500,5062500,0,0,0,5067000,2965651,2.9657
distribute_parallel_for_collapse_2750_2250_2750,2750,2750,0,5500,61891500,18570751,2750,99000000,60500000,18568000,6187500,12380500,6187500,0,0,0,6193000,3620149,3.6201
distribute_parallel_for_collapse_2750_2250_3250,2750,3250,0,6500,73144500,21947251,3250,108000000,71500000,21944000,7312500,14631500,7312500,0,0,0,7319000,4264039,4.2640
distribute_parallel_for_collapse_2750_2250_3750,2750,3750,0,7500,84397500,25323751,3750,117000000,82500000,25320000,8437500,16882500,8437500,0,0,0,8445000,4959580,4.9596
distribute_parallel_for_collapse_2750_2250_4250,2750,4250,0,8500,95650500,28700251,4250,126000000,93500000,28696000,9562500,19133500,9562500,0,0,0,9571000,5700870,5.7009
distribute_parallel_for_collapse_2750_2750_1250,2750,1250,0,2500,34382500,10316251,1250,88000000,27500000,10315000,3437500,6877500,3437500,0,0,0,3440000,2101888,2.1019
distribute_parallel_for_collapse_2750_2750_1750,2750,1750,0,3500,48135500,14442751,1750,99000000,38500000,14441000,4812500,9628500,4812500,0,0,0,4816000,2822595,2.8226
distribute_parallel_for_collapse_2750_2750_2250,2750,2250,0,4500,61888500,18569251,2250,110000000,49500000,18567000,6187500,12379500,6187500,0,0,0,6192000,3622771,3.6228
distribute_parallel_for_collapse_2750_2750_2750,2750,2750,0,5500,75641500,22695751,2750,121000000,60500000,22693000,7562500,15130500,7562500,0,0,0,7568000,4426630,4.4266
distribute_parallel_for_collapse_2750_2750_3250,2750,3250,0,6500,89394500,26822251,3250,132000000,71500000,26819000,8937500,17881500,8937500,0,0,0,8944000,5213320,5.2133
distribute_parallel_for_collapse_2750_2750_3750,2750,3750,0,7500,103147500,30948751,3750,143000000,82500000,30945000,10312500,20632500,10312500,0,0,0,10320000,6026248,6.0262
distribute_parallel_for_collapse_2750_2750_4250,2750,4250,0,8500,116900500,35075251,4250,154000000,93500000,35071000,11687500,23383500,11687500,0,0,0,11696000,6992266,6.9923
distribute_parallel_for_collapse_2750_3250_1250,2750,1250,0,2500,40632500,12191251,1250,104000000,27500000,12190000,4062500,8127500,4062500,0,0,0,4065000,2424397,2.4244
distribute_parallel_for_collapse_2750_3250_1750,2750,1750,0,3500,56885500,17067751,1750,117000000,38500000,17066000,5687500,11378500,5687500,0,0,0,5691000,3340744,3.3407
distribute_parallel_for_collapse_2750_3250_2250,2750,2250,0,4500,73138500,21944251,2250,130000000,49500000,21942000,7312500,14629500,7312500,0,0,0,7317000,4292140,4.2921
distribute_parallel_for_collapse_2750_3250_2750,2750,2750,0,5500,89391500,26820751,2750,143000000,60500000,26818000,8937500,17880500,8937500,0,0,0,8943000,5386332,5.3863
distribute_parallel_for_collapse_2750_3250_3250,2750,3250,0,6500,105644500,31697251,3250,156000000,71500000,31694000,10562500,21131500,10562500,0,0,0,10569000,6187653,6.1877
distribute_parallel_for_collapse_2750_3250_3750,2750,3750,0,7500,121897500,36573751,3750,169000000,82500000,36570000,12187500,24382500,12187500,0,0,0,12195000,7163933,7.1639
distribute_parallel_for_collapse_2750_3250_4250,2750,4250,0,8500,138150500,41450251,4250,182000000,93500000,41446000,13812500,27633500,13812500,0,0,0,13821000,8081369,8.0814
distribute_parallel_for_collapse_2750_3750_1250,2750,1250,0,2500,46882500,14066251,1250,120000000,27500000,14065000,4687500,9377500,4687500,0,0,0,4690000,2871724,2.8717
distribute_parallel_for_collapse_2750_3750_1750,2750,1750,0,3500,65635500,19692751,1750,135000000,38500000,19691000,6562500,13128500,6562500,0,0,0,6566000,3855181,3.8552
distribute_parallel_for_collapse_2750_3750_2250,2750,2250,0,4500,84388500,25319251,2250,150000000,49500000,25317000,8437500,16879500,8437500,0,0,0,8442000,4943435,4.9434
distribute_parallel_for_collapse_2750_3750_2750,2750,2750,0,5500,103141500,30945751,2750,165000000,60500000,30943000,10312500,20630500,10312500,0,0,0,10318000,6051906,6.0519
distribute_parallel_for_collapse_2750_3750_3250,2750,3250,0,6500,121894500,36572251,3250,180000000,71500000,36569000,12187500,24381500,12187500,0,0,0,12194000,7205038,7.2050
distribute_parallel_for_collapse_2750_3750_3750,2750,3750,0,7500,140647500,42198751,3750,195000000,82500000,42195000,14062500,28132500,14062500,0,0,0,14070000,8211019,8.2110
distribute_parallel_for_collapse_2750_3750_4250,2750,4250,0,8500,159400500,47825251,4250,210000000,93500000,47821000,15937500,31883500,15937500,0,0,0,15946000,9451235,9.4512
distribute_parallel_for_collapse_2750_4250_1250,2750,1250,0,2500,53132500,15941251,1250,136000000,27500000,15940000,5312500,10627500,5312500,0,0,0,5315000,3136888,3.1369
distribute_parallel_for_collapse_2750_4250_1750,2750,1750,0,3500,74385500,22317751,1750,153000000,38500000,22316000,7437500,14878500,7437500,0,0,0,7441000,4374671,4.3747
distribute_parallel_for_collapse_2750_4250_2250,2750,2250,0,4500,95638500,28694251,2250,170000000,49500000,28692000,9562500,19129500,9562500,0,0,0,9567000,5612759,5.6128
distribute_parallel_for_collapse_2750_4250_2750,2750,2750,0,5500,116891500,35070751,2750,187000000,60500000,35068000,11687500,23380500,11687500,0,0,0,11693000,6842357,6.8424
distribute_parallel_for_collapse_2750_4250_3250,2750,3250,0,6500,138144500,41447251,3250,204000000,71500000,41444000,13812500,27631500,13812500,0,0,0,13819000,8072007,8.0720
distribute_parallel_for_collapse_2750_4250_3750,2750,3750,0,7500,159397500,47823751,3750,221000000,82500000,47820000,15937500,31882500,15937500,0,0,0,15945000,9332228,9.3322
distribute_parallel_for_collapse_2750_4250_4250,2750,4250,0,8500,180650500,54200251,4250,238000000,93500000,54196000,18062500,36133500,18062500,0,0,0,18071000,10577543,10.5775
distribute_parallel_for_collapse_2900_1400_1400,2900,1400,0,2800,19608400,5884201,1400,48160000,32480000,5882800,1960000,3922800,1960000,0,0,0,1962800,1181942,1.1819
distribute_parallel_for_collapse_2900_1400_1900,2900,1900,0,3800,26611400,7985701,1900,53760000,44080000,7983800,2660000,5323800,2660000,0,0,0,2663800,1612258,1.6123
distribute_parallel_for_collapse_2900_1400_2400,2900,2400,0,4800,33614400,10087201,2400,59360000,55680000,10084800,3360000,6724800,3360000,0,0,0,3364800,1952765,1.9528
distribute_parallel_for_collapse_2900_1400_2900,2900,2900,0,5800,40617400,12188701,2900,64960000,67280000,12185800,4060000,8125800,4060000,0,0,0,4065800,2450340,2.4503
distribute_parallel_for_collapse_2900_1400_3400,2900,3400,0,6800,47620400,14290201,3400,70560000,78880000,14286800,4760000,9526800,4760000,0,0,0,4766800,2832425,2.8324
distribute_parallel_for_collapse_2900_1400_3900,2900,3900,0,7800,54623400,16391701,3900,76160000,90480000,16387800,5460000,10927800,5460000,0,0,0,5467800,3319384,3.3194
distribute_parallel_for_collapse_2900_1400_900,2900,900,0,1800,12605400,3782701,900,42560000,20880000,3781800,1260000,2521800,1260000,0,0,0,1261800,770399,0.7704
distribute_parallel_for_collapse_2900_1900_1400,2900,1400,0,2800,26608400,7984201,1400,65360000,32480000,7982800,2660000,5322800,2660000,0,0,0,2662800,1686451,1.6865
distribute_parallel_for_collapse_2900_1900_1900,2900,1900,0,3800,36111400,10835701,1900,72960000,44080000,10833800,3610000,7223800,3610000,0,0,0,3613800,2225918,2.2259
distribute_parallel_for_collapse_2900_1900_2400,2900,2400,0,4800,45614400,13687201,2400,80560000,55680000,13684800,4560000,9124800,4560000,0,0,0,4564800,2690208,2.6902
distribute_parallel_for_collapse_2900_1900_2900,2900,2900,0,5800,55117400,16538701,2900,88160000,67280000,16535800,5510000,11025800,5510000,0,0,0,5515800,3330507,3.3305
distribute_parallel_for_collapse_2900_1900_3400,2900,3400,0,6800,64620400,19390201,3400,95760000,78880000,19386800,6460000,12926800,6460000,0,0,0,6466800,3832664,3.8327
distribute_parallel_for_collapse_2900_1900_3900,2900,3900,0,7800,74123400,22241701,3900,103360000,90480000,22237800,7410000,14827800,7410000,0,0,0,7417800,4499209,4.4992
distribute_parallel_for_collapse_2900_1900_900,2900,900,0,1800,17105400,5132701,900,57760000,20880000,5131800,1710000,3421800,1710000,0,0,0,1711800,1069953,1.0700
distribute_parallel_for_collapse_2900_2400_1400,2900,1400,0,2800,33608400,10084201,1400,82560000,32480000,10082800,3360000,6722800,3360000,0,0,0,3362800,2049877,2.0499
distribute_parallel_for_collapse_2900_2400_1900,2900,1900,0,3800,45611400,13685701,1900,92160000,44080000,13683800,4560000,9123800,4560000,0,0,0,4563800,2750527,2.7505
distribute_parallel_for_collapse_2900_2400_2400,2900,2400,0,4800,57614400,17287201,2400,101760000,55680000,17284800,5760000,11524800,5760000,0,0,0,5764800,3386936,3.3869
distribute_parallel_for_collapse_2900_2400_2900,2900,2900,0,5800,69617400,20888701,2900,111360000,67280000,20885800,6960000,13925800,6960000,0,0,0,6965800,4179727,4.1797
distribute_parallel_for_collapse_2900_2400_3400,2900,3400,0,6800,81620400,24490201,3400,120960000,78880000,24486800,8160000,16326800,8160000,0,0,0,8166800,4848539,4.8485
distribute_parallel_for_collapse_2900_2400_3900,2900,3900,0,7800,93623400,28091701,3900,130560000,90480000,28087800,9360000,18727800,9360000,0,0,0,9367800,5611317,5.6113
distribute_parallel_for_collapse_2900_2400_900,2900,900,0,1800,21605400,6482701,900,72960000,20880000,6481800,2160000,4321800,2160000,0,0,0,2161800,1324345,1.3243
distribute_parallel_for_collapse_2900_2900_1400,2900,1400,0,2800,40608400,12184201,1400,99760000,32480000,12182800,4060000,8122800,4060000,0,0,0,4062800,2426496,2.4265
distribute_parallel_for_collapse_2900_2900_1900,2900,1900,0,3800,55111400,16535701,1900,111360000,44080000,16533800,5510000,11023800,5510000,0,0,0,5513800,3324417,3.3244
distribute_parallel_for_collapse_2900_2900_2400,2900,2400,0,4800,69614400,20887201,2400,122960000,55680000,20884800,6960000,13924800,6960000,0,0,0,6964800,4067113,4.0671
distribute_parallel_for_collapse_2900_2900_2900,2900,2900,0,5800,84117400,25238701,2900,134560000,67280000,25235800,8410000,16825800,8410000,0,0,0,8415800,5086746,5.0867
distribute_parallel_for_collapse_2900_2900_3400,2900,3400,0,6800,98620400,29590201,3400,146160000,78880000,29586800,9860000,19726800,9860000,0,0,0,9866800,5847090,5.8471
distribute_parallel_for_collapse_2900_2900_3900,2900,3900,0,7800,113123400,33941701,3900,157760000,90480000,33937800,11310000,22627800,11310000,0,0,0,11317800,6782024,6.7820
distribute_parallel_for_collapse_2900_2900_900,2900,900,0,1800,26105400,7832701,900,88160000,20880000,7831800,2610000,5221800,2610000,0,0,0,2611800,1592728,1.5927
distribute_parallel_for_collapse_2900_3400_1400,2900,1400,0,2800,47608400,14284201,1400,116960000,32480000,14282800,4760000,9522800,4760000,0,0,0,4762800,2882750,2.8828
distribute_parallel_for_collapse_2900_3400_1900,2900,1900,0,3800,64611400,19385701,1900,130560000,44080000,19383800,6460000,12923800,6460000,0,0,0,6463800,3940457,3.9405
distribute_parallel_for_collapse_2900_3400_2400,2900,2400,0,4800,81614400,24487201,2400,144160000,55680000,24484800,8160000,16324800,8160000,0,0,0,8164800,4718850,4.7188
distribute_parallel_for_collapse_2900_3400_2900,2900,2900,0,5800,98617400,29588701,2900,157760000,67280000,29585800,9860000,19725800,9860000,0,0,0,9865800,5955045,5.9550
distribute_parallel_for_collapse_2900_3400_3400,2900,3400,0,6800,115620400,34690201,3400,171360000,78880000,34686800,11560000,23126800,11560000,0,0,0,11566800,6864285,6.8643
distribute_parallel_for_collapse_2900_3400_3900,2900,3900,0,7800,132623400,39791701,3900,184960000,90480000,39787800,13260000,26527800,13260000,0,0,0,13267800,7967888,7.9679
distribute_parallel_for_collapse_2900_3400_900,2900,900,0,1800,30605400,9182701,900,103360000,20880000,9181800,3060000,6121800,3060000,0,0,0,3061800,1863009,1.8630
distribute_parallel_for_collapse_2900_3900_1400,2900,1400,0,2800,54608400,16384201,1400,134160000,32480000,16382800,5460000,10922800,5460000,0,0,0,5462800,3264857,3.2649
distribute_parallel_for_collapse_2900_3900_1900,2900,1900,0,3800,74111400,22235701,1900,149760000,44080000,22233800,7410000,14823800,7410000,0,0,0,7413800,4561186,4.5612
distribute_parallel_for_collapse_2900_3900_2400,2900,2400,0,4800,93614400,28087201,2400,165360000,55680000,28084800,9360000,18724800,9360000,0,0,0,9364800,5415214,5.4152
distribute_parallel_for_collapse_2900_3900_2900,2900,2900,0,5800,113117400,33938701,2900,180960000,67280000,33935800,11310000,22625800,11310000,0,0,0,11315800,6846326,6.8463
distribute_parallel_for_collapse_2900_3900_3400,2900,3400,0,6800,132620400,39790201,3400,196560000,78880000,39786800,13260000,26526800,13260000,0,0,0,13266800,7853758,7.8538
distribute_parallel_for_collapse_2900_3900_3900,2900,3900,0,7800,152123400,45641701,3900,212160000,90480000,45637800,15210000,30427800,15210000,0,0,0,15217800,9227280,9.2273
distribute_parallel_for_collapse_2900_3900_900,2900,900,0,1800,35105400,10532701,900,118560000,20880000,10531800,3510000,7021800,3510000,0,0,0,3511800,2136770,2.1368
distribute_parallel_for_collapse_2900_900_1400,2900,1400,0,2800,12608400,3784201,1400,30960000,32480000,3782800,1260000,2522800,1260000,0,0,0,1262800,759650,0.7597
distribute_parallel_for_collapse_2900_900_1900,2900,1900,0,3800,17111400,5135701,1900,34560000,44080000,5133800,1710000,3423800,1710000,0,0,0,1713800,1044429,1.0444
distribute_parallel_for_collapse_2900_900_2400,2900,2400,0,4800,21614400,6487201,2400,38160000,55680000,6484800,2160000,4324800,2160000,0,0,0,2164800,1267155,1.2672
distribute_parallel_for_collapse_2900_900_2900,2900,2900,0,5800,26117400,7838701,2900,41760000,67280000,7835800,2610000,5225800,2610000,0,0,0,2615800,1588015,1.5880
distribute_parallel_for_collapse_2900_900_3400,2900,3400,0,6800,30620400,9190201,3400,45360000,78880000,9186800,3060000,6126800,3060000,0,0,0,3066800,1842343,1.8423
distribute_parallel_for_collapse_2900_900_3900,2900,3900,0,7800,35123400,10541701,3900,48960000,90480000,10537800,3510000,7027800,3510000,0,0,0,3517800,2128254,2.1283
distribute_parallel_for_collapse_2900_900_900,2900,900,0,1800,8105400,2432701,900,27360000,20880000,2431800,810000,1621800,810000,0,0,0,811800,499722,0.4997
distribute_parallel_for_collapse_3000_1000_1000,3000,1000,0,2000,10006000,3003001,1000,32000000,24000000,3002000,1000000,2002000,1000000,0,0,0,1002000,626676,0.6267
distribute_parallel_for_collapse_3000_1000_1500,3000,1500,0,3000,15009000,4504501,1500,36000000,36000000,4503000,1500000,3003000,1500000,0,0,0,1503000,950037,0.9500
distribute_parallel_for_collapse_3000_1000_2000,3000,2000,0,4000,20012000,6006001,2000,40000000,48000000,6004000,2000000,4004000,2000000,0,0,0,2004000,1209117,1.2091
distribute_parallel_for_collapse_3000_1000_2500,3000,2500,0,5000,25015000,7507501,2500,44000000,60000000,7505000,2500000,5005000,2500000,0,0,0,2505000,1566976,1.5670
distribute_parallel_for_collapse_3000_1000_3000,3000,3000,0,6000,30018000,9009001,3000,48000000,72000000,9006000,3000000,6006000,3000000,0,0,0,3006000,1858908,1.8589
distribute_parallel_for_collapse_3000_1000_3500,3000,3500,0,7000,35021000,10510501,3500,52000000,84000000,10507000,3500000,7007000,3500000,0,0,0,3507000,2203390,2.2034
distribute_parallel_for_collapse_3000_1000_4000,3000,4000,0,8000,40024000,12012001,4000,56000000,96000000,12008000,4000000,8008000,4000000,0,0,0,4008000,2414376,2.4144
distribute_parallel_for_collapse_3000_1500_1000,3000,1000,0,2000,15006000,4503001,1000,48000000,24000000,4502000,1500000,3002000,1500000,0,0,0,1502000,934954,0.9350
distribute_parallel_for_collapse_3000_1500_1500,3000,1500,0,3000,22509000,6754501,1500,54000000,36000000,6753000,2250000,4503000,2250000,0,0,0,2253000,1408234,1.4082
distribute_parallel_for_collapse_3000_1500_2000,3000,2000,0,4000,30012000,9006001,2000,60000000,48000000,9004000,3000000,6004000,3000000,0,0,0,3004000,1811952,1.8120
distribute_parallel_for_collapse_3000_1500_2500,3000,2500,0,5000,37515000,11257501,2500,66000000,60000000,11255000,3750000,7505000,3750000,0,0,0,3755000,2379580,2.3796
distribute_parallel_for_collapse_3000_1500_3000,3000,3000,0,6000,45018000,13509001,3000,72000000,72000000,13506000,4500000,9006000,4500000,0,0,0,4506000,2801959,2.8020
distribute_parallel_for_collapse_3000_1500_3500,3000,3500,0,7000,52521000,15760501,3500,78000000,84000000,15757000,5250000,10507000,5250000,0,0,0,5257000,3312940,3.3129
distribute_parallel_for_collapse_3000_1500_4000,3000,4000,0,8000,60024000,18012001,4000,84000000,96000000,18008000,6000000,12008000,6000000,0,0,0,6008000,3611894,3.6119
distribute_parallel_for_collapse_3000_2000_1000,3000,1000,0,2000,20006000,6003001,1000,64000000,24000000,6002000,2000000,4002000,2000000,0,0,0,2002000,1250511,1.2505
distribute_parallel_for_collapse_3000_2000_1500,3000,1500,0,3000,30009000,9004501,1500,72000000,36000000,9003000,3000000,6003000,3000000,0,0,0,3003000,1875816,1.8758
distribute_parallel_for_collapse_3000_2000_2000,3000,2000,0,4000,40012000,12006001,2000,80000000,48000000,12004000,4000000,8004000,4000000,0,0,0,4004000,2406097,2.4061
distribute_parallel_for_collapse_3000_2000_2500,3000,2500,0,5000,50015000,15007501,2500,88000000,60000000,15005000,5000000,10005000,5000000,0,0,0,5005000,3109850,3.1098
distribute_parallel_for_collapse_3000_2000_3000,3000,3000,0,6000,60018000,18009001,3000,96000000,72000000,18006000,6000000,12006000,6000000,0,0,0,6006000,3705359,3.7054
distribute_parallel_for_collapse_3000_2000_3500,3000,3500,0,7000,70021000,21010501,3500,104000000,84000000,21007000,7000000,14007000,7000000,0,0,0,7007000,4350755,4.3508
distribute_parallel_for_collapse_3000_2000_4000,3000,4000,0,8000,80024000,24012001,4000,112000000,96000000,24008000,8000000,16008000,8000000,0,0,0,8008000,4786359,4.7864
distribute_parallel_for_collapse_3000_2500_1000,3000,1000,0,2000,25006000,7503001,1000,80000000,24000000,7502000,2500000,5002000,2500000,0,0,0,2502000,1552808,1.5528
distribute_parallel_for_collapse_3000_2500_1500,3000,1500,0,3000,37509000,11254501,1500,90000000,36000000,11253000,3750000,7503000,3750000,0,0,0,3753000,2362068,2.3621
distribute_parallel_for_collapse_3000_2500_2000,3000,2000,0,4000,50012000,15006001,2000,100000000,48000000,15004000,5000000,10004000,5000000,0,0,0,5004000,3004216,3.0042
distribute_parallel_for_collapse_3000_2500_2500,3000,2500,0,5000,62515000,18757501,2500,110000000,60000000,18755000,6250000,12505000,6250000,0,0,0,6255000,3894578,3.8946
distribute_parallel_for_collapse_3000_2500_3000,3000,3000,0,6000,75018000,22509001,3000,120000000,72000000,22506000,7500000,15006000,7500000,0,0,0,7506000,4607973,4.6080
distribute_parallel_for_collapse_3000_2500_3500,3000,3500,0,7000,87521000,26260501,3500,130000000,84000000,26257000,8750000,17507000,8750000,0,0,0,8757000,5499308,5.4993
distribute_parallel_for_collapse_3000_2500_4000,3000,4000,0,8000,100024000,30012001,4000,140000000,96000000,30008000,10000000,20008000,10000000,0,0,0,10008000,5985750,5.9858
distribute_parallel_for_collapse_3000_3000_1000,3000,1000,0,2000,30006000,9003001,1000,96000000,24000000,9002000,3000000,6002000,3000000,0,0,0,3002000,1898494,1.8985
distribute_parallel_for_collapse_3000_3000_1500,3000,1500,0,3000,45009000,13504501,1500,108000000,36000000,13503000,4500000,9003000,4500000,0,0,0,4503000,2842530,2.8425
distribute_parallel_for_collapse_3000_3000_2000,3000,2000,0,4000,60012000,18006001,2000,120000000,48000000,18004000,6000000,12004000,6000000,0,0,0,6004000,3599601,3.5996
distribute_parallel_for_collapse_3000_3000_2500,3000,2500,0,5000,75015000,22507501,2500,132000000,60000000,22505000,7500000,15005000,7500000,0,0,0,7505000,4672078,4.6721
distribute_parallel_for_collapse_3000_3000_3000,3000,3000,0,6000,90018000,27009001,3000,144000000,72000000,27006000,9000000,18006000,9000000,0,0,0,9006000,5527982,5.5280
distribute_parallel_for_collapse_3000_3000_3500,3000,3500,0,7000,105021000,31510501,3500,156000000,84000000,31507000,10500000,21007000,10500000,0,0,0,10507000,6526308,6.5263
distribute_parallel_for_collapse_3000_3000_4000,3000,4000,0,8000,120024000,36012001,4000,168000000,96000000,36008000,12000000,24008000,12000000,0,0,0,12008000,7163799,7.1638
distribute_parallel_for_collapse_3000_3500_1000,3000,1000,0,2000,35006000,10503001,1000,112000000,24000000,10502000,3500000,7002000,3500000,0,0,0,3502000,2190749,2.1907
distribute_parallel_for_collapse_300_100_100,300,100,0,200,100600,30301,100,320000,240000,30200,10000,20200,10000,0,0,0,10200,2023,0.0020
distribute_parallel_for_collapse_300_100_200,300,200,0,400,201200,60601,200,400000,480000,60400,20000,40400,20000,0,0,0,20400,3104,0.0031
distribute_parallel_for_collapse_300_100_300,300,300,0,600,301800,90901,300,480000,720000,90600,30000,60600,30000,0,0,0,30600,3832,0.0038
distribute_parallel_for_collapse_300_100_400,300,400,0,800,402400,121201,400,560000,960000,120800,40000,80800,40000,0,0,0,40800,4236,0.0042
distribute_parallel_for_collapse_300_100_500,300,500,0,1000,503000,151501,500,640000,1200000,151000,50000,101000,50000,0,0,0,51000,5067,0.0051
distribute_parallel_for_collapse_300_100_600,300,600,0,1200,603600,181801,600,720000,1440000,181200,60000,121200,60000,0,0,0,61200,5761,0.0058
distribute_parallel_for_collapse_300_100_700,300,700,0,1400,704200,212101,700,800000,1680000,211400,70000,141400,70000,0,0,0,71400,8548,0.0085
distribute_parallel_for_collapse_300_100_800,300,800,0,1600,804800,242401,800,880000,1920000,241600,80000,161600,80000,0,0,0,81600,7336,0.0073
distribute_parallel_for_collapse_300_100_900,300,900,0,1800,905400,272701,900,960000,2160000,271800,90000,181800,90000,0,0,0,91800,7764,0.0078
distribute_parallel_for_collapse_300_200_100,300,100,0,200,200600,60301,100,640000,240000,60200,20000,40200,20000,0,0,0,20200,2881,0.0029
distribute_parallel_for_collapse_300_200_200,300,200,0,400,401200,120601,200,800000,480000,120400,40000,80400,40000,0,0,0,40400,4364,0.0044
distribute_parallel_for_collapse_300_200_300,300,300,0,600,601800,180901,300,960000,720000,180600,60000,120600,60000,0,0,0,60600,5470,0.0055
distribute_parallel_for_collapse_300_200_400,300,400,0,800,802400,241201,400,1120000,960000,240800,80000,160800,80000,0,0,0,80800,7131,0.0071
distribute_parallel_for_collapse_300_200_500,300,500,0,1000,1003000,301501,500,1280000,1200000,301000,100000,201000,100000,0,0,0,101000,8853,0.0089
distribute_parallel_for_collapse_300_200_600,300,600,0,1200,1203600,361801,600,1440000,1440000,361200,120000,241200,120000,0,0,0,121200,10407,0.0104
distribute_parallel_for_collapse_300_200_700,300,700,0,1400,1404200,422101,700,1600000,1680000,421400,140000,281400,140000,0,0,0,141400,11281,0.0113
distribute_parallel_for_collapse_300_200_800,300,800,0,1600,1604800,482401,800,1760000,1920000,481600,160000,321600,160000,0,0,0,161600,12552,0.0126
distribute_parallel_for_collapse_300_200_900,300,900,0,1800,1805400,542701,900,1920000,2160000,541800,180000,361800,180000,0,0,0,181800,14066,0.0141
distribute_parallel_for_collapse_300_300_100,300,100,0,200,300600,90301,100,960000,240000,90200,30000,60200,30000,0,0,0,30200,4101,0.0041
distribute_parallel_for_collapse_300_300_200,300,200,0,400,601200,180601,200,1200000,480000,180400,60000,120400,60000,0,0,0,60400,5684,0.0057
distribute_parallel_for_collapse_300_300_300,300,300,0,600,901800,270901,300,1440000,720000,270600,90000,180600,90000,0,0,0,90600,8279,0.0083
distribute_parallel_for_collapse_300_300_400,300,400,0,800,1202400,361201,400,1680000,960000,360800,120000,240800,120000,0,0,0,120800,9490,0.0095
distribute_parallel_for_collapse_300_300_500,300,500,0,1000,1503000,451501,500,1920000,1200000,451000,150000,301000,150000,0,0,0,151000,11422,0.0114
distribute_parallel_for_collapse_300_300_600,300,600,0,1200,1803600,541801,600,2160000,1440000,541200,180000,361200,180000,0,0,0,181200,13327,0.0133
distribute_parallel_for_collapse_300_300_700,300,700,0,1400,2104200,632101,700,2400000,1680000,631400,210000,421400,210000,0,0,0,211400,15334,0.0153
distribute_parallel_for_collapse_300_300_800,300,800,0,1600,2404800,722401,800,2640000,1920000,721600,240000,481600,240000,0,0,0,241600,17214,0.0172
distribute_parallel_for_collapse_300_300_900,300,900,0,1800,2705400,812701,900,2880000,2160000,811800,270000,541800,270000,0,0,0,271800,20315,0.0203
distribute_parallel_for_collapse_300_400_100,300,100,0,200,400600,120301,100,1280000,240000,120200,40000,80200,40000,0,0,0,40200,4946,0.0049
distribute_parallel_for_collapse_300_400_200,300,200,0,400,801200,240601,200,1600000,480000,240400,80000,160400,80000,0,0,0,80400,7610,0.0076
distribute_parallel_for_collapse_300_400_300,300,300,0,600,1201800,360901,300,1920000,720000,360600,120000,240600,120000,0,0,0,120600,9735,0.0097
distribute_parallel_for_collapse_300_400_400,300,400,0,800,1602400,481201,400,2240000,960000,480800,160000,320800,160000,0,0,0,160800,11875,0.0119
distribute_parallel_for_collapse_300_400_500,300,500,0,1000,2003000,601501,500,2560000,1200000,601000,200000,401000,200000,0,0,0,201000,15920,0.0159
distribute_parallel_for_collapse_300_400_600,300,600,0,1200,2403600,721801,600,2880000,1440000,721200,240000,481200,240000,0,0,0,241200,17728,0.0177
distribute_parallel_for_collapse_300_400_700,300,700,0,1400,2804200,842101,700,3200000,1680000,841400,280000,561400,280000,0,0,0,281400,20991,0.0210
distribute_parallel_for_collapse_300_400_800,300,800,0,1600,3204800,962401,800,3520000,1920000,961600,320000,641600,320000,0,0,0,321600,21843,0.0218
distribute_parallel_for_collapse_300_400_900,300,900,0,1800,3605400,1082701,900,3840000,2160000,1081800,360000,721800,360000,0,0,0,361800,25450,0.0255
distribute_parallel_for_collapse_300_500_100,300,100,0,200,500600,150301,100,1600000,240000,150200,50000,100200,50000,0,0,0,50200,6145,0.0061
distribute_parallel_for_collapse_300_500_200,300,200,0,400,1001200,300601,200,2000000,480000,300400,100000,200400,100000,0,0,0,100400,9205,0.0092
distribute_parallel_for_collapse_300_500_300,300,300,0,600,1501800,450901,300,2400000,720000,450600,150000,300600,150000,0,0,0,150600,12520,0.0125
distribute_parallel_for_collapse_300_500_400,300,400,0,800,2002400,601201,400,2800000,960000,600800,200000,400800,200000,0,0,0,200800,15542,0.0155
distribute_parallel_for_collapse_300_500_500,300,500,0,1000,2503000,751501,500,3200000,1200000,751000,250000,501000,250000,0,0,0,251000,19023,0.0190
distribute_parallel_for_collapse_300_500_600,300,600,0,1200,3003600,901801,600,3600000,1440000,901200,300000,601200,300000,0,0,0,301200,23793,0.0238
distribute_parallel_for_collapse_300_500_700,300,700,0,1400,3504200,1052101,700,4000000,1680000,1051400,350000,701400,350000,0,0,0,351400,27096,0.0271
distribute_parallel_for_collapse_300_500_800,300,800,0,1600,4004800,1202401,800,4400000,1920000,1201600,400000,801600,400000,0,0,0,401600,31442,0.0314
distribute_parallel_for_collapse_300_500_900,300,900,0,1800,4505400,1352701,900,4800000,2160000,1351800,450000,901800,450000,0,0,0,451800,38919,0.0389
distribute_parallel_for_collapse_300_600_100,300,100,0,200,600600,180301,100,1920000,240000,180200,60000,120200,60000,0,0,0,60200,7398,0.0074
distribute_parallel_for_collapse_300_600_200,300,200,0,400,1201200,360601,200,2400000,480000,360400,120000,240400,120000,0,0,0,120400,11239,0.0112
distribute_parallel_for_collapse_300_600_300,300,300,0,600,1801800,540901,300,2880000,720000,540600,180000,360600,180000,0,0,0,180600,14521,0.0145
distribute_parallel_for_collapse_300_600_400,300,400,0,800,2402400,721201,400,3360000,960000,720800,240000,480800,240000,0,0,0,240800,17661,0.0177
distribute_parallel_for_collapse_300_600_500,300,500,0,1000,3003000,901501,500,3840000,1200000,901000,300000,601000,300000,0,0,0,301000,21712,0.0217
distribute_parallel_for_collapse_300_600_600,300,600,0,1200,3603600,1081801,600,4320000,1440000,1081200,360000,721200,360000,0,0,0,361200,25644,0.0256
distribute_parallel_for_collapse_300_600_700,300,700,0,1400,4204200,1262101,700,4800000,1680000,1261400,420000,841400,420000,0,0,0,421400,30016,0.0300
distribute_parallel_for_collapse_300_600_800,300,800,0,1600,4804800,1442401,800,5280000,1920000,1441600,480000,961600,480000,0,0,0,481600,39932,0.0399
distribute_parallel_for_collapse_300_600_900,300,900,0,1800,5405400,1622701,900,5760000,2160000,1621800,540000,1081800,540000,0,0,0,541800,46897,0.0469
distribute_parallel_for_collapse_300_700_100,300,100,0,200,700600,210301,100,2240000,240000,210200,70000,140200,70000,0,0,0,70200,8420,0.0084
distribute_parallel_for_collapse_300_700_200,300,200,0,400,1401200,420601,200,2800000,480000,420400,140000,280400,140000,0,0,0,140400,25987,0.0260
distribute_parallel_for_collapse_300_700_300,300,300,0,600,2101800,630901,300,3360000,720000,630600,210000,420600,210000,0,0,0,210600,16671,0.0167
distribute_parallel_for_collapse_300_700_400,300,400,0,800,2802400,841201,400,3920000,960000,840800,280000,560800,280000,0,0,0,280800,20633,0.0206
distribute_parallel_for_collapse_300_700_500,300,500,0,1000,3503000,1051501,500,4480000,1200000,1051000,350000,701000,350000,0,0,0,351000,26151,0.0262
distribute_parallel_for_collapse_300_700_600,300,600,0,1200,4203600,1261801,600,5040000,1440000,1261200,420000,841200,420000,0,0,0,421200,33900,0.0339
distribute_parallel_for_collapse_300_700_700,300,700,0,1400,4904200,1472101,700,5600000,1680000,1471400,490000,981400,490000,0,0,0,491400,35200,0.0352
distribute_parallel_for_collapse_300_700_800,300,800,0,1600,5604800,1682401,800,6160000,1920000,1681600,560000,1121600,560000,0,0,0,561600,38629,0.0386
distribute_parallel_for_collapse_300_700_900,300,900,0,1800,6305400,1892701,900,6720000,2160000,1891800,630000,1261800,630000,0,0,0,631800,43308,0.0433
distribute_parallel_for_collapse_300_800_100,300,100,0,200,800600,240301,100,2560000,240000,240200,80000,160200,80000,0,0,0,80200,16945,0.0169
distribute_parallel_for_collapse_300_800_200,300,200,0,400,1601200,480601,200,3200000,480000,480400,160000,320400,160000,0,0,0,160400,13997,0.0140
distribute_parallel_for_collapse_300_800_300,300,300,0,600,2401800,720901,300,3840000,720000,720600,240000,480600,240000,0,0,0,240600,18147,0.0181
distribute_parallel_for_collapse_300_800_400,300,400,0,800,3202400,961201,400,4480000,960000,960800,320000,640800,320000,0,0,0,320800,26107,0.0261
distribute_parallel_for_collapse_300_800_500,300,500,0,1000,4003000,1201501,500,5120000,1200000,1201000,400000,801000,400000,0,0,0,401000,28787,0.0288
distribute_parallel_for_collapse_300_800_600,300,600,0,1200,4803600,1441801,600,5760000,1440000,1441200,480000,961200,480000,0,0,0,481200,48827,0.0488
distribute_parallel_for_collapse_300_800_700,300,700,0,1400,5604200,1682101,700,6400000,1680000,1681400,560000,1121400,560000,0,0,0,561400,39113,0.0391
distribute_parallel_for_collapse_300_800_800,300,800,0,1600,6404800,1922401,800,7040000,1920000,1921600,640000,1281600,640000,0,0,0,641600,42124,0.0421
distribute_parallel_for_collapse_300_800_900,300,900,0,1800,7205400,2162701,900,7680000,2160000,2161800,720000,1441800,720000,0,0,0,721800,48489,0.0485
distribute_parallel_for_collapse_300_900_100,300,100,0,200,900600,270301,100,2880000,240000,270200,90000,180200,90000,0,0,0,90200,9745,0.0097
distribute_parallel_for_collapse_300_900_200,300,200,0,400,1801200,540601,200,3600000,480000,540400,180000,360400,180000,0,0,0,180400,14487,0.0145
distribute_parallel_for_collapse_300_900_300,300,300,0,600,2701800,810901,300,4320000,720000,810600,270000,540600,270000,0,0,0,270600,20759,0.0208
distribute_parallel_for_collapse_300_900_400,300,400,0,800,3602400,1081201,400,5040000,960000,1080800,360000,720800,360000,0,0,0,360800,33330,0.0333
distribute_parallel_for_collapse_300_900_500,300,500,0,1000,4503000,1351501,500,5760000,1200000,1351000,450000,901000,450000,0,0,0,451000,30539,0.0305
distribute_parallel_for_collapse_300_900_600,300,600,0,1200,5403600,1621801,600,6480000,1440000,1621200,540000,1081200,540000,0,0,0,541200,35908,0.0359
distribute_parallel_for_collapse_300_900_700,300,700,0,1400,6304200,1892101,700,7200000,1680000,1891400,630000,1261400,630000,0,0,0,631400,42300,0.0423
distribute_parallel_for_collapse_300_900_800,300,800,0,1600,7204800,2162401,800,7920000,1920000,2161600,720000,1441600,720000,0,0,0,721600,46336,0.0463
distribute_parallel_for_collapse_300_900_900,300,900,0,1800,8105400,2432701,900,8640000,2160000,2431800,810000,1621800,810000,0,0,0,811800,54684,0.0547
distribute_parallel_for_collapse_3200_1200_1200,3200,1200,0,2400,14407200,4323601,1200,42240000,30720000,4322400,1440000,2882400,1440000,0,0,0,1442400,948272,0.9483
distribute_parallel_for_collapse_3200_1200_1700,3200,1700,0,3400,20410200,6125101,1700,47040000,43520000,6123400,2040000,4083400,2040000,0,0,0,2043400,1394681,1.3947
distribute_parallel_for_collapse_3200_1200_2200,3200,2200,0,4400,26413200,7926601,2200,51840000,56320000,7924400,2640000,5284400,2640000,0,0,0,2644400,1808231,1.8082
distribute_parallel_for_collapse_3200_1200_2700,3200,2700,0,5400,32416200,9728101,2700,56640000,69120000,9725400,3240000,6485400,3240000,0,0,0,3245400,2201979,2.2020
distribute_parallel_for_collapse_3200_1200_3200,3200,3200,0,6400,38419200,11529601,3200,61440000,81920000,11526400,3840000,7686400,3840000,0,0,0,3846400,2513100,2.5131
distribute_parallel_for_collapse_3200_1200_3700,3200,3700,0,7400,44422200,13331101,3700,66240000,94720000,13327400,4440000,8887400,4440000,0,0,0,4447400,3020563,3.0206
distribute_parallel_for_collapse_3200_1200_4200,3200,4200,0,8400,50425200,15132601,4200,71040000,107520000,15128400,5040000,10088400,5040000,0,0,0,5048400,3388924,3.3889
distribute_parallel_for_collapse_3200_1700_1200,3200,1200,0,2400,20407200,6123601,1200,59840000,30720000,6122400,2040000,4082400,2040000,0,0,0,2042400,1340302,1.3403
distribute_parallel_for_collapse_3200_1700_1700,3200,1700,0,3400,28910200,8675101,1700,66640000,43520000,8673400,2890000,5783400,2890000,0,0,0,2893400,1964592,1.9646
distribute_parallel_for_collapse_3200_1700_2200,3200,2200,0,4400,37413200,11226601,2200,73440000,56320000,11224400,3740000,7484400,3740000,0,0,0,3744400,2496424,2.4964
distribute_parallel_for_collapse_3200_1700_2700,3200,2700,0,5400,45916200,13778101,2700,80240000,69120000,13775400,4590000,9185400,4590000,0,0,0,4595400,3105954,3.1060
distribute_parallel_for_collapse_3200_1700_3200,3200,3200,0,6400,54419200,16329601,3200,87040000,81920000,16326400,5440000,10886400,5440000,0,0,0,5446400,3539423,3.5394
distribute_parallel_for_collapse_3200_1700_3700,3200,3700,0,7400,62922200,18881101,3700,93840000,94720000,18877400,6290000,12587400,6290000,0,0,0,6297400,4350271,4.3503
distribute_parallel_for_collapse_3200_1700_4200,3200,4200,0,8400,71425200,21432601,4200,100640000,107520000,21428400,7140000,14288400,7140000,0,0,0,7148400,4851881,4.8519
distribute_parallel_for_collapse_3200_2200_1200,3200,1200,0,2400,26407200,7923601,1200,77440000,30720000,7922400,2640000,5282400,2640000,0,0,0,2642400,1761428,1.7614
distribute_parallel_for_collapse_3200_2200_1700,3200,1700,0,3400,37410200,11225101,1700,86240000,43520000,11223400,3740000,7483400,3740000,0,0,0,3743400,2539990,2.5400
distribute_parallel_for_collapse_3200_2200_2200,3200,2200,0,4400,48413200,14526601,2200,95040000,56320000,14524400,4840000,9684400,4840000,0,0,0,4844400,3271532,3.2715
distribute_parallel_for_collapse_3200_2200_2700,3200,2700,0,5400,59416200,17828101,2700,103840000,69120000,17825400,5940000,11885400,5940000,0,0,0,5945400,4021772,4.0218
distribute_parallel_for_collapse_3200_2200_3200,3200,3200,0,6400,70419200,21129601,3200,112640000,81920000,21126400,7040000,14086400,7040000,0,0,0,7046400,4581746,4.5817
distribute_parallel_for_collapse_3200_2200_3700,3200,3700,0,7400,81422200,24431101,3700,121440000,94720000,24427400,8140000,16287400,8140000,0,0,0,8147400,5508436,5.5084
distribute_parallel_for_collapse_3200_2200_4200,3200,4200,0,8400,92425200,27732601,4200,130240000,107520000,27728400,9240000,18488400,9240000,0,0,0,9248400,6220656,6.2207
distribute_parallel_for_collapse_3200_2700_1200,3200,1200,0,2400,32407200,9723601,1200,95040000,30720000,9722400,3240000,6482400,3240000,0,0,0,3242400,2120423,2.1204
distribute_parallel_for_collapse_3200_2700_1700,3200,1700,0,3400,45910200,13775101,1700,105840000,43520000,13773400,4590000,9183400,4590000,0,0,0,4593400,3110982,3.1110
distribute_parallel_for_collapse_3200_2700_2200,3200,2200,0,4400,59413200,17826601,2200,116640000,56320000,17824400,5940000,11884400,5940000,0,0,0,5944400,3957855,3.9579
distribute_parallel_for_collapse_3200_2700_2700,3200,2700,0,5400,72916200,21878101,2700,127440000,69120000,21875400,7290000,14585400,7290000,0,0,0,7295400,4999871,4.9999
distribute_parallel_for_collapse_3200_2700_3200,3200,3200,0,6400,86419200,25929601,3200,138240000,81920000,25926400,8640000,17286400,8640000,0,0,0,8646400,5642259,5.6423
distribute_parallel_for_collapse_3200_2700_3700,3200,3700,0,7400,99922200,29981101,3700,149040000,94720000,29977400,9990000,19987400,9990000,0,0,0,9997400,6746635,6.7466
distribute_parallel_for_collapse_3200_2700_4200,3200,4200,0,8400,113425200,34032601,4200,159840000,107520000,34028400,11340000,22688400,11340000,0,0,0,11348400,7637946,7.6379
distribute_parallel_for_collapse_3200_3200_1200,3200,1200,0,2400,38407200,11523601,1200,112640000,30720000,11522400,3840000,7682400,3840000,0,0,0,3842400,2531975,2.5320
distribute_parallel_for_collapse_3200_3200_1700,3200,1700,0,3400,54410200,16325101,1700,125440000,43520000,16323400,5440000,10883400,5440000,0,0,0,5443400,3697724,3.6977
distribute_parallel_for_collapse_3200_3200_2200,3200,2200,0,4400,70413200,21126601,2200,138240000,56320000,21124400,7040000,14084400,7040000,0,0,0,7044400,4725088,4.7251
distribute_parallel_for_collapse_3200_3200_2700,3200,2700,0,5400,86416200,25928101,2700,151040000,69120000,25925400,8640000,17285400,8640000,0,0,0,8645400,5847860,5.8479
distribute_parallel_for_collapse_3200_3200_3200,3200,3200,0,6400,102419200,30729601,3200,163840000,81920000,30726400,10240000,20486400,10240000,0,0,0,10246400,6679678,6.6797
distribute_parallel_for_collapse_3200_3200_3700,3200,3700,0,7400,118422200,35531101,3700,176640000,94720000,35527400,11840000,23687400,11840000,0,0,0,11847400,8008625,8.0086
distribute_parallel_for_collapse_3200_3200_4200,3200,4200,0,8400,134425200,40332601,4200,189440000,107520000,40328400,13440000,26888400,13440000,0,0,0,13448400,9015697,9.0157
distribute_parallel_for_collapse_3200_3700_1200,3200,1200,0,2400,44407200,13323601,1200,130240000,30720000,13322400,4440000,8882400,4440000,0,0,0,4442400,2928379,2.9284
distribute_parallel_for_collapse_3200_3700_1700,3200,1700,0,3400,62910200,18875101,1700,145040000,43520000,18873400,6290000,12583400,6290000,0,0,0,6293400,4286572,4.2866
distribute_parallel_for_collapse_3200_3700_2200,3200,2200,0,4400,81413200,24426601,2200,159840000,56320000,24424400,8140000,16284400,8140000,0,0,0,8144400,5458930,5.4589
distribute_parallel_for_collapse_3200_3700_2700,3200,2700,0,5400,99916200,29978101,2700,174640000,69120000,29975400,9990000,19985400,9990000,0,0,0,9995400,6851690,6.8517
distribute_parallel_for_collapse_3200_3700_3200,3200,3200,0,6400,118419200,35529601,3200,189440000,81920000,35526400,11840000,23686400,11840000,0,0,0,11846400,7832653,7.8327
distribute_parallel_for_collapse_3200_3700_3700,3200,3700,0,7400,136922200,41081101,3700,204240000,94720000,41077400,13690000,27387400,13690000,0,0,0,13697400,9250624,9.2506
distribute_parallel_for_collapse_3200_3700_4200,3200,4200,0,8400,155425200,46632601,4200,219040000,107520000,46628400,15540000,31088400,15540000,0,0,0,15548400,10398913,10.3989
distribute_parallel_for_collapse_3250_1250_1250,3250,1250,0,2500,15632500,4691251,1250,45000000,32500000,4690000,1562500,3127500,1562500,0,0,0,1565000,1086508,1.0865
distribute_parallel_for_collapse_3250_1250_1750,3250,1750,0,3500,21885500,6567751,1750,50000000,45500000,6566000,2187500,4378500,2187500,0,0,0,2191000,1522301,1.5223
distribute_parallel_for_collapse_3250_1250_2250,3250,2250,0,4500,28138500,8444251,2250,55000000,58500000,8442000,2812500,5629500,2812500,0,0,0,2817000,1958972,1.9590
distribute_parallel_for_collapse_3250_1250_2750,3250,2750,0,5500,34391500,10320751,2750,60000000,71500000,10318000,3437500,6880500,3437500,0,0,0,3443000,2402802,2.4028
distribute_parallel_for_collapse_3250_1250_3250,3250,3250,0,6500,40644500,12197251,3250,65000000,84500000,12194000,4062500,8131500,4062500,0,0,0,4069000,2811263,2.8113
distribute_parallel_for_collapse_3250_1250_3750,3250,3750,0,7500,46897500,14073751,3750,70000000,97500000,14070000,4687500,9382500,4687500,0,0,0,4695000,3244017,3.2440
distribute_parallel_for_collapse_3250_1250_4250,3250,4250,0,8500,53150500,15950251,4250,75000000,110500000,15946000,5312500,10633500,5312500,0,0,0,5321000,3672962,3.6730
distribute_parallel_for_collapse_3250_1750_1250,3250,1250,0,2500,21882500,6566251,1250,63000000,32500000,6565000,2187500,4377500,2187500,0,0,0,2190000,1515508,1.5155
distribute_parallel_for_collapse_3250_1750_1750,3250,1750,0,3500,30635500,9192751,1750,70000000,45500000,9191000,3062500,6128500,3062500,0,0,0,3066000,2133790,2.1338
distribute_parallel_for_collapse_3250_1750_2250,3250,2250,0,4500,39388500,11819251,2250,77000000,58500000,11817000,3937500,7879500,3937500,0,0,0,3942000,2730789,2.7308
distribute_parallel_for_collapse_3250_1750_2750,3250,2750,0,5500,48141500,14445751,2750,84000000,71500000,14443000,4812500,9630500,4812500,0,0,0,4818000,3328096,3.3281
distribute_parallel_for_collapse_3250_1750_3250,3250,3250,0,6500,56894500,17072251,3250,91000000,84500000,17069000,5687500,11381500,5687500,0,0,0,5694000,3925087,3.9251
distribute_parallel_for_collapse_3250_1750_3750,3250,3750,0,7500,65647500,19698751,3750,98000000,97500000,19695000,6562500,13132500,6562500,0,0,0,6570000,4532368,4.5324
distribute_parallel_for_collapse_3250_1750_4250,3250,4250,0,8500,74400500,22325251,4250,105000000,110500000,22321000,7437500,14883500,7437500,0,0,0,7446000,5140878,5.1409
distribute_parallel_for_collapse_3250_2250_1250,3250,1250,0,2500,28132500,8441251,1250,81000000,32500000,8440000,2812500,5627500,2812500,0,0,0,2815000,1954620,1.9546
distribute_parallel_for_collapse_3250_2250_1750,3250,1750,0,3500,39385500,11817751,1750,90000000,45500000,11816000,3937500,7878500,3937500,0,0,0,3941000,2722672,2.7227
distribute_parallel_for_collapse_3250_2250_2250,3250,2250,0,4500,50638500,15194251,2250,99000000,58500000,15192000,5062500,10129500,5062500,0,0,0,5067000,3508770,3.5088
distribute_parallel_for_collapse_3250_2250_2750,3250,2750,0,5500,61891500,18570751,2750,108000000,71500000,18568000,6187500,12380500,6187500,0,0,0,6193000,4342893,4.3429
distribute_parallel_for_collapse_3250_2250_3250,3250,3250,0,6500,73144500,21947251,3250,117000000,84500000,21944000,7312500,14631500,7312500,0,0,0,7319000,5080333,5.0803
distribute_parallel_for_collapse_3250_2250_3750,3250,3750,0,7500,84397500,25323751,3750,126000000,97500000,25320000,8437500,16882500,8437500,0,0,0,8445000,5819998,5.8200
distribute_parallel_for_collapse_3250_2250_4250,3250,4250,0,8500,95650500,28700251,4250,135000000,110500000,28696000,9562500,19133500,9562500,0,0,0,9571000,6623587,6.6236
distribute_parallel_for_collapse_3250_2750_1250,3250,1250,0,2500,34382500,10316251,1250,99000000,32500000,10315000,3437500,6877500,3437500,0,0,0,3440000,2398754,2.3988
distribute_parallel_for_collapse_3250_2750_1750,3250,1750,0,3500,48135500,14442751,1750,110000000,45500000,14441000,4812500,9628500,4812500,0,0,0,4816000,3332474,3.3325
distribute_parallel_for_collapse_3250_2750_2250,3250,2250,0,4500,61888500,18569251,2250,121000000,58500000,18567000,6187500,12379500,6187500,0,0,0,6192000,4281091,4.2811
distribute_parallel_for_collapse_3250_2750_2750,3250,2750,0,5500,75641500,22695751,2750,132000000,71500000,22693000,7562500,15130500,7562500,0,0,0,7568000,5254115,5.2541
distribute_parallel_for_collapse_3250_2750_3250,3250,3250,0,6500,89394500,26822251,3250,143000000,84500000,26819000,8937500,17881500,8937500,0,0,0,8944000,6166399,6.1664
distribute_parallel_for_collapse_3250_2750_3750,3250,3750,0,7500,103147500,30948751,3750,154000000,97500000,30945000,10312500,20632500,10312500,0,0,0,10320000,7122530,7.1225
distribute_parallel_for_collapse_3250_2750_4250,3250,4250,0,8500,116900500,35075251,4250,165000000,110500000,35071000,11687500,23383500,11687500,0,0,0,11696000,8058523,8.0585
distribute_parallel_for_collapse_3250_3250_1250,3250,1250,0,2500,40632500,12191251,1250,117000000,32500000,12190000,4062500,8127500,4062500,0,0,0,4065000,2821923,2.8219
distribute_parallel_for_collapse_3250_3250_1750,3250,1750,0,3500,56885500,17067751,1750,130000000,45500000,17066000,5687500,11378500,5687500,0,0,0,5691000,3984104,3.9841
distribute_parallel_for_collapse_3250_3250_2250,3250,2250,0,4500,73138500,21944251,2250,143000000,58500000,21942000,7312500,14629500,7312500,0,0,0,7317000,5098204,5.0982
distribute_parallel_for_collapse_3250_3250_2750,3250,2750,0,5500,89391500,26820751,2750,156000000,71500000,26818000,8937500,17880500,8937500,0,0,0,8943000,6174434,6.1744
distribute_parallel_for_collapse_3250_3250_3250,3250,3250,0,6500,105644500,31697251,3250,169000000,84500000,31694000,10562500,21131500,10562500,0,0,0,10569000,7284587,7.2846
distribute_parallel_for_collapse_3250_3250_3750,3250,3750,0,7500,121897500,36573751,3750,182000000,97500000,36570000,12187500,24382500,12187500,0,0,0,12195000,8413459,8.4135
distribute_parallel_for_collapse_3250_3250_4250,3250,4250,0,8500,138150500,41450251,4250,195000000,110500000,41446000,13812500,27633500,13812500,0,0,0,13821000,9524370,9.5244
distribute_parallel_for_collapse_3250_3750_1250,3250,1250,0,2500,46882500,14066251,1250,135000000,32500000,14065000,4687500,9377500,4687500,0,0,0,4690000,3280177,3.2802
distribute_parallel_for_collapse_3250_3750_1750,3250,1750,0,3500,65635500,19692751,1750,150000000,45500000,19691000,6562500,13128500,6562500,0,0,0,6566000,4560572,4.5606
distribute_parallel_for_collapse_3250_3750_2250,3250,2250,0,4500,84388500,25319251,2250,165000000,58500000,25317000,8437500,16879500,8437500,0,0,0,8442000,5837791,5.8378
distribute_parallel_for_collapse_3250_3750_2750,3250,2750,0,5500,103141500,30945751,2750,180000000,71500000,30943000,10312500,20630500,10312500,0,0,0,10318000,7129427,7.1294
distribute_parallel_for_collapse_3250_3750_3250,3250,3250,0,6500,121894500,36572251,3250,195000000,84500000,36569000,12187500,24381500,12187500,0,0,0,12194000,8403129,8.4031
distribute_parallel_for_collapse_3250_3750_3750,3250,3750,0,7500,140647500,42198751,3750,210000000,97500000,42195000,14062500,28132500,14062500,0,0,0,14070000,9838964,9.8390
distribute_parallel_for_collapse_3250_3750_4250,3250,4250,0,8500,159400500,47825251,4250,225000000,110500000,47821000,15937500,31883500,15937500,0,0,0,15946000,10995695,10.9957
distribute_parallel_for_collapse_3250_4250_1250,3250,1250,0,2500,53132500,15941251,1250,153000000,32500000,15940000,5312500,10627500,5312500,0,0,0,5315000,3705117,3.7051
distribute_parallel_for_collapse_3250_4250_1750,3250,1750,0,3500,74385500,22317751,1750,170000000,45500000,22316000,7437500,14878500,7437500,0,0,0,7441000,5176260,5.1763
distribute_parallel_for_collapse_3250_4250_2750,3250,2750,0,5500,116891500,35070751,2750,204000000,71500000,35068000,11687500,23380500,11687500,0,0,0,11693000,8015876,8.0159
distribute_parallel_for_collapse_3250_4250_3250,3250,3250,0,6500,138144500,41447251,3250,221000000,84500000,41444000,13812500,27631500,13812500,0,0,0,13819000,9388743,9.3887
distribute_parallel_for_collapse_3250_4250_3750,3250,3750,0,7500,159397500,47823751,3750,238000000,97500000,47820000,15937500,31882500,15937500,0,0,0,15945000,10857059,10.8571
distribute_parallel_for_collapse_3250_4250_4250,3250,4250,0,8500,180650500,54200251,4250,255000000,110500000,54196000,18062500,36133500,18062500,0,0,0,18071000,12258857,12.2589
distribute_parallel_for_collapse_3400_1400_1400,3400,1400,0,2800,19608400,5884201,1400,53760000,38080000,5882800,1960000,3922800,1960000,0,0,0,1962800,1377591,1.3776
distribute_parallel_for_collapse_3400_1400_1900,3400,1900,0,3800,26611400,7985701,1900,59360000,51680000,7983800,2660000,5323800,2660000,0,0,0,2663800,1887311,1.8873
distribute_parallel_for_collapse_3400_1400_2400,3400,2400,0,4800,33614400,10087201,2400,64960000,65280000,10084800,3360000,6724800,3360000,0,0,0,3364800,2288081,2.2881
distribute_parallel_for_collapse_3400_1400_2900,3400,2900,0,5800,40617400,12188701,2900,70560000,78880000,12185800,4060000,8125800,4060000,0,0,0,4065800,2868379,2.8684
distribute_parallel_for_collapse_3400_1400_3400,3400,3400,0,6800,47620400,14290201,3400,76160000,92480000,14286800,4760000,9526800,4760000,0,0,0,4766800,3357344,3.3573
distribute_parallel_for_collapse_3400_1400_3900,3400,3900,0,7800,54623400,16391701,3900,81760000,106080000,16387800,5460000,10927800,5460000,0,0,0,5467800,3854982,3.8550
distribute_parallel_for_collapse_3400_1400_900,3400,900,0,1800,12605400,3782701,900,48160000,24480000,3781800,1260000,2521800,1260000,0,0,0,1261800,901834,0.9018
distribute_parallel_for_collapse_3400_1900_1400,3400,1400,0,2800,26608400,7984201,1400,72960000,38080000,7982800,2660000,5322800,2660000,0,0,0,2662800,1863428,1.8634
distribute_parallel_for_collapse_3400_1900_1900,3400,1900,0,3800,36111400,10835701,1900,80560000,51680000,10833800,3610000,7223800,3610000,0,0,0,3613800,2610720,2.6107
distribute_parallel_for_collapse_3400_1900_2400,3400,2400,0,4800,45614400,13687201,2400,88160000,65280000,13684800,4560000,9124800,4560000,0,0,0,4564800,3133822,3.1338
distribute_parallel_for_collapse_3400_1900_2900,3400,2900,0,5800,55117400,16538701,2900,95760000,78880000,16535800,5510000,11025800,5510000,0,0,0,5515800,3902325,3.9023
distribute_parallel_for_collapse_3400_1900_3400,3400,3400,0,6800,64620400,19390201,3400,103360000,92480000,19386800,6460000,12926800,6460000,0,0,0,6466800,4500720,4.5007
distribute_parallel_for_collapse_3400_1900_3900,3400,3900,0,7800,74123400,22241701,3900,110960000,106080000,22237800,7410000,14827800,7410000,0,0,0,7417800,5226995,5.2270
distribute_parallel_for_collapse_3400_1900_900,3400,900,0,1800,17105400,5132701,900,65360000,24480000,5131800,1710000,3421800,1710000,0,0,0,1711800,1217404,1.2174
distribute_parallel_for_collapse_3400_2400_1400,3400,1400,0,2800,33608400,10084201,1400,92160000,38080000,10082800,3360000,6722800,3360000,0,0,0,3362800,2350669,2.3507
distribute_parallel_for_collapse_3400_2400_1900,3400,1900,0,3800,45611400,13685701,1900,101760000,51680000,13683800,4560000,9123800,4560000,0,0,0,4563800,3219381,3.2194
distribute_parallel_for_collapse_3400_2400_2400,3400,2400,0,4800,57614400,17287201,2400,111360000,65280000,17284800,5760000,11524800,5760000,0,0,0,5764800,3916302,3.9163
distribute_parallel_for_collapse_3400_2400_2900,3400,2900,0,5800,69617400,20888701,2900,120960000,78880000,20885800,6960000,13925800,6960000,0,0,0,6965800,4933981,4.9340
distribute_parallel_for_collapse_3400_2400_3400,3400,3400,0,6800,81620400,24490201,3400,130560000,92480000,24486800,8160000,16326800,8160000,0,0,0,8166800,5673795,5.6738
distribute_parallel_for_collapse_3400_2400_3900,3400,3900,0,7800,93623400,28091701,3900,140160000,106080000,28087800,9360000,18727800,9360000,0,0,0,9367800,6627899,6.6279
distribute_parallel_for_collapse_3400_2400_900,3400,900,0,1800,21605400,6482701,900,82560000,24480000,6481800,2160000,4321800,2160000,0,0,0,2161800,1550124,1.5501
distribute_parallel_for_collapse_3400_2900_1400,3400,1400,0,2800,40608400,12184201,1400,111360000,38080000,12182800,4060000,8122800,4060000,0,0,0,4062800,2838708,2.8387
distribute_parallel_for_collapse_3400_2900_1900,3400,1900,0,3800,55111400,16535701,1900,122960000,51680000,16533800,5510000,11023800,5510000,0,0,0,5513800,3895249,3.8952
distribute_parallel_for_collapse_3400_2900_2400,3400,2400,0,4800,69614400,20887201,2400,134560000,65280000,20884800,6960000,13924800,6960000,0,0,0,6964800,4791915,4.7919
distribute_parallel_for_collapse_3400_2900_2900,3400,2900,0,5800,84117400,25238701,2900,146160000,78880000,25235800,8410000,16825800,8410000,0,0,0,8415800,5955765,5.9558
distribute_parallel_for_collapse_3400_2900_3400,3400,3400,0,6800,98620400,29590201,3400,157760000,92480000,29586800,9860000,19726800,9860000,0,0,0,9866800,6852700,6.8527
distribute_parallel_for_collapse_3400_2900_3900,3400,3900,0,7800,113123400,33941701,3900,169360000,106080000,33937800,11310000,22627800,11310000,0,0,0,11317800,7957776,7.9578
distribute_parallel_for_collapse_3400_2900_900,3400,900,0,1800,26105400,7832701,900,99760000,24480000,7831800,2610000,5221800,2610000,0,0,0,2611800,1858986,1.8590
distribute_parallel_for_collapse_3400_3400_1400,3400,1400,0,2800,47608400,14284201,1400,130560000,38080000,14282800,4760000,9522800,4760000,0,0,0,4762800,3330103,3.3301
distribute_parallel_for_collapse_3400_3400_1900,3400,1900,0,3800,64611400,19385701,1900,144160000,51680000,19383800,6460000,12923800,6460000,0,0,0,6463800,4603052,4.6031
distribute_parallel_for_collapse_3400_3400_2400,3400,2400,0,4800,81614400,24487201,2400,157760000,65280000,24484800,8160000,16324800,8160000,0,0,0,8164800,5531685,5.5317
distribute_parallel_for_collapse_3400_3400_2900,3400,2900,0,5800,98617400,29588701,2900,171360000,78880000,29585800,9860000,19725800,9860000,0,0,0,9865800,6942127,6.9421
distribute_parallel_for_collapse_3400_3400_3400,3400,3400,0,6800,115620400,34690201,3400,184960000,92480000,34686800,11560000,23126800,11560000,0,0,0,11566800,8038481,8.0385
distribute_parallel_for_collapse_3400_3400_3900,3400,3900,0,7800,132623400,39791701,3900,198560000,106080000,39787800,13260000,26527800,13260000,0,0,0,13267800,9324884,9.3249
distribute_parallel_for_collapse_3400_3400_900,3400,900,0,1800,30605400,9182701,900,116960000,24480000,9181800,3060000,6121800,3060000,0,0,0,3061800,2180892,2.1809
distribute_parallel_for_collapse_3400_3900_1400,3400,1400,0,2800,54608400,16384201,1400,149760000,38080000,16382800,5460000,10922800,5460000,0,0,0,5462800,3867571,3.8676
distribute_parallel_for_collapse_3400_3900_1900,3400,1900,0,3800,74111400,22235701,1900,165360000,51680000,22233800,7410000,14823800,7410000,0,0,0,7413800,5244770,5.2448
distribute_parallel_for_collapse_3400_3900_2400,3400,2400,0,4800,93614400,28087201,2400,180960000,65280000,28084800,9360000,18724800,9360000,0,0,0,9364800,6342112,6.3421
distribute_parallel_for_collapse_3400_3900_2900,3400,2900,0,5800,113117400,33938701,2900,196560000,78880000,33935800,11310000,22625800,11310000,0,0,0,11315800,8002323,8.0023
distribute_parallel_for_collapse_3400_3900_3400,3400,3400,0,6800,132620400,39790201,3400,212160000,92480000,39786800,13260000,26526800,13260000,0,0,0,13266800,9256981,9.2570
distribute_parallel_for_collapse_3400_3900_3900,3400,3900,0,7800,152123400,45641701,3900,227760000,106080000,45637800,15210000,30427800,15210000,0,0,0,15217800,10687555,10.6876
distribute_parallel_for_collapse_3400_3900_900,3400,900,0,1800,35105400,10532701,900,134160000,24480000,10531800,3510000,7021800,3510000,0,0,0,3511800,2508237,2.5082
distribute_parallel_for_collapse_3400_900_1400,3400,1400,0,2800,12608400,3784201,1400,34560000,38080000,3782800,1260000,2522800,1260000,0,0,0,1262800,893229,0.8932
distribute_parallel_for_collapse_3400_900_1900,3400,1900,0,3800,17111400,5135701,1900,38160000,51680000,5133800,1710000,3423800,1710000,0,0,0,1713800,1224378,1.2244
distribute_parallel_for_collapse_3400_900_2400,3400,2400,0,4800,21614400,6487201,2400,41760000,65280000,6484800,2160000,4324800,2160000,0,0,0,2164800,1490016,1.4900
distribute_parallel_for_collapse_3400_900_2900,3400,2900,0,5800,26117400,7838701,2900,45360000,78880000,7835800,2610000,5225800,2610000,0,0,0,2615800,1866301,1.8663
distribute_parallel_for_collapse_3400_900_3400,3400,3400,0,6800,30620400,9190201,3400,48960000,92480000,9186800,3060000,6126800,3060000,0,0,0,3066800,2262573,2.2626
distribute_parallel_for_collapse_3400_900_3900,3400,3900,0,7800,35123400,10541701,3900,52560000,106080000,10537800,3510000,7027800,3510000,0,0,0,3517800,2530429,2.5304
distribute_parallel_for_collapse_3400_900_900,3400,900,0,1800,8105400,2432701,900,30960000,24480000,2431800,810000,1621800,810000,0,0,0,811800,580424,0.5804
distribute_parallel_for_collapse_3700_1200_1200,3700,1200,0,2400,14407200,4323601,1200,47040000,35520000,4322400,1440000,2882400,1440000,0,0,0,1442400,1105514,1.1055
distribute_parallel_for_collapse_3700_1200_1700,3700,1700,0,3400,20410200,6125101,1700,51840000,50320000,6123400,2040000,4083400,2040000,0,0,0,2043400,1613150,1.6132
distribute_parallel_for_collapse_3700_1200_2200,3700,2200,0,4400,26413200,7926601,2200,56640000,65120000,7924400,2640000,5284400,2640000,0,0,0,2644400,2084940,2.0849
distribute_parallel_for_collapse_3700_1200_2700,3700,2700,0,5400,32416200,9728101,2700,61440000,79920000,9725400,3240000,6485400,3240000,0,0,0,3245400,2546701,2.5467
distribute_parallel_for_collapse_3700_1200_3200,3700,3200,0,6400,38419200,11529601,3200,66240000,94720000,11526400,3840000,7686400,3840000,0,0,0,3846400,2912529,2.9125
distribute_parallel_for_collapse_3700_1200_3700,3700,3700,0,7400,44422200,13331101,3700,71040000,109520000,13327400,4440000,8887400,4440000,0,0,0,4447400,3486039,3.4860
distribute_parallel_for_collapse_3700_1200_4200,3700,4200,0,8400,50425200,15132601,4200,75840000,124320000,15128400,5040000,10088400,5040000,0,0,0,5048400,3913880,3.9139
distribute_parallel_for_collapse_3700_1700_1200,3700,1200,0,2400,20407200,6123601,1200,66640000,35520000,6122400,2040000,4082400,2040000,0,0,0,2042400,1546451,1.5465
distribute_parallel_for_collapse_3700_1700_1700,3700,1700,0,3400,28910200,8675101,1700,73440000,50320000,8673400,2890000,5783400,2890000,0,0,0,2893400,2268736,2.2687
distribute_parallel_for_collapse_3700_1700_2200,3700,2200,0,4400,37413200,11226601,2200,80240000,65120000,11224400,3740000,7484400,3740000,0,0,0,3744400,2894697,2.8947
distribute_parallel_for_collapse_3700_1700_2700,3700,2700,0,5400,45916200,13778101,2700,87040000,79920000,13775400,4590000,9185400,4590000,0,0,0,4595400,3599916,3.5999
distribute_parallel_for_collapse_3700_1700_3200,3700,3200,0,6400,54419200,16329601,3200,93840000,94720000,16326400,5440000,10886400,5440000,0,0,0,5446400,4097489,4.0975
distribute_parallel_for_collapse_3700_1700_3700,3700,3700,0,7400,62922200,18881101,3700,100640000,109520000,18877400,6290000,12587400,6290000,0,0,0,6297400,5025147,5.0251
distribute_parallel_for_collapse_3700_1700_4200,3700,4200,0,8400,71425200,21432601,4200,107440000,124320000,21428400,7140000,14288400,7140000,0,0,0,7148400,5562211,5.5622
distribute_parallel_for_collapse_3700_2200_1200,3700,1200,0,2400,26407200,7923601,1200,86240000,35520000,7922400,2640000,5282400,2640000,0,0,0,2642400,2009545,2.0095
distribute_parallel_for_collapse_3700_2200_1700,3700,1700,0,3400,37410200,11225101,1700,95040000,50320000,11223400,3740000,7483400,3740000,0,0,0,3743400,2948452,2.9485
distribute_parallel_for_collapse_3700_2200_2200,3700,2200,0,4400,48413200,14526601,2200,103840000,65120000,14524400,4840000,9684400,4840000,0,0,0,4844400,3743324,3.7433
distribute_parallel_for_collapse_3700_2200_2700,3700,2700,0,5400,59416200,17828101,2700,112640000,79920000,17825400,5940000,11885400,5940000,0,0,0,5945400,4647594,4.6476
distribute_parallel_for_collapse_3700_2200_3200,3700,3200,0,6400,70419200,21129601,3200,121440000,94720000,21126400,7040000,14086400,7040000,0,0,0,7046400,5292093,5.2921
distribute_parallel_for_collapse_3700_2200_3700,3700,3700,0,7400,81422200,24431101,3700,130240000,109520000,24427400,8140000,16287400,8140000,0,0,0,8147400,6370316,6.3703
distribute_parallel_for_collapse_3700_2200_4200,3700,4200,0,8400,92425200,27732601,4200,139040000,124320000,27728400,9240000,18488400,9240000,0,0,0,9248400,7145555,7.1456
distribute_parallel_for_collapse_3700_2700_1200,3700,1200,0,2400,32407200,9723601,1200,105840000,35520000,9722400,3240000,6482400,3240000,0,0,0,3242400,2472150,2.4722
distribute_parallel_for_collapse_3700_2700_1700,3700,1700,0,3400,45910200,13775101,1700,116640000,50320000,13773400,4590000,9183400,4590000,0,0,0,4593400,3596943,3.5969
distribute_parallel_for_collapse_3700_2700_2200,3700,2200,0,4400,59413200,17826601,2200,127440000,65120000,17824400,5940000,11884400,5940000,0,0,0,5944400,4593526,4.5935
distribute_parallel_for_collapse_3700_2700_2700,3700,2700,0,5400,72916200,21878101,2700,138240000,79920000,21875400,7290000,14585400,7290000,0,0,0,7295400,5885991,5.8860
distribute_parallel_for_collapse_3700_2700_3200,3700,3200,0,6400,86419200,25929601,3200,149040000,94720000,25926400,8640000,17286400,8640000,0,0,0,8646400,6529561,6.5296
distribute_parallel_for_collapse_3700_2700_3700,3700,3700,0,7400,99922200,29981101,3700,159840000,109520000,29977400,9990000,19987400,9990000,0,0,0,9997400,7860889,7.8609
distribute_parallel_for_collapse_3700_2700_4200,3700,4200,0,8400,113425200,34032601,4200,170640000,124320000,34028400,11340000,22688400,11340000,0,0,0,11348400,8771769,8.7718
distribute_parallel_for_collapse_3700_3200_1200,3700,1200,0,2400,38407200,11523601,1200,125440000,35520000,11522400,3840000,7682400,3840000,0,0,0,3842400,2921378,2.9214
distribute_parallel_for_collapse_3700_3200_1700,3700,1700,0,3400,54410200,16325101,1700,138240000,50320000,16323400,5440000,10883400,5440000,0,0,0,5443400,4277866,4.2779
distribute_parallel_for_collapse_3700_3200_2200,3700,2200,0,4400,70413200,21126601,2200,151040000,65120000,21124400,7040000,14084400,7040000,0,0,0,7044400,5476401,5.4764
distribute_parallel_for_collapse_3700_3200_2700,3700,2700,0,5400,86416200,25928101,2700,163840000,79920000,25925400,8640000,17285400,8640000,0,0,0,8645400,6773161,6.7732
distribute_parallel_for_collapse_3700_3200_3200,3700,3200,0,6400,102419200,30729601,3200,176640000,94720000,30726400,10240000,20486400,10240000,0,0,0,10246400,7746239,7.7462
distribute_parallel_for_collapse_3700_3200_3700,3700,3700,0,7400,118422200,35531101,3700,189440000,109520000,35527400,11840000,23687400,11840000,0,0,0,11847400,9252961,9.2530
distribute_parallel_for_collapse_3700_3200_4200,3700,4200,0,8400,134425200,40332601,4200,202240000,124320000,40328400,13440000,26888400,13440000,0,0,0,13448400,10403895,10.4039
distribute_parallel_for_collapse_3700_3700_1200,3700,1200,0,2400,44407200,13323601,1200,145040000,35520000,13322400,4440000,8882400,4440000,0,0,0,4442400,3394694,3.3947
distribute_parallel_for_collapse_3700_3700_1700,3700,1700,0,3400,62910200,18875101,1700,159840000,50320000,18873400,6290000,12583400,6290000,0,0,0,6293400,5028280,5.0283
distribute_parallel_for_collapse_3700_3700_2200,3700,2200,0,4400,81413200,24426601,2200,174640000,65120000,24424400,8140000,16284400,8140000,0,0,0,8144400,6443866,6.4439
distribute_parallel_for_collapse_3700_3700_2700,3700,2700,0,5400,99916200,29978101,2700,189440000,79920000,29975400,9990000,19985400,9990000,0,0,0,9995400,7832248,7.8322
distribute_parallel_for_collapse_3700_3700_3200,3700,3200,0,6400,118419200,35529601,3200,204240000,94720000,35526400,11840000,23686400,11840000,0,0,0,11846400,9090649,9.0906
distribute_parallel_for_collapse_3700_3700_4200,3700,4200,0,8400,155425200,46632601,4200,233840000,124320000,46628400,15540000,31088400,15540000,0,0,0,15548400,11963878,11.9639
distribute_parallel_for_collapse_3750_1250_1250,3750,1250,0,2500,15632500,4691251,1250,50000000,37500000,4690000,1562500,3127500,1562500,0,0,0,1565000,1263921,1.2639
distribute_parallel_for_collapse_3750_1250_1750,3750,1750,0,3500,21885500,6567751,1750,55000000,52500000,6566000,2187500,4378500,2187500,0,0,0,2191000,1727975,1.7280
distribute_parallel_for_collapse_3750_1250_2250,3750,2250,0,4500,28138500,8444251,2250,60000000,67500000,8442000,2812500,5629500,2812500,0,0,0,2817000,2222084,2.2221
distribute_parallel_for_collapse_3750_1250_2750,3750,2750,0,5500,34391500,10320751,2750,65000000,82500000,10318000,3437500,6880500,3437500,0,0,0,3443000,2705696,2.7057
distribute_parallel_for_collapse_3750_1250_3250,3750,3250,0,6500,40644500,12197251,3250,70000000,97500000,12194000,4062500,8131500,4062500,0,0,0,4069000,3202461,3.2025
distribute_parallel_for_collapse_3750_1250_3750,3750,3750,0,7500,46897500,14073751,3750,75000000,112500000,14070000,4687500,9382500,4687500,0,0,0,4695000,3694182,3.6942
distribute_parallel_for_collapse_3750_1250_4250,3750,4250,0,8500,53150500,15950251,4250,80000000,127500000,15946000,5312500,10633500,5312500,0,0,0,5321000,4205089,4.2051
distribute_parallel_for_collapse_3750_1750_1250,3750,1250,0,2500,21882500,6566251,1250,70000000,37500000,6565000,2187500,4377500,2187500,0,0,0,2190000,1741629,1.7416
distribute_parallel_for_collapse_3750_1750_1750,3750,1750,0,3500,30635500,9192751,1750,77000000,52500000,9191000,3062500,6128500,3062500,0,0,0,3066000,2412969,2.4130
distribute_parallel_for_collapse_3750_1750_2250,3750,2250,0,4500,39388500,11819251,2250,84000000,67500000,11817000,3937500,7879500,3937500,0,0,0,3942000,3116983,3.1170
distribute_parallel_for_collapse_3750_1750_2750,3750,2750,0,5500,48141500,14445751,2750,91000000,82500000,14443000,4812500,9630500,4812500,0,0,0,4818000,3780700,3.7807
distribute_parallel_for_collapse_3750_1750_3250,3750,3250,0,6500,56894500,17072251,3250,98000000,97500000,17069000,5687500,11381500,5687500,0,0,0,5694000,4455987,4.4560
distribute_parallel_for_collapse_3750_1750_3750,3750,3750,0,7500,65647500,19698751,3750,105000000,112500000,19695000,6562500,13132500,6562500,0,0,0,6570000,5141378,5.1414
distribute_parallel_for_collapse_3750_1750_4250,3750,4250,0,8500,74400500,22325251,4250,112000000,127500000,22321000,7437500,14883500,7437500,0,0,0,7446000,5823837,5.8238
distribute_parallel_for_collapse_3750_2250_1250,3750,1250,0,2500,28132500,8441251,1250,90000000,37500000,8440000,2812500,5627500,2812500,0,0,0,2815000,2259833,2.2598
distribute_parallel_for_collapse_3750_2250_1750,3750,1750,0,3500,39385500,11817751,1750,99000000,52500000,11816000,3937500,7878500,3937500,0,0,0,3941000,3097375,3.0974
distribute_parallel_for_collapse_3750_2250_2250,3750,2250,0,4500,50638500,15194251,2250,108000000,67500000,15192000,5062500,10129500,5062500,0,0,0,5067000,3975942,3.9759
distribute_parallel_for_collapse_3750_2250_2750,3750,2750,0,5500,61891500,18570751,2750,117000000,82500000,18568000,6187500,12380500,6187500,0,0,0,6193000,4847025,4.8470
distribute_parallel_for_collapse_3750_2250_3250,3750,3250,0,6500,73144500,21947251,3250,126000000,97500000,21944000,7312500,14631500,7312500,0,0,0,7319000,5722285,5.7223
distribute_parallel_for_collapse_3750_2250_3750,3750,3750,0,7500,84397500,25323751,3750,135000000,112500000,25320000,8437500,16882500,8437500,0,0,0,8445000,6607832,6.6078
distribute_parallel_for_collapse_3750_2250_4250,3750,4250,0,8500,95650500,28700251,4250,144000000,127500000,28696000,9562500,19133500,9562500,0,0,0,9571000,7473260,7.4733
distribute_parallel_for_collapse_3750_2750_1250,3750,1250,0,2500,34382500,10316251,1250,110000000,37500000,10315000,3437500,6877500,3437500,0,0,0,3440000,2731291,2.7313
distribute_parallel_for_collapse_3750_2750_1750,3750,1750,0,3500,48135500,14442751,1750,121000000,52500000,14441000,4812500,9628500,4812500,0,0,0,4816000,3791078,3.7911
distribute_parallel_for_collapse_3750_2750_2250,3750,2250,0,4500,61888500,18569251,2250,132000000,67500000,18567000,6187500,12379500,6187500,0,0,0,6192000,4859944,4.8599
distribute_parallel_for_collapse_3750_2750_2750,3750,2750,0,5500,75641500,22695751,2750,143000000,82500000,22693000,7562500,15130500,7562500,0,0,0,7568000,5924337,5.9243
distribute_parallel_for_collapse_3750_2750_3250,3750,3250,0,6500,89394500,26822251,3250,154000000,97500000,26819000,8937500,17881500,8937500,0,0,0,8944000,6988889,6.9889
distribute_parallel_for_collapse_3750_2750_3750,3750,3750,0,7500,103147500,30948751,3750,165000000,112500000,30945000,10312500,20632500,10312500,0,0,0,10320000,8067511,8.0675
distribute_parallel_for_collapse_3750_2750_4250,3750,4250,0,8500,116900500,35075251,4250,176000000,127500000,35071000,11687500,23383500,11687500,0,0,0,11696000,9145005,9.1450
distribute_parallel_for_collapse_3750_3250_1250,3750,1250,0,2500,40632500,12191251,1250,130000000,37500000,12190000,4062500,8127500,4062500,0,0,0,4065000,3212337,3.2123
distribute_parallel_for_collapse_3750_3250_1750,3750,1750,0,3500,56885500,17067751,1750,143000000,52500000,17066000,5687500,11378500,5687500,0,0,0,5691000,4538093,4.5381
distribute_parallel_for_collapse_3750_3250_2250,3750,2250,0,4500,73138500,21944251,2250,156000000,67500000,21942000,7312500,14629500,7312500,0,0,0,7317000,5799087,5.7991
distribute_parallel_for_collapse_3750_3250_2750,3750,2750,0,5500,89391500,26820751,2750,169000000,82500000,26818000,8937500,17880500,8937500,0,0,0,8943000,7001269,7.0013
distribute_parallel_for_collapse_3750_3250_3250,3750,3250,0,6500,105644500,31697251,3250,182000000,97500000,31694000,10562500,21131500,10562500,0,0,0,10569000,8250014,8.2500
distribute_parallel_for_collapse_3750_3250_3750,3750,3750,0,7500,121897500,36573751,3750,195000000,112500000,36570000,12187500,24382500,12187500,0,0,0,12195000,9537985,9.5380
distribute_parallel_for_collapse_3750_3250_4250,3750,4250,0,8500,138150500,41450251,4250,208000000,127500000,41446000,13812500,27633500,13812500,0,0,0,13821000,10803410,10.8034
distribute_parallel_for_collapse_3750_3750_1250,3750,1250,0,2500,46882500,14066251,1250,150000000,37500000,14065000,4687500,9377500,4687500,0,0,0,4690000,3701194,3.7012
distribute_parallel_for_collapse_3750_3750_1750,3750,1750,0,3500,65635500,19692751,1750,165000000,52500000,19691000,6562500,13128500,6562500,0,0,0,6566000,5203927,5.2039
distribute_parallel_for_collapse_3750_3750_2250,3750,2250,0,4500,84388500,25319251,2250,180000000,67500000,25317000,8437500,16879500,8437500,0,0,0,8442000,6623715,6.6237
distribute_parallel_for_collapse_3750_3750_2750,3750,2750,0,5500,103141500,30945751,2750,195000000,82500000,30943000,10312500,20630500,10312500,0,0,0,10318000,8083965,8.0840
distribute_parallel_for_collapse_3750_3750_3250,3750,3250,0,6500,121894500,36572251,3250,210000000,97500000,36569000,12187500,24381500,12187500,0,0,0,12194000,9518726,9.5187
distribute_parallel_for_collapse_3750_3750_3750,3750,3750,0,7500,140647500,42198751,3750,225000000,112500000,42195000,14062500,28132500,14062500,0,0,0,14070000,10995888,10.9959
distribute_parallel_for_collapse_3750_3750_4250,3750,4250,0,8500,159400500,47825251,4250,240000000,127500000,47821000,15937500,31883500,15937500,0,0,0,15946000,12445385,12.4454
distribute_parallel_for_collapse_3900_1400_1400,3900,1400,0,2800,19608400,5884201,1400,59360000,43680000,5882800,1960000,3922800,1960000,0,0,0,1962800,1579439,1.5794
distribute_parallel_for_collapse_3900_1400_1900,3900,1900,0,3800,26611400,7985701,1900,64960000,59280000,7983800,2660000,5323800,2660000,0,0,0,2663800,2339891,2.3399
distribute_parallel_for_collapse_3900_1400_2400,3900,2400,0,4800,33614400,10087201,2400,70560000,74880000,10084800,3360000,6724800,3360000,0,0,0,3364800,2688284,2.6883
distribute_parallel_for_collapse_3900_1400_2900,3900,2900,0,5800,40617400,12188701,2900,76160000,90480000,12185800,4060000,8125800,4060000,0,0,0,4065800,3378937,3.3789
distribute_parallel_for_collapse_3900_1400_3400,3900,3400,0,6800,47620400,14290201,3400,81760000,106080000,14286800,4760000,9526800,4760000,0,0,0,4766800,3825944,3.8259
distribute_parallel_for_collapse_3900_1400_3900,3900,3900,0,7800,54623400,16391701,3900,87360000,121680000,16387800,5460000,10927800,5460000,0,0,0,5467800,4418248,4.4182
distribute_parallel_for_collapse_3900_1400_900,3900,900,0,1800,12605400,3782701,900,53760000,28080000,3781800,1260000,2521800,1260000,0,0,0,1261800,1030108,1.0301
distribute_parallel_for_collapse_3900_1900_1400,3900,1400,0,2800,26608400,7984201,1400,80560000,43680000,7982800,2660000,5322800,2660000,0,0,0,2662800,2135263,2.1353
distribute_parallel_for_collapse_3900_1900_1900,3900,1900,0,3800,36111400,10835701,1900,88160000,59280000,10833800,3610000,7223800,3610000,0,0,0,3613800,2927447,2.9274
distribute_parallel_for_collapse_3900_1900_2400,3900,2400,0,4800,45614400,13687201,2400,95760000,74880000,13684800,4560000,9124800,4560000,0,0,0,4564800,3555693,3.5557
distribute_parallel_for_collapse_3900_1900_2900,3900,2900,0,5800,55117400,16538701,2900,103360000,90480000,16535800,5510000,11025800,5510000,0,0,0,5515800,4452642,4.4526
distribute_parallel_for_collapse_3900_1900_3900,3900,3900,0,7800,74123400,22241701,3900,118560000,121680000,22237800,7410000,14827800,7410000,0,0,0,7417800,6141043,6.1410
distribute_parallel_for_collapse_3900_1900_900,3900,900,0,1800,17105400,5132701,900,72960000,28080000,5131800,1710000,3421800,1710000,0,0,0,1711800,1397602,1.3976
distribute_parallel_for_collapse_3900_2400_1400,3900,1400,0,2800,33608400,10084201,1400,101760000,43680000,10082800,3360000,6722800,3360000,0,0,0,3362800,2721776,2.7218
distribute_parallel_for_collapse_3900_2400_1900,3900,1900,0,3800,45611400,13685701,1900,111360000,59280000,13683800,4560000,9123800,4560000,0,0,0,4563800,3741047,3.7410
distribute_parallel_for_collapse_3900_2400_2400,3900,2400,0,4800,57614400,17287201,2400,120960000,74880000,17284800,5760000,11524800,5760000,0,0,0,5764800,4590104,4.5901
distribute_parallel_for_collapse_3900_2400_2900,3900,2900,0,5800,69617400,20888701,2900,130560000,90480000,20885800,6960000,13925800,6960000,0,0,0,6965800,5695902,5.6959
distribute_parallel_for_collapse_3900_2400_3400,3900,3400,0,6800,81620400,24490201,3400,140160000,106080000,24486800,8160000,16326800,8160000,0,0,0,8166800,6666153,6.6662
distribute_parallel_for_collapse_3900_2400_3900,3900,3900,0,7800,93623400,28091701,3900,149760000,121680000,28087800,9360000,18727800,9360000,0,0,0,9367800,7661931,7.6619
distribute_parallel_for_collapse_3900_2400_900,3900,900,0,1800,21605400,6482701,900,92160000,28080000,6481800,2160000,4321800,2160000,0,0,0,2161800,1817274,1.8173
distribute_parallel_for_collapse_3900_2900_1400,3900,1400,0,2800,40608400,12184201,1400,122960000,43680000,12182800,4060000,8122800,4060000,0,0,0,4062800,3363589,3.3636
distribute_parallel_for_collapse_3900_2900_1900,3900,1900,0,3800,55111400,16535701,1900,134560000,59280000,16533800,5510000,11023800,5510000,0,0,0,5513800,4526162,4.5262
distribute_parallel_for_collapse_3900_2900_2400,3900,2400,0,4800,69614400,20887201,2400,146160000,74880000,20884800,6960000,13924800,6960000,0,0,0,6964800,5514077,5.5141
distribute_parallel_for_collapse_3900_2900_2900,3900,2900,0,5800,84117400,25238701,2900,157760000,90480000,25235800,8410000,16825800,8410000,0,0,0,8415800,6928206,6.9282
distribute_parallel_for_collapse_3900_2900_3400,3900,3400,0,6800,98620400,29590201,3400,169360000,106080000,29586800,9860000,19726800,9860000,0,0,0,9866800,7963703,7.9637
distribute_parallel_for_collapse_3900_2900_3900,3900,3900,0,7800,113123400,33941701,3900,180960000,121680000,33937800,11310000,22627800,11310000,0,0,0,11317800,9269252,9.2693
distribute_parallel_for_collapse_3900_2900_900,3900,900,0,1800,26105400,7832701,900,111360000,28080000,7831800,2610000,5221800,2610000,0,0,0,2611800,2159612,2.1596
distribute_parallel_for_collapse_3900_3400_1400,3900,1400,0,2800,47608400,14284201,1400,144160000,43680000,14282800,4760000,9522800,4760000,0,0,0,4762800,3871878,3.8719
distribute_parallel_for_collapse_3900_3400_1900,3900,1900,0,3800,64611400,19385701,1900,157760000,59280000,19383800,6460000,12923800,6460000,0,0,0,6463800,5299031,5.2990
distribute_parallel_for_collapse_3900_3400_2400,3900,2400,0,4800,81614400,24487201,2400,171360000,74880000,24484800,8160000,16324800,8160000,0,0,0,8164800,6438926,6.4389
distribute_parallel_for_collapse_3900_3400_2900,3900,2900,0,5800,98617400,29588701,2900,184960000,90480000,29585800,9860000,19725800,9860000,0,0,0,9865800,8076074,8.0761
distribute_parallel_for_collapse_3900_3400_3400,3900,3400,0,6800,115620400,34690201,3400,198560000,106080000,34686800,11560000,23126800,11560000,0,0,0,11566800,9447639,9.4476
distribute_parallel_for_collapse_3900_3400_3900,3900,3900,0,7800,132623400,39791701,3900,212160000,121680000,39787800,13260000,26527800,13260000,0,0,0,13267800,10836970,10.8370
distribute_parallel_for_collapse_3900_3400_900,3900,900,0,1800,30605400,9182701,900,130560000,28080000,9181800,3060000,6121800,3060000,0,0,0,3061800,2530402,2.5304
distribute_parallel_for_collapse_3900_3900_1400,3900,1400,0,2800,54608400,16384201,1400,165360000,43680000,16382800,5460000,10922800,5460000,0,0,0,5462800,4465412,4.4654
distribute_parallel_for_collapse_3900_3900_1900,3900,1900,0,3800,74111400,22235701,1900,180960000,59280000,22233800,7410000,14823800,7410000,0,0,0,7413800,6098911,6.0989
distribute_parallel_for_collapse_3900_3900_2400,3900,2400,0,4800,93614400,28087201,2400,196560000,74880000,28084800,9360000,18724800,9360000,0,0,0,9364800,7434564,7.4346
distribute_parallel_for_collapse_3900_3900_2900,3900,2900,0,5800,113117400,33938701,2900,212160000,90480000,33935800,11310000,22625800,11310000,0,0,0,11315800,9271734,9.2717
distribute_parallel_for_collapse_3900_3900_3400,3900,3400,0,6800,132620400,39790201,3400,227760000,106080000,39786800,13260000,26526800,13260000,0,0,0,13266800,10710522,10.7105
distribute_parallel_for_collapse_3900_3900_3900,3900,3900,0,7800,152123400,45641701,3900,243360000,121680000,45637800,15210000,30427800,15210000,0,0,0,15217800,12439535,12.4395
distribute_parallel_for_collapse_3900_3900_900,3900,900,0,1800,35105400,10532701,900,149760000,28080000,10531800,3510000,7021800,3510000,0,0,0,3511800,2902782,2.9028
distribute_parallel_for_collapse_3900_900_1400,3900,1400,0,2800,12608400,3784201,1400,38160000,43680000,3782800,1260000,2522800,1260000,0,0,0,1262800,1041628,1.0416
distribute_parallel_for_collapse_3900_900_1900,3900,1900,0,3800,17111400,5135701,1900,41760000,59280000,5133800,1710000,3423800,1710000,0,0,0,1713800,1447673,1.4477
distribute_parallel_for_collapse_3900_900_2400,3900,2400,0,4800,21614400,6487201,2400,45360000,74880000,6484800,2160000,4324800,2160000,0,0,0,2164800,1699780,1.6998
distribute_parallel_for_collapse_3900_900_2900,3900,2900,0,5800,26117400,7838701,2900,48960000,90480000,7835800,2610000,5225800,2610000,0,0,0,2615800,2131277,2.1313
distribute_parallel_for_collapse_3900_900_3400,3900,3400,0,6800,30620400,9190201,3400,52560000,106080000,9186800,3060000,6126800,3060000,0,0,0,3066800,2473534,2.4735
distribute_parallel_for_collapse_3900_900_3900,3900,3900,0,7800,35123400,10541701,3900,56160000,121680000,10537800,3510000,7027800,3510000,0,0,0,3517800,2864660,2.8647
distribute_parallel_for_collapse_3900_900_900,3900,900,0,1800,8105400,2432701,900,34560000,28080000,2431800,810000,1621800,810000,0,0,0,811800,669635,0.6696
distribute_parallel_for_collapse_400_100_100,400,100,0,200,100600,30301,100,400000,320000,30200,10000,20200,10000,0,0,0,10200,2146,0.0021
distribute_parallel_for_collapse_400_100_200,400,200,0,400,201200,60601,200,480000,640000,60400,20000,40400,20000,0,0,0,20400,4132,0.0041
distribute_parallel_for_collapse_400_100_300,400,300,0,600,301800,90901,300,560000,960000,90600,30000,60600,30000,0,0,0,30600,4590,0.0046
distribute_parallel_for_collapse_400_100_400,400,400,0,800,402400,121201,400,640000,1280000,120800,40000,80800,40000,0,0,0,40800,13160,0.0132
distribute_parallel_for_collapse_400_100_500,400,500,0,1000,503000,151501,500,720000,1600000,151000,50000,101000,50000,0,0,0,51000,8873,0.0089
distribute_parallel_for_collapse_400_100_600,400,600,0,1200,603600,181801,600,800000,1920000,181200,60000,121200,60000,0,0,0,61200,10758,0.0108
distribute_parallel_for_collapse_400_100_700,400,700,0,1400,704200,212101,700,880000,2240000,211400,70000,141400,70000,0,0,0,71400,8738,0.0087
distribute_parallel_for_collapse_400_100_800,400,800,0,1600,804800,242401,800,960000,2560000,241600,80000,161600,80000,0,0,0,81600,15855,0.0159
distribute_parallel_for_collapse_400_100_900,400,900,0,1800,905400,272701,900,1040000,2880000,271800,90000,181800,90000,0,0,0,91800,10774,0.0108
distribute_parallel_for_collapse_400_200_100,400,100,0,200,200600,60301,100,800000,320000,60200,20000,40200,20000,0,0,0,20200,4021,0.0040
distribute_parallel_for_collapse_400_200_200,400,200,0,400,401200,120601,200,960000,640000,120400,40000,80400,40000,0,0,0,40400,5787,0.0058
distribute_parallel_for_collapse_400_200_300,400,300,0,600,601800,180901,300,1120000,960000,180600,60000,120600,60000,0,0,0,60600,7870,0.0079
distribute_parallel_for_collapse_400_200_400,400,400,0,800,802400,241201,400,1280000,1280000,240800,80000,160800,80000,0,0,0,80800,10722,0.0107
distribute_parallel_for_collapse_400_200_500,400,500,0,1000,1003000,301501,500,1440000,1600000,301000,100000,201000,100000,0,0,0,101000,11709,0.0117
distribute_parallel_for_collapse_400_200_600,400,600,0,1200,1203600,361801,600,1600000,1920000,361200,120000,241200,120000,0,0,0,121200,13138,0.0131
distribute_parallel_for_collapse_400_200_700,400,700,0,1400,1404200,422101,700,1760000,2240000,421400,140000,281400,140000,0,0,0,141400,15091,0.0151
distribute_parallel_for_collapse_400_200_800,400,800,0,1600,1604800,482401,800,1920000,2560000,481600,160000,321600,160000,0,0,0,161600,16786,0.0168
distribute_parallel_for_collapse_400_200_900,400,900,0,1800,1805400,542701,900,2080000,2880000,541800,180000,361800,180000,0,0,0,181800,18169,0.0182
distribute_parallel_for_collapse_400_300_100,400,100,0,200,300600,90301,100,1200000,320000,90200,30000,60200,30000,0,0,0,30200,4279,0.0043
distribute_parallel_for_collapse_400_300_200,400,200,0,400,601200,180601,200,1440000,640000,180400,60000,120400,60000,0,0,0,60400,7384,0.0074
distribute_parallel_for_collapse_400_300_300,400,300,0,600,901800,270901,300,1680000,960000,270600,90000,180600,90000,0,0,0,90600,9623,0.0096
distribute_parallel_for_collapse_400_300_400,400,400,0,800,1202400,361201,400,1920000,1280000,360800,120000,240800,120000,0,0,0,120800,12841,0.0128
distribute_parallel_for_collapse_400_300_500,400,500,0,1000,1503000,451501,500,2160000,1600000,451000,150000,301000,150000,0,0,0,151000,14896,0.0149
distribute_parallel_for_collapse_400_300_600,400,600,0,1200,1803600,541801,600,2400000,1920000,541200,180000,361200,180000,0,0,0,181200,17880,0.0179
distribute_parallel_for_collapse_400_300_700,400,700,0,1400,2104200,632101,700,2640000,2240000,631400,210000,421400,210000,0,0,0,211400,20463,0.0205
distribute_parallel_for_collapse_400_300_800,400,800,0,1600,2404800,722401,800,2880000,2560000,721600,240000,481600,240000,0,0,0,241600,21706,0.0217
distribute_parallel_for_collapse_400_300_900,400,900,0,1800,2705400,812701,900,3120000,2880000,811800,270000,541800,270000,0,0,0,271800,25119,0.0251
distribute_parallel_for_collapse_400_400_100,400,100,0,200,400600,120301,100,1600000,320000,120200,40000,80200,40000,0,0,0,40200,5251,0.0053
distribute_parallel_for_collapse_400_400_200,400,200,0,400,801200,240601,200,1920000,640000,240400,80000,160400,80000,0,0,0,80400,9426,0.0094
distribute_parallel_for_collapse_400_400_300,400,300,0,600,1201800,360901,300,2240000,960000,360600,120000,240600,120000,0,0,0,120600,12477,0.0125
distribute_parallel_for_collapse_400_400_400,400,400,0,800,1602400,481201,400,2560000,1280000,480800,160000,320800,160000,0,0,0,160800,15273,0.0153
distribute_parallel_for_collapse_400_400_500,400,500,0,1000,2003000,601501,500,2880000,1600000,601000,200000,401000,200000,0,0,0,201000,18887,0.0189
distribute_parallel_for_collapse_400_400_600,400,600,0,1200,2403600,721801,600,3200000,1920000,721200,240000,481200,240000,0,0,0,241200,21887,0.0219
distribute_parallel_for_collapse_400_400_700,400,700,0,1400,2804200,842101,700,3520000,2240000,841400,280000,561400,280000,0,0,0,281400,25604,0.0256
distribute_parallel_for_collapse_400_400_800,400,800,0,1600,3204800,962401,800,3840000,2560000,961600,320000,641600,320000,0,0,0,321600,28871,0.0289
distribute_parallel_for_collapse_400_400_900,400,900,0,1800,3605400,1082701,900,4160000,2880000,1081800,360000,721800,360000,0,0,0,361800,32884,0.0329
distribute_parallel_for_collapse_400_500_100,400,100,0,200,500600,150301,100,2000000,320000,150200,50000,100200,50000,0,0,0,50200,6226,0.0062
distribute_parallel_for_collapse_400_500_200,400,200,0,400,1001200,300601,200,2400000,640000,300400,100000,200400,100000,0,0,0,100400,10786,0.0108
distribute_parallel_for_collapse_400_500_300,400,300,0,600,1501800,450901,300,2800000,960000,450600,150000,300600,150000,0,0,0,150600,14315,0.0143
distribute_parallel_for_collapse_400_500_400,400,400,0,800,2002400,601201,400,3200000,1280000,600800,200000,400800,200000,0,0,0,200800,19397,0.0194
distribute_parallel_for_collapse_400_500_500,400,500,0,1000,2503000,751501,500,3600000,1600000,751000,250000,501000,250000,0,0,0,251000,23220,0.0232
distribute_parallel_for_collapse_400_500_600,400,600,0,1200,3003600,901801,600,4000000,1920000,901200,300000,601200,300000,0,0,0,301200,27599,0.0276
distribute_parallel_for_collapse_400_500_700,400,700,0,1400,3504200,1052101,700,4400000,2240000,1051400,350000,701400,350000,0,0,0,351400,31514,0.0315
distribute_parallel_for_collapse_400_500_800,400,800,0,1600,4004800,1202401,800,4800000,2560000,1201600,400000,801600,400000,0,0,0,401600,34758,0.0348
distribute_parallel_for_collapse_400_500_900,400,900,0,1800,4505400,1352701,900,5200000,2880000,1351800,450000,901800,450000,0,0,0,451800,40589,0.0406
distribute_parallel_for_collapse_400_600_100,400,100,0,200,600600,180301,100,2400000,320000,180200,60000,120200,60000,0,0,0,60200,7159,0.0072
distribute_parallel_for_collapse_400_600_200,400,200,0,400,1201200,360601,200,2880000,640000,360400,120000,240400,120000,0,0,0,120400,13558,0.0136
distribute_parallel_for_collapse_400_600_300,400,300,0,600,1801800,540901,300,3360000,960000,540600,180000,360600,180000,0,0,0,180600,16729,0.0167
distribute_parallel_for_collapse_400_600_400,400,400,0,800,2402400,721201,400,3840000,1280000,720800,240000,480800,240000,0,0,0,240800,21601,0.0216
distribute_parallel_for_collapse_400_600_500,400,500,0,1000,3003000,901501,500,4320000,1600000,901000,300000,601000,300000,0,0,0,301000,26905,0.0269
distribute_parallel_for_collapse_400_600_600,400,600,0,1200,3603600,1081801,600,4800000,1920000,1081200,360000,721200,360000,0,0,0,361200,31787,0.0318
distribute_parallel_for_collapse_400_600_700,400,700,0,1400,4204200,1262101,700,5280000,2240000,1261400,420000,841400,420000,0,0,0,421400,37255,0.0373
distribute_parallel_for_collapse_400_600_800,400,800,0,1600,4804800,1442401,800,5760000,2560000,1441600,480000,961600,480000,0,0,0,481600,41517,0.0415
distribute_parallel_for_collapse_400_600_900,400,900,0,1800,5405400,1622701,900,6240000,2880000,1621800,540000,1081800,540000,0,0,0,541800,47766,0.0478
distribute_parallel_for_collapse_400_700_100,400,100,0,200,700600,210301,100,2800000,320000,210200,70000,140200,70000,0,0,0,70200,8170,0.0082
distribute_parallel_for_collapse_400_700_200,400,200,0,400,1401200,420601,200,3360000,640000,420400,140000,280400,140000,0,0,0,140400,14316,0.0143
distribute_parallel_for_collapse_400_700_300,400,300,0,600,2101800,630901,300,3920000,960000,630600,210000,420600,210000,0,0,0,210600,19226,0.0192
distribute_parallel_for_collapse_400_700_400,400,400,0,800,2802400,841201,400,4480000,1280000,840800,280000,560800,280000,0,0,0,280800,25946,0.0259
distribute_parallel_for_collapse_400_700_500,400,500,0,1000,3503000,1051501,500,5040000,1600000,1051000,350000,701000,350000,0,0,0,351000,32051,0.0321
distribute_parallel_for_collapse_400_700_600,400,600,0,1200,4203600,1261801,600,5600000,1920000,1261200,420000,841200,420000,0,0,0,421200,38112,0.0381
distribute_parallel_for_collapse_400_700_700,400,700,0,1400,4904200,1472101,700,6160000,2240000,1471400,490000,981400,490000,0,0,0,491400,43107,0.0431
distribute_parallel_for_collapse_400_700_800,400,800,0,1600,5604800,1682401,800,6720000,2560000,1681600,560000,1121600,560000,0,0,0,561600,52514,0.0525
distribute_parallel_for_collapse_400_700_900,400,900,0,1800,6305400,1892701,900,7280000,2880000,1891800,630000,1261800,630000,0,0,0,631800,56607,0.0566
distribute_parallel_for_collapse_400_800_100,400,100,0,200,800600,240301,100,3200000,320000,240200,80000,160200,80000,0,0,0,80200,8931,0.0089
distribute_parallel_for_collapse_400_800_200,400,200,0,400,1601200,480601,200,3840000,640000,480400,160000,320400,160000,0,0,0,160400,16126,0.0161
distribute_parallel_for_collapse_400_800_300,400,300,0,600,2401800,720901,300,4480000,960000,720600,240000,480600,240000,0,0,0,240600,21816,0.0218
distribute_parallel_for_collapse_400_800_400,400,400,0,800,3202400,961201,400,5120000,1280000,960800,320000,640800,320000,0,0,0,320800,28411,0.0284
distribute_parallel_for_collapse_400_800_500,400,500,0,1000,4003000,1201501,500,5760000,1600000,1201000,400000,801000,400000,0,0,0,401000,35580,0.0356
distribute_parallel_for_collapse_400_800_600,400,600,0,1200,4803600,1441801,600,6400000,1920000,1441200,480000,961200,480000,0,0,0,481200,42094,0.0421
distribute_parallel_for_collapse_400_800_700,400,700,0,1400,5604200,1682101,700,7040000,2240000,1681400,560000,1121400,560000,0,0,0,561400,49230,0.0492
distribute_parallel_for_collapse_400_800_800,400,800,0,1600,6404800,1922401,800,7680000,2560000,1921600,640000,1281600,640000,0,0,0,641600,53952,0.0540
distribute_parallel_for_collapse_400_800_900,400,900,0,1800,7205400,2162701,900,8320000,2880000,2161800,720000,1441800,720000,0,0,0,721800,63711,0.0637
distribute_parallel_for_collapse_400_900_100,400,100,0,200,900600,270301,100,3600000,320000,270200,90000,180200,90000,0,0,0,90200,10642,0.0106
distribute_parallel_for_collapse_400_900_200,400,200,0,400,1801200,540601,200,4320000,640000,540400,180000,360400,180000,0,0,0,180400,17908,0.0179
distribute_parallel_for_collapse_400_900_300,400,300,0,600,2701800,810901,300,5040000,960000,810600,270000,540600,270000,0,0,0,270600,24300,0.0243
distribute_parallel_for_collapse_400_900_400,400,400,0,800,3602400,1081201,400,5760000,1280000,1080800,360000,720800,360000,0,0,0,360800,34356,0.0344
distribute_parallel_for_collapse_400_900_500,400,500,0,1000,4503000,1351501,500,6480000,1600000,1351000,450000,901000,450000,0,0,0,451000,39747,0.0397
distribute_parallel_for_collapse_400_900_600,400,600,0,1200,5403600,1621801,600,7200000,1920000,1621200,540000,1081200,540000,0,0,0,541200,46789,0.0468
distribute_parallel_for_collapse_400_900_700,400,700,0,1400,6304200,1892101,700,7920000,2240000,1891400,630000,1261400,630000,0,0,0,631400,55028,0.0550
distribute_parallel_for_collapse_400_900_800,400,800,0,1600,7204800,2162401,800,8640000,2560000,2161600,720000,1441600,720000,0,0,0,721600,60740,0.0607
distribute_parallel_for_collapse_400_900_900,400,900,0,1800,8105400,2432701,900,9360000,2880000,2431800,810000,1621800,810000,0,0,0,811800,70452,0.0705
distribute_parallel_for_collapse_4500_4500_4500,4500,4500,0,9000,202527000,60763501,4500,324000000,162000000,60759000,20250000,40509000,20250000,0,0,0,20259000,19649953,19.6500
distribute_parallel_for_collapse_4500_4500_5000,4500,5000,0,10000,225030000,67515001,5000,342000000,180000000,67510000,22500000,45010000,22500000,0,0,0,22510000,21178300,21.1783
distribute_parallel_for_collapse_4500_4500_5500,4500,5500,0,11000,247533000,74266501,5500,360000000,198000000,74261000,24750000,49511000,24750000,0,0,0,24761000,23679791,23.6798
distribute_parallel_for_collapse_4500_4500_6000,4500,6000,0,12000,270036000,81018001,6000,378000000,216000000,81012000,27000000,54012000,27000000,0,0,0,27012000,24726784,24.7268
distribute_parallel_for_collapse_4500_5000_4500,4500,4500,0,9000,225027000,67513501,4500,360000000,162000000,67509000,22500000,45009000,22500000,0,0,0,22509000,21573024,21.5730
distribute_parallel_for_collapse_4500_5000_5000,4500,5000,0,10000,250030000,75015001,5000,380000000,180000000,75010000,25000000,50010000,25000000,0,0,0,25010000,23702719,23.7027
distribute_parallel_for_collapse_4500_5000_5500,4500,5500,0,11000,275033000,82516501,5500,400000000,198000000,82511000,27500000,55011000,27500000,0,0,0,27511000,26340835,26.3408
distribute_parallel_for_collapse_4500_5000_6000,4500,6000,0,12000,300036000,90018001,6000,420000000,216000000,90012000,30000000,60012000,30000000,0,0,0,30012000,27465684,27.4657
distribute_parallel_for_collapse_4500_5500_4500,4500,4500,0,9000,247527000,74263501,4500,396000000,162000000,74259000,24750000,49509000,24750000,0,0,0,24759000,23783741,23.7837
distribute_parallel_for_collapse_4500_5500_5000,4500,5000,0,10000,275030000,82515001,5000,418000000,180000000,82510000,27500000,55010000,27500000,0,0,0,27510000,25987426,25.9874
distribute_parallel_for_collapse_4500_5500_5500,4500,5500,0,11000,302533000,90766501,5500,440000000,198000000,90761000,30250000,60511000,30250000,0,0,0,30261000,28987435,28.9874
distribute_parallel_for_collapse_4500_5500_6000,4500,6000,0,12000,330036000,99018001,6000,462000000,216000000,99012000,33000000,66012000,33000000,0,0,0,33012000,30215576,30.2156
distribute_parallel_for_collapse_4500_6000_4500,4500,4500,0,9000,270027000,81013501,4500,432000000,162000000,81009000,27000000,54009000,27000000,0,0,0,27009000,25942130,25.9421
distribute_parallel_for_collapse_4500_6000_5000,4500,5000,0,10000,300030000,90015001,5000,456000000,180000000,90010000,30000000,60010000,30000000,0,0,0,30010000,28328520,28.3285
distribute_parallel_for_collapse_4500_6000_5500,4500,5500,0,11000,330033000,99016501,5500,480000000,198000000,99011000,33000000,66011000,33000000,0,0,0,33011000,31670699,31.6707
distribute_parallel_for_collapse_4500_6000_6000,4500,6000,0,12000,360036000,108018001,6000,504000000,216000000,108012000,36000000,72012000,36000000,0,0,0,36012000,33015640,33.0156
distribute_parallel_for_collapse_5000_4500_4500,5000,4500,0,9000,202527000,60763501,4500,342000000,180000000,60759000,20250000,40509000,20250000,0,0,0,20259000,21589687,21.5897
distribute_parallel_for_collapse_5000_4500_5000,5000,5000,0,10000,225030000,67515001,5000,360000000,200000000,67510000,22500000,45010000,22500000,0,0,0,22510000,23580735,23.5807
distribute_parallel_for_collapse_5000_4500_5500,5000,5500,0,11000,247533000,74266501,5500,378000000,220000000,74261000,24750000,49511000,24750000,0,0,0,24761000,26296670,26.2967
distribute_parallel_for_collapse_5000_4500_6000,5000,6000,0,12000,270036000,81018001,6000,396000000,240000000,81012000,27000000,54012000,27000000,0,0,0,27012000,27386892,27.3869
distribute_parallel_for_collapse_5000_5000_4500,5000,4500,0,9000,225027000,67513501,4500,380000000,180000000,67509000,22500000,45009000,22500000,0,0,0,22509000,23953196,23.9532
distribute_parallel_for_collapse_5000_5000_5000,5000,5000,0,10000,250030000,75015001,5000,400000000,200000000,75010000,25000000,50010000,25000000,0,0,0,25010000,26179576,26.1796
distribute_parallel_for_collapse_5000_5000_5500,5000,5500,0,11000,275033000,82516501,5500,420000000,220000000,82511000,27500000,55011000,27500000,0,0,0,27511000,29288317,29.2883
distribute_parallel_for_collapse_5000_5000_6000,5000,6000,0,12000,300036000,90018001,6000,440000000,240000000,90012000,30000000,60012000,30000000,0,0,0,30012000,30621888,30.6219
distribute_parallel_for_collapse_5000_5500_4500,5000,4500,0,9000,247527000,74263501,4500,418000000,180000000,74259000,24750000,49509000,24750000,0,0,0,24759000,26391967,26.3920
distribute_parallel_for_collapse_5000_5500_5000,5000,5000,0,10000,275030000,82515001,5000,440000000,200000000,82510000,27500000,55010000,27500000,0,0,0,27510000,28915317,28.9153
distribute_parallel_for_collapse_5000_5500_5500,5000,5500,0,11000,302533000,90766501,5500,462000000,220000000,90761000,30250000,60511000,30250000,0,0,0,30261000,32355793,32.3558
distribute_parallel_for_collapse_5000_5500_6000,5000,6000,0,12000,330036000,99018001,6000,484000000,240000000,99012000,33000000,66012000,33000000,0,0,0,33012000,33589139,33.5891
distribute_parallel_for_collapse_5000_6000_4500,5000,4500,0,9000,270027000,81013501,4500,456000000,180000000,81009000,27000000,54009000,27000000,0,0,0,27009000,28852995,28.8530
distribute_parallel_for_collapse_5000_6000_5000,5000,5000,0,10000,300030000,90015001,5000,480000000,200000000,90010000,30000000,60010000,30000000,0,0,0,30010000,31469495,31.4695
distribute_parallel_for_collapse_5000_6000_5500,5000,5500,0,11000,330033000,99016501,5500,504000000,220000000,99011000,33000000,66011000,33000000,0,0,0,33011000,35234947,35.2349
distribute_parallel_for_collapse_5000_6000_6000,5000,6000,0,12000,360036000,108018001,6000,528000000,240000000,108012000,36000000,72012000,36000000,0,0,0,36012000,36635530,36.6355
distribute_parallel_for_collapse_500_100_100,500,100,0,200,100600,30301,100,480000,400000,30200,10000,20200,10000,0,0,0,10200,2230,0.0022
distribute_parallel_for_collapse_500_100_200,500,200,0,400,201200,60601,200,560000,800000,60400,20000,40400,20000,0,0,0,20400,3884,0.0039
distribute_parallel_for_collapse_500_100_300,500,300,0,600,301800,90901,300,640000,1200000,90600,30000,60600,30000,0,0,0,30600,5062,0.0051
distribute_parallel_for_collapse_500_100_400,500,400,0,800,402400,121201,400,720000,1600000,120800,40000,80800,40000,0,0,0,40800,6013,0.0060
distribute_parallel_for_collapse_500_100_500,500,500,0,1000,503000,151501,500,800000,2000000,151000,50000,101000,50000,0,0,0,51000,7079,0.0071
distribute_parallel_for_collapse_500_100_600,500,600,0,1200,603600,181801,600,880000,2400000,181200,60000,121200,60000,0,0,0,61200,8242,0.0082
distribute_parallel_for_collapse_500_100_700,500,700,0,1400,704200,212101,700,960000,2800000,211400,70000,141400,70000,0,0,0,71400,9531,0.0095
distribute_parallel_for_collapse_500_100_800,500,800,0,1600,804800,242401,800,1040000,3200000,241600,80000,161600,80000,0,0,0,81600,10592,0.0106
distribute_parallel_for_collapse_500_100_900,500,900,0,1800,905400,272701,900,1120000,3600000,271800,90000,181800,90000,0,0,0,91800,12612,0.0126
distribute_parallel_for_collapse_500_200_100,500,100,0,200,200600,60301,100,960000,400000,60200,20000,40200,20000,0,0,0,20200,3493,0.0035
distribute_parallel_for_collapse_500_200_200,500,200,0,400,401200,120601,200,1120000,800000,120400,40000,80400,40000,0,0,0,40400,6234,0.0062
distribute_parallel_for_collapse_500_200_300,500,300,0,600,601800,180901,300,1280000,1200000,180600,60000,120600,60000,0,0,0,60600,8619,0.0086
distribute_parallel_for_collapse_500_200_400,500,400,0,800,802400,241201,400,1440000,1600000,240800,80000,160800,80000,0,0,0,80800,11158,0.0112
distribute_parallel_for_collapse_500_200_500,500,500,0,1000,1003000,301501,500,1600000,2000000,301000,100000,201000,100000,0,0,0,101000,12674,0.0127
distribute_parallel_for_collapse_500_200_600,500,600,0,1200,1203600,361801,600,1760000,2400000,361200,120000,241200,120000,0,0,0,121200,14786,0.0148
distribute_parallel_for_collapse_500_200_700,500,700,0,1400,1404200,422101,700,1920000,2800000,421400,140000,281400,140000,0,0,0,141400,17056,0.0171
distribute_parallel_for_collapse_500_200_800,500,800,0,1600,1604800,482401,800,2080000,3200000,481600,160000,321600,160000,0,0,0,161600,18900,0.0189
distribute_parallel_for_collapse_500_200_900,500,900,0,1800,1805400,542701,900,2240000,3600000,541800,180000,361800,180000,0,0,0,181800,21585,0.0216
distribute_parallel_for_collapse_500_300_100,500,100,0,200,300600,90301,100,1440000,400000,90200,30000,60200,30000,0,0,0,30200,4534,0.0045
distribute_parallel_for_collapse_500_300_200,500,200,0,400,601200,180601,200,1680000,800000,180400,60000,120400,60000,0,0,0,60400,8148,0.0081
distribute_parallel_for_collapse_500_300_300,500,300,0,600,901800,270901,300,1920000,1200000,270600,90000,180600,90000,0,0,0,90600,11314,0.0113
distribute_parallel_for_collapse_500_300_400,500,400,0,800,1202400,361201,400,2160000,1600000,360800,120000,240800,120000,0,0,0,120800,14173,0.0142
distribute_parallel_for_collapse_500_300_500,500,500,0,1000,1503000,451501,500,2400000,2000000,451000,150000,301000,150000,0,0,0,151000,18162,0.0182
distribute_parallel_for_collapse_500_300_600,500,600,0,1200,1803600,541801,600,2640000,2400000,541200,180000,361200,180000,0,0,0,181200,21311,0.0213
distribute_parallel_for_collapse_500_300_700,500,700,0,1400,2104200,632101,700,2880000,2800000,631400,210000,421400,210000,0,0,0,211400,24152,0.0242
distribute_parallel_for_collapse_500_300_800,500,800,0,1600,2404800,722401,800,3120000,3200000,721600,240000,481600,240000,0,0,0,241600,26931,0.0269
distribute_parallel_for_collapse_500_300_900,500,900,0,1800,2705400,812701,900,3360000,3600000,811800,270000,541800,270000,0,0,0,271800,31232,0.0312
distribute_parallel_for_collapse_500_400_100,500,100,0,200,400600,120301,100,1920000,400000,120200,40000,80200,40000,0,0,0,40200,5550,0.0056
distribute_parallel_for_collapse_500_400_200,500,200,0,400,801200,240601,200,2240000,800000,240400,80000,160400,80000,0,0,0,80400,10017,0.0100
distribute_parallel_for_collapse_500_400_300,500,300,0,600,1201800,360901,300,2560000,1200000,360600,120000,240600,120000,0,0,0,120600,14555,0.0146
distribute_parallel_for_collapse_500_400_400,500,400,0,800,1602400,481201,400,2880000,1600000,480800,160000,320800,160000,0,0,0,160800,18120,0.0181
distribute_parallel_for_collapse_500_400_500,500,500,0,1000,2003000,601501,500,3200000,2000000,601000,200000,401000,200000,0,0,0,201000,22734,0.0227
distribute_parallel_for_collapse_500_400_600,500,600,0,1200,2403600,721801,600,3520000,2400000,721200,240000,481200,240000,0,0,0,241200,26934,0.0269
distribute_parallel_for_collapse_500_400_700,500,700,0,1400,2804200,842101,700,3840000,2800000,841400,280000,561400,280000,0,0,0,281400,32825,0.0328
distribute_parallel_for_collapse_500_400_800,500,800,0,1600,3204800,962401,800,4160000,3200000,961600,320000,641600,320000,0,0,0,321600,34896,0.0349
distribute_parallel_for_collapse_500_400_900,500,900,0,1800,3605400,1082701,900,4480000,3600000,1081800,360000,721800,360000,0,0,0,361800,41884,0.0419
distribute_parallel_for_collapse_500_500_100,500,100,0,200,500600,150301,100,2400000,400000,150200,50000,100200,50000,0,0,0,50200,7210,0.0072
distribute_parallel_for_collapse_500_500_200,500,200,0,400,1001200,300601,200,2800000,800000,300400,100000,200400,100000,0,0,0,100400,15465,0.0155
distribute_parallel_for_collapse_500_500_300,500,300,0,600,1501800,450901,300,3200000,1200000,450600,150000,300600,150000,0,0,0,150600,18270,0.0183
distribute_parallel_for_collapse_500_500_400,500,400,0,800,2002400,601201,400,3600000,1600000,600800,200000,400800,200000,0,0,0,200800,22605,0.0226
distribute_parallel_for_collapse_500_500_500,500,500,0,1000,2503000,751501,500,4000000,2000000,751000,250000,501000,250000,0,0,0,251000,28752,0.0288
distribute_parallel_for_collapse_500_500_600,500,600,0,1200,3003600,901801,600,4400000,2400000,901200,300000,601200,300000,0,0,0,301200,33243,0.0332
distribute_parallel_for_collapse_500_500_700,500,700,0,1400,3504200,1052101,700,4800000,2800000,1051400,350000,701400,350000,0,0,0,351400,38944,0.0389
distribute_parallel_for_collapse_500_500_800,500,800,0,1600,4004800,1202401,800,5200000,3200000,1201600,400000,801600,400000,0,0,0,401600,42788,0.0428
distribute_parallel_for_collapse_500_500_900,500,900,0,1800,4505400,1352701,900,5600000,3600000,1351800,450000,901800,450000,0,0,0,451800,49701,0.0497
distribute_parallel_for_collapse_500_600_100,500,100,0,200,600600,180301,100,2880000,400000,180200,60000,120200,60000,0,0,0,60200,7743,0.0077
distribute_parallel_for_collapse_500_600_200,500,200,0,400,1201200,360601,200,3360000,800000,360400,120000,240400,120000,0,0,0,120400,14324,0.0143
distribute_parallel_for_collapse_500_600_300,500,300,0,600,1801800,540901,300,3840000,1200000,540600,180000,360600,180000,0,0,0,180600,20468,0.0205
distribute_parallel_for_collapse_500_600_400,500,400,0,800,2402400,721201,400,4320000,1600000,720800,240000,480800,240000,0,0,0,240800,26395,0.0264
distribute_parallel_for_collapse_500_600_500,500,500,0,1000,3003000,901501,500,4800000,2000000,901000,300000,601000,300000,0,0,0,301000,34201,0.0342
distribute_parallel_for_collapse_500_600_600,500,600,0,1200,3603600,1081801,600,5280000,2400000,1081200,360000,721200,360000,0,0,0,361200,39079,0.0391
distribute_parallel_for_collapse_500_600_700,500,700,0,1400,4204200,1262101,700,5760000,2800000,1261400,420000,841400,420000,0,0,0,421400,46081,0.0461
distribute_parallel_for_collapse_500_600_800,500,800,0,1600,4804800,1442401,800,6240000,3200000,1441600,480000,961600,480000,0,0,0,481600,50361,0.0504
distribute_parallel_for_collapse_500_600_900,500,900,0,1800,5405400,1622701,900,6720000,3600000,1621800,540000,1081800,540000,0,0,0,541800,59301,0.0593
distribute_parallel_for_collapse_500_700_100,500,100,0,200,700600,210301,100,3360000,400000,210200,70000,140200,70000,0,0,0,70200,8663,0.0087
distribute_parallel_for_collapse_500_700_200,500,200,0,400,1401200,420601,200,3920000,800000,420400,140000,280400,140000,0,0,0,140400,16057,0.0161
distribute_parallel_for_collapse_500_700_300,500,300,0,600,2101800,630901,300,4480000,1200000,630600,210000,420600,210000,0,0,0,210600,23507,0.0235
distribute_parallel_for_collapse_500_700_400,500,400,0,800,2802400,841201,400,5040000,1600000,840800,280000,560800,280000,0,0,0,280800,30204,0.0302
distribute_parallel_for_collapse_500_700_500,500,500,0,1000,3503000,1051501,500,5600000,2000000,1051000,350000,701000,350000,0,0,0,351000,38300,0.0383
distribute_parallel_for_collapse_500_700_600,500,600,0,1200,4203600,1261801,600,6160000,2400000,1261200,420000,841200,420000,0,0,0,421200,45311,0.0453
distribute_parallel_for_collapse_500_700_700,500,700,0,1400,4904200,1472101,700,6720000,2800000,1471400,490000,981400,490000,0,0,0,491400,53499,0.0535
distribute_parallel_for_collapse_500_700_800,500,800,0,1600,5604800,1682401,800,7280000,3200000,1681600,560000,1121600,560000,0,0,0,561600,59397,0.0594
distribute_parallel_for_collapse_500_700_900,500,900,0,1800,6305400,1892701,900,7840000,3600000,1891800,630000,1261800,630000,0,0,0,631800,69829,0.0698
distribute_parallel_for_collapse_500_800_100,500,100,0,200,800600,240301,100,3840000,400000,240200,80000,160200,80000,0,0,0,80200,9567,0.0096
distribute_parallel_for_collapse_500_800_200,500,200,0,400,1601200,480601,200,4480000,800000,480400,160000,320400,160000,0,0,0,160400,18631,0.0186
distribute_parallel_for_collapse_500_800_300,500,300,0,600,2401800,720901,300,5120000,1200000,720600,240000,480600,240000,0,0,0,240600,26428,0.0264
distribute_parallel_for_collapse_500_800_400,500,400,0,800,3202400,961201,400,5760000,1600000,960800,320000,640800,320000,0,0,0,320800,34152,0.0342
distribute_parallel_for_collapse_500_800_500,500,500,0,1000,4003000,1201501,500,6400000,2000000,1201000,400000,801000,400000,0,0,0,401000,43485,0.0435
distribute_parallel_for_collapse_500_800_600,500,600,0,1200,4803600,1441801,600,7040000,2400000,1441200,480000,961200,480000,0,0,0,481200,52961,0.0530
distribute_parallel_for_collapse_500_800_700,500,700,0,1400,5604200,1682101,700,7680000,2800000,1681400,560000,1121400,560000,0,0,0,561400,60606,0.0606
distribute_parallel_for_collapse_500_800_800,500,800,0,1600,6404800,1922401,800,8320000,3200000,1921600,640000,1281600,640000,0,0,0,641600,67260,0.0673
distribute_parallel_for_collapse_500_800_900,500,900,0,1800,7205400,2162701,900,8960000,3600000,2161800,720000,1441800,720000,0,0,0,721800,79126,0.0791
distribute_parallel_for_collapse_500_900_100,500,100,0,200,900600,270301,100,4320000,400000,270200,90000,180200,90000,0,0,0,90200,16926,0.0169
distribute_parallel_for_collapse_500_900_200,500,200,0,400,1801200,540601,200,5040000,800000,540400,180000,360400,180000,0,0,0,180400,21327,0.0213
distribute_parallel_for_collapse_500_900_300,500,300,0,600,2701800,810901,300,5760000,1200000,810600,270000,540600,270000,0,0,0,270600,31049,0.0310
distribute_parallel_for_collapse_500_900_400,500,400,0,800,3602400,1081201,400,6480000,1600000,1080800,360000,720800,360000,0,0,0,360800,40296,0.0403
distribute_parallel_for_collapse_500_900_500,500,500,0,1000,4503000,1351501,500,7200000,2000000,1351000,450000,901000,450000,0,0,0,451000,53837,0.0538
distribute_parallel_for_collapse_500_900_600,500,600,0,1200,5403600,1621801,600,7920000,2400000,1621200,540000,1081200,540000,0,0,0,541200,59175,0.0592
distribute_parallel_for_collapse_500_900_700,500,700,0,1400,6304200,1892101,700,8640000,2800000,1891400,630000,1261400,630000,0,0,0,631400,69486,0.0695
distribute_parallel_for_collapse_500_900_800,500,800,0,1600,7204800,2162401,800,9360000,3200000,2161600,720000,1441600,720000,0,0,0,721600,81945,0.0819
distribute_parallel_for_collapse_500_900_900,500,900,0,1800,8105400,2432701,900,10080000,3600000,2431800,810000,1621800,810000,0,0,0,811800,88851,0.0889
distribute_parallel_for_collapse_5500_4500_4500,5500,4500,0,9000,202527000,60763501,4500,360000000,198000000,60759000,20250000,40509000,20250000,0,0,0,20259000,23675918,23.6759
distribute_parallel_for_collapse_5500_4500_5000,5500,5000,0,10000,225030000,67515001,5000,378000000,220000000,67510000,22500000,45010000,22500000,0,0,0,22510000,26097469,26.0975
distribute_parallel_for_collapse_5500_4500_5500,5500,5500,0,11000,247533000,74266501,5500,396000000,242000000,74261000,24750000,49511000,24750000,0,0,0,24761000,28916368,28.9164
distribute_parallel_for_collapse_5500_4500_6000,5500,6000,0,12000,270036000,81018001,6000,414000000,264000000,81012000,27000000,54012000,27000000,0,0,0,27012000,30278590,30.2786
distribute_parallel_for_collapse_5500_5000_4500,5500,4500,0,9000,225027000,67513501,4500,400000000,198000000,67509000,22500000,45009000,22500000,0,0,0,22509000,26338265,26.3383
distribute_parallel_for_collapse_5500_5000_5500,5500,5500,0,11000,275033000,82516501,5500,440000000,242000000,82511000,27500000,55011000,27500000,0,0,0,27511000,32174103,32.1741
distribute_parallel_for_collapse_5500_5000_6000,5500,6000,0,12000,300036000,90018001,6000,460000000,264000000,90012000,30000000,60012000,30000000,0,0,0,30012000,33506646,33.5066
distribute_parallel_for_collapse_5500_5500_4500,5500,4500,0,9000,247527000,74263501,4500,440000000,198000000,74259000,24750000,49509000,24750000,0,0,0,24759000,29059622,29.0596
distribute_parallel_for_collapse_5500_5500_5000,5500,5000,0,10000,275030000,82515001,5000,462000000,220000000,82510000,27500000,55010000,27500000,0,0,0,27510000,31772966,31.7730
distribute_parallel_for_collapse_5500_5500_5500,5500,5500,0,11000,302533000,90766501,5500,484000000,242000000,90761000,30250000,60511000,30250000,0,0,0,30261000,35420183,35.4202
distribute_parallel_for_collapse_5500_5500_6000,5500,6000,0,12000,330036000,99018001,6000,506000000,264000000,99012000,33000000,66012000,33000000,0,0,0,33012000,37043951,37.0440
distribute_parallel_for_collapse_5500_6000_4500,5500,4500,0,9000,270027000,81013501,4500,480000000,198000000,81009000,27000000,54009000,27000000,0,0,0,27009000,31701338,31.7013
distribute_parallel_for_collapse_5500_6000_5000,5500,5000,0,10000,300030000,90015001,5000,504000000,220000000,90010000,30000000,60010000,30000000,0,0,0,30010000,34631647,34.6316
distribute_parallel_for_collapse_5500_6000_5500,5500,5500,0,11000,330033000,99016501,5500,528000000,242000000,99011000,33000000,66011000,33000000,0,0,0,33011000,38680963,38.6810
distribute_parallel_for_collapse_600_100_100,600,100,0,200,100600,30301,100,560000,480000,30200,10000,20200,10000,0,0,0,10200,2640,0.0026
distribute_parallel_for_collapse_600_100_200,600,200,0,400,201200,60601,200,640000,960000,60400,20000,40400,20000,0,0,0,20400,5906,0.0059
distribute_parallel_for_collapse_600_100_300,600,300,0,600,301800,90901,300,720000,1440000,90600,30000,60600,30000,0,0,0,30600,5659,0.0057
distribute_parallel_for_collapse_600_100_400,600,400,0,800,402400,121201,400,800000,1920000,120800,40000,80800,40000,0,0,0,40800,7180,0.0072
distribute_parallel_for_collapse_600_100_500,600,500,0,1000,503000,151501,500,880000,2400000,151000,50000,101000,50000,0,0,0,51000,8448,0.0084
distribute_parallel_for_collapse_600_100_600,600,600,0,1200,603600,181801,600,960000,2880000,181200,60000,121200,60000,0,0,0,61200,9822,0.0098
distribute_parallel_for_collapse_600_100_700,600,700,0,1400,704200,212101,700,1040000,3360000,211400,70000,141400,70000,0,0,0,71400,11177,0.0112
distribute_parallel_for_collapse_600_100_800,600,800,0,1600,804800,242401,800,1120000,3840000,241600,80000,161600,80000,0,0,0,81600,13081,0.0131
distribute_parallel_for_collapse_600_100_900,600,900,0,1800,905400,272701,900,1200000,4320000,271800,90000,181800,90000,0,0,0,91800,15108,0.0151
distribute_parallel_for_collapse_600_200_100,600,100,0,200,200600,60301,100,1120000,480000,60200,20000,40200,20000,0,0,0,20200,5075,0.0051
distribute_parallel_for_collapse_600_200_200,600,200,0,400,401200,120601,200,1280000,960000,120400,40000,80400,40000,0,0,0,40400,7502,0.0075
distribute_parallel_for_collapse_600_200_300,600,300,0,600,601800,180901,300,1440000,1440000,180600,60000,120600,60000,0,0,0,60600,9505,0.0095
distribute_parallel_for_collapse_600_200_400,600,400,0,800,802400,241201,400,1600000,1920000,240800,80000,160800,80000,0,0,0,80800,12395,0.0124
distribute_parallel_for_collapse_600_200_500,600,500,0,1000,1003000,301501,500,1760000,2400000,301000,100000,201000,100000,0,0,0,101000,15510,0.0155
distribute_parallel_for_collapse_600_200_600,600,600,0,1200,1203600,361801,600,1920000,2880000,361200,120000,241200,120000,0,0,0,121200,17516,0.0175
distribute_parallel_for_collapse_600_200_700,600,700,0,1400,1404200,422101,700,2080000,3360000,421400,140000,281400,140000,0,0,0,141400,20537,0.0205
distribute_parallel_for_collapse_600_200_800,600,800,0,1600,1604800,482401,800,2240000,3840000,481600,160000,321600,160000,0,0,0,161600,22468,0.0225
distribute_parallel_for_collapse_600_200_900,600,900,0,1800,1805400,542701,900,2400000,4320000,541800,180000,361800,180000,0,0,0,181800,25798,0.0258
distribute_parallel_for_collapse_600_300_100,600,100,0,200,300600,90301,100,1680000,480000,90200,30000,60200,30000,0,0,0,30200,5767,0.0058
distribute_parallel_for_collapse_600_300_200,600,200,0,400,601200,180601,200,1920000,960000,180400,60000,120400,60000,0,0,0,60400,9554,0.0096
distribute_parallel_for_collapse_600_300_300,600,300,0,600,901800,270901,300,2160000,1440000,270600,90000,180600,90000,0,0,0,90600,13451,0.0135
distribute_parallel_for_collapse_600_300_400,600,400,0,800,1202400,361201,400,2400000,1920000,360800,120000,240800,120000,0,0,0,120800,20833,0.0208
distribute_parallel_for_collapse_600_300_500,600,500,0,1000,1503000,451501,500,2640000,2400000,451000,150000,301000,150000,0,0,0,151000,24090,0.0241
distribute_parallel_for_collapse_600_300_600,600,600,0,1200,1803600,541801,600,2880000,2880000,541200,180000,361200,180000,0,0,0,181200,25529,0.0255
distribute_parallel_for_collapse_600_300_700,600,700,0,1400,2104200,632101,700,3120000,3360000,631400,210000,421400,210000,0,0,0,211400,28926,0.0289
distribute_parallel_for_collapse_600_300_800,600,800,0,1600,2404800,722401,800,3360000,3840000,721600,240000,481600,240000,0,0,0,241600,31832,0.0318
distribute_parallel_for_collapse_600_300_900,600,900,0,1800,2705400,812701,900,3600000,4320000,811800,270000,541800,270000,0,0,0,271800,37211,0.0372
distribute_parallel_for_collapse_600_400_100,600,100,0,200,400600,120301,100,2240000,480000,120200,40000,80200,40000,0,0,0,40200,7193,0.0072
distribute_parallel_for_collapse_600_400_200,600,200,0,400,801200,240601,200,2560000,960000,240400,80000,160400,80000,0,0,0,80400,11934,0.0119
distribute_parallel_for_collapse_600_400_300,600,300,0,600,1201800,360901,300,2880000,1440000,360600,120000,240600,120000,0,0,0,120600,17542,0.0175
distribute_parallel_for_collapse_600_400_400,600,400,0,800,1602400,481201,400,3200000,1920000,480800,160000,320800,160000,0,0,0,160800,21867,0.0219
distribute_parallel_for_collapse_600_400_500,600,500,0,1000,2003000,601501,500,3520000,2400000,601000,200000,401000,200000,0,0,0,201000,32462,0.0325
distribute_parallel_for_collapse_600_400_600,600,600,0,1200,2403600,721801,600,3840000,2880000,721200,240000,481200,240000,0,0,0,241200,31938,0.0319
distribute_parallel_for_collapse_600_400_700,600,700,0,1400,2804200,842101,700,4160000,3360000,841400,280000,561400,280000,0,0,0,281400,37472,0.0375
distribute_parallel_for_collapse_600_400_800,600,800,0,1600,3204800,962401,800,4480000,3840000,961600,320000,641600,320000,0,0,0,321600,41245,0.0412
distribute_parallel_for_collapse_600_400_900,600,900,0,1800,3605400,1082701,900,4800000,4320000,1081800,360000,721800,360000,0,0,0,361800,48298,0.0483
distribute_parallel_for_collapse_600_500_100,600,100,0,200,500600,150301,100,2800000,480000,150200,50000,100200,50000,0,0,0,50200,12339,0.0123
distribute_parallel_for_collapse_600_500_200,600,200,0,400,1001200,300601,200,3200000,960000,300400,100000,200400,100000,0,0,0,100400,14236,0.0142
distribute_parallel_for_collapse_600_500_300,600,300,0,600,1501800,450901,300,3600000,1440000,450600,150000,300600,150000,0,0,0,150600,20612,0.0206
distribute_parallel_for_collapse_600_500_400,600,400,0,800,2002400,601201,400,4000000,1920000,600800,200000,400800,200000,0,0,0,200800,27448,0.0274
distribute_parallel_for_collapse_600_500_500,600,500,0,1000,2503000,751501,500,4400000,2400000,751000,250000,501000,250000,0,0,0,251000,33489,0.0335
distribute_parallel_for_collapse_600_500_600,600,600,0,1200,3003600,901801,600,4800000,2880000,901200,300000,601200,300000,0,0,0,301200,40855,0.0409
distribute_parallel_for_collapse_600_500_700,600,700,0,1400,3504200,1052101,700,5200000,3360000,1051400,350000,701400,350000,0,0,0,351400,46114,0.0461
distribute_parallel_for_collapse_600_500_800,600,800,0,1600,4004800,1202401,800,5600000,3840000,1201600,400000,801600,400000,0,0,0,401600,50593,0.0506
distribute_parallel_for_collapse_600_500_900,600,900,0,1800,4505400,1352701,900,6000000,4320000,1351800,450000,901800,450000,0,0,0,451800,59130,0.0591
distribute_parallel_for_collapse_600_600_100,600,100,0,200,600600,180301,100,3360000,480000,180200,60000,120200,60000,0,0,0,60200,9933,0.0099
distribute_parallel_for_collapse_600_600_200,600,200,0,400,1201200,360601,200,3840000,960000,360400,120000,240400,120000,0,0,0,120400,16676,0.0167
distribute_parallel_for_collapse_600_600_300,600,300,0,600,1801800,540901,300,4320000,1440000,540600,180000,360600,180000,0,0,0,180600,24266,0.0243
distribute_parallel_for_collapse_600_600_400,600,400,0,800,2402400,721201,400,4800000,1920000,720800,240000,480800,240000,0,0,0,240800,31693,0.0317
distribute_parallel_for_collapse_600_600_500,600,500,0,1000,3003000,901501,500,5280000,2400000,901000,300000,601000,300000,0,0,0,301000,42891,0.0429
distribute_parallel_for_collapse_600_600_600,600,600,0,1200,3603600,1081801,600,5760000,2880000,1081200,360000,721200,360000,0,0,0,361200,46934,0.0469
distribute_parallel_for_collapse_600_600_700,600,700,0,1400,4204200,1262101,700,6240000,3360000,1261400,420000,841400,420000,0,0,0,421400,54961,0.0550
distribute_parallel_for_collapse_600_600_800,600,800,0,1600,4804800,1442401,800,6720000,3840000,1441600,480000,961600,480000,0,0,0,481600,63401,0.0634
distribute_parallel_for_collapse_600_600_900,600,900,0,1800,5405400,1622701,900,7200000,4320000,1621800,540000,1081800,540000,0,0,0,541800,70455,0.0705
distribute_parallel_for_collapse_600_700_100,600,100,0,200,700600,210301,100,3920000,480000,210200,70000,140200,70000,0,0,0,70200,11456,0.0115
distribute_parallel_for_collapse_600_700_200,600,200,0,400,1401200,420601,200,4480000,960000,420400,140000,280400,140000,0,0,0,140400,19662,0.0197
distribute_parallel_for_collapse_600_700_300,600,300,0,600,2101800,630901,300,5040000,1440000,630600,210000,420600,210000,0,0,0,210600,27770,0.0278
distribute_parallel_for_collapse_600_700_400,600,400,0,800,2802400,841201,400,5600000,1920000,840800,280000,560800,280000,0,0,0,280800,35656,0.0357
distribute_parallel_for_collapse_600_700_500,600,500,0,1000,3503000,1051501,500,6160000,2400000,1051000,350000,701000,350000,0,0,0,351000,45511,0.0455
distribute_parallel_for_collapse_600_700_600,600,600,0,1200,4203600,1261801,600,6720000,2880000,1261200,420000,841200,420000,0,0,0,421200,55193,0.0552
distribute_parallel_for_collapse_600_700_700,600,700,0,1400,4904200,1472101,700,7280000,3360000,1471400,490000,981400,490000,0,0,0,491400,63889,0.0639
distribute_parallel_for_collapse_600_700_800,600,800,0,1600,5604800,1682401,800,7840000,3840000,1681600,560000,1121600,560000,0,0,0,561600,69684,0.0697
distribute_parallel_for_collapse_600_700_900,600,900,0,1800,6305400,1892701,900,8400000,4320000,1891800,630000,1261800,630000,0,0,0,631800,81507,0.0815
distribute_parallel_for_collapse_600_800_100,600,100,0,200,800600,240301,100,4480000,480000,240200,80000,160200,80000,0,0,0,80200,13053,0.0131
distribute_parallel_for_collapse_600_800_200,600,200,0,400,1601200,480601,200,5120000,960000,480400,160000,320400,160000,0,0,0,160400,21650,0.0216
distribute_parallel_for_collapse_600_800_300,600,300,0,600,2401800,720901,300,5760000,1440000,720600,240000,480600,240000,0,0,0,240600,31414,0.0314
distribute_parallel_for_collapse_600_800_400,600,400,0,800,3202400,961201,400,6400000,1920000,960800,320000,640800,320000,0,0,0,320800,41112,0.0411
distribute_parallel_for_collapse_600_800_500,600,500,0,1000,4003000,1201501,500,7040000,2400000,1201000,400000,801000,400000,0,0,0,401000,51852,0.0519
distribute_parallel_for_collapse_600_800_600,600,600,0,1200,4803600,1441801,600,7680000,2880000,1441200,480000,961200,480000,0,0,0,481200,63633,0.0636
distribute_parallel_for_collapse_600_800_700,600,700,0,1400,5604200,1682101,700,8320000,3360000,1681400,560000,1121400,560000,0,0,0,561400,72610,0.0726
distribute_parallel_for_collapse_600_800_800,600,800,0,1600,6404800,1922401,800,8960000,3840000,1921600,640000,1281600,640000,0,0,0,641600,79784,0.0798
distribute_parallel_for_collapse_600_800_900,600,900,0,1800,7205400,2162701,900,9600000,4320000,2161800,720000,1441800,720000,0,0,0,721800,94200,0.0942
distribute_parallel_for_collapse_600_900_100,600,100,0,200,900600,270301,100,5040000,480000,270200,90000,180200,90000,0,0,0,90200,15542,0.0155
distribute_parallel_for_collapse_600_900_200,600,200,0,400,1801200,540601,200,5760000,960000,540400,180000,360400,180000,0,0,0,180400,25022,0.0250
distribute_parallel_for_collapse_600_900_300,600,300,0,600,2701800,810901,300,6480000,1440000,810600,270000,540600,270000,0,0,0,270600,36632,0.0366
distribute_parallel_for_collapse_600_900_400,600,400,0,800,3602400,1081201,400,7200000,1920000,1080800,360000,720800,360000,0,0,0,360800,45867,0.0459
distribute_parallel_for_collapse_600_900_500,600,500,0,1000,4503000,1351501,500,7920000,2400000,1351000,450000,901000,450000,0,0,0,451000,104337,0.1043
distribute_parallel_for_collapse_600_900_600,600,600,0,1200,5403600,1621801,600,8640000,2880000,1621200,540000,1081200,540000,0,0,0,541200,69290,0.0693
distribute_parallel_for_collapse_600_900_700,600,700,0,1400,6304200,1892101,700,9360000,3360000,1891400,630000,1261400,630000,0,0,0,631400,81189,0.0812
distribute_parallel_for_collapse_600_900_800,600,800,0,1600,7204800,2162401,800,10080000,3840000,2161600,720000,1441600,720000,0,0,0,721600,89528,0.0895
distribute_parallel_for_collapse_600_900_900,600,900,0,1800,8105400,2432701,900,10800000,4320000,2431800,810000,1621800,810000,0,0,0,811800,103907,0.1039
distribute_parallel_for_collapse_6500_6500_6500,6500,6500,0,13000,422539000,126769501,6500,676000000,338000000,126763000,42250000,84513000,42250000,0,0,0,42263000,59417837,59.4178
distribute_parallel_for_collapse_6500_6500_7000,6500,7000,0,14000,455042000,136521001,7000,702000000,364000000,136514000,45500000,91014000,45500000,0,0,0,45514000,63016357,63.0164
distribute_parallel_for_collapse_6500_6500_7500,6500,7500,0,15000,487545000,146272501,7500,728000000,390000000,146265000,48750000,97515000,48750000,0,0,0,48765000,68652502,68.6525
distribute_parallel_for_collapse_6500_6500_8000,6500,8000,0,16000,520048000,156024001,8000,754000000,416000000,156016000,52000000,104016000,52000000,0,0,0,52016000,69946285,69.9463
distribute_parallel_for_collapse_6500_7000_6500,6500,6500,0,13000,455039000,136519501,6500,728000000,338000000,136513000,45500000,91013000,45500000,0,0,0,45513000,64011342,64.0113
distribute_parallel_for_collapse_6500_7000_7000,6500,7000,0,14000,490042000,147021001,7000,756000000,364000000,147014000,49000000,98014000,49000000,0,0,0,49014000,68037678,68.0377
distribute_parallel_for_collapse_6500_7000_7500,6500,7500,0,15000,525045000,157522501,7500,784000000,390000000,157515000,52500000,105015000,52500000,0,0,0,52515000,74469942,74.4699
distribute_parallel_for_collapse_6500_7000_8000,6500,8000,0,16000,560048000,168024001,8000,812000000,416000000,168016000,56000000,112016000,56000000,0,0,0,56016000,75393326,75.3933
distribute_parallel_for_collapse_6500_7500_6500,6500,6500,0,13000,487539000,146269501,6500,780000000,338000000,146263000,48750000,97513000,48750000,0,0,0,48763000,68677417,68.6774
distribute_parallel_for_collapse_6500_7500_7000,6500,7000,0,14000,525042000,157521001,7000,810000000,364000000,157514000,52500000,105014000,52500000,0,0,0,52514000,72888773,72.8888
distribute_parallel_for_collapse_6500_7500_7500,6500,7500,0,15000,562545000,168772501,7500,840000000,390000000,168765000,56250000,112515000,56250000,0,0,0,56265000,79452614,79.4526
distribute_parallel_for_collapse_6500_7500_8000,6500,8000,0,16000,600048000,180024001,8000,870000000,416000000,180016000,60000000,120016000,60000000,0,0,0,60016000,80732601,80.7326
distribute_parallel_for_collapse_6500_8000_6500,6500,6500,0,13000,520039000,156019501,6500,832000000,338000000,156013000,52000000,104013000,52000000,0,0,0,52013000,73336869,73.3369
distribute_parallel_for_collapse_6500_8000_7000,6500,7000,0,14000,560042000,168021001,7000,864000000,364000000,168014000,56000000,112014000,56000000,0,0,0,56014000,77791677,77.7917
distribute_parallel_for_collapse_6500_8000_7500,6500,7500,0,15000,600045000,180022501,7500,896000000,390000000,180015000,60000000,120015000,60000000,0,0,0,60015000,84650847,84.6508
distribute_parallel_for_collapse_7000_6500_6500,7000,6500,0,13000,422539000,126769501,6500,702000000,364000000,126763000,42250000,84513000,42250000,0,0,0,42263000,63934803,63.9348
distribute_parallel_for_collapse_7000_6500_7000,7000,7000,0,14000,455042000,136521001,7000,728000000,392000000,136514000,45500000,91014000,45500000,0,0,0,45514000,67860893,67.8609
distribute_parallel_for_collapse_7000_6500_7500,7000,7500,0,15000,487545000,146272501,7500,754000000,420000000,146265000,48750000,97515000,48750000,0,0,0,48765000,73874527,73.8745
distribute_parallel_for_collapse_7000_6500_8000,7000,8000,0,16000,520048000,156024001,8000,780000000,448000000,156016000,52000000,104016000,52000000,0,0,0,52016000,75228544,75.2285
distribute_parallel_for_collapse_700_100_100,700,100,0,200,100600,30301,100,640000,560000,30200,10000,20200,10000,0,0,0,10200,3204,0.0032
distribute_parallel_for_collapse_700_100_200,700,200,0,400,201200,60601,200,720000,1120000,60400,20000,40400,20000,0,0,0,20400,4849,0.0048
distribute_parallel_for_collapse_700_100_300,700,300,0,600,301800,90901,300,800000,1680000,90600,30000,60600,30000,0,0,0,30600,6276,0.0063
distribute_parallel_for_collapse_700_100_400,700,400,0,800,402400,121201,400,880000,2240000,120800,40000,80800,40000,0,0,0,40800,7936,0.0079
distribute_parallel_for_collapse_700_100_500,700,500,0,1000,503000,151501,500,960000,2800000,151000,50000,101000,50000,0,0,0,51000,9723,0.0097
distribute_parallel_for_collapse_700_100_600,700,600,0,1200,603600,181801,600,1040000,3360000,181200,60000,121200,60000,0,0,0,61200,11335,0.0113
distribute_parallel_for_collapse_700_100_700,700,700,0,1400,704200,212101,700,1120000,3920000,211400,70000,141400,70000,0,0,0,71400,13340,0.0133
distribute_parallel_for_collapse_700_100_800,700,800,0,1600,804800,242401,800,1200000,4480000,241600,80000,161600,80000,0,0,0,81600,14883,0.0149
distribute_parallel_for_collapse_700_100_900,700,900,0,1800,905400,272701,900,1280000,5040000,271800,90000,181800,90000,0,0,0,91800,17536,0.0175
distribute_parallel_for_collapse_700_200_100,700,100,0,200,200600,60301,100,1280000,560000,60200,20000,40200,20000,0,0,0,20200,4695,0.0047
distribute_parallel_for_collapse_700_200_200,700,200,0,400,401200,120601,200,1440000,1120000,120400,40000,80400,40000,0,0,0,40400,8433,0.0084
distribute_parallel_for_collapse_700_200_300,700,300,0,600,601800,180901,300,1600000,1680000,180600,60000,120600,60000,0,0,0,60600,11411,0.0114
distribute_parallel_for_collapse_700_200_400,700,400,0,800,802400,241201,400,1760000,2240000,240800,80000,160800,80000,0,0,0,80800,23945,0.0239
distribute_parallel_for_collapse_700_200_500,700,500,0,1000,1003000,301501,500,1920000,2800000,301000,100000,201000,100000,0,0,0,101000,25970,0.0260
distribute_parallel_for_collapse_700_200_600,700,600,0,1200,1203600,361801,600,2080000,3360000,361200,120000,241200,120000,0,0,0,121200,19852,0.0199
distribute_parallel_for_collapse_700_200_700,700,700,0,1400,1404200,422101,700,2240000,3920000,421400,140000,281400,140000,0,0,0,141400,23200,0.0232
distribute_parallel_for_collapse_700_200_800,700,800,0,1600,1604800,482401,800,2400000,4480000,481600,160000,321600,160000,0,0,0,161600,25692,0.0257
distribute_parallel_for_collapse_700_200_900,700,900,0,1800,1805400,542701,900,2560000,5040000,541800,180000,361800,180000,0,0,0,181800,29435,0.0294
distribute_parallel_for_collapse_700_300_100,700,100,0,200,300600,90301,100,1920000,560000,90200,30000,60200,30000,0,0,0,30200,5918,0.0059
distribute_parallel_for_collapse_700_300_200,700,200,0,400,601200,180601,200,2160000,1120000,180400,60000,120400,60000,0,0,0,60400,11053,0.0111
distribute_parallel_for_collapse_700_300_300,700,300,0,600,901800,270901,300,2400000,1680000,270600,90000,180600,90000,0,0,0,90600,15065,0.0151
distribute_parallel_for_collapse_700_300_400,700,400,0,800,1202400,361201,400,2640000,2240000,360800,120000,240800,120000,0,0,0,120800,19139,0.0191
distribute_parallel_for_collapse_700_300_500,700,500,0,1000,1503000,451501,500,2880000,2800000,451000,150000,301000,150000,0,0,0,151000,24208,0.0242
distribute_parallel_for_collapse_700_300_600,700,600,0,1200,1803600,541801,600,3120000,3360000,541200,180000,361200,180000,0,0,0,181200,28761,0.0288
distribute_parallel_for_collapse_700_300_700,700,700,0,1400,2104200,632101,700,3360000,3920000,631400,210000,421400,210000,0,0,0,211400,34275,0.0343
distribute_parallel_for_collapse_700_300_800,700,800,0,1600,2404800,722401,800,3600000,4480000,721600,240000,481600,240000,0,0,0,241600,37676,0.0377
distribute_parallel_for_collapse_700_300_900,700,900,0,1800,2705400,812701,900,3840000,5040000,811800,270000,541800,270000,0,0,0,271800,42410,0.0424
distribute_parallel_for_collapse_700_400_100,700,100,0,200,400600,120301,100,2560000,560000,120200,40000,80200,40000,0,0,0,40200,7433,0.0074
distribute_parallel_for_collapse_700_400_200,700,200,0,400,801200,240601,200,2880000,1120000,240400,80000,160400,80000,0,0,0,80400,13527,0.0135
distribute_parallel_for_collapse_700_400_300,700,300,0,600,1201800,360901,300,3200000,1680000,360600,120000,240600,120000,0,0,0,120600,19227,0.0192
distribute_parallel_for_collapse_700_400_400,700,400,0,800,1602400,481201,400,3520000,2240000,480800,160000,320800,160000,0,0,0,160800,24904,0.0249
distribute_parallel_for_collapse_700_400_500,700,500,0,1000,2003000,601501,500,3840000,2800000,601000,200000,401000,200000,0,0,0,201000,30992,0.0310
distribute_parallel_for_collapse_700_400_600,700,600,0,1200,2403600,721801,600,4160000,3360000,721200,240000,481200,240000,0,0,0,241200,38225,0.0382
distribute_parallel_for_collapse_700_400_700,700,700,0,1400,2804200,842101,700,4480000,3920000,841400,280000,561400,280000,0,0,0,281400,46763,0.0468
distribute_parallel_for_collapse_700_400_800,700,800,0,1600,3204800,962401,800,4800000,4480000,961600,320000,641600,320000,0,0,0,321600,56731,0.0567
distribute_parallel_for_collapse_700_400_900,700,900,0,1800,3605400,1082701,900,5120000,5040000,1081800,360000,721800,360000,0,0,0,361800,55418,0.0554
distribute_parallel_for_collapse_700_500_100,700,100,0,200,500600,150301,100,3200000,560000,150200,50000,100200,50000,0,0,0,50200,8828,0.0088
distribute_parallel_for_collapse_700_500_200,700,200,0,400,1001200,300601,200,3600000,1120000,300400,100000,200400,100000,0,0,0,100400,16314,0.0163
distribute_parallel_for_collapse_700_500_300,700,300,0,600,1501800,450901,300,4000000,1680000,450600,150000,300600,150000,0,0,0,150600,25230,0.0252
distribute_parallel_for_collapse_700_500_400,700,400,0,800,2002400,601201,400,4400000,2240000,600800,200000,400800,200000,0,0,0,200800,29956,0.0300
distribute_parallel_for_collapse_700_500_500,700,500,0,1000,2503000,751501,500,4800000,2800000,751000,250000,501000,250000,0,0,0,251000,38211,0.0382
distribute_parallel_for_collapse_700_500_600,700,600,0,1200,3003600,901801,600,5200000,3360000,901200,300000,601200,300000,0,0,0,301200,45320,0.0453
distribute_parallel_for_collapse_700_500_700,700,700,0,1400,3504200,1052101,700,5600000,3920000,1051400,350000,701400,350000,0,0,0,351400,53931,0.0539
distribute_parallel_for_collapse_700_500_800,700,800,0,1600,4004800,1202401,800,6000000,4480000,1201600,400000,801600,400000,0,0,0,401600,58820,0.0588
distribute_parallel_for_collapse_700_500_900,700,900,0,1800,4505400,1352701,900,6400000,5040000,1351800,450000,901800,450000,0,0,0,451800,68378,0.0684
distribute_parallel_for_collapse_700_600_100,700,100,0,200,600600,180301,100,3840000,560000,180200,60000,120200,60000,0,0,0,60200,10631,0.0106
distribute_parallel_for_collapse_700_600_200,700,200,0,400,1201200,360601,200,4320000,1120000,360400,120000,240400,120000,0,0,0,120400,20265,0.0203
distribute_parallel_for_collapse_700_600_300,700,300,0,600,1801800,540901,300,4800000,1680000,540600,180000,360600,180000,0,0,0,180600,27872,0.0279
distribute_parallel_for_collapse_700_600_400,700,400,0,800,2402400,721201,400,5280000,2240000,720800,240000,480800,240000,0,0,0,240800,35588,0.0356
distribute_parallel_for_collapse_700_600_500,700,500,0,1000,3003000,901501,500,5760000,2800000,901000,300000,601000,300000,0,0,0,301000,45487,0.0455
distribute_parallel_for_collapse_700_600_600,700,600,0,1200,3603600,1081801,600,6240000,3360000,1081200,360000,721200,360000,0,0,0,361200,55787,0.0558
distribute_parallel_for_collapse_700_600_700,700,700,0,1400,4204200,1262101,700,6720000,3920000,1261400,420000,841400,420000,0,0,0,421400,64801,0.0648
distribute_parallel_for_collapse_700_600_800,700,800,0,1600,4804800,1442401,800,7200000,4480000,1441600,480000,961600,480000,0,0,0,481600,74848,0.0748
distribute_parallel_for_collapse_700_600_900,700,900,0,1800,5405400,1622701,900,7680000,5040000,1621800,540000,1081800,540000,0,0,0,541800,83618,0.0836
distribute_parallel_for_collapse_700_700_100,700,100,0,200,700600,210301,100,4480000,560000,210200,70000,140200,70000,0,0,0,70200,12839,0.0128
distribute_parallel_for_collapse_700_700_200,700,200,0,400,1401200,420601,200,5040000,1120000,420400,140000,280400,140000,0,0,0,140400,22488,0.0225
distribute_parallel_for_collapse_700_700_300,700,300,0,600,2101800,630901,300,5600000,1680000,630600,210000,420600,210000,0,0,0,210600,32604,0.0326
distribute_parallel_for_collapse_700_700_400,700,400,0,800,2802400,841201,400,6160000,2240000,840800,280000,560800,280000,0,0,0,280800,42421,0.0424
distribute_parallel_for_collapse_700_700_500,700,500,0,1000,3503000,1051501,500,6720000,2800000,1051000,350000,701000,350000,0,0,0,351000,63913,0.0639
distribute_parallel_for_collapse_700_700_600,700,600,0,1200,4203600,1261801,600,7280000,3360000,1261200,420000,841200,420000,0,0,0,421200,64596,0.0646
distribute_parallel_for_collapse_700_700_700,700,700,0,1400,4904200,1472101,700,7840000,3920000,1471400,490000,981400,490000,0,0,0,491400,78062,0.0781
distribute_parallel_for_collapse_700_700_800,700,800,0,1600,5604800,1682401,800,8400000,4480000,1681600,560000,1121600,560000,0,0,0,561600,84111,0.0841
distribute_parallel_for_collapse_700_700_900,700,900,0,1800,6305400,1892701,900,8960000,5040000,1891800,630000,1261800,630000,0,0,0,631800,99866,0.0999
distribute_parallel_for_collapse_700_800_100,700,100,0,200,800600,240301,100,5120000,560000,240200,80000,160200,80000,0,0,0,80200,15664,0.0157
distribute_parallel_for_collapse_700_800_200,700,200,0,400,1601200,480601,200,5760000,1120000,480400,160000,320400,160000,0,0,0,160400,27886,0.0279
distribute_parallel_for_collapse_700_800_300,700,300,0,600,2401800,720901,300,6400000,1680000,720600,240000,480600,240000,0,0,0,240600,37955,0.0380
distribute_parallel_for_collapse_700_800_400,700,400,0,800,3202400,961201,400,7040000,2240000,960800,320000,640800,320000,0,0,0,320800,57867,0.0579
distribute_parallel_for_collapse_700_800_500,700,500,0,1000,4003000,1201501,500,7680000,2800000,1201000,400000,801000,400000,0,0,0,401000,61747,0.0617
distribute_parallel_for_collapse_700_800_600,700,600,0,1200,4803600,1441801,600,8320000,3360000,1441200,480000,961200,480000,0,0,0,481200,72978,0.0730
distribute_parallel_for_collapse_700_800_700,700,700,0,1400,5604200,1682101,700,8960000,3920000,1681400,560000,1121400,560000,0,0,0,561400,87713,0.0877
distribute_parallel_for_collapse_700_800_800,700,800,0,1600,6404800,1922401,800,9600000,4480000,1921600,640000,1281600,640000,0,0,0,641600,95037,0.0950
distribute_parallel_for_collapse_700_800_900,700,900,0,1800,7205400,2162701,900,10240000,5040000,2161800,720000,1441800,720000,0,0,0,721800,119384,0.1194
distribute_parallel_for_collapse_700_900_100,700,100,0,200,900600,270301,100,5760000,560000,270200,90000,180200,90000,0,0,0,90200,16656,0.0167
distribute_parallel_for_collapse_700_900_200,700,200,0,400,1801200,540601,200,6480000,1120000,540400,180000,360400,180000,0,0,0,180400,31753,0.0318
distribute_parallel_for_collapse_700_900_300,700,300,0,600,2701800,810901,300,7200000,1680000,810600,270000,540600,270000,0,0,0,270600,46289,0.0463
distribute_parallel_for_collapse_700_900_400,700,400,0,800,3602400,1081201,400,7920000,2240000,1080800,360000,720800,360000,0,0,0,360800,54125,0.0541
distribute_parallel_for_collapse_700_900_500,700,500,0,1000,4503000,1351501,500,8640000,2800000,1351000,450000,901000,450000,0,0,0,451000,69061,0.0691
distribute_parallel_for_collapse_700_900_600,700,600,0,1200,5403600,1621801,600,9360000,3360000,1621200,540000,1081200,540000,0,0,0,541200,81469,0.0815
distribute_parallel_for_collapse_700_900_700,700,700,0,1400,6304200,1892101,700,10080000,3920000,1891400,630000,1261400,630000,0,0,0,631400,109725,0.1097
distribute_parallel_for_collapse_700_900_800,700,800,0,1600,7204800,2162401,800,10800000,4480000,2161600,720000,1441600,720000,0,0,0,721600,106988,0.1070
distribute_parallel_for_collapse_700_900_900,700,900,0,1800,8105400,2432701,900,11520000,5040000,2431800,810000,1621800,810000,0,0,0,811800,156169,0.1562
distribute_parallel_for_collapse_800_100_100,800,100,0,200,100600,30301,100,720000,640000,30200,10000,20200,10000,0,0,0,10200,9966,0.0100
distribute_parallel_for_collapse_800_100_200,800,200,0,400,201200,60601,200,800000,1280000,60400,20000,40400,20000,0,0,0,20400,9506,0.0095
distribute_parallel_for_collapse_800_100_300,800,300,0,600,301800,90901,300,880000,1920000,90600,30000,60600,30000,0,0,0,30600,8027,0.0080
distribute_parallel_for_collapse_800_100_400,800,400,0,800,402400,121201,400,960000,2560000,120800,40000,80800,40000,0,0,0,40800,9536,0.0095
distribute_parallel_for_collapse_800_100_500,800,500,0,1000,503000,151501,500,1040000,3200000,151000,50000,101000,50000,0,0,0,51000,13913,0.0139
distribute_parallel_for_collapse_800_100_600,800,600,0,1200,603600,181801,600,1120000,3840000,181200,60000,121200,60000,0,0,0,61200,13894,0.0139
distribute_parallel_for_collapse_800_100_700,800,700,0,1400,704200,212101,700,1200000,4480000,211400,70000,141400,70000,0,0,0,71400,17399,0.0174
distribute_parallel_for_collapse_800_100_800,800,800,0,1600,804800,242401,800,1280000,5120000,241600,80000,161600,80000,0,0,0,81600,18187,0.0182
distribute_parallel_for_collapse_800_100_900,800,900,0,1800,905400,272701,900,1360000,5760000,271800,90000,181800,90000,0,0,0,91800,20132,0.0201
distribute_parallel_for_collapse_800_200_100,800,100,0,200,200600,60301,100,1440000,640000,60200,20000,40200,20000,0,0,0,20200,6037,0.0060
distribute_parallel_for_collapse_800_200_200,800,200,0,400,401200,120601,200,1600000,1280000,120400,40000,80400,40000,0,0,0,40400,16904,0.0169
distribute_parallel_for_collapse_800_200_300,800,300,0,600,601800,180901,300,1760000,1920000,180600,60000,120600,60000,0,0,0,60600,13868,0.0139
distribute_parallel_for_collapse_800_200_400,800,400,0,800,802400,241201,400,1920000,2560000,240800,80000,160800,80000,0,0,0,80800,16344,0.0163
distribute_parallel_for_collapse_800_200_500,800,500,0,1000,1003000,301501,500,2080000,3200000,301000,100000,201000,100000,0,0,0,101000,19090,0.0191
distribute_parallel_for_collapse_800_200_600,800,600,0,1200,1203600,361801,600,2240000,3840000,361200,120000,241200,120000,0,0,0,121200,22624,0.0226
distribute_parallel_for_collapse_800_200_700,800,700,0,1400,1404200,422101,700,2400000,4480000,421400,140000,281400,140000,0,0,0,141400,28360,0.0284
distribute_parallel_for_collapse_800_200_800,800,800,0,1600,1604800,482401,800,2560000,5120000,481600,160000,321600,160000,0,0,0,161600,29625,0.0296
distribute_parallel_for_collapse_800_200_900,800,900,0,1800,1805400,542701,900,2720000,5760000,541800,180000,361800,180000,0,0,0,181800,33410,0.0334
distribute_parallel_for_collapse_800_300_100,800,100,0,200,300600,90301,100,2160000,640000,90200,30000,60200,30000,0,0,0,30200,6955,0.0070
distribute_parallel_for_collapse_800_300_200,800,200,0,400,601200,180601,200,2400000,1280000,180400,60000,120400,60000,0,0,0,60400,13586,0.0136
distribute_parallel_for_collapse_800_300_300,800,300,0,600,901800,270901,300,2640000,1920000,270600,90000,180600,90000,0,0,0,90600,18881,0.0189
distribute_parallel_for_collapse_800_300_400,800,400,0,800,1202400,361201,400,2880000,2560000,360800,120000,240800,120000,0,0,0,120800,21469,0.0215
distribute_parallel_for_collapse_800_300_500,800,500,0,1000,1503000,451501,500,3120000,3200000,451000,150000,301000,150000,0,0,0,151000,27392,0.0274
distribute_parallel_for_collapse_800_300_600,800,600,0,1200,1803600,541801,600,3360000,3840000,541200,180000,361200,180000,0,0,0,181200,32109,0.0321
distribute_parallel_for_collapse_800_300_700,800,700,0,1400,2104200,632101,700,3600000,4480000,631400,210000,421400,210000,0,0,0,211400,38610,0.0386
distribute_parallel_for_collapse_800_300_800,800,800,0,1600,2404800,722401,800,3840000,5120000,721600,240000,481600,240000,0,0,0,241600,42174,0.0422
distribute_parallel_for_collapse_800_300_900,800,900,0,1800,2705400,812701,900,4080000,5760000,811800,270000,541800,270000,0,0,0,271800,48526,0.0485
distribute_parallel_for_collapse_800_400_100,800,100,0,200,400600,120301,100,2880000,640000,120200,40000,80200,40000,0,0,0,40200,9685,0.0097
distribute_parallel_for_collapse_800_400_200,800,200,0,400,801200,240601,200,3200000,1280000,240400,80000,160400,80000,0,0,0,80400,16447,0.0164
distribute_parallel_for_collapse_800_400_300,800,300,0,600,1201800,360901,300,3520000,1920000,360600,120000,240600,120000,0,0,0,120600,22566,0.0226
distribute_parallel_for_collapse_800_400_400,800,400,0,800,1602400,481201,400,3840000,2560000,480800,160000,320800,160000,0,0,0,160800,28455,0.0285
distribute_parallel_for_collapse_800_400_500,800,500,0,1000,2003000,601501,500,4160000,3200000,601000,200000,401000,200000,0,0,0,201000,35280,0.0353
distribute_parallel_for_collapse_800_400_600,800,600,0,1200,2403600,721801,600,4480000,3840000,721200,240000,481200,240000,0,0,0,241200,42519,0.0425
distribute_parallel_for_collapse_800_400_700,800,700,0,1400,2804200,842101,700,4800000,4480000,841400,280000,561400,280000,0,0,0,281400,52784,0.0528
distribute_parallel_for_collapse_800_400_800,800,800,0,1600,3204800,962401,800,5120000,5120000,961600,320000,641600,320000,0,0,0,321600,55941,0.0559
distribute_parallel_for_collapse_800_400_900,800,900,0,1800,3605400,1082701,900,5440000,5760000,1081800,360000,721800,360000,0,0,0,361800,64169,0.0642
distribute_parallel_for_collapse_800_500_100,800,100,0,200,500600,150301,100,3600000,640000,150200,50000,100200,50000,0,0,0,50200,11125,0.0111
distribute_parallel_for_collapse_800_500_200,800,200,0,400,1001200,300601,200,4000000,1280000,300400,100000,200400,100000,0,0,0,100400,18457,0.0185
distribute_parallel_for_collapse_800_500_300,800,300,0,600,1501800,450901,300,4400000,1920000,450600,150000,300600,150000,0,0,0,150600,26320,0.0263
distribute_parallel_for_collapse_800_500_400,800,400,0,800,2002400,601201,400,4800000,2560000,600800,200000,400800,200000,0,0,0,200800,34192,0.0342
distribute_parallel_for_collapse_800_500_500,800,500,0,1000,2503000,751501,500,5200000,3200000,751000,250000,501000,250000,0,0,0,251000,43611,0.0436
distribute_parallel_for_collapse_800_500_600,800,600,0,1200,3003600,901801,600,5600000,3840000,901200,300000,601200,300000,0,0,0,301200,51811,0.0518
distribute_parallel_for_collapse_800_500_700,800,700,0,1400,3504200,1052101,700,6000000,4480000,1051400,350000,701400,350000,0,0,0,351400,60954,0.0610
distribute_parallel_for_collapse_800_500_800,800,800,0,1600,4004800,1202401,800,6400000,5120000,1201600,400000,801600,400000,0,0,0,401600,67247,0.0672
distribute_parallel_for_collapse_800_500_900,800,900,0,1800,4505400,1352701,900,6800000,5760000,1351800,450000,901800,450000,0,0,0,451800,77946,0.0779
distribute_parallel_for_collapse_800_600_100,800,100,0,200,600600,180301,100,4320000,640000,180200,60000,120200,60000,0,0,0,60200,12648,0.0126
distribute_parallel_for_collapse_800_600_200,800,200,0,400,1201200,360601,200,4800000,1280000,360400,120000,240400,120000,0,0,0,120400,25966,0.0260
distribute_parallel_for_collapse_800_600_300,800,300,0,600,1801800,540901,300,5280000,1920000,540600,180000,360600,180000,0,0,0,180600,32548,0.0325
distribute_parallel_for_collapse_800_600_400,800,400,0,800,2402400,721201,400,5760000,2560000,720800,240000,480800,240000,0,0,0,240800,40242,0.0402
distribute_parallel_for_collapse_800_600_500,800,500,0,1000,3003000,901501,500,6240000,3200000,901000,300000,601000,300000,0,0,0,301000,51834,0.0518
distribute_parallel_for_collapse_800_600_600,800,600,0,1200,3603600,1081801,600,6720000,3840000,1081200,360000,721200,360000,0,0,0,361200,61971,0.0620
distribute_parallel_for_collapse_800_600_700,800,700,0,1400,4204200,1262101,700,7200000,4480000,1261400,420000,841400,420000,0,0,0,421400,72501,0.0725
distribute_parallel_for_collapse_800_600_800,800,800,0,1600,4804800,1442401,800,7680000,5120000,1441600,480000,961600,480000,0,0,0,481600,80597,0.0806
distribute_parallel_for_collapse_800_600_900,800,900,0,1800,5405400,1622701,900,8160000,5760000,1621800,540000,1081800,540000,0,0,0,541800,93114,0.0931
distribute_parallel_for_collapse_800_700_100,800,100,0,200,700600,210301,100,5040000,640000,210200,70000,140200,70000,0,0,0,70200,14551,0.0146
distribute_parallel_for_collapse_800_700_200,800,200,0,400,1401200,420601,200,5600000,1280000,420400,140000,280400,140000,0,0,0,140400,24993,0.0250
distribute_parallel_for_collapse_800_700_300,800,300,0,600,2101800,630901,300,6160000,1920000,630600,210000,420600,210000,0,0,0,210600,36629,0.0366
distribute_parallel_for_collapse_800_700_400,800,400,0,800,2802400,841201,400,6720000,2560000,840800,280000,560800,280000,0,0,0,280800,46778,0.0468
distribute_parallel_for_collapse_800_700_500,800,500,0,1000,3503000,1051501,500,7280000,3200000,1051000,350000,701000,350000,0,0,0,351000,60703,0.0607
distribute_parallel_for_collapse_800_700_600,800,600,0,1200,4203600,1261801,600,7840000,3840000,1261200,420000,841200,420000,0,0,0,421200,81128,0.0811
distribute_parallel_for_collapse_800_700_700,800,700,0,1400,4904200,1472101,700,8400000,4480000,1471400,490000,981400,490000,0,0,0,491400,94847,0.0948
distribute_parallel_for_collapse_800_700_800,800,800,0,1600,5604800,1682401,800,8960000,5120000,1681600,560000,1121600,560000,0,0,0,561600,92923,0.0929
distribute_parallel_for_collapse_800_700_900,800,900,0,1800,6305400,1892701,900,9520000,5760000,1891800,630000,1261800,630000,0,0,0,631800,108221,0.1082
distribute_parallel_for_collapse_800_800_100,800,100,0,200,800600,240301,100,5760000,640000,240200,80000,160200,80000,0,0,0,80200,17356,0.0174
distribute_parallel_for_collapse_800_800_200,800,200,0,400,1601200,480601,200,6400000,1280000,480400,160000,320400,160000,0,0,0,160400,28403,0.0284
distribute_parallel_for_collapse_800_800_300,800,300,0,600,2401800,720901,300,7040000,1920000,720600,240000,480600,240000,0,0,0,240600,41683,0.0417
distribute_parallel_for_collapse_800_800_400,800,400,0,800,3202400,961201,400,7680000,2560000,960800,320000,640800,320000,0,0,0,320800,53539,0.0535
distribute_parallel_for_collapse_800_800_500,800,500,0,1000,4003000,1201501,500,8320000,3200000,1201000,400000,801000,400000,0,0,0,401000,70261,0.0703
distribute_parallel_for_collapse_800_800_600,800,600,0,1200,4803600,1441801,600,8960000,3840000,1441200,480000,961200,480000,0,0,0,481200,81455,0.0815
distribute_parallel_for_collapse_800_800_700,800,700,0,1400,5604200,1682101,700,9600000,4480000,1681400,560000,1121400,560000,0,0,0,561400,96663,0.0967
distribute_parallel_for_collapse_800_800_800,800,800,0,1600,6404800,1922401,800,10240000,5120000,1921600,640000,1281600,640000,0,0,0,641600,106520,0.1065
distribute_parallel_for_collapse_800_800_900,800,900,0,1800,7205400,2162701,900,10880000,5760000,2161800,720000,1441800,720000,0,0,0,721800,122936,0.1229
distribute_parallel_for_collapse_800_900_100,800,100,0,200,900600,270301,100,6480000,640000,270200,90000,180200,90000,0,0,0,90200,18640,0.0186
distribute_parallel_for_collapse_800_900_200,800,200,0,400,1801200,540601,200,7200000,1280000,540400,180000,360400,180000,0,0,0,180400,32826,0.0328
distribute_parallel_for_collapse_800_900_300,800,300,0,600,2701800,810901,300,7920000,1920000,810600,270000,540600,270000,0,0,0,270600,46731,0.0467
distribute_parallel_for_collapse_800_900_400,800,400,0,800,3602400,1081201,400,8640000,2560000,1080800,360000,720800,360000,0,0,0,360800,60038,0.0600
distribute_parallel_for_collapse_800_900_500,800,500,0,1000,4503000,1351501,500,9360000,3200000,1351000,450000,901000,450000,0,0,0,451000,76946,0.0769
distribute_parallel_for_collapse_800_900_600,800,600,0,1200,5403600,1621801,600,10080000,3840000,1621200,540000,1081200,540000,0,0,0,541200,91725,0.0917
distribute_parallel_for_collapse_800_900_700,800,700,0,1400,6304200,1892101,700,10800000,4480000,1891400,630000,1261400,630000,0,0,0,631400,109442,0.1094
distribute_parallel_for_collapse_800_900_800,800,800,0,1600,7204800,2162401,800,11520000,5120000,2161600,720000,1441600,720000,0,0,0,721600,132520,0.1325
distribute_parallel_for_collapse_800_900_900,800,900,0,1800,8105400,2432701,900,12240000,5760000,2431800,810000,1621800,810000,0,0,0,811800,138139,0.1381
distribute_parallel_for_collapse_900_100_100,900,100,0,200,100600,30301,100,800000,720000,30200,10000,20200,10000,0,0,0,10200,3646,0.0036
distribute_parallel_for_collapse_900_100_200,900,200,0,400,201200,60601,200,880000,1440000,60400,20000,40400,20000,0,0,0,20400,5512,0.0055
distribute_parallel_for_collapse_900_100_300,900,300,0,600,301800,90901,300,960000,2160000,90600,30000,60600,30000,0,0,0,30600,7877,0.0079
distribute_parallel_for_collapse_900_100_400,900,400,0,800,402400,121201,400,1040000,2880000,120800,40000,80800,40000,0,0,0,40800,9816,0.0098
distribute_parallel_for_collapse_900_100_500,900,500,0,1000,503000,151501,500,1120000,3600000,151000,50000,101000,50000,0,0,0,51000,17887,0.0179
distribute_parallel_for_collapse_900_100_600,900,600,0,1200,603600,181801,600,1200000,4320000,181200,60000,121200,60000,0,0,0,61200,14475,0.0145
distribute_parallel_for_collapse_900_100_700,900,700,0,1400,704200,212101,700,1280000,5040000,211400,70000,141400,70000,0,0,0,71400,16700,0.0167
distribute_parallel_for_collapse_900_100_800,900,800,0,1600,804800,242401,800,1360000,5760000,241600,80000,161600,80000,0,0,0,81600,18788,0.0188
distribute_parallel_for_collapse_900_100_900,900,900,0,1800,905400,272701,900,1440000,6480000,271800,90000,181800,90000,0,0,0,91800,21059,0.0211
distribute_parallel_for_collapse_900_1400_1400,900,1400,0,2800,19608400,5884201,1400,25760000,10080000,5882800,1960000,3922800,1960000,0,0,0,1962800,375013,0.3750
distribute_parallel_for_collapse_900_1400_1900,900,1900,0,3800,26611400,7985701,1900,31360000,13680000,7983800,2660000,5323800,2660000,0,0,0,2663800,508834,0.5088
distribute_parallel_for_collapse_900_1400_2400,900,2400,0,4800,33614400,10087201,2400,36960000,17280000,10084800,3360000,6724800,3360000,0,0,0,3364800,611461,0.6115
distribute_parallel_for_collapse_900_1400_2900,900,2900,0,5800,40617400,12188701,2900,42560000,20880000,12185800,4060000,8125800,4060000,0,0,0,4065800,776087,0.7761
distribute_parallel_for_collapse_900_1400_3400,900,3400,0,6800,47620400,14290201,3400,48160000,24480000,14286800,4760000,9526800,4760000,0,0,0,4766800,886384,0.8864
distribute_parallel_for_collapse_900_1400_3900,900,3900,0,7800,54623400,16391701,3900,53760000,28080000,16387800,5460000,10927800,5460000,0,0,0,5467800,1027839,1.0278
distribute_parallel_for_collapse_900_1400_900,900,900,0,1800,12605400,3782701,900,20160000,6480000,3781800,1260000,2521800,1260000,0,0,0,1261800,241615,0.2416
distribute_parallel_for_collapse_900_1900_1400,900,1400,0,2800,26608400,7984201,1400,34960000,10080000,7982800,2660000,5322800,2660000,0,0,0,2662800,498404,0.4984
distribute_parallel_for_collapse_900_1900_1900,900,1900,0,3800,36111400,10835701,1900,42560000,13680000,10833800,3610000,7223800,3610000,0,0,0,3613800,684305,0.6843
distribute_parallel_for_collapse_900_1900_2400,900,2400,0,4800,45614400,13687201,2400,50160000,17280000,13684800,4560000,9124800,4560000,0,0,0,4564800,836335,0.8363
distribute_parallel_for_collapse_900_1900_2900,900,2900,0,5800,55117400,16538701,2900,57760000,20880000,16535800,5510000,11025800,5510000,0,0,0,5515800,1037767,1.0378
distribute_parallel_for_collapse_900_1900_3400,900,3400,0,6800,64620400,19390201,3400,65360000,24480000,19386800,6460000,12926800,6460000,0,0,0,6466800,1197602,1.1976
distribute_parallel_for_collapse_900_1900_3900,900,3900,0,7800,74123400,22241701,3900,72960000,28080000,22237800,7410000,14827800,7410000,0,0,0,7417800,1400365,1.4004
distribute_parallel_for_collapse_900_1900_900,900,900,0,1800,17105400,5132701,900,27360000,6480000,5131800,1710000,3421800,1710000,0,0,0,1711800,328042,0.3280
distribute_parallel_for_collapse_900_200_100,900,100,0,200,200600,60301,100,1600000,720000,60200,20000,40200,20000,0,0,0,20200,5457,0.0055
distribute_parallel_for_collapse_900_200_200,900,200,0,400,401200,120601,200,1760000,1440000,120400,40000,80400,40000,0,0,0,40400,9848,0.0098
distribute_parallel_for_collapse_900_200_300,900,300,0,600,601800,180901,300,1920000,2160000,180600,60000,120600,60000,0,0,0,60600,13421,0.0134
distribute_parallel_for_collapse_900_200_400,900,400,0,800,802400,241201,400,2080000,2880000,240800,80000,160800,80000,0,0,0,80800,17269,0.0173
distribute_parallel_for_collapse_900_200_500,900,500,0,1000,1003000,301501,500,2240000,3600000,301000,100000,201000,100000,0,0,0,101000,21642,0.0216
distribute_parallel_for_collapse_900_200_600,900,600,0,1200,1203600,361801,600,2400000,4320000,361200,120000,241200,120000,0,0,0,121200,25279,0.0253
distribute_parallel_for_collapse_900_200_700,900,700,0,1400,1404200,422101,700,2560000,5040000,421400,140000,281400,140000,0,0,0,141400,29830,0.0298
distribute_parallel_for_collapse_900_200_800,900,800,0,1600,1604800,482401,800,2720000,5760000,481600,160000,321600,160000,0,0,0,161600,33255,0.0333
distribute_parallel_for_collapse_900_200_900,900,900,0,1800,1805400,542701,900,2880000,6480000,541800,180000,361800,180000,0,0,0,181800,38510,0.0385
distribute_parallel_for_collapse_900_2400_1400,900,1400,0,2800,33608400,10084201,1400,44160000,10080000,10082800,3360000,6722800,3360000,0,0,0,3362800,628365,0.6284
distribute_parallel_for_collapse_900_2400_1900,900,1900,0,3800,45611400,13685701,1900,53760000,13680000,13683800,4560000,9123800,4560000,0,0,0,4563800,882081,0.8821
distribute_parallel_for_collapse_900_2400_2400,900,2400,0,4800,57614400,17287201,2400,63360000,17280000,17284800,5760000,11524800,5760000,0,0,0,5764800,1048916,1.0489
distribute_parallel_for_collapse_900_2400_2900,900,2900,0,5800,69617400,20888701,2900,72960000,20880000,20885800,6960000,13925800,6960000,0,0,0,6965800,1310306,1.3103
distribute_parallel_for_collapse_900_2400_3400,900,3400,0,6800,81620400,24490201,3400,82560000,24480000,24486800,8160000,16326800,8160000,0,0,0,8166800,1511524,1.5115
distribute_parallel_for_collapse_900_2400_3900,900,3900,0,7800,93623400,28091701,3900,92160000,28080000,28087800,9360000,18727800,9360000,0,0,0,9367800,1758790,1.7588
distribute_parallel_for_collapse_900_2400_900,900,900,0,1800,21605400,6482701,900,34560000,6480000,6481800,2160000,4321800,2160000,0,0,0,2161800,416447,0.4164
distribute_parallel_for_collapse_900_2900_1400,900,1400,0,2800,40608400,12184201,1400,53360000,10080000,12182800,4060000,8122800,4060000,0,0,0,4062800,764081,0.7641
distribute_parallel_for_collapse_900_2900_1900,900,1900,0,3800,55111400,16535701,1900,64960000,13680000,16533800,5510000,11023800,5510000,0,0,0,5513800,1042229,1.0422
distribute_parallel_for_collapse_900_2900_2400,900,2400,0,4800,69614400,20887201,2400,76560000,17280000,20884800,6960000,13924800,6960000,0,0,0,6964800,1259788,1.2598
distribute_parallel_for_collapse_900_2900_2900,900,2900,0,5800,84117400,25238701,2900,88160000,20880000,25235800,8410000,16825800,8410000,0,0,0,8415800,1578453,1.5785
distribute_parallel_for_collapse_900_2900_3400,900,3400,0,6800,98620400,29590201,3400,99760000,24480000,29586800,9860000,19726800,9860000,0,0,0,9866800,1831939,1.8319
distribute_parallel_for_collapse_900_2900_3900,900,3900,0,7800,113123400,33941701,3900,111360000,28080000,33937800,11310000,22627800,11310000,0,0,0,11317800,2132915,2.1329
distribute_parallel_for_collapse_900_2900_900,900,900,0,1800,26105400,7832701,900,41760000,6480000,7831800,2610000,5221800,2610000,0,0,0,2611800,501144,0.5011
distribute_parallel_for_collapse_900_300_100,900,100,0,200,300600,90301,100,2400000,720000,90200,30000,60200,30000,0,0,0,30200,7765,0.0078
distribute_parallel_for_collapse_900_300_200,900,200,0,400,601200,180601,200,2640000,1440000,180400,60000,120400,60000,0,0,0,60400,12894,0.0129
distribute_parallel_for_collapse_900_300_300,900,300,0,600,901800,270901,300,2880000,2160000,270600,90000,180600,90000,0,0,0,90600,19279,0.0193
distribute_parallel_for_collapse_900_300_400,900,400,0,800,1202400,361201,400,3120000,2880000,360800,120000,240800,120000,0,0,0,120800,32015,0.0320
distribute_parallel_for_collapse_900_300_500,900,500,0,1000,1503000,451501,500,3360000,3600000,451000,150000,301000,150000,0,0,0,151000,31629,0.0316
distribute_parallel_for_collapse_900_300_600,900,600,0,1200,1803600,541801,600,3600000,4320000,541200,180000,361200,180000,0,0,0,181200,35872,0.0359
distribute_parallel_for_collapse_900_300_700,900,700,0,1400,2104200,632101,700,3840000,5040000,631400,210000,421400,210000,0,0,0,211400,42073,0.0421
distribute_parallel_for_collapse_900_300_800,900,800,0,1600,2404800,722401,800,4080000,5760000,721600,240000,481600,240000,0,0,0,241600,47439,0.0474
distribute_parallel_for_collapse_900_300_900,900,900,0,1800,2705400,812701,900,4320000,6480000,811800,270000,541800,270000,0,0,0,271800,54343,0.0543
distribute_parallel_for_collapse_900_3400_1400,900,1400,0,2800,47608400,14284201,1400,62560000,10080000,14282800,4760000,9522800,4760000,0,0,0,4762800,894237,0.8942
distribute_parallel_for_collapse_900_3400_1900,900,1900,0,3800,64611400,19385701,1900,76160000,13680000,19383800,6460000,12923800,6460000,0,0,0,6463800,1224310,1.2243
distribute_parallel_for_collapse_900_3400_2400,900,2400,0,4800,81614400,24487201,2400,89760000,17280000,24484800,8160000,16324800,8160000,0,0,0,8164800,1487674,1.4877
distribute_parallel_for_collapse_900_3400_2900,900,2900,0,5800,98617400,29588701,2900,103360000,20880000,29585800,9860000,19725800,9860000,0,0,0,9865800,1855023,1.8550
distribute_parallel_for_collapse_900_3400_3400,900,3400,0,6800,115620400,34690201,3400,116960000,24480000,34686800,11560000,23126800,11560000,0,0,0,11566800,2140242,2.1402
distribute_parallel_for_collapse_900_3400_3900,900,3900,0,7800,132623400,39791701,3900,130560000,28080000,39787800,13260000,26527800,13260000,0,0,0,13267800,2484956,2.4850
distribute_parallel_for_collapse_900_3400_900,900,900,0,1800,30605400,9182701,900,48960000,6480000,9181800,3060000,6121800,3060000,0,0,0,3061800,584316,0.5843
distribute_parallel_for_collapse_900_3900_1400,900,1400,0,2800,54608400,16384201,1400,71760000,10080000,16382800,5460000,10922800,5460000,0,0,0,5462800,1024448,1.0244
distribute_parallel_for_collapse_900_3900_1900,900,1900,0,3800,74111400,22235701,1900,87360000,13680000,22233800,7410000,14823800,7410000,0,0,0,7413800,1411409,1.4114
distribute_parallel_for_collapse_900_3900_2400,900,2400,0,4800,93614400,28087201,2400,102960000,17280000,28084800,9360000,18724800,9360000,0,0,0,9364800,1745838,1.7458
distribute_parallel_for_collapse_900_3900_2900,900,2900,0,5800,113117400,33938701,2900,118560000,20880000,33935800,11310000,22625800,11310000,0,0,0,11315800,2154128,2.1541
distribute_parallel_for_collapse_900_3900_3400,900,3400,0,6800,132620400,39790201,3400,134160000,24480000,39786800,13260000,26526800,13260000,0,0,0,13266800,2456499,2.4565
distribute_parallel_for_collapse_900_3900_3900,900,3900,0,7800,152123400,45641701,3900,149760000,28080000,45637800,15210000,30427800,15210000,0,0,0,15217800,2853277,2.8533
distribute_parallel_for_collapse_900_3900_900,900,900,0,1800,35105400,10532701,900,56160000,6480000,10531800,3510000,7021800,3510000,0,0,0,3511800,675788,0.6758
distribute_parallel_for_collapse_900_400_100,900,100,0,200,400600,120301,100,3200000,720000,120200,40000,80200,40000,0,0,0,40200,9322,0.0093
distribute_parallel_for_collapse_900_400_200,900,200,0,400,801200,240601,200,3520000,1440000,240400,80000,160400,80000,0,0,0,80400,16658,0.0167
distribute_parallel_for_collapse_900_400_300,900,300,0,600,1201800,360901,300,3840000,2160000,360600,120000,240600,120000,0,0,0,120600,30285,0.0303
distribute_parallel_for_collapse_900_400_400,900,400,0,800,1602400,481201,400,4160000,2880000,480800,160000,320800,160000,0,0,0,160800,34966,0.0350
distribute_parallel_for_collapse_900_400_500,900,500,0,1000,2003000,601501,500,4480000,3600000,601000,200000,401000,200000,0,0,0,201000,39955,0.0400
distribute_parallel_for_collapse_900_400_600,900,600,0,1200,2403600,721801,600,4800000,4320000,721200,240000,481200,240000,0,0,0,241200,48279,0.0483
distribute_parallel_for_collapse_900_400_700,900,700,0,1400,2804200,842101,700,5120000,5040000,841400,280000,561400,280000,0,0,0,281400,56651,0.0567
distribute_parallel_for_collapse_900_400_800,900,800,0,1600,3204800,962401,800,5440000,5760000,961600,320000,641600,320000,0,0,0,321600,63101,0.0631
distribute_parallel_for_collapse_900_400_900,900,900,0,1800,3605400,1082701,900,5760000,6480000,1081800,360000,721800,360000,0,0,0,361800,73037,0.0730
distribute_parallel_for_collapse_900_500_100,900,100,0,200,500600,150301,100,4000000,720000,150200,50000,100200,50000,0,0,0,50200,13661,0.0137
distribute_parallel_for_collapse_900_500_200,900,200,0,400,1001200,300601,200,4400000,1440000,300400,100000,200400,100000,0,0,0,100400,21314,0.0213
distribute_parallel_for_collapse_900_500_300,900,300,0,600,1501800,450901,300,4800000,2160000,450600,150000,300600,150000,0,0,0,150600,33655,0.0337
distribute_parallel_for_collapse_900_500_400,900,400,0,800,2002400,601201,400,5200000,2880000,600800,200000,400800,200000,0,0,0,200800,43679,0.0437
distribute_parallel_for_collapse_900_500_500,900,500,0,1000,2503000,751501,500,5600000,3600000,751000,250000,501000,250000,0,0,0,251000,50142,0.0501
distribute_parallel_for_collapse_900_500_600,900,600,0,1200,3003600,901801,600,6000000,4320000,901200,300000,601200,300000,0,0,0,301200,59782,0.0598
distribute_parallel_for_collapse_900_500_700,900,700,0,1400,3504200,1052101,700,6400000,5040000,1051400,350000,701400,350000,0,0,0,351400,69714,0.0697
distribute_parallel_for_collapse_900_500_800,900,800,0,1600,4004800,1202401,800,6800000,5760000,1201600,400000,801600,400000,0,0,0,401600,91587,0.0916
distribute_parallel_for_collapse_900_500_900,900,900,0,1800,4505400,1352701,900,7200000,6480000,1351800,450000,901800,450000,0,0,0,451800,87149,0.0871
distribute_parallel_for_collapse_900_600_100,900,100,0,200,600600,180301,100,4800000,720000,180200,60000,120200,60000,0,0,0,60200,13581,0.0136
distribute_parallel_for_collapse_900_600_200,900,200,0,400,1201200,360601,200,5280000,1440000,360400,120000,240400,120000,0,0,0,120400,23640,0.0236
distribute_parallel_for_collapse_900_600_300,900,300,0,600,1801800,540901,300,5760000,2160000,540600,180000,360600,180000,0,0,0,180600,35499,0.0355
distribute_parallel_for_collapse_900_600_400,900,400,0,800,2402400,721201,400,6240000,2880000,720800,240000,480800,240000,0,0,0,240800,46104,0.0461
distribute_parallel_for_collapse_900_600_500,900,500,0,1000,3003000,901501,500,6720000,3600000,901000,300000,601000,300000,0,0,0,301000,58286,0.0583
distribute_parallel_for_collapse_900_600_600,900,600,0,1200,3603600,1081801,600,7200000,4320000,1081200,360000,721200,360000,0,0,0,361200,70941,0.0709
distribute_parallel_for_collapse_900_600_700,900,700,0,1400,4204200,1262101,700,7680000,5040000,1261400,420000,841400,420000,0,0,0,421400,81135,0.0811
distribute_parallel_for_collapse_900_600_800,900,800,0,1600,4804800,1442401,800,8160000,5760000,1441600,480000,961600,480000,0,0,0,481600,90593,0.0906
distribute_parallel_for_collapse_900_600_900,900,900,0,1800,5405400,1622701,900,8640000,6480000,1621800,540000,1081800,540000,0,0,0,541800,109749,0.1097
distribute_parallel_for_collapse_900_700_100,900,100,0,200,700600,210301,100,5600000,720000,210200,70000,140200,70000,0,0,0,70200,17190,0.0172
distribute_parallel_for_collapse_900_700_200,900,200,0,400,1401200,420601,200,6160000,1440000,420400,140000,280400,140000,0,0,0,140400,27262,0.0273
distribute_parallel_for_collapse_900_700_300,900,300,0,600,2101800,630901,300,6720000,2160000,630600,210000,420600,210000,0,0,0,210600,41578,0.0416
distribute_parallel_for_collapse_900_700_400,900,400,0,800,2802400,841201,400,7280000,2880000,840800,280000,560800,280000,0,0,0,280800,53686,0.0537
distribute_parallel_for_collapse_900_700_500,900,500,0,1000,3503000,1051501,500,7840000,3600000,1051000,350000,701000,350000,0,0,0,351000,67662,0.0677
distribute_parallel_for_collapse_900_700_600,900,600,0,1200,4203600,1261801,600,8400000,4320000,1261200,420000,841200,420000,0,0,0,421200,79966,0.0800
distribute_parallel_for_collapse_900_700_700,900,700,0,1400,4904200,1472101,700,8960000,5040000,1471400,490000,981400,490000,0,0,0,491400,94884,0.0949
distribute_parallel_for_collapse_900_700_800,900,800,0,1600,5604800,1682401,800,9520000,5760000,1681600,560000,1121600,560000,0,0,0,561600,103831,0.1038
distribute_parallel_for_collapse_900_700_900,900,900,0,1800,6305400,1892701,900,10080000,6480000,1891800,630000,1261800,630000,0,0,0,631800,122595,0.1226
distribute_parallel_for_collapse_900_800_100,900,100,0,200,800600,240301,100,6400000,720000,240200,80000,160200,80000,0,0,0,80200,21564,0.0216
distribute_parallel_for_collapse_900_800_200,900,200,0,400,1601200,480601,200,7040000,1440000,480400,160000,320400,160000,0,0,0,160400,35886,0.0359
distribute_parallel_for_collapse_900_800_300,900,300,0,600,2401800,720901,300,7680000,2160000,720600,240000,480600,240000,0,0,0,240600,46630,0.0466
distribute_parallel_for_collapse_900_800_400,900,400,0,800,3202400,961201,400,8320000,2880000,960800,320000,640800,320000,0,0,0,320800,60563,0.0606
distribute_parallel_for_collapse_900_800_500,900,500,0,1000,4003000,1201501,500,8960000,3600000,1201000,400000,801000,400000,0,0,0,401000,78485,0.0785
distribute_parallel_for_collapse_900_800_600,900,600,0,1200,4803600,1441801,600,9600000,4320000,1441200,480000,961200,480000,0,0,0,481200,91667,0.0917
distribute_parallel_for_collapse_900_800_700,900,700,0,1400,5604200,1682101,700,10240000,5040000,1681400,560000,1121400,560000,0,0,0,561400,109853,0.1099
distribute_parallel_for_collapse_900_800_800,900,800,0,1600,6404800,1922401,800,10880000,5760000,1921600,640000,1281600,640000,0,0,0,641600,118968,0.1190
distribute_parallel_for_collapse_900_800_900,900,900,0,1800,7205400,2162701,900,11520000,6480000,2161800,720000,1441800,720000,0,0,0,721800,138328,0.1383
distribute_parallel_for_collapse_900_900_100,900,100,0,200,900600,270301,100,7200000,720000,270200,90000,180200,90000,0,0,0,90200,20569,0.0206
distribute_parallel_for_collapse_900_900_1400,900,1400,0,2800,12608400,3784201,1400,16560000,10080000,3782800,1260000,2522800,1260000,0,0,0,1262800,238025,0.2380
distribute_parallel_for_collapse_900_900_1900,900,1900,0,3800,17111400,5135701,1900,20160000,13680000,5133800,1710000,3423800,1710000,0,0,0,1713800,328513,0.3285
distribute_parallel_for_collapse_900_900_200,900,200,0,400,1801200,540601,200,7920000,1440000,540400,180000,360400,180000,0,0,0,180400,34789,0.0348
distribute_parallel_for_collapse_900_900_2400,900,2400,0,4800,21614400,6487201,2400,23760000,17280000,6484800,2160000,4324800,2160000,0,0,0,2164800,396817,0.3968
distribute_parallel_for_collapse_900_900_2900,900,2900,0,5800,26117400,7838701,2900,27360000,20880000,7835800,2610000,5225800,2610000,0,0,0,2615800,496194,0.4962
distribute_parallel_for_collapse_900_900_300,900,300,0,600,2701800,810901,300,8640000,2160000,810600,270000,540600,270000,0,0,0,270600,51944,0.0519
distribute_parallel_for_collapse_900_900_3400,900,3400,0,6800,30620400,9190201,3400,30960000,24480000,9186800,3060000,6126800,3060000,0,0,0,3066800,574205,0.5742
distribute_parallel_for_collapse_900_900_3900,900,3900,0,7800,35123400,10541701,3900,34560000,28080000,10537800,3510000,7027800,3510000,0,0,0,3517800,668052,0.6681
distribute_parallel_for_collapse_900_900_400,900,400,0,800,3602400,1081201,400,9360000,2880000,1080800,360000,720800,360000,0,0,0,360800,67654,0.0677
distribute_parallel_for_collapse_900_900_500,900,500,0,1000,4503000,1351501,500,10080000,3600000,1351000,450000,901000,450000,0,0,0,451000,86599,0.0866
distribute_parallel_for_collapse_900_900_600,900,600,0,1200,5403600,1621801,600,10800000,4320000,1621200,540000,1081200,540000,0,0,0,541200,103360,0.1034
distribute_parallel_for_collapse_900_900_700,900,700,0,1400,6304200,1892101,700,11520000,5040000,1891400,630000,1261400,630000,0,0,0,631400,125886,0.1259
distribute_parallel_for_collapse_900_900_800,900,800,0,1600,7204800,2162401,800,12240000,5760000,2161600,720000,1441600,720000,0,0,0,721600,132850,0.1328
distribute_parallel_for_collapse_900_900_900,900,900,0,1800,8105400,2432701,900,12960000,6480000,2431800,810000,1621800,810000,0,0,0,811800,155420,0.1554
