distribute_parallel_for_1000_1000_1000,1000,1000,0,2000,10006000,3003001,1000,16000000,8000000,3002000,1000000,2002000,1000000,0,0,0,1002000,453274,0.4533
distribute_parallel_for_split_1000_1000_1000,1000,1000,0,2000,10006000,3003001,1000,16000000,8000000,3002000,1000000,2002000,1000000,0,0,0,1002000,244092,0.2441
swap_distribute_parallel_for_1000_1000_1000,1000,1000,0,2000,10006000,3003001,1000,16000000,8000000,3002000,1000000,2002000,1000000,0,0,0,1002000,438005,0.4380
swap_distribute_parallel_for_split_1000_1000_1000,1000,1000,0,2000,10006000,3003001,1000,16000000,8000000,3002000,1000000,2002000,1000000,0,0,0,1002000,284121,0.2841
distribute_parallel_for_collapse_1000_1000_1000,1000,1000,0,2000,10006000,3003001,1000,16000000,8000000,3002000,1000000,2002000,1000000,0,0,0,1002000,243897,0.2439
swap_distribute_parallel_for_collapse_1000_1000_1000,1000,1000,0,2000,10006000,3003001,1000,16000000,8000000,3002000,1000000,2002000,1000000,0,0,0,1002000,279351,0.2794
distribute_parallel_for_1000_1000_1500,1000,1500,0,3000,15009000,4504501,1500,20000000,12000000,4503000,1500000,3003000,1500000,0,0,0,1503000,603937,0.6039
distribute_parallel_for_split_1000_1000_1500,1000,1500,0,3000,15009000,4504501,1500,20000000,12000000,4503000,1500000,3003000,1500000,0,0,0,1503000,465989,0.4660
swap_distribute_parallel_for_1000_1000_1500,1000,1500,0,3000,15009000,4504501,1500,20000000,12000000,4503000,1500000,3003000,1500000,0,0,0,1503000,539897,0.5399
swap_distribute_parallel_for_split_1000_1000_1500,1000,1500,0,3000,15009000,4504501,1500,20000000,12000000,4503000,1500000,3003000,1500000,0,0,0,1503000,428252,0.4283
distribute_parallel_for_collapse_1000_1000_1500,1000,1500,0,3000,15009000,4504501,1500,20000000,12000000,4503000,1500000,3003000,1500000,0,0,0,1503000,430764,0.4308
swap_distribute_parallel_for_collapse_1000_1000_1500,1000,1500,0,3000,15009000,4504501,1500,20000000,12000000,4503000,1500000,3003000,1500000,0,0,0,1503000,458164,0.4582
distribute_parallel_for_1000_1000_2000,1000,2000,0,4000,20012000,6006001,2000,24000000,16000000,6004000,2000000,4004000,2000000,0,0,0,2004000,756554,0.7566
distribute_parallel_for_split_1000_1000_2000,1000,2000,0,4000,20012000,6006001,2000,24000000,16000000,6004000,2000000,4004000,2000000,0,0,0,2004000,603517,0.6035
swap_distribute_parallel_for_1000_1000_2000,1000,2000,0,4000,20012000,6006001,2000,24000000,16000000,6004000,2000000,4004000,2000000,0,0,0,2004000,920332,0.9203
swap_distribute_parallel_for_split_1000_1000_2000,1000,2000,0,4000,20012000,6006001,2000,24000000,16000000,6004000,2000000,4004000,2000000,0,0,0,2004000,564316,0.5643
distribute_parallel_for_collapse_1000_1000_2000,1000,2000,0,4000,20012000,6006001,2000,24000000,16000000,6004000,2000000,4004000,2000000,0,0,0,2004000,642348,0.6423
swap_distribute_parallel_for_collapse_1000_1000_2000,1000,2000,0,4000,20012000,6006001,2000,24000000,16000000,6004000,2000000,4004000,2000000,0,0,0,2004000,614151,0.6142
distribute_parallel_for_1000_1000_2500,1000,2500,0,5000,25015000,7507501,2500,28000000,20000000,7505000,2500000,5005000,2500000,0,0,0,2505000,1043891,1.0439
distribute_parallel_for_split_1000_1000_2500,1000,2500,0,5000,25015000,7507501,2500,28000000,20000000,7505000,2500000,5005000,2500000,0,0,0,2505000,742986,0.7430
swap_distribute_parallel_for_1000_1000_2500,1000,2500,0,5000,25015000,7507501,2500,28000000,20000000,7505000,2500000,5005000,2500000,0,0,0,2505000,1156654,1.1567
swap_distribute_parallel_for_split_1000_1000_2500,1000,2500,0,5000,25015000,7507501,2500,28000000,20000000,7505000,2500000,5005000,2500000,0,0,0,2505000,711094,0.7111
distribute_parallel_for_collapse_1000_1000_2500,1000,2500,0,5000,25015000,7507501,2500,28000000,20000000,7505000,2500000,5005000,2500000,0,0,0,2505000,770050,0.7701
swap_distribute_parallel_for_collapse_1000_1000_2500,1000,2500,0,5000,25015000,7507501,2500,28000000,20000000,7505000,2500000,5005000,2500000,0,0,0,2505000,790986,0.7910
distribute_parallel_for_1000_1000_3000,1000,3000,0,6000,30018000,9009001,3000,32000000,24000000,9006000,3000000,6006000,3000000,0,0,0,3006000,1248846,1.2488
distribute_parallel_for_split_1000_1000_3000,1000,3000,0,6000,30018000,9009001,3000,32000000,24000000,9006000,3000000,6006000,3000000,0,0,0,3006000,966170,0.9662
swap_distribute_parallel_for_1000_1000_3000,1000,3000,0,6000,30018000,9009001,3000,32000000,24000000,9006000,3000000,6006000,3000000,0,0,0,3006000,1284475,1.2845
swap_distribute_parallel_for_split_1000_1000_3000,1000,3000,0,6000,30018000,9009001,3000,32000000,24000000,9006000,3000000,6006000,3000000,0,0,0,3006000,890705,0.8907
distribute_parallel_for_collapse_1000_1000_3000,1000,3000,0,6000,30018000,9009001,3000,32000000,24000000,9006000,3000000,6006000,3000000,0,0,0,3006000,847913,0.8479
swap_distribute_parallel_for_collapse_1000_1000_3000,1000,3000,0,6000,30018000,9009001,3000,32000000,24000000,9006000,3000000,6006000,3000000,0,0,0,3006000,963927,0.9639
distribute_parallel_for_1000_1000_3500,1000,3500,0,7000,35021000,10510501,3500,36000000,28000000,10507000,3500000,7007000,3500000,0,0,0,3507000,1500965,1.5010
distribute_parallel_for_split_1000_1000_3500,1000,3500,0,7000,35021000,10510501,3500,36000000,28000000,10507000,3500000,7007000,3500000,0,0,0,3507000,1075407,1.0754
swap_distribute_parallel_for_1000_1000_3500,1000,3500,0,7000,35021000,10510501,3500,36000000,28000000,10507000,3500000,7007000,3500000,0,0,0,3507000,1210669,1.2107
swap_distribute_parallel_for_split_1000_1000_3500,1000,3500,0,7000,35021000,10510501,3500,36000000,28000000,10507000,3500000,7007000,3500000,0,0,0,3507000,1061406,1.0614
distribute_parallel_for_collapse_1000_1000_3500,1000,3500,0,7000,35021000,10510501,3500,36000000,28000000,10507000,3500000,7007000,3500000,0,0,0,3507000,1047302,1.0473
swap_distribute_parallel_for_collapse_1000_1000_3500,1000,3500,0,7000,35021000,10510501,3500,36000000,28000000,10507000,3500000,7007000,3500000,0,0,0,3507000,1128234,1.1282
distribute_parallel_for_1000_1000_4000,1000,4000,0,8000,40024000,12012001,4000,40000000,32000000,12008000,4000000,8008000,4000000,0,0,0,4008000,1612434,1.6124
distribute_parallel_for_split_1000_1000_4000,1000,4000,0,8000,40024000,12012001,4000,40000000,32000000,12008000,4000000,8008000,4000000,0,0,0,4008000,1440424,1.4404
swap_distribute_parallel_for_1000_1000_4000,1000,4000,0,8000,40024000,12012001,4000,40000000,32000000,12008000,4000000,8008000,4000000,0,0,0,4008000,1826063,1.8261
swap_distribute_parallel_for_split_1000_1000_4000,1000,4000,0,8000,40024000,12012001,4000,40000000,32000000,12008000,4000000,8008000,4000000,0,0,0,4008000,1073684,1.0737
distribute_parallel_for_collapse_1000_1000_4000,1000,4000,0,8000,40024000,12012001,4000,40000000,32000000,12008000,4000000,8008000,4000000,0,0,0,4008000,1244782,1.2448
swap_distribute_parallel_for_collapse_1000_1000_4000,1000,4000,0,8000,40024000,12012001,4000,40000000,32000000,12008000,4000000,8008000,4000000,0,0,0,4008000,1275725,1.2757
distribute_parallel_for_1000_1500_1000,1000,1000,0,2000,15006000,4503001,1000,24000000,8000000,4502000,1500000,3002000,1500000,0,0,0,1502000,659264,0.6593
distribute_parallel_for_split_1000_1500_1000,1000,1000,0,2000,15006000,4503001,1000,24000000,8000000,4502000,1500000,3002000,1500000,0,0,0,1502000,507860,0.5079
swap_distribute_parallel_for_1000_1500_1000,1000,1000,0,2000,15006000,4503001,1000,24000000,8000000,4502000,1500000,3002000,1500000,0,0,0,1502000,692211,0.6922
swap_distribute_parallel_for_split_1000_1500_1000,1000,1000,0,2000,15006000,4503001,1000,24000000,8000000,4502000,1500000,3002000,1500000,0,0,0,1502000,425160,0.4252
distribute_parallel_for_collapse_1000_1500_1000,1000,1000,0,2000,15006000,4503001,1000,24000000,8000000,4502000,1500000,3002000,1500000,0,0,0,1502000,409014,0.4090
swap_distribute_parallel_for_collapse_1000_1500_1000,1000,1000,0,2000,15006000,4503001,1000,24000000,8000000,4502000,1500000,3002000,1500000,0,0,0,1502000,430162,0.4302
distribute_parallel_for_1000_1500_1500,1000,1500,0,3000,22509000,6754501,1500,30000000,12000000,6753000,2250000,4503000,2250000,0,0,0,2253000,948307,0.9483
distribute_parallel_for_split_1000_1500_1500,1000,1500,0,3000,22509000,6754501,1500,30000000,12000000,6753000,2250000,4503000,2250000,0,0,0,2253000,763421,0.7634
swap_distribute_parallel_for_1000_1500_1500,1000,1500,0,3000,22509000,6754501,1500,30000000,12000000,6753000,2250000,4503000,2250000,0,0,0,2253000,880615,0.8806
swap_distribute_parallel_for_split_1000_1500_1500,1000,1500,0,3000,22509000,6754501,1500,30000000,12000000,6753000,2250000,4503000,2250000,0,0,0,2253000,690018,0.6900
distribute_parallel_for_collapse_1000_1500_1500,1000,1500,0,3000,22509000,6754501,1500,30000000,12000000,6753000,2250000,4503000,2250000,0,0,0,2253000,626756,0.6268
swap_distribute_parallel_for_collapse_1000_1500_1500,1000,1500,0,3000,22509000,6754501,1500,30000000,12000000,6753000,2250000,4503000,2250000,0,0,0,2253000,692541,0.6925
distribute_parallel_for_1000_1500_2000,1000,2000,0,4000,30012000,9006001,2000,36000000,16000000,9004000,3000000,6004000,3000000,0,0,0,3004000,1364785,1.3648
distribute_parallel_for_split_1000_1500_2000,1000,2000,0,4000,30012000,9006001,2000,36000000,16000000,9004000,3000000,6004000,3000000,0,0,0,3004000,1045023,1.0450
swap_distribute_parallel_for_1000_1500_2000,1000,2000,0,4000,30012000,9006001,2000,36000000,16000000,9004000,3000000,6004000,3000000,0,0,0,3004000,1679614,1.6796
swap_distribute_parallel_for_split_1000_1500_2000,1000,2000,0,4000,30012000,9006001,2000,36000000,16000000,9004000,3000000,6004000,3000000,0,0,0,3004000,961976,0.9620
distribute_parallel_for_collapse_1000_1500_2000,1000,2000,0,4000,30012000,9006001,2000,36000000,16000000,9004000,3000000,6004000,3000000,0,0,0,3004000,936462,0.9365
swap_distribute_parallel_for_collapse_1000_1500_2000,1000,2000,0,4000,30012000,9006001,2000,36000000,16000000,9004000,3000000,6004000,3000000,0,0,0,3004000,965877,0.9659
distribute_parallel_for_1000_1500_2500,1000,2500,0,5000,37515000,11257501,2500,42000000,20000000,11255000,3750000,7505000,3750000,0,0,0,3755000,1499009,1.4990
distribute_parallel_for_split_1000_1500_2500,1000,2500,0,5000,37515000,11257501,2500,42000000,20000000,11255000,3750000,7505000,3750000,0,0,0,3755000,1297115,1.2971
swap_distribute_parallel_for_1000_1500_2500,1000,2500,0,5000,37515000,11257501,2500,42000000,20000000,11255000,3750000,7505000,3750000,0,0,0,3755000,1773057,1.7731
swap_distribute_parallel_for_split_1000_1500_2500,1000,2500,0,5000,37515000,11257501,2500,42000000,20000000,11255000,3750000,7505000,3750000,0,0,0,3755000,1175676,1.1757
distribute_parallel_for_collapse_1000_1500_2500,1000,2500,0,5000,37515000,11257501,2500,42000000,20000000,11255000,3750000,7505000,3750000,0,0,0,3755000,1220031,1.2200
swap_distribute_parallel_for_collapse_1000_1500_2500,1000,2500,0,5000,37515000,11257501,2500,42000000,20000000,11255000,3750000,7505000,3750000,0,0,0,3755000,1213385,1.2134
distribute_parallel_for_1000_1500_3000,1000,3000,0,6000,45018000,13509001,3000,48000000,24000000,13506000,4500000,9006000,4500000,0,0,0,4506000,1868701,1.8687
distribute_parallel_for_split_1000_1500_3000,1000,3000,0,6000,45018000,13509001,3000,48000000,24000000,13506000,4500000,9006000,4500000,0,0,0,4506000,1672646,1.6726
swap_distribute_parallel_for_1000_1500_3000,1000,3000,0,6000,45018000,13509001,3000,48000000,24000000,13506000,4500000,9006000,4500000,0,0,0,4506000,1748522,1.7485
swap_distribute_parallel_for_split_1000_1500_3000,1000,3000,0,6000,45018000,13509001,3000,48000000,24000000,13506000,4500000,9006000,4500000,0,0,0,4506000,1315238,1.3152
distribute_parallel_for_collapse_1000_1500_3000,1000,3000,0,6000,45018000,13509001,3000,48000000,24000000,13506000,4500000,9006000,4500000,0,0,0,4506000,1301042,1.3010
swap_distribute_parallel_for_collapse_1000_1500_3000,1000,3000,0,6000,45018000,13509001,3000,48000000,24000000,13506000,4500000,9006000,4500000,0,0,0,4506000,1446315,1.4463
distribute_parallel_for_1000_1500_3500,1000,3500,0,7000,52521000,15760501,3500,54000000,28000000,15757000,5250000,10507000,5250000,0,0,0,5257000,2168176,2.1682
distribute_parallel_for_split_1000_1500_3500,1000,3500,0,7000,52521000,15760501,3500,54000000,28000000,15757000,5250000,10507000,5250000,0,0,0,5257000,1815190,1.8152
swap_distribute_parallel_for_1000_1500_3500,1000,3500,0,7000,52521000,15760501,3500,54000000,28000000,15757000,5250000,10507000,5250000,0,0,0,5257000,1848015,1.8480
swap_distribute_parallel_for_split_1000_1500_3500,1000,3500,0,7000,52521000,15760501,3500,54000000,28000000,15757000,5250000,10507000,5250000,0,0,0,5257000,1434672,1.4347
distribute_parallel_for_collapse_1000_1500_3500,1000,3500,0,7000,52521000,15760501,3500,54000000,28000000,15757000,5250000,10507000,5250000,0,0,0,5257000,1630874,1.6309
swap_distribute_parallel_for_collapse_1000_1500_3500,1000,3500,0,7000,52521000,15760501,3500,54000000,28000000,15757000,5250000,10507000,5250000,0,0,0,5257000,1789230,1.7892
distribute_parallel_for_1000_1500_4000,1000,4000,0,8000,60024000,18012001,4000,60000000,32000000,18008000,6000000,12008000,6000000,0,0,0,6008000,2723043,2.7230
distribute_parallel_for_split_1000_1500_4000,1000,4000,0,8000,60024000,18012001,4000,60000000,32000000,18008000,6000000,12008000,6000000,0,0,0,6008000,2336052,2.3361
swap_distribute_parallel_for_1000_1500_4000,1000,4000,0,8000,60024000,18012001,4000,60000000,32000000,18008000,6000000,12008000,6000000,0,0,0,6008000,2729358,2.7294
swap_distribute_parallel_for_split_1000_1500_4000,1000,4000,0,8000,60024000,18012001,4000,60000000,32000000,18008000,6000000,12008000,6000000,0,0,0,6008000,1676921,1.6769
distribute_parallel_for_collapse_1000_1500_4000,1000,4000,0,8000,60024000,18012001,4000,60000000,32000000,18008000,6000000,12008000,6000000,0,0,0,6008000,1896767,1.8968
swap_distribute_parallel_for_collapse_1000_1500_4000,1000,4000,0,8000,60024000,18012001,4000,60000000,32000000,18008000,6000000,12008000,6000000,0,0,0,6008000,2017702,2.0177
distribute_parallel_for_1000_2000_1000,1000,1000,0,2000,20006000,6003001,1000,32000000,8000000,6002000,2000000,4002000,2000000,0,0,0,2002000,867834,0.8678
distribute_parallel_for_split_1000_2000_1000,1000,1000,0,2000,20006000,6003001,1000,32000000,8000000,6002000,2000000,4002000,2000000,0,0,0,2002000,722587,0.7226
swap_distribute_parallel_for_1000_2000_1000,1000,1000,0,2000,20006000,6003001,1000,32000000,8000000,6002000,2000000,4002000,2000000,0,0,0,2002000,998146,0.9981
swap_distribute_parallel_for_split_1000_2000_1000,1000,1000,0,2000,20006000,6003001,1000,32000000,8000000,6002000,2000000,4002000,2000000,0,0,0,2002000,590206,0.5902
distribute_parallel_for_collapse_1000_2000_1000,1000,1000,0,2000,20006000,6003001,1000,32000000,8000000,6002000,2000000,4002000,2000000,0,0,0,2002000,578233,0.5782
swap_distribute_parallel_for_collapse_1000_2000_1000,1000,1000,0,2000,20006000,6003001,1000,32000000,8000000,6002000,2000000,4002000,2000000,0,0,0,2002000,588283,0.5883
distribute_parallel_for_1000_2000_1500,1000,1500,0,3000,30009000,9004501,1500,40000000,12000000,9003000,3000000,6003000,3000000,0,0,0,3003000,1190073,1.1901
distribute_parallel_for_split_1000_2000_1500,1000,1500,0,3000,30009000,9004501,1500,40000000,12000000,9003000,3000000,6003000,3000000,0,0,0,3003000,1111934,1.1119
swap_distribute_parallel_for_1000_2000_1500,1000,1500,0,3000,30009000,9004501,1500,40000000,12000000,9003000,3000000,6003000,3000000,0,0,0,3003000,1211796,1.2118
swap_distribute_parallel_for_split_1000_2000_1500,1000,1500,0,3000,30009000,9004501,1500,40000000,12000000,9003000,3000000,6003000,3000000,0,0,0,3003000,925814,0.9258
distribute_parallel_for_collapse_1000_2000_1500,1000,1500,0,3000,30009000,9004501,1500,40000000,12000000,9003000,3000000,6003000,3000000,0,0,0,3003000,888475,0.8885
swap_distribute_parallel_for_collapse_1000_2000_1500,1000,1500,0,3000,30009000,9004501,1500,40000000,12000000,9003000,3000000,6003000,3000000,0,0,0,3003000,921398,0.9214
distribute_parallel_for_1000_2000_2000,1000,2000,0,4000,40012000,12006001,2000,48000000,16000000,12004000,4000000,8004000,4000000,0,0,0,4004000,1574570,1.5746
distribute_parallel_for_split_1000_2000_2000,1000,2000,0,4000,40012000,12006001,2000,48000000,16000000,12004000,4000000,8004000,4000000,0,0,0,4004000,1469721,1.4697
swap_distribute_parallel_for_1000_2000_2000,1000,2000,0,4000,40012000,12006001,2000,48000000,16000000,12004000,4000000,8004000,4000000,0,0,0,4004000,2170986,2.1710
swap_distribute_parallel_for_split_1000_2000_2000,1000,2000,0,4000,40012000,12006001,2000,48000000,16000000,12004000,4000000,8004000,4000000,0,0,0,4004000,1167710,1.1677
distribute_parallel_for_collapse_1000_2000_2000,1000,2000,0,4000,40012000,12006001,2000,48000000,16000000,12004000,4000000,8004000,4000000,0,0,0,4004000,1275262,1.2753
swap_distribute_parallel_for_collapse_1000_2000_2000,1000,2000,0,4000,40012000,12006001,2000,48000000,16000000,12004000,4000000,8004000,4000000,0,0,0,4004000,1279870,1.2799
distribute_parallel_for_1000_2000_2500,1000,2500,0,5000,50015000,15007501,2500,56000000,20000000,15005000,5000000,10005000,5000000,0,0,0,5005000,1949228,1.9492
distribute_parallel_for_split_1000_2000_2500,1000,2500,0,5000,50015000,15007501,2500,56000000,20000000,15005000,5000000,10005000,5000000,0,0,0,5005000,1880593,1.8806
swap_distribute_parallel_for_1000_2000_2500,1000,2500,0,5000,50015000,15007501,2500,56000000,20000000,15005000,5000000,10005000,5000000,0,0,0,5005000,2453495,2.4535
swap_distribute_parallel_for_split_1000_2000_2500,1000,2500,0,5000,50015000,15007501,2500,56000000,20000000,15005000,5000000,10005000,5000000,0,0,0,5005000,1395115,1.3951
distribute_parallel_for_collapse_1000_2000_2500,1000,2500,0,5000,50015000,15007501,2500,56000000,20000000,15005000,5000000,10005000,5000000,0,0,0,5005000,1556960,1.5570
swap_distribute_parallel_for_collapse_1000_2000_2500,1000,2500,0,5000,50015000,15007501,2500,56000000,20000000,15005000,5000000,10005000,5000000,0,0,0,5005000,1646474,1.6465
distribute_parallel_for_1000_2000_3000,1000,3000,0,6000,60018000,18009001,3000,64000000,24000000,18006000,6000000,12006000,6000000,0,0,0,6006000,2831084,2.8311
distribute_parallel_for_split_1000_2000_3000,1000,3000,0,6000,60018000,18009001,3000,64000000,24000000,18006000,6000000,12006000,6000000,0,0,0,6006000,2308259,2.3083
swap_distribute_parallel_for_1000_2000_3000,1000,3000,0,6000,60018000,18009001,3000,64000000,24000000,18006000,6000000,12006000,6000000,0,0,0,6006000,2503354,2.5034
swap_distribute_parallel_for_split_1000_2000_3000,1000,3000,0,6000,60018000,18009001,3000,64000000,24000000,18006000,6000000,12006000,6000000,0,0,0,6006000,1697529,1.6975
distribute_parallel_for_collapse_1000_2000_3000,1000,3000,0,6000,60018000,18009001,3000,64000000,24000000,18006000,6000000,12006000,6000000,0,0,0,6006000,1778548,1.7785
swap_distribute_parallel_for_collapse_1000_2000_3000,1000,3000,0,6000,60018000,18009001,3000,64000000,24000000,18006000,6000000,12006000,6000000,0,0,0,6006000,1949672,1.9497
distribute_parallel_for_1000_2000_3500,1000,3500,0,7000,70021000,21010501,3500,72000000,28000000,21007000,7000000,14007000,7000000,0,0,0,7007000,2793288,2.7933
distribute_parallel_for_split_1000_2000_3500,1000,3500,0,7000,70021000,21010501,3500,72000000,28000000,21007000,7000000,14007000,7000000,0,0,0,7007000,2754694,2.7547
swap_distribute_parallel_for_1000_2000_3500,1000,3500,0,7000,70021000,21010501,3500,72000000,28000000,21007000,7000000,14007000,7000000,0,0,0,7007000,2402126,2.4021
swap_distribute_parallel_for_split_1000_2000_3500,1000,3500,0,7000,70021000,21010501,3500,72000000,28000000,21007000,7000000,14007000,7000000,0,0,0,7007000,1928477,1.9285
distribute_parallel_for_collapse_1000_2000_3500,1000,3500,0,7000,70021000,21010501,3500,72000000,28000000,21007000,7000000,14007000,7000000,0,0,0,7007000,2224612,2.2246
swap_distribute_parallel_for_collapse_1000_2000_3500,1000,3500,0,7000,70021000,21010501,3500,72000000,28000000,21007000,7000000,14007000,7000000,0,0,0,7007000,2319750,2.3197
distribute_parallel_for_1000_2000_4000,1000,4000,0,8000,80024000,24012001,4000,80000000,32000000,24008000,8000000,16008000,8000000,0,0,0,8008000,3077644,3.0776
distribute_parallel_for_split_1000_2000_4000,1000,4000,0,8000,80024000,24012001,4000,80000000,32000000,24008000,8000000,16008000,8000000,0,0,0,8008000,3131838,3.1318
swap_distribute_parallel_for_1000_2000_4000,1000,4000,0,8000,80024000,24012001,4000,80000000,32000000,24008000,8000000,16008000,8000000,0,0,0,8008000,3761497,3.7615
swap_distribute_parallel_for_split_1000_2000_4000,1000,4000,0,8000,80024000,24012001,4000,80000000,32000000,24008000,8000000,16008000,8000000,0,0,0,8008000,2143377,2.1434
distribute_parallel_for_collapse_1000_2000_4000,1000,4000,0,8000,80024000,24012001,4000,80000000,32000000,24008000,8000000,16008000,8000000,0,0,0,8008000,2566478,2.5665
swap_distribute_parallel_for_collapse_1000_2000_4000,1000,4000,0,8000,80024000,24012001,4000,80000000,32000000,24008000,8000000,16008000,8000000,0,0,0,8008000,2671073,2.6711
distribute_parallel_for_1000_2500_1000,1000,1000,0,2000,25006000,7503001,1000,40000000,8000000,7502000,2500000,5002000,2500000,0,0,0,2502000,1024848,1.0248
distribute_parallel_for_split_1000_2500_1000,1000,1000,0,2000,25006000,7503001,1000,40000000,8000000,7502000,2500000,5002000,2500000,0,0,0,2502000,955059,0.9551
swap_distribute_parallel_for_1000_2500_1000,1000,1000,0,2000,25006000,7503001,1000,40000000,8000000,7502000,2500000,5002000,2500000,0,0,0,2502000,1361171,1.3612
swap_distribute_parallel_for_split_1000_2500_1000,1000,1000,0,2000,25006000,7503001,1000,40000000,8000000,7502000,2500000,5002000,2500000,0,0,0,2502000,797180,0.7972
distribute_parallel_for_collapse_1000_2500_1000,1000,1000,0,2000,25006000,7503001,1000,40000000,8000000,7502000,2500000,5002000,2500000,0,0,0,2502000,727287,0.7273
swap_distribute_parallel_for_collapse_1000_2500_1000,1000,1000,0,2000,25006000,7503001,1000,40000000,8000000,7502000,2500000,5002000,2500000,0,0,0,2502000,756208,0.7562
distribute_parallel_for_1000_2500_1500,1000,1500,0,3000,37509000,11254501,1500,50000000,12000000,11253000,3750000,7503000,3750000,0,0,0,3753000,1489120,1.4891
distribute_parallel_for_split_1000_2500_1500,1000,1500,0,3000,37509000,11254501,1500,50000000,12000000,11253000,3750000,7503000,3750000,0,0,0,3753000,1399969,1.4000
swap_distribute_parallel_for_1000_2500_1500,1000,1500,0,3000,37509000,11254501,1500,50000000,12000000,11253000,3750000,7503000,3750000,0,0,0,3753000,1461824,1.4618
swap_distribute_parallel_for_split_1000_2500_1500,1000,1500,0,3000,37509000,11254501,1500,50000000,12000000,11253000,3750000,7503000,3750000,0,0,0,3753000,1085939,1.0859
distribute_parallel_for_collapse_1000_2500_1500,1000,1500,0,3000,37509000,11254501,1500,50000000,12000000,11253000,3750000,7503000,3750000,0,0,0,3753000,1083263,1.0833
swap_distribute_parallel_for_collapse_1000_2500_1500,1000,1500,0,3000,37509000,11254501,1500,50000000,12000000,11253000,3750000,7503000,3750000,0,0,0,3753000,1185379,1.1854
distribute_parallel_for_1000_2500_2000,1000,2000,0,4000,50012000,15006001,2000,60000000,16000000,15004000,5000000,10004000,5000000,0,0,0,5004000,2116252,2.1163
distribute_parallel_for_split_1000_2500_2000,1000,2000,0,4000,50012000,15006001,2000,60000000,16000000,15004000,5000000,10004000,5000000,0,0,0,5004000,2148442,2.1484
swap_distribute_parallel_for_1000_2500_2000,1000,2000,0,4000,50012000,15006001,2000,60000000,16000000,15004000,5000000,10004000,5000000,0,0,0,5004000,2768094,2.7681
swap_distribute_parallel_for_split_1000_2500_2000,1000,2000,0,4000,50012000,15006001,2000,60000000,16000000,15004000,5000000,10004000,5000000,0,0,0,5004000,1440702,1.4407
distribute_parallel_for_collapse_1000_2500_2000,1000,2000,0,4000,50012000,15006001,2000,60000000,16000000,15004000,5000000,10004000,5000000,0,0,0,5004000,1596679,1.5967
swap_distribute_parallel_for_collapse_1000_2500_2000,1000,2000,0,4000,50012000,15006001,2000,60000000,16000000,15004000,5000000,10004000,5000000,0,0,0,5004000,1622392,1.6224
distribute_parallel_for_1000_2500_2500,1000,2500,0,5000,62515000,18757501,2500,70000000,20000000,18755000,6250000,12505000,6250000,0,0,0,6255000,2506305,2.5063
distribute_parallel_for_split_1000_2500_2500,1000,2500,0,5000,62515000,18757501,2500,70000000,20000000,18755000,6250000,12505000,6250000,0,0,0,6255000,2376924,2.3769
swap_distribute_parallel_for_1000_2500_2500,1000,2500,0,5000,62515000,18757501,2500,70000000,20000000,18755000,6250000,12505000,6250000,0,0,0,6255000,2947619,2.9476
swap_distribute_parallel_for_split_1000_2500_2500,1000,2500,0,5000,62515000,18757501,2500,70000000,20000000,18755000,6250000,12505000,6250000,0,0,0,6255000,1759453,1.7595
distribute_parallel_for_collapse_1000_2500_2500,1000,2500,0,5000,62515000,18757501,2500,70000000,20000000,18755000,6250000,12505000,6250000,0,0,0,6255000,1984975,1.9850
swap_distribute_parallel_for_collapse_1000_2500_2500,1000,2500,0,5000,62515000,18757501,2500,70000000,20000000,18755000,6250000,12505000,6250000,0,0,0,6255000,2124152,2.1242
distribute_parallel_for_1000_2500_3000,1000,3000,0,6000,75018000,22509001,3000,80000000,24000000,22506000,7500000,15006000,7500000,0,0,0,7506000,2904406,2.9044
distribute_parallel_for_split_1000_2500_3000,1000,3000,0,6000,75018000,22509001,3000,80000000,24000000,22506000,7500000,15006000,7500000,0,0,0,7506000,3039940,3.0399
swap_distribute_parallel_for_1000_2500_3000,1000,3000,0,6000,75018000,22509001,3000,80000000,24000000,22506000,7500000,15006000,7500000,0,0,0,7506000,3033947,3.0339
swap_distribute_parallel_for_split_1000_2500_3000,1000,3000,0,6000,75018000,22509001,3000,80000000,24000000,22506000,7500000,15006000,7500000,0,0,0,7506000,2126146,2.1261
distribute_parallel_for_collapse_1000_2500_3000,1000,3000,0,6000,75018000,22509001,3000,80000000,24000000,22506000,7500000,15006000,7500000,0,0,0,7506000,2218335,2.2183
swap_distribute_parallel_for_collapse_1000_2500_3000,1000,3000,0,6000,75018000,22509001,3000,80000000,24000000,22506000,7500000,15006000,7500000,0,0,0,7506000,2485339,2.4853
distribute_parallel_for_1000_2500_3500,1000,3500,0,7000,87521000,26260501,3500,90000000,28000000,26257000,8750000,17507000,8750000,0,0,0,8757000,3429637,3.4296
distribute_parallel_for_split_1000_2500_3500,1000,3500,0,7000,87521000,26260501,3500,90000000,28000000,26257000,8750000,17507000,8750000,0,0,0,8757000,3239952,3.2400
swap_distribute_parallel_for_1000_2500_3500,1000,3500,0,7000,87521000,26260501,3500,90000000,28000000,26257000,8750000,17507000,8750000,0,0,0,8757000,3022867,3.0229
swap_distribute_parallel_for_split_1000_2500_3500,1000,3500,0,7000,87521000,26260501,3500,90000000,28000000,26257000,8750000,17507000,8750000,0,0,0,8757000,2374835,2.3748
distribute_parallel_for_collapse_1000_2500_3500,1000,3500,0,7000,87521000,26260501,3500,90000000,28000000,26257000,8750000,17507000,8750000,0,0,0,8757000,2785264,2.7853
swap_distribute_parallel_for_collapse_1000_2500_3500,1000,3500,0,7000,87521000,26260501,3500,90000000,28000000,26257000,8750000,17507000,8750000,0,0,0,8757000,2913778,2.9138
distribute_parallel_for_1000_2500_4000,1000,4000,0,8000,100024000,30012001,4000,100000000,32000000,30008000,10000000,20008000,10000000,0,0,0,10008000,3904656,3.9047
distribute_parallel_for_split_1000_2500_4000,1000,4000,0,8000,100024000,30012001,4000,100000000,32000000,30008000,10000000,20008000,10000000,0,0,0,10008000,3904880,3.9049
swap_distribute_parallel_for_1000_2500_4000,1000,4000,0,8000,100024000,30012001,4000,100000000,32000000,30008000,10000000,20008000,10000000,0,0,0,10008000,4684885,4.6849
swap_distribute_parallel_for_split_1000_2500_4000,1000,4000,0,8000,100024000,30012001,4000,100000000,32000000,30008000,10000000,20008000,10000000,0,0,0,10008000,2733344,2.7333
distribute_parallel_for_collapse_1000_2500_4000,1000,4000,0,8000,100024000,30012001,4000,100000000,32000000,30008000,10000000,20008000,10000000,0,0,0,10008000,3238766,3.2388
swap_distribute_parallel_for_collapse_1000_2500_4000,1000,4000,0,8000,100024000,30012001,4000,100000000,32000000,30008000,10000000,20008000,10000000,0,0,0,10008000,3416780,3.4168
distribute_parallel_for_1000_3000_1000,1000,1000,0,2000,30006000,9003001,1000,48000000,8000000,9002000,3000000,6002000,3000000,0,0,0,3002000,1483347,1.4833
distribute_parallel_for_split_1000_3000_1000,1000,1000,0,2000,30006000,9003001,1000,48000000,8000000,9002000,3000000,6002000,3000000,0,0,0,3002000,1145847,1.1458
swap_distribute_parallel_for_1000_3000_1000,1000,1000,0,2000,30006000,9003001,1000,48000000,8000000,9002000,3000000,6002000,3000000,0,0,0,3002000,1568402,1.5684
swap_distribute_parallel_for_split_1000_3000_1000,1000,1000,0,2000,30006000,9003001,1000,48000000,8000000,9002000,3000000,6002000,3000000,0,0,0,3002000,934868,0.9349
distribute_parallel_for_collapse_1000_3000_1000,1000,1000,0,2000,30006000,9003001,1000,48000000,8000000,9002000,3000000,6002000,3000000,0,0,0,3002000,866335,0.8663
swap_distribute_parallel_for_collapse_1000_3000_1000,1000,1000,0,2000,30006000,9003001,1000,48000000,8000000,9002000,3000000,6002000,3000000,0,0,0,3002000,913233,0.9132
distribute_parallel_for_1000_3000_1500,1000,1500,0,3000,45009000,13504501,1500,60000000,12000000,13503000,4500000,9003000,4500000,0,0,0,4503000,1752882,1.7529
distribute_parallel_for_split_1000_3000_1500,1000,1500,0,3000,45009000,13504501,1500,60000000,12000000,13503000,4500000,9003000,4500000,0,0,0,4503000,1738472,1.7385
swap_distribute_parallel_for_1000_3000_1500,1000,1500,0,3000,45009000,13504501,1500,60000000,12000000,13503000,4500000,9003000,4500000,0,0,0,4503000,1795161,1.7952
swap_distribute_parallel_for_split_1000_3000_1500,1000,1500,0,3000,45009000,13504501,1500,60000000,12000000,13503000,4500000,9003000,4500000,0,0,0,4503000,1373159,1.3732
distribute_parallel_for_collapse_1000_3000_1500,1000,1500,0,3000,45009000,13504501,1500,60000000,12000000,13503000,4500000,9003000,4500000,0,0,0,4503000,1310863,1.3109
swap_distribute_parallel_for_collapse_1000_3000_1500,1000,1500,0,3000,45009000,13504501,1500,60000000,12000000,13503000,4500000,9003000,4500000,0,0,0,4503000,1471816,1.4718
distribute_parallel_for_1000_3000_2000,1000,2000,0,4000,60012000,18006001,2000,72000000,16000000,18004000,6000000,12004000,6000000,0,0,0,6004000,2350869,2.3509
distribute_parallel_for_split_1000_3000_2000,1000,2000,0,4000,60012000,18006001,2000,72000000,16000000,18004000,6000000,12004000,6000000,0,0,0,6004000,2321262,2.3213
swap_distribute_parallel_for_1000_3000_2000,1000,2000,0,4000,60012000,18006001,2000,72000000,16000000,18004000,6000000,12004000,6000000,0,0,0,6004000,3258623,3.2586
swap_distribute_parallel_for_split_1000_3000_2000,1000,2000,0,4000,60012000,18006001,2000,72000000,16000000,18004000,6000000,12004000,6000000,0,0,0,6004000,1901363,1.9014
distribute_parallel_for_collapse_1000_3000_2000,1000,2000,0,4000,60012000,18006001,2000,72000000,16000000,18004000,6000000,12004000,6000000,0,0,0,6004000,1906813,1.9068
swap_distribute_parallel_for_collapse_1000_3000_2000,1000,2000,0,4000,60012000,18006001,2000,72000000,16000000,18004000,6000000,12004000,6000000,0,0,0,6004000,1915810,1.9158
distribute_parallel_for_1000_3000_2500,1000,2500,0,5000,75015000,22507501,2500,84000000,20000000,22505000,7500000,15005000,7500000,0,0,0,7505000,2956117,2.9561
distribute_parallel_for_split_1000_3000_2500,1000,2500,0,5000,75015000,22507501,2500,84000000,20000000,22505000,7500000,15005000,7500000,0,0,0,7505000,2853893,2.8539
swap_distribute_parallel_for_1000_3000_2500,1000,2500,0,5000,75015000,22507501,2500,84000000,20000000,22505000,7500000,15005000,7500000,0,0,0,7505000,3613080,3.6131
swap_distribute_parallel_for_split_1000_3000_2500,1000,2500,0,5000,75015000,22507501,2500,84000000,20000000,22505000,7500000,15005000,7500000,0,0,0,7505000,2101697,2.1017
distribute_parallel_for_collapse_1000_3000_2500,1000,2500,0,5000,75015000,22507501,2500,84000000,20000000,22505000,7500000,15005000,7500000,0,0,0,7505000,2406842,2.4068
swap_distribute_parallel_for_collapse_1000_3000_2500,1000,2500,0,5000,75015000,22507501,2500,84000000,20000000,22505000,7500000,15005000,7500000,0,0,0,7505000,2545077,2.5451
distribute_parallel_for_1000_3000_3000,1000,3000,0,6000,90018000,27009001,3000,96000000,24000000,27006000,9000000,18006000,9000000,0,0,0,9006000,3868243,3.8682
distribute_parallel_for_split_1000_3000_3000,1000,3000,0,6000,90018000,27009001,3000,96000000,24000000,27006000,9000000,18006000,9000000,0,0,0,9006000,3562836,3.5628
swap_distribute_parallel_for_1000_3000_3000,1000,3000,0,6000,90018000,27009001,3000,96000000,24000000,27006000,9000000,18006000,9000000,0,0,0,9006000,3649585,3.6496
swap_distribute_parallel_for_split_1000_3000_3000,1000,3000,0,6000,90018000,27009001,3000,96000000,24000000,27006000,9000000,18006000,9000000,0,0,0,9006000,2523325,2.5233
distribute_parallel_for_collapse_1000_3000_3000,1000,3000,0,6000,90018000,27009001,3000,96000000,24000000,27006000,9000000,18006000,9000000,0,0,0,9006000,2771892,2.7719
swap_distribute_parallel_for_collapse_1000_3000_3000,1000,3000,0,6000,90018000,27009001,3000,96000000,24000000,27006000,9000000,18006000,9000000,0,0,0,9006000,3212217,3.2122
distribute_parallel_for_1000_3000_3500,1000,3500,0,7000,105021000,31510501,3500,108000000,28000000,31507000,10500000,21007000,10500000,0,0,0,10507000,4183030,4.1830
distribute_parallel_for_split_1000_3000_3500,1000,3500,0,7000,105021000,31510501,3500,108000000,28000000,31507000,10500000,21007000,10500000,0,0,0,10507000,4082414,4.0824
swap_distribute_parallel_for_1000_3000_3500,1000,3500,0,7000,105021000,31510501,3500,108000000,28000000,31507000,10500000,21007000,10500000,0,0,0,10507000,3633671,3.6337
swap_distribute_parallel_for_split_1000_3000_3500,1000,3500,0,7000,105021000,31510501,3500,108000000,28000000,31507000,10500000,21007000,10500000,0,0,0,10507000,2869433,2.8694
distribute_parallel_for_collapse_1000_3000_3500,1000,3500,0,7000,105021000,31510501,3500,108000000,28000000,31507000,10500000,21007000,10500000,0,0,0,10507000,3347974,3.3480
swap_distribute_parallel_for_collapse_1000_3000_3500,1000,3500,0,7000,105021000,31510501,3500,108000000,28000000,31507000,10500000,21007000,10500000,0,0,0,10507000,3522333,3.5223
distribute_parallel_for_1000_3000_4000,1000,4000,0,8000,120024000,36012001,4000,120000000,32000000,36008000,12000000,24008000,12000000,0,0,0,12008000,4667116,4.6671
distribute_parallel_for_split_1000_3000_4000,1000,4000,0,8000,120024000,36012001,4000,120000000,32000000,36008000,12000000,24008000,12000000,0,0,0,12008000,4745741,4.7457
swap_distribute_parallel_for_1000_3000_4000,1000,4000,0,8000,120024000,36012001,4000,120000000,32000000,36008000,12000000,24008000,12000000,0,0,0,12008000,5678342,5.6783
swap_distribute_parallel_for_split_1000_3000_4000,1000,4000,0,8000,120024000,36012001,4000,120000000,32000000,36008000,12000000,24008000,12000000,0,0,0,12008000,3261800,3.2618
distribute_parallel_for_collapse_1000_3000_4000,1000,4000,0,8000,120024000,36012001,4000,120000000,32000000,36008000,12000000,24008000,12000000,0,0,0,12008000,3898932,3.8989
swap_distribute_parallel_for_collapse_1000_3000_4000,1000,4000,0,8000,120024000,36012001,4000,120000000,32000000,36008000,12000000,24008000,12000000,0,0,0,12008000,4146176,4.1462
distribute_parallel_for_1000_3500_1000,1000,1000,0,2000,35006000,10503001,1000,56000000,8000000,10502000,3500000,7002000,3500000,0,0,0,3502000,1455008,1.4550
distribute_parallel_for_split_1000_3500_1000,1000,1000,0,2000,35006000,10503001,1000,56000000,8000000,10502000,3500000,7002000,3500000,0,0,0,3502000,1389580,1.3896
swap_distribute_parallel_for_1000_3500_1000,1000,1000,0,2000,35006000,10503001,1000,56000000,8000000,10502000,3500000,7002000,3500000,0,0,0,3502000,1929756,1.9298
swap_distribute_parallel_for_split_1000_3500_1000,1000,1000,0,2000,35006000,10503001,1000,56000000,8000000,10502000,3500000,7002000,3500000,0,0,0,3502000,1079615,1.0796
distribute_parallel_for_collapse_1000_3500_1000,1000,1000,0,2000,35006000,10503001,1000,56000000,8000000,10502000,3500000,7002000,3500000,0,0,0,3502000,1051925,1.0519
swap_distribute_parallel_for_collapse_1000_3500_1000,1000,1000,0,2000,35006000,10503001,1000,56000000,8000000,10502000,3500000,7002000,3500000,0,0,0,3502000,1073057,1.0731
distribute_parallel_for_1000_3500_1500,1000,1500,0,3000,52509000,15754501,1500,70000000,12000000,15753000,5250000,10503000,5250000,0,0,0,5253000,2446452,2.4465
distribute_parallel_for_split_1000_3500_1500,1000,1500,0,3000,52509000,15754501,1500,70000000,12000000,15753000,5250000,10503000,5250000,0,0,0,5253000,1993684,1.9937
swap_distribute_parallel_for_1000_3500_1500,1000,1500,0,3000,52509000,15754501,1500,70000000,12000000,15753000,5250000,10503000,5250000,0,0,0,5253000,2130399,2.1304
swap_distribute_parallel_for_split_1000_3500_1500,1000,1500,0,3000,52509000,15754501,1500,70000000,12000000,15753000,5250000,10503000,5250000,0,0,0,5253000,1559224,1.5592
distribute_parallel_for_collapse_1000_3500_1500,1000,1500,0,3000,52509000,15754501,1500,70000000,12000000,15753000,5250000,10503000,5250000,0,0,0,5253000,1596039,1.5960
swap_distribute_parallel_for_collapse_1000_3500_1500,1000,1500,0,3000,52509000,15754501,1500,70000000,12000000,15753000,5250000,10503000,5250000,0,0,0,5253000,1735671,1.7357
distribute_parallel_for_1000_3500_2000,1000,2000,0,4000,70012000,21006001,2000,84000000,16000000,21004000,7000000,14004000,7000000,0,0,0,7004000,3183457,3.1835
distribute_parallel_for_split_1000_3500_2000,1000,2000,0,4000,70012000,21006001,2000,84000000,16000000,21004000,7000000,14004000,7000000,0,0,0,7004000,2781868,2.7819
swap_distribute_parallel_for_1000_3500_2000,1000,2000,0,4000,70012000,21006001,2000,84000000,16000000,21004000,7000000,14004000,7000000,0,0,0,7004000,3794117,3.7941
swap_distribute_parallel_for_split_1000_3500_2000,1000,2000,0,4000,70012000,21006001,2000,84000000,16000000,21004000,7000000,14004000,7000000,0,0,0,7004000,2022304,2.0223
distribute_parallel_for_collapse_1000_3500_2000,1000,2000,0,4000,70012000,21006001,2000,84000000,16000000,21004000,7000000,14004000,7000000,0,0,0,7004000,2267942,2.2679
swap_distribute_parallel_for_collapse_1000_3500_2000,1000,2000,0,4000,70012000,21006001,2000,84000000,16000000,21004000,7000000,14004000,7000000,0,0,0,7004000,2338783,2.3388
distribute_parallel_for_1000_3500_2500,1000,2500,0,5000,87515000,26257501,2500,98000000,20000000,26255000,8750000,17505000,8750000,0,0,0,8755000,3363347,3.3633
distribute_parallel_for_split_1000_3500_2500,1000,2500,0,5000,87515000,26257501,2500,98000000,20000000,26255000,8750000,17505000,8750000,0,0,0,8755000,3341609,3.3416
swap_distribute_parallel_for_1000_3500_2500,1000,2500,0,5000,87515000,26257501,2500,98000000,20000000,26255000,8750000,17505000,8750000,0,0,0,8755000,4173266,4.1733
swap_distribute_parallel_for_split_1000_3500_2500,1000,2500,0,5000,87515000,26257501,2500,98000000,20000000,26255000,8750000,17505000,8750000,0,0,0,8755000,2495472,2.4955
distribute_parallel_for_collapse_1000_3500_2500,1000,2500,0,5000,87515000,26257501,2500,98000000,20000000,26255000,8750000,17505000,8750000,0,0,0,8755000,2809957,2.8100
swap_distribute_parallel_for_collapse_1000_3500_2500,1000,2500,0,5000,87515000,26257501,2500,98000000,20000000,26255000,8750000,17505000,8750000,0,0,0,8755000,2993527,2.9935
distribute_parallel_for_1000_3500_3000,1000,3000,0,6000,105018000,31509001,3000,112000000,24000000,31506000,10500000,21006000,10500000,0,0,0,10506000,4698685,4.6987
distribute_parallel_for_split_1000_3500_3000,1000,3000,0,6000,105018000,31509001,3000,112000000,24000000,31506000,10500000,21006000,10500000,0,0,0,10506000,4129474,4.1295
swap_distribute_parallel_for_1000_3500_3000,1000,3000,0,6000,105018000,31509001,3000,112000000,24000000,31506000,10500000,21006000,10500000,0,0,0,10506000,4247499,4.2475
swap_distribute_parallel_for_split_1000_3500_3000,1000,3000,0,6000,105018000,31509001,3000,112000000,24000000,31506000,10500000,21006000,10500000,0,0,0,10506000,2894566,2.8946
distribute_parallel_for_collapse_1000_3500_3000,1000,3000,0,6000,105018000,31509001,3000,112000000,24000000,31506000,10500000,21006000,10500000,0,0,0,10506000,3075026,3.0750
swap_distribute_parallel_for_collapse_1000_3500_3000,1000,3000,0,6000,105018000,31509001,3000,112000000,24000000,31506000,10500000,21006000,10500000,0,0,0,10506000,3494417,3.4944
distribute_parallel_for_1000_3500_3500,1000,3500,0,7000,122521000,36760501,3500,126000000,28000000,36757000,12250000,24507000,12250000,0,0,0,12257000,4708873,4.7089
distribute_parallel_for_split_1000_3500_3500,1000,3500,0,7000,122521000,36760501,3500,126000000,28000000,36757000,12250000,24507000,12250000,0,0,0,12257000,4658165,4.6582
swap_distribute_parallel_for_1000_3500_3500,1000,3500,0,7000,122521000,36760501,3500,126000000,28000000,36757000,12250000,24507000,12250000,0,0,0,12257000,4257396,4.2574
swap_distribute_parallel_for_split_1000_3500_3500,1000,3500,0,7000,122521000,36760501,3500,126000000,28000000,36757000,12250000,24507000,12250000,0,0,0,12257000,3391510,3.3915
distribute_parallel_for_collapse_1000_3500_3500,1000,3500,0,7000,122521000,36760501,3500,126000000,28000000,36757000,12250000,24507000,12250000,0,0,0,12257000,3943685,3.9437
swap_distribute_parallel_for_collapse_1000_3500_3500,1000,3500,0,7000,122521000,36760501,3500,126000000,28000000,36757000,12250000,24507000,12250000,0,0,0,12257000,4135436,4.1354
distribute_parallel_for_1000_3500_4000,1000,4000,0,8000,140024000,42012001,4000,140000000,32000000,42008000,14000000,28008000,14000000,0,0,0,14008000,6063155,6.0632
distribute_parallel_for_split_1000_3500_4000,1000,4000,0,8000,140024000,42012001,4000,140000000,32000000,42008000,14000000,28008000,14000000,0,0,0,14008000,5477461,5.4775
swap_distribute_parallel_for_1000_3500_4000,1000,4000,0,8000,140024000,42012001,4000,140000000,32000000,42008000,14000000,28008000,14000000,0,0,0,14008000,6574913,6.5749
swap_distribute_parallel_for_split_1000_3500_4000,1000,4000,0,8000,140024000,42012001,4000,140000000,32000000,42008000,14000000,28008000,14000000,0,0,0,14008000,3895746,3.8957
distribute_parallel_for_collapse_1000_3500_4000,1000,4000,0,8000,140024000,42012001,4000,140000000,32000000,42008000,14000000,28008000,14000000,0,0,0,14008000,4605806,4.6058
swap_distribute_parallel_for_collapse_1000_3500_4000,1000,4000,0,8000,140024000,42012001,4000,140000000,32000000,42008000,14000000,28008000,14000000,0,0,0,14008000,4875182,4.8752
distribute_parallel_for_1000_4000_1000,1000,1000,0,2000,40006000,12003001,1000,64000000,8000000,12002000,4000000,8002000,4000000,0,0,0,4002000,1912996,1.9130
distribute_parallel_for_split_1000_4000_1000,1000,1000,0,2000,40006000,12003001,1000,64000000,8000000,12002000,4000000,8002000,4000000,0,0,0,4002000,1519460,1.5195
swap_distribute_parallel_for_1000_4000_1000,1000,1000,0,2000,40006000,12003001,1000,64000000,8000000,12002000,4000000,8002000,4000000,0,0,0,4002000,2148027,2.1480
swap_distribute_parallel_for_split_1000_4000_1000,1000,1000,0,2000,40006000,12003001,1000,64000000,8000000,12002000,4000000,8002000,4000000,0,0,0,4002000,1329580,1.3296
distribute_parallel_for_collapse_1000_4000_1000,1000,1000,0,2000,40006000,12003001,1000,64000000,8000000,12002000,4000000,8002000,4000000,0,0,0,4002000,1230148,1.2301
swap_distribute_parallel_for_collapse_1000_4000_1000,1000,1000,0,2000,40006000,12003001,1000,64000000,8000000,12002000,4000000,8002000,4000000,0,0,0,4002000,1196954,1.1970
distribute_parallel_for_1000_4000_1500,1000,1500,0,3000,60009000,18004501,1500,80000000,12000000,18003000,6000000,12003000,6000000,0,0,0,6003000,2330883,2.3309
distribute_parallel_for_split_1000_4000_1500,1000,1500,0,3000,60009000,18004501,1500,80000000,12000000,18003000,6000000,12003000,6000000,0,0,0,6003000,2196100,2.1961
swap_distribute_parallel_for_1000_4000_1500,1000,1500,0,3000,60009000,18004501,1500,80000000,12000000,18003000,6000000,12003000,6000000,0,0,0,6003000,2455983,2.4560
swap_distribute_parallel_for_split_1000_4000_1500,1000,1500,0,3000,60009000,18004501,1500,80000000,12000000,18003000,6000000,12003000,6000000,0,0,0,6003000,1773798,1.7738
distribute_parallel_for_collapse_1000_4000_1500,1000,1500,0,3000,60009000,18004501,1500,80000000,12000000,18003000,6000000,12003000,6000000,0,0,0,6003000,1826498,1.8265
swap_distribute_parallel_for_collapse_1000_4000_1500,1000,1500,0,3000,60009000,18004501,1500,80000000,12000000,18003000,6000000,12003000,6000000,0,0,0,6003000,2038965,2.0390
distribute_parallel_for_1000_4000_2000,1000,2000,0,4000,80012000,24006001,2000,96000000,16000000,24004000,8000000,16004000,8000000,0,0,0,8004000,3627091,3.6271
distribute_parallel_for_split_1000_4000_2000,1000,2000,0,4000,80012000,24006001,2000,96000000,16000000,24004000,8000000,16004000,8000000,0,0,0,8004000,2833696,2.8337
swap_distribute_parallel_for_1000_4000_2000,1000,2000,0,4000,80012000,24006001,2000,96000000,16000000,24004000,8000000,16004000,8000000,0,0,0,8004000,4406781,4.4068
swap_distribute_parallel_for_split_1000_4000_2000,1000,2000,0,4000,80012000,24006001,2000,96000000,16000000,24004000,8000000,16004000,8000000,0,0,0,8004000,2393286,2.3933
distribute_parallel_for_collapse_1000_4000_2000,1000,2000,0,4000,80012000,24006001,2000,96000000,16000000,24004000,8000000,16004000,8000000,0,0,0,8004000,2613166,2.6132
swap_distribute_parallel_for_collapse_1000_4000_2000,1000,2000,0,4000,80012000,24006001,2000,96000000,16000000,24004000,8000000,16004000,8000000,0,0,0,8004000,2592656,2.5927
distribute_parallel_for_1000_4000_2500,1000,2500,0,5000,100015000,30007501,2500,112000000,20000000,30005000,10000000,20005000,10000000,0,0,0,10005000,3969841,3.9698
distribute_parallel_for_split_1000_4000_2500,1000,2500,0,5000,100015000,30007501,2500,112000000,20000000,30005000,10000000,20005000,10000000,0,0,0,10005000,3700375,3.7004
swap_distribute_parallel_for_1000_4000_2500,1000,2500,0,5000,100015000,30007501,2500,112000000,20000000,30005000,10000000,20005000,10000000,0,0,0,10005000,4905230,4.9052
swap_distribute_parallel_for_split_1000_4000_2500,1000,2500,0,5000,100015000,30007501,2500,112000000,20000000,30005000,10000000,20005000,10000000,0,0,0,10005000,2909565,2.9096
distribute_parallel_for_collapse_1000_4000_2500,1000,2500,0,5000,100015000,30007501,2500,112000000,20000000,30005000,10000000,20005000,10000000,0,0,0,10005000,3229980,3.2300
swap_distribute_parallel_for_collapse_1000_4000_2500,1000,2500,0,5000,100015000,30007501,2500,112000000,20000000,30005000,10000000,20005000,10000000,0,0,0,10005000,3339752,3.3398
distribute_parallel_for_1000_4000_3000,1000,3000,0,6000,120018000,36009001,3000,128000000,24000000,36006000,12000000,24006000,12000000,0,0,0,12006000,5283519,5.2835
distribute_parallel_for_split_1000_4000_3000,1000,3000,0,6000,120018000,36009001,3000,128000000,24000000,36006000,12000000,24006000,12000000,0,0,0,12006000,4603249,4.6032
swap_distribute_parallel_for_1000_4000_3000,1000,3000,0,6000,120018000,36009001,3000,128000000,24000000,36006000,12000000,24006000,12000000,0,0,0,12006000,5038965,5.0390
swap_distribute_parallel_for_split_1000_4000_3000,1000,3000,0,6000,120018000,36009001,3000,128000000,24000000,36006000,12000000,24006000,12000000,0,0,0,12006000,3265731,3.2657
distribute_parallel_for_collapse_1000_4000_3000,1000,3000,0,6000,120018000,36009001,3000,128000000,24000000,36006000,12000000,24006000,12000000,0,0,0,12006000,3583966,3.5840
swap_distribute_parallel_for_collapse_1000_4000_3000,1000,3000,0,6000,120018000,36009001,3000,128000000,24000000,36006000,12000000,24006000,12000000,0,0,0,12006000,4012321,4.0123
distribute_parallel_for_1000_4000_3500,1000,3500,0,7000,140021000,42010501,3500,144000000,28000000,42007000,14000000,28007000,14000000,0,0,0,14007000,5443408,5.4434
distribute_parallel_for_split_1000_4000_3500,1000,3500,0,7000,140021000,42010501,3500,144000000,28000000,42007000,14000000,28007000,14000000,0,0,0,14007000,5450481,5.4505
swap_distribute_parallel_for_1000_4000_3500,1000,3500,0,7000,140021000,42010501,3500,144000000,28000000,42007000,14000000,28007000,14000000,0,0,0,14007000,4842214,4.8422
swap_distribute_parallel_for_split_1000_4000_3500,1000,3500,0,7000,140021000,42010501,3500,144000000,28000000,42007000,14000000,28007000,14000000,0,0,0,14007000,3861572,3.8616
distribute_parallel_for_collapse_1000_4000_3500,1000,3500,0,7000,140021000,42010501,3500,144000000,28000000,42007000,14000000,28007000,14000000,0,0,0,14007000,4481703,4.4817
swap_distribute_parallel_for_collapse_1000_4000_3500,1000,3500,0,7000,140021000,42010501,3500,144000000,28000000,42007000,14000000,28007000,14000000,0,0,0,14007000,4756511,4.7565
distribute_parallel_for_1000_4000_4000,1000,4000,0,8000,160024000,48012001,4000,160000000,32000000,48008000,16000000,32008000,16000000,0,0,0,16008000,7240471,7.2405
distribute_parallel_for_split_1000_4000_4000,1000,4000,0,8000,160024000,48012001,4000,160000000,32000000,48008000,16000000,32008000,16000000,0,0,0,16008000,6273297,6.2733
swap_distribute_parallel_for_1000_4000_4000,1000,4000,0,8000,160024000,48012001,4000,160000000,32000000,48008000,16000000,32008000,16000000,0,0,0,16008000,7717108,7.7171
swap_distribute_parallel_for_split_1000_4000_4000,1000,4000,0,8000,160024000,48012001,4000,160000000,32000000,48008000,16000000,32008000,16000000,0,0,0,16008000,4318447,4.3184
distribute_parallel_for_collapse_1000_4000_4000,1000,4000,0,8000,160024000,48012001,4000,160000000,32000000,48008000,16000000,32008000,16000000,0,0,0,16008000,5218091,5.2181
swap_distribute_parallel_for_collapse_1000_4000_4000,1000,4000,0,8000,160024000,48012001,4000,160000000,32000000,48008000,16000000,32008000,16000000,0,0,0,16008000,5512726,5.5127
distribute_parallel_for_100_100_100,100,100,0,200,100600,30301,100,160000,80000,30200,10000,20200,10000,0,0,0,10200,10439,0.0104
distribute_parallel_for_split_100_100_100,100,100,0,200,100600,30301,100,160000,80000,30200,10000,20200,10000,0,0,0,10200,26474,0.0265
swap_distribute_parallel_for_100_100_100,100,100,0,200,100600,30301,100,160000,80000,30200,10000,20200,10000,0,0,0,10200,4804,0.0048
swap_distribute_parallel_for_split_100_100_100,100,100,0,200,100600,30301,100,160000,80000,30200,10000,20200,10000,0,0,0,10200,3216,0.0032
distribute_parallel_for_collapse_100_100_100,100,100,0,200,100600,30301,100,160000,80000,30200,10000,20200,10000,0,0,0,10200,2855,0.0029
swap_distribute_parallel_for_collapse_100_100_100,100,100,0,200,100600,30301,100,160000,80000,30200,10000,20200,10000,0,0,0,10200,2904,0.0029
distribute_parallel_for_100_100_200,100,200,0,400,201200,60601,200,240000,160000,60400,20000,40400,20000,0,0,0,20400,13540,0.0135
distribute_parallel_for_split_100_100_200,100,200,0,400,201200,60601,200,240000,160000,60400,20000,40400,20000,0,0,0,20400,2828,0.0028
swap_distribute_parallel_for_100_100_200,100,200,0,400,201200,60601,200,240000,160000,60400,20000,40400,20000,0,0,0,20400,24008,0.0240
swap_distribute_parallel_for_split_100_100_200,100,200,0,400,201200,60601,200,240000,160000,60400,20000,40400,20000,0,0,0,20400,2953,0.0030
distribute_parallel_for_collapse_100_100_200,100,200,0,400,201200,60601,200,240000,160000,60400,20000,40400,20000,0,0,0,20400,2977,0.0030
swap_distribute_parallel_for_collapse_100_100_200,100,200,0,400,201200,60601,200,240000,160000,60400,20000,40400,20000,0,0,0,20400,2971,0.0030
distribute_parallel_for_100_100_300,100,300,0,600,301800,90901,300,320000,240000,90600,30000,60600,30000,0,0,0,30600,16884,0.0169
distribute_parallel_for_split_100_100_300,100,300,0,600,301800,90901,300,320000,240000,90600,30000,60600,30000,0,0,0,30600,3400,0.0034
swap_distribute_parallel_for_100_100_300,100,300,0,600,301800,90901,300,320000,240000,90600,30000,60600,30000,0,0,0,30600,5148,0.0051
swap_distribute_parallel_for_split_100_100_300,100,300,0,600,301800,90901,300,320000,240000,90600,30000,60600,30000,0,0,0,30600,3394,0.0034
distribute_parallel_for_collapse_100_100_300,100,300,0,600,301800,90901,300,320000,240000,90600,30000,60600,30000,0,0,0,30600,3401,0.0034
swap_distribute_parallel_for_collapse_100_100_300,100,300,0,600,301800,90901,300,320000,240000,90600,30000,60600,30000,0,0,0,30600,3386,0.0034
distribute_parallel_for_100_100_400,100,400,0,800,402400,121201,400,400000,320000,120800,40000,80800,40000,0,0,0,40800,19464,0.0195
distribute_parallel_for_split_100_100_400,100,400,0,800,402400,121201,400,400000,320000,120800,40000,80800,40000,0,0,0,40800,3722,0.0037
swap_distribute_parallel_for_100_100_400,100,400,0,800,402400,121201,400,400000,320000,120800,40000,80800,40000,0,0,0,40800,4857,0.0049
swap_distribute_parallel_for_split_100_100_400,100,400,0,800,402400,121201,400,400000,320000,120800,40000,80800,40000,0,0,0,40800,3684,0.0037
distribute_parallel_for_collapse_100_100_400,100,400,0,800,402400,121201,400,400000,320000,120800,40000,80800,40000,0,0,0,40800,3269,0.0033
swap_distribute_parallel_for_collapse_100_100_400,100,400,0,800,402400,121201,400,400000,320000,120800,40000,80800,40000,0,0,0,40800,4943,0.0049
distribute_parallel_for_100_100_500,100,500,0,1000,503000,151501,500,480000,400000,151000,50000,101000,50000,0,0,0,51000,31981,0.0320
distribute_parallel_for_split_100_100_500,100,500,0,1000,503000,151501,500,480000,400000,151000,50000,101000,50000,0,0,0,51000,4175,0.0042
swap_distribute_parallel_for_100_100_500,100,500,0,1000,503000,151501,500,480000,400000,151000,50000,101000,50000,0,0,0,51000,5085,0.0051
swap_distribute_parallel_for_split_100_100_500,100,500,0,1000,503000,151501,500,480000,400000,151000,50000,101000,50000,0,0,0,51000,4394,0.0044
distribute_parallel_for_collapse_100_100_500,100,500,0,1000,503000,151501,500,480000,400000,151000,50000,101000,50000,0,0,0,51000,3706,0.0037
swap_distribute_parallel_for_collapse_100_100_500,100,500,0,1000,503000,151501,500,480000,400000,151000,50000,101000,50000,0,0,0,51000,22451,0.0225
distribute_parallel_for_100_100_600,100,600,0,1200,603600,181801,600,560000,480000,181200,60000,121200,60000,0,0,0,61200,39706,0.0397
distribute_parallel_for_split_100_100_600,100,600,0,1200,603600,181801,600,560000,480000,181200,60000,121200,60000,0,0,0,61200,7190,0.0072
swap_distribute_parallel_for_100_100_600,100,600,0,1200,603600,181801,600,560000,480000,181200,60000,121200,60000,0,0,0,61200,5161,0.0052
swap_distribute_parallel_for_split_100_100_600,100,600,0,1200,603600,181801,600,560000,480000,181200,60000,121200,60000,0,0,0,61200,15075,0.0151
distribute_parallel_for_collapse_100_100_600,100,600,0,1200,603600,181801,600,560000,480000,181200,60000,121200,60000,0,0,0,61200,9173,0.0092
swap_distribute_parallel_for_collapse_100_100_600,100,600,0,1200,603600,181801,600,560000,480000,181200,60000,121200,60000,0,0,0,61200,5242,0.0052
distribute_parallel_for_100_100_700,100,700,0,1400,704200,212101,700,640000,560000,211400,70000,141400,70000,0,0,0,71400,34042,0.0340
distribute_parallel_for_split_100_100_700,100,700,0,1400,704200,212101,700,640000,560000,211400,70000,141400,70000,0,0,0,71400,6085,0.0061
swap_distribute_parallel_for_100_100_700,100,700,0,1400,704200,212101,700,640000,560000,211400,70000,141400,70000,0,0,0,71400,6695,0.0067
swap_distribute_parallel_for_split_100_100_700,100,700,0,1400,704200,212101,700,640000,560000,211400,70000,141400,70000,0,0,0,71400,27540,0.0275
distribute_parallel_for_collapse_100_100_700,100,700,0,1400,704200,212101,700,640000,560000,211400,70000,141400,70000,0,0,0,71400,6167,0.0062
swap_distribute_parallel_for_collapse_100_100_700,100,700,0,1400,704200,212101,700,640000,560000,211400,70000,141400,70000,0,0,0,71400,5707,0.0057
distribute_parallel_for_100_100_800,100,800,0,1600,804800,242401,800,720000,640000,241600,80000,161600,80000,0,0,0,81600,32666,0.0327
distribute_parallel_for_split_100_100_800,100,800,0,1600,804800,242401,800,720000,640000,241600,80000,161600,80000,0,0,0,81600,5625,0.0056
swap_distribute_parallel_for_100_100_800,100,800,0,1600,804800,242401,800,720000,640000,241600,80000,161600,80000,0,0,0,81600,5339,0.0053
swap_distribute_parallel_for_split_100_100_800,100,800,0,1600,804800,242401,800,720000,640000,241600,80000,161600,80000,0,0,0,81600,5767,0.0058
distribute_parallel_for_collapse_100_100_800,100,800,0,1600,804800,242401,800,720000,640000,241600,80000,161600,80000,0,0,0,81600,22964,0.0230
swap_distribute_parallel_for_collapse_100_100_800,100,800,0,1600,804800,242401,800,720000,640000,241600,80000,161600,80000,0,0,0,81600,4268,0.0043
distribute_parallel_for_100_100_900,100,900,0,1800,905400,272701,900,800000,720000,271800,90000,181800,90000,0,0,0,91800,36771,0.0368
distribute_parallel_for_split_100_100_900,100,900,0,1800,905400,272701,900,800000,720000,271800,90000,181800,90000,0,0,0,91800,6629,0.0066
swap_distribute_parallel_for_100_100_900,100,900,0,1800,905400,272701,900,800000,720000,271800,90000,181800,90000,0,0,0,91800,6110,0.0061
swap_distribute_parallel_for_split_100_100_900,100,900,0,1800,905400,272701,900,800000,720000,271800,90000,181800,90000,0,0,0,91800,6992,0.0070
distribute_parallel_for_collapse_100_100_900,100,900,0,1800,905400,272701,900,800000,720000,271800,90000,181800,90000,0,0,0,91800,5545,0.0055
swap_distribute_parallel_for_collapse_100_100_900,100,900,0,1800,905400,272701,900,800000,720000,271800,90000,181800,90000,0,0,0,91800,14475,0.0145
distribute_parallel_for_100_200_100,100,100,0,200,200600,60301,100,320000,80000,60200,20000,40200,20000,0,0,0,20200,13830,0.0138
distribute_parallel_for_split_100_200_100,100,100,0,200,200600,60301,100,320000,80000,60200,20000,40200,20000,0,0,0,20200,3052,0.0031
swap_distribute_parallel_for_100_200_100,100,100,0,200,200600,60301,100,320000,80000,60200,20000,40200,20000,0,0,0,20200,16066,0.0161
swap_distribute_parallel_for_split_100_200_100,100,100,0,200,200600,60301,100,320000,80000,60200,20000,40200,20000,0,0,0,20200,2891,0.0029
distribute_parallel_for_collapse_100_200_100,100,100,0,200,200600,60301,100,320000,80000,60200,20000,40200,20000,0,0,0,20200,3168,0.0032
swap_distribute_parallel_for_collapse_100_200_100,100,100,0,200,200600,60301,100,320000,80000,60200,20000,40200,20000,0,0,0,20200,3256,0.0033
distribute_parallel_for_100_200_200,100,200,0,400,401200,120601,200,480000,160000,120400,40000,80400,40000,0,0,0,40400,19533,0.0195
distribute_parallel_for_split_100_200_200,100,200,0,400,401200,120601,200,480000,160000,120400,40000,80400,40000,0,0,0,40400,4093,0.0041
swap_distribute_parallel_for_100_200_200,100,200,0,400,401200,120601,200,480000,160000,120400,40000,80400,40000,0,0,0,40400,8370,0.0084
swap_distribute_parallel_for_split_100_200_200,100,200,0,400,401200,120601,200,480000,160000,120400,40000,80400,40000,0,0,0,40400,3453,0.0035
distribute_parallel_for_collapse_100_200_200,100,200,0,400,401200,120601,200,480000,160000,120400,40000,80400,40000,0,0,0,40400,3607,0.0036
swap_distribute_parallel_for_collapse_100_200_200,100,200,0,400,401200,120601,200,480000,160000,120400,40000,80400,40000,0,0,0,40400,3553,0.0036
distribute_parallel_for_100_200_300,100,300,0,600,601800,180901,300,640000,240000,180600,60000,120600,60000,0,0,0,60600,38023,0.0380
distribute_parallel_for_split_100_200_300,100,300,0,600,601800,180901,300,640000,240000,180600,60000,120600,60000,0,0,0,60600,5260,0.0053
swap_distribute_parallel_for_100_200_300,100,300,0,600,601800,180901,300,640000,240000,180600,60000,120600,60000,0,0,0,60600,8254,0.0083
swap_distribute_parallel_for_split_100_200_300,100,300,0,600,601800,180901,300,640000,240000,180600,60000,120600,60000,0,0,0,60600,4235,0.0042
distribute_parallel_for_collapse_100_200_300,100,300,0,600,601800,180901,300,640000,240000,180600,60000,120600,60000,0,0,0,60600,16038,0.0160
swap_distribute_parallel_for_collapse_100_200_300,100,300,0,600,601800,180901,300,640000,240000,180600,60000,120600,60000,0,0,0,60600,4102,0.0041
distribute_parallel_for_100_200_400,100,400,0,800,802400,241201,400,800000,320000,240800,80000,160800,80000,0,0,0,80800,35004,0.0350
distribute_parallel_for_split_100_200_400,100,400,0,800,802400,241201,400,800000,320000,240800,80000,160800,80000,0,0,0,80800,7317,0.0073
swap_distribute_parallel_for_100_200_400,100,400,0,800,802400,241201,400,800000,320000,240800,80000,160800,80000,0,0,0,80800,9548,0.0095
swap_distribute_parallel_for_split_100_200_400,100,400,0,800,802400,241201,400,800000,320000,240800,80000,160800,80000,0,0,0,80800,5387,0.0054
distribute_parallel_for_collapse_100_200_400,100,400,0,800,802400,241201,400,800000,320000,240800,80000,160800,80000,0,0,0,80800,6151,0.0062
swap_distribute_parallel_for_collapse_100_200_400,100,400,0,800,802400,241201,400,800000,320000,240800,80000,160800,80000,0,0,0,80800,5003,0.0050
distribute_parallel_for_100_200_500,100,500,0,1000,1003000,301501,500,960000,400000,301000,100000,201000,100000,0,0,0,101000,52833,0.0528
distribute_parallel_for_split_100_200_500,100,500,0,1000,1003000,301501,500,960000,400000,301000,100000,201000,100000,0,0,0,101000,7115,0.0071
swap_distribute_parallel_for_100_200_500,100,500,0,1000,1003000,301501,500,960000,400000,301000,100000,201000,100000,0,0,0,101000,12719,0.0127
swap_distribute_parallel_for_split_100_200_500,100,500,0,1000,1003000,301501,500,960000,400000,301000,100000,201000,100000,0,0,0,101000,21386,0.0214
distribute_parallel_for_collapse_100_200_500,100,500,0,1000,1003000,301501,500,960000,400000,301000,100000,201000,100000,0,0,0,101000,16981,0.0170
swap_distribute_parallel_for_collapse_100_200_500,100,500,0,1000,1003000,301501,500,960000,400000,301000,100000,201000,100000,0,0,0,101000,5291,0.0053
distribute_parallel_for_100_200_600,100,600,0,1200,1203600,361801,600,1120000,480000,361200,120000,241200,120000,0,0,0,121200,44018,0.0440
distribute_parallel_for_split_100_200_600,100,600,0,1200,1203600,361801,600,1120000,480000,361200,120000,241200,120000,0,0,0,121200,8032,0.0080
swap_distribute_parallel_for_100_200_600,100,600,0,1200,1203600,361801,600,1120000,480000,361200,120000,241200,120000,0,0,0,121200,8497,0.0085
swap_distribute_parallel_for_split_100_200_600,100,600,0,1200,1203600,361801,600,1120000,480000,361200,120000,241200,120000,0,0,0,121200,6171,0.0062
distribute_parallel_for_collapse_100_200_600,100,600,0,1200,1203600,361801,600,1120000,480000,361200,120000,241200,120000,0,0,0,121200,5181,0.0052
swap_distribute_parallel_for_collapse_100_200_600,100,600,0,1200,1203600,361801,600,1120000,480000,361200,120000,241200,120000,0,0,0,121200,4993,0.0050
distribute_parallel_for_100_200_700,100,700,0,1400,1404200,422101,700,1280000,560000,421400,140000,281400,140000,0,0,0,141400,106672,0.1067
distribute_parallel_for_split_100_200_700,100,700,0,1400,1404200,422101,700,1280000,560000,421400,140000,281400,140000,0,0,0,141400,39026,0.0390
swap_distribute_parallel_for_100_200_700,100,700,0,1400,1404200,422101,700,1280000,560000,421400,140000,281400,140000,0,0,0,141400,20764,0.0208
swap_distribute_parallel_for_split_100_200_700,100,700,0,1400,1404200,422101,700,1280000,560000,421400,140000,281400,140000,0,0,0,141400,21431,0.0214
distribute_parallel_for_collapse_100_200_700,100,700,0,1400,1404200,422101,700,1280000,560000,421400,140000,281400,140000,0,0,0,141400,14747,0.0147
swap_distribute_parallel_for_collapse_100_200_700,100,700,0,1400,1404200,422101,700,1280000,560000,421400,140000,281400,140000,0,0,0,141400,41418,0.0414
distribute_parallel_for_100_200_800,100,800,0,1600,1604800,482401,800,1440000,640000,481600,160000,321600,160000,0,0,0,161600,63331,0.0633
distribute_parallel_for_split_100_200_800,100,800,0,1600,1604800,482401,800,1440000,640000,481600,160000,321600,160000,0,0,0,161600,13094,0.0131
swap_distribute_parallel_for_100_200_800,100,800,0,1600,1604800,482401,800,1440000,640000,481600,160000,321600,160000,0,0,0,161600,13989,0.0140
swap_distribute_parallel_for_split_100_200_800,100,800,0,1600,1604800,482401,800,1440000,640000,481600,160000,321600,160000,0,0,0,161600,10618,0.0106
distribute_parallel_for_collapse_100_200_800,100,800,0,1600,1604800,482401,800,1440000,640000,481600,160000,321600,160000,0,0,0,161600,8381,0.0084
swap_distribute_parallel_for_collapse_100_200_800,100,800,0,1600,1604800,482401,800,1440000,640000,481600,160000,321600,160000,0,0,0,161600,9399,0.0094
distribute_parallel_for_100_200_900,100,900,0,1800,1805400,542701,900,1600000,720000,541800,180000,361800,180000,0,0,0,181800,58626,0.0586
distribute_parallel_for_split_100_200_900,100,900,0,1800,1805400,542701,900,1600000,720000,541800,180000,361800,180000,0,0,0,181800,10640,0.0106
swap_distribute_parallel_for_100_200_900,100,900,0,1800,1805400,542701,900,1600000,720000,541800,180000,361800,180000,0,0,0,181800,8302,0.0083
swap_distribute_parallel_for_split_100_200_900,100,900,0,1800,1805400,542701,900,1600000,720000,541800,180000,361800,180000,0,0,0,181800,8004,0.0080
distribute_parallel_for_collapse_100_200_900,100,900,0,1800,1805400,542701,900,1600000,720000,541800,180000,361800,180000,0,0,0,181800,6458,0.0065
swap_distribute_parallel_for_collapse_100_200_900,100,900,0,1800,1805400,542701,900,1600000,720000,541800,180000,361800,180000,0,0,0,181800,6345,0.0063
distribute_parallel_for_100_300_100,100,100,0,200,300600,90301,100,480000,80000,90200,30000,60200,30000,0,0,0,30200,15309,0.0153
distribute_parallel_for_split_100_300_100,100,100,0,200,300600,90301,100,480000,80000,90200,30000,60200,30000,0,0,0,30200,3334,0.0033
swap_distribute_parallel_for_100_300_100,100,100,0,200,300600,90301,100,480000,80000,90200,30000,60200,30000,0,0,0,30200,10027,0.0100
swap_distribute_parallel_for_split_100_300_100,100,100,0,200,300600,90301,100,480000,80000,90200,30000,60200,30000,0,0,0,30200,3099,0.0031
distribute_parallel_for_collapse_100_300_100,100,100,0,200,300600,90301,100,480000,80000,90200,30000,60200,30000,0,0,0,30200,3320,0.0033
swap_distribute_parallel_for_collapse_100_300_100,100,100,0,200,300600,90301,100,480000,80000,90200,30000,60200,30000,0,0,0,30200,3328,0.0033
distribute_parallel_for_100_300_200,100,200,0,400,601200,180601,200,720000,160000,180400,60000,120400,60000,0,0,0,60400,40511,0.0405
distribute_parallel_for_split_100_300_200,100,200,0,400,601200,180601,200,720000,160000,180400,60000,120400,60000,0,0,0,60400,5155,0.0052
swap_distribute_parallel_for_100_300_200,100,200,0,400,601200,180601,200,720000,160000,180400,60000,120400,60000,0,0,0,60400,12526,0.0125
swap_distribute_parallel_for_split_100_300_200,100,200,0,400,601200,180601,200,720000,160000,180400,60000,120400,60000,0,0,0,60400,12220,0.0122
distribute_parallel_for_collapse_100_300_200,100,200,0,400,601200,180601,200,720000,160000,180400,60000,120400,60000,0,0,0,60400,4061,0.0041
swap_distribute_parallel_for_collapse_100_300_200,100,200,0,400,601200,180601,200,720000,160000,180400,60000,120400,60000,0,0,0,60400,4043,0.0040
distribute_parallel_for_100_300_300,100,300,0,600,901800,270901,300,960000,240000,270600,90000,180600,90000,0,0,0,90600,35112,0.0351
distribute_parallel_for_split_100_300_300,100,300,0,600,901800,270901,300,960000,240000,270600,90000,180600,90000,0,0,0,90600,6455,0.0065
swap_distribute_parallel_for_100_300_300,100,300,0,600,901800,270901,300,960000,240000,270600,90000,180600,90000,0,0,0,90600,12551,0.0126
swap_distribute_parallel_for_split_100_300_300,100,300,0,600,901800,270901,300,960000,240000,270600,90000,180600,90000,0,0,0,90600,4996,0.0050
distribute_parallel_for_collapse_100_300_300,100,300,0,600,901800,270901,300,960000,240000,270600,90000,180600,90000,0,0,0,90600,4478,0.0045
swap_distribute_parallel_for_collapse_100_300_300,100,300,0,600,901800,270901,300,960000,240000,270600,90000,180600,90000,0,0,0,90600,4391,0.0044
distribute_parallel_for_100_300_400,100,400,0,800,1202400,361201,400,1200000,320000,360800,120000,240800,120000,0,0,0,120800,47200,0.0472
distribute_parallel_for_split_100_300_400,100,400,0,800,1202400,361201,400,1200000,320000,360800,120000,240800,120000,0,0,0,120800,28357,0.0284
swap_distribute_parallel_for_100_300_400,100,400,0,800,1202400,361201,400,1200000,320000,360800,120000,240800,120000,0,0,0,120800,13766,0.0138
swap_distribute_parallel_for_split_100_300_400,100,400,0,800,1202400,361201,400,1200000,320000,360800,120000,240800,120000,0,0,0,120800,5882,0.0059
distribute_parallel_for_collapse_100_300_400,100,400,0,800,1202400,361201,400,1200000,320000,360800,120000,240800,120000,0,0,0,120800,23420,0.0234
swap_distribute_parallel_for_collapse_100_300_400,100,400,0,800,1202400,361201,400,1200000,320000,360800,120000,240800,120000,0,0,0,120800,5307,0.0053
distribute_parallel_for_100_300_500,100,500,0,1000,1503000,451501,500,1440000,400000,451000,150000,301000,150000,0,0,0,151000,118455,0.1185
distribute_parallel_for_split_100_300_500,100,500,0,1000,1503000,451501,500,1440000,400000,451000,150000,301000,150000,0,0,0,151000,18800,0.0188
swap_distribute_parallel_for_100_300_500,100,500,0,1000,1503000,451501,500,1440000,400000,451000,150000,301000,150000,0,0,0,151000,31198,0.0312
swap_distribute_parallel_for_split_100_300_500,100,500,0,1000,1503000,451501,500,1440000,400000,451000,150000,301000,150000,0,0,0,151000,8354,0.0084
distribute_parallel_for_collapse_100_300_500,100,500,0,1000,1503000,451501,500,1440000,400000,451000,150000,301000,150000,0,0,0,151000,26917,0.0269
swap_distribute_parallel_for_collapse_100_300_500,100,500,0,1000,1503000,451501,500,1440000,400000,451000,150000,301000,150000,0,0,0,151000,49093,0.0491
distribute_parallel_for_100_300_600,100,600,0,1200,1803600,541801,600,1680000,480000,541200,180000,361200,180000,0,0,0,181200,79150,0.0791
distribute_parallel_for_split_100_300_600,100,600,0,1200,1803600,541801,600,1680000,480000,541200,180000,361200,180000,0,0,0,181200,11439,0.0114
swap_distribute_parallel_for_100_300_600,100,600,0,1200,1803600,541801,600,1680000,480000,541200,180000,361200,180000,0,0,0,181200,13571,0.0136
swap_distribute_parallel_for_split_100_300_600,100,600,0,1200,1803600,541801,600,1680000,480000,541200,180000,361200,180000,0,0,0,181200,7844,0.0078
distribute_parallel_for_collapse_100_300_600,100,600,0,1200,1803600,541801,600,1680000,480000,541200,180000,361200,180000,0,0,0,181200,6753,0.0068
swap_distribute_parallel_for_collapse_100_300_600,100,600,0,1200,1803600,541801,600,1680000,480000,541200,180000,361200,180000,0,0,0,181200,6599,0.0066
distribute_parallel_for_100_300_700,100,700,0,1400,2104200,632101,700,1920000,560000,631400,210000,421400,210000,0,0,0,211400,86917,0.0869
distribute_parallel_for_split_100_300_700,100,700,0,1400,2104200,632101,700,1920000,560000,631400,210000,421400,210000,0,0,0,211400,12375,0.0124
swap_distribute_parallel_for_100_300_700,100,700,0,1400,2104200,632101,700,1920000,560000,631400,210000,421400,210000,0,0,0,211400,26635,0.0266
swap_distribute_parallel_for_split_100_300_700,100,700,0,1400,2104200,632101,700,1920000,560000,631400,210000,421400,210000,0,0,0,211400,8687,0.0087
distribute_parallel_for_collapse_100_300_700,100,700,0,1400,2104200,632101,700,1920000,560000,631400,210000,421400,210000,0,0,0,211400,12119,0.0121
swap_distribute_parallel_for_collapse_100_300_700,100,700,0,1400,2104200,632101,700,1920000,560000,631400,210000,421400,210000,0,0,0,211400,12682,0.0127
distribute_parallel_for_100_300_800,100,800,0,1600,2404800,722401,800,2160000,640000,721600,240000,481600,240000,0,0,0,241600,76301,0.0763
distribute_parallel_for_split_100_300_800,100,800,0,1600,2404800,722401,800,2160000,640000,721600,240000,481600,240000,0,0,0,241600,13305,0.0133
swap_distribute_parallel_for_100_300_800,100,800,0,1600,2404800,722401,800,2160000,640000,721600,240000,481600,240000,0,0,0,241600,12653,0.0127
swap_distribute_parallel_for_split_100_300_800,100,800,0,1600,2404800,722401,800,2160000,640000,721600,240000,481600,240000,0,0,0,241600,9163,0.0092
distribute_parallel_for_collapse_100_300_800,100,800,0,1600,2404800,722401,800,2160000,640000,721600,240000,481600,240000,0,0,0,241600,7305,0.0073
swap_distribute_parallel_for_collapse_100_300_800,100,800,0,1600,2404800,722401,800,2160000,640000,721600,240000,481600,240000,0,0,0,241600,7048,0.0070
distribute_parallel_for_100_300_900,100,900,0,1800,2705400,812701,900,2400000,720000,811800,270000,541800,270000,0,0,0,271800,82954,0.0830
distribute_parallel_for_split_100_300_900,100,900,0,1800,2705400,812701,900,2400000,720000,811800,270000,541800,270000,0,0,0,271800,14550,0.0146
swap_distribute_parallel_for_100_300_900,100,900,0,1800,2705400,812701,900,2400000,720000,811800,270000,541800,270000,0,0,0,271800,18399,0.0184
swap_distribute_parallel_for_split_100_300_900,100,900,0,1800,2705400,812701,900,2400000,720000,811800,270000,541800,270000,0,0,0,271800,9650,0.0097
distribute_parallel_for_collapse_100_300_900,100,900,0,1800,2705400,812701,900,2400000,720000,811800,270000,541800,270000,0,0,0,271800,27181,0.0272
swap_distribute_parallel_for_collapse_100_300_900,100,900,0,1800,2705400,812701,900,2400000,720000,811800,270000,541800,270000,0,0,0,271800,7537,0.0075
distribute_parallel_for_100_400_100,100,100,0,200,400600,120301,100,640000,80000,120200,40000,80200,40000,0,0,0,40200,21322,0.0213
distribute_parallel_for_split_100_400_100,100,100,0,200,400600,120301,100,640000,80000,120200,40000,80200,40000,0,0,0,40200,4632,0.0046
swap_distribute_parallel_for_100_400_100,100,100,0,200,400600,120301,100,640000,80000,120200,40000,80200,40000,0,0,0,40200,24148,0.0241
swap_distribute_parallel_for_split_100_400_100,100,100,0,200,400600,120301,100,640000,80000,120200,40000,80200,40000,0,0,0,40200,9399,0.0094
distribute_parallel_for_collapse_100_400_100,100,100,0,200,400600,120301,100,640000,80000,120200,40000,80200,40000,0,0,0,40200,4000,0.0040
swap_distribute_parallel_for_collapse_100_400_100,100,100,0,200,400600,120301,100,640000,80000,120200,40000,80200,40000,0,0,0,40200,3848,0.0038
distribute_parallel_for_100_400_200,100,200,0,400,801200,240601,200,960000,160000,240400,80000,160400,80000,0,0,0,80400,34676,0.0347
distribute_parallel_for_split_100_400_200,100,200,0,400,801200,240601,200,960000,160000,240400,80000,160400,80000,0,0,0,80400,7147,0.0071
swap_distribute_parallel_for_100_400_200,100,200,0,400,801200,240601,200,960000,160000,240400,80000,160400,80000,0,0,0,80400,31765,0.0318
swap_distribute_parallel_for_split_100_400_200,100,200,0,400,801200,240601,200,960000,160000,240400,80000,160400,80000,0,0,0,80400,5399,0.0054
distribute_parallel_for_collapse_100_400_200,100,200,0,400,801200,240601,200,960000,160000,240400,80000,160400,80000,0,0,0,80400,4793,0.0048
swap_distribute_parallel_for_collapse_100_400_200,100,200,0,400,801200,240601,200,960000,160000,240400,80000,160400,80000,0,0,0,80400,4638,0.0046
distribute_parallel_for_100_400_300,100,300,0,600,1201800,360901,300,1280000,240000,360600,120000,240600,120000,0,0,0,120600,45573,0.0456
distribute_parallel_for_split_100_400_300,100,300,0,600,1201800,360901,300,1280000,240000,360600,120000,240600,120000,0,0,0,120600,8237,0.0082
swap_distribute_parallel_for_100_400_300,100,300,0,600,1201800,360901,300,1280000,240000,360600,120000,240600,120000,0,0,0,120600,26606,0.0266
swap_distribute_parallel_for_split_100_400_300,100,300,0,600,1201800,360901,300,1280000,240000,360600,120000,240600,120000,0,0,0,120600,6012,0.0060
distribute_parallel_for_collapse_100_400_300,100,300,0,600,1201800,360901,300,1280000,240000,360600,120000,240600,120000,0,0,0,120600,5171,0.0052
swap_distribute_parallel_for_collapse_100_400_300,100,300,0,600,1201800,360901,300,1280000,240000,360600,120000,240600,120000,0,0,0,120600,5131,0.0051
distribute_parallel_for_100_400_400,100,400,0,800,1602400,481201,400,1600000,320000,480800,160000,320800,160000,0,0,0,160800,58781,0.0588
distribute_parallel_for_split_100_400_400,100,400,0,800,1602400,481201,400,1600000,320000,480800,160000,320800,160000,0,0,0,160800,22114,0.0221
swap_distribute_parallel_for_100_400_400,100,400,0,800,1602400,481201,400,1600000,320000,480800,160000,320800,160000,0,0,0,160800,17376,0.0174
swap_distribute_parallel_for_split_100_400_400,100,400,0,800,1602400,481201,400,1600000,320000,480800,160000,320800,160000,0,0,0,160800,6681,0.0067
distribute_parallel_for_collapse_100_400_400,100,400,0,800,1602400,481201,400,1600000,320000,480800,160000,320800,160000,0,0,0,160800,6048,0.0060
swap_distribute_parallel_for_collapse_100_400_400,100,400,0,800,1602400,481201,400,1600000,320000,480800,160000,320800,160000,0,0,0,160800,5965,0.0060
distribute_parallel_for_100_400_500,100,500,0,1000,2003000,601501,500,1920000,400000,601000,200000,401000,200000,0,0,0,201000,60526,0.0605
distribute_parallel_for_split_100_400_500,100,500,0,1000,2003000,601501,500,1920000,400000,601000,200000,401000,200000,0,0,0,201000,25550,0.0255
swap_distribute_parallel_for_100_400_500,100,500,0,1000,2003000,601501,500,1920000,400000,601000,200000,401000,200000,0,0,0,201000,29949,0.0299
swap_distribute_parallel_for_split_100_400_500,100,500,0,1000,2003000,601501,500,1920000,400000,601000,200000,401000,200000,0,0,0,201000,8181,0.0082
distribute_parallel_for_collapse_100_400_500,100,500,0,1000,2003000,601501,500,1920000,400000,601000,200000,401000,200000,0,0,0,201000,6447,0.0064
swap_distribute_parallel_for_collapse_100_400_500,100,500,0,1000,2003000,601501,500,1920000,400000,601000,200000,401000,200000,0,0,0,201000,25263,0.0253
distribute_parallel_for_100_400_600,100,600,0,1200,2403600,721801,600,2240000,480000,721200,240000,481200,240000,0,0,0,241200,81190,0.0812
distribute_parallel_for_split_100_400_600,100,600,0,1200,2403600,721801,600,2240000,480000,721200,240000,481200,240000,0,0,0,241200,14710,0.0147
swap_distribute_parallel_for_100_400_600,100,600,0,1200,2403600,721801,600,2240000,480000,721200,240000,481200,240000,0,0,0,241200,16626,0.0166
swap_distribute_parallel_for_split_100_400_600,100,600,0,1200,2403600,721801,600,2240000,480000,721200,240000,481200,240000,0,0,0,241200,9017,0.0090
distribute_parallel_for_collapse_100_400_600,100,600,0,1200,2403600,721801,600,2240000,480000,721200,240000,481200,240000,0,0,0,241200,7511,0.0075
swap_distribute_parallel_for_collapse_100_400_600,100,600,0,1200,2403600,721801,600,2240000,480000,721200,240000,481200,240000,0,0,0,241200,7299,0.0073
distribute_parallel_for_100_400_700,100,700,0,1400,2804200,842101,700,2560000,560000,841400,280000,561400,280000,0,0,0,281400,86604,0.0866
distribute_parallel_for_split_100_400_700,100,700,0,1400,2804200,842101,700,2560000,560000,841400,280000,561400,280000,0,0,0,281400,28302,0.0283
swap_distribute_parallel_for_100_400_700,100,700,0,1400,2804200,842101,700,2560000,560000,841400,280000,561400,280000,0,0,0,281400,16787,0.0168
swap_distribute_parallel_for_split_100_400_700,100,700,0,1400,2804200,842101,700,2560000,560000,841400,280000,561400,280000,0,0,0,281400,9542,0.0095
distribute_parallel_for_collapse_100_400_700,100,700,0,1400,2804200,842101,700,2560000,560000,841400,280000,561400,280000,0,0,0,281400,8273,0.0083
swap_distribute_parallel_for_collapse_100_400_700,100,700,0,1400,2804200,842101,700,2560000,560000,841400,280000,561400,280000,0,0,0,281400,8172,0.0082
distribute_parallel_for_100_400_800,100,800,0,1600,3204800,962401,800,2880000,640000,961600,320000,641600,320000,0,0,0,321600,120564,0.1206
distribute_parallel_for_split_100_400_800,100,800,0,1600,3204800,962401,800,2880000,640000,961600,320000,641600,320000,0,0,0,321600,19484,0.0195
swap_distribute_parallel_for_100_400_800,100,800,0,1600,3204800,962401,800,2880000,640000,961600,320000,641600,320000,0,0,0,321600,36967,0.0370
swap_distribute_parallel_for_split_100_400_800,100,800,0,1600,3204800,962401,800,2880000,640000,961600,320000,641600,320000,0,0,0,321600,24946,0.0249
distribute_parallel_for_collapse_100_400_800,100,800,0,1600,3204800,962401,800,2880000,640000,961600,320000,641600,320000,0,0,0,321600,9516,0.0095
swap_distribute_parallel_for_collapse_100_400_800,100,800,0,1600,3204800,962401,800,2880000,640000,961600,320000,641600,320000,0,0,0,321600,20346,0.0203
distribute_parallel_for_100_400_900,100,900,0,1800,3605400,1082701,900,3200000,720000,1081800,360000,721800,360000,0,0,0,361800,118613,0.1186
distribute_parallel_for_split_100_400_900,100,900,0,1800,3605400,1082701,900,3200000,720000,1081800,360000,721800,360000,0,0,0,361800,29794,0.0298
swap_distribute_parallel_for_100_400_900,100,900,0,1800,3605400,1082701,900,3200000,720000,1081800,360000,721800,360000,0,0,0,361800,29986,0.0300
swap_distribute_parallel_for_split_100_400_900,100,900,0,1800,3605400,1082701,900,3200000,720000,1081800,360000,721800,360000,0,0,0,361800,29949,0.0299
distribute_parallel_for_collapse_100_400_900,100,900,0,1800,3605400,1082701,900,3200000,720000,1081800,360000,721800,360000,0,0,0,361800,29773,0.0298
swap_distribute_parallel_for_collapse_100_400_900,100,900,0,1800,3605400,1082701,900,3200000,720000,1081800,360000,721800,360000,0,0,0,361800,11880,0.0119
distribute_parallel_for_100_500_100,100,100,0,200,500600,150301,100,800000,80000,150200,50000,100200,50000,0,0,0,50200,40888,0.0409
distribute_parallel_for_split_100_500_100,100,100,0,200,500600,150301,100,800000,80000,150200,50000,100200,50000,0,0,0,50200,4869,0.0049
swap_distribute_parallel_for_100_500_100,100,100,0,200,500600,150301,100,800000,80000,150200,50000,100200,50000,0,0,0,50200,34924,0.0349
swap_distribute_parallel_for_split_100_500_100,100,100,0,200,500600,150301,100,800000,80000,150200,50000,100200,50000,0,0,0,50200,4254,0.0043
distribute_parallel_for_collapse_100_500_100,100,100,0,200,500600,150301,100,800000,80000,150200,50000,100200,50000,0,0,0,50200,3729,0.0037
swap_distribute_parallel_for_collapse_100_500_100,100,100,0,200,500600,150301,100,800000,80000,150200,50000,100200,50000,0,0,0,50200,3813,0.0038
distribute_parallel_for_100_500_200,100,200,0,400,1001200,300601,200,1200000,160000,300400,100000,200400,100000,0,0,0,100400,38113,0.0381
distribute_parallel_for_split_100_500_200,100,200,0,400,1001200,300601,200,1200000,160000,300400,100000,200400,100000,0,0,0,100400,7928,0.0079
swap_distribute_parallel_for_100_500_200,100,200,0,400,1001200,300601,200,1200000,160000,300400,100000,200400,100000,0,0,0,100400,19772,0.0198
swap_distribute_parallel_for_split_100_500_200,100,200,0,400,1001200,300601,200,1200000,160000,300400,100000,200400,100000,0,0,0,100400,5047,0.0050
distribute_parallel_for_collapse_100_500_200,100,200,0,400,1001200,300601,200,1200000,160000,300400,100000,200400,100000,0,0,0,100400,4831,0.0048
swap_distribute_parallel_for_collapse_100_500_200,100,200,0,400,1001200,300601,200,1200000,160000,300400,100000,200400,100000,0,0,0,100400,4979,0.0050
distribute_parallel_for_100_500_300,100,300,0,600,1501800,450901,300,1600000,240000,450600,150000,300600,150000,0,0,0,150600,54312,0.0543
distribute_parallel_for_split_100_500_300,100,300,0,600,1501800,450901,300,1600000,240000,450600,150000,300600,150000,0,0,0,150600,9804,0.0098
swap_distribute_parallel_for_100_500_300,100,300,0,600,1501800,450901,300,1600000,240000,450600,150000,300600,150000,0,0,0,150600,22173,0.0222
swap_distribute_parallel_for_split_100_500_300,100,300,0,600,1501800,450901,300,1600000,240000,450600,150000,300600,150000,0,0,0,150600,7143,0.0071
distribute_parallel_for_collapse_100_500_300,100,300,0,600,1501800,450901,300,1600000,240000,450600,150000,300600,150000,0,0,0,150600,6135,0.0061
swap_distribute_parallel_for_collapse_100_500_300,100,300,0,600,1501800,450901,300,1600000,240000,450600,150000,300600,150000,0,0,0,150600,6164,0.0062
distribute_parallel_for_100_500_400,100,400,0,800,2002400,601201,400,2000000,320000,600800,200000,400800,200000,0,0,0,200800,78092,0.0781
distribute_parallel_for_split_100_500_400,100,400,0,800,2002400,601201,400,2000000,320000,600800,200000,400800,200000,0,0,0,200800,14945,0.0149
swap_distribute_parallel_for_100_500_400,100,400,0,800,2002400,601201,400,2000000,320000,600800,200000,400800,200000,0,0,0,200800,23933,0.0239
swap_distribute_parallel_for_split_100_500_400,100,400,0,800,2002400,601201,400,2000000,320000,600800,200000,400800,200000,0,0,0,200800,15173,0.0152
distribute_parallel_for_collapse_100_500_400,100,400,0,800,2002400,601201,400,2000000,320000,600800,200000,400800,200000,0,0,0,200800,38724,0.0387
swap_distribute_parallel_for_collapse_100_500_400,100,400,0,800,2002400,601201,400,2000000,320000,600800,200000,400800,200000,0,0,0,200800,7435,0.0074
distribute_parallel_for_100_500_500,100,500,0,1000,2503000,751501,500,2400000,400000,751000,250000,501000,250000,0,0,0,251000,80917,0.0809
distribute_parallel_for_split_100_500_500,100,500,0,1000,2503000,751501,500,2400000,400000,751000,250000,501000,250000,0,0,0,251000,14631,0.0146
swap_distribute_parallel_for_100_500_500,100,500,0,1000,2503000,751501,500,2400000,400000,751000,250000,501000,250000,0,0,0,251000,21659,0.0217
swap_distribute_parallel_for_split_100_500_500,100,500,0,1000,2503000,751501,500,2400000,400000,751000,250000,501000,250000,0,0,0,251000,9493,0.0095
distribute_parallel_for_collapse_100_500_500,100,500,0,1000,2503000,751501,500,2400000,400000,751000,250000,501000,250000,0,0,0,251000,8252,0.0083
swap_distribute_parallel_for_collapse_100_500_500,100,500,0,1000,2503000,751501,500,2400000,400000,751000,250000,501000,250000,0,0,0,251000,8961,0.0090
distribute_parallel_for_100_500_600,100,600,0,1200,3003600,901801,600,2800000,480000,901200,300000,601200,300000,0,0,0,301200,88729,0.0887
distribute_parallel_for_split_100_500_600,100,600,0,1200,3003600,901801,600,2800000,480000,901200,300000,601200,300000,0,0,0,301200,17283,0.0173
swap_distribute_parallel_for_100_500_600,100,600,0,1200,3003600,901801,600,2800000,480000,901200,300000,601200,300000,0,0,0,301200,29702,0.0297
swap_distribute_parallel_for_split_100_500_600,100,600,0,1200,3003600,901801,600,2800000,480000,901200,300000,601200,300000,0,0,0,301200,39361,0.0394
distribute_parallel_for_collapse_100_500_600,100,600,0,1200,3003600,901801,600,2800000,480000,901200,300000,601200,300000,0,0,0,301200,63930,0.0639
swap_distribute_parallel_for_collapse_100_500_600,100,600,0,1200,3003600,901801,600,2800000,480000,901200,300000,601200,300000,0,0,0,301200,9789,0.0098
distribute_parallel_for_100_500_700,100,700,0,1400,3504200,1052101,700,3200000,560000,1051400,350000,701400,350000,0,0,0,351400,118844,0.1188
distribute_parallel_for_split_100_500_700,100,700,0,1400,3504200,1052101,700,3200000,560000,1051400,350000,701400,350000,0,0,0,351400,32932,0.0329
swap_distribute_parallel_for_100_500_700,100,700,0,1400,3504200,1052101,700,3200000,560000,1051400,350000,701400,350000,0,0,0,351400,24950,0.0249
swap_distribute_parallel_for_split_100_500_700,100,700,0,1400,3504200,1052101,700,3200000,560000,1051400,350000,701400,350000,0,0,0,351400,11217,0.0112
distribute_parallel_for_collapse_100_500_700,100,700,0,1400,3504200,1052101,700,3200000,560000,1051400,350000,701400,350000,0,0,0,351400,9726,0.0097
swap_distribute_parallel_for_collapse_100_500_700,100,700,0,1400,3504200,1052101,700,3200000,560000,1051400,350000,701400,350000,0,0,0,351400,9641,0.0096
distribute_parallel_for_100_500_800,100,800,0,1600,4004800,1202401,800,3600000,640000,1201600,400000,801600,400000,0,0,0,401600,132996,0.1330
distribute_parallel_for_split_100_500_800,100,800,0,1600,4004800,1202401,800,3600000,640000,1201600,400000,801600,400000,0,0,0,401600,31891,0.0319
swap_distribute_parallel_for_100_500_800,100,800,0,1600,4004800,1202401,800,3600000,640000,1201600,400000,801600,400000,0,0,0,401600,20222,0.0202
swap_distribute_parallel_for_split_100_500_800,100,800,0,1600,4004800,1202401,800,3600000,640000,1201600,400000,801600,400000,0,0,0,401600,12905,0.0129
distribute_parallel_for_collapse_100_500_800,100,800,0,1600,4004800,1202401,800,3600000,640000,1201600,400000,801600,400000,0,0,0,401600,10500,0.0105
swap_distribute_parallel_for_collapse_100_500_800,100,800,0,1600,4004800,1202401,800,3600000,640000,1201600,400000,801600,400000,0,0,0,401600,10378,0.0104
distribute_parallel_for_100_500_900,100,900,0,1800,4505400,1352701,900,4000000,720000,1351800,450000,901800,450000,0,0,0,451800,146879,0.1469
distribute_parallel_for_split_100_500_900,100,900,0,1800,4505400,1352701,900,4000000,720000,1351800,450000,901800,450000,0,0,0,451800,24472,0.0245
swap_distribute_parallel_for_100_500_900,100,900,0,1800,4505400,1352701,900,4000000,720000,1351800,450000,901800,450000,0,0,0,451800,35300,0.0353
swap_distribute_parallel_for_split_100_500_900,100,900,0,1800,4505400,1352701,900,4000000,720000,1351800,450000,901800,450000,0,0,0,451800,13930,0.0139
distribute_parallel_for_collapse_100_500_900,100,900,0,1800,4505400,1352701,900,4000000,720000,1351800,450000,901800,450000,0,0,0,451800,25885,0.0259
swap_distribute_parallel_for_collapse_100_500_900,100,900,0,1800,4505400,1352701,900,4000000,720000,1351800,450000,901800,450000,0,0,0,451800,11453,0.0115
distribute_parallel_for_100_600_100,100,100,0,200,600600,180301,100,960000,80000,180200,60000,120200,60000,0,0,0,60200,27593,0.0276
distribute_parallel_for_split_100_600_100,100,100,0,200,600600,180301,100,960000,80000,180200,60000,120200,60000,0,0,0,60200,32421,0.0324
swap_distribute_parallel_for_100_600_100,100,100,0,200,600600,180301,100,960000,80000,180200,60000,120200,60000,0,0,0,60200,29193,0.0292
swap_distribute_parallel_for_split_100_600_100,100,100,0,200,600600,180301,100,960000,80000,180200,60000,120200,60000,0,0,0,60200,4732,0.0047
distribute_parallel_for_collapse_100_600_100,100,100,0,200,600600,180301,100,960000,80000,180200,60000,120200,60000,0,0,0,60200,4076,0.0041
swap_distribute_parallel_for_collapse_100_600_100,100,100,0,200,600600,180301,100,960000,80000,180200,60000,120200,60000,0,0,0,60200,24273,0.0243
distribute_parallel_for_100_600_200,100,200,0,400,1201200,360601,200,1440000,160000,360400,120000,240400,120000,0,0,0,120400,48365,0.0484
distribute_parallel_for_split_100_600_200,100,200,0,400,1201200,360601,200,1440000,160000,360400,120000,240400,120000,0,0,0,120400,8339,0.0083
swap_distribute_parallel_for_100_600_200,100,200,0,400,1201200,360601,200,1440000,160000,360400,120000,240400,120000,0,0,0,120400,26249,0.0262
swap_distribute_parallel_for_split_100_600_200,100,200,0,400,1201200,360601,200,1440000,160000,360400,120000,240400,120000,0,0,0,120400,5458,0.0055
distribute_parallel_for_collapse_100_600_200,100,200,0,400,1201200,360601,200,1440000,160000,360400,120000,240400,120000,0,0,0,120400,5387,0.0054
swap_distribute_parallel_for_collapse_100_600_200,100,200,0,400,1201200,360601,200,1440000,160000,360400,120000,240400,120000,0,0,0,120400,5360,0.0054
distribute_parallel_for_100_600_300,100,300,0,600,1801800,540901,300,1920000,240000,540600,180000,360600,180000,0,0,0,180600,62600,0.0626
distribute_parallel_for_split_100_600_300,100,300,0,600,1801800,540901,300,1920000,240000,540600,180000,360600,180000,0,0,0,180600,12229,0.0122
swap_distribute_parallel_for_100_600_300,100,300,0,600,1801800,540901,300,1920000,240000,540600,180000,360600,180000,0,0,0,180600,24708,0.0247
swap_distribute_parallel_for_split_100_600_300,100,300,0,600,1801800,540901,300,1920000,240000,540600,180000,360600,180000,0,0,0,180600,8286,0.0083
distribute_parallel_for_collapse_100_600_300,100,300,0,600,1801800,540901,300,1920000,240000,540600,180000,360600,180000,0,0,0,180600,19554,0.0196
swap_distribute_parallel_for_collapse_100_600_300,100,300,0,600,1801800,540901,300,1920000,240000,540600,180000,360600,180000,0,0,0,180600,6646,0.0066
distribute_parallel_for_100_600_400,100,400,0,800,2402400,721201,400,2400000,320000,720800,240000,480800,240000,0,0,0,240800,81666,0.0817
distribute_parallel_for_split_100_600_400,100,400,0,800,2402400,721201,400,2400000,320000,720800,240000,480800,240000,0,0,0,240800,14317,0.0143
swap_distribute_parallel_for_100_600_400,100,400,0,800,2402400,721201,400,2400000,320000,720800,240000,480800,240000,0,0,0,240800,59020,0.0590
swap_distribute_parallel_for_split_100_600_400,100,400,0,800,2402400,721201,400,2400000,320000,720800,240000,480800,240000,0,0,0,240800,8600,0.0086
distribute_parallel_for_collapse_100_600_400,100,400,0,800,2402400,721201,400,2400000,320000,720800,240000,480800,240000,0,0,0,240800,23726,0.0237
swap_distribute_parallel_for_collapse_100_600_400,100,400,0,800,2402400,721201,400,2400000,320000,720800,240000,480800,240000,0,0,0,240800,7959,0.0080
distribute_parallel_for_100_600_500,100,500,0,1000,3003000,901501,500,2880000,400000,901000,300000,601000,300000,0,0,0,301000,105189,0.1052
distribute_parallel_for_split_100_600_500,100,500,0,1000,3003000,901501,500,2880000,400000,901000,300000,601000,300000,0,0,0,301000,18714,0.0187
swap_distribute_parallel_for_100_600_500,100,500,0,1000,3003000,901501,500,2880000,400000,901000,300000,601000,300000,0,0,0,301000,25424,0.0254
swap_distribute_parallel_for_split_100_600_500,100,500,0,1000,3003000,901501,500,2880000,400000,901000,300000,601000,300000,0,0,0,301000,11339,0.0113
distribute_parallel_for_collapse_100_600_500,100,500,0,1000,3003000,901501,500,2880000,400000,901000,300000,601000,300000,0,0,0,301000,8912,0.0089
swap_distribute_parallel_for_collapse_100_600_500,100,500,0,1000,3003000,901501,500,2880000,400000,901000,300000,601000,300000,0,0,0,301000,9952,0.0100
distribute_parallel_for_100_600_600,100,600,0,1200,3603600,1081801,600,3360000,480000,1081200,360000,721200,360000,0,0,0,361200,140272,0.1403
distribute_parallel_for_split_100_600_600,100,600,0,1200,3603600,1081801,600,3360000,480000,1081200,360000,721200,360000,0,0,0,361200,29620,0.0296
swap_distribute_parallel_for_100_600_600,100,600,0,1200,3603600,1081801,600,3360000,480000,1081200,360000,721200,360000,0,0,0,361200,64321,0.0643
swap_distribute_parallel_for_split_100_600_600,100,600,0,1200,3603600,1081801,600,3360000,480000,1081200,360000,721200,360000,0,0,0,361200,35285,0.0353
distribute_parallel_for_collapse_100_600_600,100,600,0,1200,3603600,1081801,600,3360000,480000,1081200,360000,721200,360000,0,0,0,361200,19676,0.0197
swap_distribute_parallel_for_collapse_100_600_600,100,600,0,1200,3603600,1081801,600,3360000,480000,1081200,360000,721200,360000,0,0,0,361200,19388,0.0194
distribute_parallel_for_100_600_700,100,700,0,1400,4204200,1262101,700,3840000,560000,1261400,420000,841400,420000,0,0,0,421400,147290,0.1473
distribute_parallel_for_split_100_600_700,100,700,0,1400,4204200,1262101,700,3840000,560000,1261400,420000,841400,420000,0,0,0,421400,56573,0.0566
swap_distribute_parallel_for_100_600_700,100,700,0,1400,4204200,1262101,700,3840000,560000,1261400,420000,841400,420000,0,0,0,421400,40543,0.0405
swap_distribute_parallel_for_split_100_600_700,100,700,0,1400,4204200,1262101,700,3840000,560000,1261400,420000,841400,420000,0,0,0,421400,29662,0.0297
distribute_parallel_for_collapse_100_600_700,100,700,0,1400,4204200,1262101,700,3840000,560000,1261400,420000,841400,420000,0,0,0,421400,11545,0.0115
swap_distribute_parallel_for_collapse_100_600_700,100,700,0,1400,4204200,1262101,700,3840000,560000,1261400,420000,841400,420000,0,0,0,421400,28358,0.0284
distribute_parallel_for_100_600_800,100,800,0,1600,4804800,1442401,800,4320000,640000,1441600,480000,961600,480000,0,0,0,481600,191839,0.1918
distribute_parallel_for_split_100_600_800,100,800,0,1600,4804800,1442401,800,4320000,640000,1441600,480000,961600,480000,0,0,0,481600,51132,0.0511
swap_distribute_parallel_for_100_600_800,100,800,0,1600,4804800,1442401,800,4320000,640000,1441600,480000,961600,480000,0,0,0,481600,42226,0.0422
swap_distribute_parallel_for_split_100_600_800,100,800,0,1600,4804800,1442401,800,4320000,640000,1441600,480000,961600,480000,0,0,0,481600,26987,0.0270
distribute_parallel_for_collapse_100_600_800,100,800,0,1600,4804800,1442401,800,4320000,640000,1441600,480000,961600,480000,0,0,0,481600,50398,0.0504
swap_distribute_parallel_for_collapse_100_600_800,100,800,0,1600,4804800,1442401,800,4320000,640000,1441600,480000,961600,480000,0,0,0,481600,14641,0.0146
distribute_parallel_for_100_600_900,100,900,0,1800,5405400,1622701,900,4800000,720000,1621800,540000,1081800,540000,0,0,0,541800,159363,0.1594
distribute_parallel_for_split_100_600_900,100,900,0,1800,5405400,1622701,900,4800000,720000,1621800,540000,1081800,540000,0,0,0,541800,27553,0.0276
swap_distribute_parallel_for_100_600_900,100,900,0,1800,5405400,1622701,900,4800000,720000,1621800,540000,1081800,540000,0,0,0,541800,24186,0.0242
swap_distribute_parallel_for_split_100_600_900,100,900,0,1800,5405400,1622701,900,4800000,720000,1621800,540000,1081800,540000,0,0,0,541800,15321,0.0153
distribute_parallel_for_collapse_100_600_900,100,900,0,1800,5405400,1622701,900,4800000,720000,1621800,540000,1081800,540000,0,0,0,541800,12956,0.0130
swap_distribute_parallel_for_collapse_100_600_900,100,900,0,1800,5405400,1622701,900,4800000,720000,1621800,540000,1081800,540000,0,0,0,541800,12729,0.0127
distribute_parallel_for_100_700_100,100,100,0,200,700600,210301,100,1120000,80000,210200,70000,140200,70000,0,0,0,70200,35372,0.0354
distribute_parallel_for_split_100_700_100,100,100,0,200,700600,210301,100,1120000,80000,210200,70000,140200,70000,0,0,0,70200,6886,0.0069
swap_distribute_parallel_for_100_700_100,100,100,0,200,700600,210301,100,1120000,80000,210200,70000,140200,70000,0,0,0,70200,30296,0.0303
swap_distribute_parallel_for_split_100_700_100,100,100,0,200,700600,210301,100,1120000,80000,210200,70000,140200,70000,0,0,0,70200,5695,0.0057
distribute_parallel_for_collapse_100_700_100,100,100,0,200,700600,210301,100,1120000,80000,210200,70000,140200,70000,0,0,0,70200,4882,0.0049
swap_distribute_parallel_for_collapse_100_700_100,100,100,0,200,700600,210301,100,1120000,80000,210200,70000,140200,70000,0,0,0,70200,25201,0.0252
distribute_parallel_for_100_700_200,100,200,0,400,1401200,420601,200,1680000,160000,420400,140000,280400,140000,0,0,0,140400,76154,0.0762
distribute_parallel_for_split_100_700_200,100,200,0,400,1401200,420601,200,1680000,160000,420400,140000,280400,140000,0,0,0,140400,34505,0.0345
swap_distribute_parallel_for_100_700_200,100,200,0,400,1401200,420601,200,1680000,160000,420400,140000,280400,140000,0,0,0,140400,46531,0.0465
swap_distribute_parallel_for_split_100_700_200,100,200,0,400,1401200,420601,200,1680000,160000,420400,140000,280400,140000,0,0,0,140400,7722,0.0077
distribute_parallel_for_collapse_100_700_200,100,200,0,400,1401200,420601,200,1680000,160000,420400,140000,280400,140000,0,0,0,140400,40837,0.0408
swap_distribute_parallel_for_collapse_100_700_200,100,200,0,400,1401200,420601,200,1680000,160000,420400,140000,280400,140000,0,0,0,140400,12829,0.0128
distribute_parallel_for_100_700_300,100,300,0,600,2101800,630901,300,2240000,240000,630600,210000,420600,210000,0,0,0,210600,88859,0.0889
distribute_parallel_for_split_100_700_300,100,300,0,600,2101800,630901,300,2240000,240000,630600,210000,420600,210000,0,0,0,210600,11732,0.0117
swap_distribute_parallel_for_100_700_300,100,300,0,600,2101800,630901,300,2240000,240000,630600,210000,420600,210000,0,0,0,210600,28118,0.0281
swap_distribute_parallel_for_split_100_700_300,100,300,0,600,2101800,630901,300,2240000,240000,630600,210000,420600,210000,0,0,0,210600,8457,0.0085
distribute_parallel_for_collapse_100_700_300,100,300,0,600,2101800,630901,300,2240000,240000,630600,210000,420600,210000,0,0,0,210600,6654,0.0067
swap_distribute_parallel_for_collapse_100_700_300,100,300,0,600,2101800,630901,300,2240000,240000,630600,210000,420600,210000,0,0,0,210600,23230,0.0232
distribute_parallel_for_100_700_400,100,400,0,800,2802400,841201,400,2800000,320000,840800,280000,560800,280000,0,0,0,280800,123624,0.1236
distribute_parallel_for_split_100_700_400,100,400,0,800,2802400,841201,400,2800000,320000,840800,280000,560800,280000,0,0,0,280800,20144,0.0201
swap_distribute_parallel_for_100_700_400,100,400,0,800,2802400,841201,400,2800000,320000,840800,280000,560800,280000,0,0,0,280800,33518,0.0335
swap_distribute_parallel_for_split_100_700_400,100,400,0,800,2802400,841201,400,2800000,320000,840800,280000,560800,280000,0,0,0,280800,12156,0.0122
distribute_parallel_for_collapse_100_700_400,100,400,0,800,2802400,841201,400,2800000,320000,840800,280000,560800,280000,0,0,0,280800,10543,0.0105
swap_distribute_parallel_for_collapse_100_700_400,100,400,0,800,2802400,841201,400,2800000,320000,840800,280000,560800,280000,0,0,0,280800,10761,0.0108
distribute_parallel_for_100_700_500,100,500,0,1000,3503000,1051501,500,3360000,400000,1051000,350000,701000,350000,0,0,0,351000,140680,0.1407
distribute_parallel_for_split_100_700_500,100,500,0,1000,3503000,1051501,500,3360000,400000,1051000,350000,701000,350000,0,0,0,351000,23706,0.0237
swap_distribute_parallel_for_100_700_500,100,500,0,1000,3503000,1051501,500,3360000,400000,1051000,350000,701000,350000,0,0,0,351000,56330,0.0563
swap_distribute_parallel_for_split_100_700_500,100,500,0,1000,3503000,1051501,500,3360000,400000,1051000,350000,701000,350000,0,0,0,351000,13586,0.0136
distribute_parallel_for_collapse_100_700_500,100,500,0,1000,3503000,1051501,500,3360000,400000,1051000,350000,701000,350000,0,0,0,351000,45913,0.0459
swap_distribute_parallel_for_collapse_100_700_500,100,500,0,1000,3503000,1051501,500,3360000,400000,1051000,350000,701000,350000,0,0,0,351000,19895,0.0199
distribute_parallel_for_100_700_600,100,600,0,1200,4203600,1261801,600,3920000,480000,1261200,420000,841200,420000,0,0,0,421200,145573,0.1456
distribute_parallel_for_split_100_700_600,100,600,0,1200,4203600,1261801,600,3920000,480000,1261200,420000,841200,420000,0,0,0,421200,21438,0.0214
swap_distribute_parallel_for_100_700_600,100,600,0,1200,4203600,1261801,600,3920000,480000,1261200,420000,841200,420000,0,0,0,421200,37096,0.0371
swap_distribute_parallel_for_split_100_700_600,100,600,0,1200,4203600,1261801,600,3920000,480000,1261200,420000,841200,420000,0,0,0,421200,14084,0.0141
distribute_parallel_for_collapse_100_700_600,100,600,0,1200,4203600,1261801,600,3920000,480000,1261200,420000,841200,420000,0,0,0,421200,11526,0.0115
swap_distribute_parallel_for_collapse_100_700_600,100,600,0,1200,4203600,1261801,600,3920000,480000,1261200,420000,841200,420000,0,0,0,421200,12910,0.0129
distribute_parallel_for_100_700_700,100,700,0,1400,4904200,1472101,700,4480000,560000,1471400,490000,981400,490000,0,0,0,491400,187769,0.1878
distribute_parallel_for_split_100_700_700,100,700,0,1400,4904200,1472101,700,4480000,560000,1471400,490000,981400,490000,0,0,0,491400,30003,0.0300
swap_distribute_parallel_for_100_700_700,100,700,0,1400,4904200,1472101,700,4480000,560000,1471400,490000,981400,490000,0,0,0,491400,35033,0.0350
swap_distribute_parallel_for_split_100_700_700,100,700,0,1400,4904200,1472101,700,4480000,560000,1471400,490000,981400,490000,0,0,0,491400,18341,0.0183
distribute_parallel_for_collapse_100_700_700,100,700,0,1400,4904200,1472101,700,4480000,560000,1471400,490000,981400,490000,0,0,0,491400,17750,0.0177
swap_distribute_parallel_for_collapse_100_700_700,100,700,0,1400,4904200,1472101,700,4480000,560000,1471400,490000,981400,490000,0,0,0,491400,15772,0.0158
distribute_parallel_for_100_700_800,100,800,0,1600,5604800,1682401,800,5040000,640000,1681600,560000,1121600,560000,0,0,0,561600,185752,0.1858
distribute_parallel_for_split_100_700_800,100,800,0,1600,5604800,1682401,800,5040000,640000,1681600,560000,1121600,560000,0,0,0,561600,49835,0.0498
swap_distribute_parallel_for_100_700_800,100,800,0,1600,5604800,1682401,800,5040000,640000,1681600,560000,1121600,560000,0,0,0,561600,39956,0.0400
swap_distribute_parallel_for_split_100_700_800,100,800,0,1600,5604800,1682401,800,5040000,640000,1681600,560000,1121600,560000,0,0,0,561600,16695,0.0167
distribute_parallel_for_collapse_100_700_800,100,800,0,1600,5604800,1682401,800,5040000,640000,1681600,560000,1121600,560000,0,0,0,561600,23242,0.0232
swap_distribute_parallel_for_collapse_100_700_800,100,800,0,1600,5604800,1682401,800,5040000,640000,1681600,560000,1121600,560000,0,0,0,561600,13764,0.0138
distribute_parallel_for_100_700_900,100,900,0,1800,6305400,1892701,900,5600000,720000,1891800,630000,1261800,630000,0,0,0,631800,188772,0.1888
distribute_parallel_for_split_100_700_900,100,900,0,1800,6305400,1892701,900,5600000,720000,1891800,630000,1261800,630000,0,0,0,631800,61584,0.0616
swap_distribute_parallel_for_100_700_900,100,900,0,1800,6305400,1892701,900,5600000,720000,1891800,630000,1261800,630000,0,0,0,631800,39878,0.0399
swap_distribute_parallel_for_split_100_700_900,100,900,0,1800,6305400,1892701,900,5600000,720000,1891800,630000,1261800,630000,0,0,0,631800,20202,0.0202
distribute_parallel_for_collapse_100_700_900,100,900,0,1800,6305400,1892701,900,5600000,720000,1891800,630000,1261800,630000,0,0,0,631800,16434,0.0164
swap_distribute_parallel_for_collapse_100_700_900,100,900,0,1800,6305400,1892701,900,5600000,720000,1891800,630000,1261800,630000,0,0,0,631800,15234,0.0152
distribute_parallel_for_100_800_100,100,100,0,200,800600,240301,100,1280000,80000,240200,80000,160200,80000,0,0,0,80200,36756,0.0368
distribute_parallel_for_split_100_800_100,100,100,0,200,800600,240301,100,1280000,80000,240200,80000,160200,80000,0,0,0,80200,6356,0.0064
swap_distribute_parallel_for_100_800_100,100,100,0,200,800600,240301,100,1280000,80000,240200,80000,160200,80000,0,0,0,80200,34058,0.0341
swap_distribute_parallel_for_split_100_800_100,100,100,0,200,800600,240301,100,1280000,80000,240200,80000,160200,80000,0,0,0,80200,5622,0.0056
distribute_parallel_for_collapse_100_800_100,100,100,0,200,800600,240301,100,1280000,80000,240200,80000,160200,80000,0,0,0,80200,4349,0.0043
swap_distribute_parallel_for_collapse_100_800_100,100,100,0,200,800600,240301,100,1280000,80000,240200,80000,160200,80000,0,0,0,80200,4298,0.0043
distribute_parallel_for_100_800_200,100,200,0,400,1601200,480601,200,1920000,160000,480400,160000,320400,160000,0,0,0,160400,77261,0.0773
distribute_parallel_for_split_100_800_200,100,200,0,400,1601200,480601,200,1920000,160000,480400,160000,320400,160000,0,0,0,160400,12070,0.0121
swap_distribute_parallel_for_100_800_200,100,200,0,400,1601200,480601,200,1920000,160000,480400,160000,320400,160000,0,0,0,160400,34755,0.0348
swap_distribute_parallel_for_split_100_800_200,100,200,0,400,1601200,480601,200,1920000,160000,480400,160000,320400,160000,0,0,0,160400,6693,0.0067
distribute_parallel_for_collapse_100_800_200,100,200,0,400,1601200,480601,200,1920000,160000,480400,160000,320400,160000,0,0,0,160400,26007,0.0260
swap_distribute_parallel_for_collapse_100_800_200,100,200,0,400,1601200,480601,200,1920000,160000,480400,160000,320400,160000,0,0,0,160400,6376,0.0064
distribute_parallel_for_100_800_300,100,300,0,600,2401800,720901,300,2560000,240000,720600,240000,480600,240000,0,0,0,240600,122151,0.1222
distribute_parallel_for_split_100_800_300,100,300,0,600,2401800,720901,300,2560000,240000,720600,240000,480600,240000,0,0,0,240600,18894,0.0189
swap_distribute_parallel_for_100_800_300,100,300,0,600,2401800,720901,300,2560000,240000,720600,240000,480600,240000,0,0,0,240600,37528,0.0375
swap_distribute_parallel_for_split_100_800_300,100,300,0,600,2401800,720901,300,2560000,240000,720600,240000,480600,240000,0,0,0,240600,17841,0.0178
distribute_parallel_for_collapse_100_800_300,100,300,0,600,2401800,720901,300,2560000,240000,720600,240000,480600,240000,0,0,0,240600,40428,0.0404
swap_distribute_parallel_for_collapse_100_800_300,100,300,0,600,2401800,720901,300,2560000,240000,720600,240000,480600,240000,0,0,0,240600,46544,0.0465
distribute_parallel_for_100_800_400,100,400,0,800,3202400,961201,400,3200000,320000,960800,320000,640800,320000,0,0,0,320800,125575,0.1256
distribute_parallel_for_split_100_800_400,100,400,0,800,3202400,961201,400,3200000,320000,960800,320000,640800,320000,0,0,0,320800,17547,0.0175
swap_distribute_parallel_for_100_800_400,100,400,0,800,3202400,961201,400,3200000,320000,960800,320000,640800,320000,0,0,0,320800,31662,0.0317
swap_distribute_parallel_for_split_100_800_400,100,400,0,800,3202400,961201,400,3200000,320000,960800,320000,640800,320000,0,0,0,320800,10174,0.0102
distribute_parallel_for_collapse_100_800_400,100,400,0,800,3202400,961201,400,3200000,320000,960800,320000,640800,320000,0,0,0,320800,9063,0.0091
swap_distribute_parallel_for_collapse_100_800_400,100,400,0,800,3202400,961201,400,3200000,320000,960800,320000,640800,320000,0,0,0,320800,9016,0.0090
distribute_parallel_for_100_800_500,100,500,0,1000,4003000,1201501,500,3840000,400000,1201000,400000,801000,400000,0,0,0,401000,127361,0.1274
distribute_parallel_for_split_100_800_500,100,500,0,1000,4003000,1201501,500,3840000,400000,1201000,400000,801000,400000,0,0,0,401000,22457,0.0225
swap_distribute_parallel_for_100_800_500,100,500,0,1000,4003000,1201501,500,3840000,400000,1201000,400000,801000,400000,0,0,0,401000,39936,0.0399
swap_distribute_parallel_for_split_100_800_500,100,500,0,1000,4003000,1201501,500,3840000,400000,1201000,400000,801000,400000,0,0,0,401000,13777,0.0138
distribute_parallel_for_collapse_100_800_500,100,500,0,1000,4003000,1201501,500,3840000,400000,1201000,400000,801000,400000,0,0,0,401000,26159,0.0262
swap_distribute_parallel_for_collapse_100_800_500,100,500,0,1000,4003000,1201501,500,3840000,400000,1201000,400000,801000,400000,0,0,0,401000,10626,0.0106
distribute_parallel_for_100_800_600,100,600,0,1200,4803600,1441801,600,4480000,480000,1441200,480000,961200,480000,0,0,0,481200,160035,0.1600
distribute_parallel_for_split_100_800_600,100,600,0,1200,4803600,1441801,600,4480000,480000,1441200,480000,961200,480000,0,0,0,481200,24303,0.0243
swap_distribute_parallel_for_100_800_600,100,600,0,1200,4803600,1441801,600,4480000,480000,1441200,480000,961200,480000,0,0,0,481200,30825,0.0308
swap_distribute_parallel_for_split_100_800_600,100,600,0,1200,4803600,1441801,600,4480000,480000,1441200,480000,961200,480000,0,0,0,481200,13837,0.0138
distribute_parallel_for_collapse_100_800_600,100,600,0,1200,4803600,1441801,600,4480000,480000,1441200,480000,961200,480000,0,0,0,481200,11727,0.0117
swap_distribute_parallel_for_collapse_100_800_600,100,600,0,1200,4803600,1441801,600,4480000,480000,1441200,480000,961200,480000,0,0,0,481200,11436,0.0114
distribute_parallel_for_100_800_700,100,700,0,1400,5604200,1682101,700,5120000,560000,1681400,560000,1121400,560000,0,0,0,561400,203537,0.2035
distribute_parallel_for_split_100_800_700,100,700,0,1400,5604200,1682101,700,5120000,560000,1681400,560000,1121400,560000,0,0,0,561400,31135,0.0311
swap_distribute_parallel_for_100_800_700,100,700,0,1400,5604200,1682101,700,5120000,560000,1681400,560000,1121400,560000,0,0,0,561400,34105,0.0341
swap_distribute_parallel_for_split_100_800_700,100,700,0,1400,5604200,1682101,700,5120000,560000,1681400,560000,1121400,560000,0,0,0,561400,23873,0.0239
distribute_parallel_for_collapse_100_800_700,100,700,0,1400,5604200,1682101,700,5120000,560000,1681400,560000,1121400,560000,0,0,0,561400,22561,0.0226
swap_distribute_parallel_for_collapse_100_800_700,100,700,0,1400,5604200,1682101,700,5120000,560000,1681400,560000,1121400,560000,0,0,0,561400,14256,0.0143
distribute_parallel_for_100_800_800,100,800,0,1600,6404800,1922401,800,5760000,640000,1921600,640000,1281600,640000,0,0,0,641600,216626,0.2166
distribute_parallel_for_split_100_800_800,100,800,0,1600,6404800,1922401,800,5760000,640000,1921600,640000,1281600,640000,0,0,0,641600,39764,0.0398
swap_distribute_parallel_for_100_800_800,100,800,0,1600,6404800,1922401,800,5760000,640000,1921600,640000,1281600,640000,0,0,0,641600,39936,0.0399
swap_distribute_parallel_for_split_100_800_800,100,800,0,1600,6404800,1922401,800,5760000,640000,1921600,640000,1281600,640000,0,0,0,641600,18388,0.0184
distribute_parallel_for_collapse_100_800_800,100,800,0,1600,6404800,1922401,800,5760000,640000,1921600,640000,1281600,640000,0,0,0,641600,36035,0.0360
swap_distribute_parallel_for_collapse_100_800_800,100,800,0,1600,6404800,1922401,800,5760000,640000,1921600,640000,1281600,640000,0,0,0,641600,25294,0.0253
distribute_parallel_for_100_800_900,100,900,0,1800,7205400,2162701,900,6400000,720000,2161800,720000,1441800,720000,0,0,0,721800,253057,0.2531
distribute_parallel_for_split_100_800_900,100,900,0,1800,7205400,2162701,900,6400000,720000,2161800,720000,1441800,720000,0,0,0,721800,39012,0.0390
swap_distribute_parallel_for_100_800_900,100,900,0,1800,7205400,2162701,900,6400000,720000,2161800,720000,1441800,720000,0,0,0,721800,34469,0.0345
swap_distribute_parallel_for_split_100_800_900,100,900,0,1800,7205400,2162701,900,6400000,720000,2161800,720000,1441800,720000,0,0,0,721800,37186,0.0372
distribute_parallel_for_collapse_100_800_900,100,900,0,1800,7205400,2162701,900,6400000,720000,2161800,720000,1441800,720000,0,0,0,721800,17960,0.0180
swap_distribute_parallel_for_collapse_100_800_900,100,900,0,1800,7205400,2162701,900,6400000,720000,2161800,720000,1441800,720000,0,0,0,721800,38374,0.0384
distribute_parallel_for_100_900_100,100,100,0,200,900600,270301,100,1440000,80000,270200,90000,180200,90000,0,0,0,90200,40545,0.0405
distribute_parallel_for_split_100_900_100,100,100,0,200,900600,270301,100,1440000,80000,270200,90000,180200,90000,0,0,0,90200,6200,0.0062
swap_distribute_parallel_for_100_900_100,100,100,0,200,900600,270301,100,1440000,80000,270200,90000,180200,90000,0,0,0,90200,32930,0.0329
swap_distribute_parallel_for_split_100_900_100,100,100,0,200,900600,270301,100,1440000,80000,270200,90000,180200,90000,0,0,0,90200,25776,0.0258
distribute_parallel_for_collapse_100_900_100,100,100,0,200,900600,270301,100,1440000,80000,270200,90000,180200,90000,0,0,0,90200,4385,0.0044
swap_distribute_parallel_for_collapse_100_900_100,100,100,0,200,900600,270301,100,1440000,80000,270200,90000,180200,90000,0,0,0,90200,4369,0.0044
distribute_parallel_for_100_900_200,100,200,0,400,1801200,540601,200,2160000,160000,540400,180000,360400,180000,0,0,0,180400,119138,0.1191
distribute_parallel_for_split_100_900_200,100,200,0,400,1801200,540601,200,2160000,160000,540400,180000,360400,180000,0,0,0,180400,17988,0.0180
swap_distribute_parallel_for_100_900_200,100,200,0,400,1801200,540601,200,2160000,160000,540400,180000,360400,180000,0,0,0,180400,34762,0.0348
swap_distribute_parallel_for_split_100_900_200,100,200,0,400,1801200,540601,200,2160000,160000,540400,180000,360400,180000,0,0,0,180400,9536,0.0095
distribute_parallel_for_collapse_100_900_200,100,200,0,400,1801200,540601,200,2160000,160000,540400,180000,360400,180000,0,0,0,180400,26631,0.0266
swap_distribute_parallel_for_collapse_100_900_200,100,200,0,400,1801200,540601,200,2160000,160000,540400,180000,360400,180000,0,0,0,180400,20758,0.0208
distribute_parallel_for_100_900_300,100,300,0,600,2701800,810901,300,2880000,240000,810600,270000,540600,270000,0,0,0,270600,103694,0.1037
distribute_parallel_for_split_100_900_300,100,300,0,600,2701800,810901,300,2880000,240000,810600,270000,540600,270000,0,0,0,270600,16525,0.0165
swap_distribute_parallel_for_100_900_300,100,300,0,600,2701800,810901,300,2880000,240000,810600,270000,540600,270000,0,0,0,270600,40272,0.0403
swap_distribute_parallel_for_split_100_900_300,100,300,0,600,2701800,810901,300,2880000,240000,810600,270000,540600,270000,0,0,0,270600,12776,0.0128
distribute_parallel_for_collapse_100_900_300,100,300,0,600,2701800,810901,300,2880000,240000,810600,270000,540600,270000,0,0,0,270600,16044,0.0160
swap_distribute_parallel_for_collapse_100_900_300,100,300,0,600,2701800,810901,300,2880000,240000,810600,270000,540600,270000,0,0,0,270600,20821,0.0208
distribute_parallel_for_100_900_400,100,400,0,800,3602400,1081201,400,3600000,320000,1080800,360000,720800,360000,0,0,0,360800,168763,0.1688
distribute_parallel_for_split_100_900_400,100,400,0,800,3602400,1081201,400,3600000,320000,1080800,360000,720800,360000,0,0,0,360800,43836,0.0438
swap_distribute_parallel_for_100_900_400,100,400,0,800,3602400,1081201,400,3600000,320000,1080800,360000,720800,360000,0,0,0,360800,54375,0.0544
swap_distribute_parallel_for_split_100_900_400,100,400,0,800,3602400,1081201,400,3600000,320000,1080800,360000,720800,360000,0,0,0,360800,37873,0.0379
distribute_parallel_for_collapse_100_900_400,100,400,0,800,3602400,1081201,400,3600000,320000,1080800,360000,720800,360000,0,0,0,360800,34712,0.0347
swap_distribute_parallel_for_collapse_100_900_400,100,400,0,800,3602400,1081201,400,3600000,320000,1080800,360000,720800,360000,0,0,0,360800,29842,0.0298
distribute_parallel_for_100_900_500,100,500,0,1000,4503000,1351501,500,4320000,400000,1351000,450000,901000,450000,0,0,0,451000,153389,0.1534
distribute_parallel_for_split_100_900_500,100,500,0,1000,4503000,1351501,500,4320000,400000,1351000,450000,901000,450000,0,0,0,451000,39846,0.0398
swap_distribute_parallel_for_100_900_500,100,500,0,1000,4503000,1351501,500,4320000,400000,1351000,450000,901000,450000,0,0,0,451000,39919,0.0399
swap_distribute_parallel_for_split_100_900_500,100,500,0,1000,4503000,1351501,500,4320000,400000,1351000,450000,901000,450000,0,0,0,451000,15556,0.0156
distribute_parallel_for_collapse_100_900_500,100,500,0,1000,4503000,1351501,500,4320000,400000,1351000,450000,901000,450000,0,0,0,451000,15494,0.0155
swap_distribute_parallel_for_collapse_100_900_500,100,500,0,1000,4503000,1351501,500,4320000,400000,1351000,450000,901000,450000,0,0,0,451000,12104,0.0121
distribute_parallel_for_100_900_600,100,600,0,1200,5403600,1621801,600,5040000,480000,1621200,540000,1081200,540000,0,0,0,541200,244419,0.2444
distribute_parallel_for_split_100_900_600,100,600,0,1200,5403600,1621801,600,5040000,480000,1621200,540000,1081200,540000,0,0,0,541200,40863,0.0409
swap_distribute_parallel_for_100_900_600,100,600,0,1200,5403600,1621801,600,5040000,480000,1621200,540000,1081200,540000,0,0,0,541200,68503,0.0685
swap_distribute_parallel_for_split_100_900_600,100,600,0,1200,5403600,1621801,600,5040000,480000,1621200,540000,1081200,540000,0,0,0,541200,32184,0.0322
distribute_parallel_for_collapse_100_900_600,100,600,0,1200,5403600,1621801,600,5040000,480000,1621200,540000,1081200,540000,0,0,0,541200,38609,0.0386
swap_distribute_parallel_for_collapse_100_900_600,100,600,0,1200,5403600,1621801,600,5040000,480000,1621200,540000,1081200,540000,0,0,0,541200,29121,0.0291
distribute_parallel_for_100_900_700,100,700,0,1400,6304200,1892101,700,5760000,560000,1891400,630000,1261400,630000,0,0,0,631400,206951,0.2070
distribute_parallel_for_split_100_900_700,100,700,0,1400,6304200,1892101,700,5760000,560000,1891400,630000,1261400,630000,0,0,0,631400,38748,0.0387
swap_distribute_parallel_for_100_900_700,100,700,0,1400,6304200,1892101,700,5760000,560000,1891400,630000,1261400,630000,0,0,0,631400,39923,0.0399
swap_distribute_parallel_for_split_100_900_700,100,700,0,1400,6304200,1892101,700,5760000,560000,1891400,630000,1261400,630000,0,0,0,631400,17379,0.0174
distribute_parallel_for_collapse_100_900_700,100,700,0,1400,6304200,1892101,700,5760000,560000,1891400,630000,1261400,630000,0,0,0,631400,62395,0.0624
swap_distribute_parallel_for_collapse_100_900_700,100,700,0,1400,6304200,1892101,700,5760000,560000,1891400,630000,1261400,630000,0,0,0,631400,29746,0.0297
distribute_parallel_for_100_900_800,100,800,0,1600,7204800,2162401,800,6480000,640000,2161600,720000,1441600,720000,0,0,0,721600,273212,0.2732
distribute_parallel_for_split_100_900_800,100,800,0,1600,7204800,2162401,800,6480000,640000,2161600,720000,1441600,720000,0,0,0,721600,50654,0.0507
swap_distribute_parallel_for_100_900_800,100,800,0,1600,7204800,2162401,800,6480000,640000,2161600,720000,1441600,720000,0,0,0,721600,42935,0.0429
swap_distribute_parallel_for_split_100_900_800,100,800,0,1600,7204800,2162401,800,6480000,640000,2161600,720000,1441600,720000,0,0,0,721600,50595,0.0506
distribute_parallel_for_collapse_100_900_800,100,800,0,1600,7204800,2162401,800,6480000,640000,2161600,720000,1441600,720000,0,0,0,721600,38820,0.0388
swap_distribute_parallel_for_collapse_100_900_800,100,800,0,1600,7204800,2162401,800,6480000,640000,2161600,720000,1441600,720000,0,0,0,721600,35250,0.0352
distribute_parallel_for_100_900_900,100,900,0,1800,8105400,2432701,900,7200000,720000,2431800,810000,1621800,810000,0,0,0,811800,289819,0.2898
distribute_parallel_for_split_100_900_900,100,900,0,1800,8105400,2432701,900,7200000,720000,2431800,810000,1621800,810000,0,0,0,811800,41750,0.0418
swap_distribute_parallel_for_100_900_900,100,900,0,1800,8105400,2432701,900,7200000,720000,2431800,810000,1621800,810000,0,0,0,811800,39491,0.0395
swap_distribute_parallel_for_split_100_900_900,100,900,0,1800,8105400,2432701,900,7200000,720000,2431800,810000,1621800,810000,0,0,0,811800,22123,0.0221
distribute_parallel_for_collapse_100_900_900,100,900,0,1800,8105400,2432701,900,7200000,720000,2431800,810000,1621800,810000,0,0,0,811800,21456,0.0215
swap_distribute_parallel_for_collapse_100_900_900,100,900,0,1800,8105400,2432701,900,7200000,720000,2431800,810000,1621800,810000,0,0,0,811800,21718,0.0217
distribute_parallel_for_1200_1200_1200,1200,1200,0,2400,14407200,4323601,1200,23040000,11520000,4322400,1440000,2882400,1440000,0,0,0,1442400,606764,0.6068
distribute_parallel_for_split_1200_1200_1200,1200,1200,0,2400,14407200,4323601,1200,23040000,11520000,4322400,1440000,2882400,1440000,0,0,0,1442400,483888,0.4839
swap_distribute_parallel_for_1200_1200_1200,1200,1200,0,2400,14407200,4323601,1200,23040000,11520000,4322400,1440000,2882400,1440000,0,0,0,1442400,729518,0.7295
swap_distribute_parallel_for_split_1200_1200_1200,1200,1200,0,2400,14407200,4323601,1200,23040000,11520000,4322400,1440000,2882400,1440000,0,0,0,1442400,460081,0.4601
distribute_parallel_for_collapse_1200_1200_1200,1200,1200,0,2400,14407200,4323601,1200,23040000,11520000,4322400,1440000,2882400,1440000,0,0,0,1442400,454439,0.4544
swap_distribute_parallel_for_collapse_1200_1200_1200,1200,1200,0,2400,14407200,4323601,1200,23040000,11520000,4322400,1440000,2882400,1440000,0,0,0,1442400,476826,0.4768
distribute_parallel_for_1200_1200_1700,1200,1700,0,3400,20410200,6125101,1700,27840000,16320000,6123400,2040000,4083400,2040000,0,0,0,2043400,861230,0.8612
distribute_parallel_for_split_1200_1200_1700,1200,1700,0,3400,20410200,6125101,1700,27840000,16320000,6123400,2040000,4083400,2040000,0,0,0,2043400,731153,0.7312
swap_distribute_parallel_for_1200_1200_1700,1200,1700,0,3400,20410200,6125101,1700,27840000,16320000,6123400,2040000,4083400,2040000,0,0,0,2043400,824921,0.8249
swap_distribute_parallel_for_split_1200_1200_1700,1200,1700,0,3400,20410200,6125101,1700,27840000,16320000,6123400,2040000,4083400,2040000,0,0,0,2043400,695739,0.6957
distribute_parallel_for_collapse_1200_1200_1700,1200,1700,0,3400,20410200,6125101,1700,27840000,16320000,6123400,2040000,4083400,2040000,0,0,0,2043400,674134,0.6741
swap_distribute_parallel_for_collapse_1200_1200_1700,1200,1700,0,3400,20410200,6125101,1700,27840000,16320000,6123400,2040000,4083400,2040000,0,0,0,2043400,771898,0.7719
distribute_parallel_for_1200_1200_2200,1200,2200,0,4400,26413200,7926601,2200,32640000,21120000,7924400,2640000,5284400,2640000,0,0,0,2644400,1078637,1.0786
distribute_parallel_for_split_1200_1200_2200,1200,2200,0,4400,26413200,7926601,2200,32640000,21120000,7924400,2640000,5284400,2640000,0,0,0,2644400,1007673,1.0077
swap_distribute_parallel_for_1200_1200_2200,1200,2200,0,4400,26413200,7926601,2200,32640000,21120000,7924400,2640000,5284400,2640000,0,0,0,2644400,1780419,1.7804
swap_distribute_parallel_for_split_1200_1200_2200,1200,2200,0,4400,26413200,7926601,2200,32640000,21120000,7924400,2640000,5284400,2640000,0,0,0,2644400,885510,0.8855
distribute_parallel_for_collapse_1200_1200_2200,1200,2200,0,4400,26413200,7926601,2200,32640000,21120000,7924400,2640000,5284400,2640000,0,0,0,2644400,805851,0.8059
swap_distribute_parallel_for_collapse_1200_1200_2200,1200,2200,0,4400,26413200,7926601,2200,32640000,21120000,7924400,2640000,5284400,2640000,0,0,0,2644400,982752,0.9828
distribute_parallel_for_1200_1200_2700,1200,2700,0,5400,32416200,9728101,2700,37440000,25920000,9725400,3240000,6485400,3240000,0,0,0,3245400,1372453,1.3725
distribute_parallel_for_split_1200_1200_2700,1200,2700,0,5400,32416200,9728101,2700,37440000,25920000,9725400,3240000,6485400,3240000,0,0,0,3245400,1214729,1.2147
swap_distribute_parallel_for_1200_1200_2700,1200,2700,0,5400,32416200,9728101,2700,37440000,25920000,9725400,3240000,6485400,3240000,0,0,0,3245400,1669226,1.6692
swap_distribute_parallel_for_split_1200_1200_2700,1200,2700,0,5400,32416200,9728101,2700,37440000,25920000,9725400,3240000,6485400,3240000,0,0,0,3245400,1108847,1.1088
distribute_parallel_for_collapse_1200_1200_2700,1200,2700,0,5400,32416200,9728101,2700,37440000,25920000,9725400,3240000,6485400,3240000,0,0,0,3245400,1041826,1.0418
swap_distribute_parallel_for_collapse_1200_1200_2700,1200,2700,0,5400,32416200,9728101,2700,37440000,25920000,9725400,3240000,6485400,3240000,0,0,0,3245400,1298341,1.2983
distribute_parallel_for_1200_1200_3200,1200,3200,0,6400,38419200,11529601,3200,42240000,30720000,11526400,3840000,7686400,3840000,0,0,0,3846400,1571448,1.5714
distribute_parallel_for_split_1200_1200_3200,1200,3200,0,6400,38419200,11529601,3200,42240000,30720000,11526400,3840000,7686400,3840000,0,0,0,3846400,1453826,1.4538
swap_distribute_parallel_for_1200_1200_3200,1200,3200,0,6400,38419200,11529601,3200,42240000,30720000,11526400,3840000,7686400,3840000,0,0,0,3846400,1706626,1.7066
swap_distribute_parallel_for_split_1200_1200_3200,1200,3200,0,6400,38419200,11529601,3200,42240000,30720000,11526400,3840000,7686400,3840000,0,0,0,3846400,1288468,1.2885
distribute_parallel_for_collapse_1200_1200_3200,1200,3200,0,6400,38419200,11529601,3200,42240000,30720000,11526400,3840000,7686400,3840000,0,0,0,3846400,1280957,1.2810
swap_distribute_parallel_for_collapse_1200_1200_3200,1200,3200,0,6400,38419200,11529601,3200,42240000,30720000,11526400,3840000,7686400,3840000,0,0,0,3846400,1476106,1.4761
distribute_parallel_for_1200_1200_3700,1200,3700,0,7400,44422200,13331101,3700,47040000,35520000,13327400,4440000,8887400,4440000,0,0,0,4447400,1858793,1.8588
distribute_parallel_for_split_1200_1200_3700,1200,3700,0,7400,44422200,13331101,3700,47040000,35520000,13327400,4440000,8887400,4440000,0,0,0,4447400,1707588,1.7076
swap_distribute_parallel_for_1200_1200_3700,1200,3700,0,7400,44422200,13331101,3700,47040000,35520000,13327400,4440000,8887400,4440000,0,0,0,4447400,1786674,1.7867
swap_distribute_parallel_for_split_1200_1200_3700,1200,3700,0,7400,44422200,13331101,3700,47040000,35520000,13327400,4440000,8887400,4440000,0,0,0,4447400,1533714,1.5337
distribute_parallel_for_collapse_1200_1200_3700,1200,3700,0,7400,44422200,13331101,3700,47040000,35520000,13327400,4440000,8887400,4440000,0,0,0,4447400,1534704,1.5347
swap_distribute_parallel_for_collapse_1200_1200_3700,1200,3700,0,7400,44422200,13331101,3700,47040000,35520000,13327400,4440000,8887400,4440000,0,0,0,4447400,1719256,1.7193
distribute_parallel_for_1200_1200_4200,1200,4200,0,8400,50425200,15132601,4200,51840000,40320000,15128400,5040000,10088400,5040000,0,0,0,5048400,2050189,2.0502
distribute_parallel_for_split_1200_1200_4200,1200,4200,0,8400,50425200,15132601,4200,51840000,40320000,15128400,5040000,10088400,5040000,0,0,0,5048400,1999379,1.9994
swap_distribute_parallel_for_1200_1200_4200,1200,4200,0,8400,50425200,15132601,4200,51840000,40320000,15128400,5040000,10088400,5040000,0,0,0,5048400,2636418,2.6364
swap_distribute_parallel_for_split_1200_1200_4200,1200,4200,0,8400,50425200,15132601,4200,51840000,40320000,15128400,5040000,10088400,5040000,0,0,0,5048400,1666541,1.6665
distribute_parallel_for_collapse_1200_1200_4200,1200,4200,0,8400,50425200,15132601,4200,51840000,40320000,15128400,5040000,10088400,5040000,0,0,0,5048400,1629825,1.6298
swap_distribute_parallel_for_collapse_1200_1200_4200,1200,4200,0,8400,50425200,15132601,4200,51840000,40320000,15128400,5040000,10088400,5040000,0,0,0,5048400,1985394,1.9854
distribute_parallel_for_1200_1700_1200,1200,1200,0,2400,20407200,6123601,1200,32640000,11520000,6122400,2040000,4082400,2040000,0,0,0,2042400,815231,0.8152
distribute_parallel_for_split_1200_1700_1200,1200,1200,0,2400,20407200,6123601,1200,32640000,11520000,6122400,2040000,4082400,2040000,0,0,0,2042400,781296,0.7813
swap_distribute_parallel_for_1200_1700_1200,1200,1200,0,2400,20407200,6123601,1200,32640000,11520000,6122400,2040000,4082400,2040000,0,0,0,2042400,1080277,1.0803
swap_distribute_parallel_for_split_1200_1700_1200,1200,1200,0,2400,20407200,6123601,1200,32640000,11520000,6122400,2040000,4082400,2040000,0,0,0,2042400,685814,0.6858
distribute_parallel_for_collapse_1200_1700_1200,1200,1200,0,2400,20407200,6123601,1200,32640000,11520000,6122400,2040000,4082400,2040000,0,0,0,2042400,655351,0.6554
swap_distribute_parallel_for_collapse_1200_1700_1200,1200,1200,0,2400,20407200,6123601,1200,32640000,11520000,6122400,2040000,4082400,2040000,0,0,0,2042400,717848,0.7178
distribute_parallel_for_1200_1700_1700,1200,1700,0,3400,28910200,8675101,1700,39440000,16320000,8673400,2890000,5783400,2890000,0,0,0,2893400,1173277,1.1733
distribute_parallel_for_split_1200_1700_1700,1200,1700,0,3400,28910200,8675101,1700,39440000,16320000,8673400,2890000,5783400,2890000,0,0,0,2893400,1054501,1.0545
swap_distribute_parallel_for_1200_1700_1700,1200,1700,0,3400,28910200,8675101,1700,39440000,16320000,8673400,2890000,5783400,2890000,0,0,0,2893400,1303337,1.3033
swap_distribute_parallel_for_split_1200_1700_1700,1200,1700,0,3400,28910200,8675101,1700,39440000,16320000,8673400,2890000,5783400,2890000,0,0,0,2893400,983646,0.9836
distribute_parallel_for_collapse_1200_1700_1700,1200,1700,0,3400,28910200,8675101,1700,39440000,16320000,8673400,2890000,5783400,2890000,0,0,0,2893400,958149,0.9581
swap_distribute_parallel_for_collapse_1200_1700_1700,1200,1700,0,3400,28910200,8675101,1700,39440000,16320000,8673400,2890000,5783400,2890000,0,0,0,2893400,1092530,1.0925
distribute_parallel_for_1200_1700_2200,1200,2200,0,4400,37413200,11226601,2200,46240000,21120000,11224400,3740000,7484400,3740000,0,0,0,3744400,1513452,1.5135
distribute_parallel_for_split_1200_1700_2200,1200,2200,0,4400,37413200,11226601,2200,46240000,21120000,11224400,3740000,7484400,3740000,0,0,0,3744400,1556336,1.5563
swap_distribute_parallel_for_1200_1700_2200,1200,2200,0,4400,37413200,11226601,2200,46240000,21120000,11224400,3740000,7484400,3740000,0,0,0,3744400,2492521,2.4925
swap_distribute_parallel_for_split_1200_1700_2200,1200,2200,0,4400,37413200,11226601,2200,46240000,21120000,11224400,3740000,7484400,3740000,0,0,0,3744400,1327541,1.3275
distribute_parallel_for_collapse_1200_1700_2200,1200,2200,0,4400,37413200,11226601,2200,46240000,21120000,11224400,3740000,7484400,3740000,0,0,0,3744400,1252703,1.2527
swap_distribute_parallel_for_collapse_1200_1700_2200,1200,2200,0,4400,37413200,11226601,2200,46240000,21120000,11224400,3740000,7484400,3740000,0,0,0,3744400,1467190,1.4672
distribute_parallel_for_1200_1700_2700,1200,2700,0,5400,45916200,13778101,2700,53040000,25920000,13775400,4590000,9185400,4590000,0,0,0,4595400,1847672,1.8477
distribute_parallel_for_split_1200_1700_2700,1200,2700,0,5400,45916200,13778101,2700,53040000,25920000,13775400,4590000,9185400,4590000,0,0,0,4595400,1832761,1.8328
swap_distribute_parallel_for_1200_1700_2700,1200,2700,0,5400,45916200,13778101,2700,53040000,25920000,13775400,4590000,9185400,4590000,0,0,0,4595400,2451604,2.4516
swap_distribute_parallel_for_split_1200_1700_2700,1200,2700,0,5400,45916200,13778101,2700,53040000,25920000,13775400,4590000,9185400,4590000,0,0,0,4595400,1550674,1.5507
distribute_parallel_for_collapse_1200_1700_2700,1200,2700,0,5400,45916200,13778101,2700,53040000,25920000,13775400,4590000,9185400,4590000,0,0,0,4595400,1510702,1.5107
swap_distribute_parallel_for_collapse_1200_1700_2700,1200,2700,0,5400,45916200,13778101,2700,53040000,25920000,13775400,4590000,9185400,4590000,0,0,0,4595400,1850575,1.8506
distribute_parallel_for_1200_1700_3200,1200,3200,0,6400,54419200,16329601,3200,59840000,30720000,16326400,5440000,10886400,5440000,0,0,0,5446400,2198265,2.1983
distribute_parallel_for_split_1200_1700_3200,1200,3200,0,6400,54419200,16329601,3200,59840000,30720000,16326400,5440000,10886400,5440000,0,0,0,5446400,2178738,2.1787
swap_distribute_parallel_for_1200_1700_3200,1200,3200,0,6400,54419200,16329601,3200,59840000,30720000,16326400,5440000,10886400,5440000,0,0,0,5446400,2371790,2.3718
swap_distribute_parallel_for_split_1200_1700_3200,1200,3200,0,6400,54419200,16329601,3200,59840000,30720000,16326400,5440000,10886400,5440000,0,0,0,5446400,1850075,1.8501
distribute_parallel_for_collapse_1200_1700_3200,1200,3200,0,6400,54419200,16329601,3200,59840000,30720000,16326400,5440000,10886400,5440000,0,0,0,5446400,1842050,1.8420
swap_distribute_parallel_for_collapse_1200_1700_3200,1200,3200,0,6400,54419200,16329601,3200,59840000,30720000,16326400,5440000,10886400,5440000,0,0,0,5446400,2068046,2.0680
distribute_parallel_for_1200_1700_3700,1200,3700,0,7400,62922200,18881101,3700,66640000,35520000,18877400,6290000,12587400,6290000,0,0,0,6297400,2460262,2.4603
distribute_parallel_for_split_1200_1700_3700,1200,3700,0,7400,62922200,18881101,3700,66640000,35520000,18877400,6290000,12587400,6290000,0,0,0,6297400,2474718,2.4747
swap_distribute_parallel_for_1200_1700_3700,1200,3700,0,7400,62922200,18881101,3700,66640000,35520000,18877400,6290000,12587400,6290000,0,0,0,6297400,2444405,2.4444
swap_distribute_parallel_for_split_1200_1700_3700,1200,3700,0,7400,62922200,18881101,3700,66640000,35520000,18877400,6290000,12587400,6290000,0,0,0,6297400,2106166,2.1062
distribute_parallel_for_collapse_1200_1700_3700,1200,3700,0,7400,62922200,18881101,3700,66640000,35520000,18877400,6290000,12587400,6290000,0,0,0,6297400,2073783,2.0738
swap_distribute_parallel_for_collapse_1200_1700_3700,1200,3700,0,7400,62922200,18881101,3700,66640000,35520000,18877400,6290000,12587400,6290000,0,0,0,6297400,2550354,2.5504
distribute_parallel_for_1200_1700_4200,1200,4200,0,8400,71425200,21432601,4200,73440000,40320000,21428400,7140000,14288400,7140000,0,0,0,7148400,2830040,2.8300
distribute_parallel_for_split_1200_1700_4200,1200,4200,0,8400,71425200,21432601,4200,73440000,40320000,21428400,7140000,14288400,7140000,0,0,0,7148400,2917180,2.9172
swap_distribute_parallel_for_1200_1700_4200,1200,4200,0,8400,71425200,21432601,4200,73440000,40320000,21428400,7140000,14288400,7140000,0,0,0,7148400,3721006,3.7210
swap_distribute_parallel_for_split_1200_1700_4200,1200,4200,0,8400,71425200,21432601,4200,73440000,40320000,21428400,7140000,14288400,7140000,0,0,0,7148400,2337793,2.3378
distribute_parallel_for_collapse_1200_1700_4200,1200,4200,0,8400,71425200,21432601,4200,73440000,40320000,21428400,7140000,14288400,7140000,0,0,0,7148400,2423035,2.4230
swap_distribute_parallel_for_collapse_1200_1700_4200,1200,4200,0,8400,71425200,21432601,4200,73440000,40320000,21428400,7140000,14288400,7140000,0,0,0,7148400,2895006,2.8950
distribute_parallel_for_1200_2200_1200,1200,1200,0,2400,26407200,7923601,1200,42240000,11520000,7922400,2640000,5282400,2640000,0,0,0,2642400,1079762,1.0798
distribute_parallel_for_split_1200_2200_1200,1200,1200,0,2400,26407200,7923601,1200,42240000,11520000,7922400,2640000,5282400,2640000,0,0,0,2642400,1024886,1.0249
swap_distribute_parallel_for_1200_2200_1200,1200,1200,0,2400,26407200,7923601,1200,42240000,11520000,7922400,2640000,5282400,2640000,0,0,0,2642400,1424658,1.4247
swap_distribute_parallel_for_split_1200_2200_1200,1200,1200,0,2400,26407200,7923601,1200,42240000,11520000,7922400,2640000,5282400,2640000,0,0,0,2642400,824110,0.8241
distribute_parallel_for_collapse_1200_2200_1200,1200,1200,0,2400,26407200,7923601,1200,42240000,11520000,7922400,2640000,5282400,2640000,0,0,0,2642400,901122,0.9011
swap_distribute_parallel_for_collapse_1200_2200_1200,1200,1200,0,2400,26407200,7923601,1200,42240000,11520000,7922400,2640000,5282400,2640000,0,0,0,2642400,969646,0.9696
distribute_parallel_for_1200_2200_1700,1200,1700,0,3400,37410200,11225101,1700,51040000,16320000,11223400,3740000,7483400,3740000,0,0,0,3743400,1493812,1.4938
distribute_parallel_for_split_1200_2200_1700,1200,1700,0,3400,37410200,11225101,1700,51040000,16320000,11223400,3740000,7483400,3740000,0,0,0,3743400,1457475,1.4575
swap_distribute_parallel_for_1200_2200_1700,1200,1700,0,3400,37410200,11225101,1700,51040000,16320000,11223400,3740000,7483400,3740000,0,0,0,3743400,1558062,1.5581
swap_distribute_parallel_for_split_1200_2200_1700,1200,1700,0,3400,37410200,11225101,1700,51040000,16320000,11223400,3740000,7483400,3740000,0,0,0,3743400,1308652,1.3087
distribute_parallel_for_collapse_1200_2200_1700,1200,1700,0,3400,37410200,11225101,1700,51040000,16320000,11223400,3740000,7483400,3740000,0,0,0,3743400,1226012,1.2260
swap_distribute_parallel_for_collapse_1200_2200_1700,1200,1700,0,3400,37410200,11225101,1700,51040000,16320000,11223400,3740000,7483400,3740000,0,0,0,3743400,1465063,1.4651
distribute_parallel_for_1200_2200_2200,1200,2200,0,4400,48413200,14526601,2200,59840000,21120000,14524400,4840000,9684400,4840000,0,0,0,4844400,2094273,2.0943
distribute_parallel_for_split_1200_2200_2200,1200,2200,0,4400,48413200,14526601,2200,59840000,21120000,14524400,4840000,9684400,4840000,0,0,0,4844400,2032919,2.0329
swap_distribute_parallel_for_1200_2200_2200,1200,2200,0,4400,48413200,14526601,2200,59840000,21120000,14524400,4840000,9684400,4840000,0,0,0,4844400,3170539,3.1705
swap_distribute_parallel_for_split_1200_2200_2200,1200,2200,0,4400,48413200,14526601,2200,59840000,21120000,14524400,4840000,9684400,4840000,0,0,0,4844400,1662198,1.6622
distribute_parallel_for_collapse_1200_2200_2200,1200,2200,0,4400,48413200,14526601,2200,59840000,21120000,14524400,4840000,9684400,4840000,0,0,0,4844400,1632456,1.6325
swap_distribute_parallel_for_collapse_1200_2200_2200,1200,2200,0,4400,48413200,14526601,2200,59840000,21120000,14524400,4840000,9684400,4840000,0,0,0,4844400,2039607,2.0396
distribute_parallel_for_1200_2200_2700,1200,2700,0,5400,59416200,17828101,2700,68640000,25920000,17825400,5940000,11885400,5940000,0,0,0,5945400,2439514,2.4395
distribute_parallel_for_split_1200_2200_2700,1200,2700,0,5400,59416200,17828101,2700,68640000,25920000,17825400,5940000,11885400,5940000,0,0,0,5945400,2364171,2.3642
swap_distribute_parallel_for_1200_2200_2700,1200,2700,0,5400,59416200,17828101,2700,68640000,25920000,17825400,5940000,11885400,5940000,0,0,0,5945400,3156382,3.1564
swap_distribute_parallel_for_split_1200_2200_2700,1200,2700,0,5400,59416200,17828101,2700,68640000,25920000,17825400,5940000,11885400,5940000,0,0,0,5945400,2005570,2.0056
distribute_parallel_for_collapse_1200_2200_2700,1200,2700,0,5400,59416200,17828101,2700,68640000,25920000,17825400,5940000,11885400,5940000,0,0,0,5945400,2007554,2.0076
swap_distribute_parallel_for_collapse_1200_2200_2700,1200,2700,0,5400,59416200,17828101,2700,68640000,25920000,17825400,5940000,11885400,5940000,0,0,0,5945400,2452504,2.4525
distribute_parallel_for_1200_2200_3200,1200,3200,0,6400,70419200,21129601,3200,77440000,30720000,21126400,7040000,14086400,7040000,0,0,0,7046400,2807489,2.8075
distribute_parallel_for_split_1200_2200_3200,1200,3200,0,6400,70419200,21129601,3200,77440000,30720000,21126400,7040000,14086400,7040000,0,0,0,7046400,2935924,2.9359
swap_distribute_parallel_for_1200_2200_3200,1200,3200,0,6400,70419200,21129601,3200,77440000,30720000,21126400,7040000,14086400,7040000,0,0,0,7046400,3111386,3.1114
swap_distribute_parallel_for_split_1200_2200_3200,1200,3200,0,6400,70419200,21129601,3200,77440000,30720000,21126400,7040000,14086400,7040000,0,0,0,7046400,2406422,2.4064
distribute_parallel_for_collapse_1200_2200_3200,1200,3200,0,6400,70419200,21129601,3200,77440000,30720000,21126400,7040000,14086400,7040000,0,0,0,7046400,2417884,2.4179
swap_distribute_parallel_for_collapse_1200_2200_3200,1200,3200,0,6400,70419200,21129601,3200,77440000,30720000,21126400,7040000,14086400,7040000,0,0,0,7046400,2732201,2.7322
distribute_parallel_for_1200_2200_3700,1200,3700,0,7400,81422200,24431101,3700,86240000,35520000,24427400,8140000,16287400,8140000,0,0,0,8147400,3191723,3.1917
distribute_parallel_for_split_1200_2200_3700,1200,3700,0,7400,81422200,24431101,3700,86240000,35520000,24427400,8140000,16287400,8140000,0,0,0,8147400,3256913,3.2569
swap_distribute_parallel_for_1200_2200_3700,1200,3700,0,7400,81422200,24431101,3700,86240000,35520000,24427400,8140000,16287400,8140000,0,0,0,8147400,3206051,3.2061
swap_distribute_parallel_for_split_1200_2200_3700,1200,3700,0,7400,81422200,24431101,3700,86240000,35520000,24427400,8140000,16287400,8140000,0,0,0,8147400,2764410,2.7644
distribute_parallel_for_collapse_1200_2200_3700,1200,3700,0,7400,81422200,24431101,3700,86240000,35520000,24427400,8140000,16287400,8140000,0,0,0,8147400,2753793,2.7538
swap_distribute_parallel_for_collapse_1200_2200_3700,1200,3700,0,7400,81422200,24431101,3700,86240000,35520000,24427400,8140000,16287400,8140000,0,0,0,8147400,3220292,3.2203
distribute_parallel_for_1200_2200_4200,1200,4200,0,8400,92425200,27732601,4200,95040000,40320000,27728400,9240000,18488400,9240000,0,0,0,9248400,3645569,3.6456
distribute_parallel_for_split_1200_2200_4200,1200,4200,0,8400,92425200,27732601,4200,95040000,40320000,27728400,9240000,18488400,9240000,0,0,0,9248400,3857770,3.8578
swap_distribute_parallel_for_1200_2200_4200,1200,4200,0,8400,92425200,27732601,4200,95040000,40320000,27728400,9240000,18488400,9240000,0,0,0,9248400,4896111,4.8961
swap_distribute_parallel_for_split_1200_2200_4200,1200,4200,0,8400,92425200,27732601,4200,95040000,40320000,27728400,9240000,18488400,9240000,0,0,0,9248400,3048047,3.0480
distribute_parallel_for_collapse_1200_2200_4200,1200,4200,0,8400,92425200,27732601,4200,95040000,40320000,27728400,9240000,18488400,9240000,0,0,0,9248400,3167495,3.1675
swap_distribute_parallel_for_collapse_1200_2200_4200,1200,4200,0,8400,92425200,27732601,4200,95040000,40320000,27728400,9240000,18488400,9240000,0,0,0,9248400,3813645,3.8136
distribute_parallel_for_1200_2700_1200,1200,1200,0,2400,32407200,9723601,1200,51840000,11520000,9722400,3240000,6482400,3240000,0,0,0,3242400,1471673,1.4717
distribute_parallel_for_split_1200_2700_1200,1200,1200,0,2400,32407200,9723601,1200,51840000,11520000,9722400,3240000,6482400,3240000,0,0,0,3242400,1257278,1.2573
swap_distribute_parallel_for_1200_2700_1200,1200,1200,0,2400,32407200,9723601,1200,51840000,11520000,9722400,3240000,6482400,3240000,0,0,0,3242400,1803013,1.8030
swap_distribute_parallel_for_split_1200_2700_1200,1200,1200,0,2400,32407200,9723601,1200,51840000,11520000,9722400,3240000,6482400,3240000,0,0,0,3242400,1005116,1.0051
distribute_parallel_for_collapse_1200_2700_1200,1200,1200,0,2400,32407200,9723601,1200,51840000,11520000,9722400,3240000,6482400,3240000,0,0,0,3242400,1071695,1.0717
swap_distribute_parallel_for_collapse_1200_2700_1200,1200,1200,0,2400,32407200,9723601,1200,51840000,11520000,9722400,3240000,6482400,3240000,0,0,0,3242400,1225253,1.2253
distribute_parallel_for_1200_2700_1700,1200,1700,0,3400,45910200,13775101,1700,62640000,16320000,13773400,4590000,9183400,4590000,0,0,0,4593400,1837730,1.8377
distribute_parallel_for_split_1200_2700_1700,1200,1700,0,3400,45910200,13775101,1700,62640000,16320000,13773400,4590000,9183400,4590000,0,0,0,4593400,1847835,1.8478
swap_distribute_parallel_for_1200_2700_1700,1200,1700,0,3400,45910200,13775101,1700,62640000,16320000,13773400,4590000,9183400,4590000,0,0,0,4593400,1969317,1.9693
swap_distribute_parallel_for_split_1200_2700_1700,1200,1700,0,3400,45910200,13775101,1700,62640000,16320000,13773400,4590000,9183400,4590000,0,0,0,4593400,1623339,1.6233
distribute_parallel_for_collapse_1200_2700_1700,1200,1700,0,3400,45910200,13775101,1700,62640000,16320000,13773400,4590000,9183400,4590000,0,0,0,4593400,1580162,1.5802
swap_distribute_parallel_for_collapse_1200_2700_1700,1200,1700,0,3400,45910200,13775101,1700,62640000,16320000,13773400,4590000,9183400,4590000,0,0,0,4593400,1811601,1.8116
distribute_parallel_for_1200_2700_2200,1200,2200,0,4400,59413200,17826601,2200,73440000,21120000,17824400,5940000,11884400,5940000,0,0,0,5944400,2605983,2.6060
distribute_parallel_for_split_1200_2700_2200,1200,2200,0,4400,59413200,17826601,2200,73440000,21120000,17824400,5940000,11884400,5940000,0,0,0,5944400,2377980,2.3780
swap_distribute_parallel_for_1200_2700_2200,1200,2200,0,4400,59413200,17826601,2200,73440000,21120000,17824400,5940000,11884400,5940000,0,0,0,5944400,4017132,4.0171
swap_distribute_parallel_for_split_1200_2700_2200,1200,2200,0,4400,59413200,17826601,2200,73440000,21120000,17824400,5940000,11884400,5940000,0,0,0,5944400,2062523,2.0625
distribute_parallel_for_collapse_1200_2700_2200,1200,2200,0,4400,59413200,17826601,2200,73440000,21120000,17824400,5940000,11884400,5940000,0,0,0,5944400,2060374,2.0604
swap_distribute_parallel_for_collapse_1200_2700_2200,1200,2200,0,4400,59413200,17826601,2200,73440000,21120000,17824400,5940000,11884400,5940000,0,0,0,5944400,2343200,2.3432
distribute_parallel_for_1200_2700_2700,1200,2700,0,5400,72916200,21878101,2700,84240000,25920000,21875400,7290000,14585400,7290000,0,0,0,7295400,2894010,2.8940
distribute_parallel_for_split_1200_2700_2700,1200,2700,0,5400,72916200,21878101,2700,84240000,25920000,21875400,7290000,14585400,7290000,0,0,0,7295400,2924319,2.9243
swap_distribute_parallel_for_1200_2700_2700,1200,2700,0,5400,72916200,21878101,2700,84240000,25920000,21875400,7290000,14585400,7290000,0,0,0,7295400,3982180,3.9822
swap_distribute_parallel_for_split_1200_2700_2700,1200,2700,0,5400,72916200,21878101,2700,84240000,25920000,21875400,7290000,14585400,7290000,0,0,0,7295400,2530269,2.5303
distribute_parallel_for_collapse_1200_2700_2700,1200,2700,0,5400,72916200,21878101,2700,84240000,25920000,21875400,7290000,14585400,7290000,0,0,0,7295400,2448979,2.4490
swap_distribute_parallel_for_collapse_1200_2700_2700,1200,2700,0,5400,72916200,21878101,2700,84240000,25920000,21875400,7290000,14585400,7290000,0,0,0,7295400,3160318,3.1603
distribute_parallel_for_1200_2700_3200,1200,3200,0,6400,86419200,25929601,3200,95040000,30720000,25926400,8640000,17286400,8640000,0,0,0,8646400,3850791,3.8508
distribute_parallel_for_split_1200_2700_3200,1200,3200,0,6400,86419200,25929601,3200,95040000,30720000,25926400,8640000,17286400,8640000,0,0,0,8646400,3492401,3.4924
swap_distribute_parallel_for_1200_2700_3200,1200,3200,0,6400,86419200,25929601,3200,95040000,30720000,25926400,8640000,17286400,8640000,0,0,0,8646400,3916810,3.9168
swap_distribute_parallel_for_split_1200_2700_3200,1200,3200,0,6400,86419200,25929601,3200,95040000,30720000,25926400,8640000,17286400,8640000,0,0,0,8646400,2901802,2.9018
distribute_parallel_for_collapse_1200_2700_3200,1200,3200,0,6400,86419200,25929601,3200,95040000,30720000,25926400,8640000,17286400,8640000,0,0,0,8646400,2946461,2.9465
swap_distribute_parallel_for_collapse_1200_2700_3200,1200,3200,0,6400,86419200,25929601,3200,95040000,30720000,25926400,8640000,17286400,8640000,0,0,0,8646400,3461436,3.4614
distribute_parallel_for_1200_2700_3700,1200,3700,0,7400,99922200,29981101,3700,105840000,35520000,29977400,9990000,19987400,9990000,0,0,0,9997400,3945698,3.9457
distribute_parallel_for_split_1200_2700_3700,1200,3700,0,7400,99922200,29981101,3700,105840000,35520000,29977400,9990000,19987400,9990000,0,0,0,9997400,4091563,4.0916
swap_distribute_parallel_for_1200_2700_3700,1200,3700,0,7400,99922200,29981101,3700,105840000,35520000,29977400,9990000,19987400,9990000,0,0,0,9997400,3912239,3.9122
swap_distribute_parallel_for_split_1200_2700_3700,1200,3700,0,7400,99922200,29981101,3700,105840000,35520000,29977400,9990000,19987400,9990000,0,0,0,9997400,3330957,3.3310
distribute_parallel_for_collapse_1200_2700_3700,1200,3700,0,7400,99922200,29981101,3700,105840000,35520000,29977400,9990000,19987400,9990000,0,0,0,9997400,3298616,3.2986
swap_distribute_parallel_for_collapse_1200_2700_3700,1200,3700,0,7400,99922200,29981101,3700,105840000,35520000,29977400,9990000,19987400,9990000,0,0,0,9997400,3981825,3.9818
distribute_parallel_for_1200_2700_4200,1200,4200,0,8400,113425200,34032601,4200,116640000,40320000,34028400,11340000,22688400,11340000,0,0,0,11348400,4932860,4.9329
distribute_parallel_for_split_1200_2700_4200,1200,4200,0,8400,113425200,34032601,4200,116640000,40320000,34028400,11340000,22688400,11340000,0,0,0,11348400,4733833,4.7338
swap_distribute_parallel_for_1200_2700_4200,1200,4200,0,8400,113425200,34032601,4200,116640000,40320000,34028400,11340000,22688400,11340000,0,0,0,11348400,5997706,5.9977
swap_distribute_parallel_for_split_1200_2700_4200,1200,4200,0,8400,113425200,34032601,4200,116640000,40320000,34028400,11340000,22688400,11340000,0,0,0,11348400,3831151,3.8312
distribute_parallel_for_collapse_1200_2700_4200,1200,4200,0,8400,113425200,34032601,4200,116640000,40320000,34028400,11340000,22688400,11340000,0,0,0,11348400,3799765,3.7998
swap_distribute_parallel_for_collapse_1200_2700_4200,1200,4200,0,8400,113425200,34032601,4200,116640000,40320000,34028400,11340000,22688400,11340000,0,0,0,11348400,4728552,4.7286
distribute_parallel_for_1200_3200_1200,1200,1200,0,2400,38407200,11523601,1200,61440000,11520000,11522400,3840000,7682400,3840000,0,0,0,3842400,1740355,1.7404
distribute_parallel_for_split_1200_3200_1200,1200,1200,0,2400,38407200,11523601,1200,61440000,11520000,11522400,3840000,7682400,3840000,0,0,0,3842400,1540072,1.5401
swap_distribute_parallel_for_1200_3200_1200,1200,1200,0,2400,38407200,11523601,1200,61440000,11520000,11522400,3840000,7682400,3840000,0,0,0,3842400,2158991,2.1590
swap_distribute_parallel_for_split_1200_3200_1200,1200,1200,0,2400,38407200,11523601,1200,61440000,11520000,11522400,3840000,7682400,3840000,0,0,0,3842400,1226468,1.2265
distribute_parallel_for_collapse_1200_3200_1200,1200,1200,0,2400,38407200,11523601,1200,61440000,11520000,11522400,3840000,7682400,3840000,0,0,0,3842400,1347950,1.3479
swap_distribute_parallel_for_collapse_1200_3200_1200,1200,1200,0,2400,38407200,11523601,1200,61440000,11520000,11522400,3840000,7682400,3840000,0,0,0,3842400,1480975,1.4810
distribute_parallel_for_1200_3200_1700,1200,1700,0,3400,54410200,16325101,1700,74240000,16320000,16323400,5440000,10883400,5440000,0,0,0,5443400,2162175,2.1622
distribute_parallel_for_split_1200_3200_1700,1200,1700,0,3400,54410200,16325101,1700,74240000,16320000,16323400,5440000,10883400,5440000,0,0,0,5443400,2089604,2.0896
swap_distribute_parallel_for_1200_3200_1700,1200,1700,0,3400,54410200,16325101,1700,74240000,16320000,16323400,5440000,10883400,5440000,0,0,0,5443400,2350479,2.3505
swap_distribute_parallel_for_split_1200_3200_1700,1200,1700,0,3400,54410200,16325101,1700,74240000,16320000,16323400,5440000,10883400,5440000,0,0,0,5443400,1943717,1.9437
distribute_parallel_for_collapse_1200_3200_1700,1200,1700,0,3400,54410200,16325101,1700,74240000,16320000,16323400,5440000,10883400,5440000,0,0,0,5443400,1870369,1.8704
swap_distribute_parallel_for_collapse_1200_3200_1700,1200,1700,0,3400,54410200,16325101,1700,74240000,16320000,16323400,5440000,10883400,5440000,0,0,0,5443400,2093891,2.0939
distribute_parallel_for_1200_3200_2200,1200,2200,0,4400,70413200,21126601,2200,87040000,21120000,21124400,7040000,14084400,7040000,0,0,0,7044400,3131142,3.1311
distribute_parallel_for_split_1200_3200_2200,1200,2200,0,4400,70413200,21126601,2200,87040000,21120000,21124400,7040000,14084400,7040000,0,0,0,7044400,2881656,2.8817
swap_distribute_parallel_for_1200_3200_2200,1200,2200,0,4400,70413200,21126601,2200,87040000,21120000,21124400,7040000,14084400,7040000,0,0,0,7044400,4837185,4.8372
swap_distribute_parallel_for_split_1200_3200_2200,1200,2200,0,4400,70413200,21126601,2200,87040000,21120000,21124400,7040000,14084400,7040000,0,0,0,7044400,2415926,2.4159
distribute_parallel_for_collapse_1200_3200_2200,1200,2200,0,4400,70413200,21126601,2200,87040000,21120000,21124400,7040000,14084400,7040000,0,0,0,7044400,2443623,2.4436
swap_distribute_parallel_for_collapse_1200_3200_2200,1200,2200,0,4400,70413200,21126601,2200,87040000,21120000,21124400,7040000,14084400,7040000,0,0,0,7044400,2744543,2.7445
distribute_parallel_for_1200_3200_2700,1200,2700,0,5400,86416200,25928101,2700,99840000,25920000,25925400,8640000,17285400,8640000,0,0,0,8645400,3405007,3.4050
distribute_parallel_for_split_1200_3200_2700,1200,2700,0,5400,86416200,25928101,2700,99840000,25920000,25925400,8640000,17285400,8640000,0,0,0,8645400,3397820,3.3978
swap_distribute_parallel_for_1200_3200_2700,1200,2700,0,5400,86416200,25928101,2700,99840000,25920000,25925400,8640000,17285400,8640000,0,0,0,8645400,4813628,4.8136
swap_distribute_parallel_for_split_1200_3200_2700,1200,2700,0,5400,86416200,25928101,2700,99840000,25920000,25925400,8640000,17285400,8640000,0,0,0,8645400,3102264,3.1023
distribute_parallel_for_collapse_1200_3200_2700,1200,2700,0,5400,86416200,25928101,2700,99840000,25920000,25925400,8640000,17285400,8640000,0,0,0,8645400,2976194,2.9762
swap_distribute_parallel_for_collapse_1200_3200_2700,1200,2700,0,5400,86416200,25928101,2700,99840000,25920000,25925400,8640000,17285400,8640000,0,0,0,8645400,3525374,3.5254
distribute_parallel_for_1200_3200_3200,1200,3200,0,6400,102419200,30729601,3200,112640000,30720000,30726400,10240000,20486400,10240000,0,0,0,10246400,4013032,4.0130
distribute_parallel_for_split_1200_3200_3200,1200,3200,0,6400,102419200,30729601,3200,112640000,30720000,30726400,10240000,20486400,10240000,0,0,0,10246400,4284476,4.2845
swap_distribute_parallel_for_1200_3200_3200,1200,3200,0,6400,102419200,30729601,3200,112640000,30720000,30726400,10240000,20486400,10240000,0,0,0,10246400,4603604,4.6036
swap_distribute_parallel_for_split_1200_3200_3200,1200,3200,0,6400,102419200,30729601,3200,112640000,30720000,30726400,10240000,20486400,10240000,0,0,0,10246400,3414576,3.4146
distribute_parallel_for_collapse_1200_3200_3200,1200,3200,0,6400,102419200,30729601,3200,112640000,30720000,30726400,10240000,20486400,10240000,0,0,0,10246400,3484538,3.4845
swap_distribute_parallel_for_collapse_1200_3200_3200,1200,3200,0,6400,102419200,30729601,3200,112640000,30720000,30726400,10240000,20486400,10240000,0,0,0,10246400,4066560,4.0666
distribute_parallel_for_1200_3200_3700,1200,3700,0,7400,118422200,35531101,3700,125440000,35520000,35527400,11840000,23687400,11840000,0,0,0,11847400,4701292,4.7013
distribute_parallel_for_split_1200_3200_3700,1200,3700,0,7400,118422200,35531101,3700,125440000,35520000,35527400,11840000,23687400,11840000,0,0,0,11847400,4823357,4.8234
swap_distribute_parallel_for_1200_3200_3700,1200,3700,0,7400,118422200,35531101,3700,125440000,35520000,35527400,11840000,23687400,11840000,0,0,0,11847400,4689247,4.6892
swap_distribute_parallel_for_split_1200_3200_3700,1200,3700,0,7400,118422200,35531101,3700,125440000,35520000,35527400,11840000,23687400,11840000,0,0,0,11847400,3896245,3.8962
distribute_parallel_for_collapse_1200_3200_3700,1200,3700,0,7400,118422200,35531101,3700,125440000,35520000,35527400,11840000,23687400,11840000,0,0,0,11847400,3965747,3.9657
swap_distribute_parallel_for_collapse_1200_3200_3700,1200,3700,0,7400,118422200,35531101,3700,125440000,35520000,35527400,11840000,23687400,11840000,0,0,0,11847400,4724510,4.7245
distribute_parallel_for_1200_3200_4200,1200,4200,0,8400,134425200,40332601,4200,138240000,40320000,40328400,13440000,26888400,13440000,0,0,0,13448400,5303899,5.3039
distribute_parallel_for_split_1200_3200_4200,1200,4200,0,8400,134425200,40332601,4200,138240000,40320000,40328400,13440000,26888400,13440000,0,0,0,13448400,5596915,5.5969
swap_distribute_parallel_for_1200_3200_4200,1200,4200,0,8400,134425200,40332601,4200,138240000,40320000,40328400,13440000,26888400,13440000,0,0,0,13448400,7147989,7.1480
swap_distribute_parallel_for_split_1200_3200_4200,1200,4200,0,8400,134425200,40332601,4200,138240000,40320000,40328400,13440000,26888400,13440000,0,0,0,13448400,4394703,4.3947
distribute_parallel_for_collapse_1200_3200_4200,1200,4200,0,8400,134425200,40332601,4200,138240000,40320000,40328400,13440000,26888400,13440000,0,0,0,13448400,4580255,4.5803
swap_distribute_parallel_for_collapse_1200_3200_4200,1200,4200,0,8400,134425200,40332601,4200,138240000,40320000,40328400,13440000,26888400,13440000,0,0,0,13448400,5516480,5.5165
distribute_parallel_for_1200_3700_1200,1200,1200,0,2400,44407200,13323601,1200,71040000,11520000,13322400,4440000,8882400,4440000,0,0,0,4442400,2068203,2.0682
distribute_parallel_for_split_1200_3700_1200,1200,1200,0,2400,44407200,13323601,1200,71040000,11520000,13322400,4440000,8882400,4440000,0,0,0,4442400,1805773,1.8058
swap_distribute_parallel_for_1200_3700_1200,1200,1200,0,2400,44407200,13323601,1200,71040000,11520000,13322400,4440000,8882400,4440000,0,0,0,4442400,2480050,2.4800
swap_distribute_parallel_for_split_1200_3700_1200,1200,1200,0,2400,44407200,13323601,1200,71040000,11520000,13322400,4440000,8882400,4440000,0,0,0,4442400,1375104,1.3751
distribute_parallel_for_collapse_1200_3700_1200,1200,1200,0,2400,44407200,13323601,1200,71040000,11520000,13322400,4440000,8882400,4440000,0,0,0,4442400,1525865,1.5259
swap_distribute_parallel_for_collapse_1200_3700_1200,1200,1200,0,2400,44407200,13323601,1200,71040000,11520000,13322400,4440000,8882400,4440000,0,0,0,4442400,1641454,1.6415
distribute_parallel_for_1200_3700_1700,1200,1700,0,3400,62910200,18875101,1700,85840000,16320000,18873400,6290000,12583400,6290000,0,0,0,6293400,2470932,2.4709
distribute_parallel_for_split_1200_3700_1700,1200,1700,0,3400,62910200,18875101,1700,85840000,16320000,18873400,6290000,12583400,6290000,0,0,0,6293400,2542279,2.5423
swap_distribute_parallel_for_1200_3700_1700,1200,1700,0,3400,62910200,18875101,1700,85840000,16320000,18873400,6290000,12583400,6290000,0,0,0,6293400,2806455,2.8065
swap_distribute_parallel_for_split_1200_3700_1700,1200,1700,0,3400,62910200,18875101,1700,85840000,16320000,18873400,6290000,12583400,6290000,0,0,0,6293400,2297034,2.2970
distribute_parallel_for_collapse_1200_3700_1700,1200,1700,0,3400,62910200,18875101,1700,85840000,16320000,18873400,6290000,12583400,6290000,0,0,0,6293400,2094257,2.0943
swap_distribute_parallel_for_collapse_1200_3700_1700,1200,1700,0,3400,62910200,18875101,1700,85840000,16320000,18873400,6290000,12583400,6290000,0,0,0,6293400,2511916,2.5119
distribute_parallel_for_1200_3700_2200,1200,2200,0,4400,81413200,24426601,2200,100640000,21120000,24424400,8140000,16284400,8140000,0,0,0,8144400,3615820,3.6158
distribute_parallel_for_split_1200_3700_2200,1200,2200,0,4400,81413200,24426601,2200,100640000,21120000,24424400,8140000,16284400,8140000,0,0,0,8144400,3328975,3.3290
swap_distribute_parallel_for_1200_3700_2200,1200,2200,0,4400,81413200,24426601,2200,100640000,21120000,24424400,8140000,16284400,8140000,0,0,0,8144400,5495449,5.4954
swap_distribute_parallel_for_split_1200_3700_2200,1200,2200,0,4400,81413200,24426601,2200,100640000,21120000,24424400,8140000,16284400,8140000,0,0,0,8144400,2814006,2.8140
distribute_parallel_for_collapse_1200_3700_2200,1200,2200,0,4400,81413200,24426601,2200,100640000,21120000,24424400,8140000,16284400,8140000,0,0,0,8144400,2724563,2.7246
swap_distribute_parallel_for_collapse_1200_3700_2200,1200,2200,0,4400,81413200,24426601,2200,100640000,21120000,24424400,8140000,16284400,8140000,0,0,0,8144400,3215472,3.2155
distribute_parallel_for_1200_3700_2700,1200,2700,0,5400,99916200,29978101,2700,115440000,25920000,29975400,9990000,19985400,9990000,0,0,0,9995400,3999583,3.9996
distribute_parallel_for_split_1200_3700_2700,1200,2700,0,5400,99916200,29978101,2700,115440000,25920000,29975400,9990000,19985400,9990000,0,0,0,9995400,3803967,3.8040
swap_distribute_parallel_for_1200_3700_2700,1200,2700,0,5400,99916200,29978101,2700,115440000,25920000,29975400,9990000,19985400,9990000,0,0,0,9995400,5548103,5.5481
swap_distribute_parallel_for_split_1200_3700_2700,1200,2700,0,5400,99916200,29978101,2700,115440000,25920000,29975400,9990000,19985400,9990000,0,0,0,9995400,3393155,3.3932
distribute_parallel_for_collapse_1200_3700_2700,1200,2700,0,5400,99916200,29978101,2700,115440000,25920000,29975400,9990000,19985400,9990000,0,0,0,9995400,3288701,3.2887
swap_distribute_parallel_for_collapse_1200_3700_2700,1200,2700,0,5400,99916200,29978101,2700,115440000,25920000,29975400,9990000,19985400,9990000,0,0,0,9995400,4083413,4.0834
distribute_parallel_for_1200_3700_3200,1200,3200,0,6400,118419200,35529601,3200,130240000,30720000,35526400,11840000,23686400,11840000,0,0,0,11846400,5190627,5.1906
distribute_parallel_for_split_1200_3700_3200,1200,3200,0,6400,118419200,35529601,3200,130240000,30720000,35526400,11840000,23686400,11840000,0,0,0,11846400,4816403,4.8164
swap_distribute_parallel_for_1200_3700_3200,1200,3200,0,6400,118419200,35529601,3200,130240000,30720000,35526400,11840000,23686400,11840000,0,0,0,11846400,5309584,5.3096
swap_distribute_parallel_for_split_1200_3700_3200,1200,3200,0,6400,118419200,35529601,3200,130240000,30720000,35526400,11840000,23686400,11840000,0,0,0,11846400,3915467,3.9155
distribute_parallel_for_collapse_1200_3700_3200,1200,3200,0,6400,118419200,35529601,3200,130240000,30720000,35526400,11840000,23686400,11840000,0,0,0,11846400,4094732,4.0947
swap_distribute_parallel_for_collapse_1200_3700_3200,1200,3200,0,6400,118419200,35529601,3200,130240000,30720000,35526400,11840000,23686400,11840000,0,0,0,11846400,4773063,4.7731
distribute_parallel_for_1200_3700_3700,1200,3700,0,7400,136922200,41081101,3700,145040000,35520000,41077400,13690000,27387400,13690000,0,0,0,13697400,5328184,5.3282
distribute_parallel_for_split_1200_3700_3700,1200,3700,0,7400,136922200,41081101,3700,145040000,35520000,41077400,13690000,27387400,13690000,0,0,0,13697400,5581452,5.5815
swap_distribute_parallel_for_1200_3700_3700,1200,3700,0,7400,136922200,41081101,3700,145040000,35520000,41077400,13690000,27387400,13690000,0,0,0,13697400,5630860,5.6309
swap_distribute_parallel_for_split_1200_3700_3700,1200,3700,0,7400,136922200,41081101,3700,145040000,35520000,41077400,13690000,27387400,13690000,0,0,0,13697400,4468074,4.4681
distribute_parallel_for_collapse_1200_3700_3700,1200,3700,0,7400,136922200,41081101,3700,145040000,35520000,41077400,13690000,27387400,13690000,0,0,0,13697400,4533534,4.5335
swap_distribute_parallel_for_collapse_1200_3700_3700,1200,3700,0,7400,136922200,41081101,3700,145040000,35520000,41077400,13690000,27387400,13690000,0,0,0,13697400,5461374,5.4614
distribute_parallel_for_1200_3700_4200,1200,4200,0,8400,155425200,46632601,4200,159840000,40320000,46628400,15540000,31088400,15540000,0,0,0,15548400,6777820,6.7778
distribute_parallel_for_split_1200_3700_4200,1200,4200,0,8400,155425200,46632601,4200,159840000,40320000,46628400,15540000,31088400,15540000,0,0,0,15548400,6455344,6.4553
swap_distribute_parallel_for_1200_3700_4200,1200,4200,0,8400,155425200,46632601,4200,159840000,40320000,46628400,15540000,31088400,15540000,0,0,0,15548400,8425257,8.4253
swap_distribute_parallel_for_split_1200_3700_4200,1200,4200,0,8400,155425200,46632601,4200,159840000,40320000,46628400,15540000,31088400,15540000,0,0,0,15548400,5091749,5.0917
distribute_parallel_for_collapse_1200_3700_4200,1200,4200,0,8400,155425200,46632601,4200,159840000,40320000,46628400,15540000,31088400,15540000,0,0,0,15548400,5325331,5.3253
swap_distribute_parallel_for_collapse_1200_3700_4200,1200,4200,0,8400,155425200,46632601,4200,159840000,40320000,46628400,15540000,31088400,15540000,0,0,0,15548400,6439815,6.4398
distribute_parallel_for_1250_1250_1250,1250,1250,0,2500,15632500,4691251,1250,25000000,12500000,4690000,1562500,3127500,1562500,0,0,0,1565000,675864,0.6759
distribute_parallel_for_split_1250_1250_1250,1250,1250,0,2500,15632500,4691251,1250,25000000,12500000,4690000,1562500,3127500,1562500,0,0,0,1565000,523807,0.5238
swap_distribute_parallel_for_1250_1250_1250,1250,1250,0,2500,15632500,4691251,1250,25000000,12500000,4690000,1562500,3127500,1562500,0,0,0,1565000,685237,0.6852
swap_distribute_parallel_for_split_1250_1250_1250,1250,1250,0,2500,15632500,4691251,1250,25000000,12500000,4690000,1562500,3127500,1562500,0,0,0,1565000,542903,0.5429
distribute_parallel_for_collapse_1250_1250_1250,1250,1250,0,2500,15632500,4691251,1250,25000000,12500000,4690000,1562500,3127500,1562500,0,0,0,1565000,542217,0.5422
swap_distribute_parallel_for_collapse_1250_1250_1250,1250,1250,0,2500,15632500,4691251,1250,25000000,12500000,4690000,1562500,3127500,1562500,0,0,0,1565000,502416,0.5024
distribute_parallel_for_1250_1250_1750,1250,1750,0,3500,21885500,6567751,1750,30000000,17500000,6566000,2187500,4378500,2187500,0,0,0,2191000,926435,0.9264
distribute_parallel_for_split_1250_1250_1750,1250,1750,0,3500,21885500,6567751,1750,30000000,17500000,6566000,2187500,4378500,2187500,0,0,0,2191000,795532,0.7955
swap_distribute_parallel_for_1250_1250_1750,1250,1750,0,3500,21885500,6567751,1750,30000000,17500000,6566000,2187500,4378500,2187500,0,0,0,2191000,773358,0.7734
swap_distribute_parallel_for_split_1250_1250_1750,1250,1750,0,3500,21885500,6567751,1750,30000000,17500000,6566000,2187500,4378500,2187500,0,0,0,2191000,788577,0.7886
distribute_parallel_for_collapse_1250_1250_1750,1250,1750,0,3500,21885500,6567751,1750,30000000,17500000,6566000,2187500,4378500,2187500,0,0,0,2191000,810852,0.8109
swap_distribute_parallel_for_collapse_1250_1250_1750,1250,1750,0,3500,21885500,6567751,1750,30000000,17500000,6566000,2187500,4378500,2187500,0,0,0,2191000,763262,0.7633
distribute_parallel_for_1250_1250_2250,1250,2250,0,4500,28138500,8444251,2250,35000000,22500000,8442000,2812500,5629500,2812500,0,0,0,2817000,1195042,1.1950
distribute_parallel_for_split_1250_1250_2250,1250,2250,0,4500,28138500,8444251,2250,35000000,22500000,8442000,2812500,5629500,2812500,0,0,0,2817000,989646,0.9896
swap_distribute_parallel_for_1250_1250_2250,1250,2250,0,4500,28138500,8444251,2250,35000000,22500000,8442000,2812500,5629500,2812500,0,0,0,2817000,1670990,1.6710
swap_distribute_parallel_for_split_1250_1250_2250,1250,2250,0,4500,28138500,8444251,2250,35000000,22500000,8442000,2812500,5629500,2812500,0,0,0,2817000,1004540,1.0045
distribute_parallel_for_collapse_1250_1250_2250,1250,2250,0,4500,28138500,8444251,2250,35000000,22500000,8442000,2812500,5629500,2812500,0,0,0,2817000,1086828,1.0868
swap_distribute_parallel_for_collapse_1250_1250_2250,1250,2250,0,4500,28138500,8444251,2250,35000000,22500000,8442000,2812500,5629500,2812500,0,0,0,2817000,968100,0.9681
distribute_parallel_for_1250_1250_2750,1250,2750,0,5500,34391500,10320751,2750,40000000,27500000,10318000,3437500,6880500,3437500,0,0,0,3443000,1459571,1.4596
distribute_parallel_for_split_1250_1250_2750,1250,2750,0,5500,34391500,10320751,2750,40000000,27500000,10318000,3437500,6880500,3437500,0,0,0,3443000,1262456,1.2625
swap_distribute_parallel_for_1250_1250_2750,1250,2750,0,5500,34391500,10320751,2750,40000000,27500000,10318000,3437500,6880500,3437500,0,0,0,3443000,1629295,1.6293
swap_distribute_parallel_for_split_1250_1250_2750,1250,2750,0,5500,34391500,10320751,2750,40000000,27500000,10318000,3437500,6880500,3437500,0,0,0,3443000,1200136,1.2001
distribute_parallel_for_collapse_1250_1250_2750,1250,2750,0,5500,34391500,10320751,2750,40000000,27500000,10318000,3437500,6880500,3437500,0,0,0,3443000,1278070,1.2781
swap_distribute_parallel_for_collapse_1250_1250_2750,1250,2750,0,5500,34391500,10320751,2750,40000000,27500000,10318000,3437500,6880500,3437500,0,0,0,3443000,1178933,1.1789
distribute_parallel_for_1250_1250_3250,1250,3250,0,6500,40644500,12197251,3250,45000000,32500000,12194000,4062500,8131500,4062500,0,0,0,4069000,1707011,1.7070
distribute_parallel_for_split_1250_1250_3250,1250,3250,0,6500,40644500,12197251,3250,45000000,32500000,12194000,4062500,8131500,4062500,0,0,0,4069000,1450796,1.4508
swap_distribute_parallel_for_1250_1250_3250,1250,3250,0,6500,40644500,12197251,3250,45000000,32500000,12194000,4062500,8131500,4062500,0,0,0,4069000,1596193,1.5962
swap_distribute_parallel_for_split_1250_1250_3250,1250,3250,0,6500,40644500,12197251,3250,45000000,32500000,12194000,4062500,8131500,4062500,0,0,0,4069000,1421254,1.4213
distribute_parallel_for_collapse_1250_1250_3250,1250,3250,0,6500,40644500,12197251,3250,45000000,32500000,12194000,4062500,8131500,4062500,0,0,0,4069000,1616914,1.6169
swap_distribute_parallel_for_collapse_1250_1250_3250,1250,3250,0,6500,40644500,12197251,3250,45000000,32500000,12194000,4062500,8131500,4062500,0,0,0,4069000,1550686,1.5507
distribute_parallel_for_1250_1250_3750,1250,3750,0,7500,46897500,14073751,3750,50000000,37500000,14070000,4687500,9382500,4687500,0,0,0,4695000,1942292,1.9423
distribute_parallel_for_split_1250_1250_3750,1250,3750,0,7500,46897500,14073751,3750,50000000,37500000,14070000,4687500,9382500,4687500,0,0,0,4695000,1845651,1.8457
swap_distribute_parallel_for_1250_1250_3750,1250,3750,0,7500,46897500,14073751,3750,50000000,37500000,14070000,4687500,9382500,4687500,0,0,0,4695000,1663865,1.6639
swap_distribute_parallel_for_split_1250_1250_3750,1250,3750,0,7500,46897500,14073751,3750,50000000,37500000,14070000,4687500,9382500,4687500,0,0,0,4695000,1615053,1.6151
distribute_parallel_for_collapse_1250_1250_3750,1250,3750,0,7500,46897500,14073751,3750,50000000,37500000,14070000,4687500,9382500,4687500,0,0,0,4695000,1785716,1.7857
swap_distribute_parallel_for_collapse_1250_1250_3750,1250,3750,0,7500,46897500,14073751,3750,50000000,37500000,14070000,4687500,9382500,4687500,0,0,0,4695000,1701143,1.7011
distribute_parallel_for_1250_1250_4250,1250,4250,0,8500,53150500,15950251,4250,55000000,42500000,15946000,5312500,10633500,5312500,0,0,0,5321000,2156029,2.1560
distribute_parallel_for_split_1250_1250_4250,1250,4250,0,8500,53150500,15950251,4250,55000000,42500000,15946000,5312500,10633500,5312500,0,0,0,5321000,2035230,2.0352
swap_distribute_parallel_for_1250_1250_4250,1250,4250,0,8500,53150500,15950251,4250,55000000,42500000,15946000,5312500,10633500,5312500,0,0,0,5321000,2820369,2.8204
swap_distribute_parallel_for_split_1250_1250_4250,1250,4250,0,8500,53150500,15950251,4250,55000000,42500000,15946000,5312500,10633500,5312500,0,0,0,5321000,1779665,1.7797
distribute_parallel_for_collapse_1250_1250_4250,1250,4250,0,8500,53150500,15950251,4250,55000000,42500000,15946000,5312500,10633500,5312500,0,0,0,5321000,2047443,2.0474
swap_distribute_parallel_for_collapse_1250_1250_4250,1250,4250,0,8500,53150500,15950251,4250,55000000,42500000,15946000,5312500,10633500,5312500,0,0,0,5321000,2195541,2.1955
distribute_parallel_for_1250_1750_1250,1250,1250,0,2500,21882500,6566251,1250,35000000,12500000,6565000,2187500,4377500,2187500,0,0,0,2190000,860727,0.8607
distribute_parallel_for_split_1250_1750_1250,1250,1250,0,2500,21882500,6566251,1250,35000000,12500000,6565000,2187500,4377500,2187500,0,0,0,2190000,849117,0.8491
swap_distribute_parallel_for_1250_1750_1250,1250,1250,0,2500,21882500,6566251,1250,35000000,12500000,6565000,2187500,4377500,2187500,0,0,0,2190000,954259,0.9543
swap_distribute_parallel_for_split_1250_1750_1250,1250,1250,0,2500,21882500,6566251,1250,35000000,12500000,6565000,2187500,4377500,2187500,0,0,0,2190000,792036,0.7920
distribute_parallel_for_collapse_1250_1750_1250,1250,1250,0,2500,21882500,6566251,1250,35000000,12500000,6565000,2187500,4377500,2187500,0,0,0,2190000,836399,0.8364
swap_distribute_parallel_for_collapse_1250_1750_1250,1250,1250,0,2500,21882500,6566251,1250,35000000,12500000,6565000,2187500,4377500,2187500,0,0,0,2190000,712727,0.7127
distribute_parallel_for_1250_1750_1750,1250,1750,0,3500,30635500,9192751,1750,42000000,17500000,9191000,3062500,6128500,3062500,0,0,0,3066000,1195476,1.1955
distribute_parallel_for_split_1250_1750_1750,1250,1750,0,3500,30635500,9192751,1750,42000000,17500000,9191000,3062500,6128500,3062500,0,0,0,3066000,1152573,1.1526
swap_distribute_parallel_for_1250_1750_1750,1250,1750,0,3500,30635500,9192751,1750,42000000,17500000,9191000,3062500,6128500,3062500,0,0,0,3066000,1043205,1.0432
swap_distribute_parallel_for_split_1250_1750_1750,1250,1750,0,3500,30635500,9192751,1750,42000000,17500000,9191000,3062500,6128500,3062500,0,0,0,3066000,1145835,1.1458
distribute_parallel_for_collapse_1250_1750_1750,1250,1750,0,3500,30635500,9192751,1750,42000000,17500000,9191000,3062500,6128500,3062500,0,0,0,3066000,1146090,1.1461
swap_distribute_parallel_for_collapse_1250_1750_1750,1250,1750,0,3500,30635500,9192751,1750,42000000,17500000,9191000,3062500,6128500,3062500,0,0,0,3066000,1046211,1.0462
distribute_parallel_for_1250_1750_2250,1250,2250,0,4500,39388500,11819251,2250,49000000,22500000,11817000,3937500,7879500,3937500,0,0,0,3942000,1500433,1.5004
distribute_parallel_for_split_1250_1750_2250,1250,2250,0,4500,39388500,11819251,2250,49000000,22500000,11817000,3937500,7879500,3937500,0,0,0,3942000,1477477,1.4775
swap_distribute_parallel_for_1250_1750_2250,1250,2250,0,4500,39388500,11819251,2250,49000000,22500000,11817000,3937500,7879500,3937500,0,0,0,3942000,2410476,2.4105
swap_distribute_parallel_for_split_1250_1750_2250,1250,2250,0,4500,39388500,11819251,2250,49000000,22500000,11817000,3937500,7879500,3937500,0,0,0,3942000,1388072,1.3881
distribute_parallel_for_collapse_1250_1750_2250,1250,2250,0,4500,39388500,11819251,2250,49000000,22500000,11817000,3937500,7879500,3937500,0,0,0,3942000,1523482,1.5235
swap_distribute_parallel_for_collapse_1250_1750_2250,1250,2250,0,4500,39388500,11819251,2250,49000000,22500000,11817000,3937500,7879500,3937500,0,0,0,3942000,1335697,1.3357
distribute_parallel_for_1250_1750_2750,1250,2750,0,5500,48141500,14445751,2750,56000000,27500000,14443000,4812500,9630500,4812500,0,0,0,4818000,1858868,1.8589
distribute_parallel_for_split_1250_1750_2750,1250,2750,0,5500,48141500,14445751,2750,56000000,27500000,14443000,4812500,9630500,4812500,0,0,0,4818000,1927999,1.9280
swap_distribute_parallel_for_1250_1750_2750,1250,2750,0,5500,48141500,14445751,2750,56000000,27500000,14443000,4812500,9630500,4812500,0,0,0,4818000,2206553,2.2066
swap_distribute_parallel_for_split_1250_1750_2750,1250,2750,0,5500,48141500,14445751,2750,56000000,27500000,14443000,4812500,9630500,4812500,0,0,0,4818000,1724890,1.7249
distribute_parallel_for_collapse_1250_1750_2750,1250,2750,0,5500,48141500,14445751,2750,56000000,27500000,14443000,4812500,9630500,4812500,0,0,0,4818000,1907755,1.9078
swap_distribute_parallel_for_collapse_1250_1750_2750,1250,2750,0,5500,48141500,14445751,2750,56000000,27500000,14443000,4812500,9630500,4812500,0,0,0,4818000,1660965,1.6610
distribute_parallel_for_1250_1750_3250,1250,3250,0,6500,56894500,17072251,3250,63000000,32500000,17069000,5687500,11381500,5687500,0,0,0,5694000,2410653,2.4107
distribute_parallel_for_split_1250_1750_3250,1250,3250,0,6500,56894500,17072251,3250,63000000,32500000,17069000,5687500,11381500,5687500,0,0,0,5694000,2193842,2.1938
swap_distribute_parallel_for_1250_1750_3250,1250,3250,0,6500,56894500,17072251,3250,63000000,32500000,17069000,5687500,11381500,5687500,0,0,0,5694000,2215229,2.2152
swap_distribute_parallel_for_split_1250_1750_3250,1250,3250,0,6500,56894500,17072251,3250,63000000,32500000,17069000,5687500,11381500,5687500,0,0,0,5694000,1970123,1.9701
distribute_parallel_for_collapse_1250_1750_3250,1250,3250,0,6500,56894500,17072251,3250,63000000,32500000,17069000,5687500,11381500,5687500,0,0,0,5694000,2221148,2.2211
swap_distribute_parallel_for_collapse_1250_1750_3250,1250,3250,0,6500,56894500,17072251,3250,63000000,32500000,17069000,5687500,11381500,5687500,0,0,0,5694000,2009597,2.0096
distribute_parallel_for_1250_1750_3750,1250,3750,0,7500,65647500,19698751,3750,70000000,37500000,19695000,6562500,13132500,6562500,0,0,0,6570000,2497765,2.4978
distribute_parallel_for_split_1250_1750_3750,1250,3750,0,7500,65647500,19698751,3750,70000000,37500000,19695000,6562500,13132500,6562500,0,0,0,6570000,2580232,2.5802
swap_distribute_parallel_for_1250_1750_3750,1250,3750,0,7500,65647500,19698751,3750,70000000,37500000,19695000,6562500,13132500,6562500,0,0,0,6570000,2318664,2.3187
swap_distribute_parallel_for_split_1250_1750_3750,1250,3750,0,7500,65647500,19698751,3750,70000000,37500000,19695000,6562500,13132500,6562500,0,0,0,6570000,2259954,2.2600
distribute_parallel_for_collapse_1250_1750_3750,1250,3750,0,7500,65647500,19698751,3750,70000000,37500000,19695000,6562500,13132500,6562500,0,0,0,6570000,2611972,2.6120
swap_distribute_parallel_for_collapse_1250_1750_3750,1250,3750,0,7500,65647500,19698751,3750,70000000,37500000,19695000,6562500,13132500,6562500,0,0,0,6570000,2450578,2.4506
distribute_parallel_for_1250_1750_4250,1250,4250,0,8500,74400500,22325251,4250,77000000,42500000,22321000,7437500,14883500,7437500,0,0,0,7446000,3158579,3.1586
distribute_parallel_for_split_1250_1750_4250,1250,4250,0,8500,74400500,22325251,4250,77000000,42500000,22321000,7437500,14883500,7437500,0,0,0,7446000,2972602,2.9726
swap_distribute_parallel_for_1250_1750_4250,1250,4250,0,8500,74400500,22325251,4250,77000000,42500000,22321000,7437500,14883500,7437500,0,0,0,7446000,4129464,4.1295
swap_distribute_parallel_for_split_1250_1750_4250,1250,4250,0,8500,74400500,22325251,4250,77000000,42500000,22321000,7437500,14883500,7437500,0,0,0,7446000,2533383,2.5334
distribute_parallel_for_collapse_1250_1750_4250,1250,4250,0,8500,74400500,22325251,4250,77000000,42500000,22321000,7437500,14883500,7437500,0,0,0,7446000,2920119,2.9201
swap_distribute_parallel_for_collapse_1250_1750_4250,1250,4250,0,8500,74400500,22325251,4250,77000000,42500000,22321000,7437500,14883500,7437500,0,0,0,7446000,3081499,3.0815
distribute_parallel_for_1250_2250_1250,1250,1250,0,2500,28132500,8441251,1250,45000000,12500000,8440000,2812500,5627500,2812500,0,0,0,2815000,1246531,1.2465
distribute_parallel_for_split_1250_2250_1250,1250,1250,0,2500,28132500,8441251,1250,45000000,12500000,8440000,2812500,5627500,2812500,0,0,0,2815000,1117585,1.1176
swap_distribute_parallel_for_1250_2250_1250,1250,1250,0,2500,28132500,8441251,1250,45000000,12500000,8440000,2812500,5627500,2812500,0,0,0,2815000,1318881,1.3189
swap_distribute_parallel_for_split_1250_2250_1250,1250,1250,0,2500,28132500,8441251,1250,45000000,12500000,8440000,2812500,5627500,2812500,0,0,0,2815000,993282,0.9933
distribute_parallel_for_collapse_1250_2250_1250,1250,1250,0,2500,28132500,8441251,1250,45000000,12500000,8440000,2812500,5627500,2812500,0,0,0,2815000,1040466,1.0405
swap_distribute_parallel_for_collapse_1250_2250_1250,1250,1250,0,2500,28132500,8441251,1250,45000000,12500000,8440000,2812500,5627500,2812500,0,0,0,2815000,904478,0.9045
distribute_parallel_for_1250_2250_1750,1250,1750,0,3500,39385500,11817751,1750,54000000,17500000,11816000,3937500,7878500,3937500,0,0,0,3941000,1573284,1.5733
distribute_parallel_for_split_1250_2250_1750,1250,1750,0,3500,39385500,11817751,1750,54000000,17500000,11816000,3937500,7878500,3937500,0,0,0,3941000,1462331,1.4623
swap_distribute_parallel_for_1250_2250_1750,1250,1750,0,3500,39385500,11817751,1750,54000000,17500000,11816000,3937500,7878500,3937500,0,0,0,3941000,1322863,1.3229
swap_distribute_parallel_for_split_1250_2250_1750,1250,1750,0,3500,39385500,11817751,1750,54000000,17500000,11816000,3937500,7878500,3937500,0,0,0,3941000,1416825,1.4168
distribute_parallel_for_collapse_1250_2250_1750,1250,1750,0,3500,39385500,11817751,1750,54000000,17500000,11816000,3937500,7878500,3937500,0,0,0,3941000,1497216,1.4972
swap_distribute_parallel_for_collapse_1250_2250_1750,1250,1750,0,3500,39385500,11817751,1750,54000000,17500000,11816000,3937500,7878500,3937500,0,0,0,3941000,1300195,1.3002
distribute_parallel_for_1250_2250_2250,1250,2250,0,4500,50638500,15194251,2250,63000000,22500000,15192000,5062500,10129500,5062500,0,0,0,5067000,1929659,1.9297
distribute_parallel_for_split_1250_2250_2250,1250,2250,0,4500,50638500,15194251,2250,63000000,22500000,15192000,5062500,10129500,5062500,0,0,0,5067000,1978999,1.9790
swap_distribute_parallel_for_1250_2250_2250,1250,2250,0,4500,50638500,15194251,2250,63000000,22500000,15192000,5062500,10129500,5062500,0,0,0,5067000,3176370,3.1764
swap_distribute_parallel_for_split_1250_2250_2250,1250,2250,0,4500,50638500,15194251,2250,63000000,22500000,15192000,5062500,10129500,5062500,0,0,0,5067000,1838965,1.8390
distribute_parallel_for_collapse_1250_2250_2250,1250,2250,0,4500,50638500,15194251,2250,63000000,22500000,15192000,5062500,10129500,5062500,0,0,0,5067000,1938160,1.9382
swap_distribute_parallel_for_collapse_1250_2250_2250,1250,2250,0,4500,50638500,15194251,2250,63000000,22500000,15192000,5062500,10129500,5062500,0,0,0,5067000,1706998,1.7070
distribute_parallel_for_1250_2250_2750,1250,2750,0,5500,61891500,18570751,2750,72000000,27500000,18568000,6187500,12380500,6187500,0,0,0,6193000,2385853,2.3859
distribute_parallel_for_split_1250_2250_2750,1250,2750,0,5500,61891500,18570751,2750,72000000,27500000,18568000,6187500,12380500,6187500,0,0,0,6193000,2485542,2.4855
swap_distribute_parallel_for_1250_2250_2750,1250,2750,0,5500,61891500,18570751,2750,72000000,27500000,18568000,6187500,12380500,6187500,0,0,0,6193000,2857205,2.8572
swap_distribute_parallel_for_split_1250_2250_2750,1250,2750,0,5500,61891500,18570751,2750,72000000,27500000,18568000,6187500,12380500,6187500,0,0,0,6193000,2150497,2.1505
distribute_parallel_for_collapse_1250_2250_2750,1250,2750,0,5500,61891500,18570751,2750,72000000,27500000,18568000,6187500,12380500,6187500,0,0,0,6193000,2463426,2.4634
swap_distribute_parallel_for_collapse_1250_2250_2750,1250,2750,0,5500,61891500,18570751,2750,72000000,27500000,18568000,6187500,12380500,6187500,0,0,0,6193000,2133328,2.1333
distribute_parallel_for_1250_2250_3250,1250,3250,0,6500,73144500,21947251,3250,81000000,32500000,21944000,7312500,14631500,7312500,0,0,0,7319000,2813152,2.8132
distribute_parallel_for_split_1250_2250_3250,1250,3250,0,6500,73144500,21947251,3250,81000000,32500000,21944000,7312500,14631500,7312500,0,0,0,7319000,2770446,2.7704
swap_distribute_parallel_for_1250_2250_3250,1250,3250,0,6500,73144500,21947251,3250,81000000,32500000,21944000,7312500,14631500,7312500,0,0,0,7319000,2845539,2.8455
swap_distribute_parallel_for_split_1250_2250_3250,1250,3250,0,6500,73144500,21947251,3250,81000000,32500000,21944000,7312500,14631500,7312500,0,0,0,7319000,2568930,2.5689
distribute_parallel_for_collapse_1250_2250_3250,1250,3250,0,6500,73144500,21947251,3250,81000000,32500000,21944000,7312500,14631500,7312500,0,0,0,7319000,2903919,2.9039
swap_distribute_parallel_for_collapse_1250_2250_3250,1250,3250,0,6500,73144500,21947251,3250,81000000,32500000,21944000,7312500,14631500,7312500,0,0,0,7319000,2656205,2.6562
distribute_parallel_for_1250_2250_3750,1250,3750,0,7500,84397500,25323751,3750,90000000,37500000,25320000,8437500,16882500,8437500,0,0,0,8445000,3216510,3.2165
distribute_parallel_for_split_1250_2250_3750,1250,3750,0,7500,84397500,25323751,3750,90000000,37500000,25320000,8437500,16882500,8437500,0,0,0,8445000,3523088,3.5231
swap_distribute_parallel_for_1250_2250_3750,1250,3750,0,7500,84397500,25323751,3750,90000000,37500000,25320000,8437500,16882500,8437500,0,0,0,8445000,2967563,2.9676
swap_distribute_parallel_for_split_1250_2250_3750,1250,3750,0,7500,84397500,25323751,3750,90000000,37500000,25320000,8437500,16882500,8437500,0,0,0,8445000,2867863,2.8679
distribute_parallel_for_collapse_1250_2250_3750,1250,3750,0,7500,84397500,25323751,3750,90000000,37500000,25320000,8437500,16882500,8437500,0,0,0,8445000,3340958,3.3410
swap_distribute_parallel_for_collapse_1250_2250_3750,1250,3750,0,7500,84397500,25323751,3750,90000000,37500000,25320000,8437500,16882500,8437500,0,0,0,8445000,3153246,3.1532
distribute_parallel_for_1250_2250_4250,1250,4250,0,8500,95650500,28700251,4250,99000000,42500000,28696000,9562500,19133500,9562500,0,0,0,9571000,3760693,3.7607
distribute_parallel_for_split_1250_2250_4250,1250,4250,0,8500,95650500,28700251,4250,99000000,42500000,28696000,9562500,19133500,9562500,0,0,0,9571000,3746581,3.7466
swap_distribute_parallel_for_1250_2250_4250,1250,4250,0,8500,95650500,28700251,4250,99000000,42500000,28696000,9562500,19133500,9562500,0,0,0,9571000,5182996,5.1830
swap_distribute_parallel_for_split_1250_2250_4250,1250,4250,0,8500,95650500,28700251,4250,99000000,42500000,28696000,9562500,19133500,9562500,0,0,0,9571000,3214128,3.2141
distribute_parallel_for_collapse_1250_2250_4250,1250,4250,0,8500,95650500,28700251,4250,99000000,42500000,28696000,9562500,19133500,9562500,0,0,0,9571000,3740417,3.7404
swap_distribute_parallel_for_collapse_1250_2250_4250,1250,4250,0,8500,95650500,28700251,4250,99000000,42500000,28696000,9562500,19133500,9562500,0,0,0,9571000,3862310,3.8623
distribute_parallel_for_1250_2750_1250,1250,1250,0,2500,34382500,10316251,1250,55000000,12500000,10315000,3437500,6877500,3437500,0,0,0,3440000,1501198,1.5012
distribute_parallel_for_split_1250_2750_1250,1250,1250,0,2500,34382500,10316251,1250,55000000,12500000,10315000,3437500,6877500,3437500,0,0,0,3440000,1336056,1.3361
swap_distribute_parallel_for_1250_2750_1250,1250,1250,0,2500,34382500,10316251,1250,55000000,12500000,10315000,3437500,6877500,3437500,0,0,0,3440000,1569530,1.5695
swap_distribute_parallel_for_split_1250_2750_1250,1250,1250,0,2500,34382500,10316251,1250,55000000,12500000,10315000,3437500,6877500,3437500,0,0,0,3440000,1223585,1.2236
distribute_parallel_for_collapse_1250_2750_1250,1250,1250,0,2500,34382500,10316251,1250,55000000,12500000,10315000,3437500,6877500,3437500,0,0,0,3440000,1329005,1.3290
swap_distribute_parallel_for_collapse_1250_2750_1250,1250,1250,0,2500,34382500,10316251,1250,55000000,12500000,10315000,3437500,6877500,3437500,0,0,0,3440000,1130708,1.1307
distribute_parallel_for_1250_2750_1750,1250,1750,0,3500,48135500,14442751,1750,66000000,17500000,14441000,4812500,9628500,4812500,0,0,0,4816000,1874996,1.8750
distribute_parallel_for_split_1250_2750_1750,1250,1750,0,3500,48135500,14442751,1750,66000000,17500000,14441000,4812500,9628500,4812500,0,0,0,4816000,1906203,1.9062
swap_distribute_parallel_for_1250_2750_1750,1250,1750,0,3500,48135500,14442751,1750,66000000,17500000,14441000,4812500,9628500,4812500,0,0,0,4816000,1598935,1.5989
swap_distribute_parallel_for_split_1250_2750_1750,1250,1750,0,3500,48135500,14442751,1750,66000000,17500000,14441000,4812500,9628500,4812500,0,0,0,4816000,1774971,1.7750
distribute_parallel_for_collapse_1250_2750_1750,1250,1750,0,3500,48135500,14442751,1750,66000000,17500000,14441000,4812500,9628500,4812500,0,0,0,4816000,1951323,1.9513
swap_distribute_parallel_for_collapse_1250_2750_1750,1250,1750,0,3500,48135500,14442751,1750,66000000,17500000,14441000,4812500,9628500,4812500,0,0,0,4816000,1714791,1.7148
distribute_parallel_for_1250_2750_2250,1250,2250,0,4500,61888500,18569251,2250,77000000,22500000,18567000,6187500,12379500,6187500,0,0,0,6192000,2651002,2.6510
distribute_parallel_for_split_1250_2750_2250,1250,2250,0,4500,61888500,18569251,2250,77000000,22500000,18567000,6187500,12379500,6187500,0,0,0,6192000,2553930,2.5539
swap_distribute_parallel_for_1250_2750_2250,1250,2250,0,4500,61888500,18569251,2250,77000000,22500000,18567000,6187500,12379500,6187500,0,0,0,6192000,3943330,3.9433
swap_distribute_parallel_for_split_1250_2750_2250,1250,2250,0,4500,61888500,18569251,2250,77000000,22500000,18567000,6187500,12379500,6187500,0,0,0,6192000,2218494,2.2185
distribute_parallel_for_collapse_1250_2750_2250,1250,2250,0,4500,61888500,18569251,2250,77000000,22500000,18567000,6187500,12379500,6187500,0,0,0,6192000,2409862,2.4099
swap_distribute_parallel_for_collapse_1250_2750_2250,1250,2250,0,4500,61888500,18569251,2250,77000000,22500000,18567000,6187500,12379500,6187500,0,0,0,6192000,2069674,2.0697
distribute_parallel_for_1250_2750_2750,1250,2750,0,5500,75641500,22695751,2750,88000000,27500000,22693000,7562500,15130500,7562500,0,0,0,7568000,2883168,2.8832
distribute_parallel_for_split_1250_2750_2750,1250,2750,0,5500,75641500,22695751,2750,88000000,27500000,22693000,7562500,15130500,7562500,0,0,0,7568000,3091106,3.0911
swap_distribute_parallel_for_1250_2750_2750,1250,2750,0,5500,75641500,22695751,2750,88000000,27500000,22693000,7562500,15130500,7562500,0,0,0,7568000,3522755,3.5228
swap_distribute_parallel_for_split_1250_2750_2750,1250,2750,0,5500,75641500,22695751,2750,88000000,27500000,22693000,7562500,15130500,7562500,0,0,0,7568000,2634496,2.6345
distribute_parallel_for_collapse_1250_2750_2750,1250,2750,0,5500,75641500,22695751,2750,88000000,27500000,22693000,7562500,15130500,7562500,0,0,0,7568000,3014804,3.0148
swap_distribute_parallel_for_collapse_1250_2750_2750,1250,2750,0,5500,75641500,22695751,2750,88000000,27500000,22693000,7562500,15130500,7562500,0,0,0,7568000,2622895,2.6229
distribute_parallel_for_1250_2750_3250,1250,3250,0,6500,89394500,26822251,3250,99000000,32500000,26819000,8937500,17881500,8937500,0,0,0,8944000,3796366,3.7964
distribute_parallel_for_split_1250_2750_3250,1250,3250,0,6500,89394500,26822251,3250,99000000,32500000,26819000,8937500,17881500,8937500,0,0,0,8944000,3431658,3.4317
swap_distribute_parallel_for_1250_2750_3250,1250,3250,0,6500,89394500,26822251,3250,99000000,32500000,26819000,8937500,17881500,8937500,0,0,0,8944000,3491503,3.4915
swap_distribute_parallel_for_split_1250_2750_3250,1250,3250,0,6500,89394500,26822251,3250,99000000,32500000,26819000,8937500,17881500,8937500,0,0,0,8944000,3072702,3.0727
distribute_parallel_for_collapse_1250_2750_3250,1250,3250,0,6500,89394500,26822251,3250,99000000,32500000,26819000,8937500,17881500,8937500,0,0,0,8944000,3552349,3.5523
swap_distribute_parallel_for_collapse_1250_2750_3250,1250,3250,0,6500,89394500,26822251,3250,99000000,32500000,26819000,8937500,17881500,8937500,0,0,0,8944000,3250754,3.2508
distribute_parallel_for_1250_2750_3750,1250,3750,0,7500,103147500,30948751,3750,110000000,37500000,30945000,10312500,20632500,10312500,0,0,0,10320000,4382702,4.3827
distribute_parallel_for_split_1250_2750_3750,1250,3750,0,7500,103147500,30948751,3750,110000000,37500000,30945000,10312500,20632500,10312500,0,0,0,10320000,4137328,4.1373
swap_distribute_parallel_for_1250_2750_3750,1250,3750,0,7500,103147500,30948751,3750,110000000,37500000,30945000,10312500,20632500,10312500,0,0,0,10320000,3589145,3.5891
swap_distribute_parallel_for_split_1250_2750_3750,1250,3750,0,7500,103147500,30948751,3750,110000000,37500000,30945000,10312500,20632500,10312500,0,0,0,10320000,3546304,3.5463
distribute_parallel_for_collapse_1250_2750_3750,1250,3750,0,7500,103147500,30948751,3750,110000000,37500000,30945000,10312500,20632500,10312500,0,0,0,10320000,4077636,4.0776
swap_distribute_parallel_for_collapse_1250_2750_3750,1250,3750,0,7500,103147500,30948751,3750,110000000,37500000,30945000,10312500,20632500,10312500,0,0,0,10320000,3962361,3.9624
distribute_parallel_for_1250_2750_4250,1250,4250,0,8500,116900500,35075251,4250,121000000,42500000,35071000,11687500,23383500,11687500,0,0,0,11696000,4945276,4.9453
distribute_parallel_for_split_1250_2750_4250,1250,4250,0,8500,116900500,35075251,4250,121000000,42500000,35071000,11687500,23383500,11687500,0,0,0,11696000,4727002,4.7270
swap_distribute_parallel_for_1250_2750_4250,1250,4250,0,8500,116900500,35075251,4250,121000000,42500000,35071000,11687500,23383500,11687500,0,0,0,11696000,6352588,6.3526
swap_distribute_parallel_for_split_1250_2750_4250,1250,4250,0,8500,116900500,35075251,4250,121000000,42500000,35071000,11687500,23383500,11687500,0,0,0,11696000,3996411,3.9964
distribute_parallel_for_collapse_1250_2750_4250,1250,4250,0,8500,116900500,35075251,4250,121000000,42500000,35071000,11687500,23383500,11687500,0,0,0,11696000,4675785,4.6758
swap_distribute_parallel_for_collapse_1250_2750_4250,1250,4250,0,8500,116900500,35075251,4250,121000000,42500000,35071000,11687500,23383500,11687500,0,0,0,11696000,4941373,4.9414
distribute_parallel_for_1250_3250_1250,1250,1250,0,2500,40632500,12191251,1250,65000000,12500000,12190000,4062500,8127500,4062500,0,0,0,4065000,1580826,1.5808
distribute_parallel_for_split_1250_3250_1250,1250,1250,0,2500,40632500,12191251,1250,65000000,12500000,12190000,4062500,8127500,4062500,0,0,0,4065000,1531024,1.5310
swap_distribute_parallel_for_1250_3250_1250,1250,1250,0,2500,40632500,12191251,1250,65000000,12500000,12190000,4062500,8127500,4062500,0,0,0,4065000,1858248,1.8582
swap_distribute_parallel_for_split_1250_3250_1250,1250,1250,0,2500,40632500,12191251,1250,65000000,12500000,12190000,4062500,8127500,4062500,0,0,0,4065000,1455270,1.4553
distribute_parallel_for_collapse_1250_3250_1250,1250,1250,0,2500,40632500,12191251,1250,65000000,12500000,12190000,4062500,8127500,4062500,0,0,0,4065000,1561876,1.5619
swap_distribute_parallel_for_collapse_1250_3250_1250,1250,1250,0,2500,40632500,12191251,1250,65000000,12500000,12190000,4062500,8127500,4062500,0,0,0,4065000,1312508,1.3125
distribute_parallel_for_1250_3250_1750,1250,1750,0,3500,56885500,17067751,1750,78000000,17500000,17066000,5687500,11378500,5687500,0,0,0,5691000,2475832,2.4758
distribute_parallel_for_split_1250_3250_1750,1250,1750,0,3500,56885500,17067751,1750,78000000,17500000,17066000,5687500,11378500,5687500,0,0,0,5691000,2154342,2.1543
swap_distribute_parallel_for_1250_3250_1750,1250,1750,0,3500,56885500,17067751,1750,78000000,17500000,17066000,5687500,11378500,5687500,0,0,0,5691000,1949778,1.9498
swap_distribute_parallel_for_split_1250_3250_1750,1250,1750,0,3500,56885500,17067751,1750,78000000,17500000,17066000,5687500,11378500,5687500,0,0,0,5691000,2079146,2.0791
distribute_parallel_for_collapse_1250_3250_1750,1250,1750,0,3500,56885500,17067751,1750,78000000,17500000,17066000,5687500,11378500,5687500,0,0,0,5691000,2270954,2.2710
swap_distribute_parallel_for_collapse_1250_3250_1750,1250,1750,0,3500,56885500,17067751,1750,78000000,17500000,17066000,5687500,11378500,5687500,0,0,0,5691000,1933349,1.9333
distribute_parallel_for_1250_3250_2250,1250,2250,0,4500,73138500,21944251,2250,91000000,22500000,21942000,7312500,14629500,7312500,0,0,0,7317000,3129608,3.1296
distribute_parallel_for_split_1250_3250_2250,1250,2250,0,4500,73138500,21944251,2250,91000000,22500000,21942000,7312500,14629500,7312500,0,0,0,7317000,2939064,2.9391
swap_distribute_parallel_for_1250_3250_2250,1250,2250,0,4500,73138500,21944251,2250,91000000,22500000,21942000,7312500,14629500,7312500,0,0,0,7317000,4455080,4.4551
swap_distribute_parallel_for_split_1250_3250_2250,1250,2250,0,4500,73138500,21944251,2250,91000000,22500000,21942000,7312500,14629500,7312500,0,0,0,7317000,2582872,2.5829
distribute_parallel_for_collapse_1250_3250_2250,1250,2250,0,4500,73138500,21944251,2250,91000000,22500000,21942000,7312500,14629500,7312500,0,0,0,7317000,2912183,2.9122
swap_distribute_parallel_for_collapse_1250_3250_2250,1250,2250,0,4500,73138500,21944251,2250,91000000,22500000,21942000,7312500,14629500,7312500,0,0,0,7317000,2497179,2.4972
distribute_parallel_for_1250_3250_2750,1250,2750,0,5500,89391500,26820751,2750,104000000,27500000,26818000,8937500,17880500,8937500,0,0,0,8943000,3727391,3.7274
distribute_parallel_for_split_1250_3250_2750,1250,2750,0,5500,89391500,26820751,2750,104000000,27500000,26818000,8937500,17880500,8937500,0,0,0,8943000,3676168,3.6762
swap_distribute_parallel_for_1250_3250_2750,1250,2750,0,5500,89391500,26820751,2750,104000000,27500000,26818000,8937500,17880500,8937500,0,0,0,8943000,4107889,4.1079
swap_distribute_parallel_for_split_1250_3250_2750,1250,2750,0,5500,89391500,26820751,2750,104000000,27500000,26818000,8937500,17880500,8937500,0,0,0,8943000,3061628,3.0616
distribute_parallel_for_collapse_1250_3250_2750,1250,2750,0,5500,89391500,26820751,2750,104000000,27500000,26818000,8937500,17880500,8937500,0,0,0,8943000,3526025,3.5260
swap_distribute_parallel_for_collapse_1250_3250_2750,1250,2750,0,5500,89391500,26820751,2750,104000000,27500000,26818000,8937500,17880500,8937500,0,0,0,8943000,3184442,3.1844
distribute_parallel_for_1250_3250_3250,1250,3250,0,6500,105644500,31697251,3250,117000000,32500000,31694000,10562500,21131500,10562500,0,0,0,10569000,4085466,4.0855
distribute_parallel_for_split_1250_3250_3250,1250,3250,0,6500,105644500,31697251,3250,117000000,32500000,31694000,10562500,21131500,10562500,0,0,0,10569000,4145718,4.1457
swap_distribute_parallel_for_1250_3250_3250,1250,3250,0,6500,105644500,31697251,3250,117000000,32500000,31694000,10562500,21131500,10562500,0,0,0,10569000,4132345,4.1323
swap_distribute_parallel_for_split_1250_3250_3250,1250,3250,0,6500,105644500,31697251,3250,117000000,32500000,31694000,10562500,21131500,10562500,0,0,0,10569000,3761174,3.7612
distribute_parallel_for_collapse_1250_3250_3250,1250,3250,0,6500,105644500,31697251,3250,117000000,32500000,31694000,10562500,21131500,10562500,0,0,0,10569000,4258762,4.2588
swap_distribute_parallel_for_collapse_1250_3250_3250,1250,3250,0,6500,105644500,31697251,3250,117000000,32500000,31694000,10562500,21131500,10562500,0,0,0,10569000,3895424,3.8954
distribute_parallel_for_1250_3250_3750,1250,3750,0,7500,121897500,36573751,3750,130000000,37500000,36570000,12187500,24382500,12187500,0,0,0,12195000,4589458,4.5895
distribute_parallel_for_split_1250_3250_3750,1250,3750,0,7500,121897500,36573751,3750,130000000,37500000,36570000,12187500,24382500,12187500,0,0,0,12195000,4779286,4.7793
swap_distribute_parallel_for_1250_3250_3750,1250,3750,0,7500,121897500,36573751,3750,130000000,37500000,36570000,12187500,24382500,12187500,0,0,0,12195000,4243174,4.2432
swap_distribute_parallel_for_split_1250_3250_3750,1250,3750,0,7500,121897500,36573751,3750,130000000,37500000,36570000,12187500,24382500,12187500,0,0,0,12195000,4168654,4.1687
distribute_parallel_for_collapse_1250_3250_3750,1250,3750,0,7500,121897500,36573751,3750,130000000,37500000,36570000,12187500,24382500,12187500,0,0,0,12195000,4920240,4.9202
swap_distribute_parallel_for_collapse_1250_3250_3750,1250,3750,0,7500,121897500,36573751,3750,130000000,37500000,36570000,12187500,24382500,12187500,0,0,0,12195000,4633756,4.6338
distribute_parallel_for_1250_3250_4250,1250,4250,0,8500,138150500,41450251,4250,143000000,42500000,41446000,13812500,27633500,13812500,0,0,0,13821000,5414226,5.4142
distribute_parallel_for_split_1250_3250_4250,1250,4250,0,8500,138150500,41450251,4250,143000000,42500000,41446000,13812500,27633500,13812500,0,0,0,13821000,5398210,5.3982
swap_distribute_parallel_for_1250_3250_4250,1250,4250,0,8500,138150500,41450251,4250,143000000,42500000,41446000,13812500,27633500,13812500,0,0,0,13821000,7553886,7.5539
swap_distribute_parallel_for_split_1250_3250_4250,1250,4250,0,8500,138150500,41450251,4250,143000000,42500000,41446000,13812500,27633500,13812500,0,0,0,13821000,4658324,4.6583
distribute_parallel_for_collapse_1250_3250_4250,1250,4250,0,8500,138150500,41450251,4250,143000000,42500000,41446000,13812500,27633500,13812500,0,0,0,13821000,5544840,5.5448
swap_distribute_parallel_for_collapse_1250_3250_4250,1250,4250,0,8500,138150500,41450251,4250,143000000,42500000,41446000,13812500,27633500,13812500,0,0,0,13821000,5800968,5.8010
distribute_parallel_for_1250_3750_1250,1250,1250,0,2500,46882500,14066251,1250,75000000,12500000,14065000,4687500,9377500,4687500,0,0,0,4690000,1887336,1.8873
distribute_parallel_for_split_1250_3750_1250,1250,1250,0,2500,46882500,14066251,1250,75000000,12500000,14065000,4687500,9377500,4687500,0,0,0,4690000,2012773,2.0128
swap_distribute_parallel_for_1250_3750_1250,1250,1250,0,2500,46882500,14066251,1250,75000000,12500000,14065000,4687500,9377500,4687500,0,0,0,4690000,2071200,2.0712
swap_distribute_parallel_for_split_1250_3750_1250,1250,1250,0,2500,46882500,14066251,1250,75000000,12500000,14065000,4687500,9377500,4687500,0,0,0,4690000,1761424,1.7614
distribute_parallel_for_collapse_1250_3750_1250,1250,1250,0,2500,46882500,14066251,1250,75000000,12500000,14065000,4687500,9377500,4687500,0,0,0,4690000,1817391,1.8174
swap_distribute_parallel_for_collapse_1250_3750_1250,1250,1250,0,2500,46882500,14066251,1250,75000000,12500000,14065000,4687500,9377500,4687500,0,0,0,4690000,1529512,1.5295
distribute_parallel_for_1250_3750_1750,1250,1750,0,3500,65635500,19692751,1750,90000000,17500000,19691000,6562500,13128500,6562500,0,0,0,6566000,2802887,2.8029
distribute_parallel_for_split_1250_3750_1750,1250,1750,0,3500,65635500,19692751,1750,90000000,17500000,19691000,6562500,13128500,6562500,0,0,0,6566000,2439115,2.4391
swap_distribute_parallel_for_1250_3750_1750,1250,1750,0,3500,65635500,19692751,1750,90000000,17500000,19691000,6562500,13128500,6562500,0,0,0,6566000,2244247,2.2442
swap_distribute_parallel_for_split_1250_3750_1750,1250,1750,0,3500,65635500,19692751,1750,90000000,17500000,19691000,6562500,13128500,6562500,0,0,0,6566000,2608677,2.6087
distribute_parallel_for_collapse_1250_3750_1750,1250,1750,0,3500,65635500,19692751,1750,90000000,17500000,19691000,6562500,13128500,6562500,0,0,0,6566000,2650994,2.6510
swap_distribute_parallel_for_collapse_1250_3750_1750,1250,1750,0,3500,65635500,19692751,1750,90000000,17500000,19691000,6562500,13128500,6562500,0,0,0,6566000,2205421,2.2054
distribute_parallel_for_1250_3750_2250,1250,2250,0,4500,84388500,25319251,2250,105000000,22500000,25317000,8437500,16879500,8437500,0,0,0,8442000,3205818,3.2058
distribute_parallel_for_split_1250_3750_2250,1250,2250,0,4500,84388500,25319251,2250,105000000,22500000,25317000,8437500,16879500,8437500,0,0,0,8442000,3446169,3.4462
swap_distribute_parallel_for_1250_3750_2250,1250,2250,0,4500,84388500,25319251,2250,105000000,22500000,25317000,8437500,16879500,8437500,0,0,0,8442000,5246315,5.2463
swap_distribute_parallel_for_split_1250_3750_2250,1250,2250,0,4500,84388500,25319251,2250,105000000,22500000,25317000,8437500,16879500,8437500,0,0,0,8442000,2975773,2.9758
distribute_parallel_for_collapse_1250_3750_2250,1250,2250,0,4500,84388500,25319251,2250,105000000,22500000,25317000,8437500,16879500,8437500,0,0,0,8442000,3383876,3.3839
swap_distribute_parallel_for_collapse_1250_3750_2250,1250,2250,0,4500,84388500,25319251,2250,105000000,22500000,25317000,8437500,16879500,8437500,0,0,0,8442000,2876761,2.8768
distribute_parallel_for_1250_3750_2750,1250,2750,0,5500,103141500,30945751,2750,120000000,27500000,30943000,10312500,20630500,10312500,0,0,0,10318000,3930420,3.9304
distribute_parallel_for_split_1250_3750_2750,1250,2750,0,5500,103141500,30945751,2750,120000000,27500000,30943000,10312500,20630500,10312500,0,0,0,10318000,4279674,4.2797
swap_distribute_parallel_for_1250_3750_2750,1250,2750,0,5500,103141500,30945751,2750,120000000,27500000,30943000,10312500,20630500,10312500,0,0,0,10318000,4917415,4.9174
swap_distribute_parallel_for_split_1250_3750_2750,1250,2750,0,5500,103141500,30945751,2750,120000000,27500000,30943000,10312500,20630500,10312500,0,0,0,10318000,3686487,3.6865
distribute_parallel_for_collapse_1250_3750_2750,1250,2750,0,5500,103141500,30945751,2750,120000000,27500000,30943000,10312500,20630500,10312500,0,0,0,10318000,4202530,4.2025
swap_distribute_parallel_for_collapse_1250_3750_2750,1250,2750,0,5500,103141500,30945751,2750,120000000,27500000,30943000,10312500,20630500,10312500,0,0,0,10318000,3588117,3.5881
distribute_parallel_for_1250_3750_3250,1250,3250,0,6500,121894500,36572251,3250,135000000,32500000,36569000,12187500,24381500,12187500,0,0,0,12194000,5170754,5.1708
distribute_parallel_for_split_1250_3750_3250,1250,3250,0,6500,121894500,36572251,3250,135000000,32500000,36569000,12187500,24381500,12187500,0,0,0,12194000,5015090,5.0151
swap_distribute_parallel_for_1250_3750_3250,1250,3250,0,6500,121894500,36572251,3250,135000000,32500000,36569000,12187500,24381500,12187500,0,0,0,12194000,4937960,4.9380
swap_distribute_parallel_for_split_1250_3750_3250,1250,3250,0,6500,121894500,36572251,3250,135000000,32500000,36569000,12187500,24381500,12187500,0,0,0,12194000,4245054,4.2451
distribute_parallel_for_collapse_1250_3750_3250,1250,3250,0,6500,121894500,36572251,3250,135000000,32500000,36569000,12187500,24381500,12187500,0,0,0,12194000,4874121,4.8741
swap_distribute_parallel_for_collapse_1250_3750_3250,1250,3250,0,6500,121894500,36572251,3250,135000000,32500000,36569000,12187500,24381500,12187500,0,0,0,12194000,4506247,4.5062
distribute_parallel_for_1250_3750_3750,1250,3750,0,7500,140647500,42198751,3750,150000000,37500000,42195000,14062500,28132500,14062500,0,0,0,14070000,5301504,5.3015
distribute_parallel_for_split_1250_3750_3750,1250,3750,0,7500,140647500,42198751,3750,150000000,37500000,42195000,14062500,28132500,14062500,0,0,0,14070000,5427428,5.4274
swap_distribute_parallel_for_1250_3750_3750,1250,3750,0,7500,140647500,42198751,3750,150000000,37500000,42195000,14062500,28132500,14062500,0,0,0,14070000,5109511,5.1095
swap_distribute_parallel_for_split_1250_3750_3750,1250,3750,0,7500,140647500,42198751,3750,150000000,37500000,42195000,14062500,28132500,14062500,0,0,0,14070000,4829271,4.8293
distribute_parallel_for_collapse_1250_3750_3750,1250,3750,0,7500,140647500,42198751,3750,150000000,37500000,42195000,14062500,28132500,14062500,0,0,0,14070000,5577875,5.5779
swap_distribute_parallel_for_collapse_1250_3750_3750,1250,3750,0,7500,140647500,42198751,3750,150000000,37500000,42195000,14062500,28132500,14062500,0,0,0,14070000,5353108,5.3531
distribute_parallel_for_1250_3750_4250,1250,4250,0,8500,159400500,47825251,4250,165000000,42500000,47821000,15937500,31883500,15937500,0,0,0,15946000,6741895,6.7419
distribute_parallel_for_split_1250_3750_4250,1250,4250,0,8500,159400500,47825251,4250,165000000,42500000,47821000,15937500,31883500,15937500,0,0,0,15946000,5966370,5.9664
swap_distribute_parallel_for_1250_3750_4250,1250,4250,0,8500,159400500,47825251,4250,165000000,42500000,47821000,15937500,31883500,15937500,0,0,0,15946000,8736071,8.7361
swap_distribute_parallel_for_split_1250_3750_4250,1250,4250,0,8500,159400500,47825251,4250,165000000,42500000,47821000,15937500,31883500,15937500,0,0,0,15946000,5421709,5.4217
distribute_parallel_for_collapse_1250_3750_4250,1250,4250,0,8500,159400500,47825251,4250,165000000,42500000,47821000,15937500,31883500,15937500,0,0,0,15946000,6449998,6.4500
swap_distribute_parallel_for_collapse_1250_3750_4250,1250,4250,0,8500,159400500,47825251,4250,165000000,42500000,47821000,15937500,31883500,15937500,0,0,0,15946000,6575882,6.5759
distribute_parallel_for_1250_4250_1250,1250,1250,0,2500,53132500,15941251,1250,85000000,12500000,15940000,5312500,10627500,5312500,0,0,0,5315000,2037592,2.0376
distribute_parallel_for_split_1250_4250_1250,1250,1250,0,2500,53132500,15941251,1250,85000000,12500000,15940000,5312500,10627500,5312500,0,0,0,5315000,1899572,1.8996
swap_distribute_parallel_for_1250_4250_1250,1250,1250,0,2500,53132500,15941251,1250,85000000,12500000,15940000,5312500,10627500,5312500,0,0,0,5315000,2356777,2.3568
swap_distribute_parallel_for_split_1250_4250_1250,1250,1250,0,2500,53132500,15941251,1250,85000000,12500000,15940000,5312500,10627500,5312500,0,0,0,5315000,1912978,1.9130
distribute_parallel_for_collapse_1250_4250_1250,1250,1250,0,2500,53132500,15941251,1250,85000000,12500000,15940000,5312500,10627500,5312500,0,0,0,5315000,2073287,2.0733
swap_distribute_parallel_for_collapse_1250_4250_1250,1250,1250,0,2500,53132500,15941251,1250,85000000,12500000,15940000,5312500,10627500,5312500,0,0,0,5315000,1761560,1.7616
distribute_parallel_for_1250_4250_1750,1250,1750,0,3500,74385500,22317751,1750,102000000,17500000,22316000,7437500,14878500,7437500,0,0,0,7441000,2887692,2.8877
distribute_parallel_for_split_1250_4250_1750,1250,1750,0,3500,74385500,22317751,1750,102000000,17500000,22316000,7437500,14878500,7437500,0,0,0,7441000,2783678,2.7837
swap_distribute_parallel_for_1250_4250_1750,1250,1750,0,3500,74385500,22317751,1750,102000000,17500000,22316000,7437500,14878500,7437500,0,0,0,7441000,2560171,2.5602
swap_distribute_parallel_for_split_1250_4250_1750,1250,1750,0,3500,74385500,22317751,1750,102000000,17500000,22316000,7437500,14878500,7437500,0,0,0,7441000,2727440,2.7274
distribute_parallel_for_collapse_1250_4250_1750,1250,1750,0,3500,74385500,22317751,1750,102000000,17500000,22316000,7437500,14878500,7437500,0,0,0,7441000,2888976,2.8890
swap_distribute_parallel_for_collapse_1250_4250_1750,1250,1750,0,3500,74385500,22317751,1750,102000000,17500000,22316000,7437500,14878500,7437500,0,0,0,7441000,2434732,2.4347
distribute_parallel_for_1250_4250_2250,1250,2250,0,4500,95638500,28694251,2250,119000000,22500000,28692000,9562500,19129500,9562500,0,0,0,9567000,3630581,3.6306
distribute_parallel_for_split_1250_4250_2250,1250,2250,0,4500,95638500,28694251,2250,119000000,22500000,28692000,9562500,19129500,9562500,0,0,0,9567000,3722705,3.7227
swap_distribute_parallel_for_1250_4250_2250,1250,2250,0,4500,95638500,28694251,2250,119000000,22500000,28692000,9562500,19129500,9562500,0,0,0,9567000,5841317,5.8413
swap_distribute_parallel_for_split_1250_4250_2250,1250,2250,0,4500,95638500,28694251,2250,119000000,22500000,28692000,9562500,19129500,9562500,0,0,0,9567000,3405561,3.4056
distribute_parallel_for_collapse_1250_4250_2250,1250,2250,0,4500,95638500,28694251,2250,119000000,22500000,28692000,9562500,19129500,9562500,0,0,0,9567000,3800363,3.8004
swap_distribute_parallel_for_collapse_1250_4250_2250,1250,2250,0,4500,95638500,28694251,2250,119000000,22500000,28692000,9562500,19129500,9562500,0,0,0,9567000,3416665,3.4167
distribute_parallel_for_1250_4250_2750,1250,2750,0,5500,116891500,35070751,2750,136000000,27500000,35068000,11687500,23380500,11687500,0,0,0,11693000,4951541,4.9515
distribute_parallel_for_split_1250_4250_2750,1250,2750,0,5500,116891500,35070751,2750,136000000,27500000,35068000,11687500,23380500,11687500,0,0,0,11693000,4280217,4.2802
swap_distribute_parallel_for_1250_4250_2750,1250,2750,0,5500,116891500,35070751,2750,136000000,27500000,35068000,11687500,23380500,11687500,0,0,0,11693000,5375332,5.3753
swap_distribute_parallel_for_split_1250_4250_2750,1250,2750,0,5500,116891500,35070751,2750,136000000,27500000,35068000,11687500,23380500,11687500,0,0,0,11693000,4053891,4.0539
distribute_parallel_for_collapse_1250_4250_2750,1250,2750,0,5500,116891500,35070751,2750,136000000,27500000,35068000,11687500,23380500,11687500,0,0,0,11693000,4618794,4.6188
swap_distribute_parallel_for_collapse_1250_4250_2750,1250,2750,0,5500,116891500,35070751,2750,136000000,27500000,35068000,11687500,23380500,11687500,0,0,0,11693000,4159832,4.1598
distribute_parallel_for_1250_4250_3250,1250,3250,0,6500,138144500,41447251,3250,153000000,32500000,41444000,13812500,27631500,13812500,0,0,0,13819000,5243587,5.2436
distribute_parallel_for_split_1250_4250_3250,1250,3250,0,6500,138144500,41447251,3250,153000000,32500000,41444000,13812500,27631500,13812500,0,0,0,13819000,5338628,5.3386
swap_distribute_parallel_for_1250_4250_3250,1250,3250,0,6500,138144500,41447251,3250,153000000,32500000,41444000,13812500,27631500,13812500,0,0,0,13819000,5439837,5.4398
swap_distribute_parallel_for_split_1250_4250_3250,1250,3250,0,6500,138144500,41447251,3250,153000000,32500000,41444000,13812500,27631500,13812500,0,0,0,13819000,4858476,4.8585
distribute_parallel_for_collapse_1250_4250_3250,1250,3250,0,6500,138144500,41447251,3250,153000000,32500000,41444000,13812500,27631500,13812500,0,0,0,13819000,5582718,5.5827
swap_distribute_parallel_for_collapse_1250_4250_3250,1250,3250,0,6500,138144500,41447251,3250,153000000,32500000,41444000,13812500,27631500,13812500,0,0,0,13819000,5118577,5.1186
distribute_parallel_for_1250_4250_3750,1250,3750,0,7500,159397500,47823751,3750,170000000,37500000,47820000,15937500,31882500,15937500,0,0,0,15945000,6100948,6.1009
distribute_parallel_for_split_1250_4250_3750,1250,3750,0,7500,159397500,47823751,3750,170000000,37500000,47820000,15937500,31882500,15937500,0,0,0,15945000,6426582,6.4266
swap_distribute_parallel_for_1250_4250_3750,1250,3750,0,7500,159397500,47823751,3750,170000000,37500000,47820000,15937500,31882500,15937500,0,0,0,15945000,5540538,5.5405
swap_distribute_parallel_for_split_1250_4250_3750,1250,3750,0,7500,159397500,47823751,3750,170000000,37500000,47820000,15937500,31882500,15937500,0,0,0,15945000,5389348,5.3893
distribute_parallel_for_collapse_1250_4250_3750,1250,3750,0,7500,159397500,47823751,3750,170000000,37500000,47820000,15937500,31882500,15937500,0,0,0,15945000,6433589,6.4336
swap_distribute_parallel_for_collapse_1250_4250_3750,1250,3750,0,7500,159397500,47823751,3750,170000000,37500000,47820000,15937500,31882500,15937500,0,0,0,15945000,5996864,5.9969
distribute_parallel_for_1250_4250_4250,1250,4250,0,8500,180650500,54200251,4250,187000000,42500000,54196000,18062500,36133500,18062500,0,0,0,18071000,7527794,7.5278
distribute_parallel_for_split_1250_4250_4250,1250,4250,0,8500,180650500,54200251,4250,187000000,42500000,54196000,18062500,36133500,18062500,0,0,0,18071000,6975581,6.9756
swap_distribute_parallel_for_1250_4250_4250,1250,4250,0,8500,180650500,54200251,4250,187000000,42500000,54196000,18062500,36133500,18062500,0,0,0,18071000,9836655,9.8367
swap_distribute_parallel_for_split_1250_4250_4250,1250,4250,0,8500,180650500,54200251,4250,187000000,42500000,54196000,18062500,36133500,18062500,0,0,0,18071000,6156624,6.1566
distribute_parallel_for_collapse_1250_4250_4250,1250,4250,0,8500,180650500,54200251,4250,187000000,42500000,54196000,18062500,36133500,18062500,0,0,0,18071000,7580374,7.5804
swap_distribute_parallel_for_collapse_1250_4250_4250,1250,4250,0,8500,180650500,54200251,4250,187000000,42500000,54196000,18062500,36133500,18062500,0,0,0,18071000,7440212,7.4402
distribute_parallel_for_1400_1400_1400,1400,1400,0,2800,19608400,5884201,1400,31360000,15680000,5882800,1960000,3922800,1960000,0,0,0,1962800,824628,0.8246
distribute_parallel_for_split_1400_1400_1400,1400,1400,0,2800,19608400,5884201,1400,31360000,15680000,5882800,1960000,3922800,1960000,0,0,0,1962800,882375,0.8824
swap_distribute_parallel_for_1400_1400_1400,1400,1400,0,2800,19608400,5884201,1400,31360000,15680000,5882800,1960000,3922800,1960000,0,0,0,1962800,1126706,1.1267
swap_distribute_parallel_for_split_1400_1400_1400,1400,1400,0,2800,19608400,5884201,1400,31360000,15680000,5882800,1960000,3922800,1960000,0,0,0,1962800,735748,0.7357
distribute_parallel_for_collapse_1400_1400_1400,1400,1400,0,2800,19608400,5884201,1400,31360000,15680000,5882800,1960000,3922800,1960000,0,0,0,1962800,837000,0.8370
swap_distribute_parallel_for_collapse_1400_1400_1400,1400,1400,0,2800,19608400,5884201,1400,31360000,15680000,5882800,1960000,3922800,1960000,0,0,0,1962800,822581,0.8226
distribute_parallel_for_1400_1400_1900,1400,1900,0,3800,26611400,7985701,1900,36960000,21280000,7983800,2660000,5323800,2660000,0,0,0,2663800,1147168,1.1472
distribute_parallel_for_split_1400_1400_1900,1400,1900,0,3800,26611400,7985701,1900,36960000,21280000,7983800,2660000,5323800,2660000,0,0,0,2663800,1140309,1.1403
swap_distribute_parallel_for_1400_1400_1900,1400,1900,0,3800,26611400,7985701,1900,36960000,21280000,7983800,2660000,5323800,2660000,0,0,0,2663800,1138096,1.1381
swap_distribute_parallel_for_split_1400_1400_1900,1400,1900,0,3800,26611400,7985701,1900,36960000,21280000,7983800,2660000,5323800,2660000,0,0,0,2663800,1097659,1.0977
distribute_parallel_for_collapse_1400_1400_1900,1400,1900,0,3800,26611400,7985701,1900,36960000,21280000,7983800,2660000,5323800,2660000,0,0,0,2663800,1194436,1.1944
swap_distribute_parallel_for_collapse_1400_1400_1900,1400,1900,0,3800,26611400,7985701,1900,36960000,21280000,7983800,2660000,5323800,2660000,0,0,0,2663800,1219345,1.2193
distribute_parallel_for_1400_1400_2400,1400,2400,0,4800,33614400,10087201,2400,42560000,26880000,10084800,3360000,6724800,3360000,0,0,0,3364800,1378371,1.3784
distribute_parallel_for_split_1400_1400_2400,1400,2400,0,4800,33614400,10087201,2400,42560000,26880000,10084800,3360000,6724800,3360000,0,0,0,3364800,1543840,1.5438
swap_distribute_parallel_for_1400_1400_2400,1400,2400,0,4800,33614400,10087201,2400,42560000,26880000,10084800,3360000,6724800,3360000,0,0,0,3364800,2335215,2.3352
swap_distribute_parallel_for_split_1400_1400_2400,1400,2400,0,4800,33614400,10087201,2400,42560000,26880000,10084800,3360000,6724800,3360000,0,0,0,3364800,1306626,1.3066
distribute_parallel_for_collapse_1400_1400_2400,1400,2400,0,4800,33614400,10087201,2400,42560000,26880000,10084800,3360000,6724800,3360000,0,0,0,3364800,1389688,1.3897
swap_distribute_parallel_for_collapse_1400_1400_2400,1400,2400,0,4800,33614400,10087201,2400,42560000,26880000,10084800,3360000,6724800,3360000,0,0,0,3364800,1548825,1.5488
distribute_parallel_for_1400_1400_2900,1400,2900,0,5800,40617400,12188701,2900,48160000,32480000,12185800,4060000,8125800,4060000,0,0,0,4065800,1720478,1.7205
distribute_parallel_for_split_1400_1400_2900,1400,2900,0,5800,40617400,12188701,2900,48160000,32480000,12185800,4060000,8125800,4060000,0,0,0,4065800,1943600,1.9436
swap_distribute_parallel_for_1400_1400_2900,1400,2900,0,5800,40617400,12188701,2900,48160000,32480000,12185800,4060000,8125800,4060000,0,0,0,4065800,2295057,2.2951
swap_distribute_parallel_for_split_1400_1400_2900,1400,2900,0,5800,40617400,12188701,2900,48160000,32480000,12185800,4060000,8125800,4060000,0,0,0,4065800,1583851,1.5839
distribute_parallel_for_collapse_1400_1400_2900,1400,2900,0,5800,40617400,12188701,2900,48160000,32480000,12185800,4060000,8125800,4060000,0,0,0,4065800,1807959,1.8080
swap_distribute_parallel_for_collapse_1400_1400_2900,1400,2900,0,5800,40617400,12188701,2900,48160000,32480000,12185800,4060000,8125800,4060000,0,0,0,4065800,1917446,1.9174
distribute_parallel_for_1400_1400_3400,1400,3400,0,6800,47620400,14290201,3400,53760000,38080000,14286800,4760000,9526800,4760000,0,0,0,4766800,1943088,1.9431
distribute_parallel_for_split_1400_1400_3400,1400,3400,0,6800,47620400,14290201,3400,53760000,38080000,14286800,4760000,9526800,4760000,0,0,0,4766800,2257543,2.2575
swap_distribute_parallel_for_1400_1400_3400,1400,3400,0,6800,47620400,14290201,3400,53760000,38080000,14286800,4760000,9526800,4760000,0,0,0,4766800,2259426,2.2594
swap_distribute_parallel_for_split_1400_1400_3400,1400,3400,0,6800,47620400,14290201,3400,53760000,38080000,14286800,4760000,9526800,4760000,0,0,0,4766800,1888847,1.8888
distribute_parallel_for_collapse_1400_1400_3400,1400,3400,0,6800,47620400,14290201,3400,53760000,38080000,14286800,4760000,9526800,4760000,0,0,0,4766800,2106814,2.1068
swap_distribute_parallel_for_collapse_1400_1400_3400,1400,3400,0,6800,47620400,14290201,3400,53760000,38080000,14286800,4760000,9526800,4760000,0,0,0,4766800,2162416,2.1624
distribute_parallel_for_1400_1400_3900,1400,3900,0,7800,54623400,16391701,3900,59360000,43680000,16387800,5460000,10927800,5460000,0,0,0,5467800,2249089,2.2491
distribute_parallel_for_split_1400_1400_3900,1400,3900,0,7800,54623400,16391701,3900,59360000,43680000,16387800,5460000,10927800,5460000,0,0,0,5467800,2641931,2.6419
swap_distribute_parallel_for_1400_1400_3900,1400,3900,0,7800,54623400,16391701,3900,59360000,43680000,16387800,5460000,10927800,5460000,0,0,0,5467800,3275198,3.2752
swap_distribute_parallel_for_split_1400_1400_3900,1400,3900,0,7800,54623400,16391701,3900,59360000,43680000,16387800,5460000,10927800,5460000,0,0,0,5467800,2114005,2.1140
distribute_parallel_for_collapse_1400_1400_3900,1400,3900,0,7800,54623400,16391701,3900,59360000,43680000,16387800,5460000,10927800,5460000,0,0,0,5467800,2315715,2.3157
swap_distribute_parallel_for_collapse_1400_1400_3900,1400,3900,0,7800,54623400,16391701,3900,59360000,43680000,16387800,5460000,10927800,5460000,0,0,0,5467800,2599463,2.5995
distribute_parallel_for_1400_1400_900,1400,900,0,1800,12605400,3782701,900,25760000,10080000,3781800,1260000,2521800,1260000,0,0,0,1261800,559286,0.5593
distribute_parallel_for_split_1400_1400_900,1400,900,0,1800,12605400,3782701,900,25760000,10080000,3781800,1260000,2521800,1260000,0,0,0,1261800,582632,0.5826
swap_distribute_parallel_for_1400_1400_900,1400,900,0,1800,12605400,3782701,900,25760000,10080000,3781800,1260000,2521800,1260000,0,0,0,1261800,901689,0.9017
swap_distribute_parallel_for_split_1400_1400_900,1400,900,0,1800,12605400,3782701,900,25760000,10080000,3781800,1260000,2521800,1260000,0,0,0,1261800,493891,0.4939
distribute_parallel_for_collapse_1400_1400_900,1400,900,0,1800,12605400,3782701,900,25760000,10080000,3781800,1260000,2521800,1260000,0,0,0,1261800,483591,0.4836
swap_distribute_parallel_for_collapse_1400_1400_900,1400,900,0,1800,12605400,3782701,900,25760000,10080000,3781800,1260000,2521800,1260000,0,0,0,1261800,438812,0.4388
distribute_parallel_for_1400_1900_1400,1400,1400,0,2800,26608400,7984201,1400,42560000,15680000,7982800,2660000,5322800,2660000,0,0,0,2662800,1106736,1.1067
distribute_parallel_for_split_1400_1900_1400,1400,1400,0,2800,26608400,7984201,1400,42560000,15680000,7982800,2660000,5322800,2660000,0,0,0,2662800,1201921,1.2019
swap_distribute_parallel_for_1400_1900_1400,1400,1400,0,2800,26608400,7984201,1400,42560000,15680000,7982800,2660000,5322800,2660000,0,0,0,2662800,1534027,1.5340
swap_distribute_parallel_for_split_1400_1900_1400,1400,1400,0,2800,26608400,7984201,1400,42560000,15680000,7982800,2660000,5322800,2660000,0,0,0,2662800,1019640,1.0196
distribute_parallel_for_collapse_1400_1900_1400,1400,1400,0,2800,26608400,7984201,1400,42560000,15680000,7982800,2660000,5322800,2660000,0,0,0,2662800,1168380,1.1684
swap_distribute_parallel_for_collapse_1400_1900_1400,1400,1400,0,2800,26608400,7984201,1400,42560000,15680000,7982800,2660000,5322800,2660000,0,0,0,2662800,1166776,1.1668
distribute_parallel_for_1400_1900_1900,1400,1900,0,3800,36111400,10835701,1900,50160000,21280000,10833800,3610000,7223800,3610000,0,0,0,3613800,1534400,1.5344
distribute_parallel_for_split_1400_1900_1900,1400,1900,0,3800,36111400,10835701,1900,50160000,21280000,10833800,3610000,7223800,3610000,0,0,0,3613800,1826847,1.8268
swap_distribute_parallel_for_1400_1900_1900,1400,1900,0,3800,36111400,10835701,1900,50160000,21280000,10833800,3610000,7223800,3610000,0,0,0,3613800,1587603,1.5876
swap_distribute_parallel_for_split_1400_1900_1900,1400,1900,0,3800,36111400,10835701,1900,50160000,21280000,10833800,3610000,7223800,3610000,0,0,0,3613800,1359812,1.3598
distribute_parallel_for_collapse_1400_1900_1900,1400,1900,0,3800,36111400,10835701,1900,50160000,21280000,10833800,3610000,7223800,3610000,0,0,0,3613800,1538115,1.5381
swap_distribute_parallel_for_collapse_1400_1900_1900,1400,1900,0,3800,36111400,10835701,1900,50160000,21280000,10833800,3610000,7223800,3610000,0,0,0,3613800,1613852,1.6139
distribute_parallel_for_1400_1900_2400,1400,2400,0,4800,45614400,13687201,2400,57760000,26880000,13684800,4560000,9124800,4560000,0,0,0,4564800,1810152,1.8102
distribute_parallel_for_split_1400_1900_2400,1400,2400,0,4800,45614400,13687201,2400,57760000,26880000,13684800,4560000,9124800,4560000,0,0,0,4564800,2228957,2.2290
swap_distribute_parallel_for_1400_1900_2400,1400,2400,0,4800,45614400,13687201,2400,57760000,26880000,13684800,4560000,9124800,4560000,0,0,0,4564800,3146440,3.1464
swap_distribute_parallel_for_split_1400_1900_2400,1400,2400,0,4800,45614400,13687201,2400,57760000,26880000,13684800,4560000,9124800,4560000,0,0,0,4564800,1727944,1.7279
distribute_parallel_for_collapse_1400_1900_2400,1400,2400,0,4800,45614400,13687201,2400,57760000,26880000,13684800,4560000,9124800,4560000,0,0,0,4564800,1973865,1.9739
swap_distribute_parallel_for_collapse_1400_1900_2400,1400,2400,0,4800,45614400,13687201,2400,57760000,26880000,13684800,4560000,9124800,4560000,0,0,0,4564800,2140110,2.1401
distribute_parallel_for_1400_1900_2900,1400,2900,0,5800,55117400,16538701,2900,65360000,32480000,16535800,5510000,11025800,5510000,0,0,0,5515800,2185945,2.1859
distribute_parallel_for_split_1400_1900_2900,1400,2900,0,5800,55117400,16538701,2900,65360000,32480000,16535800,5510000,11025800,5510000,0,0,0,5515800,2653828,2.6538
swap_distribute_parallel_for_1400_1900_2900,1400,2900,0,5800,55117400,16538701,2900,65360000,32480000,16535800,5510000,11025800,5510000,0,0,0,5515800,3106311,3.1063
swap_distribute_parallel_for_split_1400_1900_2900,1400,2900,0,5800,55117400,16538701,2900,65360000,32480000,16535800,5510000,11025800,5510000,0,0,0,5515800,2188015,2.1880
distribute_parallel_for_collapse_1400_1900_2900,1400,2900,0,5800,55117400,16538701,2900,65360000,32480000,16535800,5510000,11025800,5510000,0,0,0,5515800,2399792,2.3998
swap_distribute_parallel_for_collapse_1400_1900_2900,1400,2900,0,5800,55117400,16538701,2900,65360000,32480000,16535800,5510000,11025800,5510000,0,0,0,5515800,2561981,2.5620
distribute_parallel_for_1400_1900_3400,1400,3400,0,6800,64620400,19390201,3400,72960000,38080000,19386800,6460000,12926800,6460000,0,0,0,6466800,2605383,2.6054
distribute_parallel_for_split_1400_1900_3400,1400,3400,0,6800,64620400,19390201,3400,72960000,38080000,19386800,6460000,12926800,6460000,0,0,0,6466800,3269880,3.2699
swap_distribute_parallel_for_1400_1900_3400,1400,3400,0,6800,64620400,19390201,3400,72960000,38080000,19386800,6460000,12926800,6460000,0,0,0,6466800,3144305,3.1443
swap_distribute_parallel_for_split_1400_1900_3400,1400,3400,0,6800,64620400,19390201,3400,72960000,38080000,19386800,6460000,12926800,6460000,0,0,0,6466800,2524756,2.5248
distribute_parallel_for_collapse_1400_1900_3400,1400,3400,0,6800,64620400,19390201,3400,72960000,38080000,19386800,6460000,12926800,6460000,0,0,0,6466800,2871779,2.8718
swap_distribute_parallel_for_collapse_1400_1900_3400,1400,3400,0,6800,64620400,19390201,3400,72960000,38080000,19386800,6460000,12926800,6460000,0,0,0,6466800,2951077,2.9511
distribute_parallel_for_1400_1900_3900,1400,3900,0,7800,74123400,22241701,3900,80560000,43680000,22237800,7410000,14827800,7410000,0,0,0,7417800,2950239,2.9502
distribute_parallel_for_split_1400_1900_3900,1400,3900,0,7800,74123400,22241701,3900,80560000,43680000,22237800,7410000,14827800,7410000,0,0,0,7417800,3471945,3.4719
swap_distribute_parallel_for_1400_1900_3900,1400,3900,0,7800,74123400,22241701,3900,80560000,43680000,22237800,7410000,14827800,7410000,0,0,0,7417800,4482623,4.4826
swap_distribute_parallel_for_split_1400_1900_3900,1400,3900,0,7800,74123400,22241701,3900,80560000,43680000,22237800,7410000,14827800,7410000,0,0,0,7417800,2943384,2.9434
distribute_parallel_for_collapse_1400_1900_3900,1400,3900,0,7800,74123400,22241701,3900,80560000,43680000,22237800,7410000,14827800,7410000,0,0,0,7417800,3174427,3.1744
swap_distribute_parallel_for_collapse_1400_1900_3900,1400,3900,0,7800,74123400,22241701,3900,80560000,43680000,22237800,7410000,14827800,7410000,0,0,0,7417800,3515714,3.5157
distribute_parallel_for_1400_1900_900,1400,900,0,1800,17105400,5132701,900,34960000,10080000,5131800,1710000,3421800,1710000,0,0,0,1711800,693849,0.6938
distribute_parallel_for_split_1400_1900_900,1400,900,0,1800,17105400,5132701,900,34960000,10080000,5131800,1710000,3421800,1710000,0,0,0,1711800,719327,0.7193
swap_distribute_parallel_for_1400_1900_900,1400,900,0,1800,17105400,5132701,900,34960000,10080000,5131800,1710000,3421800,1710000,0,0,0,1711800,1204518,1.2045
swap_distribute_parallel_for_split_1400_1900_900,1400,900,0,1800,17105400,5132701,900,34960000,10080000,5131800,1710000,3421800,1710000,0,0,0,1711800,648960,0.6490
distribute_parallel_for_collapse_1400_1900_900,1400,900,0,1800,17105400,5132701,900,34960000,10080000,5131800,1710000,3421800,1710000,0,0,0,1711800,744324,0.7443
swap_distribute_parallel_for_collapse_1400_1900_900,1400,900,0,1800,17105400,5132701,900,34960000,10080000,5131800,1710000,3421800,1710000,0,0,0,1711800,626400,0.6264
distribute_parallel_for_1400_2400_1400,1400,1400,0,2800,33608400,10084201,1400,53760000,15680000,10082800,3360000,6722800,3360000,0,0,0,3362800,1374693,1.3747
distribute_parallel_for_split_1400_2400_1400,1400,1400,0,2800,33608400,10084201,1400,53760000,15680000,10082800,3360000,6722800,3360000,0,0,0,3362800,1616725,1.6167
swap_distribute_parallel_for_1400_2400_1400,1400,1400,0,2800,33608400,10084201,1400,53760000,15680000,10082800,3360000,6722800,3360000,0,0,0,3362800,1994450,1.9945
swap_distribute_parallel_for_split_1400_2400_1400,1400,1400,0,2800,33608400,10084201,1400,53760000,15680000,10082800,3360000,6722800,3360000,0,0,0,3362800,1293209,1.2932
distribute_parallel_for_collapse_1400_2400_1400,1400,1400,0,2800,33608400,10084201,1400,53760000,15680000,10082800,3360000,6722800,3360000,0,0,0,3362800,1460239,1.4602
swap_distribute_parallel_for_collapse_1400_2400_1400,1400,1400,0,2800,33608400,10084201,1400,53760000,15680000,10082800,3360000,6722800,3360000,0,0,0,3362800,1470181,1.4702
distribute_parallel_for_1400_2400_1900,1400,1900,0,3800,45611400,13685701,1900,63360000,21280000,13683800,4560000,9123800,4560000,0,0,0,4563800,1951541,1.9515
distribute_parallel_for_split_1400_2400_1900,1400,1900,0,3800,45611400,13685701,1900,63360000,21280000,13683800,4560000,9123800,4560000,0,0,0,4563800,2150735,2.1507
swap_distribute_parallel_for_1400_2400_1900,1400,1900,0,3800,45611400,13685701,1900,63360000,21280000,13683800,4560000,9123800,4560000,0,0,0,4563800,2020089,2.0201
swap_distribute_parallel_for_split_1400_2400_1900,1400,1900,0,3800,45611400,13685701,1900,63360000,21280000,13683800,4560000,9123800,4560000,0,0,0,4563800,1739263,1.7393
distribute_parallel_for_collapse_1400_2400_1900,1400,1900,0,3800,45611400,13685701,1900,63360000,21280000,13683800,4560000,9123800,4560000,0,0,0,4563800,1980850,1.9808
swap_distribute_parallel_for_collapse_1400_2400_1900,1400,1900,0,3800,45611400,13685701,1900,63360000,21280000,13683800,4560000,9123800,4560000,0,0,0,4563800,2039349,2.0393
distribute_parallel_for_1400_2400_2400,1400,2400,0,4800,57614400,17287201,2400,72960000,26880000,17284800,5760000,11524800,5760000,0,0,0,5764800,2648965,2.6490
distribute_parallel_for_split_1400_2400_2400,1400,2400,0,4800,57614400,17287201,2400,72960000,26880000,17284800,5760000,11524800,5760000,0,0,0,5764800,2804605,2.8046
swap_distribute_parallel_for_1400_2400_2400,1400,2400,0,4800,57614400,17287201,2400,72960000,26880000,17284800,5760000,11524800,5760000,0,0,0,5764800,4010535,4.0105
swap_distribute_parallel_for_split_1400_2400_2400,1400,2400,0,4800,57614400,17287201,2400,72960000,26880000,17284800,5760000,11524800,5760000,0,0,0,5764800,2183653,2.1837
distribute_parallel_for_collapse_1400_2400_2400,1400,2400,0,4800,57614400,17287201,2400,72960000,26880000,17284800,5760000,11524800,5760000,0,0,0,5764800,2474445,2.4744
swap_distribute_parallel_for_collapse_1400_2400_2400,1400,2400,0,4800,57614400,17287201,2400,72960000,26880000,17284800,5760000,11524800,5760000,0,0,0,5764800,2736376,2.7364
distribute_parallel_for_1400_2400_2900,1400,2900,0,5800,69617400,20888701,2900,82560000,32480000,20885800,6960000,13925800,6960000,0,0,0,6965800,2813224,2.8132
distribute_parallel_for_split_1400_2400_2900,1400,2900,0,5800,69617400,20888701,2900,82560000,32480000,20885800,6960000,13925800,6960000,0,0,0,6965800,3201604,3.2016
swap_distribute_parallel_for_1400_2400_2900,1400,2900,0,5800,69617400,20888701,2900,82560000,32480000,20885800,6960000,13925800,6960000,0,0,0,6965800,4019622,4.0196
swap_distribute_parallel_for_split_1400_2400_2900,1400,2900,0,5800,69617400,20888701,2900,82560000,32480000,20885800,6960000,13925800,6960000,0,0,0,6965800,2757506,2.7575
distribute_parallel_for_collapse_1400_2400_2900,1400,2900,0,5800,69617400,20888701,2900,82560000,32480000,20885800,6960000,13925800,6960000,0,0,0,6965800,3074984,3.0750
swap_distribute_parallel_for_collapse_1400_2400_2900,1400,2900,0,5800,69617400,20888701,2900,82560000,32480000,20885800,6960000,13925800,6960000,0,0,0,6965800,3340116,3.3401
distribute_parallel_for_1400_2400_3400,1400,3400,0,6800,81620400,24490201,3400,92160000,38080000,24486800,8160000,16326800,8160000,0,0,0,8166800,3665278,3.6653
distribute_parallel_for_split_1400_2400_3400,1400,3400,0,6800,81620400,24490201,3400,92160000,38080000,24486800,8160000,16326800,8160000,0,0,0,8166800,4074056,4.0741
swap_distribute_parallel_for_1400_2400_3400,1400,3400,0,6800,81620400,24490201,3400,92160000,38080000,24486800,8160000,16326800,8160000,0,0,0,8166800,3971222,3.9712
swap_distribute_parallel_for_split_1400_2400_3400,1400,3400,0,6800,81620400,24490201,3400,92160000,38080000,24486800,8160000,16326800,8160000,0,0,0,8166800,3175415,3.1754
distribute_parallel_for_collapse_1400_2400_3400,1400,3400,0,6800,81620400,24490201,3400,92160000,38080000,24486800,8160000,16326800,8160000,0,0,0,8166800,3645744,3.6457
swap_distribute_parallel_for_collapse_1400_2400_3400,1400,3400,0,6800,81620400,24490201,3400,92160000,38080000,24486800,8160000,16326800,8160000,0,0,0,8166800,3741378,3.7414
distribute_parallel_for_1400_2400_3900,1400,3900,0,7800,93623400,28091701,3900,101760000,43680000,28087800,9360000,18727800,9360000,0,0,0,9367800,3766601,3.7666
distribute_parallel_for_split_1400_2400_3900,1400,3900,0,7800,93623400,28091701,3900,101760000,43680000,28087800,9360000,18727800,9360000,0,0,0,9367800,4554221,4.5542
swap_distribute_parallel_for_1400_2400_3900,1400,3900,0,7800,93623400,28091701,3900,101760000,43680000,28087800,9360000,18727800,9360000,0,0,0,9367800,5671411,5.6714
swap_distribute_parallel_for_split_1400_2400_3900,1400,3900,0,7800,93623400,28091701,3900,101760000,43680000,28087800,9360000,18727800,9360000,0,0,0,9367800,3644765,3.6448
distribute_parallel_for_collapse_1400_2400_3900,1400,3900,0,7800,93623400,28091701,3900,101760000,43680000,28087800,9360000,18727800,9360000,0,0,0,9367800,3984192,3.9842
swap_distribute_parallel_for_collapse_1400_2400_3900,1400,3900,0,7800,93623400,28091701,3900,101760000,43680000,28087800,9360000,18727800,9360000,0,0,0,9367800,4389835,4.3898
distribute_parallel_for_1400_2400_900,1400,900,0,1800,21605400,6482701,900,44160000,10080000,6481800,2160000,4321800,2160000,0,0,0,2161800,898826,0.8988
distribute_parallel_for_split_1400_2400_900,1400,900,0,1800,21605400,6482701,900,44160000,10080000,6481800,2160000,4321800,2160000,0,0,0,2161800,937401,0.9374
swap_distribute_parallel_for_1400_2400_900,1400,900,0,1800,21605400,6482701,900,44160000,10080000,6481800,2160000,4321800,2160000,0,0,0,2161800,1541239,1.5412
swap_distribute_parallel_for_split_1400_2400_900,1400,900,0,1800,21605400,6482701,900,44160000,10080000,6481800,2160000,4321800,2160000,0,0,0,2161800,779299,0.7793
distribute_parallel_for_collapse_1400_2400_900,1400,900,0,1800,21605400,6482701,900,44160000,10080000,6481800,2160000,4321800,2160000,0,0,0,2161800,870122,0.8701
swap_distribute_parallel_for_collapse_1400_2400_900,1400,900,0,1800,21605400,6482701,900,44160000,10080000,6481800,2160000,4321800,2160000,0,0,0,2161800,839289,0.8393
distribute_parallel_for_1400_2900_1400,1400,1400,0,2800,40608400,12184201,1400,64960000,15680000,12182800,4060000,8122800,4060000,0,0,0,4062800,1751277,1.7513
distribute_parallel_for_split_1400_2900_1400,1400,1400,0,2800,40608400,12184201,1400,64960000,15680000,12182800,4060000,8122800,4060000,0,0,0,4062800,2010807,2.0108
swap_distribute_parallel_for_1400_2900_1400,1400,1400,0,2800,40608400,12184201,1400,64960000,15680000,12182800,4060000,8122800,4060000,0,0,0,4062800,2395257,2.3953
swap_distribute_parallel_for_split_1400_2900_1400,1400,1400,0,2800,40608400,12184201,1400,64960000,15680000,12182800,4060000,8122800,4060000,0,0,0,4062800,1524575,1.5246
distribute_parallel_for_collapse_1400_2900_1400,1400,1400,0,2800,40608400,12184201,1400,64960000,15680000,12182800,4060000,8122800,4060000,0,0,0,4062800,1805531,1.8055
swap_distribute_parallel_for_collapse_1400_2900_1400,1400,1400,0,2800,40608400,12184201,1400,64960000,15680000,12182800,4060000,8122800,4060000,0,0,0,4062800,1852863,1.8529
distribute_parallel_for_1400_2900_1900,1400,1900,0,3800,55111400,16535701,1900,76560000,21280000,16533800,5510000,11023800,5510000,0,0,0,5513800,2259897,2.2599
distribute_parallel_for_split_1400_2900_1900,1400,1900,0,3800,55111400,16535701,1900,76560000,21280000,16533800,5510000,11023800,5510000,0,0,0,5513800,2770726,2.7707
swap_distribute_parallel_for_1400_2900_1900,1400,1900,0,3800,55111400,16535701,1900,76560000,21280000,16533800,5510000,11023800,5510000,0,0,0,5513800,2482069,2.4821
swap_distribute_parallel_for_split_1400_2900_1900,1400,1900,0,3800,55111400,16535701,1900,76560000,21280000,16533800,5510000,11023800,5510000,0,0,0,5513800,2064164,2.0642
distribute_parallel_for_collapse_1400_2900_1900,1400,1900,0,3800,55111400,16535701,1900,76560000,21280000,16533800,5510000,11023800,5510000,0,0,0,5513800,2436413,2.4364
swap_distribute_parallel_for_collapse_1400_2900_1900,1400,1900,0,3800,55111400,16535701,1900,76560000,21280000,16533800,5510000,11023800,5510000,0,0,0,5513800,2480052,2.4801
distribute_parallel_for_1400_2900_2400,1400,2400,0,4800,69614400,20887201,2400,88160000,26880000,20884800,6960000,13924800,6960000,0,0,0,6964800,2995253,2.9953
distribute_parallel_for_split_1400_2900_2400,1400,2400,0,4800,69614400,20887201,2400,88160000,26880000,20884800,6960000,13924800,6960000,0,0,0,6964800,3483289,3.4833
swap_distribute_parallel_for_1400_2900_2400,1400,2400,0,4800,69614400,20887201,2400,88160000,26880000,20884800,6960000,13924800,6960000,0,0,0,6964800,4884487,4.8845
swap_distribute_parallel_for_split_1400_2900_2400,1400,2400,0,4800,69614400,20887201,2400,88160000,26880000,20884800,6960000,13924800,6960000,0,0,0,6964800,2593027,2.5930
distribute_parallel_for_collapse_1400_2900_2400,1400,2400,0,4800,69614400,20887201,2400,88160000,26880000,20884800,6960000,13924800,6960000,0,0,0,6964800,2942272,2.9423
swap_distribute_parallel_for_collapse_1400_2900_2400,1400,2400,0,4800,69614400,20887201,2400,88160000,26880000,20884800,6960000,13924800,6960000,0,0,0,6964800,3212264,3.2123
distribute_parallel_for_1400_2900_2900,1400,2900,0,5800,84117400,25238701,2900,99760000,32480000,25235800,8410000,16825800,8410000,0,0,0,8415800,3360353,3.3604
distribute_parallel_for_split_1400_2900_2900,1400,2900,0,5800,84117400,25238701,2900,99760000,32480000,25235800,8410000,16825800,8410000,0,0,0,8415800,4126361,4.1264
swap_distribute_parallel_for_1400_2900_2900,1400,2900,0,5800,84117400,25238701,2900,99760000,32480000,25235800,8410000,16825800,8410000,0,0,0,8415800,4883537,4.8835
swap_distribute_parallel_for_split_1400_2900_2900,1400,2900,0,5800,84117400,25238701,2900,99760000,32480000,25235800,8410000,16825800,8410000,0,0,0,8415800,3366490,3.3665
distribute_parallel_for_collapse_1400_2900_2900,1400,2900,0,5800,84117400,25238701,2900,99760000,32480000,25235800,8410000,16825800,8410000,0,0,0,8415800,3769453,3.7695
swap_distribute_parallel_for_collapse_1400_2900_2900,1400,2900,0,5800,84117400,25238701,2900,99760000,32480000,25235800,8410000,16825800,8410000,0,0,0,8415800,3949218,3.9492
distribute_parallel_for_1400_2900_3400,1400,3400,0,6800,98620400,29590201,3400,111360000,38080000,29586800,9860000,19726800,9860000,0,0,0,9866800,3842555,3.8426
distribute_parallel_for_split_1400_2900_3400,1400,3400,0,6800,98620400,29590201,3400,111360000,38080000,29586800,9860000,19726800,9860000,0,0,0,9866800,4852170,4.8522
swap_distribute_parallel_for_1400_2900_3400,1400,3400,0,6800,98620400,29590201,3400,111360000,38080000,29586800,9860000,19726800,9860000,0,0,0,9866800,4795249,4.7952
swap_distribute_parallel_for_split_1400_2900_3400,1400,3400,0,6800,98620400,29590201,3400,111360000,38080000,29586800,9860000,19726800,9860000,0,0,0,9866800,3830525,3.8305
distribute_parallel_for_collapse_1400_2900_3400,1400,3400,0,6800,98620400,29590201,3400,111360000,38080000,29586800,9860000,19726800,9860000,0,0,0,9866800,4450520,4.4505
swap_distribute_parallel_for_collapse_1400_2900_3400,1400,3400,0,6800,98620400,29590201,3400,111360000,38080000,29586800,9860000,19726800,9860000,0,0,0,9866800,4549832,4.5498
distribute_parallel_for_1400_2900_3900,1400,3900,0,7800,113123400,33941701,3900,122960000,43680000,33937800,11310000,22627800,11310000,0,0,0,11317800,4410254,4.4103
distribute_parallel_for_split_1400_2900_3900,1400,3900,0,7800,113123400,33941701,3900,122960000,43680000,33937800,11310000,22627800,11310000,0,0,0,11317800,5496351,5.4964
swap_distribute_parallel_for_1400_2900_3900,1400,3900,0,7800,113123400,33941701,3900,122960000,43680000,33937800,11310000,22627800,11310000,0,0,0,11317800,7014491,7.0145
swap_distribute_parallel_for_split_1400_2900_3900,1400,3900,0,7800,113123400,33941701,3900,122960000,43680000,33937800,11310000,22627800,11310000,0,0,0,11317800,4354029,4.3540
distribute_parallel_for_collapse_1400_2900_3900,1400,3900,0,7800,113123400,33941701,3900,122960000,43680000,33937800,11310000,22627800,11310000,0,0,0,11317800,4605976,4.6060
swap_distribute_parallel_for_collapse_1400_2900_3900,1400,3900,0,7800,113123400,33941701,3900,122960000,43680000,33937800,11310000,22627800,11310000,0,0,0,11317800,5262818,5.2628
distribute_parallel_for_1400_2900_900,1400,900,0,1800,26105400,7832701,900,53360000,10080000,7831800,2610000,5221800,2610000,0,0,0,2611800,1092250,1.0922
distribute_parallel_for_split_1400_2900_900,1400,900,0,1800,26105400,7832701,900,53360000,10080000,7831800,2610000,5221800,2610000,0,0,0,2611800,1139036,1.1390
swap_distribute_parallel_for_1400_2900_900,1400,900,0,1800,26105400,7832701,900,53360000,10080000,7831800,2610000,5221800,2610000,0,0,0,2611800,2121605,2.1216
swap_distribute_parallel_for_split_1400_2900_900,1400,900,0,1800,26105400,7832701,900,53360000,10080000,7831800,2610000,5221800,2610000,0,0,0,2611800,966342,0.9663
distribute_parallel_for_collapse_1400_2900_900,1400,900,0,1800,26105400,7832701,900,53360000,10080000,7831800,2610000,5221800,2610000,0,0,0,2611800,1127384,1.1274
swap_distribute_parallel_for_collapse_1400_2900_900,1400,900,0,1800,26105400,7832701,900,53360000,10080000,7831800,2610000,5221800,2610000,0,0,0,2611800,1002334,1.0023
distribute_parallel_for_1400_3400_1400,1400,1400,0,2800,47608400,14284201,1400,76160000,15680000,14282800,4760000,9522800,4760000,0,0,0,4762800,2177432,2.1774
distribute_parallel_for_split_1400_3400_1400,1400,1400,0,2800,47608400,14284201,1400,76160000,15680000,14282800,4760000,9522800,4760000,0,0,0,4762800,2320336,2.3203
swap_distribute_parallel_for_1400_3400_1400,1400,1400,0,2800,47608400,14284201,1400,76160000,15680000,14282800,4760000,9522800,4760000,0,0,0,4762800,2825876,2.8259
swap_distribute_parallel_for_split_1400_3400_1400,1400,1400,0,2800,47608400,14284201,1400,76160000,15680000,14282800,4760000,9522800,4760000,0,0,0,4762800,1778383,1.7784
distribute_parallel_for_collapse_1400_3400_1400,1400,1400,0,2800,47608400,14284201,1400,76160000,15680000,14282800,4760000,9522800,4760000,0,0,0,4762800,2161581,2.1616
swap_distribute_parallel_for_collapse_1400_3400_1400,1400,1400,0,2800,47608400,14284201,1400,76160000,15680000,14282800,4760000,9522800,4760000,0,0,0,4762800,2153769,2.1538
distribute_parallel_for_1400_3400_1900,1400,1900,0,3800,64611400,19385701,1900,89760000,21280000,19383800,6460000,12923800,6460000,0,0,0,6463800,2583817,2.5838
distribute_parallel_for_split_1400_3400_1900,1400,1900,0,3800,64611400,19385701,1900,89760000,21280000,19383800,6460000,12923800,6460000,0,0,0,6463800,3083078,3.0831
swap_distribute_parallel_for_1400_3400_1900,1400,1900,0,3800,64611400,19385701,1900,89760000,21280000,19383800,6460000,12923800,6460000,0,0,0,6463800,2910301,2.9103
swap_distribute_parallel_for_split_1400_3400_1900,1400,1900,0,3800,64611400,19385701,1900,89760000,21280000,19383800,6460000,12923800,6460000,0,0,0,6463800,2472575,2.4726
distribute_parallel_for_collapse_1400_3400_1900,1400,1900,0,3800,64611400,19385701,1900,89760000,21280000,19383800,6460000,12923800,6460000,0,0,0,6463800,2868990,2.8690
swap_distribute_parallel_for_collapse_1400_3400_1900,1400,1900,0,3800,64611400,19385701,1900,89760000,21280000,19383800,6460000,12923800,6460000,0,0,0,6463800,2897914,2.8979
distribute_parallel_for_1400_3400_2400,1400,2400,0,4800,81614400,24487201,2400,103360000,26880000,24484800,8160000,16324800,8160000,0,0,0,8164800,3389322,3.3893
distribute_parallel_for_split_1400_3400_2400,1400,2400,0,4800,81614400,24487201,2400,103360000,26880000,24484800,8160000,16324800,8160000,0,0,0,8164800,4071768,4.0718
swap_distribute_parallel_for_1400_3400_2400,1400,2400,0,4800,81614400,24487201,2400,103360000,26880000,24484800,8160000,16324800,8160000,0,0,0,8164800,5805744,5.8057
swap_distribute_parallel_for_split_1400_3400_2400,1400,2400,0,4800,81614400,24487201,2400,103360000,26880000,24484800,8160000,16324800,8160000,0,0,0,8164800,3119568,3.1196
distribute_parallel_for_collapse_1400_3400_2400,1400,2400,0,4800,81614400,24487201,2400,103360000,26880000,24484800,8160000,16324800,8160000,0,0,0,8164800,3462695,3.4627
swap_distribute_parallel_for_collapse_1400_3400_2400,1400,2400,0,4800,81614400,24487201,2400,103360000,26880000,24484800,8160000,16324800,8160000,0,0,0,8164800,3737615,3.7376
distribute_parallel_for_1400_3400_2900,1400,2900,0,5800,98617400,29588701,2900,116960000,32480000,29585800,9860000,19725800,9860000,0,0,0,9865800,3940612,3.9406
distribute_parallel_for_split_1400_3400_2900,1400,2900,0,5800,98617400,29588701,2900,116960000,32480000,29585800,9860000,19725800,9860000,0,0,0,9865800,4539106,4.5391
swap_distribute_parallel_for_1400_3400_2900,1400,2900,0,5800,98617400,29588701,2900,116960000,32480000,29585800,9860000,19725800,9860000,0,0,0,9865800,5947363,5.9474
swap_distribute_parallel_for_split_1400_3400_2900,1400,2900,0,5800,98617400,29588701,2900,116960000,32480000,29585800,9860000,19725800,9860000,0,0,0,9865800,3988455,3.9885
distribute_parallel_for_collapse_1400_3400_2900,1400,2900,0,5800,98617400,29588701,2900,116960000,32480000,29585800,9860000,19725800,9860000,0,0,0,9865800,4422206,4.4222
swap_distribute_parallel_for_collapse_1400_3400_2900,1400,2900,0,5800,98617400,29588701,2900,116960000,32480000,29585800,9860000,19725800,9860000,0,0,0,9865800,4649557,4.6496
distribute_parallel_for_1400_3400_3400,1400,3400,0,6800,115620400,34690201,3400,130560000,38080000,34686800,11560000,23126800,11560000,0,0,0,11566800,5251333,5.2513
distribute_parallel_for_split_1400_3400_3400,1400,3400,0,6800,115620400,34690201,3400,130560000,38080000,34686800,11560000,23126800,11560000,0,0,0,11566800,5775509,5.7755
swap_distribute_parallel_for_1400_3400_3400,1400,3400,0,6800,115620400,34690201,3400,130560000,38080000,34686800,11560000,23126800,11560000,0,0,0,11566800,5674350,5.6743
swap_distribute_parallel_for_split_1400_3400_3400,1400,3400,0,6800,115620400,34690201,3400,130560000,38080000,34686800,11560000,23126800,11560000,0,0,0,11566800,4524889,4.5249
distribute_parallel_for_collapse_1400_3400_3400,1400,3400,0,6800,115620400,34690201,3400,130560000,38080000,34686800,11560000,23126800,11560000,0,0,0,11566800,5230426,5.2304
swap_distribute_parallel_for_collapse_1400_3400_3400,1400,3400,0,6800,115620400,34690201,3400,130560000,38080000,34686800,11560000,23126800,11560000,0,0,0,11566800,5334257,5.3343
distribute_parallel_for_1400_3400_3900,1400,3900,0,7800,132623400,39791701,3900,144160000,43680000,39787800,13260000,26527800,13260000,0,0,0,13267800,5494239,5.4942
distribute_parallel_for_split_1400_3400_3900,1400,3900,0,7800,132623400,39791701,3900,144160000,43680000,39787800,13260000,26527800,13260000,0,0,0,13267800,6407897,6.4079
swap_distribute_parallel_for_1400_3400_3900,1400,3900,0,7800,132623400,39791701,3900,144160000,43680000,39787800,13260000,26527800,13260000,0,0,0,13267800,8177191,8.1772
swap_distribute_parallel_for_split_1400_3400_3900,1400,3900,0,7800,132623400,39791701,3900,144160000,43680000,39787800,13260000,26527800,13260000,0,0,0,13267800,5134776,5.1348
distribute_parallel_for_collapse_1400_3400_3900,1400,3900,0,7800,132623400,39791701,3900,144160000,43680000,39787800,13260000,26527800,13260000,0,0,0,13267800,5522496,5.5225
swap_distribute_parallel_for_collapse_1400_3400_3900,1400,3900,0,7800,132623400,39791701,3900,144160000,43680000,39787800,13260000,26527800,13260000,0,0,0,13267800,6304265,6.3043
distribute_parallel_for_1400_3400_900,1400,900,0,1800,30605400,9182701,900,62560000,10080000,9181800,3060000,6121800,3060000,0,0,0,3061800,1470969,1.4710
distribute_parallel_for_split_1400_3400_900,1400,900,0,1800,30605400,9182701,900,62560000,10080000,9181800,3060000,6121800,3060000,0,0,0,3061800,1277397,1.2774
swap_distribute_parallel_for_1400_3400_900,1400,900,0,1800,30605400,9182701,900,62560000,10080000,9181800,3060000,6121800,3060000,0,0,0,3061800,2534458,2.5345
swap_distribute_parallel_for_split_1400_3400_900,1400,900,0,1800,30605400,9182701,900,62560000,10080000,9181800,3060000,6121800,3060000,0,0,0,3061800,1111924,1.1119
distribute_parallel_for_collapse_1400_3400_900,1400,900,0,1800,30605400,9182701,900,62560000,10080000,9181800,3060000,6121800,3060000,0,0,0,3061800,1233275,1.2333
swap_distribute_parallel_for_collapse_1400_3400_900,1400,900,0,1800,30605400,9182701,900,62560000,10080000,9181800,3060000,6121800,3060000,0,0,0,3061800,1204217,1.2042
distribute_parallel_for_1400_3900_1400,1400,1400,0,2800,54608400,16384201,1400,87360000,15680000,16382800,5460000,10922800,5460000,0,0,0,5462800,2423862,2.4239
distribute_parallel_for_split_1400_3900_1400,1400,1400,0,2800,54608400,16384201,1400,87360000,15680000,16382800,5460000,10922800,5460000,0,0,0,5462800,2631748,2.6317
swap_distribute_parallel_for_1400_3900_1400,1400,1400,0,2800,54608400,16384201,1400,87360000,15680000,16382800,5460000,10922800,5460000,0,0,0,5462800,3256783,3.2568
swap_distribute_parallel_for_split_1400_3900_1400,1400,1400,0,2800,54608400,16384201,1400,87360000,15680000,16382800,5460000,10922800,5460000,0,0,0,5462800,2048928,2.0489
distribute_parallel_for_collapse_1400_3900_1400,1400,1400,0,2800,54608400,16384201,1400,87360000,15680000,16382800,5460000,10922800,5460000,0,0,0,5462800,2464358,2.4644
swap_distribute_parallel_for_collapse_1400_3900_1400,1400,1400,0,2800,54608400,16384201,1400,87360000,15680000,16382800,5460000,10922800,5460000,0,0,0,5462800,2439871,2.4399
distribute_parallel_for_1400_3900_1900,1400,1900,0,3800,74111400,22235701,1900,102960000,21280000,22233800,7410000,14823800,7410000,0,0,0,7413800,3241501,3.2415
distribute_parallel_for_split_1400_3900_1900,1400,1900,0,3800,74111400,22235701,1900,102960000,21280000,22233800,7410000,14823800,7410000,0,0,0,7413800,3612706,3.6127
swap_distribute_parallel_for_1400_3900_1900,1400,1900,0,3800,74111400,22235701,1900,102960000,21280000,22233800,7410000,14823800,7410000,0,0,0,7413800,3396667,3.3967
swap_distribute_parallel_for_split_1400_3900_1900,1400,1900,0,3800,74111400,22235701,1900,102960000,21280000,22233800,7410000,14823800,7410000,0,0,0,7413800,2812184,2.8122
distribute_parallel_for_collapse_1400_3900_1900,1400,1900,0,3800,74111400,22235701,1900,102960000,21280000,22233800,7410000,14823800,7410000,0,0,0,7413800,3277013,3.2770
swap_distribute_parallel_for_collapse_1400_3900_1900,1400,1900,0,3800,74111400,22235701,1900,102960000,21280000,22233800,7410000,14823800,7410000,0,0,0,7413800,3374658,3.3747
distribute_parallel_for_1400_3900_2400,1400,2400,0,4800,93614400,28087201,2400,118560000,26880000,28084800,9360000,18724800,9360000,0,0,0,9364800,3999244,3.9992
distribute_parallel_for_split_1400_3900_2400,1400,2400,0,4800,93614400,28087201,2400,118560000,26880000,28084800,9360000,18724800,9360000,0,0,0,9364800,4517676,4.5177
swap_distribute_parallel_for_1400_3900_2400,1400,2400,0,4800,93614400,28087201,2400,118560000,26880000,28084800,9360000,18724800,9360000,0,0,0,9364800,6667861,6.6679
swap_distribute_parallel_for_split_1400_3900_2400,1400,2400,0,4800,93614400,28087201,2400,118560000,26880000,28084800,9360000,18724800,9360000,0,0,0,9364800,3580203,3.5802
distribute_parallel_for_collapse_1400_3900_2400,1400,2400,0,4800,93614400,28087201,2400,118560000,26880000,28084800,9360000,18724800,9360000,0,0,0,9364800,3859547,3.8595
swap_distribute_parallel_for_collapse_1400_3900_2400,1400,2400,0,4800,93614400,28087201,2400,118560000,26880000,28084800,9360000,18724800,9360000,0,0,0,9364800,4399351,4.3994
distribute_parallel_for_1400_3900_2900,1400,2900,0,5800,113117400,33938701,2900,134160000,32480000,33935800,11310000,22625800,11310000,0,0,0,11315800,5093376,5.0934
distribute_parallel_for_split_1400_3900_2900,1400,2900,0,5800,113117400,33938701,2900,134160000,32480000,33935800,11310000,22625800,11310000,0,0,0,11315800,5270451,5.2705
swap_distribute_parallel_for_1400_3900_2900,1400,2900,0,5800,113117400,33938701,2900,134160000,32480000,33935800,11310000,22625800,11310000,0,0,0,11315800,6757711,6.7577
swap_distribute_parallel_for_split_1400_3900_2900,1400,2900,0,5800,113117400,33938701,2900,134160000,32480000,33935800,11310000,22625800,11310000,0,0,0,11315800,4616863,4.6169
distribute_parallel_for_collapse_1400_3900_2900,1400,2900,0,5800,113117400,33938701,2900,134160000,32480000,33935800,11310000,22625800,11310000,0,0,0,11315800,5150725,5.1507
swap_distribute_parallel_for_collapse_1400_3900_2900,1400,2900,0,5800,113117400,33938701,2900,134160000,32480000,33935800,11310000,22625800,11310000,0,0,0,11315800,5309757,5.3098
distribute_parallel_for_1400_3900_3400,1400,3400,0,6800,132620400,39790201,3400,149760000,38080000,39786800,13260000,26526800,13260000,0,0,0,13266800,5243209,5.2432
distribute_parallel_for_split_1400_3900_3400,1400,3400,0,6800,132620400,39790201,3400,149760000,38080000,39786800,13260000,26526800,13260000,0,0,0,13266800,6507165,6.5072
swap_distribute_parallel_for_1400_3900_3400,1400,3400,0,6800,132620400,39790201,3400,149760000,38080000,39786800,13260000,26526800,13260000,0,0,0,13266800,6480515,6.4805
swap_distribute_parallel_for_split_1400_3900_3400,1400,3400,0,6800,132620400,39790201,3400,149760000,38080000,39786800,13260000,26526800,13260000,0,0,0,13266800,5337499,5.3375
distribute_parallel_for_collapse_1400_3900_3400,1400,3400,0,6800,132620400,39790201,3400,149760000,38080000,39786800,13260000,26526800,13260000,0,0,0,13266800,6084556,6.0846
swap_distribute_parallel_for_collapse_1400_3900_3400,1400,3400,0,6800,132620400,39790201,3400,149760000,38080000,39786800,13260000,26526800,13260000,0,0,0,13266800,6287432,6.2874
distribute_parallel_for_1400_3900_3900,1400,3900,0,7800,152123400,45641701,3900,165360000,43680000,45637800,15210000,30427800,15210000,0,0,0,15217800,6711727,6.7117
distribute_parallel_for_split_1400_3900_3900,1400,3900,0,7800,152123400,45641701,3900,165360000,43680000,45637800,15210000,30427800,15210000,0,0,0,15217800,7210835,7.2108
swap_distribute_parallel_for_1400_3900_3900,1400,3900,0,7800,152123400,45641701,3900,165360000,43680000,45637800,15210000,30427800,15210000,0,0,0,15217800,9254915,9.2549
swap_distribute_parallel_for_split_1400_3900_3900,1400,3900,0,7800,152123400,45641701,3900,165360000,43680000,45637800,15210000,30427800,15210000,0,0,0,15217800,5917994,5.9180
distribute_parallel_for_collapse_1400_3900_3900,1400,3900,0,7800,152123400,45641701,3900,165360000,43680000,45637800,15210000,30427800,15210000,0,0,0,15217800,6374413,6.3744
swap_distribute_parallel_for_collapse_1400_3900_3900,1400,3900,0,7800,152123400,45641701,3900,165360000,43680000,45637800,15210000,30427800,15210000,0,0,0,15217800,7140399,7.1404
distribute_parallel_for_1400_3900_900,1400,900,0,1800,35105400,10532701,900,71760000,10080000,10531800,3510000,7021800,3510000,0,0,0,3511800,1423205,1.4232
distribute_parallel_for_split_1400_3900_900,1400,900,0,1800,35105400,10532701,900,71760000,10080000,10531800,3510000,7021800,3510000,0,0,0,3511800,1504660,1.5047
swap_distribute_parallel_for_1400_3900_900,1400,900,0,1800,35105400,10532701,900,71760000,10080000,10531800,3510000,7021800,3510000,0,0,0,3511800,2967304,2.9673
swap_distribute_parallel_for_split_1400_3900_900,1400,900,0,1800,35105400,10532701,900,71760000,10080000,10531800,3510000,7021800,3510000,0,0,0,3511800,1369171,1.3692
distribute_parallel_for_collapse_1400_3900_900,1400,900,0,1800,35105400,10532701,900,71760000,10080000,10531800,3510000,7021800,3510000,0,0,0,3511800,1444995,1.4450
swap_distribute_parallel_for_collapse_1400_3900_900,1400,900,0,1800,35105400,10532701,900,71760000,10080000,10531800,3510000,7021800,3510000,0,0,0,3511800,1433568,1.4336
distribute_parallel_for_1400_900_1400,1400,1400,0,2800,12608400,3784201,1400,20160000,15680000,3782800,1260000,2522800,1260000,0,0,0,1262800,540436,0.5404
distribute_parallel_for_split_1400_900_1400,1400,1400,0,2800,12608400,3784201,1400,20160000,15680000,3782800,1260000,2522800,1260000,0,0,0,1262800,478705,0.4787
swap_distribute_parallel_for_1400_900_1400,1400,1400,0,2800,12608400,3784201,1400,20160000,15680000,3782800,1260000,2522800,1260000,0,0,0,1262800,740782,0.7408
swap_distribute_parallel_for_split_1400_900_1400,1400,1400,0,2800,12608400,3784201,1400,20160000,15680000,3782800,1260000,2522800,1260000,0,0,0,1262800,520810,0.5208
distribute_parallel_for_collapse_1400_900_1400,1400,1400,0,2800,12608400,3784201,1400,20160000,15680000,3782800,1260000,2522800,1260000,0,0,0,1262800,517499,0.5175
swap_distribute_parallel_for_collapse_1400_900_1400,1400,1400,0,2800,12608400,3784201,1400,20160000,15680000,3782800,1260000,2522800,1260000,0,0,0,1262800,556442,0.5564
distribute_parallel_for_1400_900_1900,1400,1900,0,3800,17111400,5135701,1900,23760000,21280000,5133800,1710000,3423800,1710000,0,0,0,1713800,743675,0.7437
distribute_parallel_for_split_1400_900_1900,1400,1900,0,3800,17111400,5135701,1900,23760000,21280000,5133800,1710000,3423800,1710000,0,0,0,1713800,686321,0.6863
swap_distribute_parallel_for_1400_900_1900,1400,1900,0,3800,17111400,5135701,1900,23760000,21280000,5133800,1710000,3423800,1710000,0,0,0,1713800,749123,0.7491
swap_distribute_parallel_for_split_1400_900_1900,1400,1900,0,3800,17111400,5135701,1900,23760000,21280000,5133800,1710000,3423800,1710000,0,0,0,1713800,693840,0.6938
distribute_parallel_for_collapse_1400_900_1900,1400,1900,0,3800,17111400,5135701,1900,23760000,21280000,5133800,1710000,3423800,1710000,0,0,0,1713800,729916,0.7299
swap_distribute_parallel_for_collapse_1400_900_1900,1400,1900,0,3800,17111400,5135701,1900,23760000,21280000,5133800,1710000,3423800,1710000,0,0,0,1713800,799546,0.7995
distribute_parallel_for_1400_900_2400,1400,2400,0,4800,21614400,6487201,2400,27360000,26880000,6484800,2160000,4324800,2160000,0,0,0,2164800,928051,0.9281
distribute_parallel_for_split_1400_900_2400,1400,2400,0,4800,21614400,6487201,2400,27360000,26880000,6484800,2160000,4324800,2160000,0,0,0,2164800,930318,0.9303
swap_distribute_parallel_for_1400_900_2400,1400,2400,0,4800,21614400,6487201,2400,27360000,26880000,6484800,2160000,4324800,2160000,0,0,0,2164800,1471751,1.4718
swap_distribute_parallel_for_split_1400_900_2400,1400,2400,0,4800,21614400,6487201,2400,27360000,26880000,6484800,2160000,4324800,2160000,0,0,0,2164800,841588,0.8416
distribute_parallel_for_collapse_1400_900_2400,1400,2400,0,4800,21614400,6487201,2400,27360000,26880000,6484800,2160000,4324800,2160000,0,0,0,2164800,883488,0.8835
swap_distribute_parallel_for_collapse_1400_900_2400,1400,2400,0,4800,21614400,6487201,2400,27360000,26880000,6484800,2160000,4324800,2160000,0,0,0,2164800,970968,0.9710
distribute_parallel_for_1400_900_2900,1400,2900,0,5800,26117400,7838701,2900,30960000,32480000,7835800,2610000,5225800,2610000,0,0,0,2615800,1121197,1.1212
distribute_parallel_for_split_1400_900_2900,1400,2900,0,5800,26117400,7838701,2900,30960000,32480000,7835800,2610000,5225800,2610000,0,0,0,2615800,957264,0.9573
swap_distribute_parallel_for_1400_900_2900,1400,2900,0,5800,26117400,7838701,2900,30960000,32480000,7835800,2610000,5225800,2610000,0,0,0,2615800,1642997,1.6430
swap_distribute_parallel_for_split_1400_900_2900,1400,2900,0,5800,26117400,7838701,2900,30960000,32480000,7835800,2610000,5225800,2610000,0,0,0,2615800,1099371,1.0994
distribute_parallel_for_collapse_1400_900_2900,1400,2900,0,5800,26117400,7838701,2900,30960000,32480000,7835800,2610000,5225800,2610000,0,0,0,2615800,1069730,1.0697
swap_distribute_parallel_for_collapse_1400_900_2900,1400,2900,0,5800,26117400,7838701,2900,30960000,32480000,7835800,2610000,5225800,2610000,0,0,0,2615800,1199917,1.1999
distribute_parallel_for_1400_900_3400,1400,3400,0,6800,30620400,9190201,3400,34560000,38080000,9186800,3060000,6126800,3060000,0,0,0,3066800,1306658,1.3067
distribute_parallel_for_split_1400_900_3400,1400,3400,0,6800,30620400,9190201,3400,34560000,38080000,9186800,3060000,6126800,3060000,0,0,0,3066800,1282623,1.2826
swap_distribute_parallel_for_1400_900_3400,1400,3400,0,6800,30620400,9190201,3400,34560000,38080000,9186800,3060000,6126800,3060000,0,0,0,3066800,1475953,1.4760
swap_distribute_parallel_for_split_1400_900_3400,1400,3400,0,6800,30620400,9190201,3400,34560000,38080000,9186800,3060000,6126800,3060000,0,0,0,3066800,1159528,1.1595
distribute_parallel_for_collapse_1400_900_3400,1400,3400,0,6800,30620400,9190201,3400,34560000,38080000,9186800,3060000,6126800,3060000,0,0,0,3066800,1301820,1.3018
swap_distribute_parallel_for_collapse_1400_900_3400,1400,3400,0,6800,30620400,9190201,3400,34560000,38080000,9186800,3060000,6126800,3060000,0,0,0,3066800,1401542,1.4015
distribute_parallel_for_1400_900_3900,1400,3900,0,7800,35123400,10541701,3900,38160000,43680000,10537800,3510000,7027800,3510000,0,0,0,3517800,1529686,1.5297
distribute_parallel_for_split_1400_900_3900,1400,3900,0,7800,35123400,10541701,3900,38160000,43680000,10537800,3510000,7027800,3510000,0,0,0,3517800,1517097,1.5171
swap_distribute_parallel_for_1400_900_3900,1400,3900,0,7800,35123400,10541701,3900,38160000,43680000,10537800,3510000,7027800,3510000,0,0,0,3517800,1905006,1.9050
swap_distribute_parallel_for_split_1400_900_3900,1400,3900,0,7800,35123400,10541701,3900,38160000,43680000,10537800,3510000,7027800,3510000,0,0,0,3517800,1426930,1.4269
distribute_parallel_for_collapse_1400_900_3900,1400,3900,0,7800,35123400,10541701,3900,38160000,43680000,10537800,3510000,7027800,3510000,0,0,0,3517800,1421469,1.4215
swap_distribute_parallel_for_collapse_1400_900_3900,1400,3900,0,7800,35123400,10541701,3900,38160000,43680000,10537800,3510000,7027800,3510000,0,0,0,3517800,1645493,1.6455
distribute_parallel_for_1400_900_900,1400,900,0,1800,8105400,2432701,900,16560000,10080000,2431800,810000,1621800,810000,0,0,0,811800,339313,0.3393
distribute_parallel_for_split_1400_900_900,1400,900,0,1800,8105400,2432701,900,16560000,10080000,2431800,810000,1621800,810000,0,0,0,811800,254647,0.2546
swap_distribute_parallel_for_1400_900_900,1400,900,0,1800,8105400,2432701,900,16560000,10080000,2431800,810000,1621800,810000,0,0,0,811800,518188,0.5182
swap_distribute_parallel_for_split_1400_900_900,1400,900,0,1800,8105400,2432701,900,16560000,10080000,2431800,810000,1621800,810000,0,0,0,811800,273984,0.2740
distribute_parallel_for_collapse_1400_900_900,1400,900,0,1800,8105400,2432701,900,16560000,10080000,2431800,810000,1621800,810000,0,0,0,811800,316033,0.3160
swap_distribute_parallel_for_collapse_1400_900_900,1400,900,0,1800,8105400,2432701,900,16560000,10080000,2431800,810000,1621800,810000,0,0,0,811800,282079,0.2821
distribute_parallel_for_1500_1000_1000,1500,1000,0,2000,10006000,3003001,1000,20000000,12000000,3002000,1000000,2002000,1000000,0,0,0,1002000,466384,0.4664
distribute_parallel_for_split_1500_1000_1000,1500,1000,0,2000,10006000,3003001,1000,20000000,12000000,3002000,1000000,2002000,1000000,0,0,0,1002000,376035,0.3760
swap_distribute_parallel_for_1500_1000_1000,1500,1000,0,2000,10006000,3003001,1000,20000000,12000000,3002000,1000000,2002000,1000000,0,0,0,1002000,654100,0.6541
swap_distribute_parallel_for_split_1500_1000_1000,1500,1000,0,2000,10006000,3003001,1000,20000000,12000000,3002000,1000000,2002000,1000000,0,0,0,1002000,425118,0.4251
distribute_parallel_for_collapse_1500_1000_1000,1500,1000,0,2000,10006000,3003001,1000,20000000,12000000,3002000,1000000,2002000,1000000,0,0,0,1002000,425544,0.4255
swap_distribute_parallel_for_collapse_1500_1000_1000,1500,1000,0,2000,10006000,3003001,1000,20000000,12000000,3002000,1000000,2002000,1000000,0,0,0,1002000,403295,0.4033
distribute_parallel_for_1500_1000_1500,1500,1500,0,3000,15009000,4504501,1500,24000000,18000000,4503000,1500000,3003000,1500000,0,0,0,1503000,619614,0.6196
distribute_parallel_for_split_1500_1000_1500,1500,1500,0,3000,15009000,4504501,1500,24000000,18000000,4503000,1500000,3003000,1500000,0,0,0,1503000,650616,0.6506
swap_distribute_parallel_for_1500_1000_1500,1500,1500,0,3000,15009000,4504501,1500,24000000,18000000,4503000,1500000,3003000,1500000,0,0,0,1503000,810504,0.8105
swap_distribute_parallel_for_split_1500_1000_1500,1500,1500,0,3000,15009000,4504501,1500,24000000,18000000,4503000,1500000,3003000,1500000,0,0,0,1503000,667395,0.6674
distribute_parallel_for_collapse_1500_1000_1500,1500,1500,0,3000,15009000,4504501,1500,24000000,18000000,4503000,1500000,3003000,1500000,0,0,0,1503000,622623,0.6226
swap_distribute_parallel_for_collapse_1500_1000_1500,1500,1500,0,3000,15009000,4504501,1500,24000000,18000000,4503000,1500000,3003000,1500000,0,0,0,1503000,654056,0.6541
distribute_parallel_for_1500_1000_2000,1500,2000,0,4000,20012000,6006001,2000,28000000,24000000,6004000,2000000,4004000,2000000,0,0,0,2004000,897219,0.8972
distribute_parallel_for_split_1500_1000_2000,1500,2000,0,4000,20012000,6006001,2000,28000000,24000000,6004000,2000000,4004000,2000000,0,0,0,2004000,962703,0.9627
swap_distribute_parallel_for_1500_1000_2000,1500,2000,0,4000,20012000,6006001,2000,28000000,24000000,6004000,2000000,4004000,2000000,0,0,0,2004000,1398021,1.3980
swap_distribute_parallel_for_split_1500_1000_2000,1500,2000,0,4000,20012000,6006001,2000,28000000,24000000,6004000,2000000,4004000,2000000,0,0,0,2004000,853480,0.8535
distribute_parallel_for_collapse_1500_1000_2000,1500,2000,0,4000,20012000,6006001,2000,28000000,24000000,6004000,2000000,4004000,2000000,0,0,0,2004000,852125,0.8521
swap_distribute_parallel_for_collapse_1500_1000_2000,1500,2000,0,4000,20012000,6006001,2000,28000000,24000000,6004000,2000000,4004000,2000000,0,0,0,2004000,917773,0.9178
distribute_parallel_for_1500_1000_2500,1500,2500,0,5000,25015000,7507501,2500,32000000,30000000,7505000,2500000,5005000,2500000,0,0,0,2505000,1114447,1.1144
distribute_parallel_for_split_1500_1000_2500,1500,2500,0,5000,25015000,7507501,2500,32000000,30000000,7505000,2500000,5005000,2500000,0,0,0,2505000,1121870,1.1219
swap_distribute_parallel_for_1500_1000_2500,1500,2500,0,5000,25015000,7507501,2500,32000000,30000000,7505000,2500000,5005000,2500000,0,0,0,2505000,1732348,1.7323
swap_distribute_parallel_for_split_1500_1000_2500,1500,2500,0,5000,25015000,7507501,2500,32000000,30000000,7505000,2500000,5005000,2500000,0,0,0,2505000,1075384,1.0754
distribute_parallel_for_collapse_1500_1000_2500,1500,2500,0,5000,25015000,7507501,2500,32000000,30000000,7505000,2500000,5005000,2500000,0,0,0,2505000,1049626,1.0496
swap_distribute_parallel_for_collapse_1500_1000_2500,1500,2500,0,5000,25015000,7507501,2500,32000000,30000000,7505000,2500000,5005000,2500000,0,0,0,2505000,1221028,1.2210
distribute_parallel_for_1500_1000_3000,1500,3000,0,6000,30018000,9009001,3000,36000000,36000000,9006000,3000000,6006000,3000000,0,0,0,3006000,1340196,1.3402
distribute_parallel_for_split_1500_1000_3000,1500,3000,0,6000,30018000,9009001,3000,36000000,36000000,9006000,3000000,6006000,3000000,0,0,0,3006000,1503091,1.5031
swap_distribute_parallel_for_1500_1000_3000,1500,3000,0,6000,30018000,9009001,3000,36000000,36000000,9006000,3000000,6006000,3000000,0,0,0,3006000,1759623,1.7596
swap_distribute_parallel_for_split_1500_1000_3000,1500,3000,0,6000,30018000,9009001,3000,36000000,36000000,9006000,3000000,6006000,3000000,0,0,0,3006000,1264241,1.2642
distribute_parallel_for_collapse_1500_1000_3000,1500,3000,0,6000,30018000,9009001,3000,36000000,36000000,9006000,3000000,6006000,3000000,0,0,0,3006000,1309636,1.3096
swap_distribute_parallel_for_collapse_1500_1000_3000,1500,3000,0,6000,30018000,9009001,3000,36000000,36000000,9006000,3000000,6006000,3000000,0,0,0,3006000,1446903,1.4469
distribute_parallel_for_1500_1000_3500,1500,3500,0,7000,35021000,10510501,3500,40000000,42000000,10507000,3500000,7007000,3500000,0,0,0,3507000,1619270,1.6193
distribute_parallel_for_split_1500_1000_3500,1500,3500,0,7000,35021000,10510501,3500,40000000,42000000,10507000,3500000,7007000,3500000,0,0,0,3507000,1611727,1.6117
swap_distribute_parallel_for_1500_1000_3500,1500,3500,0,7000,35021000,10510501,3500,40000000,42000000,10507000,3500000,7007000,3500000,0,0,0,3507000,1759336,1.7593
swap_distribute_parallel_for_split_1500_1000_3500,1500,3500,0,7000,35021000,10510501,3500,40000000,42000000,10507000,3500000,7007000,3500000,0,0,0,3507000,1437797,1.4378
distribute_parallel_for_collapse_1500_1000_3500,1500,3500,0,7000,35021000,10510501,3500,40000000,42000000,10507000,3500000,7007000,3500000,0,0,0,3507000,1521759,1.5218
swap_distribute_parallel_for_collapse_1500_1000_3500,1500,3500,0,7000,35021000,10510501,3500,40000000,42000000,10507000,3500000,7007000,3500000,0,0,0,3507000,1731768,1.7318
distribute_parallel_for_1500_1000_4000,1500,4000,0,8000,40024000,12012001,4000,44000000,48000000,12008000,4000000,8008000,4000000,0,0,0,4008000,1709117,1.7091
distribute_parallel_for_split_1500_1000_4000,1500,4000,0,8000,40024000,12012001,4000,44000000,48000000,12008000,4000000,8008000,4000000,0,0,0,4008000,2012057,2.0121
swap_distribute_parallel_for_1500_1000_4000,1500,4000,0,8000,40024000,12012001,4000,44000000,48000000,12008000,4000000,8008000,4000000,0,0,0,4008000,2670414,2.6704
swap_distribute_parallel_for_split_1500_1000_4000,1500,4000,0,8000,40024000,12012001,4000,44000000,48000000,12008000,4000000,8008000,4000000,0,0,0,4008000,1615568,1.6156
distribute_parallel_for_collapse_1500_1000_4000,1500,4000,0,8000,40024000,12012001,4000,44000000,48000000,12008000,4000000,8008000,4000000,0,0,0,4008000,1778436,1.7784
swap_distribute_parallel_for_collapse_1500_1000_4000,1500,4000,0,8000,40024000,12012001,4000,44000000,48000000,12008000,4000000,8008000,4000000,0,0,0,4008000,1999554,1.9996
distribute_parallel_for_1500_1500_1000,1500,1000,0,2000,15006000,4503001,1000,30000000,12000000,4502000,1500000,3002000,1500000,0,0,0,1502000,687171,0.6872
distribute_parallel_for_split_1500_1500_1000,1500,1000,0,2000,15006000,4503001,1000,30000000,12000000,4502000,1500000,3002000,1500000,0,0,0,1502000,740992,0.7410
swap_distribute_parallel_for_1500_1500_1000,1500,1000,0,2000,15006000,4503001,1000,30000000,12000000,4502000,1500000,3002000,1500000,0,0,0,1502000,1021461,1.0215
swap_distribute_parallel_for_split_1500_1500_1000,1500,1000,0,2000,15006000,4503001,1000,30000000,12000000,4502000,1500000,3002000,1500000,0,0,0,1502000,642110,0.6421
distribute_parallel_for_collapse_1500_1500_1000,1500,1000,0,2000,15006000,4503001,1000,30000000,12000000,4502000,1500000,3002000,1500000,0,0,0,1502000,625971,0.6260
swap_distribute_parallel_for_collapse_1500_1500_1000,1500,1000,0,2000,15006000,4503001,1000,30000000,12000000,4502000,1500000,3002000,1500000,0,0,0,1502000,620615,0.6206
distribute_parallel_for_1500_1500_1500,1500,1500,0,3000,22509000,6754501,1500,36000000,18000000,6753000,2250000,4503000,2250000,0,0,0,2253000,904153,0.9042
distribute_parallel_for_split_1500_1500_1500,1500,1500,0,3000,22509000,6754501,1500,36000000,18000000,6753000,2250000,4503000,2250000,0,0,0,2253000,1033797,1.0338
swap_distribute_parallel_for_1500_1500_1500,1500,1500,0,3000,22509000,6754501,1500,36000000,18000000,6753000,2250000,4503000,2250000,0,0,0,2253000,1315494,1.3155
swap_distribute_parallel_for_split_1500_1500_1500,1500,1500,0,3000,22509000,6754501,1500,36000000,18000000,6753000,2250000,4503000,2250000,0,0,0,2253000,996457,0.9965
distribute_parallel_for_collapse_1500_1500_1500,1500,1500,0,3000,22509000,6754501,1500,36000000,18000000,6753000,2250000,4503000,2250000,0,0,0,2253000,957917,0.9579
swap_distribute_parallel_for_collapse_1500_1500_1500,1500,1500,0,3000,22509000,6754501,1500,36000000,18000000,6753000,2250000,4503000,2250000,0,0,0,2253000,1017147,1.0171
distribute_parallel_for_1500_1500_2000,1500,2000,0,4000,30012000,9006001,2000,42000000,24000000,9004000,3000000,6004000,3000000,0,0,0,3004000,1407488,1.4075
distribute_parallel_for_split_1500_1500_2000,1500,2000,0,4000,30012000,9006001,2000,42000000,24000000,9004000,3000000,6004000,3000000,0,0,0,3004000,1643727,1.6437
swap_distribute_parallel_for_1500_1500_2000,1500,2000,0,4000,30012000,9006001,2000,42000000,24000000,9004000,3000000,6004000,3000000,0,0,0,3004000,2339215,2.3392
swap_distribute_parallel_for_split_1500_1500_2000,1500,2000,0,4000,30012000,9006001,2000,42000000,24000000,9004000,3000000,6004000,3000000,0,0,0,3004000,1296878,1.2969
distribute_parallel_for_collapse_1500_1500_2000,1500,2000,0,4000,30012000,9006001,2000,42000000,24000000,9004000,3000000,6004000,3000000,0,0,0,3004000,1311948,1.3119
swap_distribute_parallel_for_collapse_1500_1500_2000,1500,2000,0,4000,30012000,9006001,2000,42000000,24000000,9004000,3000000,6004000,3000000,0,0,0,3004000,1430167,1.4302
distribute_parallel_for_1500_1500_2500,1500,2500,0,5000,37515000,11257501,2500,48000000,30000000,11255000,3750000,7505000,3750000,0,0,0,3755000,1516869,1.5169
distribute_parallel_for_split_1500_1500_2500,1500,2500,0,5000,37515000,11257501,2500,48000000,30000000,11255000,3750000,7505000,3750000,0,0,0,3755000,1885242,1.8852
swap_distribute_parallel_for_1500_1500_2500,1500,2500,0,5000,37515000,11257501,2500,48000000,30000000,11255000,3750000,7505000,3750000,0,0,0,3755000,2635096,2.6351
swap_distribute_parallel_for_split_1500_1500_2500,1500,2500,0,5000,37515000,11257501,2500,48000000,30000000,11255000,3750000,7505000,3750000,0,0,0,3755000,1627547,1.6275
distribute_parallel_for_collapse_1500_1500_2500,1500,2500,0,5000,37515000,11257501,2500,48000000,30000000,11255000,3750000,7505000,3750000,0,0,0,3755000,1667228,1.6672
swap_distribute_parallel_for_collapse_1500_1500_2500,1500,2500,0,5000,37515000,11257501,2500,48000000,30000000,11255000,3750000,7505000,3750000,0,0,0,3755000,1902529,1.9025
distribute_parallel_for_1500_1500_3000,1500,3000,0,6000,45018000,13509001,3000,54000000,36000000,13506000,4500000,9006000,4500000,0,0,0,4506000,1811462,1.8115
distribute_parallel_for_split_1500_1500_3000,1500,3000,0,6000,45018000,13509001,3000,54000000,36000000,13506000,4500000,9006000,4500000,0,0,0,4506000,2383886,2.3839
swap_distribute_parallel_for_1500_1500_3000,1500,3000,0,6000,45018000,13509001,3000,54000000,36000000,13506000,4500000,9006000,4500000,0,0,0,4506000,2626987,2.6270
swap_distribute_parallel_for_split_1500_1500_3000,1500,3000,0,6000,45018000,13509001,3000,54000000,36000000,13506000,4500000,9006000,4500000,0,0,0,4506000,1843093,1.8431
distribute_parallel_for_collapse_1500_1500_3000,1500,3000,0,6000,45018000,13509001,3000,54000000,36000000,13506000,4500000,9006000,4500000,0,0,0,4506000,1963999,1.9640
swap_distribute_parallel_for_collapse_1500_1500_3000,1500,3000,0,6000,45018000,13509001,3000,54000000,36000000,13506000,4500000,9006000,4500000,0,0,0,4506000,2209883,2.2099
distribute_parallel_for_1500_1500_3500,1500,3500,0,7000,52521000,15760501,3500,60000000,42000000,15757000,5250000,10507000,5250000,0,0,0,5257000,2351287,2.3513
distribute_parallel_for_split_1500_1500_3500,1500,3500,0,7000,52521000,15760501,3500,60000000,42000000,15757000,5250000,10507000,5250000,0,0,0,5257000,2911629,2.9116
swap_distribute_parallel_for_1500_1500_3500,1500,3500,0,7000,52521000,15760501,3500,60000000,42000000,15757000,5250000,10507000,5250000,0,0,0,5257000,2699179,2.6992
swap_distribute_parallel_for_split_1500_1500_3500,1500,3500,0,7000,52521000,15760501,3500,60000000,42000000,15757000,5250000,10507000,5250000,0,0,0,5257000,2147916,2.1479
distribute_parallel_for_collapse_1500_1500_3500,1500,3500,0,7000,52521000,15760501,3500,60000000,42000000,15757000,5250000,10507000,5250000,0,0,0,5257000,2215356,2.2154
swap_distribute_parallel_for_collapse_1500_1500_3500,1500,3500,0,7000,52521000,15760501,3500,60000000,42000000,15757000,5250000,10507000,5250000,0,0,0,5257000,2598967,2.5990
distribute_parallel_for_1500_1500_4000,1500,4000,0,8000,60024000,18012001,4000,66000000,48000000,18008000,6000000,12008000,6000000,0,0,0,6008000,2744754,2.7448
distribute_parallel_for_split_1500_1500_4000,1500,4000,0,8000,60024000,18012001,4000,66000000,48000000,18008000,6000000,12008000,6000000,0,0,0,6008000,3322822,3.3228
swap_distribute_parallel_for_1500_1500_4000,1500,4000,0,8000,60024000,18012001,4000,66000000,48000000,18008000,6000000,12008000,6000000,0,0,0,6008000,4115569,4.1156
swap_distribute_parallel_for_split_1500_1500_4000,1500,4000,0,8000,60024000,18012001,4000,66000000,48000000,18008000,6000000,12008000,6000000,0,0,0,6008000,2519357,2.5194
distribute_parallel_for_collapse_1500_1500_4000,1500,4000,0,8000,60024000,18012001,4000,66000000,48000000,18008000,6000000,12008000,6000000,0,0,0,6008000,2634873,2.6349
swap_distribute_parallel_for_collapse_1500_1500_4000,1500,4000,0,8000,60024000,18012001,4000,66000000,48000000,18008000,6000000,12008000,6000000,0,0,0,6008000,2963772,2.9638
distribute_parallel_for_1500_2000_1000,1500,1000,0,2000,20006000,6003001,1000,40000000,12000000,6002000,2000000,4002000,2000000,0,0,0,2002000,1006630,1.0066
distribute_parallel_for_split_1500_2000_1000,1500,1000,0,2000,20006000,6003001,1000,40000000,12000000,6002000,2000000,4002000,2000000,0,0,0,2002000,981537,0.9815
swap_distribute_parallel_for_1500_2000_1000,1500,1000,0,2000,20006000,6003001,1000,40000000,12000000,6002000,2000000,4002000,2000000,0,0,0,2002000,1528759,1.5288
swap_distribute_parallel_for_split_1500_2000_1000,1500,1000,0,2000,20006000,6003001,1000,40000000,12000000,6002000,2000000,4002000,2000000,0,0,0,2002000,924363,0.9244
distribute_parallel_for_collapse_1500_2000_1000,1500,1000,0,2000,20006000,6003001,1000,40000000,12000000,6002000,2000000,4002000,2000000,0,0,0,2002000,866458,0.8665
swap_distribute_parallel_for_collapse_1500_2000_1000,1500,1000,0,2000,20006000,6003001,1000,40000000,12000000,6002000,2000000,4002000,2000000,0,0,0,2002000,886612,0.8866
distribute_parallel_for_1500_2000_1500,1500,1500,0,3000,30009000,9004501,1500,48000000,18000000,9003000,3000000,6003000,3000000,0,0,0,3003000,1227167,1.2272
distribute_parallel_for_split_1500_2000_1500,1500,1500,0,3000,30009000,9004501,1500,48000000,18000000,9003000,3000000,6003000,3000000,0,0,0,3003000,1479162,1.4792
swap_distribute_parallel_for_1500_2000_1500,1500,1500,0,3000,30009000,9004501,1500,48000000,18000000,9003000,3000000,6003000,3000000,0,0,0,3003000,1790843,1.7908
swap_distribute_parallel_for_split_1500_2000_1500,1500,1500,0,3000,30009000,9004501,1500,48000000,18000000,9003000,3000000,6003000,3000000,0,0,0,3003000,1368165,1.3682
distribute_parallel_for_collapse_1500_2000_1500,1500,1500,0,3000,30009000,9004501,1500,48000000,18000000,9003000,3000000,6003000,3000000,0,0,0,3003000,1314502,1.3145
swap_distribute_parallel_for_collapse_1500_2000_1500,1500,1500,0,3000,30009000,9004501,1500,48000000,18000000,9003000,3000000,6003000,3000000,0,0,0,3003000,1428520,1.4285
distribute_parallel_for_1500_2000_2000,1500,2000,0,4000,40012000,12006001,2000,56000000,24000000,12004000,4000000,8004000,4000000,0,0,0,4004000,1638304,1.6383
distribute_parallel_for_split_1500_2000_2000,1500,2000,0,4000,40012000,12006001,2000,56000000,24000000,12004000,4000000,8004000,4000000,0,0,0,4004000,2186748,2.1867
swap_distribute_parallel_for_1500_2000_2000,1500,2000,0,4000,40012000,12006001,2000,56000000,24000000,12004000,4000000,8004000,4000000,0,0,0,4004000,3226657,3.2267
swap_distribute_parallel_for_split_1500_2000_2000,1500,2000,0,4000,40012000,12006001,2000,56000000,24000000,12004000,4000000,8004000,4000000,0,0,0,4004000,1778717,1.7787
distribute_parallel_for_collapse_1500_2000_2000,1500,2000,0,4000,40012000,12006001,2000,56000000,24000000,12004000,4000000,8004000,4000000,0,0,0,4004000,1786128,1.7861
swap_distribute_parallel_for_collapse_1500_2000_2000,1500,2000,0,4000,40012000,12006001,2000,56000000,24000000,12004000,4000000,8004000,4000000,0,0,0,4004000,1940025,1.9400
distribute_parallel_for_1500_2000_2500,1500,2500,0,5000,50015000,15007501,2500,64000000,30000000,15005000,5000000,10005000,5000000,0,0,0,5005000,2155658,2.1557
distribute_parallel_for_split_1500_2000_2500,1500,2500,0,5000,50015000,15007501,2500,64000000,30000000,15005000,5000000,10005000,5000000,0,0,0,5005000,2769578,2.7696
swap_distribute_parallel_for_1500_2000_2500,1500,2500,0,5000,50015000,15007501,2500,64000000,30000000,15005000,5000000,10005000,5000000,0,0,0,5005000,3541699,3.5417
swap_distribute_parallel_for_split_1500_2000_2500,1500,2500,0,5000,50015000,15007501,2500,64000000,30000000,15005000,5000000,10005000,5000000,0,0,0,5005000,2172493,2.1725
distribute_parallel_for_collapse_1500_2000_2500,1500,2500,0,5000,50015000,15007501,2500,64000000,30000000,15005000,5000000,10005000,5000000,0,0,0,5005000,2164232,2.1642
swap_distribute_parallel_for_collapse_1500_2000_2500,1500,2500,0,5000,50015000,15007501,2500,64000000,30000000,15005000,5000000,10005000,5000000,0,0,0,5005000,2498624,2.4986
distribute_parallel_for_1500_2000_3000,1500,3000,0,6000,60018000,18009001,3000,72000000,36000000,18006000,6000000,12006000,6000000,0,0,0,6006000,2467573,2.4676
distribute_parallel_for_split_1500_2000_3000,1500,3000,0,6000,60018000,18009001,3000,72000000,36000000,18006000,6000000,12006000,6000000,0,0,0,6006000,3395045,3.3950
swap_distribute_parallel_for_1500_2000_3000,1500,3000,0,6000,60018000,18009001,3000,72000000,36000000,18006000,6000000,12006000,6000000,0,0,0,6006000,3560972,3.5610
swap_distribute_parallel_for_split_1500_2000_3000,1500,3000,0,6000,60018000,18009001,3000,72000000,36000000,18006000,6000000,12006000,6000000,0,0,0,6006000,2557718,2.5577
distribute_parallel_for_collapse_1500_2000_3000,1500,3000,0,6000,60018000,18009001,3000,72000000,36000000,18006000,6000000,12006000,6000000,0,0,0,6006000,2658173,2.6582
swap_distribute_parallel_for_collapse_1500_2000_3000,1500,3000,0,6000,60018000,18009001,3000,72000000,36000000,18006000,6000000,12006000,6000000,0,0,0,6006000,2911837,2.9118
distribute_parallel_for_1500_2000_3500,1500,3500,0,7000,70021000,21010501,3500,80000000,42000000,21007000,7000000,14007000,7000000,0,0,0,7007000,2882265,2.8823
distribute_parallel_for_split_1500_2000_3500,1500,3500,0,7000,70021000,21010501,3500,80000000,42000000,21007000,7000000,14007000,7000000,0,0,0,7007000,3884158,3.8842
swap_distribute_parallel_for_1500_2000_3500,1500,3500,0,7000,70021000,21010501,3500,80000000,42000000,21007000,7000000,14007000,7000000,0,0,0,7007000,3612115,3.6121
swap_distribute_parallel_for_split_1500_2000_3500,1500,3500,0,7000,70021000,21010501,3500,80000000,42000000,21007000,7000000,14007000,7000000,0,0,0,7007000,2910366,2.9104
distribute_parallel_for_collapse_1500_2000_3500,1500,3500,0,7000,70021000,21010501,3500,80000000,42000000,21007000,7000000,14007000,7000000,0,0,0,7007000,3132578,3.1326
swap_distribute_parallel_for_collapse_1500_2000_3500,1500,3500,0,7000,70021000,21010501,3500,80000000,42000000,21007000,7000000,14007000,7000000,0,0,0,7007000,3475064,3.4751
distribute_parallel_for_1500_2000_4000,1500,4000,0,8000,80024000,24012001,4000,88000000,48000000,24008000,8000000,16008000,8000000,0,0,0,8008000,3268952,3.2690
distribute_parallel_for_split_1500_2000_4000,1500,4000,0,8000,80024000,24012001,4000,88000000,48000000,24008000,8000000,16008000,8000000,0,0,0,8008000,4327193,4.3272
swap_distribute_parallel_for_1500_2000_4000,1500,4000,0,8000,80024000,24012001,4000,88000000,48000000,24008000,8000000,16008000,8000000,0,0,0,8008000,5500716,5.5007
swap_distribute_parallel_for_split_1500_2000_4000,1500,4000,0,8000,80024000,24012001,4000,88000000,48000000,24008000,8000000,16008000,8000000,0,0,0,8008000,3218343,3.2183
distribute_parallel_for_collapse_1500_2000_4000,1500,4000,0,8000,80024000,24012001,4000,88000000,48000000,24008000,8000000,16008000,8000000,0,0,0,8008000,3515130,3.5151
swap_distribute_parallel_for_collapse_1500_2000_4000,1500,4000,0,8000,80024000,24012001,4000,88000000,48000000,24008000,8000000,16008000,8000000,0,0,0,8008000,4014574,4.0146
distribute_parallel_for_1500_2500_1000,1500,1000,0,2000,25006000,7503001,1000,50000000,12000000,7502000,2500000,5002000,2500000,0,0,0,2502000,1161782,1.1618
distribute_parallel_for_split_1500_2500_1000,1500,1000,0,2000,25006000,7503001,1000,50000000,12000000,7502000,2500000,5002000,2500000,0,0,0,2502000,1321787,1.3218
swap_distribute_parallel_for_1500_2500_1000,1500,1000,0,2000,25006000,7503001,1000,50000000,12000000,7502000,2500000,5002000,2500000,0,0,0,2502000,1889832,1.8898
swap_distribute_parallel_for_split_1500_2500_1000,1500,1000,0,2000,25006000,7503001,1000,50000000,12000000,7502000,2500000,5002000,2500000,0,0,0,2502000,1124217,1.1242
distribute_parallel_for_collapse_1500_2500_1000,1500,1000,0,2000,25006000,7503001,1000,50000000,12000000,7502000,2500000,5002000,2500000,0,0,0,2502000,1093922,1.0939
swap_distribute_parallel_for_collapse_1500_2500_1000,1500,1000,0,2000,25006000,7503001,1000,50000000,12000000,7502000,2500000,5002000,2500000,0,0,0,2502000,1098856,1.0989
distribute_parallel_for_1500_2500_1500,1500,1500,0,3000,37509000,11254501,1500,60000000,18000000,11253000,3750000,7503000,3750000,0,0,0,3753000,1700319,1.7003
distribute_parallel_for_split_1500_2500_1500,1500,1500,0,3000,37509000,11254501,1500,60000000,18000000,11253000,3750000,7503000,3750000,0,0,0,3753000,2066428,2.0664
swap_distribute_parallel_for_1500_2500_1500,1500,1500,0,3000,37509000,11254501,1500,60000000,18000000,11253000,3750000,7503000,3750000,0,0,0,3753000,2253546,2.2535
swap_distribute_parallel_for_split_1500_2500_1500,1500,1500,0,3000,37509000,11254501,1500,60000000,18000000,11253000,3750000,7503000,3750000,0,0,0,3753000,1708851,1.7089
distribute_parallel_for_collapse_1500_2500_1500,1500,1500,0,3000,37509000,11254501,1500,60000000,18000000,11253000,3750000,7503000,3750000,0,0,0,3753000,1699039,1.6990
swap_distribute_parallel_for_collapse_1500_2500_1500,1500,1500,0,3000,37509000,11254501,1500,60000000,18000000,11253000,3750000,7503000,3750000,0,0,0,3753000,1798622,1.7986
distribute_parallel_for_1500_2500_2000,1500,2000,0,4000,50012000,15006001,2000,70000000,24000000,15004000,5000000,10004000,5000000,0,0,0,5004000,2052273,2.0523
distribute_parallel_for_split_1500_2500_2000,1500,2000,0,4000,50012000,15006001,2000,70000000,24000000,15004000,5000000,10004000,5000000,0,0,0,5004000,2823411,2.8234
swap_distribute_parallel_for_1500_2500_2000,1500,2000,0,4000,50012000,15006001,2000,70000000,24000000,15004000,5000000,10004000,5000000,0,0,0,5004000,4007336,4.0073
swap_distribute_parallel_for_split_1500_2500_2000,1500,2000,0,4000,50012000,15006001,2000,70000000,24000000,15004000,5000000,10004000,5000000,0,0,0,5004000,2154614,2.1546
distribute_parallel_for_collapse_1500_2500_2000,1500,2000,0,4000,50012000,15006001,2000,70000000,24000000,15004000,5000000,10004000,5000000,0,0,0,5004000,2263409,2.2634
swap_distribute_parallel_for_collapse_1500_2500_2000,1500,2000,0,4000,50012000,15006001,2000,70000000,24000000,15004000,5000000,10004000,5000000,0,0,0,5004000,2406357,2.4064
distribute_parallel_for_1500_2500_2500,1500,2500,0,5000,62515000,18757501,2500,80000000,30000000,18755000,6250000,12505000,6250000,0,0,0,6255000,3039180,3.0392
distribute_parallel_for_split_1500_2500_2500,1500,2500,0,5000,62515000,18757501,2500,80000000,30000000,18755000,6250000,12505000,6250000,0,0,0,6255000,3394270,3.3943
swap_distribute_parallel_for_1500_2500_2500,1500,2500,0,5000,62515000,18757501,2500,80000000,30000000,18755000,6250000,12505000,6250000,0,0,0,6255000,4398984,4.3990
swap_distribute_parallel_for_split_1500_2500_2500,1500,2500,0,5000,62515000,18757501,2500,80000000,30000000,18755000,6250000,12505000,6250000,0,0,0,6255000,2638946,2.6389
distribute_parallel_for_collapse_1500_2500_2500,1500,2500,0,5000,62515000,18757501,2500,80000000,30000000,18755000,6250000,12505000,6250000,0,0,0,6255000,2836229,2.8362
swap_distribute_parallel_for_collapse_1500_2500_2500,1500,2500,0,5000,62515000,18757501,2500,80000000,30000000,18755000,6250000,12505000,6250000,0,0,0,6255000,3129213,3.1292
distribute_parallel_for_1500_2500_3000,1500,3000,0,6000,75018000,22509001,3000,90000000,36000000,22506000,7500000,15006000,7500000,0,0,0,7506000,3494529,3.4945
distribute_parallel_for_split_1500_2500_3000,1500,3000,0,6000,75018000,22509001,3000,90000000,36000000,22506000,7500000,15006000,7500000,0,0,0,7506000,4342281,4.3423
swap_distribute_parallel_for_1500_2500_3000,1500,3000,0,6000,75018000,22509001,3000,90000000,36000000,22506000,7500000,15006000,7500000,0,0,0,7506000,4460491,4.4605
swap_distribute_parallel_for_split_1500_2500_3000,1500,3000,0,6000,75018000,22509001,3000,90000000,36000000,22506000,7500000,15006000,7500000,0,0,0,7506000,3279887,3.2799
distribute_parallel_for_collapse_1500_2500_3000,1500,3000,0,6000,75018000,22509001,3000,90000000,36000000,22506000,7500000,15006000,7500000,0,0,0,7506000,3310697,3.3107
swap_distribute_parallel_for_collapse_1500_2500_3000,1500,3000,0,6000,75018000,22509001,3000,90000000,36000000,22506000,7500000,15006000,7500000,0,0,0,7506000,3717824,3.7178
distribute_parallel_for_1500_2500_3500,1500,3500,0,7000,87521000,26260501,3500,100000000,42000000,26257000,8750000,17507000,8750000,0,0,0,8757000,4036366,4.0364
distribute_parallel_for_split_1500_2500_3500,1500,3500,0,7000,87521000,26260501,3500,100000000,42000000,26257000,8750000,17507000,8750000,0,0,0,8757000,4799933,4.7999
swap_distribute_parallel_for_1500_2500_3500,1500,3500,0,7000,87521000,26260501,3500,100000000,42000000,26257000,8750000,17507000,8750000,0,0,0,8757000,4507851,4.5079
swap_distribute_parallel_for_split_1500_2500_3500,1500,3500,0,7000,87521000,26260501,3500,100000000,42000000,26257000,8750000,17507000,8750000,0,0,0,8757000,3670167,3.6702
distribute_parallel_for_collapse_1500_2500_3500,1500,3500,0,7000,87521000,26260501,3500,100000000,42000000,26257000,8750000,17507000,8750000,0,0,0,8757000,3856511,3.8565
swap_distribute_parallel_for_collapse_1500_2500_3500,1500,3500,0,7000,87521000,26260501,3500,100000000,42000000,26257000,8750000,17507000,8750000,0,0,0,8757000,4464238,4.4642
distribute_parallel_for_1500_2500_4000,1500,4000,0,8000,100024000,30012001,4000,110000000,48000000,30008000,10000000,20008000,10000000,0,0,0,10008000,4615883,4.6159
distribute_parallel_for_split_1500_2500_4000,1500,4000,0,8000,100024000,30012001,4000,110000000,48000000,30008000,10000000,20008000,10000000,0,0,0,10008000,5788654,5.7887
swap_distribute_parallel_for_1500_2500_4000,1500,4000,0,8000,100024000,30012001,4000,110000000,48000000,30008000,10000000,20008000,10000000,0,0,0,10008000,6886733,6.8867
swap_distribute_parallel_for_split_1500_2500_4000,1500,4000,0,8000,100024000,30012001,4000,110000000,48000000,30008000,10000000,20008000,10000000,0,0,0,10008000,4067620,4.0676
distribute_parallel_for_collapse_1500_2500_4000,1500,4000,0,8000,100024000,30012001,4000,110000000,48000000,30008000,10000000,20008000,10000000,0,0,0,10008000,4402740,4.4027
swap_distribute_parallel_for_collapse_1500_2500_4000,1500,4000,0,8000,100024000,30012001,4000,110000000,48000000,30008000,10000000,20008000,10000000,0,0,0,10008000,5024349,5.0243
distribute_parallel_for_1500_3000_1000,1500,1000,0,2000,30006000,9003001,1000,60000000,12000000,9002000,3000000,6002000,3000000,0,0,0,3002000,1362056,1.3621
distribute_parallel_for_split_1500_3000_1000,1500,1000,0,2000,30006000,9003001,1000,60000000,12000000,9002000,3000000,6002000,3000000,0,0,0,3002000,1662319,1.6623
swap_distribute_parallel_for_1500_3000_1000,1500,1000,0,2000,30006000,9003001,1000,60000000,12000000,9002000,3000000,6002000,3000000,0,0,0,3002000,2326192,2.3262
swap_distribute_parallel_for_split_1500_3000_1000,1500,1000,0,2000,30006000,9003001,1000,60000000,12000000,9002000,3000000,6002000,3000000,0,0,0,3002000,1447416,1.4474
distribute_parallel_for_collapse_1500_3000_1000,1500,1000,0,2000,30006000,9003001,1000,60000000,12000000,9002000,3000000,6002000,3000000,0,0,0,3002000,1326891,1.3269
swap_distribute_parallel_for_collapse_1500_3000_1000,1500,1000,0,2000,30006000,9003001,1000,60000000,12000000,9002000,3000000,6002000,3000000,0,0,0,3002000,1338862,1.3389
distribute_parallel_for_1500_3000_1500,1500,1500,0,3000,45009000,13504501,1500,72000000,18000000,13503000,4500000,9003000,4500000,0,0,0,4503000,1872025,1.8720
distribute_parallel_for_split_1500_3000_1500,1500,1500,0,3000,45009000,13504501,1500,72000000,18000000,13503000,4500000,9003000,4500000,0,0,0,4503000,2398904,2.3989
swap_distribute_parallel_for_1500_3000_1500,1500,1500,0,3000,45009000,13504501,1500,72000000,18000000,13503000,4500000,9003000,4500000,0,0,0,4503000,2684955,2.6850
swap_distribute_parallel_for_split_1500_3000_1500,1500,1500,0,3000,45009000,13504501,1500,72000000,18000000,13503000,4500000,9003000,4500000,0,0,0,4503000,2020474,2.0205
distribute_parallel_for_collapse_1500_3000_1500,1500,1500,0,3000,45009000,13504501,1500,72000000,18000000,13503000,4500000,9003000,4500000,0,0,0,4503000,2007014,2.0070
swap_distribute_parallel_for_collapse_1500_3000_1500,1500,1500,0,3000,45009000,13504501,1500,72000000,18000000,13503000,4500000,9003000,4500000,0,0,0,4503000,2191990,2.1920
distribute_parallel_for_1500_3000_2000,1500,2000,0,4000,60012000,18006001,2000,84000000,24000000,18004000,6000000,12004000,6000000,0,0,0,6004000,2652067,2.6521
distribute_parallel_for_split_1500_3000_2000,1500,2000,0,4000,60012000,18006001,2000,84000000,24000000,18004000,6000000,12004000,6000000,0,0,0,6004000,3484914,3.4849
swap_distribute_parallel_for_1500_3000_2000,1500,2000,0,4000,60012000,18006001,2000,84000000,24000000,18004000,6000000,12004000,6000000,0,0,0,6004000,4958626,4.9586
swap_distribute_parallel_for_split_1500_3000_2000,1500,2000,0,4000,60012000,18006001,2000,84000000,24000000,18004000,6000000,12004000,6000000,0,0,0,6004000,2652964,2.6530
distribute_parallel_for_collapse_1500_3000_2000,1500,2000,0,4000,60012000,18006001,2000,84000000,24000000,18004000,6000000,12004000,6000000,0,0,0,6004000,2656643,2.6566
swap_distribute_parallel_for_collapse_1500_3000_2000,1500,2000,0,4000,60012000,18006001,2000,84000000,24000000,18004000,6000000,12004000,6000000,0,0,0,6004000,2900747,2.9007
distribute_parallel_for_1500_3000_2500,1500,2500,0,5000,75015000,22507501,2500,96000000,30000000,22505000,7500000,15005000,7500000,0,0,0,7505000,3073945,3.0739
distribute_parallel_for_split_1500_3000_2500,1500,2500,0,5000,75015000,22507501,2500,96000000,30000000,22505000,7500000,15005000,7500000,0,0,0,7505000,4162671,4.1627
swap_distribute_parallel_for_1500_3000_2500,1500,2500,0,5000,75015000,22507501,2500,96000000,30000000,22505000,7500000,15005000,7500000,0,0,0,7505000,5324349,5.3243
swap_distribute_parallel_for_split_1500_3000_2500,1500,2500,0,5000,75015000,22507501,2500,96000000,30000000,22505000,7500000,15005000,7500000,0,0,0,7505000,3168888,3.1689
distribute_parallel_for_collapse_1500_3000_2500,1500,2500,0,5000,75015000,22507501,2500,96000000,30000000,22505000,7500000,15005000,7500000,0,0,0,7505000,3279793,3.2798
swap_distribute_parallel_for_collapse_1500_3000_2500,1500,2500,0,5000,75015000,22507501,2500,96000000,30000000,22505000,7500000,15005000,7500000,0,0,0,7505000,3733126,3.7331
distribute_parallel_for_1500_3000_3000,1500,3000,0,6000,90018000,27009001,3000,108000000,36000000,27006000,9000000,18006000,9000000,0,0,0,9006000,4116835,4.1168
distribute_parallel_for_split_1500_3000_3000,1500,3000,0,6000,90018000,27009001,3000,108000000,36000000,27006000,9000000,18006000,9000000,0,0,0,9006000,5144257,5.1443
swap_distribute_parallel_for_1500_3000_3000,1500,3000,0,6000,90018000,27009001,3000,108000000,36000000,27006000,9000000,18006000,9000000,0,0,0,9006000,5394257,5.3943
swap_distribute_parallel_for_split_1500_3000_3000,1500,3000,0,6000,90018000,27009001,3000,108000000,36000000,27006000,9000000,18006000,9000000,0,0,0,9006000,3713544,3.7135
distribute_parallel_for_collapse_1500_3000_3000,1500,3000,0,6000,90018000,27009001,3000,108000000,36000000,27006000,9000000,18006000,9000000,0,0,0,9006000,4094445,4.0944
swap_distribute_parallel_for_collapse_1500_3000_3000,1500,3000,0,6000,90018000,27009001,3000,108000000,36000000,27006000,9000000,18006000,9000000,0,0,0,9006000,4406617,4.4066
distribute_parallel_for_1500_3000_3500,1500,3500,0,7000,105021000,31510501,3500,120000000,42000000,31507000,10500000,21007000,10500000,0,0,0,10507000,4288768,4.2888
distribute_parallel_for_split_1500_3000_3500,1500,3500,0,7000,105021000,31510501,3500,120000000,42000000,31507000,10500000,21007000,10500000,0,0,0,10507000,5904462,5.9045
swap_distribute_parallel_for_1500_3000_3500,1500,3500,0,7000,105021000,31510501,3500,120000000,42000000,31507000,10500000,21007000,10500000,0,0,0,10507000,5448955,5.4490
swap_distribute_parallel_for_split_1500_3000_3500,1500,3500,0,7000,105021000,31510501,3500,120000000,42000000,31507000,10500000,21007000,10500000,0,0,0,10507000,4363154,4.3632
distribute_parallel_for_collapse_1500_3000_3500,1500,3500,0,7000,105021000,31510501,3500,120000000,42000000,31507000,10500000,21007000,10500000,0,0,0,10507000,4566772,4.5668
swap_distribute_parallel_for_collapse_1500_3000_3500,1500,3500,0,7000,105021000,31510501,3500,120000000,42000000,31507000,10500000,21007000,10500000,0,0,0,10507000,5255600,5.2556
distribute_parallel_for_1500_3000_4000,1500,4000,0,8000,120024000,36012001,4000,132000000,48000000,36008000,12000000,24008000,12000000,0,0,0,12008000,5452867,5.4529
distribute_parallel_for_split_1500_3000_4000,1500,4000,0,8000,120024000,36012001,4000,132000000,48000000,36008000,12000000,24008000,12000000,0,0,0,12008000,6841338,6.8413
swap_distribute_parallel_for_1500_3000_4000,1500,4000,0,8000,120024000,36012001,4000,132000000,48000000,36008000,12000000,24008000,12000000,0,0,0,12008000,8340122,8.3401
swap_distribute_parallel_for_split_1500_3000_4000,1500,4000,0,8000,120024000,36012001,4000,132000000,48000000,36008000,12000000,24008000,12000000,0,0,0,12008000,4852558,4.8526
distribute_parallel_for_collapse_1500_3000_4000,1500,4000,0,8000,120024000,36012001,4000,132000000,48000000,36008000,12000000,24008000,12000000,0,0,0,12008000,5298119,5.2981
swap_distribute_parallel_for_collapse_1500_3000_4000,1500,4000,0,8000,120024000,36012001,4000,132000000,48000000,36008000,12000000,24008000,12000000,0,0,0,12008000,6023738,6.0237
distribute_parallel_for_1500_3500_1000,1500,1000,0,2000,35006000,10503001,1000,70000000,12000000,10502000,3500000,7002000,3500000,0,0,0,3502000,1564959,1.5650
distribute_parallel_for_split_1500_3500_1000,1500,1000,0,2000,35006000,10503001,1000,70000000,12000000,10502000,3500000,7002000,3500000,0,0,0,3502000,1966848,1.9668
swap_distribute_parallel_for_1500_3500_1000,1500,1000,0,2000,35006000,10503001,1000,70000000,12000000,10502000,3500000,7002000,3500000,0,0,0,3502000,2785733,2.7857
swap_distribute_parallel_for_split_1500_3500_1000,1500,1000,0,2000,35006000,10503001,1000,70000000,12000000,10502000,3500000,7002000,3500000,0,0,0,3502000,1597661,1.5977
distribute_parallel_for_collapse_1500_3500_1000,1500,1000,0,2000,35006000,10503001,1000,70000000,12000000,10502000,3500000,7002000,3500000,0,0,0,3502000,1524312,1.5243
swap_distribute_parallel_for_collapse_1500_3500_1000,1500,1000,0,2000,35006000,10503001,1000,70000000,12000000,10502000,3500000,7002000,3500000,0,0,0,3502000,1552298,1.5523
distribute_parallel_for_1500_3500_1500,1500,1500,0,3000,52509000,15754501,1500,84000000,18000000,15753000,5250000,10503000,5250000,0,0,0,5253000,2099724,2.0997
distribute_parallel_for_split_1500_3500_1500,1500,1500,0,3000,52509000,15754501,1500,84000000,18000000,15753000,5250000,10503000,5250000,0,0,0,5253000,2775192,2.7752
swap_distribute_parallel_for_1500_3500_1500,1500,1500,0,3000,52509000,15754501,1500,84000000,18000000,15753000,5250000,10503000,5250000,0,0,0,5253000,3244545,3.2445
swap_distribute_parallel_for_split_1500_3500_1500,1500,1500,0,3000,52509000,15754501,1500,84000000,18000000,15753000,5250000,10503000,5250000,0,0,0,5253000,2330584,2.3306
distribute_parallel_for_collapse_1500_3500_1500,1500,1500,0,3000,52509000,15754501,1500,84000000,18000000,15753000,5250000,10503000,5250000,0,0,0,5253000,2318268,2.3183
swap_distribute_parallel_for_collapse_1500_3500_1500,1500,1500,0,3000,52509000,15754501,1500,84000000,18000000,15753000,5250000,10503000,5250000,0,0,0,5253000,2590965,2.5910
distribute_parallel_for_1500_3500_2000,1500,2000,0,4000,70012000,21006001,2000,98000000,24000000,21004000,7000000,14004000,7000000,0,0,0,7004000,3128669,3.1287
distribute_parallel_for_split_1500_3500_2000,1500,2000,0,4000,70012000,21006001,2000,98000000,24000000,21004000,7000000,14004000,7000000,0,0,0,7004000,3933615,3.9336
swap_distribute_parallel_for_1500_3500_2000,1500,2000,0,4000,70012000,21006001,2000,98000000,24000000,21004000,7000000,14004000,7000000,0,0,0,7004000,5747857,5.7479
swap_distribute_parallel_for_split_1500_3500_2000,1500,2000,0,4000,70012000,21006001,2000,98000000,24000000,21004000,7000000,14004000,7000000,0,0,0,7004000,3044537,3.0445
distribute_parallel_for_collapse_1500_3500_2000,1500,2000,0,4000,70012000,21006001,2000,98000000,24000000,21004000,7000000,14004000,7000000,0,0,0,7004000,3097302,3.0973
swap_distribute_parallel_for_collapse_1500_3500_2000,1500,2000,0,4000,70012000,21006001,2000,98000000,24000000,21004000,7000000,14004000,7000000,0,0,0,7004000,3448259,3.4483
distribute_parallel_for_1500_3500_2500,1500,2500,0,5000,87515000,26257501,2500,112000000,30000000,26255000,8750000,17505000,8750000,0,0,0,8755000,3504583,3.5046
distribute_parallel_for_split_1500_3500_2500,1500,2500,0,5000,87515000,26257501,2500,112000000,30000000,26255000,8750000,17505000,8750000,0,0,0,8755000,4670583,4.6706
swap_distribute_parallel_for_1500_3500_2500,1500,2500,0,5000,87515000,26257501,2500,112000000,30000000,26255000,8750000,17505000,8750000,0,0,0,8755000,6232241,6.2322
swap_distribute_parallel_for_split_1500_3500_2500,1500,2500,0,5000,87515000,26257501,2500,112000000,30000000,26255000,8750000,17505000,8750000,0,0,0,8755000,3646373,3.6464
distribute_parallel_for_collapse_1500_3500_2500,1500,2500,0,5000,87515000,26257501,2500,112000000,30000000,26255000,8750000,17505000,8750000,0,0,0,8755000,3846072,3.8461
swap_distribute_parallel_for_collapse_1500_3500_2500,1500,2500,0,5000,87515000,26257501,2500,112000000,30000000,26255000,8750000,17505000,8750000,0,0,0,8755000,4530165,4.5302
distribute_parallel_for_1500_3500_3000,1500,3000,0,6000,105018000,31509001,3000,126000000,36000000,31506000,10500000,21006000,10500000,0,0,0,10506000,4766865,4.7669
distribute_parallel_for_split_1500_3500_3000,1500,3000,0,6000,105018000,31509001,3000,126000000,36000000,31506000,10500000,21006000,10500000,0,0,0,10506000,6004751,6.0048
swap_distribute_parallel_for_1500_3500_3000,1500,3000,0,6000,105018000,31509001,3000,126000000,36000000,31506000,10500000,21006000,10500000,0,0,0,10506000,6386277,6.3863
swap_distribute_parallel_for_split_1500_3500_3000,1500,3000,0,6000,105018000,31509001,3000,126000000,36000000,31506000,10500000,21006000,10500000,0,0,0,10506000,4388159,4.3882
distribute_parallel_for_collapse_1500_3500_3000,1500,3000,0,6000,105018000,31509001,3000,126000000,36000000,31506000,10500000,21006000,10500000,0,0,0,10506000,4627682,4.6277
swap_distribute_parallel_for_collapse_1500_3500_3000,1500,3000,0,6000,105018000,31509001,3000,126000000,36000000,31506000,10500000,21006000,10500000,0,0,0,10506000,5243539,5.2435
distribute_parallel_for_1500_3500_3500,1500,3500,0,7000,122521000,36760501,3500,140000000,42000000,36757000,12250000,24507000,12250000,0,0,0,12257000,4823350,4.8233
distribute_parallel_for_split_1500_3500_3500,1500,3500,0,7000,122521000,36760501,3500,140000000,42000000,36757000,12250000,24507000,12250000,0,0,0,12257000,6724349,6.7243
swap_distribute_parallel_for_1500_3500_3500,1500,3500,0,7000,122521000,36760501,3500,140000000,42000000,36757000,12250000,24507000,12250000,0,0,0,12257000,6543512,6.5435
swap_distribute_parallel_for_split_1500_3500_3500,1500,3500,0,7000,122521000,36760501,3500,140000000,42000000,36757000,12250000,24507000,12250000,0,0,0,12257000,4995265,4.9953
distribute_parallel_for_collapse_1500_3500_3500,1500,3500,0,7000,122521000,36760501,3500,140000000,42000000,36757000,12250000,24507000,12250000,0,0,0,12257000,5389168,5.3892
swap_distribute_parallel_for_collapse_1500_3500_3500,1500,3500,0,7000,122521000,36760501,3500,140000000,42000000,36757000,12250000,24507000,12250000,0,0,0,12257000,6591864,6.5919
distribute_parallel_for_1500_3500_4000,1500,4000,0,8000,140024000,42012001,4000,154000000,48000000,42008000,14000000,28008000,14000000,0,0,0,14008000,6501974,6.5020
distribute_parallel_for_split_1500_3500_4000,1500,4000,0,8000,140024000,42012001,4000,154000000,48000000,42008000,14000000,28008000,14000000,0,0,0,14008000,7789037,7.7890
swap_distribute_parallel_for_1500_3500_4000,1500,4000,0,8000,140024000,42012001,4000,154000000,48000000,42008000,14000000,28008000,14000000,0,0,0,14008000,9769911,9.7699
swap_distribute_parallel_for_split_1500_3500_4000,1500,4000,0,8000,140024000,42012001,4000,154000000,48000000,42008000,14000000,28008000,14000000,0,0,0,14008000,6018176,6.0182
distribute_parallel_for_collapse_1500_3500_4000,1500,4000,0,8000,140024000,42012001,4000,154000000,48000000,42008000,14000000,28008000,14000000,0,0,0,14008000,6162684,6.1627
swap_distribute_parallel_for_collapse_1500_3500_4000,1500,4000,0,8000,140024000,42012001,4000,154000000,48000000,42008000,14000000,28008000,14000000,0,0,0,14008000,7112651,7.1127
distribute_parallel_for_1500_4000_1000,1500,1000,0,2000,40006000,12003001,1000,80000000,12000000,12002000,4000000,8002000,4000000,0,0,0,4002000,1739476,1.7395
distribute_parallel_for_split_1500_4000_1000,1500,1000,0,2000,40006000,12003001,1000,80000000,12000000,12002000,4000000,8002000,4000000,0,0,0,4002000,2229692,2.2297
swap_distribute_parallel_for_1500_4000_1000,1500,1000,0,2000,40006000,12003001,1000,80000000,12000000,12002000,4000000,8002000,4000000,0,0,0,4002000,3298489,3.2985
swap_distribute_parallel_for_split_1500_4000_1000,1500,1000,0,2000,40006000,12003001,1000,80000000,12000000,12002000,4000000,8002000,4000000,0,0,0,4002000,1838962,1.8390
distribute_parallel_for_collapse_1500_4000_1000,1500,1000,0,2000,40006000,12003001,1000,80000000,12000000,12002000,4000000,8002000,4000000,0,0,0,4002000,1748558,1.7486
swap_distribute_parallel_for_collapse_1500_4000_1000,1500,1000,0,2000,40006000,12003001,1000,80000000,12000000,12002000,4000000,8002000,4000000,0,0,0,4002000,1841567,1.8416
distribute_parallel_for_1500_4000_1500,1500,1500,0,3000,60009000,18004501,1500,96000000,18000000,18003000,6000000,12003000,6000000,0,0,0,6003000,2736144,2.7361
distribute_parallel_for_split_1500_4000_1500,1500,1500,0,3000,60009000,18004501,1500,96000000,18000000,18003000,6000000,12003000,6000000,0,0,0,6003000,3216771,3.2168
swap_distribute_parallel_for_1500_4000_1500,1500,1500,0,3000,60009000,18004501,1500,96000000,18000000,18003000,6000000,12003000,6000000,0,0,0,6003000,3633424,3.6334
swap_distribute_parallel_for_split_1500_4000_1500,1500,1500,0,3000,60009000,18004501,1500,96000000,18000000,18003000,6000000,12003000,6000000,0,0,0,6003000,2710569,2.7106
distribute_parallel_for_collapse_1500_4000_1500,1500,1500,0,3000,60009000,18004501,1500,96000000,18000000,18003000,6000000,12003000,6000000,0,0,0,6003000,2617127,2.6171
swap_distribute_parallel_for_collapse_1500_4000_1500,1500,1500,0,3000,60009000,18004501,1500,96000000,18000000,18003000,6000000,12003000,6000000,0,0,0,6003000,2938002,2.9380
distribute_parallel_for_1500_4000_2000,1500,2000,0,4000,80012000,24006001,2000,112000000,24000000,24004000,8000000,16004000,8000000,0,0,0,8004000,3590493,3.5905
distribute_parallel_for_split_1500_4000_2000,1500,2000,0,4000,80012000,24006001,2000,112000000,24000000,24004000,8000000,16004000,8000000,0,0,0,8004000,4448828,4.4488
swap_distribute_parallel_for_1500_4000_2000,1500,2000,0,4000,80012000,24006001,2000,112000000,24000000,24004000,8000000,16004000,8000000,0,0,0,8004000,6586773,6.5868
swap_distribute_parallel_for_split_1500_4000_2000,1500,2000,0,4000,80012000,24006001,2000,112000000,24000000,24004000,8000000,16004000,8000000,0,0,0,8004000,3428388,3.4284
distribute_parallel_for_collapse_1500_4000_2000,1500,2000,0,4000,80012000,24006001,2000,112000000,24000000,24004000,8000000,16004000,8000000,0,0,0,8004000,3560784,3.5608
swap_distribute_parallel_for_collapse_1500_4000_2000,1500,2000,0,4000,80012000,24006001,2000,112000000,24000000,24004000,8000000,16004000,8000000,0,0,0,8004000,3991142,3.9911
distribute_parallel_for_1500_4000_2500,1500,2500,0,5000,100015000,30007501,2500,128000000,30000000,30005000,10000000,20005000,10000000,0,0,0,10005000,4088632,4.0886
distribute_parallel_for_split_1500_4000_2500,1500,2500,0,5000,100015000,30007501,2500,128000000,30000000,30005000,10000000,20005000,10000000,0,0,0,10005000,5619024,5.6190
swap_distribute_parallel_for_1500_4000_2500,1500,2500,0,5000,100015000,30007501,2500,128000000,30000000,30005000,10000000,20005000,10000000,0,0,0,10005000,7169634,7.1696
swap_distribute_parallel_for_split_1500_4000_2500,1500,2500,0,5000,100015000,30007501,2500,128000000,30000000,30005000,10000000,20005000,10000000,0,0,0,10005000,4362009,4.3620
distribute_parallel_for_collapse_1500_4000_2500,1500,2500,0,5000,100015000,30007501,2500,128000000,30000000,30005000,10000000,20005000,10000000,0,0,0,10005000,4381239,4.3812
swap_distribute_parallel_for_collapse_1500_4000_2500,1500,2500,0,5000,100015000,30007501,2500,128000000,30000000,30005000,10000000,20005000,10000000,0,0,0,10005000,5034013,5.0340
distribute_parallel_for_1500_4000_3000,1500,3000,0,6000,120018000,36009001,3000,144000000,36000000,36006000,12000000,24006000,12000000,0,0,0,12006000,5435625,5.4356
distribute_parallel_for_split_1500_4000_3000,1500,3000,0,6000,120018000,36009001,3000,144000000,36000000,36006000,12000000,24006000,12000000,0,0,0,12006000,6839470,6.8395
swap_distribute_parallel_for_1500_4000_3000,1500,3000,0,6000,120018000,36009001,3000,144000000,36000000,36006000,12000000,24006000,12000000,0,0,0,12006000,7145714,7.1457
swap_distribute_parallel_for_split_1500_4000_3000,1500,3000,0,6000,120018000,36009001,3000,144000000,36000000,36006000,12000000,24006000,12000000,0,0,0,12006000,5095848,5.0958
distribute_parallel_for_collapse_1500_4000_3000,1500,3000,0,6000,120018000,36009001,3000,144000000,36000000,36006000,12000000,24006000,12000000,0,0,0,12006000,5350933,5.3509
swap_distribute_parallel_for_collapse_1500_4000_3000,1500,3000,0,6000,120018000,36009001,3000,144000000,36000000,36006000,12000000,24006000,12000000,0,0,0,12006000,6104646,6.1046
distribute_parallel_for_1500_4000_3500,1500,3500,0,7000,140021000,42010501,3500,160000000,42000000,42007000,14000000,28007000,14000000,0,0,0,14007000,5719453,5.7195
distribute_parallel_for_split_1500_4000_3500,1500,3500,0,7000,140021000,42010501,3500,160000000,42000000,42007000,14000000,28007000,14000000,0,0,0,14007000,7796008,7.7960
swap_distribute_parallel_for_1500_4000_3500,1500,3500,0,7000,140021000,42010501,3500,160000000,42000000,42007000,14000000,28007000,14000000,0,0,0,14007000,7205706,7.2057
swap_distribute_parallel_for_split_1500_4000_3500,1500,3500,0,7000,140021000,42010501,3500,160000000,42000000,42007000,14000000,28007000,14000000,0,0,0,14007000,5703737,5.7037
distribute_parallel_for_collapse_1500_4000_3500,1500,3500,0,7000,140021000,42010501,3500,160000000,42000000,42007000,14000000,28007000,14000000,0,0,0,14007000,6128651,6.1287
swap_distribute_parallel_for_collapse_1500_4000_3500,1500,3500,0,7000,140021000,42010501,3500,160000000,42000000,42007000,14000000,28007000,14000000,0,0,0,14007000,7046299,7.0463
distribute_parallel_for_1500_4000_4000,1500,4000,0,8000,160024000,48012001,4000,176000000,48000000,48008000,16000000,32008000,16000000,0,0,0,16008000,7097931,7.0979
distribute_parallel_for_split_1500_4000_4000,1500,4000,0,8000,160024000,48012001,4000,176000000,48000000,48008000,16000000,32008000,16000000,0,0,0,16008000,9182520,9.1825
swap_distribute_parallel_for_1500_4000_4000,1500,4000,0,8000,160024000,48012001,4000,176000000,48000000,48008000,16000000,32008000,16000000,0,0,0,16008000,11353365,11.3534
swap_distribute_parallel_for_split_1500_4000_4000,1500,4000,0,8000,160024000,48012001,4000,176000000,48000000,48008000,16000000,32008000,16000000,0,0,0,16008000,6517024,6.5170
distribute_parallel_for_collapse_1500_4000_4000,1500,4000,0,8000,160024000,48012001,4000,176000000,48000000,48008000,16000000,32008000,16000000,0,0,0,16008000,7203185,7.2032
swap_distribute_parallel_for_collapse_1500_4000_4000,1500,4000,0,8000,160024000,48012001,4000,176000000,48000000,48008000,16000000,32008000,16000000,0,0,0,16008000,8179976,8.1800
distribute_parallel_for_1700_1200_1200,1700,1200,0,2400,14407200,4323601,1200,27840000,16320000,4322400,1440000,2882400,1440000,0,0,0,1442400,666721,0.6667
distribute_parallel_for_split_1700_1200_1200,1700,1200,0,2400,14407200,4323601,1200,27840000,16320000,4322400,1440000,2882400,1440000,0,0,0,1442400,740701,0.7407
swap_distribute_parallel_for_1700_1200_1200,1700,1200,0,2400,14407200,4323601,1200,27840000,16320000,4322400,1440000,2882400,1440000,0,0,0,1442400,1018127,1.0181
swap_distribute_parallel_for_split_1700_1200_1200,1700,1200,0,2400,14407200,4323601,1200,27840000,16320000,4322400,1440000,2882400,1440000,0,0,0,1442400,665369,0.6654
distribute_parallel_for_collapse_1700_1200_1200,1700,1200,0,2400,14407200,4323601,1200,27840000,16320000,4322400,1440000,2882400,1440000,0,0,0,1442400,704245,0.7042
swap_distribute_parallel_for_collapse_1700_1200_1200,1700,1200,0,2400,14407200,4323601,1200,27840000,16320000,4322400,1440000,2882400,1440000,0,0,0,1442400,659695,0.6597
distribute_parallel_for_1700_1200_1700,1700,1700,0,3400,20410200,6125101,1700,32640000,23120000,6123400,2040000,4083400,2040000,0,0,0,2043400,880242,0.8802
distribute_parallel_for_split_1700_1200_1700,1700,1700,0,3400,20410200,6125101,1700,32640000,23120000,6123400,2040000,4083400,2040000,0,0,0,2043400,1028539,1.0285
swap_distribute_parallel_for_1700_1200_1700,1700,1700,0,3400,20410200,6125101,1700,32640000,23120000,6123400,2040000,4083400,2040000,0,0,0,2043400,1172502,1.1725
swap_distribute_parallel_for_split_1700_1200_1700,1700,1700,0,3400,20410200,6125101,1700,32640000,23120000,6123400,2040000,4083400,2040000,0,0,0,2043400,1016128,1.0161
distribute_parallel_for_collapse_1700_1200_1700,1700,1700,0,3400,20410200,6125101,1700,32640000,23120000,6123400,2040000,4083400,2040000,0,0,0,2043400,1043254,1.0433
swap_distribute_parallel_for_collapse_1700_1200_1700,1700,1700,0,3400,20410200,6125101,1700,32640000,23120000,6123400,2040000,4083400,2040000,0,0,0,2043400,1126233,1.1262
distribute_parallel_for_1700_1200_2200,1700,2200,0,4400,26413200,7926601,2200,37440000,29920000,7924400,2640000,5284400,2640000,0,0,0,2644400,1148954,1.1490
distribute_parallel_for_split_1700_1200_2200,1700,2200,0,4400,26413200,7926601,2200,37440000,29920000,7924400,2640000,5284400,2640000,0,0,0,2644400,1455587,1.4556
swap_distribute_parallel_for_1700_1200_2200,1700,2200,0,4400,26413200,7926601,2200,37440000,29920000,7924400,2640000,5284400,2640000,0,0,0,2644400,2432429,2.4324
swap_distribute_parallel_for_split_1700_1200_2200,1700,2200,0,4400,26413200,7926601,2200,37440000,29920000,7924400,2640000,5284400,2640000,0,0,0,2644400,1265282,1.2653
distribute_parallel_for_collapse_1700_1200_2200,1700,2200,0,4400,26413200,7926601,2200,37440000,29920000,7924400,2640000,5284400,2640000,0,0,0,2644400,1390979,1.3910
swap_distribute_parallel_for_collapse_1700_1200_2200,1700,2200,0,4400,26413200,7926601,2200,37440000,29920000,7924400,2640000,5284400,2640000,0,0,0,2644400,1425983,1.4260
distribute_parallel_for_1700_1200_2700,1700,2700,0,5400,32416200,9728101,2700,42240000,36720000,9725400,3240000,6485400,3240000,0,0,0,3245400,1356354,1.3564
distribute_parallel_for_split_1700_1200_2700,1700,2700,0,5400,32416200,9728101,2700,42240000,36720000,9725400,3240000,6485400,3240000,0,0,0,3245400,1764525,1.7645
swap_distribute_parallel_for_1700_1200_2700,1700,2700,0,5400,32416200,9728101,2700,42240000,36720000,9725400,3240000,6485400,3240000,0,0,0,3245400,2385130,2.3851
swap_distribute_parallel_for_split_1700_1200_2700,1700,2700,0,5400,32416200,9728101,2700,42240000,36720000,9725400,3240000,6485400,3240000,0,0,0,3245400,1580726,1.5807
distribute_parallel_for_collapse_1700_1200_2700,1700,2700,0,5400,32416200,9728101,2700,42240000,36720000,9725400,3240000,6485400,3240000,0,0,0,3245400,1580170,1.5802
swap_distribute_parallel_for_collapse_1700_1200_2700,1700,2700,0,5400,32416200,9728101,2700,42240000,36720000,9725400,3240000,6485400,3240000,0,0,0,3245400,1826078,1.8261
distribute_parallel_for_1700_1200_3200,1700,3200,0,6400,38419200,11529601,3200,47040000,43520000,11526400,3840000,7686400,3840000,0,0,0,3846400,1631229,1.6312
distribute_parallel_for_split_1700_1200_3200,1700,3200,0,6400,38419200,11529601,3200,47040000,43520000,11526400,3840000,7686400,3840000,0,0,0,3846400,2340595,2.3406
swap_distribute_parallel_for_1700_1200_3200,1700,3200,0,6400,38419200,11529601,3200,47040000,43520000,11526400,3840000,7686400,3840000,0,0,0,3846400,2370890,2.3709
swap_distribute_parallel_for_split_1700_1200_3200,1700,3200,0,6400,38419200,11529601,3200,47040000,43520000,11526400,3840000,7686400,3840000,0,0,0,3846400,1793167,1.7932
distribute_parallel_for_collapse_1700_1200_3200,1700,3200,0,6400,38419200,11529601,3200,47040000,43520000,11526400,3840000,7686400,3840000,0,0,0,3846400,2041799,2.0418
swap_distribute_parallel_for_collapse_1700_1200_3200,1700,3200,0,6400,38419200,11529601,3200,47040000,43520000,11526400,3840000,7686400,3840000,0,0,0,3846400,2059447,2.0594
distribute_parallel_for_1700_1200_3700,1700,3700,0,7400,44422200,13331101,3700,51840000,50320000,13327400,4440000,8887400,4440000,0,0,0,4447400,1893829,1.8938
distribute_parallel_for_split_1700_1200_3700,1700,3700,0,7400,44422200,13331101,3700,51840000,50320000,13327400,4440000,8887400,4440000,0,0,0,4447400,2431915,2.4319
swap_distribute_parallel_for_1700_1200_3700,1700,3700,0,7400,44422200,13331101,3700,51840000,50320000,13327400,4440000,8887400,4440000,0,0,0,4447400,2393096,2.3931
swap_distribute_parallel_for_split_1700_1200_3700,1700,3700,0,7400,44422200,13331101,3700,51840000,50320000,13327400,4440000,8887400,4440000,0,0,0,4447400,2095150,2.0951
distribute_parallel_for_collapse_1700_1200_3700,1700,3700,0,7400,44422200,13331101,3700,51840000,50320000,13327400,4440000,8887400,4440000,0,0,0,4447400,2321518,2.3215
swap_distribute_parallel_for_collapse_1700_1200_3700,1700,3700,0,7400,44422200,13331101,3700,51840000,50320000,13327400,4440000,8887400,4440000,0,0,0,4447400,2584074,2.5841
distribute_parallel_for_1700_1200_4200,1700,4200,0,8400,50425200,15132601,4200,56640000,57120000,15128400,5040000,10088400,5040000,0,0,0,5048400,2117895,2.1179
distribute_parallel_for_split_1700_1200_4200,1700,4200,0,8400,50425200,15132601,4200,56640000,57120000,15128400,5040000,10088400,5040000,0,0,0,5048400,2942176,2.9422
swap_distribute_parallel_for_1700_1200_4200,1700,4200,0,8400,50425200,15132601,4200,56640000,57120000,15128400,5040000,10088400,5040000,0,0,0,5048400,3671741,3.6717
swap_distribute_parallel_for_split_1700_1200_4200,1700,4200,0,8400,50425200,15132601,4200,56640000,57120000,15128400,5040000,10088400,5040000,0,0,0,5048400,2302775,2.3028
distribute_parallel_for_collapse_1700_1200_4200,1700,4200,0,8400,50425200,15132601,4200,56640000,57120000,15128400,5040000,10088400,5040000,0,0,0,5048400,2603441,2.6034
swap_distribute_parallel_for_collapse_1700_1200_4200,1700,4200,0,8400,50425200,15132601,4200,56640000,57120000,15128400,5040000,10088400,5040000,0,0,0,5048400,2776000,2.7760
distribute_parallel_for_1700_1700_1200,1700,1200,0,2400,20407200,6123601,1200,39440000,16320000,6122400,2040000,4082400,2040000,0,0,0,2042400,968821,0.9688
distribute_parallel_for_split_1700_1700_1200,1700,1200,0,2400,20407200,6123601,1200,39440000,16320000,6122400,2040000,4082400,2040000,0,0,0,2042400,1222172,1.2222
swap_distribute_parallel_for_1700_1700_1200,1700,1200,0,2400,20407200,6123601,1200,39440000,16320000,6122400,2040000,4082400,2040000,0,0,0,2042400,1541755,1.5418
swap_distribute_parallel_for_split_1700_1700_1200,1700,1200,0,2400,20407200,6123601,1200,39440000,16320000,6122400,2040000,4082400,2040000,0,0,0,2042400,909246,0.9092
distribute_parallel_for_collapse_1700_1700_1200,1700,1200,0,2400,20407200,6123601,1200,39440000,16320000,6122400,2040000,4082400,2040000,0,0,0,2042400,1031979,1.0320
swap_distribute_parallel_for_collapse_1700_1700_1200,1700,1200,0,2400,20407200,6123601,1200,39440000,16320000,6122400,2040000,4082400,2040000,0,0,0,2042400,1017930,1.0179
distribute_parallel_for_1700_1700_1700,1700,1700,0,3400,28910200,8675101,1700,46240000,23120000,8673400,2890000,5783400,2890000,0,0,0,2893400,1239408,1.2394
distribute_parallel_for_split_1700_1700_1700,1700,1700,0,3400,28910200,8675101,1700,46240000,23120000,8673400,2890000,5783400,2890000,0,0,0,2893400,1711239,1.7112
swap_distribute_parallel_for_1700_1700_1700,1700,1700,0,3400,28910200,8675101,1700,46240000,23120000,8673400,2890000,5783400,2890000,0,0,0,2893400,1683439,1.6834
swap_distribute_parallel_for_split_1700_1700_1700,1700,1700,0,3400,28910200,8675101,1700,46240000,23120000,8673400,2890000,5783400,2890000,0,0,0,2893400,1409810,1.4098
distribute_parallel_for_collapse_1700_1700_1700,1700,1700,0,3400,28910200,8675101,1700,46240000,23120000,8673400,2890000,5783400,2890000,0,0,0,2893400,1479800,1.4798
swap_distribute_parallel_for_collapse_1700_1700_1700,1700,1700,0,3400,28910200,8675101,1700,46240000,23120000,8673400,2890000,5783400,2890000,0,0,0,2893400,1557173,1.5572
distribute_parallel_for_1700_1700_2200,1700,2200,0,4400,37413200,11226601,2200,53040000,29920000,11224400,3740000,7484400,3740000,0,0,0,3744400,1562497,1.5625
distribute_parallel_for_split_1700_1700_2200,1700,2200,0,4400,37413200,11226601,2200,53040000,29920000,11224400,3740000,7484400,3740000,0,0,0,3744400,2237600,2.2376
swap_distribute_parallel_for_1700_1700_2200,1700,2200,0,4400,37413200,11226601,2200,53040000,29920000,11224400,3740000,7484400,3740000,0,0,0,3744400,3471758,3.4718
swap_distribute_parallel_for_split_1700_1700_2200,1700,2200,0,4400,37413200,11226601,2200,53040000,29920000,11224400,3740000,7484400,3740000,0,0,0,3744400,1807831,1.8078
distribute_parallel_for_collapse_1700_1700_2200,1700,2200,0,4400,37413200,11226601,2200,53040000,29920000,11224400,3740000,7484400,3740000,0,0,0,3744400,2000197,2.0002
swap_distribute_parallel_for_collapse_1700_1700_2200,1700,2200,0,4400,37413200,11226601,2200,53040000,29920000,11224400,3740000,7484400,3740000,0,0,0,3744400,2063740,2.0637
distribute_parallel_for_1700_1700_2700,1700,2700,0,5400,45916200,13778101,2700,59840000,36720000,13775400,4590000,9185400,4590000,0,0,0,4595400,1859264,1.8593
distribute_parallel_for_split_1700_1700_2700,1700,2700,0,5400,45916200,13778101,2700,59840000,36720000,13775400,4590000,9185400,4590000,0,0,0,4595400,2590650,2.5907
swap_distribute_parallel_for_1700_1700_2700,1700,2700,0,5400,45916200,13778101,2700,59840000,36720000,13775400,4590000,9185400,4590000,0,0,0,4595400,3434300,3.4343
swap_distribute_parallel_for_split_1700_1700_2700,1700,2700,0,5400,45916200,13778101,2700,59840000,36720000,13775400,4590000,9185400,4590000,0,0,0,4595400,2240526,2.2405
distribute_parallel_for_collapse_1700_1700_2700,1700,2700,0,5400,45916200,13778101,2700,59840000,36720000,13775400,4590000,9185400,4590000,0,0,0,4595400,2319255,2.3193
swap_distribute_parallel_for_collapse_1700_1700_2700,1700,2700,0,5400,45916200,13778101,2700,59840000,36720000,13775400,4590000,9185400,4590000,0,0,0,4595400,2722459,2.7225
distribute_parallel_for_1700_1700_3200,1700,3200,0,6400,54419200,16329601,3200,66640000,43520000,16326400,5440000,10886400,5440000,0,0,0,5446400,2520902,2.5209
distribute_parallel_for_split_1700_1700_3200,1700,3200,0,6400,54419200,16329601,3200,66640000,43520000,16326400,5440000,10886400,5440000,0,0,0,5446400,3242601,3.2426
swap_distribute_parallel_for_1700_1700_3200,1700,3200,0,6400,54419200,16329601,3200,66640000,43520000,16326400,5440000,10886400,5440000,0,0,0,5446400,3438411,3.4384
swap_distribute_parallel_for_split_1700_1700_3200,1700,3200,0,6400,54419200,16329601,3200,66640000,43520000,16326400,5440000,10886400,5440000,0,0,0,5446400,2586263,2.5863
distribute_parallel_for_collapse_1700_1700_3200,1700,3200,0,6400,54419200,16329601,3200,66640000,43520000,16326400,5440000,10886400,5440000,0,0,0,5446400,2952664,2.9527
swap_distribute_parallel_for_collapse_1700_1700_3200,1700,3200,0,6400,54419200,16329601,3200,66640000,43520000,16326400,5440000,10886400,5440000,0,0,0,5446400,3019631,3.0196
distribute_parallel_for_1700_1700_3700,1700,3700,0,7400,62922200,18881101,3700,73440000,50320000,18877400,6290000,12587400,6290000,0,0,0,6297400,2542042,2.5420
distribute_parallel_for_split_1700_1700_3700,1700,3700,0,7400,62922200,18881101,3700,73440000,50320000,18877400,6290000,12587400,6290000,0,0,0,6297400,3902240,3.9022
swap_distribute_parallel_for_1700_1700_3700,1700,3700,0,7400,62922200,18881101,3700,73440000,50320000,18877400,6290000,12587400,6290000,0,0,0,6297400,3519109,3.5191
swap_distribute_parallel_for_split_1700_1700_3700,1700,3700,0,7400,62922200,18881101,3700,73440000,50320000,18877400,6290000,12587400,6290000,0,0,0,6297400,2914754,2.9148
distribute_parallel_for_collapse_1700_1700_3700,1700,3700,0,7400,62922200,18881101,3700,73440000,50320000,18877400,6290000,12587400,6290000,0,0,0,6297400,3384070,3.3841
swap_distribute_parallel_for_collapse_1700_1700_3700,1700,3700,0,7400,62922200,18881101,3700,73440000,50320000,18877400,6290000,12587400,6290000,0,0,0,6297400,3572556,3.5726
distribute_parallel_for_1700_1700_4200,1700,4200,0,8400,71425200,21432601,4200,80240000,57120000,21428400,7140000,14288400,7140000,0,0,0,7148400,3330074,3.3301
distribute_parallel_for_split_1700_1700_4200,1700,4200,0,8400,71425200,21432601,4200,80240000,57120000,21428400,7140000,14288400,7140000,0,0,0,7148400,4467466,4.4675
swap_distribute_parallel_for_1700_1700_4200,1700,4200,0,8400,71425200,21432601,4200,80240000,57120000,21428400,7140000,14288400,7140000,0,0,0,7148400,5281752,5.2818
swap_distribute_parallel_for_split_1700_1700_4200,1700,4200,0,8400,71425200,21432601,4200,80240000,57120000,21428400,7140000,14288400,7140000,0,0,0,7148400,3290547,3.2905
distribute_parallel_for_collapse_1700_1700_4200,1700,4200,0,8400,71425200,21432601,4200,80240000,57120000,21428400,7140000,14288400,7140000,0,0,0,7148400,3760243,3.7602
swap_distribute_parallel_for_collapse_1700_1700_4200,1700,4200,0,8400,71425200,21432601,4200,80240000,57120000,21428400,7140000,14288400,7140000,0,0,0,7148400,4157497,4.1575
distribute_parallel_for_1700_2200_1200,1700,1200,0,2400,26407200,7923601,1200,51040000,16320000,7922400,2640000,5282400,2640000,0,0,0,2642400,1268201,1.2682
distribute_parallel_for_split_1700_2200_1200,1700,1200,0,2400,26407200,7923601,1200,51040000,16320000,7922400,2640000,5282400,2640000,0,0,0,2642400,1584212,1.5842
swap_distribute_parallel_for_1700_2200_1200,1700,1200,0,2400,26407200,7923601,1200,51040000,16320000,7922400,2640000,5282400,2640000,0,0,0,2642400,2123171,2.1232
swap_distribute_parallel_for_split_1700_2200_1200,1700,1200,0,2400,26407200,7923601,1200,51040000,16320000,7922400,2640000,5282400,2640000,0,0,0,2642400,1211826,1.2118
distribute_parallel_for_collapse_1700_2200_1200,1700,1200,0,2400,26407200,7923601,1200,51040000,16320000,7922400,2640000,5282400,2640000,0,0,0,2642400,1307129,1.3071
swap_distribute_parallel_for_collapse_1700_2200_1200,1700,1200,0,2400,26407200,7923601,1200,51040000,16320000,7922400,2640000,5282400,2640000,0,0,0,2642400,1367184,1.3672
distribute_parallel_for_1700_2200_1700,1700,1700,0,3400,37410200,11225101,1700,59840000,23120000,11223400,3740000,7483400,3740000,0,0,0,3743400,1602150,1.6021
distribute_parallel_for_split_1700_2200_1700,1700,1700,0,3400,37410200,11225101,1700,59840000,23120000,11223400,3740000,7483400,3740000,0,0,0,3743400,2163866,2.1639
swap_distribute_parallel_for_1700_2200_1700,1700,1700,0,3400,37410200,11225101,1700,59840000,23120000,11223400,3740000,7483400,3740000,0,0,0,3743400,2205893,2.2059
swap_distribute_parallel_for_split_1700_2200_1700,1700,1700,0,3400,37410200,11225101,1700,59840000,23120000,11223400,3740000,7483400,3740000,0,0,0,3743400,1849629,1.8496
distribute_parallel_for_collapse_1700_2200_1700,1700,1700,0,3400,37410200,11225101,1700,59840000,23120000,11223400,3740000,7483400,3740000,0,0,0,3743400,1979436,1.9794
swap_distribute_parallel_for_collapse_1700_2200_1700,1700,1700,0,3400,37410200,11225101,1700,59840000,23120000,11223400,3740000,7483400,3740000,0,0,0,3743400,2142300,2.1423
distribute_parallel_for_1700_2200_2200,1700,2200,0,4400,48413200,14526601,2200,68640000,29920000,14524400,4840000,9684400,4840000,0,0,0,4844400,2326598,2.3266
distribute_parallel_for_split_1700_2200_2200,1700,2200,0,4400,48413200,14526601,2200,68640000,29920000,14524400,4840000,9684400,4840000,0,0,0,4844400,2944266,2.9443
swap_distribute_parallel_for_1700_2200_2200,1700,2200,0,4400,48413200,14526601,2200,68640000,29920000,14524400,4840000,9684400,4840000,0,0,0,4844400,4496886,4.4969
swap_distribute_parallel_for_split_1700_2200_2200,1700,2200,0,4400,48413200,14526601,2200,68640000,29920000,14524400,4840000,9684400,4840000,0,0,0,4844400,2385825,2.3858
distribute_parallel_for_collapse_1700_2200_2200,1700,2200,0,4400,48413200,14526601,2200,68640000,29920000,14524400,4840000,9684400,4840000,0,0,0,4844400,2610039,2.6100
swap_distribute_parallel_for_collapse_1700_2200_2200,1700,2200,0,4400,48413200,14526601,2200,68640000,29920000,14524400,4840000,9684400,4840000,0,0,0,4844400,2697291,2.6973
distribute_parallel_for_1700_2200_2700,1700,2700,0,5400,59416200,17828101,2700,77440000,36720000,17825400,5940000,11885400,5940000,0,0,0,5945400,2498732,2.4987
distribute_parallel_for_split_1700_2200_2700,1700,2700,0,5400,59416200,17828101,2700,77440000,36720000,17825400,5940000,11885400,5940000,0,0,0,5945400,3388443,3.3884
swap_distribute_parallel_for_1700_2200_2700,1700,2700,0,5400,59416200,17828101,2700,77440000,36720000,17825400,5940000,11885400,5940000,0,0,0,5945400,4531426,4.5314
swap_distribute_parallel_for_split_1700_2200_2700,1700,2700,0,5400,59416200,17828101,2700,77440000,36720000,17825400,5940000,11885400,5940000,0,0,0,5945400,2878401,2.8784
distribute_parallel_for_collapse_1700_2200_2700,1700,2700,0,5400,59416200,17828101,2700,77440000,36720000,17825400,5940000,11885400,5940000,0,0,0,5945400,2905152,2.9052
swap_distribute_parallel_for_collapse_1700_2200_2700,1700,2700,0,5400,59416200,17828101,2700,77440000,36720000,17825400,5940000,11885400,5940000,0,0,0,5945400,3447884,3.4479
distribute_parallel_for_1700_2200_3200,1700,3200,0,6400,70419200,21129601,3200,86240000,43520000,21126400,7040000,14086400,7040000,0,0,0,7046400,3294214,3.2942
distribute_parallel_for_split_1700_2200_3200,1700,3200,0,6400,70419200,21129601,3200,86240000,43520000,21126400,7040000,14086400,7040000,0,0,0,7046400,4407956,4.4080
swap_distribute_parallel_for_1700_2200_3200,1700,3200,0,6400,70419200,21129601,3200,86240000,43520000,21126400,7040000,14086400,7040000,0,0,0,7046400,4417066,4.4171
swap_distribute_parallel_for_split_1700_2200_3200,1700,3200,0,6400,70419200,21129601,3200,86240000,43520000,21126400,7040000,14086400,7040000,0,0,0,7046400,3394681,3.3947
distribute_parallel_for_collapse_1700_2200_3200,1700,3200,0,6400,70419200,21129601,3200,86240000,43520000,21126400,7040000,14086400,7040000,0,0,0,7046400,3872092,3.8721
swap_distribute_parallel_for_collapse_1700_2200_3200,1700,3200,0,6400,70419200,21129601,3200,86240000,43520000,21126400,7040000,14086400,7040000,0,0,0,7046400,4070642,4.0706
distribute_parallel_for_1700_2200_3700,1700,3700,0,7400,81422200,24431101,3700,95040000,50320000,24427400,8140000,16287400,8140000,0,0,0,8147400,3399512,3.3995
distribute_parallel_for_split_1700_2200_3700,1700,3700,0,7400,81422200,24431101,3700,95040000,50320000,24427400,8140000,16287400,8140000,0,0,0,8147400,4681773,4.6818
swap_distribute_parallel_for_1700_2200_3700,1700,3700,0,7400,81422200,24431101,3700,95040000,50320000,24427400,8140000,16287400,8140000,0,0,0,8147400,4458449,4.4584
swap_distribute_parallel_for_split_1700_2200_3700,1700,3700,0,7400,81422200,24431101,3700,95040000,50320000,24427400,8140000,16287400,8140000,0,0,0,8147400,3785125,3.7851
distribute_parallel_for_collapse_1700_2200_3700,1700,3700,0,7400,81422200,24431101,3700,95040000,50320000,24427400,8140000,16287400,8140000,0,0,0,8147400,4448107,4.4481
swap_distribute_parallel_for_collapse_1700_2200_3700,1700,3700,0,7400,81422200,24431101,3700,95040000,50320000,24427400,8140000,16287400,8140000,0,0,0,8147400,4615689,4.6157
distribute_parallel_for_1700_2200_4200,1700,4200,0,8400,92425200,27732601,4200,103840000,57120000,27728400,9240000,18488400,9240000,0,0,0,9248400,4268669,4.2687
distribute_parallel_for_split_1700_2200_4200,1700,4200,0,8400,92425200,27732601,4200,103840000,57120000,27728400,9240000,18488400,9240000,0,0,0,9248400,6007393,6.0074
swap_distribute_parallel_for_1700_2200_4200,1700,4200,0,8400,92425200,27732601,4200,103840000,57120000,27728400,9240000,18488400,9240000,0,0,0,9248400,6869158,6.8692
swap_distribute_parallel_for_split_1700_2200_4200,1700,4200,0,8400,92425200,27732601,4200,103840000,57120000,27728400,9240000,18488400,9240000,0,0,0,9248400,4243708,4.2437
distribute_parallel_for_collapse_1700_2200_4200,1700,4200,0,8400,92425200,27732601,4200,103840000,57120000,27728400,9240000,18488400,9240000,0,0,0,9248400,4728130,4.7281
swap_distribute_parallel_for_collapse_1700_2200_4200,1700,4200,0,8400,92425200,27732601,4200,103840000,57120000,27728400,9240000,18488400,9240000,0,0,0,9248400,5261498,5.2615
distribute_parallel_for_1700_2700_1200,1700,1200,0,2400,32407200,9723601,1200,62640000,16320000,9722400,3240000,6482400,3240000,0,0,0,3242400,1522632,1.5226
distribute_parallel_for_split_1700_2700_1200,1700,1200,0,2400,32407200,9723601,1200,62640000,16320000,9722400,3240000,6482400,3240000,0,0,0,3242400,2030616,2.0306
swap_distribute_parallel_for_1700_2700_1200,1700,1200,0,2400,32407200,9723601,1200,62640000,16320000,9722400,3240000,6482400,3240000,0,0,0,3242400,2571671,2.5717
swap_distribute_parallel_for_split_1700_2700_1200,1700,1200,0,2400,32407200,9723601,1200,62640000,16320000,9722400,3240000,6482400,3240000,0,0,0,3242400,1425325,1.4253
distribute_parallel_for_collapse_1700_2700_1200,1700,1200,0,2400,32407200,9723601,1200,62640000,16320000,9722400,3240000,6482400,3240000,0,0,0,3242400,1613116,1.6131
swap_distribute_parallel_for_collapse_1700_2700_1200,1700,1200,0,2400,32407200,9723601,1200,62640000,16320000,9722400,3240000,6482400,3240000,0,0,0,3242400,1655625,1.6556
distribute_parallel_for_1700_2700_1700,1700,1700,0,3400,45910200,13775101,1700,73440000,23120000,13773400,4590000,9183400,4590000,0,0,0,4593400,1896034,1.8960
distribute_parallel_for_split_1700_2700_1700,1700,1700,0,3400,45910200,13775101,1700,73440000,23120000,13773400,4590000,9183400,4590000,0,0,0,4593400,2641435,2.6414
swap_distribute_parallel_for_1700_2700_1700,1700,1700,0,3400,45910200,13775101,1700,73440000,23120000,13773400,4590000,9183400,4590000,0,0,0,4593400,2691532,2.6915
swap_distribute_parallel_for_split_1700_2700_1700,1700,1700,0,3400,45910200,13775101,1700,73440000,23120000,13773400,4590000,9183400,4590000,0,0,0,4593400,2296899,2.2969
distribute_parallel_for_collapse_1700_2700_1700,1700,1700,0,3400,45910200,13775101,1700,73440000,23120000,13773400,4590000,9183400,4590000,0,0,0,4593400,2439759,2.4398
swap_distribute_parallel_for_collapse_1700_2700_1700,1700,1700,0,3400,45910200,13775101,1700,73440000,23120000,13773400,4590000,9183400,4590000,0,0,0,4593400,2534838,2.5348
distribute_parallel_for_1700_2700_2200,1700,2200,0,4400,59413200,17826601,2200,84240000,29920000,17824400,5940000,11884400,5940000,0,0,0,5944400,2734930,2.7349
distribute_parallel_for_split_1700_2700_2200,1700,2200,0,4400,59413200,17826601,2200,84240000,29920000,17824400,5940000,11884400,5940000,0,0,0,5944400,3853323,3.8533
swap_distribute_parallel_for_1700_2700_2200,1700,2200,0,4400,59413200,17826601,2200,84240000,29920000,17824400,5940000,11884400,5940000,0,0,0,5944400,5520260,5.5203
swap_distribute_parallel_for_split_1700_2700_2200,1700,2200,0,4400,59413200,17826601,2200,84240000,29920000,17824400,5940000,11884400,5940000,0,0,0,5944400,2981951,2.9820
distribute_parallel_for_collapse_1700_2700_2200,1700,2200,0,4400,59413200,17826601,2200,84240000,29920000,17824400,5940000,11884400,5940000,0,0,0,5944400,3264263,3.2643
swap_distribute_parallel_for_collapse_1700_2700_2200,1700,2200,0,4400,59413200,17826601,2200,84240000,29920000,17824400,5940000,11884400,5940000,0,0,0,5944400,3255642,3.2556
distribute_parallel_for_1700_2700_2700,1700,2700,0,5400,72916200,21878101,2700,95040000,36720000,21875400,7290000,14585400,7290000,0,0,0,7295400,3334355,3.3344
distribute_parallel_for_split_1700_2700_2700,1700,2700,0,5400,72916200,21878101,2700,95040000,36720000,21875400,7290000,14585400,7290000,0,0,0,7295400,4098987,4.0990
swap_distribute_parallel_for_1700_2700_2700,1700,2700,0,5400,72916200,21878101,2700,95040000,36720000,21875400,7290000,14585400,7290000,0,0,0,7295400,5512570,5.5126
swap_distribute_parallel_for_split_1700_2700_2700,1700,2700,0,5400,72916200,21878101,2700,95040000,36720000,21875400,7290000,14585400,7290000,0,0,0,7295400,3476733,3.4767
distribute_parallel_for_collapse_1700_2700_2700,1700,2700,0,5400,72916200,21878101,2700,95040000,36720000,21875400,7290000,14585400,7290000,0,0,0,7295400,3603105,3.6031
swap_distribute_parallel_for_collapse_1700_2700_2700,1700,2700,0,5400,72916200,21878101,2700,95040000,36720000,21875400,7290000,14585400,7290000,0,0,0,7295400,4217464,4.2175
distribute_parallel_for_1700_2700_3200,1700,3200,0,6400,86419200,25929601,3200,105840000,43520000,25926400,8640000,17286400,8640000,0,0,0,8646400,3893071,3.8931
distribute_parallel_for_split_1700_2700_3200,1700,3200,0,6400,86419200,25929601,3200,105840000,43520000,25926400,8640000,17286400,8640000,0,0,0,8646400,5403630,5.4036
swap_distribute_parallel_for_1700_2700_3200,1700,3200,0,6400,86419200,25929601,3200,105840000,43520000,25926400,8640000,17286400,8640000,0,0,0,8646400,5388508,5.3885
swap_distribute_parallel_for_split_1700_2700_3200,1700,3200,0,6400,86419200,25929601,3200,105840000,43520000,25926400,8640000,17286400,8640000,0,0,0,8646400,4074380,4.0744
distribute_parallel_for_collapse_1700_2700_3200,1700,3200,0,6400,86419200,25929601,3200,105840000,43520000,25926400,8640000,17286400,8640000,0,0,0,8646400,4717750,4.7177
swap_distribute_parallel_for_collapse_1700_2700_3200,1700,3200,0,6400,86419200,25929601,3200,105840000,43520000,25926400,8640000,17286400,8640000,0,0,0,8646400,4856794,4.8568
distribute_parallel_for_1700_2700_3700,1700,3700,0,7400,99922200,29981101,3700,116640000,50320000,29977400,9990000,19987400,9990000,0,0,0,9997400,4501364,4.5014
distribute_parallel_for_split_1700_2700_3700,1700,3700,0,7400,99922200,29981101,3700,116640000,50320000,29977400,9990000,19987400,9990000,0,0,0,9997400,6486018,6.4860
swap_distribute_parallel_for_1700_2700_3700,1700,3700,0,7400,99922200,29981101,3700,116640000,50320000,29977400,9990000,19987400,9990000,0,0,0,9997400,5742607,5.7426
swap_distribute_parallel_for_split_1700_2700_3700,1700,3700,0,7400,99922200,29981101,3700,116640000,50320000,29977400,9990000,19987400,9990000,0,0,0,9997400,4615117,4.6151
distribute_parallel_for_collapse_1700_2700_3700,1700,3700,0,7400,99922200,29981101,3700,116640000,50320000,29977400,9990000,19987400,9990000,0,0,0,9997400,5438205,5.4382
swap_distribute_parallel_for_collapse_1700_2700_3700,1700,3700,0,7400,99922200,29981101,3700,116640000,50320000,29977400,9990000,19987400,9990000,0,0,0,9997400,5692423,5.6924
distribute_parallel_for_1700_2700_4200,1700,4200,0,8400,113425200,34032601,4200,127440000,57120000,34028400,11340000,22688400,11340000,0,0,0,11348400,5260910,5.2609
distribute_parallel_for_split_1700_2700_4200,1700,4200,0,8400,113425200,34032601,4200,127440000,57120000,34028400,11340000,22688400,11340000,0,0,0,11348400,7322573,7.3226
swap_distribute_parallel_for_1700_2700_4200,1700,4200,0,8400,113425200,34032601,4200,127440000,57120000,34028400,11340000,22688400,11340000,0,0,0,11348400,8545015,8.5450
swap_distribute_parallel_for_split_1700_2700_4200,1700,4200,0,8400,113425200,34032601,4200,127440000,57120000,34028400,11340000,22688400,11340000,0,0,0,11348400,5357350,5.3574
distribute_parallel_for_collapse_1700_2700_4200,1700,4200,0,8400,113425200,34032601,4200,127440000,57120000,34028400,11340000,22688400,11340000,0,0,0,11348400,5858185,5.8582
swap_distribute_parallel_for_collapse_1700_2700_4200,1700,4200,0,8400,113425200,34032601,4200,127440000,57120000,34028400,11340000,22688400,11340000,0,0,0,11348400,6563972,6.5640
distribute_parallel_for_1700_3200_1200,1700,1200,0,2400,38407200,11523601,1200,74240000,16320000,11522400,3840000,7682400,3840000,0,0,0,3842400,1929897,1.9299
distribute_parallel_for_split_1700_3200_1200,1700,1200,0,2400,38407200,11523601,1200,74240000,16320000,11522400,3840000,7682400,3840000,0,0,0,3842400,2414336,2.4143
swap_distribute_parallel_for_1700_3200_1200,1700,1200,0,2400,38407200,11523601,1200,74240000,16320000,11522400,3840000,7682400,3840000,0,0,0,3842400,3067841,3.0678
swap_distribute_parallel_for_split_1700_3200_1200,1700,1200,0,2400,38407200,11523601,1200,74240000,16320000,11522400,3840000,7682400,3840000,0,0,0,3842400,1722881,1.7229
distribute_parallel_for_collapse_1700_3200_1200,1700,1200,0,2400,38407200,11523601,1200,74240000,16320000,11522400,3840000,7682400,3840000,0,0,0,3842400,1983783,1.9838
swap_distribute_parallel_for_collapse_1700_3200_1200,1700,1200,0,2400,38407200,11523601,1200,74240000,16320000,11522400,3840000,7682400,3840000,0,0,0,3842400,2042839,2.0428
distribute_parallel_for_1700_3200_1700,1700,1700,0,3400,54410200,16325101,1700,87040000,23120000,16323400,5440000,10883400,5440000,0,0,0,5443400,2573901,2.5739
distribute_parallel_for_split_1700_3200_1700,1700,1700,0,3400,54410200,16325101,1700,87040000,23120000,16323400,5440000,10883400,5440000,0,0,0,5443400,3437305,3.4373
swap_distribute_parallel_for_1700_3200_1700,1700,1700,0,3400,54410200,16325101,1700,87040000,23120000,16323400,5440000,10883400,5440000,0,0,0,5443400,3239920,3.2399
swap_distribute_parallel_for_split_1700_3200_1700,1700,1700,0,3400,54410200,16325101,1700,87040000,23120000,16323400,5440000,10883400,5440000,0,0,0,5443400,2760298,2.7603
distribute_parallel_for_collapse_1700_3200_1700,1700,1700,0,3400,54410200,16325101,1700,87040000,23120000,16323400,5440000,10883400,5440000,0,0,0,5443400,2889945,2.8899
swap_distribute_parallel_for_collapse_1700_3200_1700,1700,1700,0,3400,54410200,16325101,1700,87040000,23120000,16323400,5440000,10883400,5440000,0,0,0,5443400,2999102,2.9991
distribute_parallel_for_1700_3200_2200,1700,2200,0,4400,70413200,21126601,2200,99840000,29920000,21124400,7040000,14084400,7040000,0,0,0,7044400,3259856,3.2599
distribute_parallel_for_split_1700_3200_2200,1700,2200,0,4400,70413200,21126601,2200,99840000,29920000,21124400,7040000,14084400,7040000,0,0,0,7044400,4283026,4.2830
swap_distribute_parallel_for_1700_3200_2200,1700,2200,0,4400,70413200,21126601,2200,99840000,29920000,21124400,7040000,14084400,7040000,0,0,0,7044400,6582163,6.5822
swap_distribute_parallel_for_split_1700_3200_2200,1700,2200,0,4400,70413200,21126601,2200,99840000,29920000,21124400,7040000,14084400,7040000,0,0,0,7044400,3469452,3.4695
distribute_parallel_for_collapse_1700_3200_2200,1700,2200,0,4400,70413200,21126601,2200,99840000,29920000,21124400,7040000,14084400,7040000,0,0,0,7044400,3831099,3.8311
swap_distribute_parallel_for_collapse_1700_3200_2200,1700,2200,0,4400,70413200,21126601,2200,99840000,29920000,21124400,7040000,14084400,7040000,0,0,0,7044400,3894077,3.8941
distribute_parallel_for_1700_3200_2700,1700,2700,0,5400,86416200,25928101,2700,112640000,36720000,25925400,8640000,17285400,8640000,0,0,0,8645400,3627250,3.6273
distribute_parallel_for_split_1700_3200_2700,1700,2700,0,5400,86416200,25928101,2700,112640000,36720000,25925400,8640000,17285400,8640000,0,0,0,8645400,5203062,5.2031
swap_distribute_parallel_for_1700_3200_2700,1700,2700,0,5400,86416200,25928101,2700,112640000,36720000,25925400,8640000,17285400,8640000,0,0,0,8645400,6657876,6.6579
swap_distribute_parallel_for_split_1700_3200_2700,1700,2700,0,5400,86416200,25928101,2700,112640000,36720000,25925400,8640000,17285400,8640000,0,0,0,8645400,4127279,4.1273
distribute_parallel_for_collapse_1700_3200_2700,1700,2700,0,5400,86416200,25928101,2700,112640000,36720000,25925400,8640000,17285400,8640000,0,0,0,8645400,4461349,4.4613
swap_distribute_parallel_for_collapse_1700_3200_2700,1700,2700,0,5400,86416200,25928101,2700,112640000,36720000,25925400,8640000,17285400,8640000,0,0,0,8645400,4943853,4.9439
distribute_parallel_for_1700_3200_3200,1700,3200,0,6400,102419200,30729601,3200,125440000,43520000,30726400,10240000,20486400,10240000,0,0,0,10246400,4795410,4.7954
distribute_parallel_for_split_1700_3200_3200,1700,3200,0,6400,102419200,30729601,3200,125440000,43520000,30726400,10240000,20486400,10240000,0,0,0,10246400,6311069,6.3111
swap_distribute_parallel_for_1700_3200_3200,1700,3200,0,6400,102419200,30729601,3200,125440000,43520000,30726400,10240000,20486400,10240000,0,0,0,10246400,6426293,6.4263
swap_distribute_parallel_for_split_1700_3200_3200,1700,3200,0,6400,102419200,30729601,3200,125440000,43520000,30726400,10240000,20486400,10240000,0,0,0,10246400,4821794,4.8218
distribute_parallel_for_collapse_1700_3200_3200,1700,3200,0,6400,102419200,30729601,3200,125440000,43520000,30726400,10240000,20486400,10240000,0,0,0,10246400,5650472,5.6505
swap_distribute_parallel_for_collapse_1700_3200_3200,1700,3200,0,6400,102419200,30729601,3200,125440000,43520000,30726400,10240000,20486400,10240000,0,0,0,10246400,5678597,5.6786
distribute_parallel_for_1700_3200_3700,1700,3700,0,7400,118422200,35531101,3700,138240000,50320000,35527400,11840000,23687400,11840000,0,0,0,11847400,5475701,5.4757
distribute_parallel_for_split_1700_3200_3700,1700,3700,0,7400,118422200,35531101,3700,138240000,50320000,35527400,11840000,23687400,11840000,0,0,0,11847400,7096145,7.0961
swap_distribute_parallel_for_1700_3200_3700,1700,3700,0,7400,118422200,35531101,3700,138240000,50320000,35527400,11840000,23687400,11840000,0,0,0,11847400,6635631,6.6356
swap_distribute_parallel_for_split_1700_3200_3700,1700,3700,0,7400,118422200,35531101,3700,138240000,50320000,35527400,11840000,23687400,11840000,0,0,0,11847400,5953537,5.9535
distribute_parallel_for_collapse_1700_3200_3700,1700,3700,0,7400,118422200,35531101,3700,138240000,50320000,35527400,11840000,23687400,11840000,0,0,0,11847400,6650886,6.6509
swap_distribute_parallel_for_collapse_1700_3200_3700,1700,3700,0,7400,118422200,35531101,3700,138240000,50320000,35527400,11840000,23687400,11840000,0,0,0,11847400,6635408,6.6354
distribute_parallel_for_1700_3200_4200,1700,4200,0,8400,134425200,40332601,4200,151040000,57120000,40328400,13440000,26888400,13440000,0,0,0,13448400,6181480,6.1815
distribute_parallel_for_split_1700_3200_4200,1700,4200,0,8400,134425200,40332601,4200,151040000,57120000,40328400,13440000,26888400,13440000,0,0,0,13448400,8641735,8.6417
swap_distribute_parallel_for_1700_3200_4200,1700,4200,0,8400,134425200,40332601,4200,151040000,57120000,40328400,13440000,26888400,13440000,0,0,0,13448400,10241734,10.2417
swap_distribute_parallel_for_split_1700_3200_4200,1700,4200,0,8400,134425200,40332601,4200,151040000,57120000,40328400,13440000,26888400,13440000,0,0,0,13448400,6217590,6.2176
distribute_parallel_for_collapse_1700_3200_4200,1700,4200,0,8400,134425200,40332601,4200,151040000,57120000,40328400,13440000,26888400,13440000,0,0,0,13448400,6984584,6.9846
swap_distribute_parallel_for_collapse_1700_3200_4200,1700,4200,0,8400,134425200,40332601,4200,151040000,57120000,40328400,13440000,26888400,13440000,0,0,0,13448400,7935796,7.9358
distribute_parallel_for_1700_3700_1200,1700,1200,0,2400,44407200,13323601,1200,85840000,16320000,13322400,4440000,8882400,4440000,0,0,0,4442400,1952875,1.9529
distribute_parallel_for_split_1700_3700_1200,1700,1200,0,2400,44407200,13323601,1200,85840000,16320000,13322400,4440000,8882400,4440000,0,0,0,4442400,2724191,2.7242
swap_distribute_parallel_for_1700_3700_1200,1700,1200,0,2400,44407200,13323601,1200,85840000,16320000,13322400,4440000,8882400,4440000,0,0,0,4442400,3584441,3.5844
swap_distribute_parallel_for_split_1700_3700_1200,1700,1200,0,2400,44407200,13323601,1200,85840000,16320000,13322400,4440000,8882400,4440000,0,0,0,4442400,1939247,1.9392
distribute_parallel_for_collapse_1700_3700_1200,1700,1200,0,2400,44407200,13323601,1200,85840000,16320000,13322400,4440000,8882400,4440000,0,0,0,4442400,2277893,2.2779
swap_distribute_parallel_for_collapse_1700_3700_1200,1700,1200,0,2400,44407200,13323601,1200,85840000,16320000,13322400,4440000,8882400,4440000,0,0,0,4442400,2333088,2.3331
distribute_parallel_for_1700_3700_1700,1700,1700,0,3400,62910200,18875101,1700,100640000,23120000,18873400,6290000,12583400,6290000,0,0,0,6293400,2865659,2.8657
distribute_parallel_for_split_1700_3700_1700,1700,1700,0,3400,62910200,18875101,1700,100640000,23120000,18873400,6290000,12583400,6290000,0,0,0,6293400,3894241,3.8942
swap_distribute_parallel_for_1700_3700_1700,1700,1700,0,3400,62910200,18875101,1700,100640000,23120000,18873400,6290000,12583400,6290000,0,0,0,6293400,3775545,3.7755
swap_distribute_parallel_for_split_1700_3700_1700,1700,1700,0,3400,62910200,18875101,1700,100640000,23120000,18873400,6290000,12583400,6290000,0,0,0,6293400,3226276,3.2263
distribute_parallel_for_collapse_1700_3700_1700,1700,1700,0,3400,62910200,18875101,1700,100640000,23120000,18873400,6290000,12583400,6290000,0,0,0,6293400,3363632,3.3636
swap_distribute_parallel_for_collapse_1700_3700_1700,1700,1700,0,3400,62910200,18875101,1700,100640000,23120000,18873400,6290000,12583400,6290000,0,0,0,6293400,3499049,3.4990
distribute_parallel_for_1700_3700_2200,1700,2200,0,4400,81413200,24426601,2200,115440000,29920000,24424400,8140000,16284400,8140000,0,0,0,8144400,3714725,3.7147
distribute_parallel_for_split_1700_3700_2200,1700,2200,0,4400,81413200,24426601,2200,115440000,29920000,24424400,8140000,16284400,8140000,0,0,0,8144400,4949957,4.9500
swap_distribute_parallel_for_1700_3700_2200,1700,2200,0,4400,81413200,24426601,2200,115440000,29920000,24424400,8140000,16284400,8140000,0,0,0,8144400,7697675,7.6977
swap_distribute_parallel_for_split_1700_3700_2200,1700,2200,0,4400,81413200,24426601,2200,115440000,29920000,24424400,8140000,16284400,8140000,0,0,0,8144400,4086253,4.0863
distribute_parallel_for_collapse_1700_3700_2200,1700,2200,0,4400,81413200,24426601,2200,115440000,29920000,24424400,8140000,16284400,8140000,0,0,0,8144400,4494042,4.4940
swap_distribute_parallel_for_collapse_1700_3700_2200,1700,2200,0,4400,81413200,24426601,2200,115440000,29920000,24424400,8140000,16284400,8140000,0,0,0,8144400,4587047,4.5870
distribute_parallel_for_1700_3700_2700,1700,2700,0,5400,99916200,29978101,2700,130240000,36720000,29975400,9990000,19985400,9990000,0,0,0,9995400,4606481,4.6065
distribute_parallel_for_split_1700_3700_2700,1700,2700,0,5400,99916200,29978101,2700,130240000,36720000,29975400,9990000,19985400,9990000,0,0,0,9995400,5630631,5.6306
swap_distribute_parallel_for_1700_3700_2700,1700,2700,0,5400,99916200,29978101,2700,130240000,36720000,29975400,9990000,19985400,9990000,0,0,0,9995400,8147777,8.1478
swap_distribute_parallel_for_split_1700_3700_2700,1700,2700,0,5400,99916200,29978101,2700,130240000,36720000,29975400,9990000,19985400,9990000,0,0,0,9995400,4893891,4.8939
distribute_parallel_for_collapse_1700_3700_2700,1700,2700,0,5400,99916200,29978101,2700,130240000,36720000,29975400,9990000,19985400,9990000,0,0,0,9995400,5064088,5.0641
swap_distribute_parallel_for_collapse_1700_3700_2700,1700,2700,0,5400,99916200,29978101,2700,130240000,36720000,29975400,9990000,19985400,9990000,0,0,0,9995400,5793605,5.7936
distribute_parallel_for_1700_3700_3200,1700,3200,0,6400,118419200,35529601,3200,145040000,43520000,35526400,11840000,23686400,11840000,0,0,0,11846400,5296249,5.2962
distribute_parallel_for_split_1700_3700_3200,1700,3200,0,6400,118419200,35529601,3200,145040000,43520000,35526400,11840000,23686400,11840000,0,0,0,11846400,7463051,7.4631
swap_distribute_parallel_for_1700_3700_3200,1700,3200,0,6400,118419200,35529601,3200,145040000,43520000,35526400,11840000,23686400,11840000,0,0,0,11846400,7691547,7.6915
swap_distribute_parallel_for_split_1700_3700_3200,1700,3200,0,6400,118419200,35529601,3200,145040000,43520000,35526400,11840000,23686400,11840000,0,0,0,11846400,5638002,5.6380
distribute_parallel_for_collapse_1700_3700_3200,1700,3200,0,6400,118419200,35529601,3200,145040000,43520000,35526400,11840000,23686400,11840000,0,0,0,11846400,6590355,6.5904
swap_distribute_parallel_for_collapse_1700_3700_3200,1700,3200,0,6400,118419200,35529601,3200,145040000,43520000,35526400,11840000,23686400,11840000,0,0,0,11846400,6703953,6.7040
distribute_parallel_for_1700_3700_3700,1700,3700,0,7400,136922200,41081101,3700,159840000,50320000,41077400,13690000,27387400,13690000,0,0,0,13697400,6039634,6.0396
distribute_parallel_for_split_1700_3700_3700,1700,3700,0,7400,136922200,41081101,3700,159840000,50320000,41077400,13690000,27387400,13690000,0,0,0,13697400,8087479,8.0875
swap_distribute_parallel_for_1700_3700_3700,1700,3700,0,7400,136922200,41081101,3700,159840000,50320000,41077400,13690000,27387400,13690000,0,0,0,13697400,7656092,7.6561
swap_distribute_parallel_for_split_1700_3700_3700,1700,3700,0,7400,136922200,41081101,3700,159840000,50320000,41077400,13690000,27387400,13690000,0,0,0,13697400,6396777,6.3968
distribute_parallel_for_collapse_1700_3700_3700,1700,3700,0,7400,136922200,41081101,3700,159840000,50320000,41077400,13690000,27387400,13690000,0,0,0,13697400,7512305,7.5123
swap_distribute_parallel_for_collapse_1700_3700_3700,1700,3700,0,7400,136922200,41081101,3700,159840000,50320000,41077400,13690000,27387400,13690000,0,0,0,13697400,7685856,7.6859
distribute_parallel_for_1700_3700_4200,1700,4200,0,8400,155425200,46632601,4200,174640000,57120000,46628400,15540000,31088400,15540000,0,0,0,15548400,6967219,6.9672
distribute_parallel_for_split_1700_3700_4200,1700,4200,0,8400,155425200,46632601,4200,174640000,57120000,46628400,15540000,31088400,15540000,0,0,0,15548400,9881537,9.8815
swap_distribute_parallel_for_1700_3700_4200,1700,4200,0,8400,155425200,46632601,4200,174640000,57120000,46628400,15540000,31088400,15540000,0,0,0,15548400,11790742,11.7907
swap_distribute_parallel_for_split_1700_3700_4200,1700,4200,0,8400,155425200,46632601,4200,174640000,57120000,46628400,15540000,31088400,15540000,0,0,0,15548400,7203077,7.2031
distribute_parallel_for_collapse_1700_3700_4200,1700,4200,0,8400,155425200,46632601,4200,174640000,57120000,46628400,15540000,31088400,15540000,0,0,0,15548400,8121671,8.1217
swap_distribute_parallel_for_collapse_1700_3700_4200,1700,4200,0,8400,155425200,46632601,4200,174640000,57120000,46628400,15540000,31088400,15540000,0,0,0,15548400,9133366,9.1334
distribute_parallel_for_1750_1250_1250,1750,1250,0,2500,15632500,4691251,1250,30000000,17500000,4690000,1562500,3127500,1562500,0,0,0,1565000,683539,0.6835
distribute_parallel_for_split_1750_1250_1250,1750,1250,0,2500,15632500,4691251,1250,30000000,17500000,4690000,1562500,3127500,1562500,0,0,0,1565000,739763,0.7398
swap_distribute_parallel_for_1750_1250_1250,1750,1250,0,2500,15632500,4691251,1250,30000000,17500000,4690000,1562500,3127500,1562500,0,0,0,1565000,954814,0.9548
swap_distribute_parallel_for_split_1750_1250_1250,1750,1250,0,2500,15632500,4691251,1250,30000000,17500000,4690000,1562500,3127500,1562500,0,0,0,1565000,750013,0.7500
distribute_parallel_for_collapse_1750_1250_1250,1750,1250,0,2500,15632500,4691251,1250,30000000,17500000,4690000,1562500,3127500,1562500,0,0,0,1565000,817834,0.8178
swap_distribute_parallel_for_collapse_1750_1250_1250,1750,1250,0,2500,15632500,4691251,1250,30000000,17500000,4690000,1562500,3127500,1562500,0,0,0,1565000,707326,0.7073
distribute_parallel_for_1750_1250_1750,1750,1750,0,3500,21885500,6567751,1750,35000000,24500000,6566000,2187500,4378500,2187500,0,0,0,2191000,944485,0.9445
distribute_parallel_for_split_1750_1250_1750,1750,1750,0,3500,21885500,6567751,1750,35000000,24500000,6566000,2187500,4378500,2187500,0,0,0,2191000,1076337,1.0763
swap_distribute_parallel_for_1750_1250_1750,1750,1750,0,3500,21885500,6567751,1750,35000000,24500000,6566000,2187500,4378500,2187500,0,0,0,2191000,1022636,1.0226
swap_distribute_parallel_for_split_1750_1250_1750,1750,1750,0,3500,21885500,6567751,1750,35000000,24500000,6566000,2187500,4378500,2187500,0,0,0,2191000,1119090,1.1191
distribute_parallel_for_collapse_1750_1250_1750,1750,1750,0,3500,21885500,6567751,1750,35000000,24500000,6566000,2187500,4378500,2187500,0,0,0,2191000,1128757,1.1288
swap_distribute_parallel_for_collapse_1750_1250_1750,1750,1750,0,3500,21885500,6567751,1750,35000000,24500000,6566000,2187500,4378500,2187500,0,0,0,2191000,1013143,1.0131
distribute_parallel_for_1750_1250_2250,1750,2250,0,4500,28138500,8444251,2250,40000000,31500000,8442000,2812500,5629500,2812500,0,0,0,2817000,1168440,1.1684
distribute_parallel_for_split_1750_1250_2250,1750,2250,0,4500,28138500,8444251,2250,40000000,31500000,8442000,2812500,5629500,2812500,0,0,0,2817000,1399509,1.3995
swap_distribute_parallel_for_1750_1250_2250,1750,2250,0,4500,28138500,8444251,2250,40000000,31500000,8442000,2812500,5629500,2812500,0,0,0,2817000,2334483,2.3345
swap_distribute_parallel_for_split_1750_1250_2250,1750,2250,0,4500,28138500,8444251,2250,40000000,31500000,8442000,2812500,5629500,2812500,0,0,0,2817000,1385213,1.3852
distribute_parallel_for_collapse_1750_1250_2250,1750,2250,0,4500,28138500,8444251,2250,40000000,31500000,8442000,2812500,5629500,2812500,0,0,0,2817000,1432341,1.4323
swap_distribute_parallel_for_collapse_1750_1250_2250,1750,2250,0,4500,28138500,8444251,2250,40000000,31500000,8442000,2812500,5629500,2812500,0,0,0,2817000,1326095,1.3261
distribute_parallel_for_1750_1250_2750,1750,2750,0,5500,34391500,10320751,2750,45000000,38500000,10318000,3437500,6880500,3437500,0,0,0,3443000,1460451,1.4605
distribute_parallel_for_split_1750_1250_2750,1750,2750,0,5500,34391500,10320751,2750,45000000,38500000,10318000,3437500,6880500,3437500,0,0,0,3443000,1812535,1.8125
swap_distribute_parallel_for_1750_1250_2750,1750,2750,0,5500,34391500,10320751,2750,45000000,38500000,10318000,3437500,6880500,3437500,0,0,0,3443000,2220107,2.2201
swap_distribute_parallel_for_split_1750_1250_2750,1750,2750,0,5500,34391500,10320751,2750,45000000,38500000,10318000,3437500,6880500,3437500,0,0,0,3443000,1686730,1.6867
distribute_parallel_for_collapse_1750_1250_2750,1750,2750,0,5500,34391500,10320751,2750,45000000,38500000,10318000,3437500,6880500,3437500,0,0,0,3443000,1839738,1.8397
swap_distribute_parallel_for_collapse_1750_1250_2750,1750,2750,0,5500,34391500,10320751,2750,45000000,38500000,10318000,3437500,6880500,3437500,0,0,0,3443000,1660188,1.6602
distribute_parallel_for_1750_1250_3250,1750,3250,0,6500,40644500,12197251,3250,50000000,45500000,12194000,4062500,8131500,4062500,0,0,0,4069000,1859841,1.8598
distribute_parallel_for_split_1750_1250_3250,1750,3250,0,6500,40644500,12197251,3250,50000000,45500000,12194000,4062500,8131500,4062500,0,0,0,4069000,2072720,2.0727
swap_distribute_parallel_for_1750_1250_3250,1750,3250,0,6500,40644500,12197251,3250,50000000,45500000,12194000,4062500,8131500,4062500,0,0,0,4069000,2268006,2.2680
swap_distribute_parallel_for_split_1750_1250_3250,1750,3250,0,6500,40644500,12197251,3250,50000000,45500000,12194000,4062500,8131500,4062500,0,0,0,4069000,1973178,1.9732
distribute_parallel_for_collapse_1750_1250_3250,1750,3250,0,6500,40644500,12197251,3250,50000000,45500000,12194000,4062500,8131500,4062500,0,0,0,4069000,2130710,2.1307
swap_distribute_parallel_for_collapse_1750_1250_3250,1750,3250,0,6500,40644500,12197251,3250,50000000,45500000,12194000,4062500,8131500,4062500,0,0,0,4069000,2053480,2.0535
distribute_parallel_for_1750_1250_3750,1750,3750,0,7500,46897500,14073751,3750,55000000,52500000,14070000,4687500,9382500,4687500,0,0,0,4695000,2062399,2.0624
distribute_parallel_for_split_1750_1250_3750,1750,3750,0,7500,46897500,14073751,3750,55000000,52500000,14070000,4687500,9382500,4687500,0,0,0,4695000,2405056,2.4051
swap_distribute_parallel_for_1750_1250_3750,1750,3750,0,7500,46897500,14073751,3750,55000000,52500000,14070000,4687500,9382500,4687500,0,0,0,4695000,2360695,2.3607
swap_distribute_parallel_for_split_1750_1250_3750,1750,3750,0,7500,46897500,14073751,3750,55000000,52500000,14070000,4687500,9382500,4687500,0,0,0,4695000,2263285,2.2633
distribute_parallel_for_collapse_1750_1250_3750,1750,3750,0,7500,46897500,14073751,3750,55000000,52500000,14070000,4687500,9382500,4687500,0,0,0,4695000,2493342,2.4933
swap_distribute_parallel_for_collapse_1750_1250_3750,1750,3750,0,7500,46897500,14073751,3750,55000000,52500000,14070000,4687500,9382500,4687500,0,0,0,4695000,2439683,2.4397
distribute_parallel_for_1750_1250_4250,1750,4250,0,8500,53150500,15950251,4250,60000000,59500000,15946000,5312500,10633500,5312500,0,0,0,5321000,2444340,2.4443
distribute_parallel_for_split_1750_1250_4250,1750,4250,0,8500,53150500,15950251,4250,60000000,59500000,15946000,5312500,10633500,5312500,0,0,0,5321000,2719797,2.7198
swap_distribute_parallel_for_1750_1250_4250,1750,4250,0,8500,53150500,15950251,4250,60000000,59500000,15946000,5312500,10633500,5312500,0,0,0,5321000,4006647,4.0066
swap_distribute_parallel_for_split_1750_1250_4250,1750,4250,0,8500,53150500,15950251,4250,60000000,59500000,15946000,5312500,10633500,5312500,0,0,0,5321000,2570711,2.5707
distribute_parallel_for_collapse_1750_1250_4250,1750,4250,0,8500,53150500,15950251,4250,60000000,59500000,15946000,5312500,10633500,5312500,0,0,0,5321000,2834614,2.8346
swap_distribute_parallel_for_collapse_1750_1250_4250,1750,4250,0,8500,53150500,15950251,4250,60000000,59500000,15946000,5312500,10633500,5312500,0,0,0,5321000,2987555,2.9876
distribute_parallel_for_1750_1750_1250,1750,1250,0,2500,21882500,6566251,1250,42000000,17500000,6565000,2187500,4377500,2187500,0,0,0,2190000,949548,0.9495
distribute_parallel_for_split_1750_1750_1250,1750,1250,0,2500,21882500,6566251,1250,42000000,17500000,6565000,2187500,4377500,2187500,0,0,0,2190000,1129791,1.1298
swap_distribute_parallel_for_1750_1750_1250,1750,1250,0,2500,21882500,6566251,1250,42000000,17500000,6565000,2187500,4377500,2187500,0,0,0,2190000,1408903,1.4089
swap_distribute_parallel_for_split_1750_1750_1250,1750,1250,0,2500,21882500,6566251,1250,42000000,17500000,6565000,2187500,4377500,2187500,0,0,0,2190000,1056514,1.0565
distribute_parallel_for_collapse_1750_1750_1250,1750,1250,0,2500,21882500,6566251,1250,42000000,17500000,6565000,2187500,4377500,2187500,0,0,0,2190000,1232455,1.2325
swap_distribute_parallel_for_collapse_1750_1750_1250,1750,1250,0,2500,21882500,6566251,1250,42000000,17500000,6565000,2187500,4377500,2187500,0,0,0,2190000,1030195,1.0302
distribute_parallel_for_1750_1750_1750,1750,1750,0,3500,30635500,9192751,1750,49000000,24500000,9191000,3062500,6128500,3062500,0,0,0,3066000,1405066,1.4051
distribute_parallel_for_split_1750_1750_1750,1750,1750,0,3500,30635500,9192751,1750,49000000,24500000,9191000,3062500,6128500,3062500,0,0,0,3066000,1763269,1.7633
swap_distribute_parallel_for_1750_1750_1750,1750,1750,0,3500,30635500,9192751,1750,49000000,24500000,9191000,3062500,6128500,3062500,0,0,0,3066000,1485768,1.4858
swap_distribute_parallel_for_split_1750_1750_1750,1750,1750,0,3500,30635500,9192751,1750,49000000,24500000,9191000,3062500,6128500,3062500,0,0,0,3066000,1548115,1.5481
distribute_parallel_for_collapse_1750_1750_1750,1750,1750,0,3500,30635500,9192751,1750,49000000,24500000,9191000,3062500,6128500,3062500,0,0,0,3066000,1612745,1.6127
swap_distribute_parallel_for_collapse_1750_1750_1750,1750,1750,0,3500,30635500,9192751,1750,49000000,24500000,9191000,3062500,6128500,3062500,0,0,0,3066000,1445333,1.4453
distribute_parallel_for_1750_1750_2250,1750,2250,0,4500,39388500,11819251,2250,56000000,31500000,11817000,3937500,7879500,3937500,0,0,0,3942000,1679993,1.6800
distribute_parallel_for_split_1750_1750_2250,1750,2250,0,4500,39388500,11819251,2250,56000000,31500000,11817000,3937500,7879500,3937500,0,0,0,3942000,2071989,2.0720
swap_distribute_parallel_for_1750_1750_2250,1750,2250,0,4500,39388500,11819251,2250,56000000,31500000,11817000,3937500,7879500,3937500,0,0,0,3942000,3402516,3.4025
swap_distribute_parallel_for_split_1750_1750_2250,1750,2250,0,4500,39388500,11819251,2250,56000000,31500000,11817000,3937500,7879500,3937500,0,0,0,3942000,1971287,1.9713
distribute_parallel_for_collapse_1750_1750_2250,1750,2250,0,4500,39388500,11819251,2250,56000000,31500000,11817000,3937500,7879500,3937500,0,0,0,3942000,2182344,2.1823
swap_distribute_parallel_for_collapse_1750_1750_2250,1750,2250,0,4500,39388500,11819251,2250,56000000,31500000,11817000,3937500,7879500,3937500,0,0,0,3942000,1959237,1.9592
distribute_parallel_for_1750_1750_2750,1750,2750,0,5500,48141500,14445751,2750,63000000,38500000,14443000,4812500,9630500,4812500,0,0,0,4818000,2008218,2.0082
distribute_parallel_for_split_1750_1750_2750,1750,2750,0,5500,48141500,14445751,2750,63000000,38500000,14443000,4812500,9630500,4812500,0,0,0,4818000,2570206,2.5702
swap_distribute_parallel_for_1750_1750_2750,1750,2750,0,5500,48141500,14445751,2750,63000000,38500000,14443000,4812500,9630500,4812500,0,0,0,4818000,3102921,3.1029
swap_distribute_parallel_for_split_1750_1750_2750,1750,2750,0,5500,48141500,14445751,2750,63000000,38500000,14443000,4812500,9630500,4812500,0,0,0,4818000,2352888,2.3529
distribute_parallel_for_collapse_1750_1750_2750,1750,2750,0,5500,48141500,14445751,2750,63000000,38500000,14443000,4812500,9630500,4812500,0,0,0,4818000,2592722,2.5927
swap_distribute_parallel_for_collapse_1750_1750_2750,1750,2750,0,5500,48141500,14445751,2750,63000000,38500000,14443000,4812500,9630500,4812500,0,0,0,4818000,2365760,2.3658
distribute_parallel_for_1750_1750_3250,1750,3250,0,6500,56894500,17072251,3250,70000000,45500000,17069000,5687500,11381500,5687500,0,0,0,5694000,2380901,2.3809
distribute_parallel_for_split_1750_1750_3250,1750,3250,0,6500,56894500,17072251,3250,70000000,45500000,17069000,5687500,11381500,5687500,0,0,0,5694000,2967250,2.9672
swap_distribute_parallel_for_1750_1750_3250,1750,3250,0,6500,56894500,17072251,3250,70000000,45500000,17069000,5687500,11381500,5687500,0,0,0,5694000,3120004,3.1200
swap_distribute_parallel_for_split_1750_1750_3250,1750,3250,0,6500,56894500,17072251,3250,70000000,45500000,17069000,5687500,11381500,5687500,0,0,0,5694000,2724123,2.7241
distribute_parallel_for_collapse_1750_1750_3250,1750,3250,0,6500,56894500,17072251,3250,70000000,45500000,17069000,5687500,11381500,5687500,0,0,0,5694000,3048362,3.0484
swap_distribute_parallel_for_collapse_1750_1750_3250,1750,3250,0,6500,56894500,17072251,3250,70000000,45500000,17069000,5687500,11381500,5687500,0,0,0,5694000,2928463,2.9285
distribute_parallel_for_1750_1750_3750,1750,3750,0,7500,65647500,19698751,3750,77000000,52500000,19695000,6562500,13132500,6562500,0,0,0,6570000,2726831,2.7268
distribute_parallel_for_split_1750_1750_3750,1750,3750,0,7500,65647500,19698751,3750,77000000,52500000,19695000,6562500,13132500,6562500,0,0,0,6570000,3465789,3.4658
swap_distribute_parallel_for_1750_1750_3750,1750,3750,0,7500,65647500,19698751,3750,77000000,52500000,19695000,6562500,13132500,6562500,0,0,0,6570000,3241982,3.2420
swap_distribute_parallel_for_split_1750_1750_3750,1750,3750,0,7500,65647500,19698751,3750,77000000,52500000,19695000,6562500,13132500,6562500,0,0,0,6570000,3197961,3.1980
distribute_parallel_for_collapse_1750_1750_3750,1750,3750,0,7500,65647500,19698751,3750,77000000,52500000,19695000,6562500,13132500,6562500,0,0,0,6570000,3582106,3.5821
swap_distribute_parallel_for_collapse_1750_1750_3750,1750,3750,0,7500,65647500,19698751,3750,77000000,52500000,19695000,6562500,13132500,6562500,0,0,0,6570000,3509538,3.5095
distribute_parallel_for_1750_1750_4250,1750,4250,0,8500,74400500,22325251,4250,84000000,59500000,22321000,7437500,14883500,7437500,0,0,0,7446000,3300306,3.3003
distribute_parallel_for_split_1750_1750_4250,1750,4250,0,8500,74400500,22325251,4250,84000000,59500000,22321000,7437500,14883500,7437500,0,0,0,7446000,4273116,4.2731
swap_distribute_parallel_for_1750_1750_4250,1750,4250,0,8500,74400500,22325251,4250,84000000,59500000,22321000,7437500,14883500,7437500,0,0,0,7446000,5701696,5.7017
swap_distribute_parallel_for_split_1750_1750_4250,1750,4250,0,8500,74400500,22325251,4250,84000000,59500000,22321000,7437500,14883500,7437500,0,0,0,7446000,3552661,3.5527
distribute_parallel_for_collapse_1750_1750_4250,1750,4250,0,8500,74400500,22325251,4250,84000000,59500000,22321000,7437500,14883500,7437500,0,0,0,7446000,4053420,4.0534
swap_distribute_parallel_for_collapse_1750_1750_4250,1750,4250,0,8500,74400500,22325251,4250,84000000,59500000,22321000,7437500,14883500,7437500,0,0,0,7446000,4221228,4.2212
distribute_parallel_for_1750_2250_1250,1750,1250,0,2500,28132500,8441251,1250,54000000,17500000,8440000,2812500,5627500,2812500,0,0,0,2815000,1352494,1.3525
distribute_parallel_for_split_1750_2250_1250,1750,1250,0,2500,28132500,8441251,1250,54000000,17500000,8440000,2812500,5627500,2812500,0,0,0,2815000,1524717,1.5247
swap_distribute_parallel_for_1750_2250_1250,1750,1250,0,2500,28132500,8441251,1250,54000000,17500000,8440000,2812500,5627500,2812500,0,0,0,2815000,1843356,1.8434
swap_distribute_parallel_for_split_1750_2250_1250,1750,1250,0,2500,28132500,8441251,1250,54000000,17500000,8440000,2812500,5627500,2812500,0,0,0,2815000,1448794,1.4488
distribute_parallel_for_collapse_1750_2250_1250,1750,1250,0,2500,28132500,8441251,1250,54000000,17500000,8440000,2812500,5627500,2812500,0,0,0,2815000,1457944,1.4579
swap_distribute_parallel_for_collapse_1750_2250_1250,1750,1250,0,2500,28132500,8441251,1250,54000000,17500000,8440000,2812500,5627500,2812500,0,0,0,2815000,1258807,1.2588
distribute_parallel_for_1750_2250_1750,1750,1750,0,3500,39385500,11817751,1750,63000000,24500000,11816000,3937500,7878500,3937500,0,0,0,3941000,1771067,1.7711
distribute_parallel_for_split_1750_2250_1750,1750,1750,0,3500,39385500,11817751,1750,63000000,24500000,11816000,3937500,7878500,3937500,0,0,0,3941000,2104834,2.1048
swap_distribute_parallel_for_1750_2250_1750,1750,1750,0,3500,39385500,11817751,1750,63000000,24500000,11816000,3937500,7878500,3937500,0,0,0,3941000,1890692,1.8907
swap_distribute_parallel_for_split_1750_2250_1750,1750,1750,0,3500,39385500,11817751,1750,63000000,24500000,11816000,3937500,7878500,3937500,0,0,0,3941000,1997330,1.9973
distribute_parallel_for_collapse_1750_2250_1750,1750,1750,0,3500,39385500,11817751,1750,63000000,24500000,11816000,3937500,7878500,3937500,0,0,0,3941000,2105955,2.1060
swap_distribute_parallel_for_collapse_1750_2250_1750,1750,1750,0,3500,39385500,11817751,1750,63000000,24500000,11816000,3937500,7878500,3937500,0,0,0,3941000,1815212,1.8152
distribute_parallel_for_1750_2250_2250,1750,2250,0,4500,50638500,15194251,2250,72000000,31500000,15192000,5062500,10129500,5062500,0,0,0,5067000,2310166,2.3102
distribute_parallel_for_split_1750_2250_2250,1750,2250,0,4500,50638500,15194251,2250,72000000,31500000,15192000,5062500,10129500,5062500,0,0,0,5067000,2785364,2.7854
swap_distribute_parallel_for_1750_2250_2250,1750,2250,0,4500,50638500,15194251,2250,72000000,31500000,15192000,5062500,10129500,5062500,0,0,0,5067000,4320692,4.3207
swap_distribute_parallel_for_split_1750_2250_2250,1750,2250,0,4500,50638500,15194251,2250,72000000,31500000,15192000,5062500,10129500,5062500,0,0,0,5067000,2483221,2.4832
distribute_parallel_for_collapse_1750_2250_2250,1750,2250,0,4500,50638500,15194251,2250,72000000,31500000,15192000,5062500,10129500,5062500,0,0,0,5067000,2765961,2.7660
swap_distribute_parallel_for_collapse_1750_2250_2250,1750,2250,0,4500,50638500,15194251,2250,72000000,31500000,15192000,5062500,10129500,5062500,0,0,0,5067000,2400614,2.4006
distribute_parallel_for_1750_2250_2750,1750,2750,0,5500,61891500,18570751,2750,81000000,38500000,18568000,6187500,12380500,6187500,0,0,0,6193000,2873994,2.8740
distribute_parallel_for_split_1750_2250_2750,1750,2750,0,5500,61891500,18570751,2750,81000000,38500000,18568000,6187500,12380500,6187500,0,0,0,6193000,3030254,3.0303
swap_distribute_parallel_for_1750_2250_2750,1750,2750,0,5500,61891500,18570751,2750,81000000,38500000,18568000,6187500,12380500,6187500,0,0,0,6193000,4030749,4.0307
swap_distribute_parallel_for_split_1750_2250_2750,1750,2750,0,5500,61891500,18570751,2750,81000000,38500000,18568000,6187500,12380500,6187500,0,0,0,6193000,3000238,3.0002
distribute_parallel_for_collapse_1750_2250_2750,1750,2750,0,5500,61891500,18570751,2750,81000000,38500000,18568000,6187500,12380500,6187500,0,0,0,6193000,3409290,3.4093
swap_distribute_parallel_for_collapse_1750_2250_2750,1750,2750,0,5500,61891500,18570751,2750,81000000,38500000,18568000,6187500,12380500,6187500,0,0,0,6193000,3178820,3.1788
distribute_parallel_for_1750_2250_3250,1750,3250,0,6500,73144500,21947251,3250,90000000,45500000,21944000,7312500,14631500,7312500,0,0,0,7319000,3339536,3.3395
distribute_parallel_for_split_1750_2250_3250,1750,3250,0,6500,73144500,21947251,3250,90000000,45500000,21944000,7312500,14631500,7312500,0,0,0,7319000,4219972,4.2200
swap_distribute_parallel_for_1750_2250_3250,1750,3250,0,6500,73144500,21947251,3250,90000000,45500000,21944000,7312500,14631500,7312500,0,0,0,7319000,4087077,4.0871
swap_distribute_parallel_for_split_1750_2250_3250,1750,3250,0,6500,73144500,21947251,3250,90000000,45500000,21944000,7312500,14631500,7312500,0,0,0,7319000,3507545,3.5075
distribute_parallel_for_collapse_1750_2250_3250,1750,3250,0,6500,73144500,21947251,3250,90000000,45500000,21944000,7312500,14631500,7312500,0,0,0,7319000,3965959,3.9660
swap_distribute_parallel_for_collapse_1750_2250_3250,1750,3250,0,6500,73144500,21947251,3250,90000000,45500000,21944000,7312500,14631500,7312500,0,0,0,7319000,3804796,3.8048
distribute_parallel_for_1750_2250_3750,1750,3750,0,7500,84397500,25323751,3750,99000000,52500000,25320000,8437500,16882500,8437500,0,0,0,8445000,3801426,3.8014
distribute_parallel_for_split_1750_2250_3750,1750,3750,0,7500,84397500,25323751,3750,99000000,52500000,25320000,8437500,16882500,8437500,0,0,0,8445000,4723110,4.7231
swap_distribute_parallel_for_1750_2250_3750,1750,3750,0,7500,84397500,25323751,3750,99000000,52500000,25320000,8437500,16882500,8437500,0,0,0,8445000,4116659,4.1167
swap_distribute_parallel_for_split_1750_2250_3750,1750,3750,0,7500,84397500,25323751,3750,99000000,52500000,25320000,8437500,16882500,8437500,0,0,0,8445000,4057709,4.0577
distribute_parallel_for_collapse_1750_2250_3750,1750,3750,0,7500,84397500,25323751,3750,99000000,52500000,25320000,8437500,16882500,8437500,0,0,0,8445000,4666760,4.6668
swap_distribute_parallel_for_collapse_1750_2250_3750,1750,3750,0,7500,84397500,25323751,3750,99000000,52500000,25320000,8437500,16882500,8437500,0,0,0,8445000,4523394,4.5234
distribute_parallel_for_1750_2250_4250,1750,4250,0,8500,95650500,28700251,4250,108000000,59500000,28696000,9562500,19133500,9562500,0,0,0,9571000,4150371,4.1504
distribute_parallel_for_split_1750_2250_4250,1750,4250,0,8500,95650500,28700251,4250,108000000,59500000,28696000,9562500,19133500,9562500,0,0,0,9571000,5099096,5.0991
swap_distribute_parallel_for_1750_2250_4250,1750,4250,0,8500,95650500,28700251,4250,108000000,59500000,28696000,9562500,19133500,9562500,0,0,0,9571000,7179863,7.1799
swap_distribute_parallel_for_split_1750_2250_4250,1750,4250,0,8500,95650500,28700251,4250,108000000,59500000,28696000,9562500,19133500,9562500,0,0,0,9571000,4526665,4.5267
distribute_parallel_for_collapse_1750_2250_4250,1750,4250,0,8500,95650500,28700251,4250,108000000,59500000,28696000,9562500,19133500,9562500,0,0,0,9571000,5226350,5.2264
swap_distribute_parallel_for_collapse_1750_2250_4250,1750,4250,0,8500,95650500,28700251,4250,108000000,59500000,28696000,9562500,19133500,9562500,0,0,0,9571000,5436059,5.4361
distribute_parallel_for_1750_2750_1250,1750,1250,0,2500,34382500,10316251,1250,66000000,17500000,10315000,3437500,6877500,3437500,0,0,0,3440000,1604058,1.6041
distribute_parallel_for_split_1750_2750_1250,1750,1250,0,2500,34382500,10316251,1250,66000000,17500000,10315000,3437500,6877500,3437500,0,0,0,3440000,1826840,1.8268
swap_distribute_parallel_for_1750_2750_1250,1750,1250,0,2500,34382500,10316251,1250,66000000,17500000,10315000,3437500,6877500,3437500,0,0,0,3440000,2096648,2.0966
swap_distribute_parallel_for_split_1750_2750_1250,1750,1250,0,2500,34382500,10316251,1250,66000000,17500000,10315000,3437500,6877500,3437500,0,0,0,3440000,1717748,1.7177
distribute_parallel_for_collapse_1750_2750_1250,1750,1250,0,2500,34382500,10316251,1250,66000000,17500000,10315000,3437500,6877500,3437500,0,0,0,3440000,1842018,1.8420
swap_distribute_parallel_for_collapse_1750_2750_1250,1750,1250,0,2500,34382500,10316251,1250,66000000,17500000,10315000,3437500,6877500,3437500,0,0,0,3440000,1588350,1.5883
distribute_parallel_for_1750_2750_1750,1750,1750,0,3500,48135500,14442751,1750,77000000,24500000,14441000,4812500,9628500,4812500,0,0,0,4816000,2242813,2.2428
distribute_parallel_for_split_1750_2750_1750,1750,1750,0,3500,48135500,14442751,1750,77000000,24500000,14441000,4812500,9628500,4812500,0,0,0,4816000,2740188,2.7402
swap_distribute_parallel_for_1750_2750_1750,1750,1750,0,3500,48135500,14442751,1750,77000000,24500000,14441000,4812500,9628500,4812500,0,0,0,4816000,2315009,2.3150
swap_distribute_parallel_for_split_1750_2750_1750,1750,1750,0,3500,48135500,14442751,1750,77000000,24500000,14441000,4812500,9628500,4812500,0,0,0,4816000,2616785,2.6168
distribute_parallel_for_collapse_1750_2750_1750,1750,1750,0,3500,48135500,14442751,1750,77000000,24500000,14441000,4812500,9628500,4812500,0,0,0,4816000,2818658,2.8187
swap_distribute_parallel_for_collapse_1750_2750_1750,1750,1750,0,3500,48135500,14442751,1750,77000000,24500000,14441000,4812500,9628500,4812500,0,0,0,4816000,2299056,2.2991
distribute_parallel_for_1750_2750_2250,1750,2250,0,4500,61888500,18569251,2250,88000000,31500000,18567000,6187500,12379500,6187500,0,0,0,6192000,2750863,2.7509
distribute_parallel_for_split_1750_2750_2250,1750,2250,0,4500,61888500,18569251,2250,88000000,31500000,18567000,6187500,12379500,6187500,0,0,0,6192000,3558513,3.5585
swap_distribute_parallel_for_1750_2750_2250,1750,2250,0,4500,61888500,18569251,2250,88000000,31500000,18567000,6187500,12379500,6187500,0,0,0,6192000,5367099,5.3671
swap_distribute_parallel_for_split_1750_2750_2250,1750,2250,0,4500,61888500,18569251,2250,88000000,31500000,18567000,6187500,12379500,6187500,0,0,0,6192000,3051770,3.0518
distribute_parallel_for_collapse_1750_2750_2250,1750,2250,0,4500,61888500,18569251,2250,88000000,31500000,18567000,6187500,12379500,6187500,0,0,0,6192000,3476643,3.4766
swap_distribute_parallel_for_collapse_1750_2750_2250,1750,2250,0,4500,61888500,18569251,2250,88000000,31500000,18567000,6187500,12379500,6187500,0,0,0,6192000,2907651,2.9077
distribute_parallel_for_1750_2750_2750,1750,2750,0,5500,75641500,22695751,2750,99000000,38500000,22693000,7562500,15130500,7562500,0,0,0,7568000,3430092,3.4301
distribute_parallel_for_split_1750_2750_2750,1750,2750,0,5500,75641500,22695751,2750,99000000,38500000,22693000,7562500,15130500,7562500,0,0,0,7568000,4096652,4.0967
swap_distribute_parallel_for_1750_2750_2750,1750,2750,0,5500,75641500,22695751,2750,99000000,38500000,22693000,7562500,15130500,7562500,0,0,0,7568000,4892596,4.8926
swap_distribute_parallel_for_split_1750_2750_2750,1750,2750,0,5500,75641500,22695751,2750,99000000,38500000,22693000,7562500,15130500,7562500,0,0,0,7568000,3772109,3.7721
distribute_parallel_for_collapse_1750_2750_2750,1750,2750,0,5500,75641500,22695751,2750,99000000,38500000,22693000,7562500,15130500,7562500,0,0,0,7568000,4176454,4.1765
swap_distribute_parallel_for_collapse_1750_2750_2750,1750,2750,0,5500,75641500,22695751,2750,99000000,38500000,22693000,7562500,15130500,7562500,0,0,0,7568000,3730390,3.7304
distribute_parallel_for_1750_2750_3250,1750,3250,0,6500,89394500,26822251,3250,110000000,45500000,26819000,8937500,17881500,8937500,0,0,0,8944000,3995136,3.9951
distribute_parallel_for_split_1750_2750_3250,1750,3250,0,6500,89394500,26822251,3250,110000000,45500000,26819000,8937500,17881500,8937500,0,0,0,8944000,5160168,5.1602
swap_distribute_parallel_for_1750_2750_3250,1750,3250,0,6500,89394500,26822251,3250,110000000,45500000,26819000,8937500,17881500,8937500,0,0,0,8944000,4880634,4.8806
swap_distribute_parallel_for_split_1750_2750_3250,1750,3250,0,6500,89394500,26822251,3250,110000000,45500000,26819000,8937500,17881500,8937500,0,0,0,8944000,4249827,4.2498
distribute_parallel_for_collapse_1750_2750_3250,1750,3250,0,6500,89394500,26822251,3250,110000000,45500000,26819000,8937500,17881500,8937500,0,0,0,8944000,4889228,4.8892
swap_distribute_parallel_for_collapse_1750_2750_3250,1750,3250,0,6500,89394500,26822251,3250,110000000,45500000,26819000,8937500,17881500,8937500,0,0,0,8944000,4595108,4.5951
distribute_parallel_for_1750_2750_3750,1750,3750,0,7500,103147500,30948751,3750,121000000,52500000,30945000,10312500,20632500,10312500,0,0,0,10320000,4556806,4.5568
distribute_parallel_for_split_1750_2750_3750,1750,3750,0,7500,103147500,30948751,3750,121000000,52500000,30945000,10312500,20632500,10312500,0,0,0,10320000,5693429,5.6934
swap_distribute_parallel_for_1750_2750_3750,1750,3750,0,7500,103147500,30948751,3750,121000000,52500000,30945000,10312500,20632500,10312500,0,0,0,10320000,5078303,5.0783
swap_distribute_parallel_for_split_1750_2750_3750,1750,3750,0,7500,103147500,30948751,3750,121000000,52500000,30945000,10312500,20632500,10312500,0,0,0,10320000,4883148,4.8831
distribute_parallel_for_collapse_1750_2750_3750,1750,3750,0,7500,103147500,30948751,3750,121000000,52500000,30945000,10312500,20632500,10312500,0,0,0,10320000,5742538,5.7425
swap_distribute_parallel_for_collapse_1750_2750_3750,1750,3750,0,7500,103147500,30948751,3750,121000000,52500000,30945000,10312500,20632500,10312500,0,0,0,10320000,5484819,5.4848
distribute_parallel_for_1750_2750_4250,1750,4250,0,8500,116900500,35075251,4250,132000000,59500000,35071000,11687500,23383500,11687500,0,0,0,11696000,5324350,5.3243
distribute_parallel_for_split_1750_2750_4250,1750,4250,0,8500,116900500,35075251,4250,132000000,59500000,35071000,11687500,23383500,11687500,0,0,0,11696000,6519654,6.5197
swap_distribute_parallel_for_1750_2750_4250,1750,4250,0,8500,116900500,35075251,4250,132000000,59500000,35071000,11687500,23383500,11687500,0,0,0,11696000,8789191,8.7892
swap_distribute_parallel_for_split_1750_2750_4250,1750,4250,0,8500,116900500,35075251,4250,132000000,59500000,35071000,11687500,23383500,11687500,0,0,0,11696000,5588637,5.5886
distribute_parallel_for_collapse_1750_2750_4250,1750,4250,0,8500,116900500,35075251,4250,132000000,59500000,35071000,11687500,23383500,11687500,0,0,0,11696000,6453276,6.4533
swap_distribute_parallel_for_collapse_1750_2750_4250,1750,4250,0,8500,116900500,35075251,4250,132000000,59500000,35071000,11687500,23383500,11687500,0,0,0,11696000,6764975,6.7650
distribute_parallel_for_1750_3250_1250,1750,1250,0,2500,40632500,12191251,1250,78000000,17500000,12190000,4062500,8127500,4062500,0,0,0,4065000,1866400,1.8664
distribute_parallel_for_split_1750_3250_1250,1750,1250,0,2500,40632500,12191251,1250,78000000,17500000,12190000,4062500,8127500,4062500,0,0,0,4065000,2288118,2.2881
swap_distribute_parallel_for_1750_3250_1250,1750,1250,0,2500,40632500,12191251,1250,78000000,17500000,12190000,4062500,8127500,4062500,0,0,0,4065000,2490733,2.4907
swap_distribute_parallel_for_split_1750_3250_1250,1750,1250,0,2500,40632500,12191251,1250,78000000,17500000,12190000,4062500,8127500,4062500,0,0,0,4065000,2009259,2.0093
distribute_parallel_for_collapse_1750_3250_1250,1750,1250,0,2500,40632500,12191251,1250,78000000,17500000,12190000,4062500,8127500,4062500,0,0,0,4065000,2230155,2.2302
swap_distribute_parallel_for_collapse_1750_3250_1250,1750,1250,0,2500,40632500,12191251,1250,78000000,17500000,12190000,4062500,8127500,4062500,0,0,0,4065000,1894471,1.8945
distribute_parallel_for_1750_3250_1750,1750,1750,0,3500,56885500,17067751,1750,91000000,24500000,17066000,5687500,11378500,5687500,0,0,0,5691000,2615343,2.6153
distribute_parallel_for_split_1750_3250_1750,1750,1750,0,3500,56885500,17067751,1750,91000000,24500000,17066000,5687500,11378500,5687500,0,0,0,5691000,2939093,2.9391
swap_distribute_parallel_for_1750_3250_1750,1750,1750,0,3500,56885500,17067751,1750,91000000,24500000,17066000,5687500,11378500,5687500,0,0,0,5691000,2640212,2.6402
swap_distribute_parallel_for_split_1750_3250_1750,1750,1750,0,3500,56885500,17067751,1750,91000000,24500000,17066000,5687500,11378500,5687500,0,0,0,5691000,2917119,2.9171
distribute_parallel_for_collapse_1750_3250_1750,1750,1750,0,3500,56885500,17067751,1750,91000000,24500000,17066000,5687500,11378500,5687500,0,0,0,5691000,3167662,3.1677
swap_distribute_parallel_for_collapse_1750_3250_1750,1750,1750,0,3500,56885500,17067751,1750,91000000,24500000,17066000,5687500,11378500,5687500,0,0,0,5691000,2629788,2.6298
distribute_parallel_for_1750_3250_2250,1750,2250,0,4500,73138500,21944251,2250,104000000,31500000,21942000,7312500,14629500,7312500,0,0,0,7317000,3269307,3.2693
distribute_parallel_for_split_1750_3250_2250,1750,2250,0,4500,73138500,21944251,2250,104000000,31500000,21942000,7312500,14629500,7312500,0,0,0,7317000,4128981,4.1290
swap_distribute_parallel_for_1750_3250_2250,1750,2250,0,4500,73138500,21944251,2250,104000000,31500000,21942000,7312500,14629500,7312500,0,0,0,7317000,6273719,6.2737
swap_distribute_parallel_for_split_1750_3250_2250,1750,2250,0,4500,73138500,21944251,2250,104000000,31500000,21942000,7312500,14629500,7312500,0,0,0,7317000,3695831,3.6958
distribute_parallel_for_collapse_1750_3250_2250,1750,2250,0,4500,73138500,21944251,2250,104000000,31500000,21942000,7312500,14629500,7312500,0,0,0,7317000,4087570,4.0876
swap_distribute_parallel_for_collapse_1750_3250_2250,1750,2250,0,4500,73138500,21944251,2250,104000000,31500000,21942000,7312500,14629500,7312500,0,0,0,7317000,3418116,3.4181
distribute_parallel_for_1750_3250_2750,1750,2750,0,5500,89391500,26820751,2750,117000000,38500000,26818000,8937500,17880500,8937500,0,0,0,8943000,4042319,4.0423
distribute_parallel_for_split_1750_3250_2750,1750,2750,0,5500,89391500,26820751,2750,117000000,38500000,26818000,8937500,17880500,8937500,0,0,0,8943000,5067574,5.0676
swap_distribute_parallel_for_1750_3250_2750,1750,2750,0,5500,89391500,26820751,2750,117000000,38500000,26818000,8937500,17880500,8937500,0,0,0,8943000,5899774,5.8998
swap_distribute_parallel_for_split_1750_3250_2750,1750,2750,0,5500,89391500,26820751,2750,117000000,38500000,26818000,8937500,17880500,8937500,0,0,0,8943000,4444047,4.4440
distribute_parallel_for_collapse_1750_3250_2750,1750,2750,0,5500,89391500,26820751,2750,117000000,38500000,26818000,8937500,17880500,8937500,0,0,0,8943000,5019217,5.0192
swap_distribute_parallel_for_collapse_1750_3250_2750,1750,2750,0,5500,89391500,26820751,2750,117000000,38500000,26818000,8937500,17880500,8937500,0,0,0,8943000,4327267,4.3273
distribute_parallel_for_1750_3250_3250,1750,3250,0,6500,105644500,31697251,3250,130000000,45500000,31694000,10562500,21131500,10562500,0,0,0,10569000,4857930,4.8579
distribute_parallel_for_split_1750_3250_3250,1750,3250,0,6500,105644500,31697251,3250,130000000,45500000,31694000,10562500,21131500,10562500,0,0,0,10569000,5219937,5.2199
swap_distribute_parallel_for_1750_3250_3250,1750,3250,0,6500,105644500,31697251,3250,130000000,45500000,31694000,10562500,21131500,10562500,0,0,0,10569000,5797407,5.7974
swap_distribute_parallel_for_split_1750_3250_3250,1750,3250,0,6500,105644500,31697251,3250,130000000,45500000,31694000,10562500,21131500,10562500,0,0,0,10569000,5271266,5.2713
distribute_parallel_for_collapse_1750_3250_3250,1750,3250,0,6500,105644500,31697251,3250,130000000,45500000,31694000,10562500,21131500,10562500,0,0,0,10569000,5782750,5.7828
swap_distribute_parallel_for_collapse_1750_3250_3250,1750,3250,0,6500,105644500,31697251,3250,130000000,45500000,31694000,10562500,21131500,10562500,0,0,0,10569000,5378600,5.3786
distribute_parallel_for_1750_3250_3750,1750,3750,0,7500,121897500,36573751,3750,143000000,52500000,36570000,12187500,24382500,12187500,0,0,0,12195000,5679065,5.6791
distribute_parallel_for_split_1750_3250_3750,1750,3750,0,7500,121897500,36573751,3750,143000000,52500000,36570000,12187500,24382500,12187500,0,0,0,12195000,6470906,6.4709
swap_distribute_parallel_for_1750_3250_3750,1750,3750,0,7500,121897500,36573751,3750,143000000,52500000,36570000,12187500,24382500,12187500,0,0,0,12195000,5934381,5.9344
swap_distribute_parallel_for_split_1750_3250_3750,1750,3750,0,7500,121897500,36573751,3750,143000000,52500000,36570000,12187500,24382500,12187500,0,0,0,12195000,5849650,5.8496
distribute_parallel_for_collapse_1750_3250_3750,1750,3750,0,7500,121897500,36573751,3750,143000000,52500000,36570000,12187500,24382500,12187500,0,0,0,12195000,6725778,6.7258
swap_distribute_parallel_for_collapse_1750_3250_3750,1750,3750,0,7500,121897500,36573751,3750,143000000,52500000,36570000,12187500,24382500,12187500,0,0,0,12195000,6491222,6.4912
distribute_parallel_for_1750_3250_4250,1750,4250,0,8500,138150500,41450251,4250,156000000,59500000,41446000,13812500,27633500,13812500,0,0,0,13821000,6341767,6.3418
distribute_parallel_for_split_1750_3250_4250,1750,4250,0,8500,138150500,41450251,4250,156000000,59500000,41446000,13812500,27633500,13812500,0,0,0,13821000,7381992,7.3820
swap_distribute_parallel_for_1750_3250_4250,1750,4250,0,8500,138150500,41450251,4250,156000000,59500000,41446000,13812500,27633500,13812500,0,0,0,13821000,10498560,10.4986
swap_distribute_parallel_for_split_1750_3250_4250,1750,4250,0,8500,138150500,41450251,4250,156000000,59500000,41446000,13812500,27633500,13812500,0,0,0,13821000,6508409,6.5084
distribute_parallel_for_collapse_1750_3250_4250,1750,4250,0,8500,138150500,41450251,4250,156000000,59500000,41446000,13812500,27633500,13812500,0,0,0,13821000,7678164,7.6782
swap_distribute_parallel_for_collapse_1750_3250_4250,1750,4250,0,8500,138150500,41450251,4250,156000000,59500000,41446000,13812500,27633500,13812500,0,0,0,13821000,8045117,8.0451
distribute_parallel_for_1750_3750_1250,1750,1250,0,2500,46882500,14066251,1250,90000000,17500000,14065000,4687500,9377500,4687500,0,0,0,4690000,1993355,1.9934
distribute_parallel_for_split_1750_3750_1250,1750,1250,0,2500,46882500,14066251,1250,90000000,17500000,14065000,4687500,9377500,4687500,0,0,0,4690000,2487488,2.4875
swap_distribute_parallel_for_1750_3750_1250,1750,1250,0,2500,46882500,14066251,1250,90000000,17500000,14065000,4687500,9377500,4687500,0,0,0,4690000,2869705,2.8697
swap_distribute_parallel_for_split_1750_3750_1250,1750,1250,0,2500,46882500,14066251,1250,90000000,17500000,14065000,4687500,9377500,4687500,0,0,0,4690000,2323970,2.3240
distribute_parallel_for_collapse_1750_3750_1250,1750,1250,0,2500,46882500,14066251,1250,90000000,17500000,14065000,4687500,9377500,4687500,0,0,0,4690000,2585977,2.5860
swap_distribute_parallel_for_collapse_1750_3750_1250,1750,1250,0,2500,46882500,14066251,1250,90000000,17500000,14065000,4687500,9377500,4687500,0,0,0,4690000,2114627,2.1146
distribute_parallel_for_1750_3750_1750,1750,1750,0,3500,65635500,19692751,1750,105000000,24500000,19691000,6562500,13128500,6562500,0,0,0,6566000,2863776,2.8638
distribute_parallel_for_split_1750_3750_1750,1750,1750,0,3500,65635500,19692751,1750,105000000,24500000,19691000,6562500,13128500,6562500,0,0,0,6566000,3441837,3.4418
swap_distribute_parallel_for_1750_3750_1750,1750,1750,0,3500,65635500,19692751,1750,105000000,24500000,19691000,6562500,13128500,6562500,0,0,0,6566000,3039796,3.0398
swap_distribute_parallel_for_split_1750_3750_1750,1750,1750,0,3500,65635500,19692751,1750,105000000,24500000,19691000,6562500,13128500,6562500,0,0,0,6566000,3335102,3.3351
distribute_parallel_for_collapse_1750_3750_1750,1750,1750,0,3500,65635500,19692751,1750,105000000,24500000,19691000,6562500,13128500,6562500,0,0,0,6566000,3708948,3.7089
swap_distribute_parallel_for_collapse_1750_3750_1750,1750,1750,0,3500,65635500,19692751,1750,105000000,24500000,19691000,6562500,13128500,6562500,0,0,0,6566000,3049182,3.0492
distribute_parallel_for_1750_3750_2250,1750,2250,0,4500,84388500,25319251,2250,120000000,31500000,25317000,8437500,16879500,8437500,0,0,0,8442000,3567419,3.5674
distribute_parallel_for_split_1750_3750_2250,1750,2250,0,4500,84388500,25319251,2250,120000000,31500000,25317000,8437500,16879500,8437500,0,0,0,8442000,4592227,4.5922
swap_distribute_parallel_for_1750_3750_2250,1750,2250,0,4500,84388500,25319251,2250,120000000,31500000,25317000,8437500,16879500,8437500,0,0,0,8442000,7212992,7.2130
swap_distribute_parallel_for_split_1750_3750_2250,1750,2250,0,4500,84388500,25319251,2250,120000000,31500000,25317000,8437500,16879500,8437500,0,0,0,8442000,4190775,4.1908
distribute_parallel_for_collapse_1750_3750_2250,1750,2250,0,4500,84388500,25319251,2250,120000000,31500000,25317000,8437500,16879500,8437500,0,0,0,8442000,4630926,4.6309
swap_distribute_parallel_for_collapse_1750_3750_2250,1750,2250,0,4500,84388500,25319251,2250,120000000,31500000,25317000,8437500,16879500,8437500,0,0,0,8442000,3950583,3.9506
distribute_parallel_for_1750_3750_2750,1750,2750,0,5500,103141500,30945751,2750,135000000,38500000,30943000,10312500,20630500,10312500,0,0,0,10318000,4773071,4.7731
distribute_parallel_for_split_1750_3750_2750,1750,2750,0,5500,103141500,30945751,2750,135000000,38500000,30943000,10312500,20630500,10312500,0,0,0,10318000,5792752,5.7928
swap_distribute_parallel_for_1750_3750_2750,1750,2750,0,5500,103141500,30945751,2750,135000000,38500000,30943000,10312500,20630500,10312500,0,0,0,10318000,6717682,6.7177
swap_distribute_parallel_for_split_1750_3750_2750,1750,2750,0,5500,103141500,30945751,2750,135000000,38500000,30943000,10312500,20630500,10312500,0,0,0,10318000,5068074,5.0681
distribute_parallel_for_collapse_1750_3750_2750,1750,2750,0,5500,103141500,30945751,2750,135000000,38500000,30943000,10312500,20630500,10312500,0,0,0,10318000,5655375,5.6554
swap_distribute_parallel_for_collapse_1750_3750_2750,1750,2750,0,5500,103141500,30945751,2750,135000000,38500000,30943000,10312500,20630500,10312500,0,0,0,10318000,5052111,5.0521
distribute_parallel_for_1750_3750_3250,1750,3250,0,6500,121894500,36572251,3250,150000000,45500000,36569000,12187500,24381500,12187500,0,0,0,12194000,5404723,5.4047
distribute_parallel_for_split_1750_3750_3250,1750,3250,0,6500,121894500,36572251,3250,150000000,45500000,36569000,12187500,24381500,12187500,0,0,0,12194000,6678863,6.6789
swap_distribute_parallel_for_1750_3750_3250,1750,3250,0,6500,121894500,36572251,3250,150000000,45500000,36569000,12187500,24381500,12187500,0,0,0,12194000,6666195,6.6662
swap_distribute_parallel_for_split_1750_3750_3250,1750,3250,0,6500,121894500,36572251,3250,150000000,45500000,36569000,12187500,24381500,12187500,0,0,0,12194000,5963946,5.9639
distribute_parallel_for_collapse_1750_3750_3250,1750,3250,0,6500,121894500,36572251,3250,150000000,45500000,36569000,12187500,24381500,12187500,0,0,0,12194000,6832356,6.8324
swap_distribute_parallel_for_collapse_1750_3750_3250,1750,3250,0,6500,121894500,36572251,3250,150000000,45500000,36569000,12187500,24381500,12187500,0,0,0,12194000,6244618,6.2446
distribute_parallel_for_1750_3750_3750,1750,3750,0,7500,140647500,42198751,3750,165000000,52500000,42195000,14062500,28132500,14062500,0,0,0,14070000,6303132,6.3031
distribute_parallel_for_split_1750_3750_3750,1750,3750,0,7500,140647500,42198751,3750,165000000,52500000,42195000,14062500,28132500,14062500,0,0,0,14070000,7891182,7.8912
swap_distribute_parallel_for_1750_3750_3750,1750,3750,0,7500,140647500,42198751,3750,165000000,52500000,42195000,14062500,28132500,14062500,0,0,0,14070000,6805334,6.8053
swap_distribute_parallel_for_split_1750_3750_3750,1750,3750,0,7500,140647500,42198751,3750,165000000,52500000,42195000,14062500,28132500,14062500,0,0,0,14070000,6628367,6.6284
distribute_parallel_for_collapse_1750_3750_3750,1750,3750,0,7500,140647500,42198751,3750,165000000,52500000,42195000,14062500,28132500,14062500,0,0,0,14070000,7770956,7.7710
swap_distribute_parallel_for_collapse_1750_3750_3750,1750,3750,0,7500,140647500,42198751,3750,165000000,52500000,42195000,14062500,28132500,14062500,0,0,0,14070000,7487685,7.4877
distribute_parallel_for_1750_3750_4250,1750,4250,0,8500,159400500,47825251,4250,180000000,59500000,47821000,15937500,31883500,15937500,0,0,0,15946000,6614389,6.6144
distribute_parallel_for_split_1750_3750_4250,1750,4250,0,8500,159400500,47825251,4250,180000000,59500000,47821000,15937500,31883500,15937500,0,0,0,15946000,9266119,9.2661
swap_distribute_parallel_for_1750_3750_4250,1750,4250,0,8500,159400500,47825251,4250,180000000,59500000,47821000,15937500,31883500,15937500,0,0,0,15946000,12142396,12.1424
swap_distribute_parallel_for_split_1750_3750_4250,1750,4250,0,8500,159400500,47825251,4250,180000000,59500000,47821000,15937500,31883500,15937500,0,0,0,15946000,7774768,7.7748
distribute_parallel_for_collapse_1750_3750_4250,1750,4250,0,8500,159400500,47825251,4250,180000000,59500000,47821000,15937500,31883500,15937500,0,0,0,15946000,8884252,8.8843
swap_distribute_parallel_for_collapse_1750_3750_4250,1750,4250,0,8500,159400500,47825251,4250,180000000,59500000,47821000,15937500,31883500,15937500,0,0,0,15946000,9113626,9.1136
distribute_parallel_for_1750_4250_1250,1750,1250,0,2500,53132500,15941251,1250,102000000,17500000,15940000,5312500,10627500,5312500,0,0,0,5315000,2429565,2.4296
distribute_parallel_for_split_1750_4250_1250,1750,1250,0,2500,53132500,15941251,1250,102000000,17500000,15940000,5312500,10627500,5312500,0,0,0,5315000,2742704,2.7427
swap_distribute_parallel_for_1750_4250_1250,1750,1250,0,2500,53132500,15941251,1250,102000000,17500000,15940000,5312500,10627500,5312500,0,0,0,5315000,3274328,3.2743
swap_distribute_parallel_for_split_1750_4250_1250,1750,1250,0,2500,53132500,15941251,1250,102000000,17500000,15940000,5312500,10627500,5312500,0,0,0,5315000,2692931,2.6929
distribute_parallel_for_collapse_1750_4250_1250,1750,1250,0,2500,53132500,15941251,1250,102000000,17500000,15940000,5312500,10627500,5312500,0,0,0,5315000,2870281,2.8703
swap_distribute_parallel_for_collapse_1750_4250_1250,1750,1250,0,2500,53132500,15941251,1250,102000000,17500000,15940000,5312500,10627500,5312500,0,0,0,5315000,2394700,2.3947
distribute_parallel_for_1750_4250_1750,1750,1750,0,3500,74385500,22317751,1750,119000000,24500000,22316000,7437500,14878500,7437500,0,0,0,7441000,3391242,3.3912
distribute_parallel_for_split_1750_4250_1750,1750,1750,0,3500,74385500,22317751,1750,119000000,24500000,22316000,7437500,14878500,7437500,0,0,0,7441000,4105433,4.1054
swap_distribute_parallel_for_1750_4250_1750,1750,1750,0,3500,74385500,22317751,1750,119000000,24500000,22316000,7437500,14878500,7437500,0,0,0,7441000,3467720,3.4677
swap_distribute_parallel_for_split_1750_4250_1750,1750,1750,0,3500,74385500,22317751,1750,119000000,24500000,22316000,7437500,14878500,7437500,0,0,0,7441000,3760626,3.7606
distribute_parallel_for_collapse_1750_4250_1750,1750,1750,0,3500,74385500,22317751,1750,119000000,24500000,22316000,7437500,14878500,7437500,0,0,0,7441000,4089545,4.0895
swap_distribute_parallel_for_collapse_1750_4250_1750,1750,1750,0,3500,74385500,22317751,1750,119000000,24500000,22316000,7437500,14878500,7437500,0,0,0,7441000,3388935,3.3889
distribute_parallel_for_1750_4250_2250,1750,2250,0,4500,95638500,28694251,2250,136000000,31500000,28692000,9562500,19129500,9562500,0,0,0,9567000,4295366,4.2954
distribute_parallel_for_split_1750_4250_2250,1750,2250,0,4500,95638500,28694251,2250,136000000,31500000,28692000,9562500,19129500,9562500,0,0,0,9567000,5181509,5.1815
swap_distribute_parallel_for_1750_4250_2250,1750,2250,0,4500,95638500,28694251,2250,136000000,31500000,28692000,9562500,19129500,9562500,0,0,0,9567000,8229425,8.2294
swap_distribute_parallel_for_split_1750_4250_2250,1750,2250,0,4500,95638500,28694251,2250,136000000,31500000,28692000,9562500,19129500,9562500,0,0,0,9567000,4714268,4.7143
distribute_parallel_for_collapse_1750_4250_2250,1750,2250,0,4500,95638500,28694251,2250,136000000,31500000,28692000,9562500,19129500,9562500,0,0,0,9567000,5316125,5.3161
swap_distribute_parallel_for_collapse_1750_4250_2250,1750,2250,0,4500,95638500,28694251,2250,136000000,31500000,28692000,9562500,19129500,9562500,0,0,0,9567000,4479418,4.4794
distribute_parallel_for_1750_4250_2750,1750,2750,0,5500,116891500,35070751,2750,153000000,38500000,35068000,11687500,23380500,11687500,0,0,0,11693000,4890982,4.8910
distribute_parallel_for_split_1750_4250_2750,1750,2750,0,5500,116891500,35070751,2750,153000000,38500000,35068000,11687500,23380500,11687500,0,0,0,11693000,6597185,6.5972
swap_distribute_parallel_for_1750_4250_2750,1750,2750,0,5500,116891500,35070751,2750,153000000,38500000,35068000,11687500,23380500,11687500,0,0,0,11693000,7540658,7.5407
swap_distribute_parallel_for_split_1750_4250_2750,1750,2750,0,5500,116891500,35070751,2750,153000000,38500000,35068000,11687500,23380500,11687500,0,0,0,11693000,5669250,5.6692
distribute_parallel_for_collapse_1750_4250_2750,1750,2750,0,5500,116891500,35070751,2750,153000000,38500000,35068000,11687500,23380500,11687500,0,0,0,11693000,6463766,6.4638
swap_distribute_parallel_for_collapse_1750_4250_2750,1750,2750,0,5500,116891500,35070751,2750,153000000,38500000,35068000,11687500,23380500,11687500,0,0,0,11693000,5604747,5.6047
distribute_parallel_for_1750_4250_3250,1750,3250,0,6500,138144500,41447251,3250,170000000,45500000,41444000,13812500,27631500,13812500,0,0,0,13819000,6211058,6.2111
distribute_parallel_for_split_1750_4250_3250,1750,3250,0,6500,138144500,41447251,3250,170000000,45500000,41444000,13812500,27631500,13812500,0,0,0,13819000,6605275,6.6053
swap_distribute_parallel_for_1750_4250_3250,1750,3250,0,6500,138144500,41447251,3250,170000000,45500000,41444000,13812500,27631500,13812500,0,0,0,13819000,7529152,7.5292
swap_distribute_parallel_for_split_1750_4250_3250,1750,3250,0,6500,138144500,41447251,3250,170000000,45500000,41444000,13812500,27631500,13812500,0,0,0,13819000,6702995,6.7030
distribute_parallel_for_collapse_1750_4250_3250,1750,3250,0,6500,138144500,41447251,3250,170000000,45500000,41444000,13812500,27631500,13812500,0,0,0,13819000,7709526,7.7095
swap_distribute_parallel_for_collapse_1750_4250_3250,1750,3250,0,6500,138144500,41447251,3250,170000000,45500000,41444000,13812500,27631500,13812500,0,0,0,13819000,7209475,7.2095
distribute_parallel_for_1750_4250_3750,1750,3750,0,7500,159397500,47823751,3750,187000000,52500000,47820000,15937500,31882500,15937500,0,0,0,15945000,6767376,6.7674
distribute_parallel_for_split_1750_4250_3750,1750,3750,0,7500,159397500,47823751,3750,187000000,52500000,47820000,15937500,31882500,15937500,0,0,0,15945000,8609852,8.6099
swap_distribute_parallel_for_1750_4250_3750,1750,3750,0,7500,159397500,47823751,3750,187000000,52500000,47820000,15937500,31882500,15937500,0,0,0,15945000,7774543,7.7745
swap_distribute_parallel_for_split_1750_4250_3750,1750,3750,0,7500,159397500,47823751,3750,187000000,52500000,47820000,15937500,31882500,15937500,0,0,0,15945000,7567344,7.5673
distribute_parallel_for_collapse_1750_4250_3750,1750,3750,0,7500,159397500,47823751,3750,187000000,52500000,47820000,15937500,31882500,15937500,0,0,0,15945000,8947056,8.9471
swap_distribute_parallel_for_collapse_1750_4250_3750,1750,3750,0,7500,159397500,47823751,3750,187000000,52500000,47820000,15937500,31882500,15937500,0,0,0,15945000,8445738,8.4457
distribute_parallel_for_1750_4250_4250,1750,4250,0,8500,180650500,54200251,4250,204000000,59500000,54196000,18062500,36133500,18062500,0,0,0,18071000,8029027,8.0290
distribute_parallel_for_split_1750_4250_4250,1750,4250,0,8500,180650500,54200251,4250,204000000,59500000,54196000,18062500,36133500,18062500,0,0,0,18071000,9023269,9.0233
swap_distribute_parallel_for_1750_4250_4250,1750,4250,0,8500,180650500,54200251,4250,204000000,59500000,54196000,18062500,36133500,18062500,0,0,0,18071000,13811302,13.8113
swap_distribute_parallel_for_split_1750_4250_4250,1750,4250,0,8500,180650500,54200251,4250,204000000,59500000,54196000,18062500,36133500,18062500,0,0,0,18071000,8587052,8.5871
distribute_parallel_for_collapse_1750_4250_4250,1750,4250,0,8500,180650500,54200251,4250,204000000,59500000,54196000,18062500,36133500,18062500,0,0,0,18071000,10156122,10.1561
swap_distribute_parallel_for_collapse_1750_4250_4250,1750,4250,0,8500,180650500,54200251,4250,204000000,59500000,54196000,18062500,36133500,18062500,0,0,0,18071000,10530522,10.5305
distribute_parallel_for_1900_1400_1400,1900,1400,0,2800,19608400,5884201,1400,36960000,21280000,5882800,1960000,3922800,1960000,0,0,0,1962800,838083,0.8381
distribute_parallel_for_split_1900_1400_1400,1900,1400,0,2800,19608400,5884201,1400,36960000,21280000,5882800,1960000,3922800,1960000,0,0,0,1962800,1194536,1.1945
swap_distribute_parallel_for_1900_1400_1400,1900,1400,0,2800,19608400,5884201,1400,36960000,21280000,5882800,1960000,3922800,1960000,0,0,0,1962800,1529584,1.5296
swap_distribute_parallel_for_split_1900_1400_1400,1900,1400,0,2800,19608400,5884201,1400,36960000,21280000,5882800,1960000,3922800,1960000,0,0,0,1962800,1006200,1.0062
distribute_parallel_for_collapse_1900_1400_1400,1900,1400,0,2800,19608400,5884201,1400,36960000,21280000,5882800,1960000,3922800,1960000,0,0,0,1962800,1097411,1.0974
swap_distribute_parallel_for_collapse_1900_1400_1400,1900,1400,0,2800,19608400,5884201,1400,36960000,21280000,5882800,1960000,3922800,1960000,0,0,0,1962800,1120428,1.1204
distribute_parallel_for_1900_1400_1900,1900,1900,0,3800,26611400,7985701,1900,42560000,28880000,7983800,2660000,5323800,2660000,0,0,0,2663800,1156834,1.1568
distribute_parallel_for_split_1900_1400_1900,1900,1900,0,3800,26611400,7985701,1900,42560000,28880000,7983800,2660000,5323800,2660000,0,0,0,2663800,1446830,1.4468
swap_distribute_parallel_for_1900_1400_1900,1900,1900,0,3800,26611400,7985701,1900,42560000,28880000,7983800,2660000,5323800,2660000,0,0,0,2663800,1569766,1.5698
swap_distribute_parallel_for_split_1900_1400_1900,1900,1900,0,3800,26611400,7985701,1900,42560000,28880000,7983800,2660000,5323800,2660000,0,0,0,2663800,1369864,1.3699
distribute_parallel_for_collapse_1900_1400_1900,1900,1900,0,3800,26611400,7985701,1900,42560000,28880000,7983800,2660000,5323800,2660000,0,0,0,2663800,1456393,1.4564
swap_distribute_parallel_for_collapse_1900_1400_1900,1900,1900,0,3800,26611400,7985701,1900,42560000,28880000,7983800,2660000,5323800,2660000,0,0,0,2663800,1556618,1.5566
distribute_parallel_for_1900_1400_2400,1900,2400,0,4800,33614400,10087201,2400,48160000,36480000,10084800,3360000,6724800,3360000,0,0,0,3364800,1572828,1.5728
distribute_parallel_for_split_1900_1400_2400,1900,2400,0,4800,33614400,10087201,2400,48160000,36480000,10084800,3360000,6724800,3360000,0,0,0,3364800,2050753,2.0508
swap_distribute_parallel_for_1900_1400_2400,1900,2400,0,4800,33614400,10087201,2400,48160000,36480000,10084800,3360000,6724800,3360000,0,0,0,3364800,3113867,3.1139
swap_distribute_parallel_for_split_1900_1400_2400,1900,2400,0,4800,33614400,10087201,2400,48160000,36480000,10084800,3360000,6724800,3360000,0,0,0,3364800,1706584,1.7066
distribute_parallel_for_collapse_1900_1400_2400,1900,2400,0,4800,33614400,10087201,2400,48160000,36480000,10084800,3360000,6724800,3360000,0,0,0,3364800,1945010,1.9450
swap_distribute_parallel_for_collapse_1900_1400_2400,1900,2400,0,4800,33614400,10087201,2400,48160000,36480000,10084800,3360000,6724800,3360000,0,0,0,3364800,2089382,2.0894
distribute_parallel_for_1900_1400_2900,1900,2900,0,5800,40617400,12188701,2900,53760000,44080000,12185800,4060000,8125800,4060000,0,0,0,4065800,1825941,1.8259
distribute_parallel_for_split_1900_1400_2900,1900,2900,0,5800,40617400,12188701,2900,53760000,44080000,12185800,4060000,8125800,4060000,0,0,0,4065800,2539353,2.5394
swap_distribute_parallel_for_1900_1400_2900,1900,2900,0,5800,40617400,12188701,2900,53760000,44080000,12185800,4060000,8125800,4060000,0,0,0,4065800,3083248,3.0832
swap_distribute_parallel_for_split_1900_1400_2900,1900,2900,0,5800,40617400,12188701,2900,53760000,44080000,12185800,4060000,8125800,4060000,0,0,0,4065800,2120430,2.1204
distribute_parallel_for_collapse_1900_1400_2900,1900,2900,0,5800,40617400,12188701,2900,53760000,44080000,12185800,4060000,8125800,4060000,0,0,0,4065800,2344623,2.3446
swap_distribute_parallel_for_collapse_1900_1400_2900,1900,2900,0,5800,40617400,12188701,2900,53760000,44080000,12185800,4060000,8125800,4060000,0,0,0,4065800,2535017,2.5350
distribute_parallel_for_1900_1400_3400,1900,3400,0,6800,47620400,14290201,3400,59360000,51680000,14286800,4760000,9526800,4760000,0,0,0,4766800,2107934,2.1079
distribute_parallel_for_split_1900_1400_3400,1900,3400,0,6800,47620400,14290201,3400,59360000,51680000,14286800,4760000,9526800,4760000,0,0,0,4766800,3064312,3.0643
swap_distribute_parallel_for_1900_1400_3400,1900,3400,0,6800,47620400,14290201,3400,59360000,51680000,14286800,4760000,9526800,4760000,0,0,0,4766800,3118085,3.1181
swap_distribute_parallel_for_split_1900_1400_3400,1900,3400,0,6800,47620400,14290201,3400,59360000,51680000,14286800,4760000,9526800,4760000,0,0,0,4766800,2498103,2.4981
distribute_parallel_for_collapse_1900_1400_3400,1900,3400,0,6800,47620400,14290201,3400,59360000,51680000,14286800,4760000,9526800,4760000,0,0,0,4766800,2819624,2.8196
swap_distribute_parallel_for_collapse_1900_1400_3400,1900,3400,0,6800,47620400,14290201,3400,59360000,51680000,14286800,4760000,9526800,4760000,0,0,0,4766800,2912463,2.9125
distribute_parallel_for_1900_1400_3900,1900,3900,0,7800,54623400,16391701,3900,64960000,59280000,16387800,5460000,10927800,5460000,0,0,0,5467800,2379306,2.3793
distribute_parallel_for_split_1900_1400_3900,1900,3900,0,7800,54623400,16391701,3900,64960000,59280000,16387800,5460000,10927800,5460000,0,0,0,5467800,3445617,3.4456
swap_distribute_parallel_for_1900_1400_3900,1900,3900,0,7800,54623400,16391701,3900,64960000,59280000,16387800,5460000,10927800,5460000,0,0,0,5467800,4440482,4.4405
swap_distribute_parallel_for_split_1900_1400_3900,1900,3900,0,7800,54623400,16391701,3900,64960000,59280000,16387800,5460000,10927800,5460000,0,0,0,5467800,2950509,2.9505
distribute_parallel_for_collapse_1900_1400_3900,1900,3900,0,7800,54623400,16391701,3900,64960000,59280000,16387800,5460000,10927800,5460000,0,0,0,5467800,3081458,3.0815
swap_distribute_parallel_for_collapse_1900_1400_3900,1900,3900,0,7800,54623400,16391701,3900,64960000,59280000,16387800,5460000,10927800,5460000,0,0,0,5467800,3418946,3.4189
distribute_parallel_for_1900_1400_900,1900,900,0,1800,12605400,3782701,900,31360000,13680000,3781800,1260000,2521800,1260000,0,0,0,1261800,610634,0.6106
distribute_parallel_for_split_1900_1400_900,1900,900,0,1800,12605400,3782701,900,31360000,13680000,3781800,1260000,2521800,1260000,0,0,0,1261800,665549,0.6655
swap_distribute_parallel_for_1900_1400_900,1900,900,0,1800,12605400,3782701,900,31360000,13680000,3781800,1260000,2521800,1260000,0,0,0,1261800,1179826,1.1798
swap_distribute_parallel_for_split_1900_1400_900,1900,900,0,1800,12605400,3782701,900,31360000,13680000,3781800,1260000,2521800,1260000,0,0,0,1261800,648519,0.6485
distribute_parallel_for_collapse_1900_1400_900,1900,900,0,1800,12605400,3782701,900,31360000,13680000,3781800,1260000,2521800,1260000,0,0,0,1261800,680306,0.6803
swap_distribute_parallel_for_collapse_1900_1400_900,1900,900,0,1800,12605400,3782701,900,31360000,13680000,3781800,1260000,2521800,1260000,0,0,0,1261800,630457,0.6305
distribute_parallel_for_1900_1900_1400,1900,1400,0,2800,26608400,7984201,1400,50160000,21280000,7982800,2660000,5322800,2660000,0,0,0,2662800,1226030,1.2260
distribute_parallel_for_split_1900_1900_1400,1900,1400,0,2800,26608400,7984201,1400,50160000,21280000,7982800,2660000,5322800,2660000,0,0,0,2662800,1747486,1.7475
swap_distribute_parallel_for_1900_1900_1400,1900,1400,0,2800,26608400,7984201,1400,50160000,21280000,7982800,2660000,5322800,2660000,0,0,0,2662800,2155642,2.1556
swap_distribute_parallel_for_split_1900_1900_1400,1900,1400,0,2800,26608400,7984201,1400,50160000,21280000,7982800,2660000,5322800,2660000,0,0,0,2662800,1383589,1.3836
distribute_parallel_for_collapse_1900_1900_1400,1900,1400,0,2800,26608400,7984201,1400,50160000,21280000,7982800,2660000,5322800,2660000,0,0,0,2662800,1539989,1.5400
swap_distribute_parallel_for_collapse_1900_1900_1400,1900,1400,0,2800,26608400,7984201,1400,50160000,21280000,7982800,2660000,5322800,2660000,0,0,0,2662800,1565431,1.5654
distribute_parallel_for_1900_1900_1900,1900,1900,0,3800,36111400,10835701,1900,57760000,28880000,10833800,3610000,7223800,3610000,0,0,0,3613800,1553098,1.5531
distribute_parallel_for_split_1900_1900_1900,1900,1900,0,3800,36111400,10835701,1900,57760000,28880000,10833800,3610000,7223800,3610000,0,0,0,3613800,2240719,2.2407
swap_distribute_parallel_for_1900_1900_1900,1900,1900,0,3800,36111400,10835701,1900,57760000,28880000,10833800,3610000,7223800,3610000,0,0,0,3613800,2162200,2.1622
swap_distribute_parallel_for_split_1900_1900_1900,1900,1900,0,3800,36111400,10835701,1900,57760000,28880000,10833800,3610000,7223800,3610000,0,0,0,3613800,1954994,1.9550
distribute_parallel_for_collapse_1900_1900_1900,1900,1900,0,3800,36111400,10835701,1900,57760000,28880000,10833800,3610000,7223800,3610000,0,0,0,3613800,2149463,2.1495
swap_distribute_parallel_for_collapse_1900_1900_1900,1900,1900,0,3800,36111400,10835701,1900,57760000,28880000,10833800,3610000,7223800,3610000,0,0,0,3613800,2203704,2.2037
distribute_parallel_for_1900_1900_2400,1900,2400,0,4800,45614400,13687201,2400,65360000,36480000,13684800,4560000,9124800,4560000,0,0,0,4564800,2130229,2.1302
distribute_parallel_for_split_1900_1900_2400,1900,2400,0,4800,45614400,13687201,2400,65360000,36480000,13684800,4560000,9124800,4560000,0,0,0,4564800,2954729,2.9547
swap_distribute_parallel_for_1900_1900_2400,1900,2400,0,4800,45614400,13687201,2400,65360000,36480000,13684800,4560000,9124800,4560000,0,0,0,4564800,4292485,4.2925
swap_distribute_parallel_for_split_1900_1900_2400,1900,2400,0,4800,45614400,13687201,2400,65360000,36480000,13684800,4560000,9124800,4560000,0,0,0,4564800,2337695,2.3377
distribute_parallel_for_collapse_1900_1900_2400,1900,2400,0,4800,45614400,13687201,2400,65360000,36480000,13684800,4560000,9124800,4560000,0,0,0,4564800,2539355,2.5394
swap_distribute_parallel_for_collapse_1900_1900_2400,1900,2400,0,4800,45614400,13687201,2400,65360000,36480000,13684800,4560000,9124800,4560000,0,0,0,4564800,2829950,2.8300
distribute_parallel_for_1900_1900_2900,1900,2900,0,5800,55117400,16538701,2900,72960000,44080000,16535800,5510000,11025800,5510000,0,0,0,5515800,2670590,2.6706
distribute_parallel_for_split_1900_1900_2900,1900,2900,0,5800,55117400,16538701,2900,72960000,44080000,16535800,5510000,11025800,5510000,0,0,0,5515800,3376360,3.3764
swap_distribute_parallel_for_1900_1900_2900,1900,2900,0,5800,55117400,16538701,2900,72960000,44080000,16535800,5510000,11025800,5510000,0,0,0,5515800,4298027,4.2980
swap_distribute_parallel_for_split_1900_1900_2900,1900,2900,0,5800,55117400,16538701,2900,72960000,44080000,16535800,5510000,11025800,5510000,0,0,0,5515800,2904394,2.9044
distribute_parallel_for_collapse_1900_1900_2900,1900,2900,0,5800,55117400,16538701,2900,72960000,44080000,16535800,5510000,11025800,5510000,0,0,0,5515800,3235505,3.2355
swap_distribute_parallel_for_collapse_1900_1900_2900,1900,2900,0,5800,55117400,16538701,2900,72960000,44080000,16535800,5510000,11025800,5510000,0,0,0,5515800,3472073,3.4721
distribute_parallel_for_1900_1900_3400,1900,3400,0,6800,64620400,19390201,3400,80560000,51680000,19386800,6460000,12926800,6460000,0,0,0,6466800,3036018,3.0360
distribute_parallel_for_split_1900_1900_3400,1900,3400,0,6800,64620400,19390201,3400,80560000,51680000,19386800,6460000,12926800,6460000,0,0,0,6466800,4323042,4.3230
swap_distribute_parallel_for_1900_1900_3400,1900,3400,0,6800,64620400,19390201,3400,80560000,51680000,19386800,6460000,12926800,6460000,0,0,0,6466800,4227369,4.2274
swap_distribute_parallel_for_split_1900_1900_3400,1900,3400,0,6800,64620400,19390201,3400,80560000,51680000,19386800,6460000,12926800,6460000,0,0,0,6466800,3461560,3.4616
distribute_parallel_for_collapse_1900_1900_3400,1900,3400,0,6800,64620400,19390201,3400,80560000,51680000,19386800,6460000,12926800,6460000,0,0,0,6466800,3965904,3.9659
swap_distribute_parallel_for_collapse_1900_1900_3400,1900,3400,0,6800,64620400,19390201,3400,80560000,51680000,19386800,6460000,12926800,6460000,0,0,0,6466800,4011645,4.0116
distribute_parallel_for_1900_1900_3900,1900,3900,0,7800,74123400,22241701,3900,88160000,59280000,22237800,7410000,14827800,7410000,0,0,0,7417800,2999466,2.9995
distribute_parallel_for_split_1900_1900_3900,1900,3900,0,7800,74123400,22241701,3900,88160000,59280000,22237800,7410000,14827800,7410000,0,0,0,7417800,4749038,4.7490
swap_distribute_parallel_for_1900_1900_3900,1900,3900,0,7800,74123400,22241701,3900,88160000,59280000,22237800,7410000,14827800,7410000,0,0,0,7417800,6067993,6.0680
swap_distribute_parallel_for_split_1900_1900_3900,1900,3900,0,7800,74123400,22241701,3900,88160000,59280000,22237800,7410000,14827800,7410000,0,0,0,7417800,3869550,3.8695
distribute_parallel_for_collapse_1900_1900_3900,1900,3900,0,7800,74123400,22241701,3900,88160000,59280000,22237800,7410000,14827800,7410000,0,0,0,7417800,4148327,4.1483
swap_distribute_parallel_for_collapse_1900_1900_3900,1900,3900,0,7800,74123400,22241701,3900,88160000,59280000,22237800,7410000,14827800,7410000,0,0,0,7417800,4630406,4.6304
distribute_parallel_for_1900_1900_900,1900,900,0,1800,17105400,5132701,900,42560000,13680000,5131800,1710000,3421800,1710000,0,0,0,1711800,856636,0.8566
distribute_parallel_for_split_1900_1900_900,1900,900,0,1800,17105400,5132701,900,42560000,13680000,5131800,1710000,3421800,1710000,0,0,0,1711800,999741,0.9997
swap_distribute_parallel_for_1900_1900_900,1900,900,0,1800,17105400,5132701,900,42560000,13680000,5131800,1710000,3421800,1710000,0,0,0,1711800,1601980,1.6020
swap_distribute_parallel_for_split_1900_1900_900,1900,900,0,1800,17105400,5132701,900,42560000,13680000,5131800,1710000,3421800,1710000,0,0,0,1711800,847098,0.8471
distribute_parallel_for_collapse_1900_1900_900,1900,900,0,1800,17105400,5132701,900,42560000,13680000,5131800,1710000,3421800,1710000,0,0,0,1711800,943253,0.9433
swap_distribute_parallel_for_collapse_1900_1900_900,1900,900,0,1800,17105400,5132701,900,42560000,13680000,5131800,1710000,3421800,1710000,0,0,0,1711800,848667,0.8487
distribute_parallel_for_1900_2400_1400,1900,1400,0,2800,33608400,10084201,1400,63360000,21280000,10082800,3360000,6722800,3360000,0,0,0,3362800,1668221,1.6682
distribute_parallel_for_split_1900_2400_1400,1900,1400,0,2800,33608400,10084201,1400,63360000,21280000,10082800,3360000,6722800,3360000,0,0,0,3362800,2207565,2.2076
swap_distribute_parallel_for_1900_2400_1400,1900,1400,0,2800,33608400,10084201,1400,63360000,21280000,10082800,3360000,6722800,3360000,0,0,0,3362800,2748464,2.7485
swap_distribute_parallel_for_split_1900_2400_1400,1900,1400,0,2800,33608400,10084201,1400,63360000,21280000,10082800,3360000,6722800,3360000,0,0,0,3362800,1765260,1.7653
distribute_parallel_for_collapse_1900_2400_1400,1900,1400,0,2800,33608400,10084201,1400,63360000,21280000,10082800,3360000,6722800,3360000,0,0,0,3362800,2089167,2.0892
swap_distribute_parallel_for_collapse_1900_2400_1400,1900,1400,0,2800,33608400,10084201,1400,63360000,21280000,10082800,3360000,6722800,3360000,0,0,0,3362800,2059662,2.0597
distribute_parallel_for_1900_2400_1900,1900,1900,0,3800,45611400,13685701,1900,72960000,28880000,13683800,4560000,9123800,4560000,0,0,0,4563800,1970615,1.9706
distribute_parallel_for_split_1900_2400_1900,1900,1900,0,3800,45611400,13685701,1900,72960000,28880000,13683800,4560000,9123800,4560000,0,0,0,4563800,2828692,2.8287
swap_distribute_parallel_for_1900_2400_1900,1900,1900,0,3800,45611400,13685701,1900,72960000,28880000,13683800,4560000,9123800,4560000,0,0,0,4563800,2821256,2.8213
swap_distribute_parallel_for_split_1900_2400_1900,1900,1900,0,3800,45611400,13685701,1900,72960000,28880000,13683800,4560000,9123800,4560000,0,0,0,4563800,2368853,2.3689
distribute_parallel_for_collapse_1900_2400_1900,1900,1900,0,3800,45611400,13685701,1900,72960000,28880000,13683800,4560000,9123800,4560000,0,0,0,4563800,2695068,2.6951
swap_distribute_parallel_for_collapse_1900_2400_1900,1900,1900,0,3800,45611400,13685701,1900,72960000,28880000,13683800,4560000,9123800,4560000,0,0,0,4563800,2843829,2.8438
distribute_parallel_for_1900_2400_2400,1900,2400,0,4800,57614400,17287201,2400,82560000,36480000,17284800,5760000,11524800,5760000,0,0,0,5764800,2772842,2.7728
distribute_parallel_for_split_1900_2400_2400,1900,2400,0,4800,57614400,17287201,2400,82560000,36480000,17284800,5760000,11524800,5760000,0,0,0,5764800,3718508,3.7185
swap_distribute_parallel_for_1900_2400_2400,1900,2400,0,4800,57614400,17287201,2400,82560000,36480000,17284800,5760000,11524800,5760000,0,0,0,5764800,5453918,5.4539
swap_distribute_parallel_for_split_1900_2400_2400,1900,2400,0,4800,57614400,17287201,2400,82560000,36480000,17284800,5760000,11524800,5760000,0,0,0,5764800,2982779,2.9828
distribute_parallel_for_collapse_1900_2400_2400,1900,2400,0,4800,57614400,17287201,2400,82560000,36480000,17284800,5760000,11524800,5760000,0,0,0,5764800,3359431,3.3594
swap_distribute_parallel_for_collapse_1900_2400_2400,1900,2400,0,4800,57614400,17287201,2400,82560000,36480000,17284800,5760000,11524800,5760000,0,0,0,5764800,3613190,3.6132
distribute_parallel_for_1900_2400_2900,1900,2900,0,5800,69617400,20888701,2900,92160000,44080000,20885800,6960000,13925800,6960000,0,0,0,6965800,2972142,2.9721
distribute_parallel_for_split_1900_2400_2900,1900,2900,0,5800,69617400,20888701,2900,92160000,44080000,20885800,6960000,13925800,6960000,0,0,0,6965800,4527735,4.5277
swap_distribute_parallel_for_1900_2400_2900,1900,2900,0,5800,69617400,20888701,2900,92160000,44080000,20885800,6960000,13925800,6960000,0,0,0,6965800,5495621,5.4956
swap_distribute_parallel_for_split_1900_2400_2900,1900,2900,0,5800,69617400,20888701,2900,92160000,44080000,20885800,6960000,13925800,6960000,0,0,0,6965800,3706931,3.7069
distribute_parallel_for_collapse_1900_2400_2900,1900,2900,0,5800,69617400,20888701,2900,92160000,44080000,20885800,6960000,13925800,6960000,0,0,0,6965800,4144218,4.1442
swap_distribute_parallel_for_collapse_1900_2400_2900,1900,2900,0,5800,69617400,20888701,2900,92160000,44080000,20885800,6960000,13925800,6960000,0,0,0,6965800,4386156,4.3862
distribute_parallel_for_1900_2400_3400,1900,3400,0,6800,81620400,24490201,3400,101760000,51680000,24486800,8160000,16326800,8160000,0,0,0,8166800,3908245,3.9082
distribute_parallel_for_split_1900_2400_3400,1900,3400,0,6800,81620400,24490201,3400,101760000,51680000,24486800,8160000,16326800,8160000,0,0,0,8166800,5383916,5.3839
swap_distribute_parallel_for_1900_2400_3400,1900,3400,0,6800,81620400,24490201,3400,101760000,51680000,24486800,8160000,16326800,8160000,0,0,0,8166800,5390327,5.3903
swap_distribute_parallel_for_split_1900_2400_3400,1900,3400,0,6800,81620400,24490201,3400,101760000,51680000,24486800,8160000,16326800,8160000,0,0,0,8166800,4370749,4.3707
distribute_parallel_for_collapse_1900_2400_3400,1900,3400,0,6800,81620400,24490201,3400,101760000,51680000,24486800,8160000,16326800,8160000,0,0,0,8166800,4981095,4.9811
swap_distribute_parallel_for_collapse_1900_2400_3400,1900,3400,0,6800,81620400,24490201,3400,101760000,51680000,24486800,8160000,16326800,8160000,0,0,0,8166800,5266835,5.2668
distribute_parallel_for_1900_2400_3900,1900,3900,0,7800,93623400,28091701,3900,111360000,59280000,28087800,9360000,18727800,9360000,0,0,0,9367800,3967997,3.9680
distribute_parallel_for_split_1900_2400_3900,1900,3900,0,7800,93623400,28091701,3900,111360000,59280000,28087800,9360000,18727800,9360000,0,0,0,9367800,5948372,5.9484
swap_distribute_parallel_for_1900_2400_3900,1900,3900,0,7800,93623400,28091701,3900,111360000,59280000,28087800,9360000,18727800,9360000,0,0,0,9367800,7737337,7.7373
swap_distribute_parallel_for_split_1900_2400_3900,1900,3900,0,7800,93623400,28091701,3900,111360000,59280000,28087800,9360000,18727800,9360000,0,0,0,9367800,4946449,4.9464
distribute_parallel_for_collapse_1900_2400_3900,1900,3900,0,7800,93623400,28091701,3900,111360000,59280000,28087800,9360000,18727800,9360000,0,0,0,9367800,5291444,5.2914
swap_distribute_parallel_for_collapse_1900_2400_3900,1900,3900,0,7800,93623400,28091701,3900,111360000,59280000,28087800,9360000,18727800,9360000,0,0,0,9367800,5945060,5.9451
distribute_parallel_for_1900_2400_900,1900,900,0,1800,21605400,6482701,900,53760000,13680000,6481800,2160000,4321800,2160000,0,0,0,2161800,957785,0.9578
distribute_parallel_for_split_1900_2400_900,1900,900,0,1800,21605400,6482701,900,53760000,13680000,6481800,2160000,4321800,2160000,0,0,0,2161800,1275095,1.2751
swap_distribute_parallel_for_1900_2400_900,1900,900,0,1800,21605400,6482701,900,53760000,13680000,6481800,2160000,4321800,2160000,0,0,0,2161800,2222547,2.2225
swap_distribute_parallel_for_split_1900_2400_900,1900,900,0,1800,21605400,6482701,900,53760000,13680000,6481800,2160000,4321800,2160000,0,0,0,2161800,1133396,1.1334
distribute_parallel_for_collapse_1900_2400_900,1900,900,0,1800,21605400,6482701,900,53760000,13680000,6481800,2160000,4321800,2160000,0,0,0,2161800,1225933,1.2259
swap_distribute_parallel_for_collapse_1900_2400_900,1900,900,0,1800,21605400,6482701,900,53760000,13680000,6481800,2160000,4321800,2160000,0,0,0,2161800,1155148,1.1551
distribute_parallel_for_1900_2900_1400,1900,1400,0,2800,40608400,12184201,1400,76560000,21280000,12182800,4060000,8122800,4060000,0,0,0,4062800,1961842,1.9618
distribute_parallel_for_split_1900_2900_1400,1900,1400,0,2800,40608400,12184201,1400,76560000,21280000,12182800,4060000,8122800,4060000,0,0,0,4062800,2542441,2.5424
swap_distribute_parallel_for_1900_2900_1400,1900,1400,0,2800,40608400,12184201,1400,76560000,21280000,12182800,4060000,8122800,4060000,0,0,0,4062800,3231065,3.2311
swap_distribute_parallel_for_split_1900_2900_1400,1900,1400,0,2800,40608400,12184201,1400,76560000,21280000,12182800,4060000,8122800,4060000,0,0,0,4062800,2089875,2.0899
distribute_parallel_for_collapse_1900_2900_1400,1900,1400,0,2800,40608400,12184201,1400,76560000,21280000,12182800,4060000,8122800,4060000,0,0,0,4062800,2438994,2.4390
swap_distribute_parallel_for_collapse_1900_2900_1400,1900,1400,0,2800,40608400,12184201,1400,76560000,21280000,12182800,4060000,8122800,4060000,0,0,0,4062800,2461820,2.4618
distribute_parallel_for_1900_2900_1900,1900,1900,0,3800,55111400,16535701,1900,88160000,28880000,16533800,5510000,11023800,5510000,0,0,0,5513800,2619182,2.6192
distribute_parallel_for_split_1900_2900_1900,1900,1900,0,3800,55111400,16535701,1900,88160000,28880000,16533800,5510000,11023800,5510000,0,0,0,5513800,3375525,3.3755
swap_distribute_parallel_for_1900_2900_1900,1900,1900,0,3800,55111400,16535701,1900,88160000,28880000,16533800,5510000,11023800,5510000,0,0,0,5513800,3339714,3.3397
swap_distribute_parallel_for_split_1900_2900_1900,1900,1900,0,3800,55111400,16535701,1900,88160000,28880000,16533800,5510000,11023800,5510000,0,0,0,5513800,2812915,2.8129
distribute_parallel_for_collapse_1900_2900_1900,1900,1900,0,3800,55111400,16535701,1900,88160000,28880000,16533800,5510000,11023800,5510000,0,0,0,5513800,3345722,3.3457
swap_distribute_parallel_for_collapse_1900_2900_1900,1900,1900,0,3800,55111400,16535701,1900,88160000,28880000,16533800,5510000,11023800,5510000,0,0,0,5513800,3369807,3.3698
distribute_parallel_for_1900_2900_2400,1900,2400,0,4800,69614400,20887201,2400,99760000,36480000,20884800,6960000,13924800,6960000,0,0,0,6964800,3281307,3.2813
distribute_parallel_for_split_1900_2900_2400,1900,2400,0,4800,69614400,20887201,2400,99760000,36480000,20884800,6960000,13924800,6960000,0,0,0,6964800,4582933,4.5829
swap_distribute_parallel_for_1900_2900_2400,1900,2400,0,4800,69614400,20887201,2400,99760000,36480000,20884800,6960000,13924800,6960000,0,0,0,6964800,6576821,6.5768
swap_distribute_parallel_for_split_1900_2900_2400,1900,2400,0,4800,69614400,20887201,2400,99760000,36480000,20884800,6960000,13924800,6960000,0,0,0,6964800,3617887,3.6179
distribute_parallel_for_collapse_1900_2900_2400,1900,2400,0,4800,69614400,20887201,2400,99760000,36480000,20884800,6960000,13924800,6960000,0,0,0,6964800,3999965,4.0000
swap_distribute_parallel_for_collapse_1900_2900_2400,1900,2400,0,4800,69614400,20887201,2400,99760000,36480000,20884800,6960000,13924800,6960000,0,0,0,6964800,4400036,4.4000
distribute_parallel_for_1900_2900_2900,1900,2900,0,5800,84117400,25238701,2900,111360000,44080000,25235800,8410000,16825800,8410000,0,0,0,8415800,3957770,3.9578
distribute_parallel_for_split_1900_2900_2900,1900,2900,0,5800,84117400,25238701,2900,111360000,44080000,25235800,8410000,16825800,8410000,0,0,0,8415800,5525269,5.5253
swap_distribute_parallel_for_1900_2900_2900,1900,2900,0,5800,84117400,25238701,2900,111360000,44080000,25235800,8410000,16825800,8410000,0,0,0,8415800,6624750,6.6247
swap_distribute_parallel_for_split_1900_2900_2900,1900,2900,0,5800,84117400,25238701,2900,111360000,44080000,25235800,8410000,16825800,8410000,0,0,0,8415800,4553654,4.5537
distribute_parallel_for_collapse_1900_2900_2900,1900,2900,0,5800,84117400,25238701,2900,111360000,44080000,25235800,8410000,16825800,8410000,0,0,0,8415800,5137218,5.1372
swap_distribute_parallel_for_collapse_1900_2900_2900,1900,2900,0,5800,84117400,25238701,2900,111360000,44080000,25235800,8410000,16825800,8410000,0,0,0,8415800,5290972,5.2910
distribute_parallel_for_1900_2900_3400,1900,3400,0,6800,98620400,29590201,3400,122960000,51680000,29586800,9860000,19726800,9860000,0,0,0,9866800,4631941,4.6319
distribute_parallel_for_split_1900_2900_3400,1900,3400,0,6800,98620400,29590201,3400,122960000,51680000,29586800,9860000,19726800,9860000,0,0,0,9866800,6611286,6.6113
swap_distribute_parallel_for_1900_2900_3400,1900,3400,0,6800,98620400,29590201,3400,122960000,51680000,29586800,9860000,19726800,9860000,0,0,0,9866800,6452357,6.4524
swap_distribute_parallel_for_split_1900_2900_3400,1900,3400,0,6800,98620400,29590201,3400,122960000,51680000,29586800,9860000,19726800,9860000,0,0,0,9866800,5190457,5.1905
distribute_parallel_for_collapse_1900_2900_3400,1900,3400,0,6800,98620400,29590201,3400,122960000,51680000,29586800,9860000,19726800,9860000,0,0,0,9866800,6022558,6.0226
swap_distribute_parallel_for_collapse_1900_2900_3400,1900,3400,0,6800,98620400,29590201,3400,122960000,51680000,29586800,9860000,19726800,9860000,0,0,0,9866800,6123377,6.1234
distribute_parallel_for_1900_2900_3900,1900,3900,0,7800,113123400,33941701,3900,134560000,59280000,33937800,11310000,22627800,11310000,0,0,0,11317800,5286062,5.2861
distribute_parallel_for_split_1900_2900_3900,1900,3900,0,7800,113123400,33941701,3900,134560000,59280000,33937800,11310000,22627800,11310000,0,0,0,11317800,7349462,7.3495
swap_distribute_parallel_for_1900_2900_3900,1900,3900,0,7800,113123400,33941701,3900,134560000,59280000,33937800,11310000,22627800,11310000,0,0,0,11317800,9454488,9.4545
swap_distribute_parallel_for_split_1900_2900_3900,1900,3900,0,7800,113123400,33941701,3900,134560000,59280000,33937800,11310000,22627800,11310000,0,0,0,11317800,6167140,6.1671
distribute_parallel_for_collapse_1900_2900_3900,1900,3900,0,7800,113123400,33941701,3900,134560000,59280000,33937800,11310000,22627800,11310000,0,0,0,11317800,6490436,6.4904
swap_distribute_parallel_for_collapse_1900_2900_3900,1900,3900,0,7800,113123400,33941701,3900,134560000,59280000,33937800,11310000,22627800,11310000,0,0,0,11317800,7092685,7.0927
distribute_parallel_for_1900_2900_900,1900,900,0,1800,26105400,7832701,900,64960000,13680000,7831800,2610000,5221800,2610000,0,0,0,2611800,1271531,1.2715
distribute_parallel_for_split_1900_2900_900,1900,900,0,1800,26105400,7832701,900,64960000,13680000,7831800,2610000,5221800,2610000,0,0,0,2611800,1595423,1.5954
swap_distribute_parallel_for_1900_2900_900,1900,900,0,1800,26105400,7832701,900,64960000,13680000,7831800,2610000,5221800,2610000,0,0,0,2611800,2962375,2.9624
swap_distribute_parallel_for_split_1900_2900_900,1900,900,0,1800,26105400,7832701,900,64960000,13680000,7831800,2610000,5221800,2610000,0,0,0,2611800,1274647,1.2746
distribute_parallel_for_collapse_1900_2900_900,1900,900,0,1800,26105400,7832701,900,64960000,13680000,7831800,2610000,5221800,2610000,0,0,0,2611800,1376870,1.3769
swap_distribute_parallel_for_collapse_1900_2900_900,1900,900,0,1800,26105400,7832701,900,64960000,13680000,7831800,2610000,5221800,2610000,0,0,0,2611800,1378876,1.3789
distribute_parallel_for_1900_3400_1400,1900,1400,0,2800,47608400,14284201,1400,89760000,21280000,14282800,4760000,9522800,4760000,0,0,0,4762800,2254355,2.2544
distribute_parallel_for_split_1900_3400_1400,1900,1400,0,2800,47608400,14284201,1400,89760000,21280000,14282800,4760000,9522800,4760000,0,0,0,4762800,3160046,3.1600
swap_distribute_parallel_for_1900_3400_1400,1900,1400,0,2800,47608400,14284201,1400,89760000,21280000,14282800,4760000,9522800,4760000,0,0,0,4762800,3892690,3.8927
swap_distribute_parallel_for_split_1900_3400_1400,1900,1400,0,2800,47608400,14284201,1400,89760000,21280000,14282800,4760000,9522800,4760000,0,0,0,4762800,2510292,2.5103
distribute_parallel_for_collapse_1900_3400_1400,1900,1400,0,2800,47608400,14284201,1400,89760000,21280000,14282800,4760000,9522800,4760000,0,0,0,4762800,2822789,2.8228
swap_distribute_parallel_for_collapse_1900_3400_1400,1900,1400,0,2800,47608400,14284201,1400,89760000,21280000,14282800,4760000,9522800,4760000,0,0,0,4762800,2870481,2.8705
distribute_parallel_for_1900_3400_1900,1900,1900,0,3800,64611400,19385701,1900,103360000,28880000,19383800,6460000,12923800,6460000,0,0,0,6463800,3057248,3.0572
distribute_parallel_for_split_1900_3400_1900,1900,1900,0,3800,64611400,19385701,1900,103360000,28880000,19383800,6460000,12923800,6460000,0,0,0,6463800,4016267,4.0163
swap_distribute_parallel_for_1900_3400_1900,1900,1900,0,3800,64611400,19385701,1900,103360000,28880000,19383800,6460000,12923800,6460000,0,0,0,6463800,3922840,3.9228
swap_distribute_parallel_for_split_1900_3400_1900,1900,1900,0,3800,64611400,19385701,1900,103360000,28880000,19383800,6460000,12923800,6460000,0,0,0,6463800,3340886,3.3409
distribute_parallel_for_collapse_1900_3400_1900,1900,1900,0,3800,64611400,19385701,1900,103360000,28880000,19383800,6460000,12923800,6460000,0,0,0,6463800,3898875,3.8989
swap_distribute_parallel_for_collapse_1900_3400_1900,1900,1900,0,3800,64611400,19385701,1900,103360000,28880000,19383800,6460000,12923800,6460000,0,0,0,6463800,3919515,3.9195
distribute_parallel_for_1900_3400_2400,1900,2400,0,4800,81614400,24487201,2400,116960000,36480000,24484800,8160000,16324800,8160000,0,0,0,8164800,3748636,3.7486
distribute_parallel_for_split_1900_3400_2400,1900,2400,0,4800,81614400,24487201,2400,116960000,36480000,24484800,8160000,16324800,8160000,0,0,0,8164800,5324472,5.3245
swap_distribute_parallel_for_1900_3400_2400,1900,2400,0,4800,81614400,24487201,2400,116960000,36480000,24484800,8160000,16324800,8160000,0,0,0,8164800,7745021,7.7450
swap_distribute_parallel_for_split_1900_3400_2400,1900,2400,0,4800,81614400,24487201,2400,116960000,36480000,24484800,8160000,16324800,8160000,0,0,0,8164800,4165164,4.1652
distribute_parallel_for_collapse_1900_3400_2400,1900,2400,0,4800,81614400,24487201,2400,116960000,36480000,24484800,8160000,16324800,8160000,0,0,0,8164800,4825638,4.8256
swap_distribute_parallel_for_collapse_1900_3400_2400,1900,2400,0,4800,81614400,24487201,2400,116960000,36480000,24484800,8160000,16324800,8160000,0,0,0,8164800,5062699,5.0627
distribute_parallel_for_1900_3400_2900,1900,2900,0,5800,98617400,29588701,2900,130560000,44080000,29585800,9860000,19725800,9860000,0,0,0,9865800,4665862,4.6659
distribute_parallel_for_split_1900_3400_2900,1900,2900,0,5800,98617400,29588701,2900,130560000,44080000,29585800,9860000,19725800,9860000,0,0,0,9865800,6307917,6.3079
swap_distribute_parallel_for_1900_3400_2900,1900,2900,0,5800,98617400,29588701,2900,130560000,44080000,29585800,9860000,19725800,9860000,0,0,0,9865800,7819173,7.8192
swap_distribute_parallel_for_split_1900_3400_2900,1900,2900,0,5800,98617400,29588701,2900,130560000,44080000,29585800,9860000,19725800,9860000,0,0,0,9865800,5298693,5.2987
distribute_parallel_for_collapse_1900_3400_2900,1900,2900,0,5800,98617400,29588701,2900,130560000,44080000,29585800,9860000,19725800,9860000,0,0,0,9865800,6080365,6.0804
swap_distribute_parallel_for_collapse_1900_3400_2900,1900,2900,0,5800,98617400,29588701,2900,130560000,44080000,29585800,9860000,19725800,9860000,0,0,0,9865800,6264434,6.2644
distribute_parallel_for_1900_3400_3400,1900,3400,0,6800,115620400,34690201,3400,144160000,51680000,34686800,11560000,23126800,11560000,0,0,0,11566800,5387774,5.3878
distribute_parallel_for_split_1900_3400_3400,1900,3400,0,6800,115620400,34690201,3400,144160000,51680000,34686800,11560000,23126800,11560000,0,0,0,11566800,7662443,7.6624
swap_distribute_parallel_for_1900_3400_3400,1900,3400,0,6800,115620400,34690201,3400,144160000,51680000,34686800,11560000,23126800,11560000,0,0,0,11566800,7591531,7.5915
swap_distribute_parallel_for_split_1900_3400_3400,1900,3400,0,6800,115620400,34690201,3400,144160000,51680000,34686800,11560000,23126800,11560000,0,0,0,11566800,6080093,6.0801
distribute_parallel_for_collapse_1900_3400_3400,1900,3400,0,6800,115620400,34690201,3400,144160000,51680000,34686800,11560000,23126800,11560000,0,0,0,11566800,7172854,7.1729
swap_distribute_parallel_for_collapse_1900_3400_3400,1900,3400,0,6800,115620400,34690201,3400,144160000,51680000,34686800,11560000,23126800,11560000,0,0,0,11566800,7290930,7.2909
distribute_parallel_for_1900_3400_3900,1900,3900,0,7800,132623400,39791701,3900,157760000,59280000,39787800,13260000,26527800,13260000,0,0,0,13267800,6118371,6.1184
distribute_parallel_for_split_1900_3400_3900,1900,3900,0,7800,132623400,39791701,3900,157760000,59280000,39787800,13260000,26527800,13260000,0,0,0,13267800,8680209,8.6802
swap_distribute_parallel_for_1900_3400_3900,1900,3900,0,7800,132623400,39791701,3900,157760000,59280000,39787800,13260000,26527800,13260000,0,0,0,13267800,11063038,11.0630
swap_distribute_parallel_for_split_1900_3400_3900,1900,3900,0,7800,132623400,39791701,3900,157760000,59280000,39787800,13260000,26527800,13260000,0,0,0,13267800,7107721,7.1077
distribute_parallel_for_collapse_1900_3400_3900,1900,3900,0,7800,132623400,39791701,3900,157760000,59280000,39787800,13260000,26527800,13260000,0,0,0,13267800,7452602,7.4526
swap_distribute_parallel_for_collapse_1900_3400_3900,1900,3900,0,7800,132623400,39791701,3900,157760000,59280000,39787800,13260000,26527800,13260000,0,0,0,13267800,8455675,8.4557
distribute_parallel_for_1900_3400_900,1900,900,0,1800,30605400,9182701,900,76160000,13680000,9181800,3060000,6121800,3060000,0,0,0,3061800,1464098,1.4641
distribute_parallel_for_split_1900_3400_900,1900,900,0,1800,30605400,9182701,900,76160000,13680000,9181800,3060000,6121800,3060000,0,0,0,3061800,1910878,1.9109
swap_distribute_parallel_for_1900_3400_900,1900,900,0,1800,30605400,9182701,900,76160000,13680000,9181800,3060000,6121800,3060000,0,0,0,3061800,3422330,3.4223
swap_distribute_parallel_for_split_1900_3400_900,1900,900,0,1800,30605400,9182701,900,76160000,13680000,9181800,3060000,6121800,3060000,0,0,0,3061800,1546473,1.5465
distribute_parallel_for_collapse_1900_3400_900,1900,900,0,1800,30605400,9182701,900,76160000,13680000,9181800,3060000,6121800,3060000,0,0,0,3061800,1653828,1.6538
swap_distribute_parallel_for_collapse_1900_3400_900,1900,900,0,1800,30605400,9182701,900,76160000,13680000,9181800,3060000,6121800,3060000,0,0,0,3061800,1660600,1.6606
distribute_parallel_for_1900_3900_1400,1900,1400,0,2800,54608400,16384201,1400,102960000,21280000,16382800,5460000,10922800,5460000,0,0,0,5462800,2621592,2.6216
distribute_parallel_for_split_1900_3900_1400,1900,1400,0,2800,54608400,16384201,1400,102960000,21280000,16382800,5460000,10922800,5460000,0,0,0,5462800,3536390,3.5364
swap_distribute_parallel_for_1900_3900_1400,1900,1400,0,2800,54608400,16384201,1400,102960000,21280000,16382800,5460000,10922800,5460000,0,0,0,5462800,4427492,4.4275
swap_distribute_parallel_for_split_1900_3900_1400,1900,1400,0,2800,54608400,16384201,1400,102960000,21280000,16382800,5460000,10922800,5460000,0,0,0,5462800,2837538,2.8375
distribute_parallel_for_collapse_1900_3900_1400,1900,1400,0,2800,54608400,16384201,1400,102960000,21280000,16382800,5460000,10922800,5460000,0,0,0,5462800,3289441,3.2894
swap_distribute_parallel_for_collapse_1900_3900_1400,1900,1400,0,2800,54608400,16384201,1400,102960000,21280000,16382800,5460000,10922800,5460000,0,0,0,5462800,3312635,3.3126
distribute_parallel_for_1900_3900_1900,1900,1900,0,3800,74111400,22235701,1900,118560000,28880000,22233800,7410000,14823800,7410000,0,0,0,7413800,3313776,3.3138
distribute_parallel_for_split_1900_3900_1900,1900,1900,0,3800,74111400,22235701,1900,118560000,28880000,22233800,7410000,14823800,7410000,0,0,0,7413800,4773648,4.7736
swap_distribute_parallel_for_1900_3900_1900,1900,1900,0,3800,74111400,22235701,1900,118560000,28880000,22233800,7410000,14823800,7410000,0,0,0,7413800,4478927,4.4789
swap_distribute_parallel_for_split_1900_3900_1900,1900,1900,0,3800,74111400,22235701,1900,118560000,28880000,22233800,7410000,14823800,7410000,0,0,0,7413800,3843563,3.8436
distribute_parallel_for_collapse_1900_3900_1900,1900,1900,0,3800,74111400,22235701,1900,118560000,28880000,22233800,7410000,14823800,7410000,0,0,0,7413800,4418328,4.4183
swap_distribute_parallel_for_collapse_1900_3900_1900,1900,1900,0,3800,74111400,22235701,1900,118560000,28880000,22233800,7410000,14823800,7410000,0,0,0,7413800,4539311,4.5393
distribute_parallel_for_1900_3900_2400,1900,2400,0,4800,93614400,28087201,2400,134160000,36480000,28084800,9360000,18724800,9360000,0,0,0,9364800,4353076,4.3531
distribute_parallel_for_split_1900_3900_2400,1900,2400,0,4800,93614400,28087201,2400,134160000,36480000,28084800,9360000,18724800,9360000,0,0,0,9364800,6384622,6.3846
swap_distribute_parallel_for_1900_3900_2400,1900,2400,0,4800,93614400,28087201,2400,134160000,36480000,28084800,9360000,18724800,9360000,0,0,0,9364800,9005123,9.0051
swap_distribute_parallel_for_split_1900_3900_2400,1900,2400,0,4800,93614400,28087201,2400,134160000,36480000,28084800,9360000,18724800,9360000,0,0,0,9364800,4699188,4.6992
distribute_parallel_for_collapse_1900_3900_2400,1900,2400,0,4800,93614400,28087201,2400,134160000,36480000,28084800,9360000,18724800,9360000,0,0,0,9364800,5402058,5.4021
swap_distribute_parallel_for_collapse_1900_3900_2400,1900,2400,0,4800,93614400,28087201,2400,134160000,36480000,28084800,9360000,18724800,9360000,0,0,0,9364800,5965386,5.9654
distribute_parallel_for_1900_3900_2900,1900,2900,0,5800,113117400,33938701,2900,149760000,44080000,33935800,11310000,22625800,11310000,0,0,0,11315800,5233830,5.2338
distribute_parallel_for_split_1900_3900_2900,1900,2900,0,5800,113117400,33938701,2900,149760000,44080000,33935800,11310000,22625800,11310000,0,0,0,11315800,7080363,7.0804
swap_distribute_parallel_for_1900_3900_2900,1900,2900,0,5800,113117400,33938701,2900,149760000,44080000,33935800,11310000,22625800,11310000,0,0,0,11315800,9078121,9.0781
swap_distribute_parallel_for_split_1900_3900_2900,1900,2900,0,5800,113117400,33938701,2900,149760000,44080000,33935800,11310000,22625800,11310000,0,0,0,11315800,6398613,6.3986
distribute_parallel_for_collapse_1900_3900_2900,1900,2900,0,5800,113117400,33938701,2900,149760000,44080000,33935800,11310000,22625800,11310000,0,0,0,11315800,6860132,6.8601
swap_distribute_parallel_for_collapse_1900_3900_2900,1900,2900,0,5800,113117400,33938701,2900,149760000,44080000,33935800,11310000,22625800,11310000,0,0,0,11315800,7234295,7.2343
distribute_parallel_for_1900_3900_3400,1900,3400,0,6800,132620400,39790201,3400,165360000,51680000,39786800,13260000,26526800,13260000,0,0,0,13266800,6140956,6.1410
distribute_parallel_for_split_1900_3900_3400,1900,3400,0,6800,132620400,39790201,3400,165360000,51680000,39786800,13260000,26526800,13260000,0,0,0,13266800,8650265,8.6503
swap_distribute_parallel_for_1900_3900_3400,1900,3400,0,6800,132620400,39790201,3400,165360000,51680000,39786800,13260000,26526800,13260000,0,0,0,13266800,8784502,8.7845
swap_distribute_parallel_for_split_1900_3900_3400,1900,3400,0,6800,132620400,39790201,3400,165360000,51680000,39786800,13260000,26526800,13260000,0,0,0,13266800,7000372,7.0004
distribute_parallel_for_collapse_1900_3900_3400,1900,3400,0,6800,132620400,39790201,3400,165360000,51680000,39786800,13260000,26526800,13260000,0,0,0,13266800,8284856,8.2849
swap_distribute_parallel_for_collapse_1900_3900_3400,1900,3400,0,6800,132620400,39790201,3400,165360000,51680000,39786800,13260000,26526800,13260000,0,0,0,13266800,8358347,8.3583
distribute_parallel_for_1900_3900_3900,1900,3900,0,7800,152123400,45641701,3900,180960000,59280000,45637800,15210000,30427800,15210000,0,0,0,15217800,7264734,7.2647
distribute_parallel_for_split_1900_3900_3900,1900,3900,0,7800,152123400,45641701,3900,180960000,59280000,45637800,15210000,30427800,15210000,0,0,0,15217800,10086304,10.0863
swap_distribute_parallel_for_1900_3900_3900,1900,3900,0,7800,152123400,45641701,3900,180960000,59280000,45637800,15210000,30427800,15210000,0,0,0,15217800,12736638,12.7366
swap_distribute_parallel_for_split_1900_3900_3900,1900,3900,0,7800,152123400,45641701,3900,180960000,59280000,45637800,15210000,30427800,15210000,0,0,0,15217800,8124803,8.1248
distribute_parallel_for_collapse_1900_3900_3900,1900,3900,0,7800,152123400,45641701,3900,180960000,59280000,45637800,15210000,30427800,15210000,0,0,0,15217800,8706709,8.7067
swap_distribute_parallel_for_collapse_1900_3900_3900,1900,3900,0,7800,152123400,45641701,3900,180960000,59280000,45637800,15210000,30427800,15210000,0,0,0,15217800,9656653,9.6567
distribute_parallel_for_1900_3900_900,1900,900,0,1800,35105400,10532701,900,87360000,13680000,10531800,3510000,7021800,3510000,0,0,0,3511800,1704324,1.7043
distribute_parallel_for_split_1900_3900_900,1900,900,0,1800,35105400,10532701,900,87360000,13680000,10531800,3510000,7021800,3510000,0,0,0,3511800,2222568,2.2226
swap_distribute_parallel_for_1900_3900_900,1900,900,0,1800,35105400,10532701,900,87360000,13680000,10531800,3510000,7021800,3510000,0,0,0,3511800,3983407,3.9834
swap_distribute_parallel_for_split_1900_3900_900,1900,900,0,1800,35105400,10532701,900,87360000,13680000,10531800,3510000,7021800,3510000,0,0,0,3511800,1715156,1.7152
distribute_parallel_for_collapse_1900_3900_900,1900,900,0,1800,35105400,10532701,900,87360000,13680000,10531800,3510000,7021800,3510000,0,0,0,3511800,2028037,2.0280
swap_distribute_parallel_for_collapse_1900_3900_900,1900,900,0,1800,35105400,10532701,900,87360000,13680000,10531800,3510000,7021800,3510000,0,0,0,3511800,1959863,1.9599
distribute_parallel_for_1900_900_1400,1900,1400,0,2800,12608400,3784201,1400,23760000,21280000,3782800,1260000,2522800,1260000,0,0,0,1262800,550229,0.5502
distribute_parallel_for_split_1900_900_1400,1900,1400,0,2800,12608400,3784201,1400,23760000,21280000,3782800,1260000,2522800,1260000,0,0,0,1262800,621697,0.6217
swap_distribute_parallel_for_1900_900_1400,1900,1400,0,2800,12608400,3784201,1400,23760000,21280000,3782800,1260000,2522800,1260000,0,0,0,1262800,917023,0.9170
swap_distribute_parallel_for_split_1900_900_1400,1900,1400,0,2800,12608400,3784201,1400,23760000,21280000,3782800,1260000,2522800,1260000,0,0,0,1262800,661549,0.6615
distribute_parallel_for_collapse_1900_900_1400,1900,1400,0,2800,12608400,3784201,1400,23760000,21280000,3782800,1260000,2522800,1260000,0,0,0,1262800,680393,0.6804
swap_distribute_parallel_for_collapse_1900_900_1400,1900,1400,0,2800,12608400,3784201,1400,23760000,21280000,3782800,1260000,2522800,1260000,0,0,0,1262800,697456,0.6975
distribute_parallel_for_1900_900_1900,1900,1900,0,3800,17111400,5135701,1900,27360000,28880000,5133800,1710000,3423800,1710000,0,0,0,1713800,785586,0.7856
distribute_parallel_for_split_1900_900_1900,1900,1900,0,3800,17111400,5135701,1900,27360000,28880000,5133800,1710000,3423800,1710000,0,0,0,1713800,883746,0.8837
swap_distribute_parallel_for_1900_900_1900,1900,1900,0,3800,17111400,5135701,1900,27360000,28880000,5133800,1710000,3423800,1710000,0,0,0,1713800,964585,0.9646
swap_distribute_parallel_for_split_1900_900_1900,1900,1900,0,3800,17111400,5135701,1900,27360000,28880000,5133800,1710000,3423800,1710000,0,0,0,1713800,874257,0.8743
distribute_parallel_for_collapse_1900_900_1900,1900,1900,0,3800,17111400,5135701,1900,27360000,28880000,5133800,1710000,3423800,1710000,0,0,0,1713800,872225,0.8722
swap_distribute_parallel_for_collapse_1900_900_1900,1900,1900,0,3800,17111400,5135701,1900,27360000,28880000,5133800,1710000,3423800,1710000,0,0,0,1713800,985005,0.9850
distribute_parallel_for_1900_900_2400,1900,2400,0,4800,21614400,6487201,2400,30960000,36480000,6484800,2160000,4324800,2160000,0,0,0,2164800,974657,0.9747
distribute_parallel_for_split_1900_900_2400,1900,2400,0,4800,21614400,6487201,2400,30960000,36480000,6484800,2160000,4324800,2160000,0,0,0,2164800,1252767,1.2528
swap_distribute_parallel_for_1900_900_2400,1900,2400,0,4800,21614400,6487201,2400,30960000,36480000,6484800,2160000,4324800,2160000,0,0,0,2164800,1991536,1.9915
swap_distribute_parallel_for_split_1900_900_2400,1900,2400,0,4800,21614400,6487201,2400,30960000,36480000,6484800,2160000,4324800,2160000,0,0,0,2164800,1082490,1.0825
distribute_parallel_for_collapse_1900_900_2400,1900,2400,0,4800,21614400,6487201,2400,30960000,36480000,6484800,2160000,4324800,2160000,0,0,0,2164800,1200163,1.2002
swap_distribute_parallel_for_collapse_1900_900_2400,1900,2400,0,4800,21614400,6487201,2400,30960000,36480000,6484800,2160000,4324800,2160000,0,0,0,2164800,1317926,1.3179
distribute_parallel_for_1900_900_2900,1900,2900,0,5800,26117400,7838701,2900,34560000,44080000,7835800,2610000,5225800,2610000,0,0,0,2615800,1172523,1.1725
distribute_parallel_for_split_1900_900_2900,1900,2900,0,5800,26117400,7838701,2900,34560000,44080000,7835800,2610000,5225800,2610000,0,0,0,2615800,1437478,1.4375
swap_distribute_parallel_for_1900_900_2900,1900,2900,0,5800,26117400,7838701,2900,34560000,44080000,7835800,2610000,5225800,2610000,0,0,0,2615800,1941553,1.9416
swap_distribute_parallel_for_split_1900_900_2900,1900,2900,0,5800,26117400,7838701,2900,34560000,44080000,7835800,2610000,5225800,2610000,0,0,0,2615800,1375405,1.3754
distribute_parallel_for_collapse_1900_900_2900,1900,2900,0,5800,26117400,7838701,2900,34560000,44080000,7835800,2610000,5225800,2610000,0,0,0,2615800,1496148,1.4961
swap_distribute_parallel_for_collapse_1900_900_2900,1900,2900,0,5800,26117400,7838701,2900,34560000,44080000,7835800,2610000,5225800,2610000,0,0,0,2615800,1624539,1.6245
distribute_parallel_for_1900_900_3400,1900,3400,0,6800,30620400,9190201,3400,38160000,51680000,9186800,3060000,6126800,3060000,0,0,0,3066800,1267393,1.2674
distribute_parallel_for_split_1900_900_3400,1900,3400,0,6800,30620400,9190201,3400,38160000,51680000,9186800,3060000,6126800,3060000,0,0,0,3066800,1733958,1.7340
swap_distribute_parallel_for_1900_900_3400,1900,3400,0,6800,30620400,9190201,3400,38160000,51680000,9186800,3060000,6126800,3060000,0,0,0,3066800,2016757,2.0168
swap_distribute_parallel_for_split_1900_900_3400,1900,3400,0,6800,30620400,9190201,3400,38160000,51680000,9186800,3060000,6126800,3060000,0,0,0,3066800,1760338,1.7603
distribute_parallel_for_collapse_1900_900_3400,1900,3400,0,6800,30620400,9190201,3400,38160000,51680000,9186800,3060000,6126800,3060000,0,0,0,3066800,1779368,1.7794
swap_distribute_parallel_for_collapse_1900_900_3400,1900,3400,0,6800,30620400,9190201,3400,38160000,51680000,9186800,3060000,6126800,3060000,0,0,0,3066800,1925184,1.9252
distribute_parallel_for_1900_900_3900,1900,3900,0,7800,35123400,10541701,3900,41760000,59280000,10537800,3510000,7027800,3510000,0,0,0,3517800,1690455,1.6905
distribute_parallel_for_split_1900_900_3900,1900,3900,0,7800,35123400,10541701,3900,41760000,59280000,10537800,3510000,7027800,3510000,0,0,0,3517800,2009783,2.0098
swap_distribute_parallel_for_1900_900_3900,1900,3900,0,7800,35123400,10541701,3900,41760000,59280000,10537800,3510000,7027800,3510000,0,0,0,3517800,2664933,2.6649
swap_distribute_parallel_for_split_1900_900_3900,1900,3900,0,7800,35123400,10541701,3900,41760000,59280000,10537800,3510000,7027800,3510000,0,0,0,3517800,1862618,1.8626
distribute_parallel_for_collapse_1900_900_3900,1900,3900,0,7800,35123400,10541701,3900,41760000,59280000,10537800,3510000,7027800,3510000,0,0,0,3517800,1937766,1.9378
swap_distribute_parallel_for_collapse_1900_900_3900,1900,3900,0,7800,35123400,10541701,3900,41760000,59280000,10537800,3510000,7027800,3510000,0,0,0,3517800,2184220,2.1842
distribute_parallel_for_1900_900_900,1900,900,0,1800,8105400,2432701,900,20160000,13680000,2431800,810000,1621800,810000,0,0,0,811800,437243,0.4372
distribute_parallel_for_split_1900_900_900,1900,900,0,1800,8105400,2432701,900,20160000,13680000,2431800,810000,1621800,810000,0,0,0,811800,360006,0.3600
swap_distribute_parallel_for_1900_900_900,1900,900,0,1800,8105400,2432701,900,20160000,13680000,2431800,810000,1621800,810000,0,0,0,811800,719773,0.7198
swap_distribute_parallel_for_split_1900_900_900,1900,900,0,1800,8105400,2432701,900,20160000,13680000,2431800,810000,1621800,810000,0,0,0,811800,379812,0.3798
distribute_parallel_for_collapse_1900_900_900,1900,900,0,1800,8105400,2432701,900,20160000,13680000,2431800,810000,1621800,810000,0,0,0,811800,438014,0.4380
swap_distribute_parallel_for_collapse_1900_900_900,1900,900,0,1800,8105400,2432701,900,20160000,13680000,2431800,810000,1621800,810000,0,0,0,811800,421739,0.4217
distribute_parallel_for_2000_1000_1000,2000,1000,0,2000,10006000,3003001,1000,24000000,16000000,3002000,1000000,2002000,1000000,0,0,0,1002000,823312,0.8233
distribute_parallel_for_split_2000_1000_1000,2000,1000,0,2000,10006000,3003001,1000,24000000,16000000,3002000,1000000,2002000,1000000,0,0,0,1002000,578151,0.5782
swap_distribute_parallel_for_2000_1000_1000,2000,1000,0,2000,10006000,3003001,1000,24000000,16000000,3002000,1000000,2002000,1000000,0,0,0,1002000,880856,0.8809
swap_distribute_parallel_for_split_2000_1000_1000,2000,1000,0,2000,10006000,3003001,1000,24000000,16000000,3002000,1000000,2002000,1000000,0,0,0,1002000,563740,0.5637
distribute_parallel_for_collapse_2000_1000_1000,2000,1000,0,2000,10006000,3003001,1000,24000000,16000000,3002000,1000000,2002000,1000000,0,0,0,1002000,567438,0.5674
swap_distribute_parallel_for_collapse_2000_1000_1000,2000,1000,0,2000,10006000,3003001,1000,24000000,16000000,3002000,1000000,2002000,1000000,0,0,0,1002000,603961,0.6040
distribute_parallel_for_2000_1000_1500,2000,1500,0,3000,15009000,4504501,1500,28000000,24000000,4503000,1500000,3003000,1500000,0,0,0,1503000,1125468,1.1255
distribute_parallel_for_split_2000_1000_1500,2000,1500,0,3000,15009000,4504501,1500,28000000,24000000,4503000,1500000,3003000,1500000,0,0,0,1503000,856119,0.8561
swap_distribute_parallel_for_2000_1000_1500,2000,1500,0,3000,15009000,4504501,1500,28000000,24000000,4503000,1500000,3003000,1500000,0,0,0,1503000,1102361,1.1024
swap_distribute_parallel_for_split_2000_1000_1500,2000,1500,0,3000,15009000,4504501,1500,28000000,24000000,4503000,1500000,3003000,1500000,0,0,0,1503000,853840,0.8538
distribute_parallel_for_collapse_2000_1000_1500,2000,1500,0,3000,15009000,4504501,1500,28000000,24000000,4503000,1500000,3003000,1500000,0,0,0,1503000,846437,0.8464
swap_distribute_parallel_for_collapse_2000_1000_1500,2000,1500,0,3000,15009000,4504501,1500,28000000,24000000,4503000,1500000,3003000,1500000,0,0,0,1503000,859653,0.8597
distribute_parallel_for_2000_1000_2000,2000,2000,0,4000,20012000,6006001,2000,32000000,32000000,6004000,2000000,4004000,2000000,0,0,0,2004000,1583472,1.5835
distribute_parallel_for_split_2000_1000_2000,2000,2000,0,4000,20012000,6006001,2000,32000000,32000000,6004000,2000000,4004000,2000000,0,0,0,2004000,1381750,1.3818
swap_distribute_parallel_for_2000_1000_2000,2000,2000,0,4000,20012000,6006001,2000,32000000,32000000,6004000,2000000,4004000,2000000,0,0,0,2004000,1872391,1.8724
swap_distribute_parallel_for_split_2000_1000_2000,2000,2000,0,4000,20012000,6006001,2000,32000000,32000000,6004000,2000000,4004000,2000000,0,0,0,2004000,1159307,1.1593
distribute_parallel_for_collapse_2000_1000_2000,2000,2000,0,4000,20012000,6006001,2000,32000000,32000000,6004000,2000000,4004000,2000000,0,0,0,2004000,1231720,1.2317
swap_distribute_parallel_for_collapse_2000_1000_2000,2000,2000,0,4000,20012000,6006001,2000,32000000,32000000,6004000,2000000,4004000,2000000,0,0,0,2004000,1257973,1.2580
distribute_parallel_for_2000_1000_2500,2000,2500,0,5000,25015000,7507501,2500,36000000,40000000,7505000,2500000,5005000,2500000,0,0,0,2505000,1943801,1.9438
distribute_parallel_for_split_2000_1000_2500,2000,2500,0,5000,25015000,7507501,2500,36000000,40000000,7505000,2500000,5005000,2500000,0,0,0,2505000,1485904,1.4859
swap_distribute_parallel_for_2000_1000_2500,2000,2500,0,5000,25015000,7507501,2500,36000000,40000000,7505000,2500000,5005000,2500000,0,0,0,2505000,2335890,2.3359
swap_distribute_parallel_for_split_2000_1000_2500,2000,2500,0,5000,25015000,7507501,2500,36000000,40000000,7505000,2500000,5005000,2500000,0,0,0,2505000,1404047,1.4040
distribute_parallel_for_collapse_2000_1000_2500,2000,2500,0,5000,25015000,7507501,2500,36000000,40000000,7505000,2500000,5005000,2500000,0,0,0,2505000,1474944,1.4749
swap_distribute_parallel_for_collapse_2000_1000_2500,2000,2500,0,5000,25015000,7507501,2500,36000000,40000000,7505000,2500000,5005000,2500000,0,0,0,2505000,1608769,1.6088
distribute_parallel_for_2000_1000_3000,2000,3000,0,6000,30018000,9009001,3000,40000000,48000000,9006000,3000000,6006000,3000000,0,0,0,3006000,2258611,2.2586
distribute_parallel_for_split_2000_1000_3000,2000,3000,0,6000,30018000,9009001,3000,40000000,48000000,9006000,3000000,6006000,3000000,0,0,0,3006000,1870306,1.8703
swap_distribute_parallel_for_2000_1000_3000,2000,3000,0,6000,30018000,9009001,3000,40000000,48000000,9006000,3000000,6006000,3000000,0,0,0,3006000,2320786,2.3208
swap_distribute_parallel_for_split_2000_1000_3000,2000,3000,0,6000,30018000,9009001,3000,40000000,48000000,9006000,3000000,6006000,3000000,0,0,0,3006000,1660102,1.6601
distribute_parallel_for_collapse_2000_1000_3000,2000,3000,0,6000,30018000,9009001,3000,40000000,48000000,9006000,3000000,6006000,3000000,0,0,0,3006000,1676898,1.6769
swap_distribute_parallel_for_collapse_2000_1000_3000,2000,3000,0,6000,30018000,9009001,3000,40000000,48000000,9006000,3000000,6006000,3000000,0,0,0,3006000,1870434,1.8704
distribute_parallel_for_2000_1000_3500,2000,3500,0,7000,35021000,10510501,3500,44000000,56000000,10507000,3500000,7007000,3500000,0,0,0,3507000,2626724,2.6267
distribute_parallel_for_split_2000_1000_3500,2000,3500,0,7000,35021000,10510501,3500,44000000,56000000,10507000,3500000,7007000,3500000,0,0,0,3507000,2065686,2.0657
swap_distribute_parallel_for_2000_1000_3500,2000,3500,0,7000,35021000,10510501,3500,44000000,56000000,10507000,3500000,7007000,3500000,0,0,0,3507000,2378159,2.3782
swap_distribute_parallel_for_split_2000_1000_3500,2000,3500,0,7000,35021000,10510501,3500,44000000,56000000,10507000,3500000,7007000,3500000,0,0,0,3507000,1926463,1.9265
distribute_parallel_for_collapse_2000_1000_3500,2000,3500,0,7000,35021000,10510501,3500,44000000,56000000,10507000,3500000,7007000,3500000,0,0,0,3507000,2080294,2.0803
swap_distribute_parallel_for_collapse_2000_1000_3500,2000,3500,0,7000,35021000,10510501,3500,44000000,56000000,10507000,3500000,7007000,3500000,0,0,0,3507000,2290406,2.2904
distribute_parallel_for_2000_1000_4000,2000,4000,0,8000,40024000,12012001,4000,48000000,64000000,12008000,4000000,8008000,4000000,0,0,0,4008000,3101387,3.1014
distribute_parallel_for_split_2000_1000_4000,2000,4000,0,8000,40024000,12012001,4000,48000000,64000000,12008000,4000000,8008000,4000000,0,0,0,4008000,2510656,2.5107
swap_distribute_parallel_for_2000_1000_4000,2000,4000,0,8000,40024000,12012001,4000,48000000,64000000,12008000,4000000,8008000,4000000,0,0,0,4008000,3507696,3.5077
swap_distribute_parallel_for_split_2000_1000_4000,2000,4000,0,8000,40024000,12012001,4000,48000000,64000000,12008000,4000000,8008000,4000000,0,0,0,4008000,2173807,2.1738
distribute_parallel_for_collapse_2000_1000_4000,2000,4000,0,8000,40024000,12012001,4000,48000000,64000000,12008000,4000000,8008000,4000000,0,0,0,4008000,2463703,2.4637
swap_distribute_parallel_for_collapse_2000_1000_4000,2000,4000,0,8000,40024000,12012001,4000,48000000,64000000,12008000,4000000,8008000,4000000,0,0,0,4008000,2579632,2.5796
distribute_parallel_for_2000_1500_1000,2000,1000,0,2000,15006000,4503001,1000,36000000,16000000,4502000,1500000,3002000,1500000,0,0,0,1502000,1316665,1.3167
distribute_parallel_for_split_2000_1500_1000,2000,1000,0,2000,15006000,4503001,1000,36000000,16000000,4502000,1500000,3002000,1500000,0,0,0,1502000,958923,0.9589
swap_distribute_parallel_for_2000_1500_1000,2000,1000,0,2000,15006000,4503001,1000,36000000,16000000,4502000,1500000,3002000,1500000,0,0,0,1502000,1392405,1.3924
swap_distribute_parallel_for_split_2000_1500_1000,2000,1000,0,2000,15006000,4503001,1000,36000000,16000000,4502000,1500000,3002000,1500000,0,0,0,1502000,871705,0.8717
distribute_parallel_for_collapse_2000_1500_1000,2000,1000,0,2000,15006000,4503001,1000,36000000,16000000,4502000,1500000,3002000,1500000,0,0,0,1502000,862905,0.8629
swap_distribute_parallel_for_collapse_2000_1500_1000,2000,1000,0,2000,15006000,4503001,1000,36000000,16000000,4502000,1500000,3002000,1500000,0,0,0,1502000,876499,0.8765
distribute_parallel_for_2000_1500_1500,2000,1500,0,3000,22509000,6754501,1500,42000000,24000000,6753000,2250000,4503000,2250000,0,0,0,2253000,1671809,1.6718
distribute_parallel_for_split_2000_1500_1500,2000,1500,0,3000,22509000,6754501,1500,42000000,24000000,6753000,2250000,4503000,2250000,0,0,0,2253000,1465293,1.4653
swap_distribute_parallel_for_2000_1500_1500,2000,1500,0,3000,22509000,6754501,1500,42000000,24000000,6753000,2250000,4503000,2250000,0,0,0,2253000,1700479,1.7005
swap_distribute_parallel_for_split_2000_1500_1500,2000,1500,0,3000,22509000,6754501,1500,42000000,24000000,6753000,2250000,4503000,2250000,0,0,0,2253000,1354068,1.3541
distribute_parallel_for_collapse_2000_1500_1500,2000,1500,0,3000,22509000,6754501,1500,42000000,24000000,6753000,2250000,4503000,2250000,0,0,0,2253000,1319507,1.3195
swap_distribute_parallel_for_collapse_2000_1500_1500,2000,1500,0,3000,22509000,6754501,1500,42000000,24000000,6753000,2250000,4503000,2250000,0,0,0,2253000,1378226,1.3782
distribute_parallel_for_2000_1500_2000,2000,2000,0,4000,30012000,9006001,2000,48000000,32000000,9004000,3000000,6004000,3000000,0,0,0,3004000,2425286,2.4253
distribute_parallel_for_split_2000_1500_2000,2000,2000,0,4000,30012000,9006001,2000,48000000,32000000,9004000,3000000,6004000,3000000,0,0,0,3004000,2077349,2.0773
swap_distribute_parallel_for_2000_1500_2000,2000,2000,0,4000,30012000,9006001,2000,48000000,32000000,9004000,3000000,6004000,3000000,0,0,0,3004000,3127534,3.1275
swap_distribute_parallel_for_split_2000_1500_2000,2000,2000,0,4000,30012000,9006001,2000,48000000,32000000,9004000,3000000,6004000,3000000,0,0,0,3004000,1732575,1.7326
distribute_parallel_for_collapse_2000_1500_2000,2000,2000,0,4000,30012000,9006001,2000,48000000,32000000,9004000,3000000,6004000,3000000,0,0,0,3004000,1854972,1.8550
swap_distribute_parallel_for_collapse_2000_1500_2000,2000,2000,0,4000,30012000,9006001,2000,48000000,32000000,9004000,3000000,6004000,3000000,0,0,0,3004000,1954510,1.9545
distribute_parallel_for_2000_1500_2500,2000,2500,0,5000,37515000,11257501,2500,54000000,40000000,11255000,3750000,7505000,3750000,0,0,0,3755000,3073011,3.0730
distribute_parallel_for_split_2000_1500_2500,2000,2500,0,5000,37515000,11257501,2500,54000000,40000000,11255000,3750000,7505000,3750000,0,0,0,3755000,2449587,2.4496
swap_distribute_parallel_for_2000_1500_2500,2000,2500,0,5000,37515000,11257501,2500,54000000,40000000,11255000,3750000,7505000,3750000,0,0,0,3755000,3510833,3.5108
swap_distribute_parallel_for_split_2000_1500_2500,2000,2500,0,5000,37515000,11257501,2500,54000000,40000000,11255000,3750000,7505000,3750000,0,0,0,3755000,2155185,2.1552
distribute_parallel_for_collapse_2000_1500_2500,2000,2500,0,5000,37515000,11257501,2500,54000000,40000000,11255000,3750000,7505000,3750000,0,0,0,3755000,2367340,2.3673
swap_distribute_parallel_for_collapse_2000_1500_2500,2000,2500,0,5000,37515000,11257501,2500,54000000,40000000,11255000,3750000,7505000,3750000,0,0,0,3755000,2518219,2.5182
distribute_parallel_for_2000_1500_3000,2000,3000,0,6000,45018000,13509001,3000,60000000,48000000,13506000,4500000,9006000,4500000,0,0,0,4506000,3594447,3.5944
distribute_parallel_for_split_2000_1500_3000,2000,3000,0,6000,45018000,13509001,3000,60000000,48000000,13506000,4500000,9006000,4500000,0,0,0,4506000,3166658,3.1667
swap_distribute_parallel_for_2000_1500_3000,2000,3000,0,6000,45018000,13509001,3000,60000000,48000000,13506000,4500000,9006000,4500000,0,0,0,4506000,3602889,3.6029
swap_distribute_parallel_for_split_2000_1500_3000,2000,3000,0,6000,45018000,13509001,3000,60000000,48000000,13506000,4500000,9006000,4500000,0,0,0,4506000,2519470,2.5195
distribute_parallel_for_collapse_2000_1500_3000,2000,3000,0,6000,45018000,13509001,3000,60000000,48000000,13506000,4500000,9006000,4500000,0,0,0,4506000,2688317,2.6883
swap_distribute_parallel_for_collapse_2000_1500_3000,2000,3000,0,6000,45018000,13509001,3000,60000000,48000000,13506000,4500000,9006000,4500000,0,0,0,4506000,2934956,2.9350
distribute_parallel_for_2000_1500_3500,2000,3500,0,7000,52521000,15760501,3500,66000000,56000000,15757000,5250000,10507000,5250000,0,0,0,5257000,4190782,4.1908
distribute_parallel_for_split_2000_1500_3500,2000,3500,0,7000,52521000,15760501,3500,66000000,56000000,15757000,5250000,10507000,5250000,0,0,0,5257000,3378835,3.3788
swap_distribute_parallel_for_2000_1500_3500,2000,3500,0,7000,52521000,15760501,3500,66000000,56000000,15757000,5250000,10507000,5250000,0,0,0,5257000,3558011,3.5580
swap_distribute_parallel_for_split_2000_1500_3500,2000,3500,0,7000,52521000,15760501,3500,66000000,56000000,15757000,5250000,10507000,5250000,0,0,0,5257000,2879530,2.8795
distribute_parallel_for_collapse_2000_1500_3500,2000,3500,0,7000,52521000,15760501,3500,66000000,56000000,15757000,5250000,10507000,5250000,0,0,0,5257000,3220634,3.2206
swap_distribute_parallel_for_collapse_2000_1500_3500,2000,3500,0,7000,52521000,15760501,3500,66000000,56000000,15757000,5250000,10507000,5250000,0,0,0,5257000,3436627,3.4366
distribute_parallel_for_2000_1500_4000,2000,4000,0,8000,60024000,18012001,4000,72000000,64000000,18008000,6000000,12008000,6000000,0,0,0,6008000,4827597,4.8276
distribute_parallel_for_split_2000_1500_4000,2000,4000,0,8000,60024000,18012001,4000,72000000,64000000,18008000,6000000,12008000,6000000,0,0,0,6008000,4329642,4.3296
swap_distribute_parallel_for_2000_1500_4000,2000,4000,0,8000,60024000,18012001,4000,72000000,64000000,18008000,6000000,12008000,6000000,0,0,0,6008000,5408063,5.4081
swap_distribute_parallel_for_split_2000_1500_4000,2000,4000,0,8000,60024000,18012001,4000,72000000,64000000,18008000,6000000,12008000,6000000,0,0,0,6008000,3363846,3.3638
distribute_parallel_for_collapse_2000_1500_4000,2000,4000,0,8000,60024000,18012001,4000,72000000,64000000,18008000,6000000,12008000,6000000,0,0,0,6008000,3834666,3.8347
swap_distribute_parallel_for_collapse_2000_1500_4000,2000,4000,0,8000,60024000,18012001,4000,72000000,64000000,18008000,6000000,12008000,6000000,0,0,0,6008000,4022335,4.0223
distribute_parallel_for_2000_2000_1000,2000,1000,0,2000,20006000,6003001,1000,48000000,16000000,6002000,2000000,4002000,2000000,0,0,0,2002000,1578171,1.5782
distribute_parallel_for_split_2000_2000_1000,2000,1000,0,2000,20006000,6003001,1000,48000000,16000000,6002000,2000000,4002000,2000000,0,0,0,2002000,1380838,1.3808
swap_distribute_parallel_for_2000_2000_1000,2000,1000,0,2000,20006000,6003001,1000,48000000,16000000,6002000,2000000,4002000,2000000,0,0,0,2002000,1922425,1.9224
swap_distribute_parallel_for_split_2000_2000_1000,2000,1000,0,2000,20006000,6003001,1000,48000000,16000000,6002000,2000000,4002000,2000000,0,0,0,2002000,1199043,1.1990
distribute_parallel_for_collapse_2000_2000_1000,2000,1000,0,2000,20006000,6003001,1000,48000000,16000000,6002000,2000000,4002000,2000000,0,0,0,2002000,1204709,1.2047
swap_distribute_parallel_for_collapse_2000_2000_1000,2000,1000,0,2000,20006000,6003001,1000,48000000,16000000,6002000,2000000,4002000,2000000,0,0,0,2002000,1217661,1.2177
distribute_parallel_for_2000_2000_1500,2000,1500,0,3000,30009000,9004501,1500,56000000,24000000,9003000,3000000,6003000,3000000,0,0,0,3003000,2363220,2.3632
distribute_parallel_for_split_2000_2000_1500,2000,1500,0,3000,30009000,9004501,1500,56000000,24000000,9003000,3000000,6003000,3000000,0,0,0,3003000,2006046,2.0060
swap_distribute_parallel_for_2000_2000_1500,2000,1500,0,3000,30009000,9004501,1500,56000000,24000000,9003000,3000000,6003000,3000000,0,0,0,3003000,2368939,2.3689
swap_distribute_parallel_for_split_2000_2000_1500,2000,1500,0,3000,30009000,9004501,1500,56000000,24000000,9003000,3000000,6003000,3000000,0,0,0,3003000,1760571,1.7606
distribute_parallel_for_collapse_2000_2000_1500,2000,1500,0,3000,30009000,9004501,1500,56000000,24000000,9003000,3000000,6003000,3000000,0,0,0,3003000,1790063,1.7901
swap_distribute_parallel_for_collapse_2000_2000_1500,2000,1500,0,3000,30009000,9004501,1500,56000000,24000000,9003000,3000000,6003000,3000000,0,0,0,3003000,1939248,1.9392
distribute_parallel_for_2000_2000_2000,2000,2000,0,4000,40012000,12006001,2000,64000000,32000000,12004000,4000000,8004000,4000000,0,0,0,4004000,3126388,3.1264
distribute_parallel_for_split_2000_2000_2000,2000,2000,0,4000,40012000,12006001,2000,64000000,32000000,12004000,4000000,8004000,4000000,0,0,0,4004000,2934518,2.9345
swap_distribute_parallel_for_2000_2000_2000,2000,2000,0,4000,40012000,12006001,2000,64000000,32000000,12004000,4000000,8004000,4000000,0,0,0,4004000,4367745,4.3677
swap_distribute_parallel_for_split_2000_2000_2000,2000,2000,0,4000,40012000,12006001,2000,64000000,32000000,12004000,4000000,8004000,4000000,0,0,0,4004000,2311191,2.3112
distribute_parallel_for_collapse_2000_2000_2000,2000,2000,0,4000,40012000,12006001,2000,64000000,32000000,12004000,4000000,8004000,4000000,0,0,0,4004000,2493706,2.4937
swap_distribute_parallel_for_collapse_2000_2000_2000,2000,2000,0,4000,40012000,12006001,2000,64000000,32000000,12004000,4000000,8004000,4000000,0,0,0,4004000,2565410,2.5654
distribute_parallel_for_2000_2000_2500,2000,2500,0,5000,50015000,15007501,2500,72000000,40000000,15005000,5000000,10005000,5000000,0,0,0,5005000,3964656,3.9647
distribute_parallel_for_split_2000_2000_2500,2000,2500,0,5000,50015000,15007501,2500,72000000,40000000,15005000,5000000,10005000,5000000,0,0,0,5005000,3426891,3.4269
swap_distribute_parallel_for_2000_2000_2500,2000,2500,0,5000,50015000,15007501,2500,72000000,40000000,15005000,5000000,10005000,5000000,0,0,0,5005000,4737431,4.7374
swap_distribute_parallel_for_split_2000_2000_2500,2000,2500,0,5000,50015000,15007501,2500,72000000,40000000,15005000,5000000,10005000,5000000,0,0,0,5005000,2813288,2.8133
distribute_parallel_for_collapse_2000_2000_2500,2000,2500,0,5000,50015000,15007501,2500,72000000,40000000,15005000,5000000,10005000,5000000,0,0,0,5005000,3089172,3.0892
swap_distribute_parallel_for_collapse_2000_2000_2500,2000,2500,0,5000,50015000,15007501,2500,72000000,40000000,15005000,5000000,10005000,5000000,0,0,0,5005000,3286592,3.2866
distribute_parallel_for_2000_2000_3000,2000,3000,0,6000,60018000,18009001,3000,80000000,48000000,18006000,6000000,12006000,6000000,0,0,0,6006000,4657065,4.6571
distribute_parallel_for_split_2000_2000_3000,2000,3000,0,6000,60018000,18009001,3000,80000000,48000000,18006000,6000000,12006000,6000000,0,0,0,6006000,4433601,4.4336
swap_distribute_parallel_for_2000_2000_3000,2000,3000,0,6000,60018000,18009001,3000,80000000,48000000,18006000,6000000,12006000,6000000,0,0,0,6006000,4698283,4.6983
swap_distribute_parallel_for_split_2000_2000_3000,2000,3000,0,6000,60018000,18009001,3000,80000000,48000000,18006000,6000000,12006000,6000000,0,0,0,6006000,3299083,3.2991
distribute_parallel_for_collapse_2000_2000_3000,2000,3000,0,6000,60018000,18009001,3000,80000000,48000000,18006000,6000000,12006000,6000000,0,0,0,6006000,3640117,3.6401
swap_distribute_parallel_for_collapse_2000_2000_3000,2000,3000,0,6000,60018000,18009001,3000,80000000,48000000,18006000,6000000,12006000,6000000,0,0,0,6006000,3926752,3.9268
distribute_parallel_for_2000_2000_3500,2000,3500,0,7000,70021000,21010501,3500,88000000,56000000,21007000,7000000,14007000,7000000,0,0,0,7007000,5455290,5.4553
distribute_parallel_for_split_2000_2000_3500,2000,3500,0,7000,70021000,21010501,3500,88000000,56000000,21007000,7000000,14007000,7000000,0,0,0,7007000,4895233,4.8952
swap_distribute_parallel_for_2000_2000_3500,2000,3500,0,7000,70021000,21010501,3500,88000000,56000000,21007000,7000000,14007000,7000000,0,0,0,7007000,4831456,4.8315
swap_distribute_parallel_for_split_2000_2000_3500,2000,3500,0,7000,70021000,21010501,3500,88000000,56000000,21007000,7000000,14007000,7000000,0,0,0,7007000,3859427,3.8594
distribute_parallel_for_collapse_2000_2000_3500,2000,3500,0,7000,70021000,21010501,3500,88000000,56000000,21007000,7000000,14007000,7000000,0,0,0,7007000,4334417,4.3344
swap_distribute_parallel_for_collapse_2000_2000_3500,2000,3500,0,7000,70021000,21010501,3500,88000000,56000000,21007000,7000000,14007000,7000000,0,0,0,7007000,4633506,4.6335
distribute_parallel_for_2000_2000_4000,2000,4000,0,8000,80024000,24012001,4000,96000000,64000000,24008000,8000000,16008000,8000000,0,0,0,8008000,6613033,6.6130
distribute_parallel_for_split_2000_2000_4000,2000,4000,0,8000,80024000,24012001,4000,96000000,64000000,24008000,8000000,16008000,8000000,0,0,0,8008000,5908161,5.9082
swap_distribute_parallel_for_2000_2000_4000,2000,4000,0,8000,80024000,24012001,4000,96000000,64000000,24008000,8000000,16008000,8000000,0,0,0,8008000,7331552,7.3316
swap_distribute_parallel_for_split_2000_2000_4000,2000,4000,0,8000,80024000,24012001,4000,96000000,64000000,24008000,8000000,16008000,8000000,0,0,0,8008000,4349479,4.3495
distribute_parallel_for_collapse_2000_2000_4000,2000,4000,0,8000,80024000,24012001,4000,96000000,64000000,24008000,8000000,16008000,8000000,0,0,0,8008000,5074094,5.0741
swap_distribute_parallel_for_collapse_2000_2000_4000,2000,4000,0,8000,80024000,24012001,4000,96000000,64000000,24008000,8000000,16008000,8000000,0,0,0,8008000,5312803,5.3128
distribute_parallel_for_2000_2500_1000,2000,1000,0,2000,25006000,7503001,1000,60000000,16000000,7502000,2500000,5002000,2500000,0,0,0,2502000,1943628,1.9436
distribute_parallel_for_split_2000_2500_1000,2000,1000,0,2000,25006000,7503001,1000,60000000,16000000,7502000,2500000,5002000,2500000,0,0,0,2502000,1775979,1.7760
swap_distribute_parallel_for_2000_2500_1000,2000,1000,0,2000,25006000,7503001,1000,60000000,16000000,7502000,2500000,5002000,2500000,0,0,0,2502000,2564996,2.5650
swap_distribute_parallel_for_split_2000_2500_1000,2000,1000,0,2000,25006000,7503001,1000,60000000,16000000,7502000,2500000,5002000,2500000,0,0,0,2502000,1533791,1.5338
distribute_parallel_for_collapse_2000_2500_1000,2000,1000,0,2000,25006000,7503001,1000,60000000,16000000,7502000,2500000,5002000,2500000,0,0,0,2502000,1533814,1.5338
swap_distribute_parallel_for_collapse_2000_2500_1000,2000,1000,0,2000,25006000,7503001,1000,60000000,16000000,7502000,2500000,5002000,2500000,0,0,0,2502000,1489313,1.4893
distribute_parallel_for_2000_2500_1500,2000,1500,0,3000,37509000,11254501,1500,70000000,24000000,11253000,3750000,7503000,3750000,0,0,0,3753000,3088153,3.0882
distribute_parallel_for_split_2000_2500_1500,2000,1500,0,3000,37509000,11254501,1500,70000000,24000000,11253000,3750000,7503000,3750000,0,0,0,3753000,2425509,2.4255
swap_distribute_parallel_for_2000_2500_1500,2000,1500,0,3000,37509000,11254501,1500,70000000,24000000,11253000,3750000,7503000,3750000,0,0,0,3753000,2988916,2.9889
swap_distribute_parallel_for_split_2000_2500_1500,2000,1500,0,3000,37509000,11254501,1500,70000000,24000000,11253000,3750000,7503000,3750000,0,0,0,3753000,2184242,2.1842
distribute_parallel_for_collapse_2000_2500_1500,2000,1500,0,3000,37509000,11254501,1500,70000000,24000000,11253000,3750000,7503000,3750000,0,0,0,3753000,2228530,2.2285
swap_distribute_parallel_for_collapse_2000_2500_1500,2000,1500,0,3000,37509000,11254501,1500,70000000,24000000,11253000,3750000,7503000,3750000,0,0,0,3753000,2376383,2.3764
distribute_parallel_for_2000_2500_2000,2000,2000,0,4000,50012000,15006001,2000,80000000,32000000,15004000,5000000,10004000,5000000,0,0,0,5004000,4104046,4.1040
distribute_parallel_for_split_2000_2500_2000,2000,2000,0,4000,50012000,15006001,2000,80000000,32000000,15004000,5000000,10004000,5000000,0,0,0,5004000,3651541,3.6515
swap_distribute_parallel_for_2000_2500_2000,2000,2000,0,4000,50012000,15006001,2000,80000000,32000000,15004000,5000000,10004000,5000000,0,0,0,5004000,5430891,5.4309
swap_distribute_parallel_for_split_2000_2500_2000,2000,2000,0,4000,50012000,15006001,2000,80000000,32000000,15004000,5000000,10004000,5000000,0,0,0,5004000,2861183,2.8612
distribute_parallel_for_collapse_2000_2500_2000,2000,2000,0,4000,50012000,15006001,2000,80000000,32000000,15004000,5000000,10004000,5000000,0,0,0,5004000,3133384,3.1334
swap_distribute_parallel_for_collapse_2000_2500_2000,2000,2000,0,4000,50012000,15006001,2000,80000000,32000000,15004000,5000000,10004000,5000000,0,0,0,5004000,3228387,3.2284
distribute_parallel_for_2000_2500_2500,2000,2500,0,5000,62515000,18757501,2500,90000000,40000000,18755000,6250000,12505000,6250000,0,0,0,6255000,5007698,5.0077
distribute_parallel_for_split_2000_2500_2500,2000,2500,0,5000,62515000,18757501,2500,90000000,40000000,18755000,6250000,12505000,6250000,0,0,0,6255000,4116282,4.1163
swap_distribute_parallel_for_2000_2500_2500,2000,2500,0,5000,62515000,18757501,2500,90000000,40000000,18755000,6250000,12505000,6250000,0,0,0,6255000,6040220,6.0402
swap_distribute_parallel_for_split_2000_2500_2500,2000,2500,0,5000,62515000,18757501,2500,90000000,40000000,18755000,6250000,12505000,6250000,0,0,0,6255000,3510353,3.5104
distribute_parallel_for_collapse_2000_2500_2500,2000,2500,0,5000,62515000,18757501,2500,90000000,40000000,18755000,6250000,12505000,6250000,0,0,0,6255000,3911541,3.9115
swap_distribute_parallel_for_collapse_2000_2500_2500,2000,2500,0,5000,62515000,18757501,2500,90000000,40000000,18755000,6250000,12505000,6250000,0,0,0,6255000,4199049,4.1990
distribute_parallel_for_2000_2500_3000,2000,3000,0,6000,75018000,22509001,3000,100000000,48000000,22506000,7500000,15006000,7500000,0,0,0,7506000,6249582,6.2496
distribute_parallel_for_split_2000_2500_3000,2000,3000,0,6000,75018000,22509001,3000,100000000,48000000,22506000,7500000,15006000,7500000,0,0,0,7506000,5419252,5.4193
swap_distribute_parallel_for_2000_2500_3000,2000,3000,0,6000,75018000,22509001,3000,100000000,48000000,22506000,7500000,15006000,7500000,0,0,0,7506000,5936877,5.9369
swap_distribute_parallel_for_split_2000_2500_3000,2000,3000,0,6000,75018000,22509001,3000,100000000,48000000,22506000,7500000,15006000,7500000,0,0,0,7506000,4321544,4.3215
distribute_parallel_for_collapse_2000_2500_3000,2000,3000,0,6000,75018000,22509001,3000,100000000,48000000,22506000,7500000,15006000,7500000,0,0,0,7506000,4787290,4.7873
swap_distribute_parallel_for_collapse_2000_2500_3000,2000,3000,0,6000,75018000,22509001,3000,100000000,48000000,22506000,7500000,15006000,7500000,0,0,0,7506000,4941793,4.9418
distribute_parallel_for_2000_2500_3500,2000,3500,0,7000,87521000,26260501,3500,110000000,56000000,26257000,8750000,17507000,8750000,0,0,0,8757000,7140570,7.1406
distribute_parallel_for_split_2000_2500_3500,2000,3500,0,7000,87521000,26260501,3500,110000000,56000000,26257000,8750000,17507000,8750000,0,0,0,8757000,6155877,6.1559
swap_distribute_parallel_for_2000_2500_3500,2000,3500,0,7000,87521000,26260501,3500,110000000,56000000,26257000,8750000,17507000,8750000,0,0,0,8757000,5983291,5.9833
swap_distribute_parallel_for_split_2000_2500_3500,2000,3500,0,7000,87521000,26260501,3500,110000000,56000000,26257000,8750000,17507000,8750000,0,0,0,8757000,4764270,4.7643
distribute_parallel_for_collapse_2000_2500_3500,2000,3500,0,7000,87521000,26260501,3500,110000000,56000000,26257000,8750000,17507000,8750000,0,0,0,8757000,5487055,5.4871
swap_distribute_parallel_for_collapse_2000_2500_3500,2000,3500,0,7000,87521000,26260501,3500,110000000,56000000,26257000,8750000,17507000,8750000,0,0,0,8757000,5904427,5.9044
distribute_parallel_for_2000_2500_4000,2000,4000,0,8000,100024000,30012001,4000,120000000,64000000,30008000,10000000,20008000,10000000,0,0,0,10008000,8228201,8.2282
distribute_parallel_for_split_2000_2500_4000,2000,4000,0,8000,100024000,30012001,4000,120000000,64000000,30008000,10000000,20008000,10000000,0,0,0,10008000,7333953,7.3340
swap_distribute_parallel_for_2000_2500_4000,2000,4000,0,8000,100024000,30012001,4000,120000000,64000000,30008000,10000000,20008000,10000000,0,0,0,10008000,9191069,9.1911
swap_distribute_parallel_for_split_2000_2500_4000,2000,4000,0,8000,100024000,30012001,4000,120000000,64000000,30008000,10000000,20008000,10000000,0,0,0,10008000,5347577,5.3476
distribute_parallel_for_collapse_2000_2500_4000,2000,4000,0,8000,100024000,30012001,4000,120000000,64000000,30008000,10000000,20008000,10000000,0,0,0,10008000,6434402,6.4344
swap_distribute_parallel_for_collapse_2000_2500_4000,2000,4000,0,8000,100024000,30012001,4000,120000000,64000000,30008000,10000000,20008000,10000000,0,0,0,10008000,6787495,6.7875
distribute_parallel_for_2000_3000_1000,2000,1000,0,2000,30006000,9003001,1000,72000000,16000000,9002000,3000000,6002000,3000000,0,0,0,3002000,2377994,2.3780
distribute_parallel_for_split_2000_3000_1000,2000,1000,0,2000,30006000,9003001,1000,72000000,16000000,9002000,3000000,6002000,3000000,0,0,0,3002000,1997798,1.9978
swap_distribute_parallel_for_2000_3000_1000,2000,1000,0,2000,30006000,9003001,1000,72000000,16000000,9002000,3000000,6002000,3000000,0,0,0,3002000,3167867,3.1679
swap_distribute_parallel_for_split_2000_3000_1000,2000,1000,0,2000,30006000,9003001,1000,72000000,16000000,9002000,3000000,6002000,3000000,0,0,0,3002000,1817791,1.8178
distribute_parallel_for_collapse_2000_3000_1000,2000,1000,0,2000,30006000,9003001,1000,72000000,16000000,9002000,3000000,6002000,3000000,0,0,0,3002000,1814730,1.8147
swap_distribute_parallel_for_collapse_2000_3000_1000,2000,1000,0,2000,30006000,9003001,1000,72000000,16000000,9002000,3000000,6002000,3000000,0,0,0,3002000,1829951,1.8300
distribute_parallel_for_2000_3000_1500,2000,1500,0,3000,45009000,13504501,1500,84000000,24000000,13503000,4500000,9003000,4500000,0,0,0,4503000,3531086,3.5311
distribute_parallel_for_split_2000_3000_1500,2000,1500,0,3000,45009000,13504501,1500,84000000,24000000,13503000,4500000,9003000,4500000,0,0,0,4503000,3177089,3.1771
swap_distribute_parallel_for_2000_3000_1500,2000,1500,0,3000,45009000,13504501,1500,84000000,24000000,13503000,4500000,9003000,4500000,0,0,0,4503000,3615695,3.6157
swap_distribute_parallel_for_split_2000_3000_1500,2000,1500,0,3000,45009000,13504501,1500,84000000,24000000,13503000,4500000,9003000,4500000,0,0,0,4503000,2693317,2.6933
distribute_parallel_for_collapse_2000_3000_1500,2000,1500,0,3000,45009000,13504501,1500,84000000,24000000,13503000,4500000,9003000,4500000,0,0,0,4503000,2732539,2.7325
swap_distribute_parallel_for_collapse_2000_3000_1500,2000,1500,0,3000,45009000,13504501,1500,84000000,24000000,13503000,4500000,9003000,4500000,0,0,0,4503000,3109821,3.1098
distribute_parallel_for_2000_3000_2000,2000,2000,0,4000,60012000,18006001,2000,96000000,32000000,18004000,6000000,12004000,6000000,0,0,0,6004000,4776160,4.7762
distribute_parallel_for_split_2000_3000_2000,2000,2000,0,4000,60012000,18006001,2000,96000000,32000000,18004000,6000000,12004000,6000000,0,0,0,6004000,4333286,4.3333
swap_distribute_parallel_for_2000_3000_2000,2000,2000,0,4000,60012000,18006001,2000,96000000,32000000,18004000,6000000,12004000,6000000,0,0,0,6004000,6501073,6.5011
swap_distribute_parallel_for_split_2000_3000_2000,2000,2000,0,4000,60012000,18006001,2000,96000000,32000000,18004000,6000000,12004000,6000000,0,0,0,6004000,3426520,3.4265
distribute_parallel_for_collapse_2000_3000_2000,2000,2000,0,4000,60012000,18006001,2000,96000000,32000000,18004000,6000000,12004000,6000000,0,0,0,6004000,3814071,3.8141
swap_distribute_parallel_for_collapse_2000_3000_2000,2000,2000,0,4000,60012000,18006001,2000,96000000,32000000,18004000,6000000,12004000,6000000,0,0,0,6004000,3860841,3.8608
distribute_parallel_for_2000_3000_2500,2000,2500,0,5000,75015000,22507501,2500,108000000,40000000,22505000,7500000,15005000,7500000,0,0,0,7505000,5937038,5.9370
distribute_parallel_for_split_2000_3000_2500,2000,2500,0,5000,75015000,22507501,2500,108000000,40000000,22505000,7500000,15005000,7500000,0,0,0,7505000,5413456,5.4135
swap_distribute_parallel_for_2000_3000_2500,2000,2500,0,5000,75015000,22507501,2500,108000000,40000000,22505000,7500000,15005000,7500000,0,0,0,7505000,7116565,7.1166
swap_distribute_parallel_for_split_2000_3000_2500,2000,2500,0,5000,75015000,22507501,2500,108000000,40000000,22505000,7500000,15005000,7500000,0,0,0,7505000,4176772,4.1768
distribute_parallel_for_collapse_2000_3000_2500,2000,2500,0,5000,75015000,22507501,2500,108000000,40000000,22505000,7500000,15005000,7500000,0,0,0,7505000,4791225,4.7912
swap_distribute_parallel_for_collapse_2000_3000_2500,2000,2500,0,5000,75015000,22507501,2500,108000000,40000000,22505000,7500000,15005000,7500000,0,0,0,7505000,5110563,5.1106
distribute_parallel_for_2000_3000_3000,2000,3000,0,6000,90018000,27009001,3000,120000000,48000000,27006000,9000000,18006000,9000000,0,0,0,9006000,7693958,7.6940
distribute_parallel_for_split_2000_3000_3000,2000,3000,0,6000,90018000,27009001,3000,120000000,48000000,27006000,9000000,18006000,9000000,0,0,0,9006000,6738130,6.7381
swap_distribute_parallel_for_2000_3000_3000,2000,3000,0,6000,90018000,27009001,3000,120000000,48000000,27006000,9000000,18006000,9000000,0,0,0,9006000,7171833,7.1718
swap_distribute_parallel_for_split_2000_3000_3000,2000,3000,0,6000,90018000,27009001,3000,120000000,48000000,27006000,9000000,18006000,9000000,0,0,0,9006000,4899536,4.8995
distribute_parallel_for_collapse_2000_3000_3000,2000,3000,0,6000,90018000,27009001,3000,120000000,48000000,27006000,9000000,18006000,9000000,0,0,0,9006000,5560808,5.5608
swap_distribute_parallel_for_collapse_2000_3000_3000,2000,3000,0,6000,90018000,27009001,3000,120000000,48000000,27006000,9000000,18006000,9000000,0,0,0,9006000,5916945,5.9169
distribute_parallel_for_2000_3000_3500,2000,3500,0,7000,105021000,31510501,3500,132000000,56000000,31507000,10500000,21007000,10500000,0,0,0,10507000,8400075,8.4001
distribute_parallel_for_split_2000_3000_3500,2000,3500,0,7000,105021000,31510501,3500,132000000,56000000,31507000,10500000,21007000,10500000,0,0,0,10507000,7365789,7.3658
swap_distribute_parallel_for_2000_3000_3500,2000,3500,0,7000,105021000,31510501,3500,132000000,56000000,31507000,10500000,21007000,10500000,0,0,0,10507000,7230451,7.2305
swap_distribute_parallel_for_split_2000_3000_3500,2000,3500,0,7000,105021000,31510501,3500,132000000,56000000,31507000,10500000,21007000,10500000,0,0,0,10507000,5737645,5.7376
distribute_parallel_for_collapse_2000_3000_3500,2000,3500,0,7000,105021000,31510501,3500,132000000,56000000,31507000,10500000,21007000,10500000,0,0,0,10507000,6716727,6.7167
swap_distribute_parallel_for_collapse_2000_3000_3500,2000,3500,0,7000,105021000,31510501,3500,132000000,56000000,31507000,10500000,21007000,10500000,0,0,0,10507000,6960569,6.9606
distribute_parallel_for_2000_3000_4000,2000,4000,0,8000,120024000,36012001,4000,144000000,64000000,36008000,12000000,24008000,12000000,0,0,0,12008000,10015152,10.0152
distribute_parallel_for_split_2000_3000_4000,2000,4000,0,8000,120024000,36012001,4000,144000000,64000000,36008000,12000000,24008000,12000000,0,0,0,12008000,8971481,8.9715
swap_distribute_parallel_for_2000_3000_4000,2000,4000,0,8000,120024000,36012001,4000,144000000,64000000,36008000,12000000,24008000,12000000,0,0,0,12008000,11053734,11.0537
swap_distribute_parallel_for_split_2000_3000_4000,2000,4000,0,8000,120024000,36012001,4000,144000000,64000000,36008000,12000000,24008000,12000000,0,0,0,12008000,6435343,6.4353
distribute_parallel_for_collapse_2000_3000_4000,2000,4000,0,8000,120024000,36012001,4000,144000000,64000000,36008000,12000000,24008000,12000000,0,0,0,12008000,7662339,7.6623
swap_distribute_parallel_for_collapse_2000_3000_4000,2000,4000,0,8000,120024000,36012001,4000,144000000,64000000,36008000,12000000,24008000,12000000,0,0,0,12008000,8005513,8.0055
distribute_parallel_for_2000_3500_1000,2000,1000,0,2000,35006000,10503001,1000,84000000,16000000,10502000,3500000,7002000,3500000,0,0,0,3502000,2990285,2.9903
distribute_parallel_for_split_2000_3500_1000,2000,1000,0,2000,35006000,10503001,1000,84000000,16000000,10502000,3500000,7002000,3500000,0,0,0,3502000,2435617,2.4356
swap_distribute_parallel_for_2000_3500_1000,2000,1000,0,2000,35006000,10503001,1000,84000000,16000000,10502000,3500000,7002000,3500000,0,0,0,3502000,3715680,3.7157
swap_distribute_parallel_for_split_2000_3500_1000,2000,1000,0,2000,35006000,10503001,1000,84000000,16000000,10502000,3500000,7002000,3500000,0,0,0,3502000,2157765,2.1578
distribute_parallel_for_collapse_2000_3500_1000,2000,1000,0,2000,35006000,10503001,1000,84000000,16000000,10502000,3500000,7002000,3500000,0,0,0,3502000,2208317,2.2083
swap_distribute_parallel_for_collapse_2000_3500_1000,2000,1000,0,2000,35006000,10503001,1000,84000000,16000000,10502000,3500000,7002000,3500000,0,0,0,3502000,2242151,2.2422
distribute_parallel_for_2000_3500_1500,2000,1500,0,3000,52509000,15754501,1500,98000000,24000000,15753000,5250000,10503000,5250000,0,0,0,5253000,4138447,4.1384
distribute_parallel_for_split_2000_3500_1500,2000,1500,0,3000,52509000,15754501,1500,98000000,24000000,15753000,5250000,10503000,5250000,0,0,0,5253000,3697232,3.6972
swap_distribute_parallel_for_2000_3500_1500,2000,1500,0,3000,52509000,15754501,1500,98000000,24000000,15753000,5250000,10503000,5250000,0,0,0,5253000,4186529,4.1865
swap_distribute_parallel_for_split_2000_3500_1500,2000,1500,0,3000,52509000,15754501,1500,98000000,24000000,15753000,5250000,10503000,5250000,0,0,0,5253000,3178161,3.1782
distribute_parallel_for_collapse_2000_3500_1500,2000,1500,0,3000,52509000,15754501,1500,98000000,24000000,15753000,5250000,10503000,5250000,0,0,0,5253000,3280205,3.2802
swap_distribute_parallel_for_collapse_2000_3500_1500,2000,1500,0,3000,52509000,15754501,1500,98000000,24000000,15753000,5250000,10503000,5250000,0,0,0,5253000,3464153,3.4642
distribute_parallel_for_2000_3500_2000,2000,2000,0,4000,70012000,21006001,2000,112000000,32000000,21004000,7000000,14004000,7000000,0,0,0,7004000,5947596,5.9476
distribute_parallel_for_split_2000_3500_2000,2000,2000,0,4000,70012000,21006001,2000,112000000,32000000,21004000,7000000,14004000,7000000,0,0,0,7004000,5165361,5.1654
swap_distribute_parallel_for_2000_3500_2000,2000,2000,0,4000,70012000,21006001,2000,112000000,32000000,21004000,7000000,14004000,7000000,0,0,0,7004000,7582028,7.5820
swap_distribute_parallel_for_split_2000_3500_2000,2000,2000,0,4000,70012000,21006001,2000,112000000,32000000,21004000,7000000,14004000,7000000,0,0,0,7004000,4094413,4.0944
distribute_parallel_for_collapse_2000_3500_2000,2000,2000,0,4000,70012000,21006001,2000,112000000,32000000,21004000,7000000,14004000,7000000,0,0,0,7004000,4454097,4.4541
swap_distribute_parallel_for_collapse_2000_3500_2000,2000,2000,0,4000,70012000,21006001,2000,112000000,32000000,21004000,7000000,14004000,7000000,0,0,0,7004000,4572083,4.5721
distribute_parallel_for_2000_3500_2500,2000,2500,0,5000,87515000,26257501,2500,126000000,40000000,26255000,8750000,17505000,8750000,0,0,0,8755000,6882513,6.8825
distribute_parallel_for_split_2000_3500_2500,2000,2500,0,5000,87515000,26257501,2500,126000000,40000000,26255000,8750000,17505000,8750000,0,0,0,8755000,6052162,6.0522
swap_distribute_parallel_for_2000_3500_2500,2000,2500,0,5000,87515000,26257501,2500,126000000,40000000,26255000,8750000,17505000,8750000,0,0,0,8755000,8396794,8.3968
swap_distribute_parallel_for_split_2000_3500_2500,2000,2500,0,5000,87515000,26257501,2500,126000000,40000000,26255000,8750000,17505000,8750000,0,0,0,8755000,4903749,4.9037
distribute_parallel_for_collapse_2000_3500_2500,2000,2500,0,5000,87515000,26257501,2500,126000000,40000000,26255000,8750000,17505000,8750000,0,0,0,8755000,5549559,5.5496
swap_distribute_parallel_for_collapse_2000_3500_2500,2000,2500,0,5000,87515000,26257501,2500,126000000,40000000,26255000,8750000,17505000,8750000,0,0,0,8755000,5996476,5.9965
distribute_parallel_for_2000_3500_3000,2000,3000,0,6000,105018000,31509001,3000,140000000,48000000,31506000,10500000,21006000,10500000,0,0,0,10506000,9191450,9.1914
distribute_parallel_for_split_2000_3500_3000,2000,3000,0,6000,105018000,31509001,3000,140000000,48000000,31506000,10500000,21006000,10500000,0,0,0,10506000,7463337,7.4633
swap_distribute_parallel_for_2000_3500_3000,2000,3000,0,6000,105018000,31509001,3000,140000000,48000000,31506000,10500000,21006000,10500000,0,0,0,10506000,8328335,8.3283
swap_distribute_parallel_for_split_2000_3500_3000,2000,3000,0,6000,105018000,31509001,3000,140000000,48000000,31506000,10500000,21006000,10500000,0,0,0,10506000,5751482,5.7515
distribute_parallel_for_collapse_2000_3500_3000,2000,3000,0,6000,105018000,31509001,3000,140000000,48000000,31506000,10500000,21006000,10500000,0,0,0,10506000,6575976,6.5760
swap_distribute_parallel_for_collapse_2000_3500_3000,2000,3000,0,6000,105018000,31509001,3000,140000000,48000000,31506000,10500000,21006000,10500000,0,0,0,10506000,7011288,7.0113
distribute_parallel_for_2000_3500_3500,2000,3500,0,7000,122521000,36760501,3500,154000000,56000000,36757000,12250000,24507000,12250000,0,0,0,12257000,10147496,10.1475
distribute_parallel_for_split_2000_3500_3500,2000,3500,0,7000,122521000,36760501,3500,154000000,56000000,36757000,12250000,24507000,12250000,0,0,0,12257000,8501998,8.5020
swap_distribute_parallel_for_2000_3500_3500,2000,3500,0,7000,122521000,36760501,3500,154000000,56000000,36757000,12250000,24507000,12250000,0,0,0,12257000,8490585,8.4906
swap_distribute_parallel_for_split_2000_3500_3500,2000,3500,0,7000,122521000,36760501,3500,154000000,56000000,36757000,12250000,24507000,12250000,0,0,0,12257000,6690963,6.6910
distribute_parallel_for_collapse_2000_3500_3500,2000,3500,0,7000,122521000,36760501,3500,154000000,56000000,36757000,12250000,24507000,12250000,0,0,0,12257000,8007049,8.0070
swap_distribute_parallel_for_collapse_2000_3500_3500,2000,3500,0,7000,122521000,36760501,3500,154000000,56000000,36757000,12250000,24507000,12250000,0,0,0,12257000,8119468,8.1195
distribute_parallel_for_2000_3500_4000,2000,4000,0,8000,140024000,42012001,4000,168000000,64000000,42008000,14000000,28008000,14000000,0,0,0,14008000,11713906,11.7139
distribute_parallel_for_split_2000_3500_4000,2000,4000,0,8000,140024000,42012001,4000,168000000,64000000,42008000,14000000,28008000,14000000,0,0,0,14008000,10047045,10.0470
swap_distribute_parallel_for_2000_3500_4000,2000,4000,0,8000,140024000,42012001,4000,168000000,64000000,42008000,14000000,28008000,14000000,0,0,0,14008000,12995789,12.9958
swap_distribute_parallel_for_split_2000_3500_4000,2000,4000,0,8000,140024000,42012001,4000,168000000,64000000,42008000,14000000,28008000,14000000,0,0,0,14008000,7448883,7.4489
distribute_parallel_for_collapse_2000_3500_4000,2000,4000,0,8000,140024000,42012001,4000,168000000,64000000,42008000,14000000,28008000,14000000,0,0,0,14008000,9038865,9.0389
swap_distribute_parallel_for_collapse_2000_3500_4000,2000,4000,0,8000,140024000,42012001,4000,168000000,64000000,42008000,14000000,28008000,14000000,0,0,0,14008000,9576560,9.5766
distribute_parallel_for_2000_4000_1000,2000,1000,0,2000,40006000,12003001,1000,96000000,16000000,12002000,4000000,8002000,4000000,0,0,0,4002000,3138112,3.1381
distribute_parallel_for_split_2000_4000_1000,2000,1000,0,2000,40006000,12003001,1000,96000000,16000000,12002000,4000000,8002000,4000000,0,0,0,4002000,2842482,2.8425
swap_distribute_parallel_for_2000_4000_1000,2000,1000,0,2000,40006000,12003001,1000,96000000,16000000,12002000,4000000,8002000,4000000,0,0,0,4002000,4307802,4.3078
swap_distribute_parallel_for_split_2000_4000_1000,2000,1000,0,2000,40006000,12003001,1000,96000000,16000000,12002000,4000000,8002000,4000000,0,0,0,4002000,2441630,2.4416
distribute_parallel_for_collapse_2000_4000_1000,2000,1000,0,2000,40006000,12003001,1000,96000000,16000000,12002000,4000000,8002000,4000000,0,0,0,4002000,2550485,2.5505
swap_distribute_parallel_for_collapse_2000_4000_1000,2000,1000,0,2000,40006000,12003001,1000,96000000,16000000,12002000,4000000,8002000,4000000,0,0,0,4002000,2431177,2.4312
distribute_parallel_for_2000_4000_1500,2000,1500,0,3000,60009000,18004501,1500,112000000,24000000,18003000,6000000,12003000,6000000,0,0,0,6003000,4838707,4.8387
distribute_parallel_for_split_2000_4000_1500,2000,1500,0,3000,60009000,18004501,1500,112000000,24000000,18003000,6000000,12003000,6000000,0,0,0,6003000,4232109,4.2321
swap_distribute_parallel_for_2000_4000_1500,2000,1500,0,3000,60009000,18004501,1500,112000000,24000000,18003000,6000000,12003000,6000000,0,0,0,6003000,4782403,4.7824
swap_distribute_parallel_for_split_2000_4000_1500,2000,1500,0,3000,60009000,18004501,1500,112000000,24000000,18003000,6000000,12003000,6000000,0,0,0,6003000,3510284,3.5103
distribute_parallel_for_collapse_2000_4000_1500,2000,1500,0,3000,60009000,18004501,1500,112000000,24000000,18003000,6000000,12003000,6000000,0,0,0,6003000,3556283,3.5563
swap_distribute_parallel_for_collapse_2000_4000_1500,2000,1500,0,3000,60009000,18004501,1500,112000000,24000000,18003000,6000000,12003000,6000000,0,0,0,6003000,3873576,3.8736
distribute_parallel_for_2000_4000_2000,2000,2000,0,4000,80012000,24006001,2000,128000000,32000000,24004000,8000000,16004000,8000000,0,0,0,8004000,6395150,6.3952
distribute_parallel_for_split_2000_4000_2000,2000,2000,0,4000,80012000,24006001,2000,128000000,32000000,24004000,8000000,16004000,8000000,0,0,0,8004000,5670097,5.6701
swap_distribute_parallel_for_2000_4000_2000,2000,2000,0,4000,80012000,24006001,2000,128000000,32000000,24004000,8000000,16004000,8000000,0,0,0,8004000,8776814,8.7768
swap_distribute_parallel_for_split_2000_4000_2000,2000,2000,0,4000,80012000,24006001,2000,128000000,32000000,24004000,8000000,16004000,8000000,0,0,0,8004000,4576853,4.5769
distribute_parallel_for_collapse_2000_4000_2000,2000,2000,0,4000,80012000,24006001,2000,128000000,32000000,24004000,8000000,16004000,8000000,0,0,0,8004000,5133728,5.1337
swap_distribute_parallel_for_collapse_2000_4000_2000,2000,2000,0,4000,80012000,24006001,2000,128000000,32000000,24004000,8000000,16004000,8000000,0,0,0,8004000,5525227,5.5252
distribute_parallel_for_2000_4000_2500,2000,2500,0,5000,100015000,30007501,2500,144000000,40000000,30005000,10000000,20005000,10000000,0,0,0,10005000,8048921,8.0489
distribute_parallel_for_split_2000_4000_2500,2000,2500,0,5000,100015000,30007501,2500,144000000,40000000,30005000,10000000,20005000,10000000,0,0,0,10005000,7254622,7.2546
swap_distribute_parallel_for_2000_4000_2500,2000,2500,0,5000,100015000,30007501,2500,144000000,40000000,30005000,10000000,20005000,10000000,0,0,0,10005000,9515880,9.5159
swap_distribute_parallel_for_split_2000_4000_2500,2000,2500,0,5000,100015000,30007501,2500,144000000,40000000,30005000,10000000,20005000,10000000,0,0,0,10005000,5557684,5.5577
distribute_parallel_for_collapse_2000_4000_2500,2000,2500,0,5000,100015000,30007501,2500,144000000,40000000,30005000,10000000,20005000,10000000,0,0,0,10005000,6295891,6.2959
swap_distribute_parallel_for_collapse_2000_4000_2500,2000,2500,0,5000,100015000,30007501,2500,144000000,40000000,30005000,10000000,20005000,10000000,0,0,0,10005000,6707956,6.7080
distribute_parallel_for_2000_4000_3000,2000,3000,0,6000,120018000,36009001,3000,160000000,48000000,36006000,12000000,24006000,12000000,0,0,0,12006000,9915194,9.9152
distribute_parallel_for_split_2000_4000_3000,2000,3000,0,6000,120018000,36009001,3000,160000000,48000000,36006000,12000000,24006000,12000000,0,0,0,12006000,8801440,8.8014
swap_distribute_parallel_for_2000_4000_3000,2000,3000,0,6000,120018000,36009001,3000,160000000,48000000,36006000,12000000,24006000,12000000,0,0,0,12006000,9567170,9.5672
swap_distribute_parallel_for_split_2000_4000_3000,2000,3000,0,6000,120018000,36009001,3000,160000000,48000000,36006000,12000000,24006000,12000000,0,0,0,12006000,6622477,6.6225
distribute_parallel_for_collapse_2000_4000_3000,2000,3000,0,6000,120018000,36009001,3000,160000000,48000000,36006000,12000000,24006000,12000000,0,0,0,12006000,7473866,7.4739
swap_distribute_parallel_for_collapse_2000_4000_3000,2000,3000,0,6000,120018000,36009001,3000,160000000,48000000,36006000,12000000,24006000,12000000,0,0,0,12006000,7954557,7.9546
distribute_parallel_for_2000_4000_3500,2000,3500,0,7000,140021000,42010501,3500,176000000,56000000,42007000,14000000,28007000,14000000,0,0,0,14007000,11810353,11.8104
distribute_parallel_for_split_2000_4000_3500,2000,3500,0,7000,140021000,42010501,3500,176000000,56000000,42007000,14000000,28007000,14000000,0,0,0,14007000,9839872,9.8399
swap_distribute_parallel_for_2000_4000_3500,2000,3500,0,7000,140021000,42010501,3500,176000000,56000000,42007000,14000000,28007000,14000000,0,0,0,14007000,9669610,9.6696
swap_distribute_parallel_for_split_2000_4000_3500,2000,3500,0,7000,140021000,42010501,3500,176000000,56000000,42007000,14000000,28007000,14000000,0,0,0,14007000,7838240,7.8382
distribute_parallel_for_collapse_2000_4000_3500,2000,3500,0,7000,140021000,42010501,3500,176000000,56000000,42007000,14000000,28007000,14000000,0,0,0,14007000,8887281,8.8873
swap_distribute_parallel_for_collapse_2000_4000_3500,2000,3500,0,7000,140021000,42010501,3500,176000000,56000000,42007000,14000000,28007000,14000000,0,0,0,14007000,9348789,9.3488
distribute_parallel_for_2000_4000_4000,2000,4000,0,8000,160024000,48012001,4000,192000000,64000000,48008000,16000000,32008000,16000000,0,0,0,16008000,13638344,13.6383
distribute_parallel_for_split_2000_4000_4000,2000,4000,0,8000,160024000,48012001,4000,192000000,64000000,48008000,16000000,32008000,16000000,0,0,0,16008000,11297325,11.2973
swap_distribute_parallel_for_2000_4000_4000,2000,4000,0,8000,160024000,48012001,4000,192000000,64000000,48008000,16000000,32008000,16000000,0,0,0,16008000,15074710,15.0747
swap_distribute_parallel_for_split_2000_4000_4000,2000,4000,0,8000,160024000,48012001,4000,192000000,64000000,48008000,16000000,32008000,16000000,0,0,0,16008000,8767496,8.7675
distribute_parallel_for_collapse_2000_4000_4000,2000,4000,0,8000,160024000,48012001,4000,192000000,64000000,48008000,16000000,32008000,16000000,0,0,0,16008000,10290731,10.2907
swap_distribute_parallel_for_collapse_2000_4000_4000,2000,4000,0,8000,160024000,48012001,4000,192000000,64000000,48008000,16000000,32008000,16000000,0,0,0,16008000,10870219,10.8702
distribute_parallel_for_200_100_100,200,100,0,200,100600,30301,100,240000,160000,30200,10000,20200,10000,0,0,0,10200,10612,0.0106
distribute_parallel_for_split_200_100_100,200,100,0,200,100600,30301,100,240000,160000,30200,10000,20200,10000,0,0,0,10200,3044,0.0030
swap_distribute_parallel_for_200_100_100,200,100,0,200,100600,30301,100,240000,160000,30200,10000,20200,10000,0,0,0,10200,26566,0.0266
swap_distribute_parallel_for_split_200_100_100,200,100,0,200,100600,30301,100,240000,160000,30200,10000,20200,10000,0,0,0,10200,2857,0.0029
distribute_parallel_for_collapse_200_100_100,200,100,0,200,100600,30301,100,240000,160000,30200,10000,20200,10000,0,0,0,10200,3019,0.0030
swap_distribute_parallel_for_collapse_200_100_100,200,100,0,200,100600,30301,100,240000,160000,30200,10000,20200,10000,0,0,0,10200,3043,0.0030
distribute_parallel_for_200_100_200,200,200,0,400,201200,60601,200,320000,320000,60400,20000,40400,20000,0,0,0,20400,14490,0.0145
distribute_parallel_for_split_200_100_200,200,200,0,400,201200,60601,200,320000,320000,60400,20000,40400,20000,0,0,0,20400,3681,0.0037
swap_distribute_parallel_for_200_100_200,200,200,0,400,201200,60601,200,320000,320000,60400,20000,40400,20000,0,0,0,20400,7933,0.0079
swap_distribute_parallel_for_split_200_100_200,200,200,0,400,201200,60601,200,320000,320000,60400,20000,40400,20000,0,0,0,20400,3577,0.0036
distribute_parallel_for_collapse_200_100_200,200,200,0,400,201200,60601,200,320000,320000,60400,20000,40400,20000,0,0,0,20400,3668,0.0037
swap_distribute_parallel_for_collapse_200_100_200,200,200,0,400,201200,60601,200,320000,320000,60400,20000,40400,20000,0,0,0,20400,3649,0.0036
distribute_parallel_for_200_100_300,200,300,0,600,301800,90901,300,400000,480000,90600,30000,60600,30000,0,0,0,30600,16715,0.0167
distribute_parallel_for_split_200_100_300,200,300,0,600,301800,90901,300,400000,480000,90600,30000,60600,30000,0,0,0,30600,3860,0.0039
swap_distribute_parallel_for_200_100_300,200,300,0,600,301800,90901,300,400000,480000,90600,30000,60600,30000,0,0,0,30600,7757,0.0078
swap_distribute_parallel_for_split_200_100_300,200,300,0,600,301800,90901,300,400000,480000,90600,30000,60600,30000,0,0,0,30600,3996,0.0040
distribute_parallel_for_collapse_200_100_300,200,300,0,600,301800,90901,300,400000,480000,90600,30000,60600,30000,0,0,0,30600,3699,0.0037
swap_distribute_parallel_for_collapse_200_100_300,200,300,0,600,301800,90901,300,400000,480000,90600,30000,60600,30000,0,0,0,30600,3725,0.0037
distribute_parallel_for_200_100_400,200,400,0,800,402400,121201,400,480000,640000,120800,40000,80800,40000,0,0,0,40800,68235,0.0682
distribute_parallel_for_split_200_100_400,200,400,0,800,402400,121201,400,480000,640000,120800,40000,80800,40000,0,0,0,40800,5978,0.0060
swap_distribute_parallel_for_200_100_400,200,400,0,800,402400,121201,400,480000,640000,120800,40000,80800,40000,0,0,0,40800,20547,0.0205
swap_distribute_parallel_for_split_200_100_400,200,400,0,800,402400,121201,400,480000,640000,120800,40000,80800,40000,0,0,0,40800,5944,0.0059
distribute_parallel_for_collapse_200_100_400,200,400,0,800,402400,121201,400,480000,640000,120800,40000,80800,40000,0,0,0,40800,5793,0.0058
swap_distribute_parallel_for_collapse_200_100_400,200,400,0,800,402400,121201,400,480000,640000,120800,40000,80800,40000,0,0,0,40800,21529,0.0215
distribute_parallel_for_200_100_500,200,500,0,1000,503000,151501,500,560000,800000,151000,50000,101000,50000,0,0,0,51000,40462,0.0405
distribute_parallel_for_split_200_100_500,200,500,0,1000,503000,151501,500,560000,800000,151000,50000,101000,50000,0,0,0,51000,4919,0.0049
swap_distribute_parallel_for_200_100_500,200,500,0,1000,503000,151501,500,560000,800000,151000,50000,101000,50000,0,0,0,51000,7888,0.0079
swap_distribute_parallel_for_split_200_100_500,200,500,0,1000,503000,151501,500,560000,800000,151000,50000,101000,50000,0,0,0,51000,5927,0.0059
distribute_parallel_for_collapse_200_100_500,200,500,0,1000,503000,151501,500,560000,800000,151000,50000,101000,50000,0,0,0,51000,24861,0.0249
swap_distribute_parallel_for_collapse_200_100_500,200,500,0,1000,503000,151501,500,560000,800000,151000,50000,101000,50000,0,0,0,51000,4821,0.0048
distribute_parallel_for_200_100_600,200,600,0,1200,603600,181801,600,640000,960000,181200,60000,121200,60000,0,0,0,61200,36293,0.0363
distribute_parallel_for_split_200_100_600,200,600,0,1200,603600,181801,600,640000,960000,181200,60000,121200,60000,0,0,0,61200,24378,0.0244
swap_distribute_parallel_for_200_100_600,200,600,0,1200,603600,181801,600,640000,960000,181200,60000,121200,60000,0,0,0,61200,20746,0.0207
swap_distribute_parallel_for_split_200_100_600,200,600,0,1200,603600,181801,600,640000,960000,181200,60000,121200,60000,0,0,0,61200,9674,0.0097
distribute_parallel_for_collapse_200_100_600,200,600,0,1200,603600,181801,600,640000,960000,181200,60000,121200,60000,0,0,0,61200,16154,0.0162
swap_distribute_parallel_for_collapse_200_100_600,200,600,0,1200,603600,181801,600,640000,960000,181200,60000,121200,60000,0,0,0,61200,8116,0.0081
distribute_parallel_for_200_100_700,200,700,0,1400,704200,212101,700,720000,1120000,211400,70000,141400,70000,0,0,0,71400,30883,0.0309
distribute_parallel_for_split_200_100_700,200,700,0,1400,704200,212101,700,720000,1120000,211400,70000,141400,70000,0,0,0,71400,5843,0.0058
swap_distribute_parallel_for_200_100_700,200,700,0,1400,704200,212101,700,720000,1120000,211400,70000,141400,70000,0,0,0,71400,8116,0.0081
swap_distribute_parallel_for_split_200_100_700,200,700,0,1400,704200,212101,700,720000,1120000,211400,70000,141400,70000,0,0,0,71400,6733,0.0067
distribute_parallel_for_collapse_200_100_700,200,700,0,1400,704200,212101,700,720000,1120000,211400,70000,141400,70000,0,0,0,71400,5630,0.0056
swap_distribute_parallel_for_collapse_200_100_700,200,700,0,1400,704200,212101,700,720000,1120000,211400,70000,141400,70000,0,0,0,71400,5553,0.0056
distribute_parallel_for_200_100_800,200,800,0,1600,804800,242401,800,800000,1280000,241600,80000,161600,80000,0,0,0,81600,43723,0.0437
distribute_parallel_for_split_200_100_800,200,800,0,1600,804800,242401,800,800000,1280000,241600,80000,161600,80000,0,0,0,81600,6471,0.0065
swap_distribute_parallel_for_200_100_800,200,800,0,1600,804800,242401,800,800000,1280000,241600,80000,161600,80000,0,0,0,81600,8619,0.0086
swap_distribute_parallel_for_split_200_100_800,200,800,0,1600,804800,242401,800,800000,1280000,241600,80000,161600,80000,0,0,0,81600,33993,0.0340
distribute_parallel_for_collapse_200_100_800,200,800,0,1600,804800,242401,800,800000,1280000,241600,80000,161600,80000,0,0,0,81600,6191,0.0062
swap_distribute_parallel_for_collapse_200_100_800,200,800,0,1600,804800,242401,800,800000,1280000,241600,80000,161600,80000,0,0,0,81600,5866,0.0059
distribute_parallel_for_200_100_900,200,900,0,1800,905400,272701,900,880000,1440000,271800,90000,181800,90000,0,0,0,91800,36365,0.0364
distribute_parallel_for_split_200_100_900,200,900,0,1800,905400,272701,900,880000,1440000,271800,90000,181800,90000,0,0,0,91800,6582,0.0066
swap_distribute_parallel_for_200_100_900,200,900,0,1800,905400,272701,900,880000,1440000,271800,90000,181800,90000,0,0,0,91800,27062,0.0271
swap_distribute_parallel_for_split_200_100_900,200,900,0,1800,905400,272701,900,880000,1440000,271800,90000,181800,90000,0,0,0,91800,7959,0.0080
distribute_parallel_for_collapse_200_100_900,200,900,0,1800,905400,272701,900,880000,1440000,271800,90000,181800,90000,0,0,0,91800,6591,0.0066
swap_distribute_parallel_for_collapse_200_100_900,200,900,0,1800,905400,272701,900,880000,1440000,271800,90000,181800,90000,0,0,0,91800,25395,0.0254
distribute_parallel_for_200_200_100,200,100,0,200,200600,60301,100,480000,160000,60200,20000,40200,20000,0,0,0,20200,14444,0.0144
distribute_parallel_for_split_200_200_100,200,100,0,200,200600,60301,100,480000,160000,60200,20000,40200,20000,0,0,0,20200,3770,0.0038
swap_distribute_parallel_for_200_200_100,200,100,0,200,200600,60301,100,480000,160000,60200,20000,40200,20000,0,0,0,20200,13764,0.0138
swap_distribute_parallel_for_split_200_200_100,200,100,0,200,200600,60301,100,480000,160000,60200,20000,40200,20000,0,0,0,20200,3648,0.0036
distribute_parallel_for_collapse_200_200_100,200,100,0,200,200600,60301,100,480000,160000,60200,20000,40200,20000,0,0,0,20200,3614,0.0036
swap_distribute_parallel_for_collapse_200_200_100,200,100,0,200,200600,60301,100,480000,160000,60200,20000,40200,20000,0,0,0,20200,3591,0.0036
distribute_parallel_for_200_200_200,200,200,0,400,401200,120601,200,640000,320000,120400,40000,80400,40000,0,0,0,40400,20242,0.0202
distribute_parallel_for_split_200_200_200,200,200,0,400,401200,120601,200,640000,320000,120400,40000,80400,40000,0,0,0,40400,4754,0.0048
swap_distribute_parallel_for_200_200_200,200,200,0,400,401200,120601,200,640000,320000,120400,40000,80400,40000,0,0,0,40400,14881,0.0149
swap_distribute_parallel_for_split_200_200_200,200,200,0,400,401200,120601,200,640000,320000,120400,40000,80400,40000,0,0,0,40400,4228,0.0042
distribute_parallel_for_collapse_200_200_200,200,200,0,400,401200,120601,200,640000,320000,120400,40000,80400,40000,0,0,0,40400,4404,0.0044
swap_distribute_parallel_for_collapse_200_200_200,200,200,0,400,401200,120601,200,640000,320000,120400,40000,80400,40000,0,0,0,40400,4355,0.0044
distribute_parallel_for_200_200_300,200,300,0,600,601800,180901,300,800000,480000,180600,60000,120600,60000,0,0,0,60600,42819,0.0428
distribute_parallel_for_split_200_200_300,200,300,0,600,601800,180901,300,800000,480000,180600,60000,120600,60000,0,0,0,60600,6749,0.0067
swap_distribute_parallel_for_200_200_300,200,300,0,600,601800,180901,300,800000,480000,180600,60000,120600,60000,0,0,0,60600,31979,0.0320
swap_distribute_parallel_for_split_200_200_300,200,300,0,600,601800,180901,300,800000,480000,180600,60000,120600,60000,0,0,0,60600,6723,0.0067
distribute_parallel_for_collapse_200_200_300,200,300,0,600,601800,180901,300,800000,480000,180600,60000,120600,60000,0,0,0,60600,5366,0.0054
swap_distribute_parallel_for_collapse_200_200_300,200,300,0,600,601800,180901,300,800000,480000,180600,60000,120600,60000,0,0,0,60600,5316,0.0053
distribute_parallel_for_200_200_400,200,400,0,800,802400,241201,400,960000,640000,240800,80000,160800,80000,0,0,0,80800,37429,0.0374
distribute_parallel_for_split_200_200_400,200,400,0,800,802400,241201,400,960000,640000,240800,80000,160800,80000,0,0,0,80800,7791,0.0078
swap_distribute_parallel_for_200_200_400,200,400,0,800,802400,241201,400,960000,640000,240800,80000,160800,80000,0,0,0,80800,37676,0.0377
swap_distribute_parallel_for_split_200_200_400,200,400,0,800,802400,241201,400,960000,640000,240800,80000,160800,80000,0,0,0,80800,24190,0.0242
distribute_parallel_for_collapse_200_200_400,200,400,0,800,802400,241201,400,960000,640000,240800,80000,160800,80000,0,0,0,80800,6741,0.0067
swap_distribute_parallel_for_collapse_200_200_400,200,400,0,800,802400,241201,400,960000,640000,240800,80000,160800,80000,0,0,0,80800,6448,0.0064
distribute_parallel_for_200_200_500,200,500,0,1000,1003000,301501,500,1120000,800000,301000,100000,201000,100000,0,0,0,101000,41142,0.0411
distribute_parallel_for_split_200_200_500,200,500,0,1000,1003000,301501,500,1120000,800000,301000,100000,201000,100000,0,0,0,101000,29040,0.0290
swap_distribute_parallel_for_200_200_500,200,500,0,1000,1003000,301501,500,1120000,800000,301000,100000,201000,100000,0,0,0,101000,32449,0.0324
swap_distribute_parallel_for_split_200_200_500,200,500,0,1000,1003000,301501,500,1120000,800000,301000,100000,201000,100000,0,0,0,101000,18191,0.0182
distribute_parallel_for_collapse_200_200_500,200,500,0,1000,1003000,301501,500,1120000,800000,301000,100000,201000,100000,0,0,0,101000,7667,0.0077
swap_distribute_parallel_for_collapse_200_200_500,200,500,0,1000,1003000,301501,500,1120000,800000,301000,100000,201000,100000,0,0,0,101000,7252,0.0073
distribute_parallel_for_200_200_600,200,600,0,1200,1203600,361801,600,1280000,960000,361200,120000,241200,120000,0,0,0,121200,63879,0.0639
distribute_parallel_for_split_200_200_600,200,600,0,1200,1203600,361801,600,1280000,960000,361200,120000,241200,120000,0,0,0,121200,12312,0.0123
swap_distribute_parallel_for_200_200_600,200,600,0,1200,1203600,361801,600,1280000,960000,361200,120000,241200,120000,0,0,0,121200,38519,0.0385
swap_distribute_parallel_for_split_200_200_600,200,600,0,1200,1203600,361801,600,1280000,960000,361200,120000,241200,120000,0,0,0,121200,10495,0.0105
distribute_parallel_for_collapse_200_200_600,200,600,0,1200,1203600,361801,600,1280000,960000,361200,120000,241200,120000,0,0,0,121200,39853,0.0399
swap_distribute_parallel_for_collapse_200_200_600,200,600,0,1200,1203600,361801,600,1280000,960000,361200,120000,241200,120000,0,0,0,121200,22569,0.0226
distribute_parallel_for_200_200_700,200,700,0,1400,1404200,422101,700,1440000,1120000,421400,140000,281400,140000,0,0,0,141400,52142,0.0521
distribute_parallel_for_split_200_200_700,200,700,0,1400,1404200,422101,700,1440000,1120000,421400,140000,281400,140000,0,0,0,141400,10270,0.0103
swap_distribute_parallel_for_200_200_700,200,700,0,1400,1404200,422101,700,1440000,1120000,421400,140000,281400,140000,0,0,0,141400,15989,0.0160
swap_distribute_parallel_for_split_200_200_700,200,700,0,1400,1404200,422101,700,1440000,1120000,421400,140000,281400,140000,0,0,0,141400,9743,0.0097
distribute_parallel_for_collapse_200_200_700,200,700,0,1400,1404200,422101,700,1440000,1120000,421400,140000,281400,140000,0,0,0,141400,8947,0.0089
swap_distribute_parallel_for_collapse_200_200_700,200,700,0,1400,1404200,422101,700,1440000,1120000,421400,140000,281400,140000,0,0,0,141400,8498,0.0085
distribute_parallel_for_200_200_800,200,800,0,1600,1604800,482401,800,1600000,1280000,481600,160000,321600,160000,0,0,0,161600,65260,0.0653
distribute_parallel_for_split_200_200_800,200,800,0,1600,1604800,482401,800,1600000,1280000,481600,160000,321600,160000,0,0,0,161600,42399,0.0424
swap_distribute_parallel_for_200_200_800,200,800,0,1600,1604800,482401,800,1600000,1280000,481600,160000,321600,160000,0,0,0,161600,38157,0.0382
swap_distribute_parallel_for_split_200_200_800,200,800,0,1600,1604800,482401,800,1600000,1280000,481600,160000,321600,160000,0,0,0,161600,31912,0.0319
distribute_parallel_for_collapse_200_200_800,200,800,0,1600,1604800,482401,800,1600000,1280000,481600,160000,321600,160000,0,0,0,161600,10288,0.0103
swap_distribute_parallel_for_collapse_200_200_800,200,800,0,1600,1604800,482401,800,1600000,1280000,481600,160000,321600,160000,0,0,0,161600,60703,0.0607
distribute_parallel_for_200_200_900,200,900,0,1800,1805400,542701,900,1760000,1440000,541800,180000,361800,180000,0,0,0,181800,71356,0.0714
distribute_parallel_for_split_200_200_900,200,900,0,1800,1805400,542701,900,1760000,1440000,541800,180000,361800,180000,0,0,0,181800,12864,0.0129
swap_distribute_parallel_for_200_200_900,200,900,0,1800,1805400,542701,900,1760000,1440000,541800,180000,361800,180000,0,0,0,181800,15974,0.0160
swap_distribute_parallel_for_split_200_200_900,200,900,0,1800,1805400,542701,900,1760000,1440000,541800,180000,361800,180000,0,0,0,181800,33862,0.0339
distribute_parallel_for_collapse_200_200_900,200,900,0,1800,1805400,542701,900,1760000,1440000,541800,180000,361800,180000,0,0,0,181800,10945,0.0109
swap_distribute_parallel_for_collapse_200_200_900,200,900,0,1800,1805400,542701,900,1760000,1440000,541800,180000,361800,180000,0,0,0,181800,25936,0.0259
distribute_parallel_for_200_300_100,200,100,0,200,300600,90301,100,720000,160000,90200,30000,60200,30000,0,0,0,30200,19604,0.0196
distribute_parallel_for_split_200_300_100,200,100,0,200,300600,90301,100,720000,160000,90200,30000,60200,30000,0,0,0,30200,6840,0.0068
swap_distribute_parallel_for_200_300_100,200,100,0,200,300600,90301,100,720000,160000,90200,30000,60200,30000,0,0,0,30200,22371,0.0224
swap_distribute_parallel_for_split_200_300_100,200,100,0,200,300600,90301,100,720000,160000,90200,30000,60200,30000,0,0,0,30200,6389,0.0064
distribute_parallel_for_collapse_200_300_100,200,100,0,200,300600,90301,100,720000,160000,90200,30000,60200,30000,0,0,0,30200,4124,0.0041
swap_distribute_parallel_for_collapse_200_300_100,200,100,0,200,300600,90301,100,720000,160000,90200,30000,60200,30000,0,0,0,30200,5677,0.0057
distribute_parallel_for_200_300_200,200,200,0,400,601200,180601,200,960000,320000,180400,60000,120400,60000,0,0,0,60400,24842,0.0248
distribute_parallel_for_split_200_300_200,200,200,0,400,601200,180601,200,960000,320000,180400,60000,120400,60000,0,0,0,60400,5591,0.0056
swap_distribute_parallel_for_200_300_200,200,200,0,400,601200,180601,200,960000,320000,180400,60000,120400,60000,0,0,0,60400,21342,0.0213
swap_distribute_parallel_for_split_200_300_200,200,200,0,400,601200,180601,200,960000,320000,180400,60000,120400,60000,0,0,0,60400,4752,0.0048
distribute_parallel_for_collapse_200_300_200,200,200,0,400,601200,180601,200,960000,320000,180400,60000,120400,60000,0,0,0,60400,4834,0.0048
swap_distribute_parallel_for_collapse_200_300_200,200,200,0,400,601200,180601,200,960000,320000,180400,60000,120400,60000,0,0,0,60400,4767,0.0048
distribute_parallel_for_200_300_300,200,300,0,600,901800,270901,300,1200000,480000,270600,90000,180600,90000,0,0,0,90600,39363,0.0394
distribute_parallel_for_split_200_300_300,200,300,0,600,901800,270901,300,1200000,480000,270600,90000,180600,90000,0,0,0,90600,8269,0.0083
swap_distribute_parallel_for_200_300_300,200,300,0,600,901800,270901,300,1200000,480000,270600,90000,180600,90000,0,0,0,90600,51457,0.0515
swap_distribute_parallel_for_split_200_300_300,200,300,0,600,901800,270901,300,1200000,480000,270600,90000,180600,90000,0,0,0,90600,8428,0.0084
distribute_parallel_for_collapse_200_300_300,200,300,0,600,901800,270901,300,1200000,480000,270600,90000,180600,90000,0,0,0,90600,6961,0.0070
swap_distribute_parallel_for_collapse_200_300_300,200,300,0,600,901800,270901,300,1200000,480000,270600,90000,180600,90000,0,0,0,90600,24304,0.0243
distribute_parallel_for_200_300_400,200,400,0,800,1202400,361201,400,1440000,640000,360800,120000,240800,120000,0,0,0,120800,54841,0.0548
distribute_parallel_for_split_200_300_400,200,400,0,800,1202400,361201,400,1440000,640000,360800,120000,240800,120000,0,0,0,120800,40898,0.0409
swap_distribute_parallel_for_200_300_400,200,400,0,800,1202400,361201,400,1440000,640000,360800,120000,240800,120000,0,0,0,120800,28839,0.0288
swap_distribute_parallel_for_split_200_300_400,200,400,0,800,1202400,361201,400,1440000,640000,360800,120000,240800,120000,0,0,0,120800,49914,0.0499
distribute_parallel_for_collapse_200_300_400,200,400,0,800,1202400,361201,400,1440000,640000,360800,120000,240800,120000,0,0,0,120800,23004,0.0230
swap_distribute_parallel_for_collapse_200_300_400,200,400,0,800,1202400,361201,400,1440000,640000,360800,120000,240800,120000,0,0,0,120800,24248,0.0242
distribute_parallel_for_200_300_500,200,500,0,1000,1503000,451501,500,1680000,800000,451000,150000,301000,150000,0,0,0,151000,48093,0.0481
distribute_parallel_for_split_200_300_500,200,500,0,1000,1503000,451501,500,1680000,800000,451000,150000,301000,150000,0,0,0,151000,10194,0.0102
swap_distribute_parallel_for_200_300_500,200,500,0,1000,1503000,451501,500,1680000,800000,451000,150000,301000,150000,0,0,0,151000,21647,0.0216
swap_distribute_parallel_for_split_200_300_500,200,500,0,1000,1503000,451501,500,1680000,800000,451000,150000,301000,150000,0,0,0,151000,10841,0.0108
distribute_parallel_for_collapse_200_300_500,200,500,0,1000,1503000,451501,500,1680000,800000,451000,150000,301000,150000,0,0,0,151000,8399,0.0084
swap_distribute_parallel_for_collapse_200_300_500,200,500,0,1000,1503000,451501,500,1680000,800000,451000,150000,301000,150000,0,0,0,151000,8056,0.0081
distribute_parallel_for_200_300_600,200,600,0,1200,1803600,541801,600,1920000,960000,541200,180000,361200,180000,0,0,0,181200,64088,0.0641
distribute_parallel_for_split_200_300_600,200,600,0,1200,1803600,541801,600,1920000,960000,541200,180000,361200,180000,0,0,0,181200,12629,0.0126
swap_distribute_parallel_for_200_300_600,200,600,0,1200,1803600,541801,600,1920000,960000,541200,180000,361200,180000,0,0,0,181200,24733,0.0247
swap_distribute_parallel_for_split_200_300_600,200,600,0,1200,1803600,541801,600,1920000,960000,541200,180000,361200,180000,0,0,0,181200,11808,0.0118
distribute_parallel_for_collapse_200_300_600,200,600,0,1200,1803600,541801,600,1920000,960000,541200,180000,361200,180000,0,0,0,181200,10138,0.0101
swap_distribute_parallel_for_collapse_200_300_600,200,600,0,1200,1803600,541801,600,1920000,960000,541200,180000,361200,180000,0,0,0,181200,15764,0.0158
distribute_parallel_for_200_300_700,200,700,0,1400,2104200,632101,700,2160000,1120000,631400,210000,421400,210000,0,0,0,211400,80152,0.0802
distribute_parallel_for_split_200_300_700,200,700,0,1400,2104200,632101,700,2160000,1120000,631400,210000,421400,210000,0,0,0,211400,12824,0.0128
swap_distribute_parallel_for_200_300_700,200,700,0,1400,2104200,632101,700,2160000,1120000,631400,210000,421400,210000,0,0,0,211400,22547,0.0225
swap_distribute_parallel_for_split_200_300_700,200,700,0,1400,2104200,632101,700,2160000,1120000,631400,210000,421400,210000,0,0,0,211400,12243,0.0122
distribute_parallel_for_collapse_200_300_700,200,700,0,1400,2104200,632101,700,2160000,1120000,631400,210000,421400,210000,0,0,0,211400,11184,0.0112
swap_distribute_parallel_for_collapse_200_300_700,200,700,0,1400,2104200,632101,700,2160000,1120000,631400,210000,421400,210000,0,0,0,211400,21471,0.0215
distribute_parallel_for_200_300_800,200,800,0,1600,2404800,722401,800,2400000,1280000,721600,240000,481600,240000,0,0,0,241600,82205,0.0822
distribute_parallel_for_split_200_300_800,200,800,0,1600,2404800,722401,800,2400000,1280000,721600,240000,481600,240000,0,0,0,241600,38218,0.0382
swap_distribute_parallel_for_200_300_800,200,800,0,1600,2404800,722401,800,2400000,1280000,721600,240000,481600,240000,0,0,0,241600,39972,0.0400
swap_distribute_parallel_for_split_200_300_800,200,800,0,1600,2404800,722401,800,2400000,1280000,721600,240000,481600,240000,0,0,0,241600,14184,0.0142
distribute_parallel_for_collapse_200_300_800,200,800,0,1600,2404800,722401,800,2400000,1280000,721600,240000,481600,240000,0,0,0,241600,11938,0.0119
swap_distribute_parallel_for_collapse_200_300_800,200,800,0,1600,2404800,722401,800,2400000,1280000,721600,240000,481600,240000,0,0,0,241600,23867,0.0239
distribute_parallel_for_200_300_900,200,900,0,1800,2705400,812701,900,2640000,1440000,811800,270000,541800,270000,0,0,0,271800,83838,0.0838
distribute_parallel_for_split_200_300_900,200,900,0,1800,2705400,812701,900,2640000,1440000,811800,270000,541800,270000,0,0,0,271800,17035,0.0170
swap_distribute_parallel_for_200_300_900,200,900,0,1800,2705400,812701,900,2640000,1440000,811800,270000,541800,270000,0,0,0,271800,27328,0.0273
swap_distribute_parallel_for_split_200_300_900,200,900,0,1800,2705400,812701,900,2640000,1440000,811800,270000,541800,270000,0,0,0,271800,19462,0.0195
distribute_parallel_for_collapse_200_300_900,200,900,0,1800,2705400,812701,900,2640000,1440000,811800,270000,541800,270000,0,0,0,271800,13922,0.0139
swap_distribute_parallel_for_collapse_200_300_900,200,900,0,1800,2705400,812701,900,2640000,1440000,811800,270000,541800,270000,0,0,0,271800,15297,0.0153
distribute_parallel_for_200_400_100,200,100,0,200,400600,120301,100,960000,160000,120200,40000,80200,40000,0,0,0,40200,40439,0.0404
distribute_parallel_for_split_200_400_100,200,100,0,200,400600,120301,100,960000,160000,120200,40000,80200,40000,0,0,0,40200,5043,0.0050
swap_distribute_parallel_for_200_400_100,200,100,0,200,400600,120301,100,960000,160000,120200,40000,80200,40000,0,0,0,40200,26059,0.0261
swap_distribute_parallel_for_split_200_400_100,200,100,0,200,400600,120301,100,960000,160000,120200,40000,80200,40000,0,0,0,40200,5210,0.0052
distribute_parallel_for_collapse_200_400_100,200,100,0,200,400600,120301,100,960000,160000,120200,40000,80200,40000,0,0,0,40200,4336,0.0043
swap_distribute_parallel_for_collapse_200_400_100,200,100,0,200,400600,120301,100,960000,160000,120200,40000,80200,40000,0,0,0,40200,4251,0.0043
distribute_parallel_for_200_400_200,200,200,0,400,801200,240601,200,1280000,320000,240400,80000,160400,80000,0,0,0,80400,102839,0.1028
distribute_parallel_for_split_200_400_200,200,200,0,400,801200,240601,200,1280000,320000,240400,80000,160400,80000,0,0,0,80400,90520,0.0905
swap_distribute_parallel_for_200_400_200,200,200,0,400,801200,240601,200,1280000,320000,240400,80000,160400,80000,0,0,0,80400,73117,0.0731
swap_distribute_parallel_for_split_200_400_200,200,200,0,400,801200,240601,200,1280000,320000,240400,80000,160400,80000,0,0,0,80400,42339,0.0423
distribute_parallel_for_collapse_200_400_200,200,200,0,400,801200,240601,200,1280000,320000,240400,80000,160400,80000,0,0,0,80400,8568,0.0086
swap_distribute_parallel_for_collapse_200_400_200,200,200,0,400,801200,240601,200,1280000,320000,240400,80000,160400,80000,0,0,0,80400,43981,0.0440
distribute_parallel_for_200_400_300,200,300,0,600,1201800,360901,300,1600000,480000,360600,120000,240600,120000,0,0,0,120600,74145,0.0741
distribute_parallel_for_split_200_400_300,200,300,0,600,1201800,360901,300,1600000,480000,360600,120000,240600,120000,0,0,0,120600,40591,0.0406
swap_distribute_parallel_for_200_400_300,200,300,0,600,1201800,360901,300,1600000,480000,360600,120000,240600,120000,0,0,0,120600,41794,0.0418
swap_distribute_parallel_for_split_200_400_300,200,300,0,600,1201800,360901,300,1600000,480000,360600,120000,240600,120000,0,0,0,120600,36759,0.0368
distribute_parallel_for_collapse_200_400_300,200,300,0,600,1201800,360901,300,1600000,480000,360600,120000,240600,120000,0,0,0,120600,41688,0.0417
swap_distribute_parallel_for_collapse_200_400_300,200,300,0,600,1201800,360901,300,1600000,480000,360600,120000,240600,120000,0,0,0,120600,40445,0.0404
distribute_parallel_for_200_400_400,200,400,0,800,1602400,481201,400,1920000,640000,480800,160000,320800,160000,0,0,0,160800,60353,0.0604
distribute_parallel_for_split_200_400_400,200,400,0,800,1602400,481201,400,1920000,640000,480800,160000,320800,160000,0,0,0,160800,11213,0.0112
swap_distribute_parallel_for_200_400_400,200,400,0,800,1602400,481201,400,1920000,640000,480800,160000,320800,160000,0,0,0,160800,35258,0.0353
swap_distribute_parallel_for_split_200_400_400,200,400,0,800,1602400,481201,400,1920000,640000,480800,160000,320800,160000,0,0,0,160800,10859,0.0109
distribute_parallel_for_collapse_200_400_400,200,400,0,800,1602400,481201,400,1920000,640000,480800,160000,320800,160000,0,0,0,160800,25735,0.0257
swap_distribute_parallel_for_collapse_200_400_400,200,400,0,800,1602400,481201,400,1920000,640000,480800,160000,320800,160000,0,0,0,160800,9831,0.0098
distribute_parallel_for_200_400_500,200,500,0,1000,2003000,601501,500,2240000,800000,601000,200000,401000,200000,0,0,0,201000,80403,0.0804
distribute_parallel_for_split_200_400_500,200,500,0,1000,2003000,601501,500,2240000,800000,601000,200000,401000,200000,0,0,0,201000,12461,0.0125
swap_distribute_parallel_for_200_400_500,200,500,0,1000,2003000,601501,500,2240000,800000,601000,200000,401000,200000,0,0,0,201000,30295,0.0303
swap_distribute_parallel_for_split_200_400_500,200,500,0,1000,2003000,601501,500,2240000,800000,601000,200000,401000,200000,0,0,0,201000,17064,0.0171
distribute_parallel_for_collapse_200_400_500,200,500,0,1000,2003000,601501,500,2240000,800000,601000,200000,401000,200000,0,0,0,201000,10323,0.0103
swap_distribute_parallel_for_collapse_200_400_500,200,500,0,1000,2003000,601501,500,2240000,800000,601000,200000,401000,200000,0,0,0,201000,29605,0.0296
distribute_parallel_for_200_400_600,200,600,0,1200,2403600,721801,600,2560000,960000,721200,240000,481200,240000,0,0,0,241200,72156,0.0722
distribute_parallel_for_split_200_400_600,200,600,0,1200,2403600,721801,600,2560000,960000,721200,240000,481200,240000,0,0,0,241200,13587,0.0136
swap_distribute_parallel_for_200_400_600,200,600,0,1200,2403600,721801,600,2560000,960000,721200,240000,481200,240000,0,0,0,241200,29570,0.0296
swap_distribute_parallel_for_split_200_400_600,200,600,0,1200,2403600,721801,600,2560000,960000,721200,240000,481200,240000,0,0,0,241200,13189,0.0132
distribute_parallel_for_collapse_200_400_600,200,600,0,1200,2403600,721801,600,2560000,960000,721200,240000,481200,240000,0,0,0,241200,11876,0.0119
swap_distribute_parallel_for_collapse_200_400_600,200,600,0,1200,2403600,721801,600,2560000,960000,721200,240000,481200,240000,0,0,0,241200,15308,0.0153
distribute_parallel_for_200_400_700,200,700,0,1400,2804200,842101,700,2880000,1120000,841400,280000,561400,280000,0,0,0,281400,103809,0.1038
distribute_parallel_for_split_200_400_700,200,700,0,1400,2804200,842101,700,2880000,1120000,841400,280000,561400,280000,0,0,0,281400,18490,0.0185
swap_distribute_parallel_for_200_400_700,200,700,0,1400,2804200,842101,700,2880000,1120000,841400,280000,561400,280000,0,0,0,281400,35574,0.0356
swap_distribute_parallel_for_split_200_400_700,200,700,0,1400,2804200,842101,700,2880000,1120000,841400,280000,561400,280000,0,0,0,281400,16759,0.0168
distribute_parallel_for_collapse_200_400_700,200,700,0,1400,2804200,842101,700,2880000,1120000,841400,280000,561400,280000,0,0,0,281400,14000,0.0140
swap_distribute_parallel_for_collapse_200_400_700,200,700,0,1400,2804200,842101,700,2880000,1120000,841400,280000,561400,280000,0,0,0,281400,14045,0.0140
distribute_parallel_for_200_400_800,200,800,0,1600,3204800,962401,800,3200000,1280000,961600,320000,641600,320000,0,0,0,321600,102258,0.1023
distribute_parallel_for_split_200_400_800,200,800,0,1600,3204800,962401,800,3200000,1280000,961600,320000,641600,320000,0,0,0,321600,19422,0.0194
swap_distribute_parallel_for_200_400_800,200,800,0,1600,3204800,962401,800,3200000,1280000,961600,320000,641600,320000,0,0,0,321600,33241,0.0332
swap_distribute_parallel_for_split_200_400_800,200,800,0,1600,3204800,962401,800,3200000,1280000,961600,320000,641600,320000,0,0,0,321600,23233,0.0232
distribute_parallel_for_collapse_200_400_800,200,800,0,1600,3204800,962401,800,3200000,1280000,961600,320000,641600,320000,0,0,0,321600,34906,0.0349
swap_distribute_parallel_for_collapse_200_400_800,200,800,0,1600,3204800,962401,800,3200000,1280000,961600,320000,641600,320000,0,0,0,321600,14384,0.0144
distribute_parallel_for_200_400_900,200,900,0,1800,3605400,1082701,900,3520000,1440000,1081800,360000,721800,360000,0,0,0,361800,104629,0.1046
distribute_parallel_for_split_200_400_900,200,900,0,1800,3605400,1082701,900,3520000,1440000,1081800,360000,721800,360000,0,0,0,361800,19018,0.0190
swap_distribute_parallel_for_200_400_900,200,900,0,1800,3605400,1082701,900,3520000,1440000,1081800,360000,721800,360000,0,0,0,361800,30678,0.0307
swap_distribute_parallel_for_split_200_400_900,200,900,0,1800,3605400,1082701,900,3520000,1440000,1081800,360000,721800,360000,0,0,0,361800,18067,0.0181
distribute_parallel_for_collapse_200_400_900,200,900,0,1800,3605400,1082701,900,3520000,1440000,1081800,360000,721800,360000,0,0,0,361800,15992,0.0160
swap_distribute_parallel_for_collapse_200_400_900,200,900,0,1800,3605400,1082701,900,3520000,1440000,1081800,360000,721800,360000,0,0,0,361800,16020,0.0160
distribute_parallel_for_200_500_100,200,100,0,200,500600,150301,100,1200000,160000,150200,50000,100200,50000,0,0,0,50200,40434,0.0404
distribute_parallel_for_split_200_500_100,200,100,0,200,500600,150301,100,1200000,160000,150200,50000,100200,50000,0,0,0,50200,5337,0.0053
swap_distribute_parallel_for_200_500_100,200,100,0,200,500600,150301,100,1200000,160000,150200,50000,100200,50000,0,0,0,50200,39977,0.0400
swap_distribute_parallel_for_split_200_500_100,200,100,0,200,500600,150301,100,1200000,160000,150200,50000,100200,50000,0,0,0,50200,6405,0.0064
distribute_parallel_for_collapse_200_500_100,200,100,0,200,500600,150301,100,1200000,160000,150200,50000,100200,50000,0,0,0,50200,4791,0.0048
swap_distribute_parallel_for_collapse_200_500_100,200,100,0,200,500600,150301,100,1200000,160000,150200,50000,100200,50000,0,0,0,50200,23259,0.0233
distribute_parallel_for_200_500_200,200,200,0,400,1001200,300601,200,1600000,320000,300400,100000,200400,100000,0,0,0,100400,56804,0.0568
distribute_parallel_for_split_200_500_200,200,200,0,400,1001200,300601,200,1600000,320000,300400,100000,200400,100000,0,0,0,100400,17130,0.0171
swap_distribute_parallel_for_200_500_200,200,200,0,400,1001200,300601,200,1600000,320000,300400,100000,200400,100000,0,0,0,100400,41557,0.0416
swap_distribute_parallel_for_split_200_500_200,200,200,0,400,1001200,300601,200,1600000,320000,300400,100000,200400,100000,0,0,0,100400,7150,0.0072
distribute_parallel_for_collapse_200_500_200,200,200,0,400,1001200,300601,200,1600000,320000,300400,100000,200400,100000,0,0,0,100400,28915,0.0289
swap_distribute_parallel_for_collapse_200_500_200,200,200,0,400,1001200,300601,200,1600000,320000,300400,100000,200400,100000,0,0,0,100400,6689,0.0067
distribute_parallel_for_200_500_300,200,300,0,600,1501800,450901,300,2000000,480000,450600,150000,300600,150000,0,0,0,150600,52153,0.0522
distribute_parallel_for_split_200_500_300,200,300,0,600,1501800,450901,300,2000000,480000,450600,150000,300600,150000,0,0,0,150600,9943,0.0099
swap_distribute_parallel_for_200_500_300,200,300,0,600,1501800,450901,300,2000000,480000,450600,150000,300600,150000,0,0,0,150600,39170,0.0392
swap_distribute_parallel_for_split_200_500_300,200,300,0,600,1501800,450901,300,2000000,480000,450600,150000,300600,150000,0,0,0,150600,29133,0.0291
distribute_parallel_for_collapse_200_500_300,200,300,0,600,1501800,450901,300,2000000,480000,450600,150000,300600,150000,0,0,0,150600,8750,0.0088
swap_distribute_parallel_for_collapse_200_500_300,200,300,0,600,1501800,450901,300,2000000,480000,450600,150000,300600,150000,0,0,0,150600,8643,0.0086
distribute_parallel_for_200_500_400,200,400,0,800,2002400,601201,400,2400000,640000,600800,200000,400800,200000,0,0,0,200800,80583,0.0806
distribute_parallel_for_split_200_500_400,200,400,0,800,2002400,601201,400,2400000,640000,600800,200000,400800,200000,0,0,0,200800,12004,0.0120
swap_distribute_parallel_for_200_500_400,200,400,0,800,2002400,601201,400,2400000,640000,600800,200000,400800,200000,0,0,0,200800,37759,0.0378
swap_distribute_parallel_for_split_200_500_400,200,400,0,800,2002400,601201,400,2400000,640000,600800,200000,400800,200000,0,0,0,200800,12001,0.0120
distribute_parallel_for_collapse_200_500_400,200,400,0,800,2002400,601201,400,2400000,640000,600800,200000,400800,200000,0,0,0,200800,27854,0.0279
swap_distribute_parallel_for_collapse_200_500_400,200,400,0,800,2002400,601201,400,2400000,640000,600800,200000,400800,200000,0,0,0,200800,10301,0.0103
distribute_parallel_for_200_500_500,200,500,0,1000,2503000,751501,500,2800000,800000,751000,250000,501000,250000,0,0,0,251000,109655,0.1097
distribute_parallel_for_split_200_500_500,200,500,0,1000,2503000,751501,500,2800000,800000,751000,250000,501000,250000,0,0,0,251000,19287,0.0193
swap_distribute_parallel_for_200_500_500,200,500,0,1000,2503000,751501,500,2800000,800000,751000,250000,501000,250000,0,0,0,251000,64137,0.0641
swap_distribute_parallel_for_split_200_500_500,200,500,0,1000,2503000,751501,500,2800000,800000,751000,250000,501000,250000,0,0,0,251000,17520,0.0175
distribute_parallel_for_collapse_200_500_500,200,500,0,1000,2503000,751501,500,2800000,800000,751000,250000,501000,250000,0,0,0,251000,17260,0.0173
swap_distribute_parallel_for_collapse_200_500_500,200,500,0,1000,2503000,751501,500,2800000,800000,751000,250000,501000,250000,0,0,0,251000,12356,0.0124
distribute_parallel_for_200_500_600,200,600,0,1200,3003600,901801,600,3200000,960000,901200,300000,601200,300000,0,0,0,301200,126558,0.1266
distribute_parallel_for_split_200_500_600,200,600,0,1200,3003600,901801,600,3200000,960000,901200,300000,601200,300000,0,0,0,301200,30811,0.0308
swap_distribute_parallel_for_200_500_600,200,600,0,1200,3003600,901801,600,3200000,960000,901200,300000,601200,300000,0,0,0,301200,59856,0.0599
swap_distribute_parallel_for_split_200_500_600,200,600,0,1200,3003600,901801,600,3200000,960000,901200,300000,601200,300000,0,0,0,301200,28720,0.0287
distribute_parallel_for_collapse_200_500_600,200,600,0,1200,3003600,901801,600,3200000,960000,901200,300000,601200,300000,0,0,0,301200,20021,0.0200
swap_distribute_parallel_for_collapse_200_500_600,200,600,0,1200,3003600,901801,600,3200000,960000,901200,300000,601200,300000,0,0,0,301200,27666,0.0277
distribute_parallel_for_200_500_700,200,700,0,1400,3504200,1052101,700,3600000,1120000,1051400,350000,701400,350000,0,0,0,351400,242734,0.2427
distribute_parallel_for_split_200_500_700,200,700,0,1400,3504200,1052101,700,3600000,1120000,1051400,350000,701400,350000,0,0,0,351400,36583,0.0366
swap_distribute_parallel_for_200_500_700,200,700,0,1400,3504200,1052101,700,3600000,1120000,1051400,350000,701400,350000,0,0,0,351400,54725,0.0547
swap_distribute_parallel_for_split_200_500_700,200,700,0,1400,3504200,1052101,700,3600000,1120000,1051400,350000,701400,350000,0,0,0,351400,57194,0.0572
distribute_parallel_for_collapse_200_500_700,200,700,0,1400,3504200,1052101,700,3600000,1120000,1051400,350000,701400,350000,0,0,0,351400,50529,0.0505
swap_distribute_parallel_for_collapse_200_500_700,200,700,0,1400,3504200,1052101,700,3600000,1120000,1051400,350000,701400,350000,0,0,0,351400,61659,0.0617
distribute_parallel_for_200_500_800,200,800,0,1600,4004800,1202401,800,4000000,1280000,1201600,400000,801600,400000,0,0,0,401600,158617,0.1586
distribute_parallel_for_split_200_500_800,200,800,0,1600,4004800,1202401,800,4000000,1280000,1201600,400000,801600,400000,0,0,0,401600,42501,0.0425
swap_distribute_parallel_for_200_500_800,200,800,0,1600,4004800,1202401,800,4000000,1280000,1201600,400000,801600,400000,0,0,0,401600,41793,0.0418
swap_distribute_parallel_for_split_200_500_800,200,800,0,1600,4004800,1202401,800,4000000,1280000,1201600,400000,801600,400000,0,0,0,401600,23279,0.0233
distribute_parallel_for_collapse_200_500_800,200,800,0,1600,4004800,1202401,800,4000000,1280000,1201600,400000,801600,400000,0,0,0,401600,19069,0.0191
swap_distribute_parallel_for_collapse_200_500_800,200,800,0,1600,4004800,1202401,800,4000000,1280000,1201600,400000,801600,400000,0,0,0,401600,92293,0.0923
distribute_parallel_for_200_500_900,200,900,0,1800,4505400,1352701,900,4400000,1440000,1351800,450000,901800,450000,0,0,0,451800,150928,0.1509
distribute_parallel_for_split_200_500_900,200,900,0,1800,4505400,1352701,900,4400000,1440000,1351800,450000,901800,450000,0,0,0,451800,39757,0.0398
swap_distribute_parallel_for_200_500_900,200,900,0,1800,4505400,1352701,900,4400000,1440000,1351800,450000,901800,450000,0,0,0,451800,39979,0.0400
swap_distribute_parallel_for_split_200_500_900,200,900,0,1800,4505400,1352701,900,4400000,1440000,1351800,450000,901800,450000,0,0,0,451800,39956,0.0400
distribute_parallel_for_collapse_200_500_900,200,900,0,1800,4505400,1352701,900,4400000,1440000,1351800,450000,901800,450000,0,0,0,451800,42099,0.0421
swap_distribute_parallel_for_collapse_200_500_900,200,900,0,1800,4505400,1352701,900,4400000,1440000,1351800,450000,901800,450000,0,0,0,451800,38157,0.0382
distribute_parallel_for_200_600_100,200,100,0,200,600600,180301,100,1440000,160000,180200,60000,120200,60000,0,0,0,60200,26571,0.0266
distribute_parallel_for_split_200_600_100,200,100,0,200,600600,180301,100,1440000,160000,180200,60000,120200,60000,0,0,0,60200,5555,0.0056
swap_distribute_parallel_for_200_600_100,200,100,0,200,600600,180301,100,1440000,160000,180200,60000,120200,60000,0,0,0,60200,47148,0.0471
swap_distribute_parallel_for_split_200_600_100,200,100,0,200,600600,180301,100,1440000,160000,180200,60000,120200,60000,0,0,0,60200,7136,0.0071
distribute_parallel_for_collapse_200_600_100,200,100,0,200,600600,180301,100,1440000,160000,180200,60000,120200,60000,0,0,0,60200,11626,0.0116
swap_distribute_parallel_for_collapse_200_600_100,200,100,0,200,600600,180301,100,1440000,160000,180200,60000,120200,60000,0,0,0,60200,4962,0.0050
distribute_parallel_for_200_600_200,200,200,0,400,1201200,360601,200,1920000,320000,360400,120000,240400,120000,0,0,0,120400,50086,0.0501
distribute_parallel_for_split_200_600_200,200,200,0,400,1201200,360601,200,1920000,320000,360400,120000,240400,120000,0,0,0,120400,9280,0.0093
swap_distribute_parallel_for_200_600_200,200,200,0,400,1201200,360601,200,1920000,320000,360400,120000,240400,120000,0,0,0,120400,56141,0.0561
swap_distribute_parallel_for_split_200_600_200,200,200,0,400,1201200,360601,200,1920000,320000,360400,120000,240400,120000,0,0,0,120400,8232,0.0082
distribute_parallel_for_collapse_200_600_200,200,200,0,400,1201200,360601,200,1920000,320000,360400,120000,240400,120000,0,0,0,120400,7810,0.0078
swap_distribute_parallel_for_collapse_200_600_200,200,200,0,400,1201200,360601,200,1920000,320000,360400,120000,240400,120000,0,0,0,120400,7759,0.0078
distribute_parallel_for_200_600_300,200,300,0,600,1801800,540901,300,2400000,480000,540600,180000,360600,180000,0,0,0,180600,73973,0.0740
distribute_parallel_for_split_200_600_300,200,300,0,600,1801800,540901,300,2400000,480000,540600,180000,360600,180000,0,0,0,180600,29766,0.0298
swap_distribute_parallel_for_200_600_300,200,300,0,600,1801800,540901,300,2400000,480000,540600,180000,360600,180000,0,0,0,180600,47177,0.0472
swap_distribute_parallel_for_split_200_600_300,200,300,0,600,1801800,540901,300,2400000,480000,540600,180000,360600,180000,0,0,0,180600,33318,0.0333
distribute_parallel_for_collapse_200_600_300,200,300,0,600,1801800,540901,300,2400000,480000,540600,180000,360600,180000,0,0,0,180600,29163,0.0292
swap_distribute_parallel_for_collapse_200_600_300,200,300,0,600,1801800,540901,300,2400000,480000,540600,180000,360600,180000,0,0,0,180600,10174,0.0102
distribute_parallel_for_200_600_400,200,400,0,800,2402400,721201,400,2880000,640000,720800,240000,480800,240000,0,0,0,240800,101885,0.1019
distribute_parallel_for_split_200_600_400,200,400,0,800,2402400,721201,400,2880000,640000,720800,240000,480800,240000,0,0,0,240800,19622,0.0196
swap_distribute_parallel_for_200_600_400,200,400,0,800,2402400,721201,400,2880000,640000,720800,240000,480800,240000,0,0,0,240800,45902,0.0459
swap_distribute_parallel_for_split_200_600_400,200,400,0,800,2402400,721201,400,2880000,640000,720800,240000,480800,240000,0,0,0,240800,30555,0.0306
distribute_parallel_for_collapse_200_600_400,200,400,0,800,2402400,721201,400,2880000,640000,720800,240000,480800,240000,0,0,0,240800,12045,0.0120
swap_distribute_parallel_for_collapse_200_600_400,200,400,0,800,2402400,721201,400,2880000,640000,720800,240000,480800,240000,0,0,0,240800,21401,0.0214
distribute_parallel_for_200_600_500,200,500,0,1000,3003000,901501,500,3360000,800000,901000,300000,601000,300000,0,0,0,301000,135090,0.1351
distribute_parallel_for_split_200_600_500,200,500,0,1000,3003000,901501,500,3360000,800000,901000,300000,601000,300000,0,0,0,301000,31257,0.0313
swap_distribute_parallel_for_200_600_500,200,500,0,1000,3003000,901501,500,3360000,800000,901000,300000,601000,300000,0,0,0,301000,64367,0.0644
swap_distribute_parallel_for_split_200_600_500,200,500,0,1000,3003000,901501,500,3360000,800000,901000,300000,601000,300000,0,0,0,301000,46970,0.0470
distribute_parallel_for_collapse_200_600_500,200,500,0,1000,3003000,901501,500,3360000,800000,901000,300000,601000,300000,0,0,0,301000,48115,0.0481
swap_distribute_parallel_for_collapse_200_600_500,200,500,0,1000,3003000,901501,500,3360000,800000,901000,300000,601000,300000,0,0,0,301000,41765,0.0418
distribute_parallel_for_200_600_600,200,600,0,1200,3603600,1081801,600,3840000,960000,1081200,360000,721200,360000,0,0,0,361200,117651,0.1177
distribute_parallel_for_split_200_600_600,200,600,0,1200,3603600,1081801,600,3840000,960000,1081200,360000,721200,360000,0,0,0,361200,29536,0.0295
swap_distribute_parallel_for_200_600_600,200,600,0,1200,3603600,1081801,600,3840000,960000,1081200,360000,721200,360000,0,0,0,361200,79768,0.0798
swap_distribute_parallel_for_split_200_600_600,200,600,0,1200,3603600,1081801,600,3840000,960000,1081200,360000,721200,360000,0,0,0,361200,39493,0.0395
distribute_parallel_for_collapse_200_600_600,200,600,0,1200,3603600,1081801,600,3840000,960000,1081200,360000,721200,360000,0,0,0,361200,44873,0.0449
swap_distribute_parallel_for_collapse_200_600_600,200,600,0,1200,3603600,1081801,600,3840000,960000,1081200,360000,721200,360000,0,0,0,361200,37526,0.0375
distribute_parallel_for_200_600_700,200,700,0,1400,4204200,1262101,700,4320000,1120000,1261400,420000,841400,420000,0,0,0,421400,128457,0.1285
distribute_parallel_for_split_200_600_700,200,700,0,1400,4204200,1262101,700,4320000,1120000,1261400,420000,841400,420000,0,0,0,421400,22588,0.0226
swap_distribute_parallel_for_200_600_700,200,700,0,1400,4204200,1262101,700,4320000,1120000,1261400,420000,841400,420000,0,0,0,421400,45498,0.0455
swap_distribute_parallel_for_split_200_600_700,200,700,0,1400,4204200,1262101,700,4320000,1120000,1261400,420000,841400,420000,0,0,0,421400,20033,0.0200
distribute_parallel_for_collapse_200_600_700,200,700,0,1400,4204200,1262101,700,4320000,1120000,1261400,420000,841400,420000,0,0,0,421400,18421,0.0184
swap_distribute_parallel_for_collapse_200_600_700,200,700,0,1400,4204200,1262101,700,4320000,1120000,1261400,420000,841400,420000,0,0,0,421400,18881,0.0189
distribute_parallel_for_200_600_800,200,800,0,1600,4804800,1442401,800,4800000,1280000,1441600,480000,961600,480000,0,0,0,481600,183001,0.1830
distribute_parallel_for_split_200_600_800,200,800,0,1600,4804800,1442401,800,4800000,1280000,1441600,480000,961600,480000,0,0,0,481600,51166,0.0512
swap_distribute_parallel_for_200_600_800,200,800,0,1600,4804800,1442401,800,4800000,1280000,1441600,480000,961600,480000,0,0,0,481600,59664,0.0597
swap_distribute_parallel_for_split_200_600_800,200,800,0,1600,4804800,1442401,800,4800000,1280000,1441600,480000,961600,480000,0,0,0,481600,76588,0.0766
distribute_parallel_for_collapse_200_600_800,200,800,0,1600,4804800,1442401,800,4800000,1280000,1441600,480000,961600,480000,0,0,0,481600,37359,0.0374
swap_distribute_parallel_for_collapse_200_600_800,200,800,0,1600,4804800,1442401,800,4800000,1280000,1441600,480000,961600,480000,0,0,0,481600,25416,0.0254
distribute_parallel_for_200_600_900,200,900,0,1800,5405400,1622701,900,5280000,1440000,1621800,540000,1081800,540000,0,0,0,541800,161312,0.1613
distribute_parallel_for_split_200_600_900,200,900,0,1800,5405400,1622701,900,5280000,1440000,1621800,540000,1081800,540000,0,0,0,541800,41659,0.0417
swap_distribute_parallel_for_200_600_900,200,900,0,1800,5405400,1622701,900,5280000,1440000,1621800,540000,1081800,540000,0,0,0,541800,49710,0.0497
swap_distribute_parallel_for_split_200_600_900,200,900,0,1800,5405400,1622701,900,5280000,1440000,1621800,540000,1081800,540000,0,0,0,541800,39833,0.0398
distribute_parallel_for_collapse_200_600_900,200,900,0,1800,5405400,1622701,900,5280000,1440000,1621800,540000,1081800,540000,0,0,0,541800,29946,0.0299
swap_distribute_parallel_for_collapse_200_600_900,200,900,0,1800,5405400,1622701,900,5280000,1440000,1621800,540000,1081800,540000,0,0,0,541800,40048,0.0400
distribute_parallel_for_200_700_100,200,100,0,200,700600,210301,100,1680000,160000,210200,70000,140200,70000,0,0,0,70200,29964,0.0300
distribute_parallel_for_split_200_700_100,200,100,0,200,700600,210301,100,1680000,160000,210200,70000,140200,70000,0,0,0,70200,5737,0.0057
swap_distribute_parallel_for_200_700_100,200,100,0,200,700600,210301,100,1680000,160000,210200,70000,140200,70000,0,0,0,70200,49417,0.0494
swap_distribute_parallel_for_split_200_700_100,200,100,0,200,700600,210301,100,1680000,160000,210200,70000,140200,70000,0,0,0,70200,7431,0.0074
distribute_parallel_for_collapse_200_700_100,200,100,0,200,700600,210301,100,1680000,160000,210200,70000,140200,70000,0,0,0,70200,5361,0.0054
swap_distribute_parallel_for_collapse_200_700_100,200,100,0,200,700600,210301,100,1680000,160000,210200,70000,140200,70000,0,0,0,70200,5263,0.0053
distribute_parallel_for_200_700_200,200,200,0,400,1401200,420601,200,2240000,320000,420400,140000,280400,140000,0,0,0,140400,121118,0.1211
distribute_parallel_for_split_200_700_200,200,200,0,400,1401200,420601,200,2240000,320000,420400,140000,280400,140000,0,0,0,140400,12808,0.0128
swap_distribute_parallel_for_200_700_200,200,200,0,400,1401200,420601,200,2240000,320000,420400,140000,280400,140000,0,0,0,140400,71524,0.0715
swap_distribute_parallel_for_split_200_700_200,200,200,0,400,1401200,420601,200,2240000,320000,420400,140000,280400,140000,0,0,0,140400,20237,0.0202
distribute_parallel_for_collapse_200_700_200,200,200,0,400,1401200,420601,200,2240000,320000,420400,140000,280400,140000,0,0,0,140400,22111,0.0221
swap_distribute_parallel_for_collapse_200_700_200,200,200,0,400,1401200,420601,200,2240000,320000,420400,140000,280400,140000,0,0,0,140400,41509,0.0415
distribute_parallel_for_200_700_300,200,300,0,600,2101800,630901,300,2800000,480000,630600,210000,420600,210000,0,0,0,210600,85083,0.0851
distribute_parallel_for_split_200_700_300,200,300,0,600,2101800,630901,300,2800000,480000,630600,210000,420600,210000,0,0,0,210600,22495,0.0225
swap_distribute_parallel_for_200_700_300,200,300,0,600,2101800,630901,300,2800000,480000,630600,210000,420600,210000,0,0,0,210600,56006,0.0560
swap_distribute_parallel_for_split_200_700_300,200,300,0,600,2101800,630901,300,2800000,480000,630600,210000,420600,210000,0,0,0,210600,27992,0.0280
distribute_parallel_for_collapse_200_700_300,200,300,0,600,2101800,630901,300,2800000,480000,630600,210000,420600,210000,0,0,0,210600,21357,0.0214
swap_distribute_parallel_for_collapse_200_700_300,200,300,0,600,2101800,630901,300,2800000,480000,630600,210000,420600,210000,0,0,0,210600,11224,0.0112
distribute_parallel_for_200_700_400,200,400,0,800,2802400,841201,400,3360000,640000,840800,280000,560800,280000,0,0,0,280800,130634,0.1306
distribute_parallel_for_split_200_700_400,200,400,0,800,2802400,841201,400,3360000,640000,840800,280000,560800,280000,0,0,0,280800,49436,0.0494
swap_distribute_parallel_for_200_700_400,200,400,0,800,2802400,841201,400,3360000,640000,840800,280000,560800,280000,0,0,0,280800,90050,0.0901
swap_distribute_parallel_for_split_200_700_400,200,400,0,800,2802400,841201,400,3360000,640000,840800,280000,560800,280000,0,0,0,280800,39922,0.0399
distribute_parallel_for_collapse_200_700_400,200,400,0,800,2802400,841201,400,3360000,640000,840800,280000,560800,280000,0,0,0,280800,13802,0.0138
swap_distribute_parallel_for_collapse_200_700_400,200,400,0,800,2802400,841201,400,3360000,640000,840800,280000,560800,280000,0,0,0,280800,35629,0.0356
distribute_parallel_for_200_700_500,200,500,0,1000,3503000,1051501,500,3920000,800000,1051000,350000,701000,350000,0,0,0,351000,120327,0.1203
distribute_parallel_for_split_200_700_500,200,500,0,1000,3503000,1051501,500,3920000,800000,1051000,350000,701000,350000,0,0,0,351000,39914,0.0399
swap_distribute_parallel_for_200_700_500,200,500,0,1000,3503000,1051501,500,3920000,800000,1051000,350000,701000,350000,0,0,0,351000,51447,0.0514
swap_distribute_parallel_for_split_200_700_500,200,500,0,1000,3503000,1051501,500,3920000,800000,1051000,350000,701000,350000,0,0,0,351000,20895,0.0209
distribute_parallel_for_collapse_200_700_500,200,500,0,1000,3503000,1051501,500,3920000,800000,1051000,350000,701000,350000,0,0,0,351000,15763,0.0158
swap_distribute_parallel_for_collapse_200_700_500,200,500,0,1000,3503000,1051501,500,3920000,800000,1051000,350000,701000,350000,0,0,0,351000,15614,0.0156
distribute_parallel_for_200_700_600,200,600,0,1200,4203600,1261801,600,4480000,960000,1261200,420000,841200,420000,0,0,0,421200,144768,0.1448
distribute_parallel_for_split_200_700_600,200,600,0,1200,4203600,1261801,600,4480000,960000,1261200,420000,841200,420000,0,0,0,421200,33109,0.0331
swap_distribute_parallel_for_200_700_600,200,600,0,1200,4203600,1261801,600,4480000,960000,1261200,420000,841200,420000,0,0,0,421200,54842,0.0548
swap_distribute_parallel_for_split_200_700_600,200,600,0,1200,4203600,1261801,600,4480000,960000,1261200,420000,841200,420000,0,0,0,421200,44657,0.0447
distribute_parallel_for_collapse_200_700_600,200,600,0,1200,4203600,1261801,600,4480000,960000,1261200,420000,841200,420000,0,0,0,421200,51437,0.0514
swap_distribute_parallel_for_collapse_200_700_600,200,600,0,1200,4203600,1261801,600,4480000,960000,1261200,420000,841200,420000,0,0,0,421200,43585,0.0436
distribute_parallel_for_200_700_700,200,700,0,1400,4904200,1472101,700,5040000,1120000,1471400,490000,981400,490000,0,0,0,491400,196265,0.1963
distribute_parallel_for_split_200_700_700,200,700,0,1400,4904200,1472101,700,5040000,1120000,1471400,490000,981400,490000,0,0,0,491400,39955,0.0400
swap_distribute_parallel_for_200_700_700,200,700,0,1400,4904200,1472101,700,5040000,1120000,1471400,490000,981400,490000,0,0,0,491400,78785,0.0788
swap_distribute_parallel_for_split_200_700_700,200,700,0,1400,4904200,1472101,700,5040000,1120000,1471400,490000,981400,490000,0,0,0,491400,40965,0.0410
distribute_parallel_for_collapse_200_700_700,200,700,0,1400,4904200,1472101,700,5040000,1120000,1471400,490000,981400,490000,0,0,0,491400,39703,0.0397
swap_distribute_parallel_for_collapse_200_700_700,200,700,0,1400,4904200,1472101,700,5040000,1120000,1471400,490000,981400,490000,0,0,0,491400,49838,0.0498
distribute_parallel_for_200_700_800,200,800,0,1600,5604800,1682401,800,5600000,1280000,1681600,560000,1121600,560000,0,0,0,561600,179191,0.1792
distribute_parallel_for_split_200_700_800,200,800,0,1600,5604800,1682401,800,5600000,1280000,1681600,560000,1121600,560000,0,0,0,561600,29890,0.0299
swap_distribute_parallel_for_200_700_800,200,800,0,1600,5604800,1682401,800,5600000,1280000,1681600,560000,1121600,560000,0,0,0,561600,53652,0.0537
swap_distribute_parallel_for_split_200_700_800,200,800,0,1600,5604800,1682401,800,5600000,1280000,1681600,560000,1121600,560000,0,0,0,561600,28710,0.0287
distribute_parallel_for_collapse_200_700_800,200,800,0,1600,5604800,1682401,800,5600000,1280000,1681600,560000,1121600,560000,0,0,0,561600,24240,0.0242
swap_distribute_parallel_for_collapse_200_700_800,200,800,0,1600,5604800,1682401,800,5600000,1280000,1681600,560000,1121600,560000,0,0,0,561600,24828,0.0248
distribute_parallel_for_200_700_900,200,900,0,1800,6305400,1892701,900,6160000,1440000,1891800,630000,1261800,630000,0,0,0,631800,196753,0.1968
distribute_parallel_for_split_200_700_900,200,900,0,1800,6305400,1892701,900,6160000,1440000,1891800,630000,1261800,630000,0,0,0,631800,33140,0.0331
swap_distribute_parallel_for_200_700_900,200,900,0,1800,6305400,1892701,900,6160000,1440000,1891800,630000,1261800,630000,0,0,0,631800,59029,0.0590
swap_distribute_parallel_for_split_200_700_900,200,900,0,1800,6305400,1892701,900,6160000,1440000,1891800,630000,1261800,630000,0,0,0,631800,32803,0.0328
distribute_parallel_for_collapse_200_700_900,200,900,0,1800,6305400,1892701,900,6160000,1440000,1891800,630000,1261800,630000,0,0,0,631800,39956,0.0400
swap_distribute_parallel_for_collapse_200_700_900,200,900,0,1800,6305400,1892701,900,6160000,1440000,1891800,630000,1261800,630000,0,0,0,631800,49955,0.0500
distribute_parallel_for_200_800_100,200,100,0,200,800600,240301,100,1920000,160000,240200,80000,160200,80000,0,0,0,80200,39107,0.0391
distribute_parallel_for_split_200_800_100,200,100,0,200,800600,240301,100,1920000,160000,240200,80000,160200,80000,0,0,0,80200,6704,0.0067
swap_distribute_parallel_for_200_800_100,200,100,0,200,800600,240301,100,1920000,160000,240200,80000,160200,80000,0,0,0,80200,68521,0.0685
swap_distribute_parallel_for_split_200_800_100,200,100,0,200,800600,240301,100,1920000,160000,240200,80000,160200,80000,0,0,0,80200,9622,0.0096
distribute_parallel_for_collapse_200_800_100,200,100,0,200,800600,240301,100,1920000,160000,240200,80000,160200,80000,0,0,0,80200,7067,0.0071
swap_distribute_parallel_for_collapse_200_800_100,200,100,0,200,800600,240301,100,1920000,160000,240200,80000,160200,80000,0,0,0,80200,7166,0.0072
distribute_parallel_for_200_800_200,200,200,0,400,1601200,480601,200,2560000,320000,480400,160000,320400,160000,0,0,0,160400,111596,0.1116
distribute_parallel_for_split_200_800_200,200,200,0,400,1601200,480601,200,2560000,320000,480400,160000,320400,160000,0,0,0,160400,12904,0.0129
swap_distribute_parallel_for_200_800_200,200,200,0,400,1601200,480601,200,2560000,320000,480400,160000,320400,160000,0,0,0,160400,110626,0.1106
swap_distribute_parallel_for_split_200_800_200,200,200,0,400,1601200,480601,200,2560000,320000,480400,160000,320400,160000,0,0,0,160400,42023,0.0420
distribute_parallel_for_collapse_200_800_200,200,200,0,400,1601200,480601,200,2560000,320000,480400,160000,320400,160000,0,0,0,160400,33382,0.0334
swap_distribute_parallel_for_collapse_200_800_200,200,200,0,400,1601200,480601,200,2560000,320000,480400,160000,320400,160000,0,0,0,160400,12355,0.0124
distribute_parallel_for_200_800_300,200,300,0,600,2401800,720901,300,3200000,480000,720600,240000,480600,240000,0,0,0,240600,110417,0.1104
distribute_parallel_for_split_200_800_300,200,300,0,600,2401800,720901,300,3200000,480000,720600,240000,480600,240000,0,0,0,240600,17132,0.0171
swap_distribute_parallel_for_200_800_300,200,300,0,600,2401800,720901,300,3200000,480000,720600,240000,480600,240000,0,0,0,240600,82727,0.0827
swap_distribute_parallel_for_split_200_800_300,200,300,0,600,2401800,720901,300,3200000,480000,720600,240000,480600,240000,0,0,0,240600,16648,0.0166
distribute_parallel_for_collapse_200_800_300,200,300,0,600,2401800,720901,300,3200000,480000,720600,240000,480600,240000,0,0,0,240600,21374,0.0214
swap_distribute_parallel_for_collapse_200_800_300,200,300,0,600,2401800,720901,300,3200000,480000,720600,240000,480600,240000,0,0,0,240600,11915,0.0119
distribute_parallel_for_200_800_400,200,400,0,800,3202400,961201,400,3840000,640000,960800,320000,640800,320000,0,0,0,320800,116115,0.1161
distribute_parallel_for_split_200_800_400,200,400,0,800,3202400,961201,400,3840000,640000,960800,320000,640800,320000,0,0,0,320800,18499,0.0185
swap_distribute_parallel_for_200_800_400,200,400,0,800,3202400,961201,400,3840000,640000,960800,320000,640800,320000,0,0,0,320800,60786,0.0608
swap_distribute_parallel_for_split_200_800_400,200,400,0,800,3202400,961201,400,3840000,640000,960800,320000,640800,320000,0,0,0,320800,16391,0.0164
distribute_parallel_for_collapse_200_800_400,200,400,0,800,3202400,961201,400,3840000,640000,960800,320000,640800,320000,0,0,0,320800,14366,0.0144
swap_distribute_parallel_for_collapse_200_800_400,200,400,0,800,3202400,961201,400,3840000,640000,960800,320000,640800,320000,0,0,0,320800,14552,0.0146
distribute_parallel_for_200_800_500,200,500,0,1000,4003000,1201501,500,4480000,800000,1201000,400000,801000,400000,0,0,0,401000,130630,0.1306
distribute_parallel_for_split_200_800_500,200,500,0,1000,4003000,1201501,500,4480000,800000,1201000,400000,801000,400000,0,0,0,401000,22004,0.0220
swap_distribute_parallel_for_200_800_500,200,500,0,1000,4003000,1201501,500,4480000,800000,1201000,400000,801000,400000,0,0,0,401000,59642,0.0596
swap_distribute_parallel_for_split_200_800_500,200,500,0,1000,4003000,1201501,500,4480000,800000,1201000,400000,801000,400000,0,0,0,401000,25446,0.0254
distribute_parallel_for_collapse_200_800_500,200,500,0,1000,4003000,1201501,500,4480000,800000,1201000,400000,801000,400000,0,0,0,401000,18938,0.0189
swap_distribute_parallel_for_collapse_200_800_500,200,500,0,1000,4003000,1201501,500,4480000,800000,1201000,400000,801000,400000,0,0,0,401000,19195,0.0192
distribute_parallel_for_200_800_600,200,600,0,1200,4803600,1441801,600,5120000,960000,1441200,480000,961200,480000,0,0,0,481200,202753,0.2028
distribute_parallel_for_split_200_800_600,200,600,0,1200,4803600,1441801,600,5120000,960000,1441200,480000,961200,480000,0,0,0,481200,39928,0.0399
swap_distribute_parallel_for_200_800_600,200,600,0,1200,4803600,1441801,600,5120000,960000,1441200,480000,961200,480000,0,0,0,481200,79845,0.0798
swap_distribute_parallel_for_split_200_800_600,200,600,0,1200,4803600,1441801,600,5120000,960000,1441200,480000,961200,480000,0,0,0,481200,39940,0.0399
distribute_parallel_for_collapse_200_800_600,200,600,0,1200,4803600,1441801,600,5120000,960000,1441200,480000,961200,480000,0,0,0,481200,39847,0.0398
swap_distribute_parallel_for_collapse_200_800_600,200,600,0,1200,4803600,1441801,600,5120000,960000,1441200,480000,961200,480000,0,0,0,481200,39907,0.0399
distribute_parallel_for_200_800_700,200,700,0,1400,5604200,1682101,700,5760000,1120000,1681400,560000,1121400,560000,0,0,0,561400,213615,0.2136
distribute_parallel_for_split_200_800_700,200,700,0,1400,5604200,1682101,700,5760000,1120000,1681400,560000,1121400,560000,0,0,0,561400,31708,0.0317
swap_distribute_parallel_for_200_800_700,200,700,0,1400,5604200,1682101,700,5760000,1120000,1681400,560000,1121400,560000,0,0,0,561400,63403,0.0634
swap_distribute_parallel_for_split_200_800_700,200,700,0,1400,5604200,1682101,700,5760000,1120000,1681400,560000,1121400,560000,0,0,0,561400,26271,0.0263
distribute_parallel_for_collapse_200_800_700,200,700,0,1400,5604200,1682101,700,5760000,1120000,1681400,560000,1121400,560000,0,0,0,561400,29200,0.0292
swap_distribute_parallel_for_collapse_200_800_700,200,700,0,1400,5604200,1682101,700,5760000,1120000,1681400,560000,1121400,560000,0,0,0,561400,40014,0.0400
distribute_parallel_for_200_800_800,200,800,0,1600,6404800,1922401,800,6400000,1280000,1921600,640000,1281600,640000,0,0,0,641600,221813,0.2218
distribute_parallel_for_split_200_800_800,200,800,0,1600,6404800,1922401,800,6400000,1280000,1921600,640000,1281600,640000,0,0,0,641600,40007,0.0400
swap_distribute_parallel_for_200_800_800,200,800,0,1600,6404800,1922401,800,6400000,1280000,1921600,640000,1281600,640000,0,0,0,641600,76217,0.0762
swap_distribute_parallel_for_split_200_800_800,200,800,0,1600,6404800,1922401,800,6400000,1280000,1921600,640000,1281600,640000,0,0,0,641600,61249,0.0612
distribute_parallel_for_collapse_200_800_800,200,800,0,1600,6404800,1922401,800,6400000,1280000,1921600,640000,1281600,640000,0,0,0,641600,38870,0.0389
swap_distribute_parallel_for_collapse_200_800_800,200,800,0,1600,6404800,1922401,800,6400000,1280000,1921600,640000,1281600,640000,0,0,0,641600,55616,0.0556
distribute_parallel_for_200_800_900,200,900,0,1800,7205400,2162701,900,7040000,1440000,2161800,720000,1441800,720000,0,0,0,721800,260590,0.2606
distribute_parallel_for_split_200_800_900,200,900,0,1800,7205400,2162701,900,7040000,1440000,2161800,720000,1441800,720000,0,0,0,721800,62829,0.0628
swap_distribute_parallel_for_200_800_900,200,900,0,1800,7205400,2162701,900,7040000,1440000,2161800,720000,1441800,720000,0,0,0,721800,68639,0.0686
swap_distribute_parallel_for_split_200_800_900,200,900,0,1800,7205400,2162701,900,7040000,1440000,2161800,720000,1441800,720000,0,0,0,721800,34598,0.0346
distribute_parallel_for_collapse_200_800_900,200,900,0,1800,7205400,2162701,900,7040000,1440000,2161800,720000,1441800,720000,0,0,0,721800,38031,0.0380
swap_distribute_parallel_for_collapse_200_800_900,200,900,0,1800,7205400,2162701,900,7040000,1440000,2161800,720000,1441800,720000,0,0,0,721800,68189,0.0682
distribute_parallel_for_200_900_100,200,100,0,200,900600,270301,100,2160000,160000,270200,90000,180200,90000,0,0,0,90200,37945,0.0379
distribute_parallel_for_split_200_900_100,200,100,0,200,900600,270301,100,2160000,160000,270200,90000,180200,90000,0,0,0,90200,7206,0.0072
swap_distribute_parallel_for_200_900_100,200,100,0,200,900600,270301,100,2160000,160000,270200,90000,180200,90000,0,0,0,90200,64463,0.0645
swap_distribute_parallel_for_split_200_900_100,200,100,0,200,900600,270301,100,2160000,160000,270200,90000,180200,90000,0,0,0,90200,9013,0.0090
distribute_parallel_for_collapse_200_900_100,200,100,0,200,900600,270301,100,2160000,160000,270200,90000,180200,90000,0,0,0,90200,6043,0.0060
swap_distribute_parallel_for_collapse_200_900_100,200,100,0,200,900600,270301,100,2160000,160000,270200,90000,180200,90000,0,0,0,90200,6069,0.0061
distribute_parallel_for_200_900_200,200,200,0,400,1801200,540601,200,2880000,320000,540400,180000,360400,180000,0,0,0,180400,67259,0.0673
distribute_parallel_for_split_200_900_200,200,200,0,400,1801200,540601,200,2880000,320000,540400,180000,360400,180000,0,0,0,180400,32893,0.0329
swap_distribute_parallel_for_200_900_200,200,200,0,400,1801200,540601,200,2880000,320000,540400,180000,360400,180000,0,0,0,180400,91307,0.0913
swap_distribute_parallel_for_split_200_900_200,200,200,0,400,1801200,540601,200,2880000,320000,540400,180000,360400,180000,0,0,0,180400,10903,0.0109
distribute_parallel_for_collapse_200_900_200,200,200,0,400,1801200,540601,200,2880000,320000,540400,180000,360400,180000,0,0,0,180400,28035,0.0280
swap_distribute_parallel_for_collapse_200_900_200,200,200,0,400,1801200,540601,200,2880000,320000,540400,180000,360400,180000,0,0,0,180400,10100,0.0101
distribute_parallel_for_200_900_300,200,300,0,600,2701800,810901,300,3600000,480000,810600,270000,540600,270000,0,0,0,270600,108869,0.1089
distribute_parallel_for_split_200_900_300,200,300,0,600,2701800,810901,300,3600000,480000,810600,270000,540600,270000,0,0,0,270600,19028,0.0190
swap_distribute_parallel_for_200_900_300,200,300,0,600,2701800,810901,300,3600000,480000,810600,270000,540600,270000,0,0,0,270600,74069,0.0741
swap_distribute_parallel_for_split_200_900_300,200,300,0,600,2701800,810901,300,3600000,480000,810600,270000,540600,270000,0,0,0,270600,30179,0.0302
distribute_parallel_for_collapse_200_900_300,200,300,0,600,2701800,810901,300,3600000,480000,810600,270000,540600,270000,0,0,0,270600,13339,0.0133
swap_distribute_parallel_for_collapse_200_900_300,200,300,0,600,2701800,810901,300,3600000,480000,810600,270000,540600,270000,0,0,0,270600,13024,0.0130
distribute_parallel_for_200_900_400,200,400,0,800,3602400,1081201,400,4320000,640000,1080800,360000,720800,360000,0,0,0,360800,151464,0.1515
distribute_parallel_for_split_200_900_400,200,400,0,800,3602400,1081201,400,4320000,640000,1080800,360000,720800,360000,0,0,0,360800,21664,0.0217
swap_distribute_parallel_for_200_900_400,200,400,0,800,3602400,1081201,400,4320000,640000,1080800,360000,720800,360000,0,0,0,360800,68105,0.0681
swap_distribute_parallel_for_split_200_900_400,200,400,0,800,3602400,1081201,400,4320000,640000,1080800,360000,720800,360000,0,0,0,360800,39871,0.0399
distribute_parallel_for_collapse_200_900_400,200,400,0,800,3602400,1081201,400,4320000,640000,1080800,360000,720800,360000,0,0,0,360800,16669,0.0167
swap_distribute_parallel_for_collapse_200_900_400,200,400,0,800,3602400,1081201,400,4320000,640000,1080800,360000,720800,360000,0,0,0,360800,23147,0.0231
distribute_parallel_for_200_900_500,200,500,0,1000,4503000,1351501,500,5040000,800000,1351000,450000,901000,450000,0,0,0,451000,171336,0.1713
distribute_parallel_for_split_200_900_500,200,500,0,1000,4503000,1351501,500,5040000,800000,1351000,450000,901000,450000,0,0,0,451000,39241,0.0392
swap_distribute_parallel_for_200_900_500,200,500,0,1000,4503000,1351501,500,5040000,800000,1351000,450000,901000,450000,0,0,0,451000,67408,0.0674
swap_distribute_parallel_for_split_200_900_500,200,500,0,1000,4503000,1351501,500,5040000,800000,1351000,450000,901000,450000,0,0,0,451000,56564,0.0566
distribute_parallel_for_collapse_200_900_500,200,500,0,1000,4503000,1351501,500,5040000,800000,1351000,450000,901000,450000,0,0,0,451000,20241,0.0202
swap_distribute_parallel_for_collapse_200_900_500,200,500,0,1000,4503000,1351501,500,5040000,800000,1351000,450000,901000,450000,0,0,0,451000,20834,0.0208
distribute_parallel_for_200_900_600,200,600,0,1200,5403600,1621801,600,5760000,960000,1621200,540000,1081200,540000,0,0,0,541200,200090,0.2001
distribute_parallel_for_split_200_900_600,200,600,0,1200,5403600,1621801,600,5760000,960000,1621200,540000,1081200,540000,0,0,0,541200,31889,0.0319
swap_distribute_parallel_for_200_900_600,200,600,0,1200,5403600,1621801,600,5760000,960000,1621200,540000,1081200,540000,0,0,0,541200,72200,0.0722
swap_distribute_parallel_for_split_200_900_600,200,600,0,1200,5403600,1621801,600,5760000,960000,1621200,540000,1081200,540000,0,0,0,541200,30937,0.0309
distribute_parallel_for_collapse_200_900_600,200,600,0,1200,5403600,1621801,600,5760000,960000,1621200,540000,1081200,540000,0,0,0,541200,23565,0.0236
swap_distribute_parallel_for_collapse_200_900_600,200,600,0,1200,5403600,1621801,600,5760000,960000,1621200,540000,1081200,540000,0,0,0,541200,23044,0.0230
distribute_parallel_for_200_900_700,200,700,0,1400,6304200,1892101,700,6480000,1120000,1891400,630000,1261400,630000,0,0,0,631400,210934,0.2109
distribute_parallel_for_split_200_900_700,200,700,0,1400,6304200,1892101,700,6480000,1120000,1891400,630000,1261400,630000,0,0,0,631400,46978,0.0470
swap_distribute_parallel_for_200_900_700,200,700,0,1400,6304200,1892101,700,6480000,1120000,1891400,630000,1261400,630000,0,0,0,631400,81346,0.0813
swap_distribute_parallel_for_split_200_900_700,200,700,0,1400,6304200,1892101,700,6480000,1120000,1891400,630000,1261400,630000,0,0,0,631400,50186,0.0502
distribute_parallel_for_collapse_200_900_700,200,700,0,1400,6304200,1892101,700,6480000,1120000,1891400,630000,1261400,630000,0,0,0,631400,38304,0.0383
swap_distribute_parallel_for_collapse_200_900_700,200,700,0,1400,6304200,1892101,700,6480000,1120000,1891400,630000,1261400,630000,0,0,0,631400,47764,0.0478
distribute_parallel_for_200_900_800,200,800,0,1600,7204800,2162401,800,7200000,1280000,2161600,720000,1441600,720000,0,0,0,721600,259507,0.2595
distribute_parallel_for_split_200_900_800,200,800,0,1600,7204800,2162401,800,7200000,1280000,2161600,720000,1441600,720000,0,0,0,721600,62515,0.0625
swap_distribute_parallel_for_200_900_800,200,800,0,1600,7204800,2162401,800,7200000,1280000,2161600,720000,1441600,720000,0,0,0,721600,78588,0.0786
swap_distribute_parallel_for_split_200_900_800,200,800,0,1600,7204800,2162401,800,7200000,1280000,2161600,720000,1441600,720000,0,0,0,721600,36177,0.0362
distribute_parallel_for_collapse_200_900_800,200,800,0,1600,7204800,2162401,800,7200000,1280000,2161600,720000,1441600,720000,0,0,0,721600,35900,0.0359
swap_distribute_parallel_for_collapse_200_900_800,200,800,0,1600,7204800,2162401,800,7200000,1280000,2161600,720000,1441600,720000,0,0,0,721600,37070,0.0371
distribute_parallel_for_200_900_900,200,900,0,1800,8105400,2432701,900,7920000,1440000,2431800,810000,1621800,810000,0,0,0,811800,290193,0.2902
distribute_parallel_for_split_200_900_900,200,900,0,1800,8105400,2432701,900,7920000,1440000,2431800,810000,1621800,810000,0,0,0,811800,77208,0.0772
swap_distribute_parallel_for_200_900_900,200,900,0,1800,8105400,2432701,900,7920000,1440000,2431800,810000,1621800,810000,0,0,0,811800,84562,0.0846
swap_distribute_parallel_for_split_200_900_900,200,900,0,1800,8105400,2432701,900,7920000,1440000,2431800,810000,1621800,810000,0,0,0,811800,39534,0.0395
distribute_parallel_for_collapse_200_900_900,200,900,0,1800,8105400,2432701,900,7920000,1440000,2431800,810000,1621800,810000,0,0,0,811800,58282,0.0583
swap_distribute_parallel_for_collapse_200_900_900,200,900,0,1800,8105400,2432701,900,7920000,1440000,2431800,810000,1621800,810000,0,0,0,811800,51646,0.0516
distribute_parallel_for_2150_2150_2150,2150,2150,0,4300,46237900,13873951,2150,73960000,36980000,13871800,4622500,9249300,4622500,0,0,0,4626800,3937105,3.9371
distribute_parallel_for_split_2150_2150_2150,2150,2150,0,4300,46237900,13873951,2150,73960000,36980000,13871800,4622500,9249300,4622500,0,0,0,4626800,2828449,2.8284
swap_distribute_parallel_for_2150_2150_2150,2150,2150,0,4300,46237900,13873951,2150,73960000,36980000,13871800,4622500,9249300,4622500,0,0,0,4626800,5042791,5.0428
swap_distribute_parallel_for_split_2150_2150_2150,2150,2150,0,4300,46237900,13873951,2150,73960000,36980000,13871800,4622500,9249300,4622500,0,0,0,4626800,2635206,2.6352
distribute_parallel_for_collapse_2150_2150_2150,2150,2150,0,4300,46237900,13873951,2150,73960000,36980000,13871800,4622500,9249300,4622500,0,0,0,4626800,3032912,3.0329
swap_distribute_parallel_for_collapse_2150_2150_2150,2150,2150,0,4300,46237900,13873951,2150,73960000,36980000,13871800,4622500,9249300,4622500,0,0,0,4626800,2687697,2.6877
distribute_parallel_for_2150_2150_2250,2150,2250,0,4500,48388500,14519251,2250,75680000,38700000,14517000,4837500,9679500,4837500,0,0,0,4842000,4193061,4.1931
distribute_parallel_for_split_2150_2150_2250,2150,2250,0,4500,48388500,14519251,2250,75680000,38700000,14517000,4837500,9679500,4837500,0,0,0,4842000,2625597,2.6256
swap_distribute_parallel_for_2150_2150_2250,2150,2250,0,4500,48388500,14519251,2250,75680000,38700000,14517000,4837500,9679500,4837500,0,0,0,4842000,5149991,5.1500
swap_distribute_parallel_for_split_2150_2150_2250,2150,2250,0,4500,48388500,14519251,2250,75680000,38700000,14517000,4837500,9679500,4837500,0,0,0,4842000,2930413,2.9304
distribute_parallel_for_collapse_2150_2150_2250,2150,2250,0,4500,48388500,14519251,2250,75680000,38700000,14517000,4837500,9679500,4837500,0,0,0,4842000,3165913,3.1659
swap_distribute_parallel_for_collapse_2150_2150_2250,2150,2250,0,4500,48388500,14519251,2250,75680000,38700000,14517000,4837500,9679500,4837500,0,0,0,4842000,2867059,2.8671
distribute_parallel_for_2150_2150_2350,2150,2350,0,4700,50539100,15164551,2350,77400000,40420000,15162200,5052500,10109700,5052500,0,0,0,5057200,4505334,4.5053
distribute_parallel_for_split_2150_2150_2350,2150,2350,0,4700,50539100,15164551,2350,77400000,40420000,15162200,5052500,10109700,5052500,0,0,0,5057200,3245729,3.2457
swap_distribute_parallel_for_2150_2150_2350,2150,2350,0,4700,50539100,15164551,2350,77400000,40420000,15162200,5052500,10109700,5052500,0,0,0,5057200,4790169,4.7902
swap_distribute_parallel_for_split_2150_2150_2350,2150,2350,0,4700,50539100,15164551,2350,77400000,40420000,15162200,5052500,10109700,5052500,0,0,0,5057200,2973624,2.9736
distribute_parallel_for_collapse_2150_2150_2350,2150,2350,0,4700,50539100,15164551,2350,77400000,40420000,15162200,5052500,10109700,5052500,0,0,0,5057200,3403048,3.4030
swap_distribute_parallel_for_collapse_2150_2150_2350,2150,2350,0,4700,50539100,15164551,2350,77400000,40420000,15162200,5052500,10109700,5052500,0,0,0,5057200,2965582,2.9656
distribute_parallel_for_2150_2150_2450,2150,2450,0,4900,52689700,15809851,2450,79120000,42140000,15807400,5267500,10539900,5267500,0,0,0,5272400,4697993,4.6980
distribute_parallel_for_split_2150_2150_2450,2150,2450,0,4900,52689700,15809851,2450,79120000,42140000,15807400,5267500,10539900,5267500,0,0,0,5272400,3331276,3.3313
swap_distribute_parallel_for_2150_2150_2450,2150,2450,0,4900,52689700,15809851,2450,79120000,42140000,15807400,5267500,10539900,5267500,0,0,0,5272400,4780537,4.7805
swap_distribute_parallel_for_split_2150_2150_2450,2150,2450,0,4900,52689700,15809851,2450,79120000,42140000,15807400,5267500,10539900,5267500,0,0,0,5272400,3202586,3.2026
distribute_parallel_for_collapse_2150_2150_2450,2150,2450,0,4900,52689700,15809851,2450,79120000,42140000,15807400,5267500,10539900,5267500,0,0,0,5272400,3494672,3.4947
swap_distribute_parallel_for_collapse_2150_2150_2450,2150,2450,0,4900,52689700,15809851,2450,79120000,42140000,15807400,5267500,10539900,5267500,0,0,0,5272400,3074990,3.0750
distribute_parallel_for_2150_2150_2550,2150,2550,0,5100,54840300,16455151,2550,80840000,43860000,16452600,5482500,10970100,5482500,0,0,0,5487600,4772765,4.7728
distribute_parallel_for_split_2150_2150_2550,2150,2550,0,5100,54840300,16455151,2550,80840000,43860000,16452600,5482500,10970100,5482500,0,0,0,5487600,3589938,3.5899
swap_distribute_parallel_for_2150_2150_2550,2150,2550,0,5100,54840300,16455151,2550,80840000,43860000,16452600,5482500,10970100,5482500,0,0,0,5487600,4712942,4.7129
swap_distribute_parallel_for_split_2150_2150_2550,2150,2550,0,5100,54840300,16455151,2550,80840000,43860000,16452600,5482500,10970100,5482500,0,0,0,5487600,3301089,3.3011
distribute_parallel_for_collapse_2150_2150_2550,2150,2550,0,5100,54840300,16455151,2550,80840000,43860000,16452600,5482500,10970100,5482500,0,0,0,5487600,3604713,3.6047
swap_distribute_parallel_for_collapse_2150_2150_2550,2150,2550,0,5100,54840300,16455151,2550,80840000,43860000,16452600,5482500,10970100,5482500,0,0,0,5487600,3264340,3.2643
distribute_parallel_for_2150_2150_2650,2150,2650,0,5300,56990900,17100451,2650,82560000,45580000,17097800,5697500,11400300,5697500,0,0,0,5702800,5056716,5.0567
distribute_parallel_for_split_2150_2150_2650,2150,2650,0,5300,56990900,17100451,2650,82560000,45580000,17097800,5697500,11400300,5697500,0,0,0,5702800,3463299,3.4633
swap_distribute_parallel_for_2150_2150_2650,2150,2650,0,5300,56990900,17100451,2650,82560000,45580000,17097800,5697500,11400300,5697500,0,0,0,5702800,4648299,4.6483
swap_distribute_parallel_for_split_2150_2150_2650,2150,2650,0,5300,56990900,17100451,2650,82560000,45580000,17097800,5697500,11400300,5697500,0,0,0,5702800,3373532,3.3735
distribute_parallel_for_collapse_2150_2150_2650,2150,2650,0,5300,56990900,17100451,2650,82560000,45580000,17097800,5697500,11400300,5697500,0,0,0,5702800,3741185,3.7412
swap_distribute_parallel_for_collapse_2150_2150_2650,2150,2650,0,5300,56990900,17100451,2650,82560000,45580000,17097800,5697500,11400300,5697500,0,0,0,5702800,3380042,3.3800
distribute_parallel_for_2150_2150_2750,2150,2750,0,5500,59141500,17745751,2750,84280000,47300000,17743000,5912500,11830500,5912500,0,0,0,5918000,5435704,5.4357
distribute_parallel_for_split_2150_2150_2750,2150,2750,0,5500,59141500,17745751,2750,84280000,47300000,17743000,5912500,11830500,5912500,0,0,0,5918000,3834727,3.8347
swap_distribute_parallel_for_2150_2150_2750,2150,2750,0,5500,59141500,17745751,2750,84280000,47300000,17743000,5912500,11830500,5912500,0,0,0,5918000,4822994,4.8230
swap_distribute_parallel_for_split_2150_2150_2750,2150,2750,0,5500,59141500,17745751,2750,84280000,47300000,17743000,5912500,11830500,5912500,0,0,0,5918000,3607731,3.6077
distribute_parallel_for_collapse_2150_2150_2750,2150,2750,0,5500,59141500,17745751,2750,84280000,47300000,17743000,5912500,11830500,5912500,0,0,0,5918000,3934371,3.9344
swap_distribute_parallel_for_collapse_2150_2150_2750,2150,2750,0,5500,59141500,17745751,2750,84280000,47300000,17743000,5912500,11830500,5912500,0,0,0,5918000,3486629,3.4866
distribute_parallel_for_2150_2150_2850,2150,2850,0,5700,61292100,18391051,2850,86000000,49020000,18388200,6127500,12260700,6127500,0,0,0,6133200,5634678,5.6347
distribute_parallel_for_split_2150_2150_2850,2150,2850,0,5700,61292100,18391051,2850,86000000,49020000,18388200,6127500,12260700,6127500,0,0,0,6133200,3651592,3.6516
swap_distribute_parallel_for_2150_2150_2850,2150,2850,0,5700,61292100,18391051,2850,86000000,49020000,18388200,6127500,12260700,6127500,0,0,0,6133200,4655728,4.6557
swap_distribute_parallel_for_split_2150_2150_2850,2150,2850,0,5700,61292100,18391051,2850,86000000,49020000,18388200,6127500,12260700,6127500,0,0,0,6133200,3625268,3.6253
distribute_parallel_for_collapse_2150_2150_2850,2150,2850,0,5700,61292100,18391051,2850,86000000,49020000,18388200,6127500,12260700,6127500,0,0,0,6133200,4094410,4.0944
swap_distribute_parallel_for_collapse_2150_2150_2850,2150,2850,0,5700,61292100,18391051,2850,86000000,49020000,18388200,6127500,12260700,6127500,0,0,0,6133200,3635733,3.6357
distribute_parallel_for_2150_2150_2950,2150,2950,0,5900,63442700,19036351,2950,87720000,50740000,19033400,6342500,12690900,6342500,0,0,0,6348400,5586266,5.5863
distribute_parallel_for_split_2150_2150_2950,2150,2950,0,5900,63442700,19036351,2950,87720000,50740000,19033400,6342500,12690900,6342500,0,0,0,6348400,3820183,3.8202
swap_distribute_parallel_for_2150_2150_2950,2150,2950,0,5900,63442700,19036351,2950,87720000,50740000,19033400,6342500,12690900,6342500,0,0,0,6348400,4767496,4.7675
swap_distribute_parallel_for_split_2150_2150_2950,2150,2950,0,5900,63442700,19036351,2950,87720000,50740000,19033400,6342500,12690900,6342500,0,0,0,6348400,3790369,3.7904
distribute_parallel_for_collapse_2150_2150_2950,2150,2950,0,5900,63442700,19036351,2950,87720000,50740000,19033400,6342500,12690900,6342500,0,0,0,6348400,4330734,4.3307
swap_distribute_parallel_for_collapse_2150_2150_2950,2150,2950,0,5900,63442700,19036351,2950,87720000,50740000,19033400,6342500,12690900,6342500,0,0,0,6348400,3795507,3.7955
distribute_parallel_for_2150_2250_2150,2150,2150,0,4300,48387900,14518951,2150,77400000,36980000,14516800,4837500,9679300,4837500,0,0,0,4841800,4352900,4.3529
distribute_parallel_for_split_2150_2250_2150,2150,2150,0,4300,48387900,14518951,2150,77400000,36980000,14516800,4837500,9679300,4837500,0,0,0,4841800,2984409,2.9844
swap_distribute_parallel_for_2150_2250_2150,2150,2150,0,4300,48387900,14518951,2150,77400000,36980000,14516800,4837500,9679300,4837500,0,0,0,4841800,5266183,5.2662
swap_distribute_parallel_for_split_2150_2250_2150,2150,2150,0,4300,48387900,14518951,2150,77400000,36980000,14516800,4837500,9679300,4837500,0,0,0,4841800,2787785,2.7878
distribute_parallel_for_collapse_2150_2250_2150,2150,2150,0,4300,48387900,14518951,2150,77400000,36980000,14516800,4837500,9679300,4837500,0,0,0,4841800,3254752,3.2548
swap_distribute_parallel_for_collapse_2150_2250_2150,2150,2150,0,4300,48387900,14518951,2150,77400000,36980000,14516800,4837500,9679300,4837500,0,0,0,4841800,2807126,2.8071
distribute_parallel_for_2150_2250_2250,2150,2250,0,4500,50638500,15194251,2250,79200000,38700000,15192000,5062500,10129500,5062500,0,0,0,5067000,4481492,4.4815
distribute_parallel_for_split_2150_2250_2250,2150,2250,0,4500,50638500,15194251,2250,79200000,38700000,15192000,5062500,10129500,5062500,0,0,0,5067000,3203205,3.2032
swap_distribute_parallel_for_2150_2250_2250,2150,2250,0,4500,50638500,15194251,2250,79200000,38700000,15192000,5062500,10129500,5062500,0,0,0,5067000,5301491,5.3015
swap_distribute_parallel_for_split_2150_2250_2250,2150,2250,0,4500,50638500,15194251,2250,79200000,38700000,15192000,5062500,10129500,5062500,0,0,0,5067000,3032209,3.0322
distribute_parallel_for_collapse_2150_2250_2250,2150,2250,0,4500,50638500,15194251,2250,79200000,38700000,15192000,5062500,10129500,5062500,0,0,0,5067000,3380500,3.3805
swap_distribute_parallel_for_collapse_2150_2250_2250,2150,2250,0,4500,50638500,15194251,2250,79200000,38700000,15192000,5062500,10129500,5062500,0,0,0,5067000,2971172,2.9712
distribute_parallel_for_2150_2250_2350,2150,2350,0,4700,52889100,15869551,2350,81000000,40420000,15867200,5287500,10579700,5287500,0,0,0,5292200,4673456,4.6735
distribute_parallel_for_split_2150_2250_2350,2150,2350,0,4700,52889100,15869551,2350,81000000,40420000,15867200,5287500,10579700,5287500,0,0,0,5292200,3347754,3.3478
swap_distribute_parallel_for_2150_2250_2350,2150,2350,0,4700,52889100,15869551,2350,81000000,40420000,15867200,5287500,10579700,5287500,0,0,0,5292200,5023127,5.0231
swap_distribute_parallel_for_split_2150_2250_2350,2150,2350,0,4700,52889100,15869551,2350,81000000,40420000,15867200,5287500,10579700,5287500,0,0,0,5292200,3121451,3.1215
distribute_parallel_for_collapse_2150_2250_2350,2150,2350,0,4700,52889100,15869551,2350,81000000,40420000,15867200,5287500,10579700,5287500,0,0,0,5292200,3610131,3.6101
swap_distribute_parallel_for_collapse_2150_2250_2350,2150,2350,0,4700,52889100,15869551,2350,81000000,40420000,15867200,5287500,10579700,5287500,0,0,0,5292200,3053011,3.0530
distribute_parallel_for_2150_2250_2450,2150,2450,0,4900,55139700,16544851,2450,82800000,42140000,16542400,5512500,11029900,5512500,0,0,0,5517400,4875052,4.8751
distribute_parallel_for_split_2150_2250_2450,2150,2450,0,4900,55139700,16544851,2450,82800000,42140000,16542400,5512500,11029900,5512500,0,0,0,5517400,3304176,3.3042
swap_distribute_parallel_for_2150_2250_2450,2150,2450,0,4900,55139700,16544851,2450,82800000,42140000,16542400,5512500,11029900,5512500,0,0,0,5517400,5098717,5.0987
swap_distribute_parallel_for_split_2150_2250_2450,2150,2450,0,4900,55139700,16544851,2450,82800000,42140000,16542400,5512500,11029900,5512500,0,0,0,5517400,3340280,3.3403
distribute_parallel_for_collapse_2150_2250_2450,2150,2450,0,4900,55139700,16544851,2450,82800000,42140000,16542400,5512500,11029900,5512500,0,0,0,5517400,3643168,3.6432
swap_distribute_parallel_for_collapse_2150_2250_2450,2150,2450,0,4900,55139700,16544851,2450,82800000,42140000,16542400,5512500,11029900,5512500,0,0,0,5517400,3292372,3.2924
distribute_parallel_for_2150_2250_2550,2150,2550,0,5100,57390300,17220151,2550,84600000,43860000,17217600,5737500,11480100,5737500,0,0,0,5742600,5019418,5.0194
distribute_parallel_for_split_2150_2250_2550,2150,2550,0,5100,57390300,17220151,2550,84600000,43860000,17217600,5737500,11480100,5737500,0,0,0,5742600,3687395,3.6874
swap_distribute_parallel_for_2150_2250_2550,2150,2550,0,5100,57390300,17220151,2550,84600000,43860000,17217600,5737500,11480100,5737500,0,0,0,5742600,4979901,4.9799
swap_distribute_parallel_for_split_2150_2250_2550,2150,2550,0,5100,57390300,17220151,2550,84600000,43860000,17217600,5737500,11480100,5737500,0,0,0,5742600,3408130,3.4081
distribute_parallel_for_collapse_2150_2250_2550,2150,2550,0,5100,57390300,17220151,2550,84600000,43860000,17217600,5737500,11480100,5737500,0,0,0,5742600,3811013,3.8110
swap_distribute_parallel_for_collapse_2150_2250_2550,2150,2550,0,5100,57390300,17220151,2550,84600000,43860000,17217600,5737500,11480100,5737500,0,0,0,5742600,3447174,3.4472
distribute_parallel_for_2150_2250_2650,2150,2650,0,5300,59640900,17895451,2650,86400000,45580000,17892800,5962500,11930300,5962500,0,0,0,5967800,5202012,5.2020
distribute_parallel_for_split_2150_2250_2650,2150,2650,0,5300,59640900,17895451,2650,86400000,45580000,17892800,5962500,11930300,5962500,0,0,0,5967800,3805888,3.8059
swap_distribute_parallel_for_2150_2250_2650,2150,2650,0,5300,59640900,17895451,2650,86400000,45580000,17892800,5962500,11930300,5962500,0,0,0,5967800,4963314,4.9633
swap_distribute_parallel_for_split_2150_2250_2650,2150,2650,0,5300,59640900,17895451,2650,86400000,45580000,17892800,5962500,11930300,5962500,0,0,0,5967800,3653375,3.6534
distribute_parallel_for_collapse_2150_2250_2650,2150,2650,0,5300,59640900,17895451,2650,86400000,45580000,17892800,5962500,11930300,5962500,0,0,0,5967800,3987326,3.9873
swap_distribute_parallel_for_collapse_2150_2250_2650,2150,2650,0,5300,59640900,17895451,2650,86400000,45580000,17892800,5962500,11930300,5962500,0,0,0,5967800,3524677,3.5247
distribute_parallel_for_2150_2250_2750,2150,2750,0,5500,61891500,18570751,2750,88200000,47300000,18568000,6187500,12380500,6187500,0,0,0,6193000,5591148,5.5911
distribute_parallel_for_split_2150_2250_2750,2150,2750,0,5500,61891500,18570751,2750,88200000,47300000,18568000,6187500,12380500,6187500,0,0,0,6193000,3762027,3.7620
swap_distribute_parallel_for_2150_2250_2750,2150,2750,0,5500,61891500,18570751,2750,88200000,47300000,18568000,6187500,12380500,6187500,0,0,0,6193000,4993346,4.9933
swap_distribute_parallel_for_split_2150_2250_2750,2150,2750,0,5500,61891500,18570751,2750,88200000,47300000,18568000,6187500,12380500,6187500,0,0,0,6193000,3625034,3.6250
distribute_parallel_for_collapse_2150_2250_2750,2150,2750,0,5500,61891500,18570751,2750,88200000,47300000,18568000,6187500,12380500,6187500,0,0,0,6193000,4119269,4.1193
swap_distribute_parallel_for_collapse_2150_2250_2750,2150,2750,0,5500,61891500,18570751,2750,88200000,47300000,18568000,6187500,12380500,6187500,0,0,0,6193000,3748889,3.7489
distribute_parallel_for_2150_2250_2850,2150,2850,0,5700,64142100,19246051,2850,90000000,49020000,19243200,6412500,12830700,6412500,0,0,0,6418200,5873289,5.8733
distribute_parallel_for_split_2150_2250_2850,2150,2850,0,5700,64142100,19246051,2850,90000000,49020000,19243200,6412500,12830700,6412500,0,0,0,6418200,4076709,4.0767
swap_distribute_parallel_for_2150_2250_2850,2150,2850,0,5700,64142100,19246051,2850,90000000,49020000,19243200,6412500,12830700,6412500,0,0,0,6418200,4847155,4.8472
swap_distribute_parallel_for_split_2150_2250_2850,2150,2850,0,5700,64142100,19246051,2850,90000000,49020000,19243200,6412500,12830700,6412500,0,0,0,6418200,3721238,3.7212
distribute_parallel_for_collapse_2150_2250_2850,2150,2850,0,5700,64142100,19246051,2850,90000000,49020000,19243200,6412500,12830700,6412500,0,0,0,6418200,4244803,4.2448
swap_distribute_parallel_for_collapse_2150_2250_2850,2150,2850,0,5700,64142100,19246051,2850,90000000,49020000,19243200,6412500,12830700,6412500,0,0,0,6418200,3774078,3.7741
distribute_parallel_for_2150_2250_2950,2150,2950,0,5900,66392700,19921351,2950,91800000,50740000,19918400,6637500,13280900,6637500,0,0,0,6643400,6088343,6.0883
distribute_parallel_for_split_2150_2250_2950,2150,2950,0,5900,66392700,19921351,2950,91800000,50740000,19918400,6637500,13280900,6637500,0,0,0,6643400,4032433,4.0324
swap_distribute_parallel_for_2150_2250_2950,2150,2950,0,5900,66392700,19921351,2950,91800000,50740000,19918400,6637500,13280900,6637500,0,0,0,6643400,4965688,4.9657
swap_distribute_parallel_for_split_2150_2250_2950,2150,2950,0,5900,66392700,19921351,2950,91800000,50740000,19918400,6637500,13280900,6637500,0,0,0,6643400,4103907,4.1039
distribute_parallel_for_collapse_2150_2250_2950,2150,2950,0,5900,66392700,19921351,2950,91800000,50740000,19918400,6637500,13280900,6637500,0,0,0,6643400,4427603,4.4276
swap_distribute_parallel_for_collapse_2150_2250_2950,2150,2950,0,5900,66392700,19921351,2950,91800000,50740000,19918400,6637500,13280900,6637500,0,0,0,6643400,4133958,4.1340
distribute_parallel_for_2150_2350_2150,2150,2150,0,4300,50537900,15163951,2150,80840000,36980000,15161800,5052500,10109300,5052500,0,0,0,5056800,4658496,4.6585
distribute_parallel_for_split_2150_2350_2150,2150,2150,0,4300,50537900,15163951,2150,80840000,36980000,15161800,5052500,10109300,5052500,0,0,0,5056800,2977863,2.9779
swap_distribute_parallel_for_2150_2350_2150,2150,2150,0,4300,50537900,15163951,2150,80840000,36980000,15161800,5052500,10109300,5052500,0,0,0,5056800,5672258,5.6723
swap_distribute_parallel_for_split_2150_2350_2150,2150,2150,0,4300,50537900,15163951,2150,80840000,36980000,15161800,5052500,10109300,5052500,0,0,0,5056800,2929011,2.9290
distribute_parallel_for_collapse_2150_2350_2150,2150,2150,0,4300,50537900,15163951,2150,80840000,36980000,15161800,5052500,10109300,5052500,0,0,0,5056800,3381124,3.3811
swap_distribute_parallel_for_collapse_2150_2350_2150,2150,2150,0,4300,50537900,15163951,2150,80840000,36980000,15161800,5052500,10109300,5052500,0,0,0,5056800,2937222,2.9372
distribute_parallel_for_2150_2350_2250,2150,2250,0,4500,52888500,15869251,2250,82720000,38700000,15867000,5287500,10579500,5287500,0,0,0,5292000,4659261,4.6593
distribute_parallel_for_split_2150_2350_2250,2150,2250,0,4500,52888500,15869251,2250,82720000,38700000,15867000,5287500,10579500,5287500,0,0,0,5292000,3491021,3.4910
swap_distribute_parallel_for_2150_2350_2250,2150,2250,0,4500,52888500,15869251,2250,82720000,38700000,15867000,5287500,10579500,5287500,0,0,0,5292000,5611372,5.6114
swap_distribute_parallel_for_split_2150_2350_2250,2150,2250,0,4500,52888500,15869251,2250,82720000,38700000,15867000,5287500,10579500,5287500,0,0,0,5292000,3343537,3.3435
distribute_parallel_for_collapse_2150_2350_2250,2150,2250,0,4500,52888500,15869251,2250,82720000,38700000,15867000,5287500,10579500,5287500,0,0,0,5292000,3486862,3.4869
swap_distribute_parallel_for_collapse_2150_2350_2250,2150,2250,0,4500,52888500,15869251,2250,82720000,38700000,15867000,5287500,10579500,5287500,0,0,0,5292000,3098179,3.0982
distribute_parallel_for_2150_2350_2350,2150,2350,0,4700,55239100,16574551,2350,84600000,40420000,16572200,5522500,11049700,5522500,0,0,0,5527200,4925458,4.9255
distribute_parallel_for_split_2150_2350_2350,2150,2350,0,4700,55239100,16574551,2350,84600000,40420000,16572200,5522500,11049700,5522500,0,0,0,5527200,3426823,3.4268
swap_distribute_parallel_for_2150_2350_2350,2150,2350,0,4700,55239100,16574551,2350,84600000,40420000,16572200,5522500,11049700,5522500,0,0,0,5527200,5283208,5.2832
swap_distribute_parallel_for_split_2150_2350_2350,2150,2350,0,4700,55239100,16574551,2350,84600000,40420000,16572200,5522500,11049700,5522500,0,0,0,5527200,3187638,3.1876
distribute_parallel_for_collapse_2150_2350_2350,2150,2350,0,4700,55239100,16574551,2350,84600000,40420000,16572200,5522500,11049700,5522500,0,0,0,5527200,3655854,3.6559
swap_distribute_parallel_for_collapse_2150_2350_2350,2150,2350,0,4700,55239100,16574551,2350,84600000,40420000,16572200,5522500,11049700,5522500,0,0,0,5527200,3220933,3.2209
distribute_parallel_for_2150_2350_2450,2150,2450,0,4900,57589700,17279851,2450,86480000,42140000,17277400,5757500,11519900,5757500,0,0,0,5762400,5358023,5.3580
distribute_parallel_for_split_2150_2350_2450,2150,2450,0,4900,57589700,17279851,2450,86480000,42140000,17277400,5757500,11519900,5757500,0,0,0,5762400,3325289,3.3253
swap_distribute_parallel_for_2150_2350_2450,2150,2450,0,4900,57589700,17279851,2450,86480000,42140000,17277400,5757500,11519900,5757500,0,0,0,5762400,5258030,5.2580
swap_distribute_parallel_for_split_2150_2350_2450,2150,2450,0,4900,57589700,17279851,2450,86480000,42140000,17277400,5757500,11519900,5757500,0,0,0,5762400,3504985,3.5050
distribute_parallel_for_collapse_2150_2350_2450,2150,2450,0,4900,57589700,17279851,2450,86480000,42140000,17277400,5757500,11519900,5757500,0,0,0,5762400,3802658,3.8027
swap_distribute_parallel_for_collapse_2150_2350_2450,2150,2450,0,4900,57589700,17279851,2450,86480000,42140000,17277400,5757500,11519900,5757500,0,0,0,5762400,3360610,3.3606
distribute_parallel_for_2150_2350_2550,2150,2550,0,5100,59940300,17985151,2550,88360000,43860000,17982600,5992500,11990100,5992500,0,0,0,5997600,5390885,5.3909
distribute_parallel_for_split_2150_2350_2550,2150,2550,0,5100,59940300,17985151,2550,88360000,43860000,17982600,5992500,11990100,5992500,0,0,0,5997600,3585498,3.5855
swap_distribute_parallel_for_2150_2350_2550,2150,2550,0,5100,59940300,17985151,2550,88360000,43860000,17982600,5992500,11990100,5992500,0,0,0,5997600,5192743,5.1927
swap_distribute_parallel_for_split_2150_2350_2550,2150,2550,0,5100,59940300,17985151,2550,88360000,43860000,17982600,5992500,11990100,5992500,0,0,0,5997600,3558016,3.5580
distribute_parallel_for_collapse_2150_2350_2550,2150,2550,0,5100,59940300,17985151,2550,88360000,43860000,17982600,5992500,11990100,5992500,0,0,0,5997600,3933016,3.9330
swap_distribute_parallel_for_collapse_2150_2350_2550,2150,2550,0,5100,59940300,17985151,2550,88360000,43860000,17982600,5992500,11990100,5992500,0,0,0,5997600,3530071,3.5301
distribute_parallel_for_2150_2350_2650,2150,2650,0,5300,62290900,18690451,2650,90240000,45580000,18687800,6227500,12460300,6227500,0,0,0,6232800,5729601,5.7296
distribute_parallel_for_split_2150_2350_2650,2150,2650,0,5300,62290900,18690451,2650,90240000,45580000,18687800,6227500,12460300,6227500,0,0,0,6232800,3725775,3.7258
swap_distribute_parallel_for_2150_2350_2650,2150,2650,0,5300,62290900,18690451,2650,90240000,45580000,18687800,6227500,12460300,6227500,0,0,0,6232800,5281372,5.2814
swap_distribute_parallel_for_split_2150_2350_2650,2150,2650,0,5300,62290900,18690451,2650,90240000,45580000,18687800,6227500,12460300,6227500,0,0,0,6232800,3768666,3.7687
distribute_parallel_for_collapse_2150_2350_2650,2150,2650,0,5300,62290900,18690451,2650,90240000,45580000,18687800,6227500,12460300,6227500,0,0,0,6232800,4125608,4.1256
swap_distribute_parallel_for_collapse_2150_2350_2650,2150,2650,0,5300,62290900,18690451,2650,90240000,45580000,18687800,6227500,12460300,6227500,0,0,0,6232800,3736244,3.7362
distribute_parallel_for_2150_2350_2750,2150,2750,0,5500,64641500,19395751,2750,92120000,47300000,19393000,6462500,12930500,6462500,0,0,0,6468000,5666133,5.6661
distribute_parallel_for_split_2150_2350_2750,2150,2750,0,5500,64641500,19395751,2750,92120000,47300000,19393000,6462500,12930500,6462500,0,0,0,6468000,4235177,4.2352
swap_distribute_parallel_for_2150_2350_2750,2150,2750,0,5500,64641500,19395751,2750,92120000,47300000,19393000,6462500,12930500,6462500,0,0,0,6468000,5148011,5.1480
swap_distribute_parallel_for_split_2150_2350_2750,2150,2750,0,5500,64641500,19395751,2750,92120000,47300000,19393000,6462500,12930500,6462500,0,0,0,6468000,3833728,3.8337
distribute_parallel_for_collapse_2150_2350_2750,2150,2750,0,5500,64641500,19395751,2750,92120000,47300000,19393000,6462500,12930500,6462500,0,0,0,6468000,4256718,4.2567
swap_distribute_parallel_for_collapse_2150_2350_2750,2150,2750,0,5500,64641500,19395751,2750,92120000,47300000,19393000,6462500,12930500,6462500,0,0,0,6468000,3828559,3.8286
distribute_parallel_for_2150_2350_2850,2150,2850,0,5700,66992100,20101051,2850,94000000,49020000,20098200,6697500,13400700,6697500,0,0,0,6703200,6077716,6.0777
distribute_parallel_for_split_2150_2350_2850,2150,2850,0,5700,66992100,20101051,2850,94000000,49020000,20098200,6697500,13400700,6697500,0,0,0,6703200,4485677,4.4857
swap_distribute_parallel_for_2150_2350_2850,2150,2850,0,5700,66992100,20101051,2850,94000000,49020000,20098200,6697500,13400700,6697500,0,0,0,6703200,5133039,5.1330
swap_distribute_parallel_for_split_2150_2350_2850,2150,2850,0,5700,66992100,20101051,2850,94000000,49020000,20098200,6697500,13400700,6697500,0,0,0,6703200,3868514,3.8685
distribute_parallel_for_collapse_2150_2350_2850,2150,2850,0,5700,66992100,20101051,2850,94000000,49020000,20098200,6697500,13400700,6697500,0,0,0,6703200,4463162,4.4632
swap_distribute_parallel_for_collapse_2150_2350_2850,2150,2850,0,5700,66992100,20101051,2850,94000000,49020000,20098200,6697500,13400700,6697500,0,0,0,6703200,4025949,4.0259
distribute_parallel_for_2150_2350_2950,2150,2950,0,5900,69342700,20806351,2950,95880000,50740000,20803400,6932500,13870900,6932500,0,0,0,6938400,6319384,6.3194
distribute_parallel_for_split_2150_2350_2950,2150,2950,0,5900,69342700,20806351,2950,95880000,50740000,20803400,6932500,13870900,6932500,0,0,0,6938400,4407306,4.4073
swap_distribute_parallel_for_2150_2350_2950,2150,2950,0,5900,69342700,20806351,2950,95880000,50740000,20803400,6932500,13870900,6932500,0,0,0,6938400,5160078,5.1601
swap_distribute_parallel_for_split_2150_2350_2950,2150,2950,0,5900,69342700,20806351,2950,95880000,50740000,20803400,6932500,13870900,6932500,0,0,0,6938400,4234526,4.2345
distribute_parallel_for_collapse_2150_2350_2950,2150,2950,0,5900,69342700,20806351,2950,95880000,50740000,20803400,6932500,13870900,6932500,0,0,0,6938400,4658167,4.6582
swap_distribute_parallel_for_collapse_2150_2350_2950,2150,2950,0,5900,69342700,20806351,2950,95880000,50740000,20803400,6932500,13870900,6932500,0,0,0,6938400,4293461,4.2935
distribute_parallel_for_2150_2450_2150,2150,2150,0,4300,52687900,15808951,2150,84280000,36980000,15806800,5267500,10539300,5267500,0,0,0,5271800,4680510,4.6805
distribute_parallel_for_split_2150_2450_2150,2150,2150,0,4300,52687900,15808951,2150,84280000,36980000,15806800,5267500,10539300,5267500,0,0,0,5271800,3321799,3.3218
swap_distribute_parallel_for_2150_2450_2150,2150,2150,0,4300,52687900,15808951,2150,84280000,36980000,15806800,5267500,10539300,5267500,0,0,0,5271800,5809689,5.8097
swap_distribute_parallel_for_split_2150_2450_2150,2150,2150,0,4300,52687900,15808951,2150,84280000,36980000,15806800,5267500,10539300,5267500,0,0,0,5271800,3013183,3.0132
distribute_parallel_for_collapse_2150_2450_2150,2150,2150,0,4300,52687900,15808951,2150,84280000,36980000,15806800,5267500,10539300,5267500,0,0,0,5271800,3472068,3.4721
swap_distribute_parallel_for_collapse_2150_2450_2150,2150,2150,0,4300,52687900,15808951,2150,84280000,36980000,15806800,5267500,10539300,5267500,0,0,0,5271800,3097464,3.0975
distribute_parallel_for_2150_2450_2250,2150,2250,0,4500,55138500,16544251,2250,86240000,38700000,16542000,5512500,11029500,5512500,0,0,0,5517000,5035081,5.0351
distribute_parallel_for_split_2150_2450_2250,2150,2250,0,4500,55138500,16544251,2250,86240000,38700000,16542000,5512500,11029500,5512500,0,0,0,5517000,3500490,3.5005
swap_distribute_parallel_for_2150_2450_2250,2150,2250,0,4500,55138500,16544251,2250,86240000,38700000,16542000,5512500,11029500,5512500,0,0,0,5517000,5887180,5.8872
swap_distribute_parallel_for_split_2150_2450_2250,2150,2250,0,4500,55138500,16544251,2250,86240000,38700000,16542000,5512500,11029500,5512500,0,0,0,5517000,3352194,3.3522
distribute_parallel_for_collapse_2150_2450_2250,2150,2250,0,4500,55138500,16544251,2250,86240000,38700000,16542000,5512500,11029500,5512500,0,0,0,5517000,3675653,3.6757
swap_distribute_parallel_for_collapse_2150_2450_2250,2150,2250,0,4500,55138500,16544251,2250,86240000,38700000,16542000,5512500,11029500,5512500,0,0,0,5517000,3341785,3.3418
distribute_parallel_for_2150_2450_2350,2150,2350,0,4700,57589100,17279551,2350,88200000,40420000,17277200,5757500,11519700,5757500,0,0,0,5762200,5044658,5.0447
distribute_parallel_for_split_2150_2450_2350,2150,2350,0,4700,57589100,17279551,2350,88200000,40420000,17277200,5757500,11519700,5757500,0,0,0,5762200,3595032,3.5950
swap_distribute_parallel_for_2150_2450_2350,2150,2350,0,4700,57589100,17279551,2350,88200000,40420000,17277200,5757500,11519700,5757500,0,0,0,5762200,5537094,5.5371
swap_distribute_parallel_for_split_2150_2450_2350,2150,2350,0,4700,57589100,17279551,2350,88200000,40420000,17277200,5757500,11519700,5757500,0,0,0,5762200,3366610,3.3666
distribute_parallel_for_collapse_2150_2450_2350,2150,2350,0,4700,57589100,17279551,2350,88200000,40420000,17277200,5757500,11519700,5757500,0,0,0,5762200,3971694,3.9717
swap_distribute_parallel_for_collapse_2150_2450_2350,2150,2350,0,4700,57589100,17279551,2350,88200000,40420000,17277200,5757500,11519700,5757500,0,0,0,5762200,3350828,3.3508
distribute_parallel_for_2150_2450_2450,2150,2450,0,4900,60039700,18014851,2450,90160000,42140000,18012400,6002500,12009900,6002500,0,0,0,6007400,5571268,5.5713
distribute_parallel_for_split_2150_2450_2450,2150,2450,0,4900,60039700,18014851,2450,90160000,42140000,18012400,6002500,12009900,6002500,0,0,0,6007400,4074031,4.0740
swap_distribute_parallel_for_2150_2450_2450,2150,2450,0,4900,60039700,18014851,2450,90160000,42140000,18012400,6002500,12009900,6002500,0,0,0,6007400,5627196,5.6272
swap_distribute_parallel_for_split_2150_2450_2450,2150,2450,0,4900,60039700,18014851,2450,90160000,42140000,18012400,6002500,12009900,6002500,0,0,0,6007400,3774552,3.7746
distribute_parallel_for_collapse_2150_2450_2450,2150,2450,0,4900,60039700,18014851,2450,90160000,42140000,18012400,6002500,12009900,6002500,0,0,0,6007400,3962872,3.9629
swap_distribute_parallel_for_collapse_2150_2450_2450,2150,2450,0,4900,60039700,18014851,2450,90160000,42140000,18012400,6002500,12009900,6002500,0,0,0,6007400,3545695,3.5457
distribute_parallel_for_2150_2450_2550,2150,2550,0,5100,62490300,18750151,2550,92120000,43860000,18747600,6247500,12500100,6247500,0,0,0,6252600,5691592,5.6916
distribute_parallel_for_split_2150_2450_2550,2150,2550,0,5100,62490300,18750151,2550,92120000,43860000,18747600,6247500,12500100,6247500,0,0,0,6252600,4177817,4.1778
swap_distribute_parallel_for_2150_2450_2550,2150,2550,0,5100,62490300,18750151,2550,92120000,43860000,18747600,6247500,12500100,6247500,0,0,0,6252600,5551756,5.5518
swap_distribute_parallel_for_split_2150_2450_2550,2150,2550,0,5100,62490300,18750151,2550,92120000,43860000,18747600,6247500,12500100,6247500,0,0,0,6252600,3751134,3.7511
distribute_parallel_for_collapse_2150_2450_2550,2150,2550,0,5100,62490300,18750151,2550,92120000,43860000,18747600,6247500,12500100,6247500,0,0,0,6252600,4169895,4.1699
swap_distribute_parallel_for_collapse_2150_2450_2550,2150,2550,0,5100,62490300,18750151,2550,92120000,43860000,18747600,6247500,12500100,6247500,0,0,0,6252600,3689616,3.6896
distribute_parallel_for_2150_2450_2650,2150,2650,0,5300,64940900,19485451,2650,94080000,45580000,19482800,6492500,12990300,6492500,0,0,0,6497800,6018401,6.0184
distribute_parallel_for_split_2150_2450_2650,2150,2650,0,5300,64940900,19485451,2650,94080000,45580000,19482800,6492500,12990300,6492500,0,0,0,6497800,4098721,4.0987
swap_distribute_parallel_for_2150_2450_2650,2150,2650,0,5300,64940900,19485451,2650,94080000,45580000,19482800,6492500,12990300,6492500,0,0,0,6497800,5361293,5.3613
swap_distribute_parallel_for_split_2150_2450_2650,2150,2650,0,5300,64940900,19485451,2650,94080000,45580000,19482800,6492500,12990300,6492500,0,0,0,6497800,3978787,3.9788
distribute_parallel_for_collapse_2150_2450_2650,2150,2650,0,5300,64940900,19485451,2650,94080000,45580000,19482800,6492500,12990300,6492500,0,0,0,6497800,4384928,4.3849
swap_distribute_parallel_for_collapse_2150_2450_2650,2150,2650,0,5300,64940900,19485451,2650,94080000,45580000,19482800,6492500,12990300,6492500,0,0,0,6497800,3817803,3.8178
distribute_parallel_for_2150_2450_2750,2150,2750,0,5500,67391500,20220751,2750,96040000,47300000,20218000,6737500,13480500,6737500,0,0,0,6743000,5978139,5.9781
distribute_parallel_for_split_2150_2450_2750,2150,2750,0,5500,67391500,20220751,2750,96040000,47300000,20218000,6737500,13480500,6737500,0,0,0,6743000,4392839,4.3928
swap_distribute_parallel_for_2150_2450_2750,2150,2750,0,5500,67391500,20220751,2750,96040000,47300000,20218000,6737500,13480500,6737500,0,0,0,6743000,5428554,5.4286
swap_distribute_parallel_for_split_2150_2450_2750,2150,2750,0,5500,67391500,20220751,2750,96040000,47300000,20218000,6737500,13480500,6737500,0,0,0,6743000,4081678,4.0817
distribute_parallel_for_collapse_2150_2450_2750,2150,2750,0,5500,67391500,20220751,2750,96040000,47300000,20218000,6737500,13480500,6737500,0,0,0,6743000,4486139,4.4861
swap_distribute_parallel_for_collapse_2150_2450_2750,2150,2750,0,5500,67391500,20220751,2750,96040000,47300000,20218000,6737500,13480500,6737500,0,0,0,6743000,3978432,3.9784
distribute_parallel_for_2150_2450_2850,2150,2850,0,5700,69842100,20956051,2850,98000000,49020000,20953200,6982500,13970700,6982500,0,0,0,6988200,6443622,6.4436
distribute_parallel_for_split_2150_2450_2850,2150,2850,0,5700,69842100,20956051,2850,98000000,49020000,20953200,6982500,13970700,6982500,0,0,0,6988200,4511134,4.5111
swap_distribute_parallel_for_2150_2450_2850,2150,2850,0,5700,69842100,20956051,2850,98000000,49020000,20953200,6982500,13970700,6982500,0,0,0,6988200,5316741,5.3167
swap_distribute_parallel_for_split_2150_2450_2850,2150,2850,0,5700,69842100,20956051,2850,98000000,49020000,20953200,6982500,13970700,6982500,0,0,0,6988200,4043279,4.0433
distribute_parallel_for_collapse_2150_2450_2850,2150,2850,0,5700,69842100,20956051,2850,98000000,49020000,20953200,6982500,13970700,6982500,0,0,0,6988200,4671763,4.6718
swap_distribute_parallel_for_collapse_2150_2450_2850,2150,2850,0,5700,69842100,20956051,2850,98000000,49020000,20953200,6982500,13970700,6982500,0,0,0,6988200,4140005,4.1400
distribute_parallel_for_2150_2450_2950,2150,2950,0,5900,72292700,21691351,2950,99960000,50740000,21688400,7227500,14460900,7227500,0,0,0,7233400,6538807,6.5388
distribute_parallel_for_split_2150_2450_2950,2150,2950,0,5900,72292700,21691351,2950,99960000,50740000,21688400,7227500,14460900,7227500,0,0,0,7233400,4200795,4.2008
swap_distribute_parallel_for_2150_2450_2950,2150,2950,0,5900,72292700,21691351,2950,99960000,50740000,21688400,7227500,14460900,7227500,0,0,0,7233400,5353582,5.3536
swap_distribute_parallel_for_split_2150_2450_2950,2150,2950,0,5900,72292700,21691351,2950,99960000,50740000,21688400,7227500,14460900,7227500,0,0,0,7233400,4374388,4.3744
distribute_parallel_for_collapse_2150_2450_2950,2150,2950,0,5900,72292700,21691351,2950,99960000,50740000,21688400,7227500,14460900,7227500,0,0,0,7233400,4939299,4.9393
swap_distribute_parallel_for_collapse_2150_2450_2950,2150,2950,0,5900,72292700,21691351,2950,99960000,50740000,21688400,7227500,14460900,7227500,0,0,0,7233400,4491363,4.4914
distribute_parallel_for_2150_2550_2150,2150,2150,0,4300,54837900,16453951,2150,87720000,36980000,16451800,5482500,10969300,5482500,0,0,0,5486800,4910464,4.9105
distribute_parallel_for_split_2150_2550_2150,2150,2150,0,4300,54837900,16453951,2150,87720000,36980000,16451800,5482500,10969300,5482500,0,0,0,5486800,3522685,3.5227
swap_distribute_parallel_for_2150_2550_2150,2150,2150,0,4300,54837900,16453951,2150,87720000,36980000,16451800,5482500,10969300,5482500,0,0,0,5486800,6056949,6.0569
swap_distribute_parallel_for_split_2150_2550_2150,2150,2150,0,4300,54837900,16453951,2150,87720000,36980000,16451800,5482500,10969300,5482500,0,0,0,5486800,3172968,3.1730
distribute_parallel_for_collapse_2150_2550_2150,2150,2150,0,4300,54837900,16453951,2150,87720000,36980000,16451800,5482500,10969300,5482500,0,0,0,5486800,3646875,3.6469
swap_distribute_parallel_for_collapse_2150_2550_2150,2150,2150,0,4300,54837900,16453951,2150,87720000,36980000,16451800,5482500,10969300,5482500,0,0,0,5486800,3144658,3.1447
distribute_parallel_for_2150_2550_2250,2150,2250,0,4500,57388500,17219251,2250,89760000,38700000,17217000,5737500,11479500,5737500,0,0,0,5742000,5247344,5.2473
distribute_parallel_for_split_2150_2550_2250,2150,2250,0,4500,57388500,17219251,2250,89760000,38700000,17217000,5737500,11479500,5737500,0,0,0,5742000,3769609,3.7696
swap_distribute_parallel_for_2150_2550_2250,2150,2250,0,4500,57388500,17219251,2250,89760000,38700000,17217000,5737500,11479500,5737500,0,0,0,5742000,6062097,6.0621
swap_distribute_parallel_for_split_2150_2550_2250,2150,2250,0,4500,57388500,17219251,2250,89760000,38700000,17217000,5737500,11479500,5737500,0,0,0,5742000,3425699,3.4257
distribute_parallel_for_collapse_2150_2550_2250,2150,2250,0,4500,57388500,17219251,2250,89760000,38700000,17217000,5737500,11479500,5737500,0,0,0,5742000,3819910,3.8199
swap_distribute_parallel_for_collapse_2150_2550_2250,2150,2250,0,4500,57388500,17219251,2250,89760000,38700000,17217000,5737500,11479500,5737500,0,0,0,5742000,3348179,3.3482
distribute_parallel_for_2150_2550_2350,2150,2350,0,4700,59939100,17984551,2350,91800000,40420000,17982200,5992500,11989700,5992500,0,0,0,5997200,5393787,5.3938
distribute_parallel_for_split_2150_2550_2350,2150,2350,0,4700,59939100,17984551,2350,91800000,40420000,17982200,5992500,11989700,5992500,0,0,0,5997200,3929897,3.9299
swap_distribute_parallel_for_2150_2550_2350,2150,2350,0,4700,59939100,17984551,2350,91800000,40420000,17982200,5992500,11989700,5992500,0,0,0,5997200,5701451,5.7015
swap_distribute_parallel_for_split_2150_2550_2350,2150,2350,0,4700,59939100,17984551,2350,91800000,40420000,17982200,5992500,11989700,5992500,0,0,0,5997200,3522940,3.5229
distribute_parallel_for_collapse_2150_2550_2350,2150,2350,0,4700,59939100,17984551,2350,91800000,40420000,17982200,5992500,11989700,5992500,0,0,0,5997200,3989992,3.9900
swap_distribute_parallel_for_collapse_2150_2550_2350,2150,2350,0,4700,59939100,17984551,2350,91800000,40420000,17982200,5992500,11989700,5992500,0,0,0,5997200,3579767,3.5798
distribute_parallel_for_2150_2550_2450,2150,2450,0,4900,62489700,18749851,2450,93840000,42140000,18747400,6247500,12499900,6247500,0,0,0,6252400,5926576,5.9266
distribute_parallel_for_split_2150_2550_2450,2150,2450,0,4900,62489700,18749851,2450,93840000,42140000,18747400,6247500,12499900,6247500,0,0,0,6252400,3558866,3.5589
swap_distribute_parallel_for_2150_2550_2450,2150,2450,0,4900,62489700,18749851,2450,93840000,42140000,18747400,6247500,12499900,6247500,0,0,0,6252400,5867279,5.8673
swap_distribute_parallel_for_split_2150_2550_2450,2150,2450,0,4900,62489700,18749851,2450,93840000,42140000,18747400,6247500,12499900,6247500,0,0,0,6252400,3835793,3.8358
distribute_parallel_for_collapse_2150_2550_2450,2150,2450,0,4900,62489700,18749851,2450,93840000,42140000,18747400,6247500,12499900,6247500,0,0,0,6252400,4215710,4.2157
swap_distribute_parallel_for_collapse_2150_2550_2450,2150,2450,0,4900,62489700,18749851,2450,93840000,42140000,18747400,6247500,12499900,6247500,0,0,0,6252400,3687723,3.6877
distribute_parallel_for_2150_2550_2550,2150,2550,0,5100,65040300,19515151,2550,95880000,43860000,19512600,6502500,13010100,6502500,0,0,0,6507600,5929366,5.9294
distribute_parallel_for_split_2150_2550_2550,2150,2550,0,5100,65040300,19515151,2550,95880000,43860000,19512600,6502500,13010100,6502500,0,0,0,6507600,4255979,4.2560
swap_distribute_parallel_for_2150_2550_2550,2150,2550,0,5100,65040300,19515151,2550,95880000,43860000,19512600,6502500,13010100,6502500,0,0,0,6507600,5599768,5.5998
swap_distribute_parallel_for_split_2150_2550_2550,2150,2550,0,5100,65040300,19515151,2550,95880000,43860000,19512600,6502500,13010100,6502500,0,0,0,6507600,3820538,3.8205
distribute_parallel_for_collapse_2150_2550_2550,2150,2550,0,5100,65040300,19515151,2550,95880000,43860000,19512600,6502500,13010100,6502500,0,0,0,6507600,4334626,4.3346
swap_distribute_parallel_for_collapse_2150_2550_2550,2150,2550,0,5100,65040300,19515151,2550,95880000,43860000,19512600,6502500,13010100,6502500,0,0,0,6507600,3868487,3.8685
distribute_parallel_for_2150_2550_2650,2150,2650,0,5300,67590900,20280451,2650,97920000,45580000,20277800,6757500,13520300,6757500,0,0,0,6762800,6099191,6.0992
distribute_parallel_for_split_2150_2550_2650,2150,2650,0,5300,67590900,20280451,2650,97920000,45580000,20277800,6757500,13520300,6757500,0,0,0,6762800,4368118,4.3681
swap_distribute_parallel_for_2150_2550_2650,2150,2650,0,5300,67590900,20280451,2650,97920000,45580000,20277800,6757500,13520300,6757500,0,0,0,6762800,5575423,5.5754
swap_distribute_parallel_for_split_2150_2550_2650,2150,2650,0,5300,67590900,20280451,2650,97920000,45580000,20277800,6757500,13520300,6757500,0,0,0,6762800,4065746,4.0657
distribute_parallel_for_collapse_2150_2550_2650,2150,2650,0,5300,67590900,20280451,2650,97920000,45580000,20277800,6757500,13520300,6757500,0,0,0,6762800,4503848,4.5038
swap_distribute_parallel_for_collapse_2150_2550_2650,2150,2650,0,5300,67590900,20280451,2650,97920000,45580000,20277800,6757500,13520300,6757500,0,0,0,6762800,4042491,4.0425
distribute_parallel_for_2150_2550_2750,2150,2750,0,5500,70141500,21045751,2750,99960000,47300000,21043000,7012500,14030500,7012500,0,0,0,7018000,6158831,6.1588
distribute_parallel_for_split_2150_2550_2750,2150,2750,0,5500,70141500,21045751,2750,99960000,47300000,21043000,7012500,14030500,7012500,0,0,0,7018000,4210894,4.2109
swap_distribute_parallel_for_2150_2550_2750,2150,2750,0,5500,70141500,21045751,2750,99960000,47300000,21043000,7012500,14030500,7012500,0,0,0,7018000,5553634,5.5536
swap_distribute_parallel_for_split_2150_2550_2750,2150,2750,0,5500,70141500,21045751,2750,99960000,47300000,21043000,7012500,14030500,7012500,0,0,0,7018000,4201606,4.2016
distribute_parallel_for_collapse_2150_2550_2750,2150,2750,0,5500,70141500,21045751,2750,99960000,47300000,21043000,7012500,14030500,7012500,0,0,0,7018000,4665032,4.6650
swap_distribute_parallel_for_collapse_2150_2550_2750,2150,2750,0,5500,70141500,21045751,2750,99960000,47300000,21043000,7012500,14030500,7012500,0,0,0,7018000,4182610,4.1826
distribute_parallel_for_2150_2550_2850,2150,2850,0,5700,72692100,21811051,2850,102000000,49020000,21808200,7267500,14540700,7267500,0,0,0,7273200,6317298,6.3173
distribute_parallel_for_split_2150_2550_2850,2150,2850,0,5700,72692100,21811051,2850,102000000,49020000,21808200,7267500,14540700,7267500,0,0,0,7273200,4649646,4.6496
swap_distribute_parallel_for_2150_2550_2850,2150,2850,0,5700,72692100,21811051,2850,102000000,49020000,21808200,7267500,14540700,7267500,0,0,0,7273200,5572380,5.5724
swap_distribute_parallel_for_split_2150_2550_2850,2150,2850,0,5700,72692100,21811051,2850,102000000,49020000,21808200,7267500,14540700,7267500,0,0,0,7273200,4202480,4.2025
distribute_parallel_for_collapse_2150_2550_2850,2150,2850,0,5700,72692100,21811051,2850,102000000,49020000,21808200,7267500,14540700,7267500,0,0,0,7273200,4865007,4.8650
swap_distribute_parallel_for_collapse_2150_2550_2850,2150,2850,0,5700,72692100,21811051,2850,102000000,49020000,21808200,7267500,14540700,7267500,0,0,0,7273200,4355850,4.3559
distribute_parallel_for_2150_2550_2950,2150,2950,0,5900,75242700,22576351,2950,104040000,50740000,22573400,7522500,15050900,7522500,0,0,0,7528400,6972831,6.9728
distribute_parallel_for_split_2150_2550_2950,2150,2950,0,5900,75242700,22576351,2950,104040000,50740000,22573400,7522500,15050900,7522500,0,0,0,7528400,4950766,4.9508
swap_distribute_parallel_for_2150_2550_2950,2150,2950,0,5900,75242700,22576351,2950,104040000,50740000,22573400,7522500,15050900,7522500,0,0,0,7528400,5615362,5.6154
swap_distribute_parallel_for_split_2150_2550_2950,2150,2950,0,5900,75242700,22576351,2950,104040000,50740000,22573400,7522500,15050900,7522500,0,0,0,7528400,4514495,4.5145
distribute_parallel_for_collapse_2150_2550_2950,2150,2950,0,5900,75242700,22576351,2950,104040000,50740000,22573400,7522500,15050900,7522500,0,0,0,7528400,5054801,5.0548
swap_distribute_parallel_for_collapse_2150_2550_2950,2150,2950,0,5900,75242700,22576351,2950,104040000,50740000,22573400,7522500,15050900,7522500,0,0,0,7528400,4844629,4.8446
distribute_parallel_for_2150_2650_2150,2150,2150,0,4300,56987900,17098951,2150,91160000,36980000,17096800,5697500,11399300,5697500,0,0,0,5701800,5146952,5.1470
distribute_parallel_for_split_2150_2650_2150,2150,2150,0,4300,56987900,17098951,2150,91160000,36980000,17096800,5697500,11399300,5697500,0,0,0,5701800,3739417,3.7394
swap_distribute_parallel_for_2150_2650_2150,2150,2150,0,4300,56987900,17098951,2150,91160000,36980000,17096800,5697500,11399300,5697500,0,0,0,5701800,6208034,6.2080
swap_distribute_parallel_for_split_2150_2650_2150,2150,2150,0,4300,56987900,17098951,2150,91160000,36980000,17096800,5697500,11399300,5697500,0,0,0,5701800,3282084,3.2821
distribute_parallel_for_collapse_2150_2650_2150,2150,2150,0,4300,56987900,17098951,2150,91160000,36980000,17096800,5697500,11399300,5697500,0,0,0,5701800,3771270,3.7713
swap_distribute_parallel_for_collapse_2150_2650_2150,2150,2150,0,4300,56987900,17098951,2150,91160000,36980000,17096800,5697500,11399300,5697500,0,0,0,5701800,3280847,3.2808
distribute_parallel_for_2150_2650_2250,2150,2250,0,4500,59638500,17894251,2250,93280000,38700000,17892000,5962500,11929500,5962500,0,0,0,5967000,5311134,5.3111
distribute_parallel_for_split_2150_2650_2250,2150,2250,0,4500,59638500,17894251,2250,93280000,38700000,17892000,5962500,11929500,5962500,0,0,0,5967000,3713694,3.7137
swap_distribute_parallel_for_2150_2650_2250,2150,2250,0,4500,59638500,17894251,2250,93280000,38700000,17892000,5962500,11929500,5962500,0,0,0,5967000,6243723,6.2437
swap_distribute_parallel_for_split_2150_2650_2250,2150,2250,0,4500,59638500,17894251,2250,93280000,38700000,17892000,5962500,11929500,5962500,0,0,0,5967000,3625370,3.6254
distribute_parallel_for_collapse_2150_2650_2250,2150,2250,0,4500,59638500,17894251,2250,93280000,38700000,17892000,5962500,11929500,5962500,0,0,0,5967000,4012165,4.0122
swap_distribute_parallel_for_collapse_2150_2650_2250,2150,2250,0,4500,59638500,17894251,2250,93280000,38700000,17892000,5962500,11929500,5962500,0,0,0,5967000,3452815,3.4528
distribute_parallel_for_2150_2650_2350,2150,2350,0,4700,62289100,18689551,2350,95400000,40420000,18687200,6227500,12459700,6227500,0,0,0,6232200,5501308,5.5013
distribute_parallel_for_split_2150_2650_2350,2150,2350,0,4700,62289100,18689551,2350,95400000,40420000,18687200,6227500,12459700,6227500,0,0,0,6232200,3917727,3.9177
swap_distribute_parallel_for_2150_2650_2350,2150,2350,0,4700,62289100,18689551,2350,95400000,40420000,18687200,6227500,12459700,6227500,0,0,0,6232200,5929211,5.9292
swap_distribute_parallel_for_split_2150_2650_2350,2150,2350,0,4700,62289100,18689551,2350,95400000,40420000,18687200,6227500,12459700,6227500,0,0,0,6232200,3678670,3.6787
distribute_parallel_for_collapse_2150_2650_2350,2150,2350,0,4700,62289100,18689551,2350,95400000,40420000,18687200,6227500,12459700,6227500,0,0,0,6232200,4168253,4.1683
swap_distribute_parallel_for_collapse_2150_2650_2350,2150,2350,0,4700,62289100,18689551,2350,95400000,40420000,18687200,6227500,12459700,6227500,0,0,0,6232200,3666594,3.6666
distribute_parallel_for_2150_2650_2450,2150,2450,0,4900,64939700,19484851,2450,97520000,42140000,19482400,6492500,12989900,6492500,0,0,0,6497400,5738092,5.7381
distribute_parallel_for_split_2150_2650_2450,2150,2450,0,4900,64939700,19484851,2450,97520000,42140000,19482400,6492500,12989900,6492500,0,0,0,6497400,3794789,3.7948
swap_distribute_parallel_for_2150_2650_2450,2150,2450,0,4900,64939700,19484851,2450,97520000,42140000,19482400,6492500,12989900,6492500,0,0,0,6497400,5954143,5.9541
swap_distribute_parallel_for_split_2150_2650_2450,2150,2450,0,4900,64939700,19484851,2450,97520000,42140000,19482400,6492500,12989900,6492500,0,0,0,6497400,4026524,4.0265
distribute_parallel_for_collapse_2150_2650_2450,2150,2450,0,4900,64939700,19484851,2450,97520000,42140000,19482400,6492500,12989900,6492500,0,0,0,6497400,4322826,4.3228
swap_distribute_parallel_for_collapse_2150_2650_2450,2150,2450,0,4900,64939700,19484851,2450,97520000,42140000,19482400,6492500,12989900,6492500,0,0,0,6497400,3791733,3.7917
distribute_parallel_for_2150_2650_2550,2150,2550,0,5100,67590300,20280151,2550,99640000,43860000,20277600,6757500,13520100,6757500,0,0,0,6762600,6107572,6.1076
distribute_parallel_for_split_2150_2650_2550,2150,2550,0,5100,67590300,20280151,2550,99640000,43860000,20277600,6757500,13520100,6757500,0,0,0,6762600,4356849,4.3568
swap_distribute_parallel_for_2150_2650_2550,2150,2550,0,5100,67590300,20280151,2550,99640000,43860000,20277600,6757500,13520100,6757500,0,0,0,6762600,5818105,5.8181
swap_distribute_parallel_for_split_2150_2650_2550,2150,2550,0,5100,67590300,20280151,2550,99640000,43860000,20277600,6757500,13520100,6757500,0,0,0,6762600,3906854,3.9069
distribute_parallel_for_collapse_2150_2650_2550,2150,2550,0,5100,67590300,20280151,2550,99640000,43860000,20277600,6757500,13520100,6757500,0,0,0,6762600,4517325,4.5173
swap_distribute_parallel_for_collapse_2150_2650_2550,2150,2550,0,5100,67590300,20280151,2550,99640000,43860000,20277600,6757500,13520100,6757500,0,0,0,6762600,4044655,4.0447
distribute_parallel_for_2150_2650_2650,2150,2650,0,5300,70240900,21075451,2650,101760000,45580000,21072800,7022500,14050300,7022500,0,0,0,7027800,6240258,6.2403
distribute_parallel_for_split_2150_2650_2650,2150,2650,0,5300,70240900,21075451,2650,101760000,45580000,21072800,7022500,14050300,7022500,0,0,0,7027800,4680501,4.6805
swap_distribute_parallel_for_2150_2650_2650,2150,2650,0,5300,70240900,21075451,2650,101760000,45580000,21072800,7022500,14050300,7022500,0,0,0,7027800,5770643,5.7706
swap_distribute_parallel_for_split_2150_2650_2650,2150,2650,0,5300,70240900,21075451,2650,101760000,45580000,21072800,7022500,14050300,7022500,0,0,0,7027800,4213023,4.2130
distribute_parallel_for_collapse_2150_2650_2650,2150,2650,0,5300,70240900,21075451,2650,101760000,45580000,21072800,7022500,14050300,7022500,0,0,0,7027800,4702993,4.7030
swap_distribute_parallel_for_collapse_2150_2650_2650,2150,2650,0,5300,70240900,21075451,2650,101760000,45580000,21072800,7022500,14050300,7022500,0,0,0,7027800,4168795,4.1688
distribute_parallel_for_2150_2650_2750,2150,2750,0,5500,72891500,21870751,2750,103880000,47300000,21868000,7287500,14580500,7287500,0,0,0,7293000,6726454,6.7265
distribute_parallel_for_split_2150_2650_2750,2150,2750,0,5500,72891500,21870751,2750,103880000,47300000,21868000,7287500,14580500,7287500,0,0,0,7293000,4570788,4.5708
swap_distribute_parallel_for_2150_2650_2750,2150,2750,0,5500,72891500,21870751,2750,103880000,47300000,21868000,7287500,14580500,7287500,0,0,0,7293000,5823970,5.8240
swap_distribute_parallel_for_split_2150_2650_2750,2150,2750,0,5500,72891500,21870751,2750,103880000,47300000,21868000,7287500,14580500,7287500,0,0,0,7293000,4387315,4.3873
distribute_parallel_for_collapse_2150_2650_2750,2150,2750,0,5500,72891500,21870751,2750,103880000,47300000,21868000,7287500,14580500,7287500,0,0,0,7293000,4878918,4.8789
swap_distribute_parallel_for_collapse_2150_2650_2750,2150,2750,0,5500,72891500,21870751,2750,103880000,47300000,21868000,7287500,14580500,7287500,0,0,0,7293000,4431054,4.4311
distribute_parallel_for_2150_2650_2850,2150,2850,0,5700,75542100,22666051,2850,106000000,49020000,22663200,7552500,15110700,7552500,0,0,0,7558200,6808876,6.8089
distribute_parallel_for_split_2150_2650_2850,2150,2850,0,5700,75542100,22666051,2850,106000000,49020000,22663200,7552500,15110700,7552500,0,0,0,7558200,4991568,4.9916
swap_distribute_parallel_for_2150_2650_2850,2150,2850,0,5700,75542100,22666051,2850,106000000,49020000,22663200,7552500,15110700,7552500,0,0,0,7558200,5760689,5.7607
swap_distribute_parallel_for_split_2150_2650_2850,2150,2850,0,5700,75542100,22666051,2850,106000000,49020000,22663200,7552500,15110700,7552500,0,0,0,7558200,4375835,4.3758
distribute_parallel_for_collapse_2150_2650_2850,2150,2850,0,5700,75542100,22666051,2850,106000000,49020000,22663200,7552500,15110700,7552500,0,0,0,7558200,5060838,5.0608
swap_distribute_parallel_for_collapse_2150_2650_2850,2150,2850,0,5700,75542100,22666051,2850,106000000,49020000,22663200,7552500,15110700,7552500,0,0,0,7558200,4486228,4.4862
distribute_parallel_for_2150_2650_2950,2150,2950,0,5900,78192700,23461351,2950,108120000,50740000,23458400,7817500,15640900,7817500,0,0,0,7823400,6885391,6.8854
distribute_parallel_for_split_2150_2650_2950,2150,2950,0,5900,78192700,23461351,2950,108120000,50740000,23458400,7817500,15640900,7817500,0,0,0,7823400,5276784,5.2768
swap_distribute_parallel_for_2150_2650_2950,2150,2950,0,5900,78192700,23461351,2950,108120000,50740000,23458400,7817500,15640900,7817500,0,0,0,7823400,5778465,5.7785
swap_distribute_parallel_for_split_2150_2650_2950,2150,2950,0,5900,78192700,23461351,2950,108120000,50740000,23458400,7817500,15640900,7817500,0,0,0,7823400,4667644,4.6676
distribute_parallel_for_collapse_2150_2650_2950,2150,2950,0,5900,78192700,23461351,2950,108120000,50740000,23458400,7817500,15640900,7817500,0,0,0,7823400,5251234,5.2512
swap_distribute_parallel_for_collapse_2150_2650_2950,2150,2950,0,5900,78192700,23461351,2950,108120000,50740000,23458400,7817500,15640900,7817500,0,0,0,7823400,4822753,4.8228
distribute_parallel_for_2150_2750_2150,2150,2150,0,4300,59137900,17743951,2150,94600000,36980000,17741800,5912500,11829300,5912500,0,0,0,5916800,5492948,5.4929
distribute_parallel_for_split_2150_2750_2150,2150,2150,0,4300,59137900,17743951,2150,94600000,36980000,17741800,5912500,11829300,5912500,0,0,0,5916800,3601411,3.6014
swap_distribute_parallel_for_2150_2750_2150,2150,2150,0,4300,59137900,17743951,2150,94600000,36980000,17741800,5912500,11829300,5912500,0,0,0,5916800,6444570,6.4446
swap_distribute_parallel_for_split_2150_2750_2150,2150,2150,0,4300,59137900,17743951,2150,94600000,36980000,17741800,5912500,11829300,5912500,0,0,0,5916800,3440117,3.4401
distribute_parallel_for_collapse_2150_2750_2150,2150,2150,0,4300,59137900,17743951,2150,94600000,36980000,17741800,5912500,11829300,5912500,0,0,0,5916800,4019624,4.0196
swap_distribute_parallel_for_collapse_2150_2750_2150,2150,2150,0,4300,59137900,17743951,2150,94600000,36980000,17741800,5912500,11829300,5912500,0,0,0,5916800,3435544,3.4355
distribute_parallel_for_2150_2750_2250,2150,2250,0,4500,61888500,18569251,2250,96800000,38700000,18567000,6187500,12379500,6187500,0,0,0,6192000,5239963,5.2400
distribute_parallel_for_split_2150_2750_2250,2150,2250,0,4500,61888500,18569251,2250,96800000,38700000,18567000,6187500,12379500,6187500,0,0,0,6192000,3776770,3.7768
swap_distribute_parallel_for_2150_2750_2250,2150,2250,0,4500,61888500,18569251,2250,96800000,38700000,18567000,6187500,12379500,6187500,0,0,0,6192000,6588468,6.5885
swap_distribute_parallel_for_split_2150_2750_2250,2150,2250,0,4500,61888500,18569251,2250,96800000,38700000,18567000,6187500,12379500,6187500,0,0,0,6192000,3825200,3.8252
distribute_parallel_for_collapse_2150_2750_2250,2150,2250,0,4500,61888500,18569251,2250,96800000,38700000,18567000,6187500,12379500,6187500,0,0,0,6192000,4121391,4.1214
swap_distribute_parallel_for_collapse_2150_2750_2250,2150,2250,0,4500,61888500,18569251,2250,96800000,38700000,18567000,6187500,12379500,6187500,0,0,0,6192000,3671965,3.6720
distribute_parallel_for_2150_2750_2350,2150,2350,0,4700,64639100,19394551,2350,99000000,40420000,19392200,6462500,12929700,6462500,0,0,0,6467200,5777624,5.7776
distribute_parallel_for_split_2150_2750_2350,2150,2350,0,4700,64639100,19394551,2350,99000000,40420000,19392200,6462500,12929700,6462500,0,0,0,6467200,4153401,4.1534
swap_distribute_parallel_for_2150_2750_2350,2150,2350,0,4700,64639100,19394551,2350,99000000,40420000,19392200,6462500,12929700,6462500,0,0,0,6467200,6193477,6.1935
swap_distribute_parallel_for_split_2150_2750_2350,2150,2350,0,4700,64639100,19394551,2350,99000000,40420000,19392200,6462500,12929700,6462500,0,0,0,6467200,3783871,3.7839
distribute_parallel_for_collapse_2150_2750_2350,2150,2350,0,4700,64639100,19394551,2350,99000000,40420000,19392200,6462500,12929700,6462500,0,0,0,6467200,4401340,4.4013
swap_distribute_parallel_for_collapse_2150_2750_2350,2150,2350,0,4700,64639100,19394551,2350,99000000,40420000,19392200,6462500,12929700,6462500,0,0,0,6467200,3805813,3.8058
distribute_parallel_for_2150_2750_2450,2150,2450,0,4900,67389700,20219851,2450,101200000,42140000,20217400,6737500,13479900,6737500,0,0,0,6742400,6038871,6.0389
distribute_parallel_for_split_2150_2750_2450,2150,2450,0,4900,67389700,20219851,2450,101200000,42140000,20217400,6737500,13479900,6737500,0,0,0,6742400,4315520,4.3155
swap_distribute_parallel_for_2150_2750_2450,2150,2450,0,4900,67389700,20219851,2450,101200000,42140000,20217400,6737500,13479900,6737500,0,0,0,6742400,6221265,6.2213
swap_distribute_parallel_for_split_2150_2750_2450,2150,2450,0,4900,67389700,20219851,2450,101200000,42140000,20217400,6737500,13479900,6737500,0,0,0,6742400,4131412,4.1314
distribute_parallel_for_collapse_2150_2750_2450,2150,2450,0,4900,67389700,20219851,2450,101200000,42140000,20217400,6737500,13479900,6737500,0,0,0,6742400,4519687,4.5197
swap_distribute_parallel_for_collapse_2150_2750_2450,2150,2450,0,4900,67389700,20219851,2450,101200000,42140000,20217400,6737500,13479900,6737500,0,0,0,6742400,3936531,3.9365
distribute_parallel_for_2150_2750_2550,2150,2550,0,5100,70140300,21045151,2550,103400000,43860000,21042600,7012500,14030100,7012500,0,0,0,7017600,6246483,6.2465
distribute_parallel_for_split_2150_2750_2550,2150,2550,0,5100,70140300,21045151,2550,103400000,43860000,21042600,7012500,14030100,7012500,0,0,0,7017600,4604657,4.6047
swap_distribute_parallel_for_2150_2750_2550,2150,2550,0,5100,70140300,21045151,2550,103400000,43860000,21042600,7012500,14030100,7012500,0,0,0,7017600,6043004,6.0430
swap_distribute_parallel_for_split_2150_2750_2550,2150,2550,0,5100,70140300,21045151,2550,103400000,43860000,21042600,7012500,14030100,7012500,0,0,0,7017600,4082473,4.0825
distribute_parallel_for_collapse_2150_2750_2550,2150,2550,0,5100,70140300,21045151,2550,103400000,43860000,21042600,7012500,14030100,7012500,0,0,0,7017600,4696388,4.6964
swap_distribute_parallel_for_collapse_2150_2750_2550,2150,2550,0,5100,70140300,21045151,2550,103400000,43860000,21042600,7012500,14030100,7012500,0,0,0,7017600,4242214,4.2422
distribute_parallel_for_2150_2750_2650,2150,2650,0,5300,72890900,21870451,2650,105600000,45580000,21867800,7287500,14580300,7287500,0,0,0,7292800,6420216,6.4202
distribute_parallel_for_split_2150_2750_2650,2150,2650,0,5300,72890900,21870451,2650,105600000,45580000,21867800,7287500,14580300,7287500,0,0,0,7292800,4983182,4.9832
swap_distribute_parallel_for_2150_2750_2650,2150,2650,0,5300,72890900,21870451,2650,105600000,45580000,21867800,7287500,14580300,7287500,0,0,0,7292800,5969336,5.9693
swap_distribute_parallel_for_split_2150_2750_2650,2150,2650,0,5300,72890900,21870451,2650,105600000,45580000,21867800,7287500,14580300,7287500,0,0,0,7292800,4388569,4.3886
distribute_parallel_for_collapse_2150_2750_2650,2150,2650,0,5300,72890900,21870451,2650,105600000,45580000,21867800,7287500,14580300,7287500,0,0,0,7292800,4945380,4.9454
swap_distribute_parallel_for_collapse_2150_2750_2650,2150,2650,0,5300,72890900,21870451,2650,105600000,45580000,21867800,7287500,14580300,7287500,0,0,0,7292800,4340918,4.3409
distribute_parallel_for_2150_2750_2750,2150,2750,0,5500,75641500,22695751,2750,107800000,47300000,22693000,7562500,15130500,7562500,0,0,0,7568000,6835493,6.8355
distribute_parallel_for_split_2150_2750_2750,2150,2750,0,5500,75641500,22695751,2750,107800000,47300000,22693000,7562500,15130500,7562500,0,0,0,7568000,4847153,4.8472
swap_distribute_parallel_for_2150_2750_2750,2150,2750,0,5500,75641500,22695751,2750,107800000,47300000,22693000,7562500,15130500,7562500,0,0,0,7568000,6083185,6.0832
swap_distribute_parallel_for_split_2150_2750_2750,2150,2750,0,5500,75641500,22695751,2750,107800000,47300000,22693000,7562500,15130500,7562500,0,0,0,7568000,4538473,4.5385
distribute_parallel_for_collapse_2150_2750_2750,2150,2750,0,5500,75641500,22695751,2750,107800000,47300000,22693000,7562500,15130500,7562500,0,0,0,7568000,5070250,5.0702
swap_distribute_parallel_for_collapse_2150_2750_2750,2150,2750,0,5500,75641500,22695751,2750,107800000,47300000,22693000,7562500,15130500,7562500,0,0,0,7568000,4490123,4.4901
distribute_parallel_for_2150_2750_2850,2150,2850,0,5700,78392100,23521051,2850,110000000,49020000,23518200,7837500,15680700,7837500,0,0,0,7843200,7011326,7.0113
distribute_parallel_for_split_2150_2750_2850,2150,2850,0,5700,78392100,23521051,2850,110000000,49020000,23518200,7837500,15680700,7837500,0,0,0,7843200,4728155,4.7282
swap_distribute_parallel_for_2150_2750_2850,2150,2850,0,5700,78392100,23521051,2850,110000000,49020000,23518200,7837500,15680700,7837500,0,0,0,7843200,5989719,5.9897
swap_distribute_parallel_for_split_2150_2750_2850,2150,2850,0,5700,78392100,23521051,2850,110000000,49020000,23518200,7837500,15680700,7837500,0,0,0,7843200,4506420,4.5064
distribute_parallel_for_collapse_2150_2750_2850,2150,2850,0,5700,78392100,23521051,2850,110000000,49020000,23518200,7837500,15680700,7837500,0,0,0,7843200,5228423,5.2284
swap_distribute_parallel_for_collapse_2150_2750_2850,2150,2850,0,5700,78392100,23521051,2850,110000000,49020000,23518200,7837500,15680700,7837500,0,0,0,7843200,4682685,4.6827
distribute_parallel_for_2150_2750_2950,2150,2950,0,5900,81142700,24346351,2950,112200000,50740000,24343400,8112500,16230900,8112500,0,0,0,8118400,7316776,7.3168
distribute_parallel_for_split_2150_2750_2950,2150,2950,0,5900,81142700,24346351,2950,112200000,50740000,24343400,8112500,16230900,8112500,0,0,0,8118400,5338145,5.3381
swap_distribute_parallel_for_2150_2750_2950,2150,2950,0,5900,81142700,24346351,2950,112200000,50740000,24343400,8112500,16230900,8112500,0,0,0,8118400,6003746,6.0037
swap_distribute_parallel_for_split_2150_2750_2950,2150,2950,0,5900,81142700,24346351,2950,112200000,50740000,24343400,8112500,16230900,8112500,0,0,0,8118400,4910341,4.9103
distribute_parallel_for_collapse_2150_2750_2950,2150,2950,0,5900,81142700,24346351,2950,112200000,50740000,24343400,8112500,16230900,8112500,0,0,0,8118400,5497038,5.4970
swap_distribute_parallel_for_collapse_2150_2750_2950,2150,2950,0,5900,81142700,24346351,2950,112200000,50740000,24343400,8112500,16230900,8112500,0,0,0,8118400,5132668,5.1327
distribute_parallel_for_2150_2850_2150,2150,2150,0,4300,61287900,18388951,2150,98040000,36980000,18386800,6127500,12259300,6127500,0,0,0,6131800,5591980,5.5920
distribute_parallel_for_split_2150_2850_2150,2150,2150,0,4300,61287900,18388951,2150,98040000,36980000,18386800,6127500,12259300,6127500,0,0,0,6131800,3727456,3.7275
swap_distribute_parallel_for_2150_2850_2150,2150,2150,0,4300,61287900,18388951,2150,98040000,36980000,18386800,6127500,12259300,6127500,0,0,0,6131800,6704397,6.7044
swap_distribute_parallel_for_split_2150_2850_2150,2150,2150,0,4300,61287900,18388951,2150,98040000,36980000,18386800,6127500,12259300,6127500,0,0,0,6131800,3608670,3.6087
distribute_parallel_for_collapse_2150_2850_2150,2150,2150,0,4300,61287900,18388951,2150,98040000,36980000,18386800,6127500,12259300,6127500,0,0,0,6131800,4219457,4.2195
swap_distribute_parallel_for_collapse_2150_2850_2150,2150,2150,0,4300,61287900,18388951,2150,98040000,36980000,18386800,6127500,12259300,6127500,0,0,0,6131800,3694919,3.6949
distribute_parallel_for_2150_2850_2250,2150,2250,0,4500,64138500,19244251,2250,100320000,38700000,19242000,6412500,12829500,6412500,0,0,0,6417000,5707826,5.7078
distribute_parallel_for_split_2150_2850_2250,2150,2250,0,4500,64138500,19244251,2250,100320000,38700000,19242000,6412500,12829500,6412500,0,0,0,6417000,4316101,4.3161
swap_distribute_parallel_for_2150_2850_2250,2150,2250,0,4500,64138500,19244251,2250,100320000,38700000,19242000,6412500,12829500,6412500,0,0,0,6417000,6704846,6.7048
swap_distribute_parallel_for_split_2150_2850_2250,2150,2250,0,4500,64138500,19244251,2250,100320000,38700000,19242000,6412500,12829500,6412500,0,0,0,6417000,3867736,3.8677
distribute_parallel_for_collapse_2150_2850_2250,2150,2250,0,4500,64138500,19244251,2250,100320000,38700000,19242000,6412500,12829500,6412500,0,0,0,6417000,4312430,4.3124
swap_distribute_parallel_for_collapse_2150_2850_2250,2150,2250,0,4500,64138500,19244251,2250,100320000,38700000,19242000,6412500,12829500,6412500,0,0,0,6417000,3780687,3.7807
distribute_parallel_for_2150_2850_2350,2150,2350,0,4700,66989100,20099551,2350,102600000,40420000,20097200,6697500,13399700,6697500,0,0,0,6702200,5745107,5.7451
distribute_parallel_for_split_2150_2850_2350,2150,2350,0,4700,66989100,20099551,2350,102600000,40420000,20097200,6697500,13399700,6697500,0,0,0,6702200,4360637,4.3606
swap_distribute_parallel_for_2150_2850_2350,2150,2350,0,4700,66989100,20099551,2350,102600000,40420000,20097200,6697500,13399700,6697500,0,0,0,6702200,6464201,6.4642
swap_distribute_parallel_for_split_2150_2850_2350,2150,2350,0,4700,66989100,20099551,2350,102600000,40420000,20097200,6697500,13399700,6697500,0,0,0,6702200,3865207,3.8652
distribute_parallel_for_collapse_2150_2850_2350,2150,2350,0,4700,66989100,20099551,2350,102600000,40420000,20097200,6697500,13399700,6697500,0,0,0,6702200,4412722,4.4127
swap_distribute_parallel_for_collapse_2150_2850_2350,2150,2350,0,4700,66989100,20099551,2350,102600000,40420000,20097200,6697500,13399700,6697500,0,0,0,6702200,3915847,3.9158
distribute_parallel_for_2150_2850_2450,2150,2450,0,4900,69839700,20954851,2450,104880000,42140000,20952400,6982500,13969900,6982500,0,0,0,6987400,6400544,6.4005
distribute_parallel_for_split_2150_2850_2450,2150,2450,0,4900,69839700,20954851,2450,104880000,42140000,20952400,6982500,13969900,6982500,0,0,0,6987400,4634237,4.6342
swap_distribute_parallel_for_2150_2850_2450,2150,2450,0,4900,69839700,20954851,2450,104880000,42140000,20952400,6982500,13969900,6982500,0,0,0,6987400,6404658,6.4047
swap_distribute_parallel_for_split_2150_2850_2450,2150,2450,0,4900,69839700,20954851,2450,104880000,42140000,20952400,6982500,13969900,6982500,0,0,0,6987400,4272919,4.2729
distribute_parallel_for_collapse_2150_2850_2450,2150,2450,0,4900,69839700,20954851,2450,104880000,42140000,20952400,6982500,13969900,6982500,0,0,0,6987400,4646595,4.6466
swap_distribute_parallel_for_collapse_2150_2850_2450,2150,2450,0,4900,69839700,20954851,2450,104880000,42140000,20952400,6982500,13969900,6982500,0,0,0,6987400,4148037,4.1480
distribute_parallel_for_2150_2850_2550,2150,2550,0,5100,72690300,21810151,2550,107160000,43860000,21807600,7267500,14540100,7267500,0,0,0,7272600,6671513,6.6715
distribute_parallel_for_split_2150_2850_2550,2150,2550,0,5100,72690300,21810151,2550,107160000,43860000,21807600,7267500,14540100,7267500,0,0,0,7272600,4234840,4.2348
swap_distribute_parallel_for_2150_2850_2550,2150,2550,0,5100,72690300,21810151,2550,107160000,43860000,21807600,7267500,14540100,7267500,0,0,0,7272600,6238111,6.2381
swap_distribute_parallel_for_split_2150_2850_2550,2150,2550,0,5100,72690300,21810151,2550,107160000,43860000,21807600,7267500,14540100,7267500,0,0,0,7272600,4221060,4.2211
distribute_parallel_for_collapse_2150_2850_2550,2150,2550,0,5100,72690300,21810151,2550,107160000,43860000,21807600,7267500,14540100,7267500,0,0,0,7272600,4826510,4.8265
swap_distribute_parallel_for_collapse_2150_2850_2550,2150,2550,0,5100,72690300,21810151,2550,107160000,43860000,21807600,7267500,14540100,7267500,0,0,0,7272600,4297181,4.2972
distribute_parallel_for_2150_2850_2650,2150,2650,0,5300,75540900,22665451,2650,109440000,45580000,22662800,7552500,15110300,7552500,0,0,0,7557800,6555570,6.5556
distribute_parallel_for_split_2150_2850_2650,2150,2650,0,5300,75540900,22665451,2650,109440000,45580000,22662800,7552500,15110300,7552500,0,0,0,7557800,4818552,4.8186
swap_distribute_parallel_for_2150_2850_2650,2150,2650,0,5300,75540900,22665451,2650,109440000,45580000,22662800,7552500,15110300,7552500,0,0,0,7557800,6250266,6.2503
swap_distribute_parallel_for_split_2150_2850_2650,2150,2650,0,5300,75540900,22665451,2650,109440000,45580000,22662800,7552500,15110300,7552500,0,0,0,7557800,4560331,4.5603
distribute_parallel_for_collapse_2150_2850_2650,2150,2650,0,5300,75540900,22665451,2650,109440000,45580000,22662800,7552500,15110300,7552500,0,0,0,7557800,5176053,5.1761
swap_distribute_parallel_for_collapse_2150_2850_2650,2150,2650,0,5300,75540900,22665451,2650,109440000,45580000,22662800,7552500,15110300,7552500,0,0,0,7557800,4491174,4.4912
distribute_parallel_for_2150_2850_2750,2150,2750,0,5500,78391500,23520751,2750,111720000,47300000,23518000,7837500,15680500,7837500,0,0,0,7843000,7173288,7.1733
distribute_parallel_for_split_2150_2850_2750,2150,2750,0,5500,78391500,23520751,2750,111720000,47300000,23518000,7837500,15680500,7837500,0,0,0,7843000,5208085,5.2081
swap_distribute_parallel_for_2150_2850_2750,2150,2750,0,5500,78391500,23520751,2750,111720000,47300000,23518000,7837500,15680500,7837500,0,0,0,7843000,6184044,6.1840
swap_distribute_parallel_for_split_2150_2850_2750,2150,2750,0,5500,78391500,23520751,2750,111720000,47300000,23518000,7837500,15680500,7837500,0,0,0,7843000,4682927,4.6829
distribute_parallel_for_collapse_2150_2850_2750,2150,2750,0,5500,78391500,23520751,2750,111720000,47300000,23518000,7837500,15680500,7837500,0,0,0,7843000,5294657,5.2947
swap_distribute_parallel_for_collapse_2150_2850_2750,2150,2750,0,5500,78391500,23520751,2750,111720000,47300000,23518000,7837500,15680500,7837500,0,0,0,7843000,4672348,4.6723
distribute_parallel_for_2150_2850_2850,2150,2850,0,5700,81242100,24376051,2850,114000000,49020000,24373200,8122500,16250700,8122500,0,0,0,8128200,7191391,7.1914
distribute_parallel_for_split_2150_2850_2850,2150,2850,0,5700,81242100,24376051,2850,114000000,49020000,24373200,8122500,16250700,8122500,0,0,0,8128200,5162814,5.1628
swap_distribute_parallel_for_2150_2850_2850,2150,2850,0,5700,81242100,24376051,2850,114000000,49020000,24373200,8122500,16250700,8122500,0,0,0,8128200,6264263,6.2643
swap_distribute_parallel_for_split_2150_2850_2850,2150,2850,0,5700,81242100,24376051,2850,114000000,49020000,24373200,8122500,16250700,8122500,0,0,0,8128200,4658794,4.6588
distribute_parallel_for_collapse_2150_2850_2850,2150,2850,0,5700,81242100,24376051,2850,114000000,49020000,24373200,8122500,16250700,8122500,0,0,0,8128200,5394169,5.3942
swap_distribute_parallel_for_collapse_2150_2850_2850,2150,2850,0,5700,81242100,24376051,2850,114000000,49020000,24373200,8122500,16250700,8122500,0,0,0,8128200,4811026,4.8110
distribute_parallel_for_2150_2850_2950,2150,2950,0,5900,84092700,25231351,2950,116280000,50740000,25228400,8407500,16820900,8407500,0,0,0,8413400,7303712,7.3037
distribute_parallel_for_split_2150_2850_2950,2150,2950,0,5900,84092700,25231351,2950,116280000,50740000,25228400,8407500,16820900,8407500,0,0,0,8413400,5406768,5.4068
swap_distribute_parallel_for_2150_2850_2950,2150,2950,0,5900,84092700,25231351,2950,116280000,50740000,25228400,8407500,16820900,8407500,0,0,0,8413400,6201724,6.2017
swap_distribute_parallel_for_split_2150_2850_2950,2150,2950,0,5900,84092700,25231351,2950,116280000,50740000,25228400,8407500,16820900,8407500,0,0,0,8413400,5054630,5.0546
distribute_parallel_for_collapse_2150_2850_2950,2150,2950,0,5900,84092700,25231351,2950,116280000,50740000,25228400,8407500,16820900,8407500,0,0,0,8413400,5642510,5.6425
swap_distribute_parallel_for_collapse_2150_2850_2950,2150,2950,0,5900,84092700,25231351,2950,116280000,50740000,25228400,8407500,16820900,8407500,0,0,0,8413400,5306494,5.3065
distribute_parallel_for_2150_2950_2150,2150,2150,0,4300,63437900,19033951,2150,101480000,36980000,19031800,6342500,12689300,6342500,0,0,0,6346800,5519054,5.5191
distribute_parallel_for_split_2150_2950_2150,2150,2150,0,4300,63437900,19033951,2150,101480000,36980000,19031800,6342500,12689300,6342500,0,0,0,6346800,4057542,4.0575
swap_distribute_parallel_for_2150_2950_2150,2150,2150,0,4300,63437900,19033951,2150,101480000,36980000,19031800,6342500,12689300,6342500,0,0,0,6346800,6987311,6.9873
swap_distribute_parallel_for_split_2150_2950_2150,2150,2150,0,4300,63437900,19033951,2150,101480000,36980000,19031800,6342500,12689300,6342500,0,0,0,6346800,3614495,3.6145
distribute_parallel_for_collapse_2150_2950_2150,2150,2150,0,4300,63437900,19033951,2150,101480000,36980000,19031800,6342500,12689300,6342500,0,0,0,6346800,4291300,4.2913
swap_distribute_parallel_for_collapse_2150_2950_2150,2150,2150,0,4300,63437900,19033951,2150,101480000,36980000,19031800,6342500,12689300,6342500,0,0,0,6346800,3659008,3.6590
distribute_parallel_for_2150_2950_2250,2150,2250,0,4500,66388500,19919251,2250,103840000,38700000,19917000,6637500,13279500,6637500,0,0,0,6642000,5923399,5.9234
distribute_parallel_for_split_2150_2950_2250,2150,2250,0,4500,66388500,19919251,2250,103840000,38700000,19917000,6637500,13279500,6637500,0,0,0,6642000,3440006,3.4400
swap_distribute_parallel_for_2150_2950_2250,2150,2250,0,4500,66388500,19919251,2250,103840000,38700000,19917000,6637500,13279500,6637500,0,0,0,6642000,6969519,6.9695
swap_distribute_parallel_for_split_2150_2950_2250,2150,2250,0,4500,66388500,19919251,2250,103840000,38700000,19917000,6637500,13279500,6637500,0,0,0,6642000,4124892,4.1249
distribute_parallel_for_collapse_2150_2950_2250,2150,2250,0,4500,66388500,19919251,2250,103840000,38700000,19917000,6637500,13279500,6637500,0,0,0,6642000,4378122,4.3781
swap_distribute_parallel_for_collapse_2150_2950_2250,2150,2250,0,4500,66388500,19919251,2250,103840000,38700000,19917000,6637500,13279500,6637500,0,0,0,6642000,3812893,3.8129
distribute_parallel_for_2150_2950_2350,2150,2350,0,4700,69339100,20804551,2350,106200000,40420000,20802200,6932500,13869700,6932500,0,0,0,6937200,6180417,6.1804
distribute_parallel_for_split_2150_2950_2350,2150,2350,0,4700,69339100,20804551,2350,106200000,40420000,20802200,6932500,13869700,6932500,0,0,0,6937200,4403183,4.4032
swap_distribute_parallel_for_2150_2950_2350,2150,2350,0,4700,69339100,20804551,2350,106200000,40420000,20802200,6932500,13869700,6932500,0,0,0,6937200,6647512,6.6475
swap_distribute_parallel_for_split_2150_2950_2350,2150,2350,0,4700,69339100,20804551,2350,106200000,40420000,20802200,6932500,13869700,6932500,0,0,0,6937200,4061267,4.0613
distribute_parallel_for_collapse_2150_2950_2350,2150,2350,0,4700,69339100,20804551,2350,106200000,40420000,20802200,6932500,13869700,6932500,0,0,0,6937200,4634430,4.6344
swap_distribute_parallel_for_collapse_2150_2950_2350,2150,2350,0,4700,69339100,20804551,2350,106200000,40420000,20802200,6932500,13869700,6932500,0,0,0,6937200,4115972,4.1160
distribute_parallel_for_2150_2950_2450,2150,2450,0,4900,72289700,21689851,2450,108560000,42140000,21687400,7227500,14459900,7227500,0,0,0,7232400,6271745,6.2717
distribute_parallel_for_split_2150_2950_2450,2150,2450,0,4900,72289700,21689851,2450,108560000,42140000,21687400,7227500,14459900,7227500,0,0,0,7232400,4202299,4.2023
swap_distribute_parallel_for_2150_2950_2450,2150,2450,0,4900,72289700,21689851,2450,108560000,42140000,21687400,7227500,14459900,7227500,0,0,0,7232400,6696449,6.6964
swap_distribute_parallel_for_split_2150_2950_2450,2150,2450,0,4900,72289700,21689851,2450,108560000,42140000,21687400,7227500,14459900,7227500,0,0,0,7232400,4415020,4.4150
distribute_parallel_for_collapse_2150_2950_2450,2150,2450,0,4900,72289700,21689851,2450,108560000,42140000,21687400,7227500,14459900,7227500,0,0,0,7232400,4831613,4.8316
swap_distribute_parallel_for_collapse_2150_2950_2450,2150,2450,0,4900,72289700,21689851,2450,108560000,42140000,21687400,7227500,14459900,7227500,0,0,0,7232400,4211839,4.2118
distribute_parallel_for_2150_2950_2550,2150,2550,0,5100,75240300,22575151,2550,110920000,43860000,22572600,7522500,15050100,7522500,0,0,0,7527600,6478193,6.4782
distribute_parallel_for_split_2150_2950_2550,2150,2550,0,5100,75240300,22575151,2550,110920000,43860000,22572600,7522500,15050100,7522500,0,0,0,7527600,4855422,4.8554
swap_distribute_parallel_for_2150_2950_2550,2150,2550,0,5100,75240300,22575151,2550,110920000,43860000,22572600,7522500,15050100,7522500,0,0,0,7527600,6433706,6.4337
swap_distribute_parallel_for_split_2150_2950_2550,2150,2550,0,5100,75240300,22575151,2550,110920000,43860000,22572600,7522500,15050100,7522500,0,0,0,7527600,4413268,4.4133
distribute_parallel_for_collapse_2150_2950_2550,2150,2550,0,5100,75240300,22575151,2550,110920000,43860000,22572600,7522500,15050100,7522500,0,0,0,7527600,5006119,5.0061
swap_distribute_parallel_for_collapse_2150_2950_2550,2150,2550,0,5100,75240300,22575151,2550,110920000,43860000,22572600,7522500,15050100,7522500,0,0,0,7527600,4433839,4.4338
distribute_parallel_for_2150_2950_2650,2150,2650,0,5300,78190900,23460451,2650,113280000,45580000,23457800,7817500,15640300,7817500,0,0,0,7822800,7153344,7.1533
distribute_parallel_for_split_2150_2950_2650,2150,2650,0,5300,78190900,23460451,2650,113280000,45580000,23457800,7817500,15640300,7817500,0,0,0,7822800,5340981,5.3410
swap_distribute_parallel_for_2150_2950_2650,2150,2650,0,5300,78190900,23460451,2650,113280000,45580000,23457800,7817500,15640300,7817500,0,0,0,7822800,6447463,6.4475
swap_distribute_parallel_for_split_2150_2950_2650,2150,2650,0,5300,78190900,23460451,2650,113280000,45580000,23457800,7817500,15640300,7817500,0,0,0,7822800,4697662,4.6977
distribute_parallel_for_collapse_2150_2950_2650,2150,2650,0,5300,78190900,23460451,2650,113280000,45580000,23457800,7817500,15640300,7817500,0,0,0,7822800,5277993,5.2780
swap_distribute_parallel_for_collapse_2150_2950_2650,2150,2650,0,5300,78190900,23460451,2650,113280000,45580000,23457800,7817500,15640300,7817500,0,0,0,7822800,4644543,4.6445
distribute_parallel_for_2150_2950_2750,2150,2750,0,5500,81141500,24345751,2750,115640000,47300000,24343000,8112500,16230500,8112500,0,0,0,8118000,7310168,7.3102
distribute_parallel_for_split_2150_2950_2750,2150,2750,0,5500,81141500,24345751,2750,115640000,47300000,24343000,8112500,16230500,8112500,0,0,0,8118000,5063212,5.0632
swap_distribute_parallel_for_2150_2950_2750,2150,2750,0,5500,81141500,24345751,2750,115640000,47300000,24343000,8112500,16230500,8112500,0,0,0,8118000,6439807,6.4398
swap_distribute_parallel_for_split_2150_2950_2750,2150,2750,0,5500,81141500,24345751,2750,115640000,47300000,24343000,8112500,16230500,8112500,0,0,0,8118000,4888588,4.8886
distribute_parallel_for_collapse_2150_2950_2750,2150,2750,0,5500,81141500,24345751,2750,115640000,47300000,24343000,8112500,16230500,8112500,0,0,0,8118000,5476258,5.4763
swap_distribute_parallel_for_collapse_2150_2950_2750,2150,2750,0,5500,81141500,24345751,2750,115640000,47300000,24343000,8112500,16230500,8112500,0,0,0,8118000,4903546,4.9035
distribute_parallel_for_2150_2950_2850,2150,2850,0,5700,84092100,25231051,2850,118000000,49020000,25228200,8407500,16820700,8407500,0,0,0,8413200,7485580,7.4856
distribute_parallel_for_split_2150_2950_2850,2150,2850,0,5700,84092100,25231051,2850,118000000,49020000,25228200,8407500,16820700,8407500,0,0,0,8413200,5365816,5.3658
swap_distribute_parallel_for_2150_2950_2850,2150,2850,0,5700,84092100,25231051,2850,118000000,49020000,25228200,8407500,16820700,8407500,0,0,0,8413200,6452035,6.4520
swap_distribute_parallel_for_split_2150_2950_2850,2150,2850,0,5700,84092100,25231051,2850,118000000,49020000,25228200,8407500,16820700,8407500,0,0,0,8413200,4982081,4.9821
distribute_parallel_for_collapse_2150_2950_2850,2150,2850,0,5700,84092100,25231051,2850,118000000,49020000,25228200,8407500,16820700,8407500,0,0,0,8413200,5694861,5.6949
swap_distribute_parallel_for_collapse_2150_2950_2850,2150,2850,0,5700,84092100,25231051,2850,118000000,49020000,25228200,8407500,16820700,8407500,0,0,0,8413200,5001762,5.0018
distribute_parallel_for_2150_2950_2950,2150,2950,0,5900,87042700,26116351,2950,120360000,50740000,26113400,8702500,17410900,8702500,0,0,0,8708400,7843906,7.8439
distribute_parallel_for_split_2150_2950_2950,2150,2950,0,5900,87042700,26116351,2950,120360000,50740000,26113400,8702500,17410900,8702500,0,0,0,8708400,5611180,5.6112
swap_distribute_parallel_for_2150_2950_2950,2150,2950,0,5900,87042700,26116351,2950,120360000,50740000,26113400,8702500,17410900,8702500,0,0,0,8708400,6411379,6.4114
swap_distribute_parallel_for_split_2150_2950_2950,2150,2950,0,5900,87042700,26116351,2950,120360000,50740000,26113400,8702500,17410900,8702500,0,0,0,8708400,5168013,5.1680
distribute_parallel_for_collapse_2150_2950_2950,2150,2950,0,5900,87042700,26116351,2950,120360000,50740000,26113400,8702500,17410900,8702500,0,0,0,8708400,5892044,5.8920
swap_distribute_parallel_for_collapse_2150_2950_2950,2150,2950,0,5900,87042700,26116351,2950,120360000,50740000,26113400,8702500,17410900,8702500,0,0,0,8708400,5406922,5.4069
distribute_parallel_for_2200_1200_1200,2200,1200,0,2400,14407200,4323601,1200,32640000,21120000,4322400,1440000,2882400,1440000,0,0,0,1442400,1289930,1.2899
distribute_parallel_for_split_2200_1200_1200,2200,1200,0,2400,14407200,4323601,1200,32640000,21120000,4322400,1440000,2882400,1440000,0,0,0,1442400,1001854,1.0019
swap_distribute_parallel_for_2200_1200_1200,2200,1200,0,2400,14407200,4323601,1200,32640000,21120000,4322400,1440000,2882400,1440000,0,0,0,1442400,1350770,1.3508
swap_distribute_parallel_for_split_2200_1200_1200,2200,1200,0,2400,14407200,4323601,1200,32640000,21120000,4322400,1440000,2882400,1440000,0,0,0,1442400,829813,0.8298
distribute_parallel_for_collapse_2200_1200_1200,2200,1200,0,2400,14407200,4323601,1200,32640000,21120000,4322400,1440000,2882400,1440000,0,0,0,1442400,926743,0.9267
swap_distribute_parallel_for_collapse_2200_1200_1200,2200,1200,0,2400,14407200,4323601,1200,32640000,21120000,4322400,1440000,2882400,1440000,0,0,0,1442400,877418,0.8774
distribute_parallel_for_2200_1200_1700,2200,1700,0,3400,20410200,6125101,1700,37440000,29920000,6123400,2040000,4083400,2040000,0,0,0,2043400,1588126,1.5881
distribute_parallel_for_split_2200_1200_1700,2200,1700,0,3400,20410200,6125101,1700,37440000,29920000,6123400,2040000,4083400,2040000,0,0,0,2043400,1366030,1.3660
swap_distribute_parallel_for_2200_1200_1700,2200,1700,0,3400,20410200,6125101,1700,37440000,29920000,6123400,2040000,4083400,2040000,0,0,0,2043400,1472546,1.4725
swap_distribute_parallel_for_split_2200_1200_1700,2200,1700,0,3400,20410200,6125101,1700,37440000,29920000,6123400,2040000,4083400,2040000,0,0,0,2043400,1268642,1.2686
distribute_parallel_for_collapse_2200_1200_1700,2200,1700,0,3400,20410200,6125101,1700,37440000,29920000,6123400,2040000,4083400,2040000,0,0,0,2043400,1333725,1.3337
swap_distribute_parallel_for_collapse_2200_1200_1700,2200,1700,0,3400,20410200,6125101,1700,37440000,29920000,6123400,2040000,4083400,2040000,0,0,0,2043400,1436070,1.4361
distribute_parallel_for_2200_1200_2200,2200,2200,0,4400,26413200,7926601,2200,42240000,38720000,7924400,2640000,5284400,2640000,0,0,0,2644400,2121924,2.1219
distribute_parallel_for_split_2200_1200_2200,2200,2200,0,4400,26413200,7926601,2200,42240000,38720000,7924400,2640000,5284400,2640000,0,0,0,2644400,1917297,1.9173
swap_distribute_parallel_for_2200_1200_2200,2200,2200,0,4400,26413200,7926601,2200,42240000,38720000,7924400,2640000,5284400,2640000,0,0,0,2644400,3151276,3.1513
swap_distribute_parallel_for_split_2200_1200_2200,2200,2200,0,4400,26413200,7926601,2200,42240000,38720000,7924400,2640000,5284400,2640000,0,0,0,2644400,1718615,1.7186
distribute_parallel_for_collapse_2200_1200_2200,2200,2200,0,4400,26413200,7926601,2200,42240000,38720000,7924400,2640000,5284400,2640000,0,0,0,2644400,1813746,1.8137
swap_distribute_parallel_for_collapse_2200_1200_2200,2200,2200,0,4400,26413200,7926601,2200,42240000,38720000,7924400,2640000,5284400,2640000,0,0,0,2644400,1822760,1.8228
distribute_parallel_for_2200_1200_2700,2200,2700,0,5400,32416200,9728101,2700,47040000,47520000,9725400,3240000,6485400,3240000,0,0,0,3245400,2675955,2.6760
distribute_parallel_for_split_2200_1200_2700,2200,2700,0,5400,32416200,9728101,2700,47040000,47520000,9725400,3240000,6485400,3240000,0,0,0,3245400,2121068,2.1211
swap_distribute_parallel_for_2200_1200_2700,2200,2700,0,5400,32416200,9728101,2700,47040000,47520000,9725400,3240000,6485400,3240000,0,0,0,3245400,3040286,3.0403
swap_distribute_parallel_for_split_2200_1200_2700,2200,2700,0,5400,32416200,9728101,2700,47040000,47520000,9725400,3240000,6485400,3240000,0,0,0,3245400,1973746,1.9737
distribute_parallel_for_collapse_2200_1200_2700,2200,2700,0,5400,32416200,9728101,2700,47040000,47520000,9725400,3240000,6485400,3240000,0,0,0,3245400,2106981,2.1070
swap_distribute_parallel_for_collapse_2200_1200_2700,2200,2700,0,5400,32416200,9728101,2700,47040000,47520000,9725400,3240000,6485400,3240000,0,0,0,3245400,2383142,2.3831
distribute_parallel_for_2200_1200_3200,2200,3200,0,6400,38419200,11529601,3200,51840000,56320000,11526400,3840000,7686400,3840000,0,0,0,3846400,3051966,3.0520
distribute_parallel_for_split_2200_1200_3200,2200,3200,0,6400,38419200,11529601,3200,51840000,56320000,11526400,3840000,7686400,3840000,0,0,0,3846400,2790274,2.7903
swap_distribute_parallel_for_2200_1200_3200,2200,3200,0,6400,38419200,11529601,3200,51840000,56320000,11526400,3840000,7686400,3840000,0,0,0,3846400,3092725,3.0927
swap_distribute_parallel_for_split_2200_1200_3200,2200,3200,0,6400,38419200,11529601,3200,51840000,56320000,11526400,3840000,7686400,3840000,0,0,0,3846400,2367312,2.3673
distribute_parallel_for_collapse_2200_1200_3200,2200,3200,0,6400,38419200,11529601,3200,51840000,56320000,11526400,3840000,7686400,3840000,0,0,0,3846400,2634665,2.6347
swap_distribute_parallel_for_collapse_2200_1200_3200,2200,3200,0,6400,38419200,11529601,3200,51840000,56320000,11526400,3840000,7686400,3840000,0,0,0,3846400,2797423,2.7974
distribute_parallel_for_2200_1200_3700,2200,3700,0,7400,44422200,13331101,3700,56640000,65120000,13327400,4440000,8887400,4440000,0,0,0,4447400,3629553,3.6296
distribute_parallel_for_split_2200_1200_3700,2200,3700,0,7400,44422200,13331101,3700,56640000,65120000,13327400,4440000,8887400,4440000,0,0,0,4447400,3116165,3.1162
swap_distribute_parallel_for_2200_1200_3700,2200,3700,0,7400,44422200,13331101,3700,56640000,65120000,13327400,4440000,8887400,4440000,0,0,0,4447400,3125585,3.1256
swap_distribute_parallel_for_split_2200_1200_3700,2200,3700,0,7400,44422200,13331101,3700,56640000,65120000,13327400,4440000,8887400,4440000,0,0,0,4447400,2736658,2.7367
distribute_parallel_for_collapse_2200_1200_3700,2200,3700,0,7400,44422200,13331101,3700,56640000,65120000,13327400,4440000,8887400,4440000,0,0,0,4447400,2977034,2.9770
swap_distribute_parallel_for_collapse_2200_1200_3700,2200,3700,0,7400,44422200,13331101,3700,56640000,65120000,13327400,4440000,8887400,4440000,0,0,0,4447400,3253502,3.2535
distribute_parallel_for_2200_1200_4200,2200,4200,0,8400,50425200,15132601,4200,61440000,73920000,15128400,5040000,10088400,5040000,0,0,0,5048400,4188773,4.1888
distribute_parallel_for_split_2200_1200_4200,2200,4200,0,8400,50425200,15132601,4200,61440000,73920000,15128400,5040000,10088400,5040000,0,0,0,5048400,3880203,3.8802
swap_distribute_parallel_for_2200_1200_4200,2200,4200,0,8400,50425200,15132601,4200,61440000,73920000,15128400,5040000,10088400,5040000,0,0,0,5048400,4756657,4.7567
swap_distribute_parallel_for_split_2200_1200_4200,2200,4200,0,8400,50425200,15132601,4200,61440000,73920000,15128400,5040000,10088400,5040000,0,0,0,5048400,3029478,3.0295
distribute_parallel_for_collapse_2200_1200_4200,2200,4200,0,8400,50425200,15132601,4200,61440000,73920000,15128400,5040000,10088400,5040000,0,0,0,5048400,3271345,3.2713
swap_distribute_parallel_for_collapse_2200_1200_4200,2200,4200,0,8400,50425200,15132601,4200,61440000,73920000,15128400,5040000,10088400,5040000,0,0,0,5048400,3607020,3.6070
distribute_parallel_for_2200_1700_1200,2200,1200,0,2400,20407200,6123601,1200,46240000,21120000,6122400,2040000,4082400,2040000,0,0,0,2042400,1864772,1.8648
distribute_parallel_for_split_2200_1700_1200,2200,1200,0,2400,20407200,6123601,1200,46240000,21120000,6122400,2040000,4082400,2040000,0,0,0,2042400,1482484,1.4825
swap_distribute_parallel_for_2200_1700_1200,2200,1200,0,2400,20407200,6123601,1200,46240000,21120000,6122400,2040000,4082400,2040000,0,0,0,2042400,1962931,1.9629
swap_distribute_parallel_for_split_2200_1700_1200,2200,1200,0,2400,20407200,6123601,1200,46240000,21120000,6122400,2040000,4082400,2040000,0,0,0,2042400,1168491,1.1685
distribute_parallel_for_collapse_2200_1700_1200,2200,1200,0,2400,20407200,6123601,1200,46240000,21120000,6122400,2040000,4082400,2040000,0,0,0,2042400,1314228,1.3142
swap_distribute_parallel_for_collapse_2200_1700_1200,2200,1200,0,2400,20407200,6123601,1200,46240000,21120000,6122400,2040000,4082400,2040000,0,0,0,2042400,1288194,1.2882
distribute_parallel_for_2200_1700_1700,2200,1700,0,3400,28910200,8675101,1700,53040000,29920000,8673400,2890000,5783400,2890000,0,0,0,2893400,2539653,2.5397
distribute_parallel_for_split_2200_1700_1700,2200,1700,0,3400,28910200,8675101,1700,53040000,29920000,8673400,2890000,5783400,2890000,0,0,0,2893400,1998750,1.9988
swap_distribute_parallel_for_2200_1700_1700,2200,1700,0,3400,28910200,8675101,1700,53040000,29920000,8673400,2890000,5783400,2890000,0,0,0,2893400,2175689,2.1757
swap_distribute_parallel_for_split_2200_1700_1700,2200,1700,0,3400,28910200,8675101,1700,53040000,29920000,8673400,2890000,5783400,2890000,0,0,0,2893400,1910363,1.9104
distribute_parallel_for_collapse_2200_1700_1700,2200,1700,0,3400,28910200,8675101,1700,53040000,29920000,8673400,2890000,5783400,2890000,0,0,0,2893400,1895495,1.8955
swap_distribute_parallel_for_collapse_2200_1700_1700,2200,1700,0,3400,28910200,8675101,1700,53040000,29920000,8673400,2890000,5783400,2890000,0,0,0,2893400,2023660,2.0237
distribute_parallel_for_2200_1700_2200,2200,2200,0,4400,37413200,11226601,2200,59840000,38720000,11224400,3740000,7484400,3740000,0,0,0,3744400,3484405,3.4844
distribute_parallel_for_split_2200_1700_2200,2200,2200,0,4400,37413200,11226601,2200,59840000,38720000,11224400,3740000,7484400,3740000,0,0,0,3744400,2955188,2.9552
swap_distribute_parallel_for_2200_1700_2200,2200,2200,0,4400,37413200,11226601,2200,59840000,38720000,11224400,3740000,7484400,3740000,0,0,0,3744400,4489727,4.4897
swap_distribute_parallel_for_split_2200_1700_2200,2200,2200,0,4400,37413200,11226601,2200,59840000,38720000,11224400,3740000,7484400,3740000,0,0,0,3744400,2340941,2.3409
distribute_parallel_for_collapse_2200_1700_2200,2200,2200,0,4400,37413200,11226601,2200,59840000,38720000,11224400,3740000,7484400,3740000,0,0,0,3744400,2545390,2.5454
swap_distribute_parallel_for_collapse_2200_1700_2200,2200,2200,0,4400,37413200,11226601,2200,59840000,38720000,11224400,3740000,7484400,3740000,0,0,0,3744400,2677093,2.6771
distribute_parallel_for_2200_1700_2700,2200,2700,0,5400,45916200,13778101,2700,66640000,47520000,13775400,4590000,9185400,4590000,0,0,0,4595400,3916096,3.9161
distribute_parallel_for_split_2200_1700_2700,2200,2700,0,5400,45916200,13778101,2700,66640000,47520000,13775400,4590000,9185400,4590000,0,0,0,4595400,3404799,3.4048
swap_distribute_parallel_for_2200_1700_2700,2200,2700,0,5400,45916200,13778101,2700,66640000,47520000,13775400,4590000,9185400,4590000,0,0,0,4595400,4377537,4.3775
swap_distribute_parallel_for_split_2200_1700_2700,2200,2700,0,5400,45916200,13778101,2700,66640000,47520000,13775400,4590000,9185400,4590000,0,0,0,4595400,2882004,2.8820
distribute_parallel_for_collapse_2200_1700_2700,2200,2700,0,5400,45916200,13778101,2700,66640000,47520000,13775400,4590000,9185400,4590000,0,0,0,4595400,2968879,2.9689
swap_distribute_parallel_for_collapse_2200_1700_2700,2200,2700,0,5400,45916200,13778101,2700,66640000,47520000,13775400,4590000,9185400,4590000,0,0,0,4595400,3383534,3.3835
distribute_parallel_for_2200_1700_3200,2200,3200,0,6400,54419200,16329601,3200,73440000,56320000,16326400,5440000,10886400,5440000,0,0,0,5446400,5222133,5.2221
distribute_parallel_for_split_2200_1700_3200,2200,3200,0,6400,54419200,16329601,3200,73440000,56320000,16326400,5440000,10886400,5440000,0,0,0,5446400,4221051,4.2211
swap_distribute_parallel_for_2200_1700_3200,2200,3200,0,6400,54419200,16329601,3200,73440000,56320000,16326400,5440000,10886400,5440000,0,0,0,5446400,4336908,4.3369
swap_distribute_parallel_for_split_2200_1700_3200,2200,3200,0,6400,54419200,16329601,3200,73440000,56320000,16326400,5440000,10886400,5440000,0,0,0,5446400,3323095,3.3231
distribute_parallel_for_collapse_2200_1700_3200,2200,3200,0,6400,54419200,16329601,3200,73440000,56320000,16326400,5440000,10886400,5440000,0,0,0,5446400,3783497,3.7835
swap_distribute_parallel_for_collapse_2200_1700_3200,2200,3200,0,6400,54419200,16329601,3200,73440000,56320000,16326400,5440000,10886400,5440000,0,0,0,5446400,3845957,3.8460
distribute_parallel_for_2200_1700_3700,2200,3700,0,7400,62922200,18881101,3700,80240000,65120000,18877400,6290000,12587400,6290000,0,0,0,6297400,5270070,5.2701
distribute_parallel_for_split_2200_1700_3700,2200,3700,0,7400,62922200,18881101,3700,80240000,65120000,18877400,6290000,12587400,6290000,0,0,0,6297400,4612209,4.6122
swap_distribute_parallel_for_2200_1700_3700,2200,3700,0,7400,62922200,18881101,3700,80240000,65120000,18877400,6290000,12587400,6290000,0,0,0,6297400,4485853,4.4859
swap_distribute_parallel_for_split_2200_1700_3700,2200,3700,0,7400,62922200,18881101,3700,80240000,65120000,18877400,6290000,12587400,6290000,0,0,0,6297400,3814090,3.8141
distribute_parallel_for_collapse_2200_1700_3700,2200,3700,0,7400,62922200,18881101,3700,80240000,65120000,18877400,6290000,12587400,6290000,0,0,0,6297400,4322152,4.3222
swap_distribute_parallel_for_collapse_2200_1700_3700,2200,3700,0,7400,62922200,18881101,3700,80240000,65120000,18877400,6290000,12587400,6290000,0,0,0,6297400,4615567,4.6156
distribute_parallel_for_2200_1700_4200,2200,4200,0,8400,71425200,21432601,4200,87040000,73920000,21428400,7140000,14288400,7140000,0,0,0,7148400,6768273,6.7683
distribute_parallel_for_split_2200_1700_4200,2200,4200,0,8400,71425200,21432601,4200,87040000,73920000,21428400,7140000,14288400,7140000,0,0,0,7148400,5451591,5.4516
swap_distribute_parallel_for_2200_1700_4200,2200,4200,0,8400,71425200,21432601,4200,87040000,73920000,21428400,7140000,14288400,7140000,0,0,0,7148400,6839117,6.8391
swap_distribute_parallel_for_split_2200_1700_4200,2200,4200,0,8400,71425200,21432601,4200,87040000,73920000,21428400,7140000,14288400,7140000,0,0,0,7148400,4320840,4.3208
distribute_parallel_for_collapse_2200_1700_4200,2200,4200,0,8400,71425200,21432601,4200,87040000,73920000,21428400,7140000,14288400,7140000,0,0,0,7148400,4715300,4.7153
swap_distribute_parallel_for_collapse_2200_1700_4200,2200,4200,0,8400,71425200,21432601,4200,87040000,73920000,21428400,7140000,14288400,7140000,0,0,0,7148400,5282944,5.2829
distribute_parallel_for_2200_2200_1200,2200,1200,0,2400,26407200,7923601,1200,59840000,21120000,7922400,2640000,5282400,2640000,0,0,0,2642400,2494458,2.4945
distribute_parallel_for_split_2200_2200_1200,2200,1200,0,2400,26407200,7923601,1200,59840000,21120000,7922400,2640000,5282400,2640000,0,0,0,2642400,2037431,2.0374
swap_distribute_parallel_for_2200_2200_1200,2200,1200,0,2400,26407200,7923601,1200,59840000,21120000,7922400,2640000,5282400,2640000,0,0,0,2642400,2661442,2.6614
swap_distribute_parallel_for_split_2200_2200_1200,2200,1200,0,2400,26407200,7923601,1200,59840000,21120000,7922400,2640000,5282400,2640000,0,0,0,2642400,1603138,1.6031
distribute_parallel_for_collapse_2200_2200_1200,2200,1200,0,2400,26407200,7923601,1200,59840000,21120000,7922400,2640000,5282400,2640000,0,0,0,2642400,1743894,1.7439
swap_distribute_parallel_for_collapse_2200_2200_1200,2200,1200,0,2400,26407200,7923601,1200,59840000,21120000,7922400,2640000,5282400,2640000,0,0,0,2642400,1712766,1.7128
distribute_parallel_for_2200_2200_1700,2200,1700,0,3400,37410200,11225101,1700,68640000,29920000,11223400,3740000,7483400,3740000,0,0,0,3743400,3291422,3.2914
distribute_parallel_for_split_2200_2200_1700,2200,1700,0,3400,37410200,11225101,1700,68640000,29920000,11223400,3740000,7483400,3740000,0,0,0,3743400,2715477,2.7155
swap_distribute_parallel_for_2200_2200_1700,2200,1700,0,3400,37410200,11225101,1700,68640000,29920000,11223400,3740000,7483400,3740000,0,0,0,3743400,2867474,2.8675
swap_distribute_parallel_for_split_2200_2200_1700,2200,1700,0,3400,37410200,11225101,1700,68640000,29920000,11223400,3740000,7483400,3740000,0,0,0,3743400,2382291,2.3823
distribute_parallel_for_collapse_2200_2200_1700,2200,1700,0,3400,37410200,11225101,1700,68640000,29920000,11223400,3740000,7483400,3740000,0,0,0,3743400,2592201,2.5922
swap_distribute_parallel_for_collapse_2200_2200_1700,2200,1700,0,3400,37410200,11225101,1700,68640000,29920000,11223400,3740000,7483400,3740000,0,0,0,3743400,2627427,2.6274
distribute_parallel_for_2200_2200_2200,2200,2200,0,4400,48413200,14526601,2200,77440000,38720000,14524400,4840000,9684400,4840000,0,0,0,4844400,4443185,4.4432
distribute_parallel_for_split_2200_2200_2200,2200,2200,0,4400,48413200,14526601,2200,77440000,38720000,14524400,4840000,9684400,4840000,0,0,0,4844400,3719574,3.7196
swap_distribute_parallel_for_2200_2200_2200,2200,2200,0,4400,48413200,14526601,2200,77440000,38720000,14524400,4840000,9684400,4840000,0,0,0,4844400,5878767,5.8788
swap_distribute_parallel_for_split_2200_2200_2200,2200,2200,0,4400,48413200,14526601,2200,77440000,38720000,14524400,4840000,9684400,4840000,0,0,0,4844400,3024892,3.0249
distribute_parallel_for_collapse_2200_2200_2200,2200,2200,0,4400,48413200,14526601,2200,77440000,38720000,14524400,4840000,9684400,4840000,0,0,0,4844400,3378862,3.3789
swap_distribute_parallel_for_collapse_2200_2200_2200,2200,2200,0,4400,48413200,14526601,2200,77440000,38720000,14524400,4840000,9684400,4840000,0,0,0,4844400,3444847,3.4448
distribute_parallel_for_2200_2200_2700,2200,2700,0,5400,59416200,17828101,2700,86240000,47520000,17825400,5940000,11885400,5940000,0,0,0,5945400,5428103,5.4281
distribute_parallel_for_split_2200_2200_2700,2200,2700,0,5400,59416200,17828101,2700,86240000,47520000,17825400,5940000,11885400,5940000,0,0,0,5945400,4470139,4.4701
swap_distribute_parallel_for_2200_2200_2700,2200,2700,0,5400,59416200,17828101,2700,86240000,47520000,17825400,5940000,11885400,5940000,0,0,0,5945400,5868257,5.8683
swap_distribute_parallel_for_split_2200_2200_2700,2200,2700,0,5400,59416200,17828101,2700,86240000,47520000,17825400,5940000,11885400,5940000,0,0,0,5945400,3663569,3.6636
distribute_parallel_for_collapse_2200_2200_2700,2200,2700,0,5400,59416200,17828101,2700,86240000,47520000,17825400,5940000,11885400,5940000,0,0,0,5945400,3741613,3.7416
swap_distribute_parallel_for_collapse_2200_2200_2700,2200,2700,0,5400,59416200,17828101,2700,86240000,47520000,17825400,5940000,11885400,5940000,0,0,0,5945400,4436082,4.4361
distribute_parallel_for_2200_2200_3200,2200,3200,0,6400,70419200,21129601,3200,95040000,56320000,21126400,7040000,14086400,7040000,0,0,0,7046400,6667122,6.6671
distribute_parallel_for_split_2200_2200_3200,2200,3200,0,6400,70419200,21129601,3200,95040000,56320000,21126400,7040000,14086400,7040000,0,0,0,7046400,5526970,5.5270
swap_distribute_parallel_for_2200_2200_3200,2200,3200,0,6400,70419200,21129601,3200,95040000,56320000,21126400,7040000,14086400,7040000,0,0,0,7046400,5733246,5.7332
swap_distribute_parallel_for_split_2200_2200_3200,2200,3200,0,6400,70419200,21129601,3200,95040000,56320000,21126400,7040000,14086400,7040000,0,0,0,7046400,4368980,4.3690
distribute_parallel_for_collapse_2200_2200_3200,2200,3200,0,6400,70419200,21129601,3200,95040000,56320000,21126400,7040000,14086400,7040000,0,0,0,7046400,4936690,4.9367
swap_distribute_parallel_for_collapse_2200_2200_3200,2200,3200,0,6400,70419200,21129601,3200,95040000,56320000,21126400,7040000,14086400,7040000,0,0,0,7046400,5100154,5.1002
distribute_parallel_for_2200_2200_3700,2200,3700,0,7400,81422200,24431101,3700,103840000,65120000,24427400,8140000,16287400,8140000,0,0,0,8147400,7316665,7.3167
distribute_parallel_for_split_2200_2200_3700,2200,3700,0,7400,81422200,24431101,3700,103840000,65120000,24427400,8140000,16287400,8140000,0,0,0,8147400,6166813,6.1668
swap_distribute_parallel_for_2200_2200_3700,2200,3700,0,7400,81422200,24431101,3700,103840000,65120000,24427400,8140000,16287400,8140000,0,0,0,8147400,5853824,5.8538
swap_distribute_parallel_for_split_2200_2200_3700,2200,3700,0,7400,81422200,24431101,3700,103840000,65120000,24427400,8140000,16287400,8140000,0,0,0,8147400,4971619,4.9716
distribute_parallel_for_collapse_2200_2200_3700,2200,3700,0,7400,81422200,24431101,3700,103840000,65120000,24427400,8140000,16287400,8140000,0,0,0,8147400,5682646,5.6826
swap_distribute_parallel_for_collapse_2200_2200_3700,2200,3700,0,7400,81422200,24431101,3700,103840000,65120000,24427400,8140000,16287400,8140000,0,0,0,8147400,5870856,5.8709
distribute_parallel_for_2200_2200_4200,2200,4200,0,8400,92425200,27732601,4200,112640000,73920000,27728400,9240000,18488400,9240000,0,0,0,9248400,8765341,8.7653
distribute_parallel_for_split_2200_2200_4200,2200,4200,0,8400,92425200,27732601,4200,112640000,73920000,27728400,9240000,18488400,9240000,0,0,0,9248400,7540283,7.5403
swap_distribute_parallel_for_2200_2200_4200,2200,4200,0,8400,92425200,27732601,4200,112640000,73920000,27728400,9240000,18488400,9240000,0,0,0,9248400,9072922,9.0729
swap_distribute_parallel_for_split_2200_2200_4200,2200,4200,0,8400,92425200,27732601,4200,112640000,73920000,27728400,9240000,18488400,9240000,0,0,0,9248400,5551021,5.5510
distribute_parallel_for_collapse_2200_2200_4200,2200,4200,0,8400,92425200,27732601,4200,112640000,73920000,27728400,9240000,18488400,9240000,0,0,0,9248400,6091822,6.0918
swap_distribute_parallel_for_collapse_2200_2200_4200,2200,4200,0,8400,92425200,27732601,4200,112640000,73920000,27728400,9240000,18488400,9240000,0,0,0,9248400,6948521,6.9485
distribute_parallel_for_2200_2700_1200,2200,1200,0,2400,32407200,9723601,1200,73440000,21120000,9722400,3240000,6482400,3240000,0,0,0,3242400,3233261,3.2333
distribute_parallel_for_split_2200_2700_1200,2200,1200,0,2400,32407200,9723601,1200,73440000,21120000,9722400,3240000,6482400,3240000,0,0,0,3242400,2394119,2.3941
swap_distribute_parallel_for_2200_2700_1200,2200,1200,0,2400,32407200,9723601,1200,73440000,21120000,9722400,3240000,6482400,3240000,0,0,0,3242400,3287524,3.2875
swap_distribute_parallel_for_split_2200_2700_1200,2200,1200,0,2400,32407200,9723601,1200,73440000,21120000,9722400,3240000,6482400,3240000,0,0,0,3242400,1868189,1.8682
distribute_parallel_for_collapse_2200_2700_1200,2200,1200,0,2400,32407200,9723601,1200,73440000,21120000,9722400,3240000,6482400,3240000,0,0,0,3242400,2164764,2.1648
swap_distribute_parallel_for_collapse_2200_2700_1200,2200,1200,0,2400,32407200,9723601,1200,73440000,21120000,9722400,3240000,6482400,3240000,0,0,0,3242400,2166452,2.1665
distribute_parallel_for_2200_2700_1700,2200,1700,0,3400,45910200,13775101,1700,84240000,29920000,13773400,4590000,9183400,4590000,0,0,0,4593400,4352676,4.3527
distribute_parallel_for_split_2200_2700_1700,2200,1700,0,3400,45910200,13775101,1700,84240000,29920000,13773400,4590000,9183400,4590000,0,0,0,4593400,3356013,3.3560
swap_distribute_parallel_for_2200_2700_1700,2200,1700,0,3400,45910200,13775101,1700,84240000,29920000,13773400,4590000,9183400,4590000,0,0,0,4593400,3576700,3.5767
swap_distribute_parallel_for_split_2200_2700_1700,2200,1700,0,3400,45910200,13775101,1700,84240000,29920000,13773400,4590000,9183400,4590000,0,0,0,4593400,2969762,2.9698
distribute_parallel_for_collapse_2200_2700_1700,2200,1700,0,3400,45910200,13775101,1700,84240000,29920000,13773400,4590000,9183400,4590000,0,0,0,4593400,3136899,3.1369
swap_distribute_parallel_for_collapse_2200_2700_1700,2200,1700,0,3400,45910200,13775101,1700,84240000,29920000,13773400,4590000,9183400,4590000,0,0,0,4593400,3300535,3.3005
distribute_parallel_for_2200_2700_2200,2200,2200,0,4400,59413200,17826601,2200,95040000,38720000,17824400,5940000,11884400,5940000,0,0,0,5944400,5685524,5.6855
distribute_parallel_for_split_2200_2700_2200,2200,2200,0,4400,59413200,17826601,2200,95040000,38720000,17824400,5940000,11884400,5940000,0,0,0,5944400,4556897,4.5569
swap_distribute_parallel_for_2200_2700_2200,2200,2200,0,4400,59413200,17826601,2200,95040000,38720000,17824400,5940000,11884400,5940000,0,0,0,5944400,7155068,7.1551
swap_distribute_parallel_for_split_2200_2700_2200,2200,2200,0,4400,59413200,17826601,2200,95040000,38720000,17824400,5940000,11884400,5940000,0,0,0,5944400,3730056,3.7301
distribute_parallel_for_collapse_2200_2700_2200,2200,2200,0,4400,59413200,17826601,2200,95040000,38720000,17824400,5940000,11884400,5940000,0,0,0,5944400,4149245,4.1492
swap_distribute_parallel_for_collapse_2200_2700_2200,2200,2200,0,4400,59413200,17826601,2200,95040000,38720000,17824400,5940000,11884400,5940000,0,0,0,5944400,4238516,4.2385
distribute_parallel_for_2200_2700_2700,2200,2700,0,5400,72916200,21878101,2700,105840000,47520000,21875400,7290000,14585400,7290000,0,0,0,7295400,6633994,6.6340
distribute_parallel_for_split_2200_2700_2700,2200,2700,0,5400,72916200,21878101,2700,105840000,47520000,21875400,7290000,14585400,7290000,0,0,0,7295400,5236877,5.2369
swap_distribute_parallel_for_2200_2700_2700,2200,2700,0,5400,72916200,21878101,2700,105840000,47520000,21875400,7290000,14585400,7290000,0,0,0,7295400,7092002,7.0920
swap_distribute_parallel_for_split_2200_2700_2700,2200,2700,0,5400,72916200,21878101,2700,105840000,47520000,21875400,7290000,14585400,7290000,0,0,0,7295400,4692103,4.6921
distribute_parallel_for_collapse_2200_2700_2700,2200,2700,0,5400,72916200,21878101,2700,105840000,47520000,21875400,7290000,14585400,7290000,0,0,0,7295400,4819721,4.8197
swap_distribute_parallel_for_collapse_2200_2700_2700,2200,2700,0,5400,72916200,21878101,2700,105840000,47520000,21875400,7290000,14585400,7290000,0,0,0,7295400,5477991,5.4780
distribute_parallel_for_2200_2700_3200,2200,3200,0,6400,86419200,25929601,3200,116640000,56320000,25926400,8640000,17286400,8640000,0,0,0,8646400,8041101,8.0411
distribute_parallel_for_split_2200_2700_3200,2200,3200,0,6400,86419200,25929601,3200,116640000,56320000,25926400,8640000,17286400,8640000,0,0,0,8646400,7105942,7.1059
swap_distribute_parallel_for_2200_2700_3200,2200,3200,0,6400,86419200,25929601,3200,116640000,56320000,25926400,8640000,17286400,8640000,0,0,0,8646400,7112400,7.1124
swap_distribute_parallel_for_split_2200_2700_3200,2200,3200,0,6400,86419200,25929601,3200,116640000,56320000,25926400,8640000,17286400,8640000,0,0,0,8646400,5233822,5.2338
distribute_parallel_for_collapse_2200_2700_3200,2200,3200,0,6400,86419200,25929601,3200,116640000,56320000,25926400,8640000,17286400,8640000,0,0,0,8646400,6205807,6.2058
swap_distribute_parallel_for_collapse_2200_2700_3200,2200,3200,0,6400,86419200,25929601,3200,116640000,56320000,25926400,8640000,17286400,8640000,0,0,0,8646400,6208091,6.2081
distribute_parallel_for_2200_2700_3700,2200,3700,0,7400,99922200,29981101,3700,127440000,65120000,29977400,9990000,19987400,9990000,0,0,0,9997400,8999161,8.9992
distribute_parallel_for_split_2200_2700_3700,2200,3700,0,7400,99922200,29981101,3700,127440000,65120000,29977400,9990000,19987400,9990000,0,0,0,9997400,7595644,7.5956
swap_distribute_parallel_for_2200_2700_3700,2200,3700,0,7400,99922200,29981101,3700,127440000,65120000,29977400,9990000,19987400,9990000,0,0,0,9997400,7336529,7.3365
swap_distribute_parallel_for_split_2200_2700_3700,2200,3700,0,7400,99922200,29981101,3700,127440000,65120000,29977400,9990000,19987400,9990000,0,0,0,9997400,5964859,5.9649
distribute_parallel_for_collapse_2200_2700_3700,2200,3700,0,7400,99922200,29981101,3700,127440000,65120000,29977400,9990000,19987400,9990000,0,0,0,9997400,6985523,6.9855
swap_distribute_parallel_for_collapse_2200_2700_3700,2200,3700,0,7400,99922200,29981101,3700,127440000,65120000,29977400,9990000,19987400,9990000,0,0,0,9997400,7250990,7.2510
distribute_parallel_for_2200_2700_4200,2200,4200,0,8400,113425200,34032601,4200,138240000,73920000,34028400,11340000,22688400,11340000,0,0,0,11348400,10809369,10.8094
distribute_parallel_for_split_2200_2700_4200,2200,4200,0,8400,113425200,34032601,4200,138240000,73920000,34028400,11340000,22688400,11340000,0,0,0,11348400,9134932,9.1349
swap_distribute_parallel_for_2200_2700_4200,2200,4200,0,8400,113425200,34032601,4200,138240000,73920000,34028400,11340000,22688400,11340000,0,0,0,11348400,10970563,10.9706
swap_distribute_parallel_for_split_2200_2700_4200,2200,4200,0,8400,113425200,34032601,4200,138240000,73920000,34028400,11340000,22688400,11340000,0,0,0,11348400,6830112,6.8301
distribute_parallel_for_collapse_2200_2700_4200,2200,4200,0,8400,113425200,34032601,4200,138240000,73920000,34028400,11340000,22688400,11340000,0,0,0,11348400,7456091,7.4561
swap_distribute_parallel_for_collapse_2200_2700_4200,2200,4200,0,8400,113425200,34032601,4200,138240000,73920000,34028400,11340000,22688400,11340000,0,0,0,11348400,8440301,8.4403
distribute_parallel_for_2200_3200_1200,2200,1200,0,2400,38407200,11523601,1200,87040000,21120000,11522400,3840000,7682400,3840000,0,0,0,3842400,3808966,3.8090
distribute_parallel_for_split_2200_3200_1200,2200,1200,0,2400,38407200,11523601,1200,87040000,21120000,11522400,3840000,7682400,3840000,0,0,0,3842400,2935692,2.9357
swap_distribute_parallel_for_2200_3200_1200,2200,1200,0,2400,38407200,11523601,1200,87040000,21120000,11522400,3840000,7682400,3840000,0,0,0,3842400,4027643,4.0276
swap_distribute_parallel_for_split_2200_3200_1200,2200,1200,0,2400,38407200,11523601,1200,87040000,21120000,11522400,3840000,7682400,3840000,0,0,0,3842400,2164035,2.1640
distribute_parallel_for_collapse_2200_3200_1200,2200,1200,0,2400,38407200,11523601,1200,87040000,21120000,11522400,3840000,7682400,3840000,0,0,0,3842400,2511923,2.5119
swap_distribute_parallel_for_collapse_2200_3200_1200,2200,1200,0,2400,38407200,11523601,1200,87040000,21120000,11522400,3840000,7682400,3840000,0,0,0,3842400,2536256,2.5363
distribute_parallel_for_2200_3200_1700,2200,1700,0,3400,54410200,16325101,1700,99840000,29920000,16323400,5440000,10883400,5440000,0,0,0,5443400,5375061,5.3751
distribute_parallel_for_split_2200_3200_1700,2200,1700,0,3400,54410200,16325101,1700,99840000,29920000,16323400,5440000,10883400,5440000,0,0,0,5443400,4082731,4.0827
swap_distribute_parallel_for_2200_3200_1700,2200,1700,0,3400,54410200,16325101,1700,99840000,29920000,16323400,5440000,10883400,5440000,0,0,0,5443400,4210714,4.2107
swap_distribute_parallel_for_split_2200_3200_1700,2200,1700,0,3400,54410200,16325101,1700,99840000,29920000,16323400,5440000,10883400,5440000,0,0,0,5443400,3540115,3.5401
distribute_parallel_for_collapse_2200_3200_1700,2200,1700,0,3400,54410200,16325101,1700,99840000,29920000,16323400,5440000,10883400,5440000,0,0,0,5443400,3786181,3.7862
swap_distribute_parallel_for_collapse_2200_3200_1700,2200,1700,0,3400,54410200,16325101,1700,99840000,29920000,16323400,5440000,10883400,5440000,0,0,0,5443400,3929126,3.9291
distribute_parallel_for_2200_3200_2200,2200,2200,0,4400,70413200,21126601,2200,112640000,38720000,21124400,7040000,14084400,7040000,0,0,0,7044400,6725779,6.7258
distribute_parallel_for_split_2200_3200_2200,2200,2200,0,4400,70413200,21126601,2200,112640000,38720000,21124400,7040000,14084400,7040000,0,0,0,7044400,5430253,5.4303
swap_distribute_parallel_for_2200_3200_2200,2200,2200,0,4400,70413200,21126601,2200,112640000,38720000,21124400,7040000,14084400,7040000,0,0,0,7044400,8587562,8.5876
swap_distribute_parallel_for_split_2200_3200_2200,2200,2200,0,4400,70413200,21126601,2200,112640000,38720000,21124400,7040000,14084400,7040000,0,0,0,7044400,4410464,4.4105
distribute_parallel_for_collapse_2200_3200_2200,2200,2200,0,4400,70413200,21126601,2200,112640000,38720000,21124400,7040000,14084400,7040000,0,0,0,7044400,4971821,4.9718
swap_distribute_parallel_for_collapse_2200_3200_2200,2200,2200,0,4400,70413200,21126601,2200,112640000,38720000,21124400,7040000,14084400,7040000,0,0,0,7044400,5020145,5.0201
distribute_parallel_for_2200_3200_2700,2200,2700,0,5400,86416200,25928101,2700,125440000,47520000,25925400,8640000,17285400,8640000,0,0,0,8645400,8170208,8.1702
distribute_parallel_for_split_2200_3200_2700,2200,2700,0,5400,86416200,25928101,2700,125440000,47520000,25925400,8640000,17285400,8640000,0,0,0,8645400,6948153,6.9482
swap_distribute_parallel_for_2200_3200_2700,2200,2700,0,5400,86416200,25928101,2700,125440000,47520000,25925400,8640000,17285400,8640000,0,0,0,8645400,8571451,8.5715
swap_distribute_parallel_for_split_2200_3200_2700,2200,2700,0,5400,86416200,25928101,2700,125440000,47520000,25925400,8640000,17285400,8640000,0,0,0,8645400,5322107,5.3221
distribute_parallel_for_collapse_2200_3200_2700,2200,2700,0,5400,86416200,25928101,2700,125440000,47520000,25925400,8640000,17285400,8640000,0,0,0,8645400,5634572,5.6346
swap_distribute_parallel_for_collapse_2200_3200_2700,2200,2700,0,5400,86416200,25928101,2700,125440000,47520000,25925400,8640000,17285400,8640000,0,0,0,8645400,6414682,6.4147
distribute_parallel_for_2200_3200_3200,2200,3200,0,6400,102419200,30729601,3200,138240000,56320000,30726400,10240000,20486400,10240000,0,0,0,10246400,10090894,10.0909
distribute_parallel_for_split_2200_3200_3200,2200,3200,0,6400,102419200,30729601,3200,138240000,56320000,30726400,10240000,20486400,10240000,0,0,0,10246400,7907382,7.9074
swap_distribute_parallel_for_2200_3200_3200,2200,3200,0,6400,102419200,30729601,3200,138240000,56320000,30726400,10240000,20486400,10240000,0,0,0,10246400,8319675,8.3197
swap_distribute_parallel_for_split_2200_3200_3200,2200,3200,0,6400,102419200,30729601,3200,138240000,56320000,30726400,10240000,20486400,10240000,0,0,0,10246400,6267098,6.2671
distribute_parallel_for_collapse_2200_3200_3200,2200,3200,0,6400,102419200,30729601,3200,138240000,56320000,30726400,10240000,20486400,10240000,0,0,0,10246400,7342502,7.3425
swap_distribute_parallel_for_collapse_2200_3200_3200,2200,3200,0,6400,102419200,30729601,3200,138240000,56320000,30726400,10240000,20486400,10240000,0,0,0,10246400,7405855,7.4059
distribute_parallel_for_2200_3200_3700,2200,3700,0,7400,118422200,35531101,3700,151040000,65120000,35527400,11840000,23687400,11840000,0,0,0,11847400,10527978,10.5280
distribute_parallel_for_split_2200_3200_3700,2200,3700,0,7400,118422200,35531101,3700,151040000,65120000,35527400,11840000,23687400,11840000,0,0,0,11847400,9281510,9.2815
swap_distribute_parallel_for_2200_3200_3700,2200,3700,0,7400,118422200,35531101,3700,151040000,65120000,35527400,11840000,23687400,11840000,0,0,0,11847400,8519410,8.5194
swap_distribute_parallel_for_split_2200_3200_3700,2200,3700,0,7400,118422200,35531101,3700,151040000,65120000,35527400,11840000,23687400,11840000,0,0,0,11847400,7249534,7.2495
distribute_parallel_for_collapse_2200_3200_3700,2200,3700,0,7400,118422200,35531101,3700,151040000,65120000,35527400,11840000,23687400,11840000,0,0,0,11847400,8346261,8.3463
swap_distribute_parallel_for_collapse_2200_3200_3700,2200,3700,0,7400,118422200,35531101,3700,151040000,65120000,35527400,11840000,23687400,11840000,0,0,0,11847400,8800652,8.8007
distribute_parallel_for_2200_3200_4200,2200,4200,0,8400,134425200,40332601,4200,163840000,73920000,40328400,13440000,26888400,13440000,0,0,0,13448400,13124307,13.1243
distribute_parallel_for_split_2200_3200_4200,2200,4200,0,8400,134425200,40332601,4200,163840000,73920000,40328400,13440000,26888400,13440000,0,0,0,13448400,10463906,10.4639
swap_distribute_parallel_for_2200_3200_4200,2200,4200,0,8400,134425200,40332601,4200,163840000,73920000,40328400,13440000,26888400,13440000,0,0,0,13448400,13344662,13.3447
swap_distribute_parallel_for_split_2200_3200_4200,2200,4200,0,8400,134425200,40332601,4200,163840000,73920000,40328400,13440000,26888400,13440000,0,0,0,13448400,8022663,8.0227
distribute_parallel_for_collapse_2200_3200_4200,2200,4200,0,8400,134425200,40332601,4200,163840000,73920000,40328400,13440000,26888400,13440000,0,0,0,13448400,8887535,8.8875
swap_distribute_parallel_for_collapse_2200_3200_4200,2200,4200,0,8400,134425200,40332601,4200,163840000,73920000,40328400,13440000,26888400,13440000,0,0,0,13448400,10202563,10.2026
distribute_parallel_for_2200_3700_1200,2200,1200,0,2400,44407200,13323601,1200,100640000,21120000,13322400,4440000,8882400,4440000,0,0,0,4442400,4065999,4.0660
distribute_parallel_for_split_2200_3700_1200,2200,1200,0,2400,44407200,13323601,1200,100640000,21120000,13322400,4440000,8882400,4440000,0,0,0,4442400,3437843,3.4378
swap_distribute_parallel_for_2200_3700_1200,2200,1200,0,2400,44407200,13323601,1200,100640000,21120000,13322400,4440000,8882400,4440000,0,0,0,4442400,4601767,4.6018
swap_distribute_parallel_for_split_2200_3700_1200,2200,1200,0,2400,44407200,13323601,1200,100640000,21120000,13322400,4440000,8882400,4440000,0,0,0,4442400,2582687,2.5827
distribute_parallel_for_collapse_2200_3700_1200,2200,1200,0,2400,44407200,13323601,1200,100640000,21120000,13322400,4440000,8882400,4440000,0,0,0,4442400,2947273,2.9473
swap_distribute_parallel_for_collapse_2200_3700_1200,2200,1200,0,2400,44407200,13323601,1200,100640000,21120000,13322400,4440000,8882400,4440000,0,0,0,4442400,3007433,3.0074
distribute_parallel_for_2200_3700_1700,2200,1700,0,3400,62910200,18875101,1700,115440000,29920000,18873400,6290000,12583400,6290000,0,0,0,6293400,5749632,5.7496
distribute_parallel_for_split_2200_3700_1700,2200,1700,0,3400,62910200,18875101,1700,115440000,29920000,18873400,6290000,12583400,6290000,0,0,0,6293400,4685035,4.6850
swap_distribute_parallel_for_2200_3700_1700,2200,1700,0,3400,62910200,18875101,1700,115440000,29920000,18873400,6290000,12583400,6290000,0,0,0,6293400,4946513,4.9465
swap_distribute_parallel_for_split_2200_3700_1700,2200,1700,0,3400,62910200,18875101,1700,115440000,29920000,18873400,6290000,12583400,6290000,0,0,0,6293400,4268149,4.2681
distribute_parallel_for_collapse_2200_3700_1700,2200,1700,0,3400,62910200,18875101,1700,115440000,29920000,18873400,6290000,12583400,6290000,0,0,0,6293400,4466949,4.4669
swap_distribute_parallel_for_collapse_2200_3700_1700,2200,1700,0,3400,62910200,18875101,1700,115440000,29920000,18873400,6290000,12583400,6290000,0,0,0,6293400,4514415,4.5144
distribute_parallel_for_2200_3700_2200,2200,2200,0,4400,81413200,24426601,2200,130240000,38720000,24424400,8140000,16284400,8140000,0,0,0,8144400,7640500,7.6405
distribute_parallel_for_split_2200_3700_2200,2200,2200,0,4400,81413200,24426601,2200,130240000,38720000,24424400,8140000,16284400,8140000,0,0,0,8144400,6320360,6.3204
swap_distribute_parallel_for_2200_3700_2200,2200,2200,0,4400,81413200,24426601,2200,130240000,38720000,24424400,8140000,16284400,8140000,0,0,0,8144400,9966285,9.9663
swap_distribute_parallel_for_split_2200_3700_2200,2200,2200,0,4400,81413200,24426601,2200,130240000,38720000,24424400,8140000,16284400,8140000,0,0,0,8144400,5209400,5.2094
distribute_parallel_for_collapse_2200_3700_2200,2200,2200,0,4400,81413200,24426601,2200,130240000,38720000,24424400,8140000,16284400,8140000,0,0,0,8144400,5690892,5.6909
swap_distribute_parallel_for_collapse_2200_3700_2200,2200,2200,0,4400,81413200,24426601,2200,130240000,38720000,24424400,8140000,16284400,8140000,0,0,0,8144400,5834825,5.8348
distribute_parallel_for_2200_3700_2700,2200,2700,0,5400,99916200,29978101,2700,145040000,47520000,29975400,9990000,19985400,9990000,0,0,0,9995400,9039072,9.0391
distribute_parallel_for_split_2200_3700_2700,2200,2700,0,5400,99916200,29978101,2700,145040000,47520000,29975400,9990000,19985400,9990000,0,0,0,9995400,7772762,7.7728
swap_distribute_parallel_for_2200_3700_2700,2200,2700,0,5400,99916200,29978101,2700,145040000,47520000,29975400,9990000,19985400,9990000,0,0,0,9995400,10031537,10.0315
swap_distribute_parallel_for_split_2200_3700_2700,2200,2700,0,5400,99916200,29978101,2700,145040000,47520000,29975400,9990000,19985400,9990000,0,0,0,9995400,6197486,6.1975
distribute_parallel_for_collapse_2200_3700_2700,2200,2700,0,5400,99916200,29978101,2700,145040000,47520000,29975400,9990000,19985400,9990000,0,0,0,9995400,6350348,6.3503
swap_distribute_parallel_for_collapse_2200_3700_2700,2200,2700,0,5400,99916200,29978101,2700,145040000,47520000,29975400,9990000,19985400,9990000,0,0,0,9995400,7430863,7.4309
distribute_parallel_for_2200_3700_3200,2200,3200,0,6400,118419200,35529601,3200,159840000,56320000,35526400,11840000,23686400,11840000,0,0,0,11846400,11822483,11.8225
distribute_parallel_for_split_2200_3700_3200,2200,3200,0,6400,118419200,35529601,3200,159840000,56320000,35526400,11840000,23686400,11840000,0,0,0,11846400,9229484,9.2295
swap_distribute_parallel_for_2200_3700_3200,2200,3200,0,6400,118419200,35529601,3200,159840000,56320000,35526400,11840000,23686400,11840000,0,0,0,11846400,9606724,9.6067
swap_distribute_parallel_for_split_2200_3700_3200,2200,3200,0,6400,118419200,35529601,3200,159840000,56320000,35526400,11840000,23686400,11840000,0,0,0,11846400,7263068,7.2631
distribute_parallel_for_collapse_2200_3700_3200,2200,3200,0,6400,118419200,35529601,3200,159840000,56320000,35526400,11840000,23686400,11840000,0,0,0,11846400,8641343,8.6413
swap_distribute_parallel_for_collapse_2200_3700_3200,2200,3200,0,6400,118419200,35529601,3200,159840000,56320000,35526400,11840000,23686400,11840000,0,0,0,11846400,8563398,8.5634
distribute_parallel_for_2200_3700_3700,2200,3700,0,7400,136922200,41081101,3700,174640000,65120000,41077400,13690000,27387400,13690000,0,0,0,13697400,12411829,12.4118
distribute_parallel_for_split_2200_3700_3700,2200,3700,0,7400,136922200,41081101,3700,174640000,65120000,41077400,13690000,27387400,13690000,0,0,0,13697400,10459493,10.4595
swap_distribute_parallel_for_2200_3700_3700,2200,3700,0,7400,136922200,41081101,3700,174640000,65120000,41077400,13690000,27387400,13690000,0,0,0,13697400,9825710,9.8257
swap_distribute_parallel_for_split_2200_3700_3700,2200,3700,0,7400,136922200,41081101,3700,174640000,65120000,41077400,13690000,27387400,13690000,0,0,0,13697400,8230753,8.2308
distribute_parallel_for_collapse_2200_3700_3700,2200,3700,0,7400,136922200,41081101,3700,174640000,65120000,41077400,13690000,27387400,13690000,0,0,0,13697400,9635526,9.6355
swap_distribute_parallel_for_collapse_2200_3700_3700,2200,3700,0,7400,136922200,41081101,3700,174640000,65120000,41077400,13690000,27387400,13690000,0,0,0,13697400,9983043,9.9830
distribute_parallel_for_2200_3700_4200,2200,4200,0,8400,155425200,46632601,4200,189440000,73920000,46628400,15540000,31088400,15540000,0,0,0,15548400,14728866,14.7289
distribute_parallel_for_split_2200_3700_4200,2200,4200,0,8400,155425200,46632601,4200,189440000,73920000,46628400,15540000,31088400,15540000,0,0,0,15548400,12544017,12.5440
swap_distribute_parallel_for_2200_3700_4200,2200,4200,0,8400,155425200,46632601,4200,189440000,73920000,46628400,15540000,31088400,15540000,0,0,0,15548400,15271728,15.2717
swap_distribute_parallel_for_split_2200_3700_4200,2200,4200,0,8400,155425200,46632601,4200,189440000,73920000,46628400,15540000,31088400,15540000,0,0,0,15548400,9267614,9.2676
distribute_parallel_for_collapse_2200_3700_4200,2200,4200,0,8400,155425200,46632601,4200,189440000,73920000,46628400,15540000,31088400,15540000,0,0,0,15548400,10339520,10.3395
swap_distribute_parallel_for_collapse_2200_3700_4200,2200,4200,0,8400,155425200,46632601,4200,189440000,73920000,46628400,15540000,31088400,15540000,0,0,0,15548400,11807345,11.8073
distribute_parallel_for_2250_1250_1250,2250,1250,0,2500,15632500,4691251,1250,35000000,22500000,4690000,1562500,3127500,1562500,0,0,0,1565000,1220087,1.2201
distribute_parallel_for_split_2250_1250_1250,2250,1250,0,2500,15632500,4691251,1250,35000000,22500000,4690000,1562500,3127500,1562500,0,0,0,1565000,994111,0.9941
swap_distribute_parallel_for_2250_1250_1250,2250,1250,0,2500,15632500,4691251,1250,35000000,22500000,4690000,1562500,3127500,1562500,0,0,0,1565000,1271717,1.2717
swap_distribute_parallel_for_split_2250_1250_1250,2250,1250,0,2500,15632500,4691251,1250,35000000,22500000,4690000,1562500,3127500,1562500,0,0,0,1565000,974052,0.9741
distribute_parallel_for_collapse_2250_1250_1250,2250,1250,0,2500,15632500,4691251,1250,35000000,22500000,4690000,1562500,3127500,1562500,0,0,0,1565000,1027446,1.0274
swap_distribute_parallel_for_collapse_2250_1250_1250,2250,1250,0,2500,15632500,4691251,1250,35000000,22500000,4690000,1562500,3127500,1562500,0,0,0,1565000,903388,0.9034
distribute_parallel_for_2250_1250_1750,2250,1750,0,3500,21885500,6567751,1750,40000000,31500000,6566000,2187500,4378500,2187500,0,0,0,2191000,1738633,1.7386
distribute_parallel_for_split_2250_1250_1750,2250,1750,0,3500,21885500,6567751,1750,40000000,31500000,6566000,2187500,4378500,2187500,0,0,0,2191000,1453112,1.4531
swap_distribute_parallel_for_2250_1250_1750,2250,1750,0,3500,21885500,6567751,1750,40000000,31500000,6566000,2187500,4378500,2187500,0,0,0,2191000,1331551,1.3316
swap_distribute_parallel_for_split_2250_1250_1750,2250,1750,0,3500,21885500,6567751,1750,40000000,31500000,6566000,2187500,4378500,2187500,0,0,0,2191000,1462361,1.4624
distribute_parallel_for_collapse_2250_1250_1750,2250,1750,0,3500,21885500,6567751,1750,40000000,31500000,6566000,2187500,4378500,2187500,0,0,0,2191000,1497907,1.4979
swap_distribute_parallel_for_collapse_2250_1250_1750,2250,1750,0,3500,21885500,6567751,1750,40000000,31500000,6566000,2187500,4378500,2187500,0,0,0,2191000,1315300,1.3153
distribute_parallel_for_2250_1250_2250,2250,2250,0,4500,28138500,8444251,2250,45000000,40500000,8442000,2812500,5629500,2812500,0,0,0,2817000,2242301,2.2423
distribute_parallel_for_split_2250_1250_2250,2250,2250,0,4500,28138500,8444251,2250,45000000,40500000,8442000,2812500,5629500,2812500,0,0,0,2817000,1772876,1.7729
swap_distribute_parallel_for_2250_1250_2250,2250,2250,0,4500,28138500,8444251,2250,45000000,40500000,8442000,2812500,5629500,2812500,0,0,0,2817000,3096712,3.0967
swap_distribute_parallel_for_split_2250_1250_2250,2250,2250,0,4500,28138500,8444251,2250,45000000,40500000,8442000,2812500,5629500,2812500,0,0,0,2817000,1865819,1.8658
distribute_parallel_for_collapse_2250_1250_2250,2250,2250,0,4500,28138500,8444251,2250,45000000,40500000,8442000,2812500,5629500,2812500,0,0,0,2817000,1904665,1.9047
swap_distribute_parallel_for_collapse_2250_1250_2250,2250,2250,0,4500,28138500,8444251,2250,45000000,40500000,8442000,2812500,5629500,2812500,0,0,0,2817000,1717004,1.7170
distribute_parallel_for_2250_1250_2750,2250,2750,0,5500,34391500,10320751,2750,50000000,49500000,10318000,3437500,6880500,3437500,0,0,0,3443000,2570865,2.5709
distribute_parallel_for_split_2250_1250_2750,2250,2750,0,5500,34391500,10320751,2750,50000000,49500000,10318000,3437500,6880500,3437500,0,0,0,3443000,2165225,2.1652
swap_distribute_parallel_for_2250_1250_2750,2250,2750,0,5500,34391500,10320751,2750,50000000,49500000,10318000,3437500,6880500,3437500,0,0,0,3443000,2822331,2.8223
swap_distribute_parallel_for_split_2250_1250_2750,2250,2750,0,5500,34391500,10320751,2750,50000000,49500000,10318000,3437500,6880500,3437500,0,0,0,3443000,2175275,2.1753
distribute_parallel_for_collapse_2250_1250_2750,2250,2750,0,5500,34391500,10320751,2750,50000000,49500000,10318000,3437500,6880500,3437500,0,0,0,3443000,2402727,2.4027
swap_distribute_parallel_for_collapse_2250_1250_2750,2250,2750,0,5500,34391500,10320751,2750,50000000,49500000,10318000,3437500,6880500,3437500,0,0,0,3443000,2265982,2.2660
distribute_parallel_for_2250_1250_3250,2250,3250,0,6500,40644500,12197251,3250,55000000,58500000,12194000,4062500,8131500,4062500,0,0,0,4069000,3217846,3.2178
distribute_parallel_for_split_2250_1250_3250,2250,3250,0,6500,40644500,12197251,3250,55000000,58500000,12194000,4062500,8131500,4062500,0,0,0,4069000,2604656,2.6047
swap_distribute_parallel_for_2250_1250_3250,2250,3250,0,6500,40644500,12197251,3250,55000000,58500000,12194000,4062500,8131500,4062500,0,0,0,4069000,2875538,2.8755
swap_distribute_parallel_for_split_2250_1250_3250,2250,3250,0,6500,40644500,12197251,3250,55000000,58500000,12194000,4062500,8131500,4062500,0,0,0,4069000,2560294,2.5603
distribute_parallel_for_collapse_2250_1250_3250,2250,3250,0,6500,40644500,12197251,3250,55000000,58500000,12194000,4062500,8131500,4062500,0,0,0,4069000,2816756,2.8168
swap_distribute_parallel_for_collapse_2250_1250_3250,2250,3250,0,6500,40644500,12197251,3250,55000000,58500000,12194000,4062500,8131500,4062500,0,0,0,4069000,2680153,2.6802
distribute_parallel_for_2250_1250_3750,2250,3750,0,7500,46897500,14073751,3750,60000000,67500000,14070000,4687500,9382500,4687500,0,0,0,4695000,3800267,3.8003
distribute_parallel_for_split_2250_1250_3750,2250,3750,0,7500,46897500,14073751,3750,60000000,67500000,14070000,4687500,9382500,4687500,0,0,0,4695000,2868696,2.8687
swap_distribute_parallel_for_2250_1250_3750,2250,3750,0,7500,46897500,14073751,3750,60000000,67500000,14070000,4687500,9382500,4687500,0,0,0,4695000,2929987,2.9300
swap_distribute_parallel_for_split_2250_1250_3750,2250,3750,0,7500,46897500,14073751,3750,60000000,67500000,14070000,4687500,9382500,4687500,0,0,0,4695000,2973321,2.9733
distribute_parallel_for_collapse_2250_1250_3750,2250,3750,0,7500,46897500,14073751,3750,60000000,67500000,14070000,4687500,9382500,4687500,0,0,0,4695000,3354266,3.3543
swap_distribute_parallel_for_collapse_2250_1250_3750,2250,3750,0,7500,46897500,14073751,3750,60000000,67500000,14070000,4687500,9382500,4687500,0,0,0,4695000,3230362,3.2304
distribute_parallel_for_2250_1250_4250,2250,4250,0,8500,53150500,15950251,4250,65000000,76500000,15946000,5312500,10633500,5312500,0,0,0,5321000,4309134,4.3091
distribute_parallel_for_split_2250_1250_4250,2250,4250,0,8500,53150500,15950251,4250,65000000,76500000,15946000,5312500,10633500,5312500,0,0,0,5321000,3636566,3.6366
swap_distribute_parallel_for_2250_1250_4250,2250,4250,0,8500,53150500,15950251,4250,65000000,76500000,15946000,5312500,10633500,5312500,0,0,0,5321000,5057337,5.0573
swap_distribute_parallel_for_split_2250_1250_4250,2250,4250,0,8500,53150500,15950251,4250,65000000,76500000,15946000,5312500,10633500,5312500,0,0,0,5321000,3291897,3.2919
distribute_parallel_for_collapse_2250_1250_4250,2250,4250,0,8500,53150500,15950251,4250,65000000,76500000,15946000,5312500,10633500,5312500,0,0,0,5321000,3677892,3.6779
swap_distribute_parallel_for_collapse_2250_1250_4250,2250,4250,0,8500,53150500,15950251,4250,65000000,76500000,15946000,5312500,10633500,5312500,0,0,0,5321000,3807796,3.8078
distribute_parallel_for_2250_1750_1250,2250,1250,0,2500,21882500,6566251,1250,49000000,22500000,6565000,2187500,4377500,2187500,0,0,0,2190000,1858321,1.8583
distribute_parallel_for_split_2250_1750_1250,2250,1250,0,2500,21882500,6566251,1250,49000000,22500000,6565000,2187500,4377500,2187500,0,0,0,2190000,1400971,1.4010
swap_distribute_parallel_for_2250_1750_1250,2250,1250,0,2500,21882500,6566251,1250,49000000,22500000,6565000,2187500,4377500,2187500,0,0,0,2190000,1767312,1.7673
swap_distribute_parallel_for_split_2250_1750_1250,2250,1250,0,2500,21882500,6566251,1250,49000000,22500000,6565000,2187500,4377500,2187500,0,0,0,2190000,1389647,1.3896
distribute_parallel_for_collapse_2250_1750_1250,2250,1250,0,2500,21882500,6566251,1250,49000000,22500000,6565000,2187500,4377500,2187500,0,0,0,2190000,1469347,1.4693
swap_distribute_parallel_for_collapse_2250_1750_1250,2250,1250,0,2500,21882500,6566251,1250,49000000,22500000,6565000,2187500,4377500,2187500,0,0,0,2190000,1293014,1.2930
distribute_parallel_for_2250_1750_1750,2250,1750,0,3500,30635500,9192751,1750,56000000,31500000,9191000,3062500,6128500,3062500,0,0,0,3066000,2636476,2.6365
distribute_parallel_for_split_2250_1750_1750,2250,1750,0,3500,30635500,9192751,1750,56000000,31500000,9191000,3062500,6128500,3062500,0,0,0,3066000,2005654,2.0057
swap_distribute_parallel_for_2250_1750_1750,2250,1750,0,3500,30635500,9192751,1750,56000000,31500000,9191000,3062500,6128500,3062500,0,0,0,3066000,1911729,1.9117
swap_distribute_parallel_for_split_2250_1750_1750,2250,1750,0,3500,30635500,9192751,1750,56000000,31500000,9191000,3062500,6128500,3062500,0,0,0,3066000,2123530,2.1235
distribute_parallel_for_collapse_2250_1750_1750,2250,1750,0,3500,30635500,9192751,1750,56000000,31500000,9191000,3062500,6128500,3062500,0,0,0,3066000,2118786,2.1188
swap_distribute_parallel_for_collapse_2250_1750_1750,2250,1750,0,3500,30635500,9192751,1750,56000000,31500000,9191000,3062500,6128500,3062500,0,0,0,3066000,1904355,1.9044
distribute_parallel_for_2250_1750_2250,2250,2250,0,4500,39388500,11819251,2250,63000000,40500000,11817000,3937500,7879500,3937500,0,0,0,3942000,3377696,3.3777
distribute_parallel_for_split_2250_1750_2250,2250,2250,0,4500,39388500,11819251,2250,63000000,40500000,11817000,3937500,7879500,3937500,0,0,0,3942000,2706238,2.7062
swap_distribute_parallel_for_2250_1750_2250,2250,2250,0,4500,39388500,11819251,2250,63000000,40500000,11817000,3937500,7879500,3937500,0,0,0,3942000,4271071,4.2711
swap_distribute_parallel_for_split_2250_1750_2250,2250,2250,0,4500,39388500,11819251,2250,63000000,40500000,11817000,3937500,7879500,3937500,0,0,0,3942000,2487061,2.4871
distribute_parallel_for_collapse_2250_1750_2250,2250,2250,0,4500,39388500,11819251,2250,63000000,40500000,11817000,3937500,7879500,3937500,0,0,0,3942000,2671620,2.6716
swap_distribute_parallel_for_collapse_2250_1750_2250,2250,2250,0,4500,39388500,11819251,2250,63000000,40500000,11817000,3937500,7879500,3937500,0,0,0,3942000,2425355,2.4254
distribute_parallel_for_2250_1750_2750,2250,2750,0,5500,48141500,14445751,2750,70000000,49500000,14443000,4812500,9630500,4812500,0,0,0,4818000,4144290,4.1443
distribute_parallel_for_split_2250_1750_2750,2250,2750,0,5500,48141500,14445751,2750,70000000,49500000,14443000,4812500,9630500,4812500,0,0,0,4818000,3263887,3.2639
swap_distribute_parallel_for_2250_1750_2750,2250,2750,0,5500,48141500,14445751,2750,70000000,49500000,14443000,4812500,9630500,4812500,0,0,0,4818000,3976474,3.9765
swap_distribute_parallel_for_split_2250_1750_2750,2250,2750,0,5500,48141500,14445751,2750,70000000,49500000,14443000,4812500,9630500,4812500,0,0,0,4818000,2982724,2.9827
distribute_parallel_for_collapse_2250_1750_2750,2250,2750,0,5500,48141500,14445751,2750,70000000,49500000,14443000,4812500,9630500,4812500,0,0,0,4818000,3362075,3.3621
swap_distribute_parallel_for_collapse_2250_1750_2750,2250,2750,0,5500,48141500,14445751,2750,70000000,49500000,14443000,4812500,9630500,4812500,0,0,0,4818000,3044829,3.0448
distribute_parallel_for_2250_1750_3250,2250,3250,0,6500,56894500,17072251,3250,77000000,58500000,17069000,5687500,11381500,5687500,0,0,0,5694000,4799128,4.7991
distribute_parallel_for_split_2250_1750_3250,2250,3250,0,6500,56894500,17072251,3250,77000000,58500000,17069000,5687500,11381500,5687500,0,0,0,5694000,3799739,3.7997
swap_distribute_parallel_for_2250_1750_3250,2250,3250,0,6500,56894500,17072251,3250,77000000,58500000,17069000,5687500,11381500,5687500,0,0,0,5694000,3956133,3.9561
swap_distribute_parallel_for_split_2250_1750_3250,2250,3250,0,6500,56894500,17072251,3250,77000000,58500000,17069000,5687500,11381500,5687500,0,0,0,5694000,3487480,3.4875
distribute_parallel_for_collapse_2250_1750_3250,2250,3250,0,6500,56894500,17072251,3250,77000000,58500000,17069000,5687500,11381500,5687500,0,0,0,5694000,3939528,3.9395
swap_distribute_parallel_for_collapse_2250_1750_3250,2250,3250,0,6500,56894500,17072251,3250,77000000,58500000,17069000,5687500,11381500,5687500,0,0,0,5694000,3683615,3.6836
distribute_parallel_for_2250_1750_3750,2250,3750,0,7500,65647500,19698751,3750,84000000,67500000,19695000,6562500,13132500,6562500,0,0,0,6570000,5248647,5.2486
distribute_parallel_for_split_2250_1750_3750,2250,3750,0,7500,65647500,19698751,3750,84000000,67500000,19695000,6562500,13132500,6562500,0,0,0,6570000,4691255,4.6913
swap_distribute_parallel_for_2250_1750_3750,2250,3750,0,7500,65647500,19698751,3750,84000000,67500000,19695000,6562500,13132500,6562500,0,0,0,6570000,4164310,4.1643
swap_distribute_parallel_for_split_2250_1750_3750,2250,3750,0,7500,65647500,19698751,3750,84000000,67500000,19695000,6562500,13132500,6562500,0,0,0,6570000,4020493,4.0205
distribute_parallel_for_collapse_2250_1750_3750,2250,3750,0,7500,65647500,19698751,3750,84000000,67500000,19695000,6562500,13132500,6562500,0,0,0,6570000,4598860,4.5989
swap_distribute_parallel_for_collapse_2250_1750_3750,2250,3750,0,7500,65647500,19698751,3750,84000000,67500000,19695000,6562500,13132500,6562500,0,0,0,6570000,4443255,4.4433
distribute_parallel_for_2250_1750_4250,2250,4250,0,8500,74400500,22325251,4250,91000000,76500000,22321000,7437500,14883500,7437500,0,0,0,7446000,6335707,6.3357
distribute_parallel_for_split_2250_1750_4250,2250,4250,0,8500,74400500,22325251,4250,91000000,76500000,22321000,7437500,14883500,7437500,0,0,0,7446000,5117583,5.1176
swap_distribute_parallel_for_2250_1750_4250,2250,4250,0,8500,74400500,22325251,4250,91000000,76500000,22321000,7437500,14883500,7437500,0,0,0,7446000,7224815,7.2248
swap_distribute_parallel_for_split_2250_1750_4250,2250,4250,0,8500,74400500,22325251,4250,91000000,76500000,22321000,7437500,14883500,7437500,0,0,0,7446000,4548031,4.5480
distribute_parallel_for_collapse_2250_1750_4250,2250,4250,0,8500,74400500,22325251,4250,91000000,76500000,22321000,7437500,14883500,7437500,0,0,0,7446000,5183368,5.1834
swap_distribute_parallel_for_collapse_2250_1750_4250,2250,4250,0,8500,74400500,22325251,4250,91000000,76500000,22321000,7437500,14883500,7437500,0,0,0,7446000,5395237,5.3952
distribute_parallel_for_2250_2150_2150,2250,2150,0,4300,46237900,13873951,2150,75680000,38700000,13871800,4622500,9249300,4622500,0,0,0,4626800,4009162,4.0092
distribute_parallel_for_split_2250_2150_2150,2250,2150,0,4300,46237900,13873951,2150,75680000,38700000,13871800,4622500,9249300,4622500,0,0,0,4626800,3094123,3.0941
swap_distribute_parallel_for_2250_2150_2150,2250,2150,0,4300,46237900,13873951,2150,75680000,38700000,13871800,4622500,9249300,4622500,0,0,0,4626800,5306811,5.3068
swap_distribute_parallel_for_split_2250_2150_2150,2250,2150,0,4300,46237900,13873951,2150,75680000,38700000,13871800,4622500,9249300,4622500,0,0,0,4626800,2804258,2.8043
distribute_parallel_for_collapse_2250_2150_2150,2250,2150,0,4300,46237900,13873951,2150,75680000,38700000,13871800,4622500,9249300,4622500,0,0,0,4626800,3191988,3.1920
swap_distribute_parallel_for_collapse_2250_2150_2150,2250,2150,0,4300,46237900,13873951,2150,75680000,38700000,13871800,4622500,9249300,4622500,0,0,0,4626800,2828686,2.8287
distribute_parallel_for_2250_2150_2250,2250,2250,0,4500,48388500,14519251,2250,77400000,40500000,14517000,4837500,9679500,4837500,0,0,0,4842000,4183658,4.1837
distribute_parallel_for_split_2250_2150_2250,2250,2250,0,4500,48388500,14519251,2250,77400000,40500000,14517000,4837500,9679500,4837500,0,0,0,4842000,3540627,3.5406
swap_distribute_parallel_for_2250_2150_2250,2250,2250,0,4500,48388500,14519251,2250,77400000,40500000,14517000,4837500,9679500,4837500,0,0,0,4842000,5345090,5.3451
swap_distribute_parallel_for_split_2250_2150_2250,2250,2250,0,4500,48388500,14519251,2250,77400000,40500000,14517000,4837500,9679500,4837500,0,0,0,4842000,3088235,3.0882
distribute_parallel_for_collapse_2250_2150_2250,2250,2250,0,4500,48388500,14519251,2250,77400000,40500000,14517000,4837500,9679500,4837500,0,0,0,4842000,3385098,3.3851
swap_distribute_parallel_for_collapse_2250_2150_2250,2250,2250,0,4500,48388500,14519251,2250,77400000,40500000,14517000,4837500,9679500,4837500,0,0,0,4842000,2984363,2.9844
distribute_parallel_for_2250_2150_2350,2250,2350,0,4700,50539100,15164551,2350,79120000,42300000,15162200,5052500,10109700,5052500,0,0,0,5057200,3976790,3.9768
distribute_parallel_for_split_2250_2150_2350,2250,2350,0,4700,50539100,15164551,2350,79120000,42300000,15162200,5052500,10109700,5052500,0,0,0,5057200,3618312,3.6183
swap_distribute_parallel_for_2250_2150_2350,2250,2350,0,4700,50539100,15164551,2350,79120000,42300000,15162200,5052500,10109700,5052500,0,0,0,5057200,5049652,5.0497
swap_distribute_parallel_for_split_2250_2150_2350,2250,2350,0,4700,50539100,15164551,2350,79120000,42300000,15162200,5052500,10109700,5052500,0,0,0,5057200,3091597,3.0916
distribute_parallel_for_collapse_2250_2150_2350,2250,2350,0,4700,50539100,15164551,2350,79120000,42300000,15162200,5052500,10109700,5052500,0,0,0,5057200,3547358,3.5474
swap_distribute_parallel_for_collapse_2250_2150_2350,2250,2350,0,4700,50539100,15164551,2350,79120000,42300000,15162200,5052500,10109700,5052500,0,0,0,5057200,3038185,3.0382
distribute_parallel_for_2250_2150_2450,2250,2450,0,4900,52689700,15809851,2450,80840000,44100000,15807400,5267500,10539900,5267500,0,0,0,5272400,4550929,4.5509
distribute_parallel_for_split_2250_2150_2450,2250,2450,0,4900,52689700,15809851,2450,80840000,44100000,15807400,5267500,10539900,5267500,0,0,0,5272400,3788941,3.7889
swap_distribute_parallel_for_2250_2150_2450,2250,2450,0,4900,52689700,15809851,2450,80840000,44100000,15807400,5267500,10539900,5267500,0,0,0,5272400,5049029,5.0490
swap_distribute_parallel_for_split_2250_2150_2450,2250,2450,0,4900,52689700,15809851,2450,80840000,44100000,15807400,5267500,10539900,5267500,0,0,0,5272400,3345817,3.3458
distribute_parallel_for_collapse_2250_2150_2450,2250,2450,0,4900,52689700,15809851,2450,80840000,44100000,15807400,5267500,10539900,5267500,0,0,0,5272400,3662775,3.6628
swap_distribute_parallel_for_collapse_2250_2150_2450,2250,2450,0,4900,52689700,15809851,2450,80840000,44100000,15807400,5267500,10539900,5267500,0,0,0,5272400,3246468,3.2465
distribute_parallel_for_2250_2150_2550,2250,2550,0,5100,54840300,16455151,2550,82560000,45900000,16452600,5482500,10970100,5482500,0,0,0,5487600,4713199,4.7132
distribute_parallel_for_split_2250_2150_2550,2250,2550,0,5100,54840300,16455151,2550,82560000,45900000,16452600,5482500,10970100,5482500,0,0,0,5487600,3677210,3.6772
swap_distribute_parallel_for_2250_2150_2550,2250,2550,0,5100,54840300,16455151,2550,82560000,45900000,16452600,5482500,10970100,5482500,0,0,0,5487600,4915875,4.9159
swap_distribute_parallel_for_split_2250_2150_2550,2250,2550,0,5100,54840300,16455151,2550,82560000,45900000,16452600,5482500,10970100,5482500,0,0,0,5487600,3377916,3.3779
distribute_parallel_for_collapse_2250_2150_2550,2250,2550,0,5100,54840300,16455151,2550,82560000,45900000,16452600,5482500,10970100,5482500,0,0,0,5487600,3797614,3.7976
swap_distribute_parallel_for_collapse_2250_2150_2550,2250,2550,0,5100,54840300,16455151,2550,82560000,45900000,16452600,5482500,10970100,5482500,0,0,0,5487600,3355518,3.3555
distribute_parallel_for_2250_2150_2650,2250,2650,0,5300,56990900,17100451,2650,84280000,47700000,17097800,5697500,11400300,5697500,0,0,0,5702800,4499095,4.4991
distribute_parallel_for_split_2250_2150_2650,2250,2650,0,5300,56990900,17100451,2650,84280000,47700000,17097800,5697500,11400300,5697500,0,0,0,5702800,3919510,3.9195
swap_distribute_parallel_for_2250_2150_2650,2250,2650,0,5300,56990900,17100451,2650,84280000,47700000,17097800,5697500,11400300,5697500,0,0,0,5702800,5038895,5.0389
swap_distribute_parallel_for_split_2250_2150_2650,2250,2650,0,5300,56990900,17100451,2650,84280000,47700000,17097800,5697500,11400300,5697500,0,0,0,5702800,3663304,3.6633
distribute_parallel_for_collapse_2250_2150_2650,2250,2650,0,5300,56990900,17100451,2650,84280000,47700000,17097800,5697500,11400300,5697500,0,0,0,5702800,3998589,3.9986
swap_distribute_parallel_for_collapse_2250_2150_2650,2250,2650,0,5300,56990900,17100451,2650,84280000,47700000,17097800,5697500,11400300,5697500,0,0,0,5702800,3591957,3.5920
distribute_parallel_for_2250_2150_2750,2250,2750,0,5500,59141500,17745751,2750,86000000,49500000,17743000,5912500,11830500,5912500,0,0,0,5918000,4950346,4.9503
distribute_parallel_for_split_2250_2150_2750,2250,2750,0,5500,59141500,17745751,2750,86000000,49500000,17743000,5912500,11830500,5912500,0,0,0,5918000,4148308,4.1483
swap_distribute_parallel_for_2250_2150_2750,2250,2750,0,5500,59141500,17745751,2750,86000000,49500000,17743000,5912500,11830500,5912500,0,0,0,5918000,4918187,4.9182
swap_distribute_parallel_for_split_2250_2150_2750,2250,2750,0,5500,59141500,17745751,2750,86000000,49500000,17743000,5912500,11830500,5912500,0,0,0,5918000,3789034,3.7890
distribute_parallel_for_collapse_2250_2150_2750,2250,2750,0,5500,59141500,17745751,2750,86000000,49500000,17743000,5912500,11830500,5912500,0,0,0,5918000,4185255,4.1853
swap_distribute_parallel_for_collapse_2250_2150_2750,2250,2750,0,5500,59141500,17745751,2750,86000000,49500000,17743000,5912500,11830500,5912500,0,0,0,5918000,3714928,3.7149
distribute_parallel_for_2250_2150_2850,2250,2850,0,5700,61292100,18391051,2850,87720000,51300000,18388200,6127500,12260700,6127500,0,0,0,6133200,5007126,5.0071
distribute_parallel_for_split_2250_2150_2850,2250,2850,0,5700,61292100,18391051,2850,87720000,51300000,18388200,6127500,12260700,6127500,0,0,0,6133200,4311042,4.3110
swap_distribute_parallel_for_2250_2150_2850,2250,2850,0,5700,61292100,18391051,2850,87720000,51300000,18388200,6127500,12260700,6127500,0,0,0,6133200,4916830,4.9168
swap_distribute_parallel_for_split_2250_2150_2850,2250,2850,0,5700,61292100,18391051,2850,87720000,51300000,18388200,6127500,12260700,6127500,0,0,0,6133200,3752139,3.7521
distribute_parallel_for_collapse_2250_2150_2850,2250,2850,0,5700,61292100,18391051,2850,87720000,51300000,18388200,6127500,12260700,6127500,0,0,0,6133200,4267922,4.2679
swap_distribute_parallel_for_collapse_2250_2150_2850,2250,2850,0,5700,61292100,18391051,2850,87720000,51300000,18388200,6127500,12260700,6127500,0,0,0,6133200,3807911,3.8079
distribute_parallel_for_2250_2150_2950,2250,2950,0,5900,63442700,19036351,2950,89440000,53100000,19033400,6342500,12690900,6342500,0,0,0,6348400,5116797,5.1168
distribute_parallel_for_split_2250_2150_2950,2250,2950,0,5900,63442700,19036351,2950,89440000,53100000,19033400,6342500,12690900,6342500,0,0,0,6348400,4379698,4.3797
swap_distribute_parallel_for_2250_2150_2950,2250,2950,0,5900,63442700,19036351,2950,89440000,53100000,19033400,6342500,12690900,6342500,0,0,0,6348400,4972964,4.9730
swap_distribute_parallel_for_split_2250_2150_2950,2250,2950,0,5900,63442700,19036351,2950,89440000,53100000,19033400,6342500,12690900,6342500,0,0,0,6348400,3967390,3.9674
distribute_parallel_for_collapse_2250_2150_2950,2250,2950,0,5900,63442700,19036351,2950,89440000,53100000,19033400,6342500,12690900,6342500,0,0,0,6348400,4466909,4.4669
swap_distribute_parallel_for_collapse_2250_2150_2950,2250,2950,0,5900,63442700,19036351,2950,89440000,53100000,19033400,6342500,12690900,6342500,0,0,0,6348400,4068859,4.0689
distribute_parallel_for_2250_2250_1250,2250,1250,0,2500,28132500,8441251,1250,63000000,22500000,8440000,2812500,5627500,2812500,0,0,0,2815000,2493626,2.4936
distribute_parallel_for_split_2250_2250_1250,2250,1250,0,2500,28132500,8441251,1250,63000000,22500000,8440000,2812500,5627500,2812500,0,0,0,2815000,1926423,1.9264
swap_distribute_parallel_for_2250_2250_1250,2250,1250,0,2500,28132500,8441251,1250,63000000,22500000,8440000,2812500,5627500,2812500,0,0,0,2815000,2204307,2.2043
swap_distribute_parallel_for_split_2250_2250_1250,2250,1250,0,2500,28132500,8441251,1250,63000000,22500000,8440000,2812500,5627500,2812500,0,0,0,2815000,1820975,1.8210
distribute_parallel_for_collapse_2250_2250_1250,2250,1250,0,2500,28132500,8441251,1250,63000000,22500000,8440000,2812500,5627500,2812500,0,0,0,2815000,2076540,2.0765
swap_distribute_parallel_for_collapse_2250_2250_1250,2250,1250,0,2500,28132500,8441251,1250,63000000,22500000,8440000,2812500,5627500,2812500,0,0,0,2815000,1720179,1.7202
distribute_parallel_for_2250_2250_1750,2250,1750,0,3500,39385500,11817751,1750,72000000,31500000,11816000,3937500,7878500,3937500,0,0,0,3941000,3245557,3.2456
distribute_parallel_for_split_2250_2250_1750,2250,1750,0,3500,39385500,11817751,1750,72000000,31500000,11816000,3937500,7878500,3937500,0,0,0,3941000,2700885,2.7009
swap_distribute_parallel_for_2250_2250_1750,2250,1750,0,3500,39385500,11817751,1750,72000000,31500000,11816000,3937500,7878500,3937500,0,0,0,3941000,2389917,2.3899
swap_distribute_parallel_for_split_2250_2250_1750,2250,1750,0,3500,39385500,11817751,1750,72000000,31500000,11816000,3937500,7878500,3937500,0,0,0,3941000,2684260,2.6843
distribute_parallel_for_collapse_2250_2250_1750,2250,1750,0,3500,39385500,11817751,1750,72000000,31500000,11816000,3937500,7878500,3937500,0,0,0,3941000,2744831,2.7448
swap_distribute_parallel_for_collapse_2250_2250_1750,2250,1750,0,3500,39385500,11817751,1750,72000000,31500000,11816000,3937500,7878500,3937500,0,0,0,3941000,2348933,2.3489
distribute_parallel_for_2250_2250_2150,2250,2150,0,4300,48387900,14518951,2150,79200000,38700000,14516800,4837500,9679300,4837500,0,0,0,4841800,4002535,4.0025
distribute_parallel_for_split_2250_2250_2150,2250,2150,0,4300,48387900,14518951,2150,79200000,38700000,14516800,4837500,9679300,4837500,0,0,0,4841800,3297820,3.2978
swap_distribute_parallel_for_2250_2250_2150,2250,2150,0,4300,48387900,14518951,2150,79200000,38700000,14516800,4837500,9679300,4837500,0,0,0,4841800,5569640,5.5696
swap_distribute_parallel_for_split_2250_2250_2150,2250,2150,0,4300,48387900,14518951,2150,79200000,38700000,14516800,4837500,9679300,4837500,0,0,0,4841800,2952520,2.9525
distribute_parallel_for_collapse_2250_2250_2150,2250,2150,0,4300,48387900,14518951,2150,79200000,38700000,14516800,4837500,9679300,4837500,0,0,0,4841800,3397571,3.3976
swap_distribute_parallel_for_collapse_2250_2250_2150,2250,2150,0,4300,48387900,14518951,2150,79200000,38700000,14516800,4837500,9679300,4837500,0,0,0,4841800,2908965,2.9090
distribute_parallel_for_2250_2250_2250,2250,2250,0,4500,50638500,15194251,2250,81000000,40500000,15192000,5062500,10129500,5062500,0,0,0,5067000,4183913,4.1839
distribute_parallel_for_split_2250_2250_2250,2250,2250,0,4500,50638500,15194251,2250,81000000,40500000,15192000,5062500,10129500,5062500,0,0,0,5067000,3686824,3.6868
swap_distribute_parallel_for_2250_2250_2250,2250,2250,0,4500,50638500,15194251,2250,81000000,40500000,15192000,5062500,10129500,5062500,0,0,0,5067000,5560231,5.5602
swap_distribute_parallel_for_split_2250_2250_2250,2250,2250,0,4500,50638500,15194251,2250,81000000,40500000,15192000,5062500,10129500,5062500,0,0,0,5067000,3177972,3.1780
distribute_parallel_for_collapse_2250_2250_2250,2250,2250,0,4500,50638500,15194251,2250,81000000,40500000,15192000,5062500,10129500,5062500,0,0,0,5067000,3533620,3.5336
swap_distribute_parallel_for_collapse_2250_2250_2250,2250,2250,0,4500,50638500,15194251,2250,81000000,40500000,15192000,5062500,10129500,5062500,0,0,0,5067000,3063135,3.0631
distribute_parallel_for_2250_2250_2350,2250,2350,0,4700,52889100,15869551,2350,82800000,42300000,15867200,5287500,10579700,5287500,0,0,0,5292200,4573733,4.5737
distribute_parallel_for_split_2250_2250_2350,2250,2350,0,4700,52889100,15869551,2350,82800000,42300000,15867200,5287500,10579700,5287500,0,0,0,5292200,3723005,3.7230
swap_distribute_parallel_for_2250_2250_2350,2250,2350,0,4700,52889100,15869551,2350,82800000,42300000,15867200,5287500,10579700,5287500,0,0,0,5292200,5323303,5.3233
swap_distribute_parallel_for_split_2250_2250_2350,2250,2350,0,4700,52889100,15869551,2350,82800000,42300000,15867200,5287500,10579700,5287500,0,0,0,5292200,3239505,3.2395
distribute_parallel_for_collapse_2250_2250_2350,2250,2350,0,4700,52889100,15869551,2350,82800000,42300000,15867200,5287500,10579700,5287500,0,0,0,5292200,3644026,3.6440
swap_distribute_parallel_for_collapse_2250_2250_2350,2250,2350,0,4700,52889100,15869551,2350,82800000,42300000,15867200,5287500,10579700,5287500,0,0,0,5292200,3212448,3.2124
distribute_parallel_for_2250_2250_2450,2250,2450,0,4900,55139700,16544851,2450,84600000,44100000,16542400,5512500,11029900,5512500,0,0,0,5517400,4779271,4.7793
distribute_parallel_for_split_2250_2250_2450,2250,2450,0,4900,55139700,16544851,2450,84600000,44100000,16542400,5512500,11029900,5512500,0,0,0,5517400,3892866,3.8929
swap_distribute_parallel_for_2250_2250_2450,2250,2450,0,4900,55139700,16544851,2450,84600000,44100000,16542400,5512500,11029900,5512500,0,0,0,5517400,5280956,5.2810
swap_distribute_parallel_for_split_2250_2250_2450,2250,2450,0,4900,55139700,16544851,2450,84600000,44100000,16542400,5512500,11029900,5512500,0,0,0,5517400,3544085,3.5441
distribute_parallel_for_collapse_2250_2250_2450,2250,2450,0,4900,55139700,16544851,2450,84600000,44100000,16542400,5512500,11029900,5512500,0,0,0,5517400,3851389,3.8514
swap_distribute_parallel_for_collapse_2250_2250_2450,2250,2450,0,4900,55139700,16544851,2450,84600000,44100000,16542400,5512500,11029900,5512500,0,0,0,5517400,3363439,3.3634
distribute_parallel_for_2250_2250_2550,2250,2550,0,5100,57390300,17220151,2550,86400000,45900000,17217600,5737500,11480100,5737500,0,0,0,5742600,4732935,4.7329
distribute_parallel_for_split_2250_2250_2550,2250,2550,0,5100,57390300,17220151,2550,86400000,45900000,17217600,5737500,11480100,5737500,0,0,0,5742600,4082332,4.0823
swap_distribute_parallel_for_2250_2250_2550,2250,2550,0,5100,57390300,17220151,2550,86400000,45900000,17217600,5737500,11480100,5737500,0,0,0,5742600,5225775,5.2258
swap_distribute_parallel_for_split_2250_2250_2550,2250,2550,0,5100,57390300,17220151,2550,86400000,45900000,17217600,5737500,11480100,5737500,0,0,0,5742600,3510718,3.5107
distribute_parallel_for_collapse_2250_2250_2550,2250,2550,0,5100,57390300,17220151,2550,86400000,45900000,17217600,5737500,11480100,5737500,0,0,0,5742600,4028502,4.0285
swap_distribute_parallel_for_collapse_2250_2250_2550,2250,2550,0,5100,57390300,17220151,2550,86400000,45900000,17217600,5737500,11480100,5737500,0,0,0,5742600,3547841,3.5478
distribute_parallel_for_2250_2250_2650,2250,2650,0,5300,59640900,17895451,2650,88200000,47700000,17892800,5962500,11930300,5962500,0,0,0,5967800,4844380,4.8444
distribute_parallel_for_split_2250_2250_2650,2250,2650,0,5300,59640900,17895451,2650,88200000,47700000,17892800,5962500,11930300,5962500,0,0,0,5967800,4328647,4.3286
swap_distribute_parallel_for_2250_2250_2650,2250,2650,0,5300,59640900,17895451,2650,88200000,47700000,17892800,5962500,11930300,5962500,0,0,0,5967800,5173549,5.1735
swap_distribute_parallel_for_split_2250_2250_2650,2250,2650,0,5300,59640900,17895451,2650,88200000,47700000,17892800,5962500,11930300,5962500,0,0,0,5967800,3783447,3.7834
distribute_parallel_for_collapse_2250_2250_2650,2250,2650,0,5300,59640900,17895451,2650,88200000,47700000,17892800,5962500,11930300,5962500,0,0,0,5967800,4291137,4.2911
swap_distribute_parallel_for_collapse_2250_2250_2650,2250,2650,0,5300,59640900,17895451,2650,88200000,47700000,17892800,5962500,11930300,5962500,0,0,0,5967800,3734092,3.7341
distribute_parallel_for_2250_2250_2750,2250,2750,0,5500,61891500,18570751,2750,90000000,49500000,18568000,6187500,12380500,6187500,0,0,0,6193000,5134201,5.1342
distribute_parallel_for_split_2250_2250_2750,2250,2750,0,5500,61891500,18570751,2750,90000000,49500000,18568000,6187500,12380500,6187500,0,0,0,6193000,4213636,4.2136
swap_distribute_parallel_for_2250_2250_2750,2250,2750,0,5500,61891500,18570751,2750,90000000,49500000,18568000,6187500,12380500,6187500,0,0,0,6193000,5137105,5.1371
swap_distribute_parallel_for_split_2250_2250_2750,2250,2750,0,5500,61891500,18570751,2750,90000000,49500000,18568000,6187500,12380500,6187500,0,0,0,6193000,3907903,3.9079
distribute_parallel_for_collapse_2250_2250_2750,2250,2750,0,5500,61891500,18570751,2750,90000000,49500000,18568000,6187500,12380500,6187500,0,0,0,6193000,4336649,4.3366
swap_distribute_parallel_for_collapse_2250_2250_2750,2250,2750,0,5500,61891500,18570751,2750,90000000,49500000,18568000,6187500,12380500,6187500,0,0,0,6193000,3818116,3.8181
distribute_parallel_for_2250_2250_2850,2250,2850,0,5700,64142100,19246051,2850,91800000,51300000,19243200,6412500,12830700,6412500,0,0,0,6418200,5298726,5.2987
distribute_parallel_for_split_2250_2250_2850,2250,2850,0,5700,64142100,19246051,2850,91800000,51300000,19243200,6412500,12830700,6412500,0,0,0,6418200,4523987,4.5240
swap_distribute_parallel_for_2250_2250_2850,2250,2850,0,5700,64142100,19246051,2850,91800000,51300000,19243200,6412500,12830700,6412500,0,0,0,6418200,5077435,5.0774
swap_distribute_parallel_for_split_2250_2250_2850,2250,2850,0,5700,64142100,19246051,2850,91800000,51300000,19243200,6412500,12830700,6412500,0,0,0,6418200,3913445,3.9134
distribute_parallel_for_collapse_2250_2250_2850,2250,2850,0,5700,64142100,19246051,2850,91800000,51300000,19243200,6412500,12830700,6412500,0,0,0,6418200,4536650,4.5366
swap_distribute_parallel_for_collapse_2250_2250_2850,2250,2850,0,5700,64142100,19246051,2850,91800000,51300000,19243200,6412500,12830700,6412500,0,0,0,6418200,3978972,3.9790
distribute_parallel_for_2250_2250_2950,2250,2950,0,5900,66392700,19921351,2950,93600000,53100000,19918400,6637500,13280900,6637500,0,0,0,6643400,5694811,5.6948
distribute_parallel_for_split_2250_2250_2950,2250,2950,0,5900,66392700,19921351,2950,93600000,53100000,19918400,6637500,13280900,6637500,0,0,0,6643400,4639196,4.6392
swap_distribute_parallel_for_2250_2250_2950,2250,2950,0,5900,66392700,19921351,2950,93600000,53100000,19918400,6637500,13280900,6637500,0,0,0,6643400,5145635,5.1456
swap_distribute_parallel_for_split_2250_2250_2950,2250,2950,0,5900,66392700,19921351,2950,93600000,53100000,19918400,6637500,13280900,6637500,0,0,0,6643400,4325223,4.3252
distribute_parallel_for_collapse_2250_2250_2950,2250,2950,0,5900,66392700,19921351,2950,93600000,53100000,19918400,6637500,13280900,6637500,0,0,0,6643400,4625206,4.6252
swap_distribute_parallel_for_collapse_2250_2250_2950,2250,2950,0,5900,66392700,19921351,2950,93600000,53100000,19918400,6637500,13280900,6637500,0,0,0,6643400,4323608,4.3236
distribute_parallel_for_2250_2250_3250,2250,3250,0,6500,73144500,21947251,3250,99000000,58500000,21944000,7312500,14631500,7312500,0,0,0,7319000,6065644,6.0656
distribute_parallel_for_split_2250_2250_3250,2250,3250,0,6500,73144500,21947251,3250,99000000,58500000,21944000,7312500,14631500,7312500,0,0,0,7319000,4988512,4.9885
swap_distribute_parallel_for_2250_2250_3250,2250,3250,0,6500,73144500,21947251,3250,99000000,58500000,21944000,7312500,14631500,7312500,0,0,0,7319000,5140761,5.1408
swap_distribute_parallel_for_split_2250_2250_3250,2250,3250,0,6500,73144500,21947251,3250,99000000,58500000,21944000,7312500,14631500,7312500,0,0,0,7319000,4524513,4.5245
distribute_parallel_for_collapse_2250_2250_3250,2250,3250,0,6500,73144500,21947251,3250,99000000,58500000,21944000,7312500,14631500,7312500,0,0,0,7319000,5163091,5.1631
swap_distribute_parallel_for_collapse_2250_2250_3250,2250,3250,0,6500,73144500,21947251,3250,99000000,58500000,21944000,7312500,14631500,7312500,0,0,0,7319000,4783449,4.7834
distribute_parallel_for_2250_2250_3750,2250,3750,0,7500,84397500,25323751,3750,108000000,67500000,25320000,8437500,16882500,8437500,0,0,0,8445000,7377751,7.3778
distribute_parallel_for_split_2250_2250_3750,2250,3750,0,7500,84397500,25323751,3750,108000000,67500000,25320000,8437500,16882500,8437500,0,0,0,8445000,5813318,5.8133
swap_distribute_parallel_for_2250_2250_3750,2250,3750,0,7500,84397500,25323751,3750,108000000,67500000,25320000,8437500,16882500,8437500,0,0,0,8445000,5331947,5.3319
swap_distribute_parallel_for_split_2250_2250_3750,2250,3750,0,7500,84397500,25323751,3750,108000000,67500000,25320000,8437500,16882500,8437500,0,0,0,8445000,5129786,5.1298
distribute_parallel_for_collapse_2250_2250_3750,2250,3750,0,7500,84397500,25323751,3750,108000000,67500000,25320000,8437500,16882500,8437500,0,0,0,8445000,5931890,5.9319
swap_distribute_parallel_for_collapse_2250_2250_3750,2250,3750,0,7500,84397500,25323751,3750,108000000,67500000,25320000,8437500,16882500,8437500,0,0,0,8445000,5729993,5.7300
distribute_parallel_for_2250_2250_4250,2250,4250,0,8500,95650500,28700251,4250,117000000,76500000,28696000,9562500,19133500,9562500,0,0,0,9571000,7935028,7.9350
distribute_parallel_for_split_2250_2250_4250,2250,4250,0,8500,95650500,28700251,4250,117000000,76500000,28696000,9562500,19133500,9562500,0,0,0,9571000,6646716,6.6467
swap_distribute_parallel_for_2250_2250_4250,2250,4250,0,8500,95650500,28700251,4250,117000000,76500000,28696000,9562500,19133500,9562500,0,0,0,9571000,9265087,9.2651
swap_distribute_parallel_for_split_2250_2250_4250,2250,4250,0,8500,95650500,28700251,4250,117000000,76500000,28696000,9562500,19133500,9562500,0,0,0,9571000,5849668,5.8497
distribute_parallel_for_collapse_2250_2250_4250,2250,4250,0,8500,95650500,28700251,4250,117000000,76500000,28696000,9562500,19133500,9562500,0,0,0,9571000,6765109,6.7651
swap_distribute_parallel_for_collapse_2250_2250_4250,2250,4250,0,8500,95650500,28700251,4250,117000000,76500000,28696000,9562500,19133500,9562500,0,0,0,9571000,7080071,7.0801
distribute_parallel_for_2250_2350_2150,2250,2150,0,4300,50537900,15163951,2150,82720000,38700000,15161800,5052500,10109300,5052500,0,0,0,5056800,4265151,4.2652
distribute_parallel_for_split_2250_2350_2150,2250,2150,0,4300,50537900,15163951,2150,82720000,38700000,15161800,5052500,10109300,5052500,0,0,0,5056800,3434454,3.4345
swap_distribute_parallel_for_2250_2350_2150,2250,2150,0,4300,50537900,15163951,2150,82720000,38700000,15161800,5052500,10109300,5052500,0,0,0,5056800,5920723,5.9207
swap_distribute_parallel_for_split_2250_2350_2150,2250,2150,0,4300,50537900,15163951,2150,82720000,38700000,15161800,5052500,10109300,5052500,0,0,0,5056800,3137934,3.1379
distribute_parallel_for_collapse_2250_2350_2150,2250,2150,0,4300,50537900,15163951,2150,82720000,38700000,15161800,5052500,10109300,5052500,0,0,0,5056800,3634245,3.6342
swap_distribute_parallel_for_collapse_2250_2350_2150,2250,2150,0,4300,50537900,15163951,2150,82720000,38700000,15161800,5052500,10109300,5052500,0,0,0,5056800,3095954,3.0960
distribute_parallel_for_2250_2350_2250,2250,2250,0,4500,52888500,15869251,2250,84600000,40500000,15867000,5287500,10579500,5287500,0,0,0,5292000,4205587,4.2056
distribute_parallel_for_split_2250_2350_2250,2250,2250,0,4500,52888500,15869251,2250,84600000,40500000,15867000,5287500,10579500,5287500,0,0,0,5292000,3540358,3.5404
swap_distribute_parallel_for_2250_2350_2250,2250,2250,0,4500,52888500,15869251,2250,84600000,40500000,15867000,5287500,10579500,5287500,0,0,0,5292000,5863021,5.8630
swap_distribute_parallel_for_split_2250_2350_2250,2250,2250,0,4500,52888500,15869251,2250,84600000,40500000,15867000,5287500,10579500,5287500,0,0,0,5292000,3321998,3.3220
distribute_parallel_for_collapse_2250_2350_2250,2250,2250,0,4500,52888500,15869251,2250,84600000,40500000,15867000,5287500,10579500,5287500,0,0,0,5292000,3714301,3.7143
swap_distribute_parallel_for_collapse_2250_2350_2250,2250,2250,0,4500,52888500,15869251,2250,84600000,40500000,15867000,5287500,10579500,5287500,0,0,0,5292000,3227435,3.2274
distribute_parallel_for_2250_2350_2350,2250,2350,0,4700,55239100,16574551,2350,86480000,42300000,16572200,5522500,11049700,5522500,0,0,0,5527200,4448390,4.4484
distribute_parallel_for_split_2250_2350_2350,2250,2350,0,4700,55239100,16574551,2350,86480000,42300000,16572200,5522500,11049700,5522500,0,0,0,5527200,4077667,4.0777
swap_distribute_parallel_for_2250_2350_2350,2250,2350,0,4700,55239100,16574551,2350,86480000,42300000,16572200,5522500,11049700,5522500,0,0,0,5527200,5587957,5.5880
swap_distribute_parallel_for_split_2250_2350_2350,2250,2350,0,4700,55239100,16574551,2350,86480000,42300000,16572200,5522500,11049700,5522500,0,0,0,5527200,3461971,3.4620
distribute_parallel_for_collapse_2250_2350_2350,2250,2350,0,4700,55239100,16574551,2350,86480000,42300000,16572200,5522500,11049700,5522500,0,0,0,5527200,3834321,3.8343
swap_distribute_parallel_for_collapse_2250_2350_2350,2250,2350,0,4700,55239100,16574551,2350,86480000,42300000,16572200,5522500,11049700,5522500,0,0,0,5527200,3313964,3.3140
distribute_parallel_for_2250_2350_2450,2250,2450,0,4900,57589700,17279851,2450,88360000,44100000,17277400,5757500,11519900,5757500,0,0,0,5762400,4973567,4.9736
distribute_parallel_for_split_2250_2350_2450,2250,2450,0,4900,57589700,17279851,2450,88360000,44100000,17277400,5757500,11519900,5757500,0,0,0,5762400,3962386,3.9624
swap_distribute_parallel_for_2250_2350_2450,2250,2450,0,4900,57589700,17279851,2450,88360000,44100000,17277400,5757500,11519900,5757500,0,0,0,5762400,5525826,5.5258
swap_distribute_parallel_for_split_2250_2350_2450,2250,2450,0,4900,57589700,17279851,2450,88360000,44100000,17277400,5757500,11519900,5757500,0,0,0,5762400,3689988,3.6900
distribute_parallel_for_collapse_2250_2350_2450,2250,2450,0,4900,57589700,17279851,2450,88360000,44100000,17277400,5757500,11519900,5757500,0,0,0,5762400,4062936,4.0629
swap_distribute_parallel_for_collapse_2250_2350_2450,2250,2450,0,4900,57589700,17279851,2450,88360000,44100000,17277400,5757500,11519900,5757500,0,0,0,5762400,3561693,3.5617
distribute_parallel_for_2250_2350_2550,2250,2550,0,5100,59940300,17985151,2550,90240000,45900000,17982600,5992500,11990100,5992500,0,0,0,5997600,5337788,5.3378
distribute_parallel_for_split_2250_2350_2550,2250,2550,0,5100,59940300,17985151,2550,90240000,45900000,17982600,5992500,11990100,5992500,0,0,0,5997600,4471996,4.4720
swap_distribute_parallel_for_2250_2350_2550,2250,2550,0,5100,59940300,17985151,2550,90240000,45900000,17982600,5992500,11990100,5992500,0,0,0,5997600,5513330,5.5133
swap_distribute_parallel_for_split_2250_2350_2550,2250,2550,0,5100,59940300,17985151,2550,90240000,45900000,17982600,5992500,11990100,5992500,0,0,0,5997600,3711515,3.7115
distribute_parallel_for_collapse_2250_2350_2550,2250,2550,0,5100,59940300,17985151,2550,90240000,45900000,17982600,5992500,11990100,5992500,0,0,0,5997600,4149629,4.1496
swap_distribute_parallel_for_collapse_2250_2350_2550,2250,2550,0,5100,59940300,17985151,2550,90240000,45900000,17982600,5992500,11990100,5992500,0,0,0,5997600,3810888,3.8109
distribute_parallel_for_2250_2350_2650,2250,2650,0,5300,62290900,18690451,2650,92120000,47700000,18687800,6227500,12460300,6227500,0,0,0,6232800,5227854,5.2279
distribute_parallel_for_split_2250_2350_2650,2250,2650,0,5300,62290900,18690451,2650,92120000,47700000,18687800,6227500,12460300,6227500,0,0,0,6232800,4462911,4.4629
swap_distribute_parallel_for_2250_2350_2650,2250,2650,0,5300,62290900,18690451,2650,92120000,47700000,18687800,6227500,12460300,6227500,0,0,0,6232800,5419453,5.4195
swap_distribute_parallel_for_split_2250_2350_2650,2250,2650,0,5300,62290900,18690451,2650,92120000,47700000,18687800,6227500,12460300,6227500,0,0,0,6232800,3899697,3.8997
distribute_parallel_for_collapse_2250_2350_2650,2250,2650,0,5300,62290900,18690451,2650,92120000,47700000,18687800,6227500,12460300,6227500,0,0,0,6232800,4422559,4.4226
swap_distribute_parallel_for_collapse_2250_2350_2650,2250,2650,0,5300,62290900,18690451,2650,92120000,47700000,18687800,6227500,12460300,6227500,0,0,0,6232800,3885613,3.8856
distribute_parallel_for_2250_2350_2750,2250,2750,0,5500,64641500,19395751,2750,94000000,49500000,19393000,6462500,12930500,6462500,0,0,0,6468000,5421273,5.4213
distribute_parallel_for_split_2250_2350_2750,2250,2750,0,5500,64641500,19395751,2750,94000000,49500000,19393000,6462500,12930500,6462500,0,0,0,6468000,4414422,4.4144
swap_distribute_parallel_for_2250_2350_2750,2250,2750,0,5500,64641500,19395751,2750,94000000,49500000,19393000,6462500,12930500,6462500,0,0,0,6468000,5332526,5.3325
swap_distribute_parallel_for_split_2250_2350_2750,2250,2750,0,5500,64641500,19395751,2750,94000000,49500000,19393000,6462500,12930500,6462500,0,0,0,6468000,4060158,4.0602
distribute_parallel_for_collapse_2250_2350_2750,2250,2750,0,5500,64641500,19395751,2750,94000000,49500000,19393000,6462500,12930500,6462500,0,0,0,6468000,4629167,4.6292
swap_distribute_parallel_for_collapse_2250_2350_2750,2250,2750,0,5500,64641500,19395751,2750,94000000,49500000,19393000,6462500,12930500,6462500,0,0,0,6468000,4021709,4.0217
distribute_parallel_for_2250_2350_2850,2250,2850,0,5700,66992100,20101051,2850,95880000,51300000,20098200,6697500,13400700,6697500,0,0,0,6703200,5360333,5.3603
distribute_parallel_for_split_2250_2350_2850,2250,2850,0,5700,66992100,20101051,2850,95880000,51300000,20098200,6697500,13400700,6697500,0,0,0,6703200,4662523,4.6625
swap_distribute_parallel_for_2250_2350_2850,2250,2850,0,5700,66992100,20101051,2850,95880000,51300000,20098200,6697500,13400700,6697500,0,0,0,6703200,5513601,5.5136
swap_distribute_parallel_for_split_2250_2350_2850,2250,2850,0,5700,66992100,20101051,2850,95880000,51300000,20098200,6697500,13400700,6697500,0,0,0,6703200,4076546,4.0765
distribute_parallel_for_collapse_2250_2350_2850,2250,2850,0,5700,66992100,20101051,2850,95880000,51300000,20098200,6697500,13400700,6697500,0,0,0,6703200,4706508,4.7065
swap_distribute_parallel_for_collapse_2250_2350_2850,2250,2850,0,5700,66992100,20101051,2850,95880000,51300000,20098200,6697500,13400700,6697500,0,0,0,6703200,4193111,4.1931
distribute_parallel_for_2250_2350_2950,2250,2950,0,5900,69342700,20806351,2950,97760000,53100000,20803400,6932500,13870900,6932500,0,0,0,6938400,5625738,5.6257
distribute_parallel_for_split_2250_2350_2950,2250,2950,0,5900,69342700,20806351,2950,97760000,53100000,20803400,6932500,13870900,6932500,0,0,0,6938400,4574010,4.5740
swap_distribute_parallel_for_2250_2350_2950,2250,2950,0,5900,69342700,20806351,2950,97760000,53100000,20803400,6932500,13870900,6932500,0,0,0,6938400,5383422,5.3834
swap_distribute_parallel_for_split_2250_2350_2950,2250,2950,0,5900,69342700,20806351,2950,97760000,53100000,20803400,6932500,13870900,6932500,0,0,0,6938400,4422816,4.4228
distribute_parallel_for_collapse_2250_2350_2950,2250,2950,0,5900,69342700,20806351,2950,97760000,53100000,20803400,6932500,13870900,6932500,0,0,0,6938400,4941299,4.9413
swap_distribute_parallel_for_collapse_2250_2350_2950,2250,2950,0,5900,69342700,20806351,2950,97760000,53100000,20803400,6932500,13870900,6932500,0,0,0,6938400,4500518,4.5005
distribute_parallel_for_2250_2450_2150,2250,2150,0,4300,52687900,15808951,2150,86240000,38700000,15806800,5267500,10539300,5267500,0,0,0,5271800,4350306,4.3503
distribute_parallel_for_split_2250_2450_2150,2250,2150,0,4300,52687900,15808951,2150,86240000,38700000,15806800,5267500,10539300,5267500,0,0,0,5271800,3766214,3.7662
swap_distribute_parallel_for_2250_2450_2150,2250,2150,0,4300,52687900,15808951,2150,86240000,38700000,15806800,5267500,10539300,5267500,0,0,0,5271800,6088989,6.0890
swap_distribute_parallel_for_split_2250_2450_2150,2250,2150,0,4300,52687900,15808951,2150,86240000,38700000,15806800,5267500,10539300,5267500,0,0,0,5271800,3199808,3.1998
distribute_parallel_for_collapse_2250_2450_2150,2250,2150,0,4300,52687900,15808951,2150,86240000,38700000,15806800,5267500,10539300,5267500,0,0,0,5271800,3740924,3.7409
swap_distribute_parallel_for_collapse_2250_2450_2150,2250,2150,0,4300,52687900,15808951,2150,86240000,38700000,15806800,5267500,10539300,5267500,0,0,0,5271800,3228457,3.2285
distribute_parallel_for_2250_2450_2250,2250,2250,0,4500,55138500,16544251,2250,88200000,40500000,16542000,5512500,11029500,5512500,0,0,0,5517000,4764065,4.7641
distribute_parallel_for_split_2250_2450_2250,2250,2250,0,4500,55138500,16544251,2250,88200000,40500000,16542000,5512500,11029500,5512500,0,0,0,5517000,3828947,3.8289
swap_distribute_parallel_for_2250_2450_2250,2250,2250,0,4500,55138500,16544251,2250,88200000,40500000,16542000,5512500,11029500,5512500,0,0,0,5517000,6041824,6.0418
swap_distribute_parallel_for_split_2250_2450_2250,2250,2250,0,4500,55138500,16544251,2250,88200000,40500000,16542000,5512500,11029500,5512500,0,0,0,5517000,3479499,3.4795
distribute_parallel_for_collapse_2250_2450_2250,2250,2250,0,4500,55138500,16544251,2250,88200000,40500000,16542000,5512500,11029500,5512500,0,0,0,5517000,3829071,3.8291
swap_distribute_parallel_for_collapse_2250_2450_2250,2250,2250,0,4500,55138500,16544251,2250,88200000,40500000,16542000,5512500,11029500,5512500,0,0,0,5517000,3332317,3.3323
distribute_parallel_for_2250_2450_2350,2250,2350,0,4700,57589100,17279551,2350,90160000,42300000,17277200,5757500,11519700,5757500,0,0,0,5762200,4662565,4.6626
distribute_parallel_for_split_2250_2450_2350,2250,2350,0,4700,57589100,17279551,2350,90160000,42300000,17277200,5757500,11519700,5757500,0,0,0,5762200,4083245,4.0832
swap_distribute_parallel_for_2250_2450_2350,2250,2350,0,4700,57589100,17279551,2350,90160000,42300000,17277200,5757500,11519700,5757500,0,0,0,5762200,5723141,5.7231
swap_distribute_parallel_for_split_2250_2450_2350,2250,2350,0,4700,57589100,17279551,2350,90160000,42300000,17277200,5757500,11519700,5757500,0,0,0,5762200,3651015,3.6510
distribute_parallel_for_collapse_2250_2450_2350,2250,2350,0,4700,57589100,17279551,2350,90160000,42300000,17277200,5757500,11519700,5757500,0,0,0,5762200,4147402,4.1474
swap_distribute_parallel_for_collapse_2250_2450_2350,2250,2350,0,4700,57589100,17279551,2350,90160000,42300000,17277200,5757500,11519700,5757500,0,0,0,5762200,3518580,3.5186
distribute_parallel_for_2250_2450_2450,2250,2450,0,4900,60039700,18014851,2450,92120000,44100000,18012400,6002500,12009900,6002500,0,0,0,6007400,4801329,4.8013
distribute_parallel_for_split_2250_2450_2450,2250,2450,0,4900,60039700,18014851,2450,92120000,44100000,18012400,6002500,12009900,6002500,0,0,0,6007400,4003152,4.0032
swap_distribute_parallel_for_2250_2450_2450,2250,2450,0,4900,60039700,18014851,2450,92120000,44100000,18012400,6002500,12009900,6002500,0,0,0,6007400,5766809,5.7668
swap_distribute_parallel_for_split_2250_2450_2450,2250,2450,0,4900,60039700,18014851,2450,92120000,44100000,18012400,6002500,12009900,6002500,0,0,0,6007400,3825224,3.8252
distribute_parallel_for_collapse_2250_2450_2450,2250,2450,0,4900,60039700,18014851,2450,92120000,44100000,18012400,6002500,12009900,6002500,0,0,0,6007400,4186247,4.1862
swap_distribute_parallel_for_collapse_2250_2450_2450,2250,2450,0,4900,60039700,18014851,2450,92120000,44100000,18012400,6002500,12009900,6002500,0,0,0,6007400,3708134,3.7081
distribute_parallel_for_2250_2450_2550,2250,2550,0,5100,62490300,18750151,2550,94080000,45900000,18747600,6247500,12500100,6247500,0,0,0,6252600,5357226,5.3572
distribute_parallel_for_split_2250_2450_2550,2250,2550,0,5100,62490300,18750151,2550,94080000,45900000,18747600,6247500,12500100,6247500,0,0,0,6252600,4247008,4.2470
swap_distribute_parallel_for_2250_2450_2550,2250,2550,0,5100,62490300,18750151,2550,94080000,45900000,18747600,6247500,12500100,6247500,0,0,0,6252600,5676914,5.6769
swap_distribute_parallel_for_split_2250_2450_2550,2250,2550,0,5100,62490300,18750151,2550,94080000,45900000,18747600,6247500,12500100,6247500,0,0,0,6252600,4021002,4.0210
distribute_parallel_for_collapse_2250_2450_2550,2250,2550,0,5100,62490300,18750151,2550,94080000,45900000,18747600,6247500,12500100,6247500,0,0,0,6252600,4344441,4.3444
swap_distribute_parallel_for_collapse_2250_2450_2550,2250,2550,0,5100,62490300,18750151,2550,94080000,45900000,18747600,6247500,12500100,6247500,0,0,0,6252600,3841786,3.8418
distribute_parallel_for_2250_2450_2650,2250,2650,0,5300,64940900,19485451,2650,96040000,47700000,19482800,6492500,12990300,6492500,0,0,0,6497800,5614466,5.6145
distribute_parallel_for_split_2250_2450_2650,2250,2650,0,5300,64940900,19485451,2650,96040000,47700000,19482800,6492500,12990300,6492500,0,0,0,6497800,4372806,4.3728
swap_distribute_parallel_for_2250_2450_2650,2250,2650,0,5300,64940900,19485451,2650,96040000,47700000,19482800,6492500,12990300,6492500,0,0,0,6497800,5580323,5.5803
swap_distribute_parallel_for_split_2250_2450_2650,2250,2650,0,5300,64940900,19485451,2650,96040000,47700000,19482800,6492500,12990300,6492500,0,0,0,6497800,4171393,4.1714
distribute_parallel_for_collapse_2250_2450_2650,2250,2650,0,5300,64940900,19485451,2650,96040000,47700000,19482800,6492500,12990300,6492500,0,0,0,6497800,4557767,4.5578
swap_distribute_parallel_for_collapse_2250_2450_2650,2250,2650,0,5300,64940900,19485451,2650,96040000,47700000,19482800,6492500,12990300,6492500,0,0,0,6497800,4077582,4.0776
distribute_parallel_for_2250_2450_2750,2250,2750,0,5500,67391500,20220751,2750,98000000,49500000,20218000,6737500,13480500,6737500,0,0,0,6743000,5791327,5.7913
distribute_parallel_for_split_2250_2450_2750,2250,2750,0,5500,67391500,20220751,2750,98000000,49500000,20218000,6737500,13480500,6737500,0,0,0,6743000,4874567,4.8746
swap_distribute_parallel_for_2250_2450_2750,2250,2750,0,5500,67391500,20220751,2750,98000000,49500000,20218000,6737500,13480500,6737500,0,0,0,6743000,5569443,5.5694
swap_distribute_parallel_for_split_2250_2450_2750,2250,2750,0,5500,67391500,20220751,2750,98000000,49500000,20218000,6737500,13480500,6737500,0,0,0,6743000,4232645,4.2326
distribute_parallel_for_collapse_2250_2450_2750,2250,2750,0,5500,67391500,20220751,2750,98000000,49500000,20218000,6737500,13480500,6737500,0,0,0,6743000,4696907,4.6969
swap_distribute_parallel_for_collapse_2250_2450_2750,2250,2750,0,5500,67391500,20220751,2750,98000000,49500000,20218000,6737500,13480500,6737500,0,0,0,6743000,4163291,4.1633
distribute_parallel_for_2250_2450_2850,2250,2850,0,5700,69842100,20956051,2850,99960000,51300000,20953200,6982500,13970700,6982500,0,0,0,6988200,5845442,5.8454
distribute_parallel_for_split_2250_2450_2850,2250,2850,0,5700,69842100,20956051,2850,99960000,51300000,20953200,6982500,13970700,6982500,0,0,0,6988200,4970868,4.9709
swap_distribute_parallel_for_2250_2450_2850,2250,2850,0,5700,69842100,20956051,2850,99960000,51300000,20953200,6982500,13970700,6982500,0,0,0,6988200,5585977,5.5860
swap_distribute_parallel_for_split_2250_2450_2850,2250,2850,0,5700,69842100,20956051,2850,99960000,51300000,20953200,6982500,13970700,6982500,0,0,0,6988200,4262809,4.2628
distribute_parallel_for_collapse_2250_2450_2850,2250,2850,0,5700,69842100,20956051,2850,99960000,51300000,20953200,6982500,13970700,6982500,0,0,0,6988200,4891103,4.8911
swap_distribute_parallel_for_collapse_2250_2450_2850,2250,2850,0,5700,69842100,20956051,2850,99960000,51300000,20953200,6982500,13970700,6982500,0,0,0,6988200,4296979,4.2970
distribute_parallel_for_2250_2450_2950,2250,2950,0,5900,72292700,21691351,2950,101920000,53100000,21688400,7227500,14460900,7227500,0,0,0,7233400,6222074,6.2221
distribute_parallel_for_split_2250_2450_2950,2250,2950,0,5900,72292700,21691351,2950,101920000,53100000,21688400,7227500,14460900,7227500,0,0,0,7233400,5185309,5.1853
swap_distribute_parallel_for_2250_2450_2950,2250,2950,0,5900,72292700,21691351,2950,101920000,53100000,21688400,7227500,14460900,7227500,0,0,0,7233400,5635573,5.6356
swap_distribute_parallel_for_split_2250_2450_2950,2250,2950,0,5900,72292700,21691351,2950,101920000,53100000,21688400,7227500,14460900,7227500,0,0,0,7233400,4525887,4.5259
distribute_parallel_for_collapse_2250_2450_2950,2250,2950,0,5900,72292700,21691351,2950,101920000,53100000,21688400,7227500,14460900,7227500,0,0,0,7233400,5044878,5.0449
swap_distribute_parallel_for_collapse_2250_2450_2950,2250,2950,0,5900,72292700,21691351,2950,101920000,53100000,21688400,7227500,14460900,7227500,0,0,0,7233400,4726731,4.7267
distribute_parallel_for_2250_2550_2150,2250,2150,0,4300,54837900,16453951,2150,89760000,38700000,16451800,5482500,10969300,5482500,0,0,0,5486800,4488166,4.4882
distribute_parallel_for_split_2250_2550_2150,2250,2150,0,4300,54837900,16453951,2150,89760000,38700000,16451800,5482500,10969300,5482500,0,0,0,5486800,3884152,3.8842
swap_distribute_parallel_for_2250_2550_2150,2250,2150,0,4300,54837900,16453951,2150,89760000,38700000,16451800,5482500,10969300,5482500,0,0,0,5486800,6326590,6.3266
swap_distribute_parallel_for_split_2250_2550_2150,2250,2150,0,4300,54837900,16453951,2150,89760000,38700000,16451800,5482500,10969300,5482500,0,0,0,5486800,3387343,3.3873
distribute_parallel_for_collapse_2250_2550_2150,2250,2150,0,4300,54837900,16453951,2150,89760000,38700000,16451800,5482500,10969300,5482500,0,0,0,5486800,3840335,3.8403
swap_distribute_parallel_for_collapse_2250_2550_2150,2250,2150,0,4300,54837900,16453951,2150,89760000,38700000,16451800,5482500,10969300,5482500,0,0,0,5486800,3295490,3.2955
distribute_parallel_for_2250_2550_2250,2250,2250,0,4500,57388500,17219251,2250,91800000,40500000,17217000,5737500,11479500,5737500,0,0,0,5742000,4898712,4.8987
distribute_parallel_for_split_2250_2550_2250,2250,2250,0,4500,57388500,17219251,2250,91800000,40500000,17217000,5737500,11479500,5737500,0,0,0,5742000,4158833,4.1588
swap_distribute_parallel_for_2250_2550_2250,2250,2250,0,4500,57388500,17219251,2250,91800000,40500000,17217000,5737500,11479500,5737500,0,0,0,5742000,6344711,6.3447
swap_distribute_parallel_for_split_2250_2550_2250,2250,2250,0,4500,57388500,17219251,2250,91800000,40500000,17217000,5737500,11479500,5737500,0,0,0,5742000,3655169,3.6552
distribute_parallel_for_collapse_2250_2550_2250,2250,2250,0,4500,57388500,17219251,2250,91800000,40500000,17217000,5737500,11479500,5737500,0,0,0,5742000,3976554,3.9766
swap_distribute_parallel_for_collapse_2250_2550_2250,2250,2250,0,4500,57388500,17219251,2250,91800000,40500000,17217000,5737500,11479500,5737500,0,0,0,5742000,3454863,3.4549
distribute_parallel_for_2250_2550_2350,2250,2350,0,4700,59939100,17984551,2350,93840000,42300000,17982200,5992500,11989700,5992500,0,0,0,5997200,5145424,5.1454
distribute_parallel_for_split_2250_2550_2350,2250,2350,0,4700,59939100,17984551,2350,93840000,42300000,17982200,5992500,11989700,5992500,0,0,0,5997200,4137869,4.1379
swap_distribute_parallel_for_2250_2550_2350,2250,2350,0,4700,59939100,17984551,2350,93840000,42300000,17982200,5992500,11989700,5992500,0,0,0,5997200,5968330,5.9683
swap_distribute_parallel_for_split_2250_2550_2350,2250,2350,0,4700,59939100,17984551,2350,93840000,42300000,17982200,5992500,11989700,5992500,0,0,0,5997200,3650606,3.6506
distribute_parallel_for_collapse_2250_2550_2350,2250,2350,0,4700,59939100,17984551,2350,93840000,42300000,17982200,5992500,11989700,5992500,0,0,0,5997200,4177103,4.1771
swap_distribute_parallel_for_collapse_2250_2550_2350,2250,2350,0,4700,59939100,17984551,2350,93840000,42300000,17982200,5992500,11989700,5992500,0,0,0,5997200,3601795,3.6018
distribute_parallel_for_2250_2550_2450,2250,2450,0,4900,62489700,18749851,2450,95880000,44100000,18747400,6247500,12499900,6247500,0,0,0,6252400,5383357,5.3834
distribute_parallel_for_split_2250_2550_2450,2250,2450,0,4900,62489700,18749851,2450,95880000,44100000,18747400,6247500,12499900,6247500,0,0,0,6252400,4429673,4.4297
swap_distribute_parallel_for_2250_2550_2450,2250,2450,0,4900,62489700,18749851,2450,95880000,44100000,18747400,6247500,12499900,6247500,0,0,0,6252400,5964241,5.9642
swap_distribute_parallel_for_split_2250_2550_2450,2250,2450,0,4900,62489700,18749851,2450,95880000,44100000,18747400,6247500,12499900,6247500,0,0,0,6252400,4007627,4.0076
distribute_parallel_for_collapse_2250_2550_2450,2250,2450,0,4900,62489700,18749851,2450,95880000,44100000,18747400,6247500,12499900,6247500,0,0,0,6252400,4465361,4.4654
swap_distribute_parallel_for_collapse_2250_2550_2450,2250,2450,0,4900,62489700,18749851,2450,95880000,44100000,18747400,6247500,12499900,6247500,0,0,0,6252400,3812182,3.8122
distribute_parallel_for_2250_2550_2550,2250,2550,0,5100,65040300,19515151,2550,97920000,45900000,19512600,6502500,13010100,6502500,0,0,0,6507600,5515301,5.5153
distribute_parallel_for_split_2250_2550_2550,2250,2550,0,5100,65040300,19515151,2550,97920000,45900000,19512600,6502500,13010100,6502500,0,0,0,6507600,4698234,4.6982
swap_distribute_parallel_for_2250_2550_2550,2250,2550,0,5100,65040300,19515151,2550,97920000,45900000,19512600,6502500,13010100,6502500,0,0,0,6507600,5850474,5.8505
swap_distribute_parallel_for_split_2250_2550_2550,2250,2550,0,5100,65040300,19515151,2550,97920000,45900000,19512600,6502500,13010100,6502500,0,0,0,6507600,4036993,4.0370
distribute_parallel_for_collapse_2250_2550_2550,2250,2550,0,5100,65040300,19515151,2550,97920000,45900000,19512600,6502500,13010100,6502500,0,0,0,6507600,4679504,4.6795
swap_distribute_parallel_for_collapse_2250_2550_2550,2250,2550,0,5100,65040300,19515151,2550,97920000,45900000,19512600,6502500,13010100,6502500,0,0,0,6507600,4053824,4.0538
distribute_parallel_for_2250_2550_2650,2250,2650,0,5300,67590900,20280451,2650,99960000,47700000,20277800,6757500,13520300,6757500,0,0,0,6762800,5811081,5.8111
distribute_parallel_for_split_2250_2550_2650,2250,2650,0,5300,67590900,20280451,2650,99960000,47700000,20277800,6757500,13520300,6757500,0,0,0,6762800,5056420,5.0564
swap_distribute_parallel_for_2250_2550_2650,2250,2650,0,5300,67590900,20280451,2650,99960000,47700000,20277800,6757500,13520300,6757500,0,0,0,6762800,5877623,5.8776
swap_distribute_parallel_for_split_2250_2550_2650,2250,2650,0,5300,67590900,20280451,2650,99960000,47700000,20277800,6757500,13520300,6757500,0,0,0,6762800,4361049,4.3610
distribute_parallel_for_2250_2750_1250,2250,1250,0,2500,34382500,10316251,1250,77000000,22500000,10315000,3437500,6877500,3437500,0,0,0,3440000,2851105,2.8511
distribute_parallel_for_split_2250_2750_1250,2250,1250,0,2500,34382500,10316251,1250,77000000,22500000,10315000,3437500,6877500,3437500,0,0,0,3440000,2254276,2.2543
swap_distribute_parallel_for_2250_2750_1250,2250,1250,0,2500,34382500,10316251,1250,77000000,22500000,10315000,3437500,6877500,3437500,0,0,0,3440000,2845859,2.8459
swap_distribute_parallel_for_split_2250_2750_1250,2250,1250,0,2500,34382500,10316251,1250,77000000,22500000,10315000,3437500,6877500,3437500,0,0,0,3440000,2219662,2.2197
distribute_parallel_for_collapse_2250_2750_1250,2250,1250,0,2500,34382500,10316251,1250,77000000,22500000,10315000,3437500,6877500,3437500,0,0,0,3440000,2327716,2.3277
swap_distribute_parallel_for_collapse_2250_2750_1250,2250,1250,0,2500,34382500,10316251,1250,77000000,22500000,10315000,3437500,6877500,3437500,0,0,0,3440000,1987995,1.9880
distribute_parallel_for_2250_2750_1750,2250,1750,0,3500,48135500,14442751,1750,88000000,31500000,14441000,4812500,9628500,4812500,0,0,0,4816000,3878863,3.8789
distribute_parallel_for_split_2250_2750_1750,2250,1750,0,3500,48135500,14442751,1750,88000000,31500000,14441000,4812500,9628500,4812500,0,0,0,4816000,3229271,3.2293
swap_distribute_parallel_for_2250_2750_1750,2250,1750,0,3500,48135500,14442751,1750,88000000,31500000,14441000,4812500,9628500,4812500,0,0,0,4816000,3099774,3.0998
swap_distribute_parallel_for_split_2250_2750_1750,2250,1750,0,3500,48135500,14442751,1750,88000000,31500000,14441000,4812500,9628500,4812500,0,0,0,4816000,3194744,3.1947
distribute_parallel_for_collapse_2250_2750_1750,2250,1750,0,3500,48135500,14442751,1750,88000000,31500000,14441000,4812500,9628500,4812500,0,0,0,4816000,3325386,3.3254
swap_distribute_parallel_for_collapse_2250_2750_1750,2250,1750,0,3500,48135500,14442751,1750,88000000,31500000,14441000,4812500,9628500,4812500,0,0,0,4816000,2869933,2.8699
distribute_parallel_for_2250_2750_2250,2250,2250,0,4500,61888500,18569251,2250,99000000,40500000,18567000,6187500,12379500,6187500,0,0,0,6192000,5511232,5.5112
distribute_parallel_for_split_2250_2750_2250,2250,2250,0,4500,61888500,18569251,2250,99000000,40500000,18567000,6187500,12379500,6187500,0,0,0,6192000,3975167,3.9752
swap_distribute_parallel_for_2250_2750_2250,2250,2250,0,4500,61888500,18569251,2250,99000000,40500000,18567000,6187500,12379500,6187500,0,0,0,6192000,6911331,6.9113
swap_distribute_parallel_for_split_2250_2750_2250,2250,2250,0,4500,61888500,18569251,2250,99000000,40500000,18567000,6187500,12379500,6187500,0,0,0,6192000,4077020,4.0770
distribute_parallel_for_collapse_2250_2750_2250,2250,2250,0,4500,61888500,18569251,2250,99000000,40500000,18567000,6187500,12379500,6187500,0,0,0,6192000,4319756,4.3198
swap_distribute_parallel_for_collapse_2250_2750_2250,2250,2250,0,4500,61888500,18569251,2250,99000000,40500000,18567000,6187500,12379500,6187500,0,0,0,6192000,3749626,3.7496
distribute_parallel_for_2250_2750_2750,2250,2750,0,5500,75641500,22695751,2750,110000000,49500000,22693000,7562500,15130500,7562500,0,0,0,7568000,6508241,6.5082
distribute_parallel_for_split_2250_2750_2750,2250,2750,0,5500,75641500,22695751,2750,110000000,49500000,22693000,7562500,15130500,7562500,0,0,0,7568000,5509269,5.5093
swap_distribute_parallel_for_2250_2750_2750,2250,2750,0,5500,75641500,22695751,2750,110000000,49500000,22693000,7562500,15130500,7562500,0,0,0,7568000,6344799,6.3448
swap_distribute_parallel_for_split_2250_2750_2750,2250,2750,0,5500,75641500,22695751,2750,110000000,49500000,22693000,7562500,15130500,7562500,0,0,0,7568000,4687635,4.6876
distribute_parallel_for_collapse_2250_2750_2750,2250,2750,0,5500,75641500,22695751,2750,110000000,49500000,22693000,7562500,15130500,7562500,0,0,0,7568000,5346996,5.3470
swap_distribute_parallel_for_collapse_2250_2750_2750,2250,2750,0,5500,75641500,22695751,2750,110000000,49500000,22693000,7562500,15130500,7562500,0,0,0,7568000,4849373,4.8494
distribute_parallel_for_2250_2750_3250,2250,3250,0,6500,89394500,26822251,3250,121000000,58500000,26819000,8937500,17881500,8937500,0,0,0,8944000,7561362,7.5614
distribute_parallel_for_split_2250_2750_3250,2250,3250,0,6500,89394500,26822251,3250,121000000,58500000,26819000,8937500,17881500,8937500,0,0,0,8944000,6488058,6.4881
swap_distribute_parallel_for_2250_2750_3250,2250,3250,0,6500,89394500,26822251,3250,121000000,58500000,26819000,8937500,17881500,8937500,0,0,0,8944000,6365270,6.3653
swap_distribute_parallel_for_split_2250_2750_3250,2250,3250,0,6500,89394500,26822251,3250,121000000,58500000,26819000,8937500,17881500,8937500,0,0,0,8944000,5521693,5.5217
distribute_parallel_for_collapse_2250_2750_3250,2250,3250,0,6500,89394500,26822251,3250,121000000,58500000,26819000,8937500,17881500,8937500,0,0,0,8944000,6313639,6.3136
swap_distribute_parallel_for_collapse_2250_2750_3250,2250,3250,0,6500,89394500,26822251,3250,121000000,58500000,26819000,8937500,17881500,8937500,0,0,0,8944000,5959947,5.9599
distribute_parallel_for_2250_2750_3750,2250,3750,0,7500,103147500,30948751,3750,132000000,67500000,30945000,10312500,20632500,10312500,0,0,0,10320000,8423065,8.4231
distribute_parallel_for_split_2250_2750_3750,2250,3750,0,7500,103147500,30948751,3750,132000000,67500000,30945000,10312500,20632500,10312500,0,0,0,10320000,7009559,7.0096
swap_distribute_parallel_for_2250_2750_3750,2250,3750,0,7500,103147500,30948751,3750,132000000,67500000,30945000,10312500,20632500,10312500,0,0,0,10320000,6709393,6.7094
swap_distribute_parallel_for_split_2250_2750_3750,2250,3750,0,7500,103147500,30948751,3750,132000000,67500000,30945000,10312500,20632500,10312500,0,0,0,10320000,6382336,6.3823
distribute_parallel_for_collapse_2250_2750_3750,2250,3750,0,7500,103147500,30948751,3750,132000000,67500000,30945000,10312500,20632500,10312500,0,0,0,10320000,7294779,7.2948
swap_distribute_parallel_for_collapse_2250_2750_3750,2250,3750,0,7500,103147500,30948751,3750,132000000,67500000,30945000,10312500,20632500,10312500,0,0,0,10320000,7026821,7.0268
distribute_parallel_for_2250_2750_4250,2250,4250,0,8500,116900500,35075251,4250,143000000,76500000,35071000,11687500,23383500,11687500,0,0,0,11696000,9158046,9.1580
distribute_parallel_for_split_2250_2750_4250,2250,4250,0,8500,116900500,35075251,4250,143000000,76500000,35071000,11687500,23383500,11687500,0,0,0,11696000,8481381,8.4814
swap_distribute_parallel_for_2250_2750_4250,2250,4250,0,8500,116900500,35075251,4250,143000000,76500000,35071000,11687500,23383500,11687500,0,0,0,11696000,11268562,11.2686
swap_distribute_parallel_for_split_2250_2750_4250,2250,4250,0,8500,116900500,35075251,4250,143000000,76500000,35071000,11687500,23383500,11687500,0,0,0,11696000,7122360,7.1224
distribute_parallel_for_collapse_2250_2750_4250,2250,4250,0,8500,116900500,35075251,4250,143000000,76500000,35071000,11687500,23383500,11687500,0,0,0,11696000,8344365,8.3444
swap_distribute_parallel_for_collapse_2250_2750_4250,2250,4250,0,8500,116900500,35075251,4250,143000000,76500000,35071000,11687500,23383500,11687500,0,0,0,11696000,8576795,8.5768
distribute_parallel_for_2250_3250_1250,2250,1250,0,2500,40632500,12191251,1250,91000000,22500000,12190000,4062500,8127500,4062500,0,0,0,4065000,3568677,3.5687
distribute_parallel_for_split_2250_3250_1250,2250,1250,0,2500,40632500,12191251,1250,91000000,22500000,12190000,4062500,8127500,4062500,0,0,0,4065000,2672774,2.6728
swap_distribute_parallel_for_2250_3250_1250,2250,1250,0,2500,40632500,12191251,1250,91000000,22500000,12190000,4062500,8127500,4062500,0,0,0,4065000,3175418,3.1754
swap_distribute_parallel_for_split_2250_3250_1250,2250,1250,0,2500,40632500,12191251,1250,91000000,22500000,12190000,4062500,8127500,4062500,0,0,0,4065000,2601473,2.6015
distribute_parallel_for_collapse_2250_3250_1250,2250,1250,0,2500,40632500,12191251,1250,91000000,22500000,12190000,4062500,8127500,4062500,0,0,0,4065000,2818169,2.8182
swap_distribute_parallel_for_collapse_2250_3250_1250,2250,1250,0,2500,40632500,12191251,1250,91000000,22500000,12190000,4062500,8127500,4062500,0,0,0,4065000,2434700,2.4347
distribute_parallel_for_2250_3250_1750,2250,1750,0,3500,56885500,17067751,1750,104000000,31500000,17066000,5687500,11378500,5687500,0,0,0,5691000,4626795,4.6268
distribute_parallel_for_split_2250_3250_1750,2250,1750,0,3500,56885500,17067751,1750,104000000,31500000,17066000,5687500,11378500,5687500,0,0,0,5691000,3818953,3.8190
swap_distribute_parallel_for_2250_3250_1750,2250,1750,0,3500,56885500,17067751,1750,104000000,31500000,17066000,5687500,11378500,5687500,0,0,0,5691000,3418074,3.4181
swap_distribute_parallel_for_split_2250_3250_1750,2250,1750,0,3500,56885500,17067751,1750,104000000,31500000,17066000,5687500,11378500,5687500,0,0,0,5691000,3790865,3.7909
distribute_parallel_for_collapse_2250_3250_1750,2250,1750,0,3500,56885500,17067751,1750,104000000,31500000,17066000,5687500,11378500,5687500,0,0,0,5691000,3935910,3.9359
swap_distribute_parallel_for_collapse_2250_3250_1750,2250,1750,0,3500,56885500,17067751,1750,104000000,31500000,17066000,5687500,11378500,5687500,0,0,0,5691000,3406126,3.4061
distribute_parallel_for_2250_3250_2250,2250,2250,0,4500,73138500,21944251,2250,117000000,40500000,21942000,7312500,14629500,7312500,0,0,0,7317000,6201507,6.2015
distribute_parallel_for_split_2250_3250_2250,2250,2250,0,4500,73138500,21944251,2250,117000000,40500000,21942000,7312500,14629500,7312500,0,0,0,7317000,4751482,4.7515
swap_distribute_parallel_for_2250_3250_2250,2250,2250,0,4500,73138500,21944251,2250,117000000,40500000,21942000,7312500,14629500,7312500,0,0,0,7317000,8046591,8.0466
swap_distribute_parallel_for_split_2250_3250_2250,2250,2250,0,4500,73138500,21944251,2250,117000000,40500000,21942000,7312500,14629500,7312500,0,0,0,7317000,4619917,4.6199
distribute_parallel_for_collapse_2250_3250_2250,2250,2250,0,4500,73138500,21944251,2250,117000000,40500000,21942000,7312500,14629500,7312500,0,0,0,7317000,5132723,5.1327
swap_distribute_parallel_for_collapse_2250_3250_2250,2250,2250,0,4500,73138500,21944251,2250,117000000,40500000,21942000,7312500,14629500,7312500,0,0,0,7317000,4417250,4.4173
distribute_parallel_for_2250_3250_2750,2250,2750,0,5500,89391500,26820751,2750,130000000,49500000,26818000,8937500,17880500,8937500,0,0,0,8943000,7279387,7.2794
distribute_parallel_for_split_2250_3250_2750,2250,2750,0,5500,89391500,26820751,2750,130000000,49500000,26818000,8937500,17880500,8937500,0,0,0,8943000,6398187,6.3982
swap_distribute_parallel_for_2250_3250_2750,2250,2750,0,5500,89391500,26820751,2750,130000000,49500000,26818000,8937500,17880500,8937500,0,0,0,8943000,7432504,7.4325
swap_distribute_parallel_for_split_2250_3250_2750,2250,2750,0,5500,89391500,26820751,2750,130000000,49500000,26818000,8937500,17880500,8937500,0,0,0,8943000,5633284,5.6333
distribute_parallel_for_collapse_2250_3250_2750,2250,2750,0,5500,89391500,26820751,2750,130000000,49500000,26818000,8937500,17880500,8937500,0,0,0,8943000,6391170,6.3912
swap_distribute_parallel_for_collapse_2250_3250_2750,2250,2750,0,5500,89391500,26820751,2750,130000000,49500000,26818000,8937500,17880500,8937500,0,0,0,8943000,5601031,5.6010
distribute_parallel_for_2250_3250_3250,2250,3250,0,6500,105644500,31697251,3250,143000000,58500000,31694000,10562500,21131500,10562500,0,0,0,10569000,8659009,8.6590
distribute_parallel_for_split_2250_3250_3250,2250,3250,0,6500,105644500,31697251,3250,143000000,58500000,31694000,10562500,21131500,10562500,0,0,0,10569000,7014278,7.0143
swap_distribute_parallel_for_2250_3250_3250,2250,3250,0,6500,105644500,31697251,3250,143000000,58500000,31694000,10562500,21131500,10562500,0,0,0,10569000,7422460,7.4225
swap_distribute_parallel_for_split_2250_3250_3250,2250,3250,0,6500,105644500,31697251,3250,143000000,58500000,31694000,10562500,21131500,10562500,0,0,0,10569000,6507091,6.5071
distribute_parallel_for_collapse_2250_3250_3250,2250,3250,0,6500,105644500,31697251,3250,143000000,58500000,31694000,10562500,21131500,10562500,0,0,0,10569000,7502670,7.5027
swap_distribute_parallel_for_collapse_2250_3250_3250,2250,3250,0,6500,105644500,31697251,3250,143000000,58500000,31694000,10562500,21131500,10562500,0,0,0,10569000,7050903,7.0509
distribute_parallel_for_2250_3250_3750,2250,3750,0,7500,121897500,36573751,3750,156000000,67500000,36570000,12187500,24382500,12187500,0,0,0,12195000,9856025,9.8560
distribute_parallel_for_split_2250_3250_3750,2250,3750,0,7500,121897500,36573751,3750,156000000,67500000,36570000,12187500,24382500,12187500,0,0,0,12195000,8489292,8.4893
swap_distribute_parallel_for_2250_3250_3750,2250,3750,0,7500,121897500,36573751,3750,156000000,67500000,36570000,12187500,24382500,12187500,0,0,0,12195000,7573516,7.5735
swap_distribute_parallel_for_split_2250_3250_3750,2250,3750,0,7500,121897500,36573751,3750,156000000,67500000,36570000,12187500,24382500,12187500,0,0,0,12195000,7344161,7.3442
distribute_parallel_for_collapse_2250_3250_3750,2250,3750,0,7500,121897500,36573751,3750,156000000,67500000,36570000,12187500,24382500,12187500,0,0,0,12195000,8744958,8.7450
swap_distribute_parallel_for_collapse_2250_3250_3750,2250,3750,0,7500,121897500,36573751,3750,156000000,67500000,36570000,12187500,24382500,12187500,0,0,0,12195000,8257249,8.2572
distribute_parallel_for_2250_3250_4250,2250,4250,0,8500,138150500,41450251,4250,169000000,76500000,41446000,13812500,27633500,13812500,0,0,0,13821000,11482588,11.4826
distribute_parallel_for_split_2250_3250_4250,2250,4250,0,8500,138150500,41450251,4250,169000000,76500000,41446000,13812500,27633500,13812500,0,0,0,13821000,9578631,9.5786
swap_distribute_parallel_for_2250_3250_4250,2250,4250,0,8500,138150500,41450251,4250,169000000,76500000,41446000,13812500,27633500,13812500,0,0,0,13821000,13436080,13.4361
swap_distribute_parallel_for_split_2250_3250_4250,2250,4250,0,8500,138150500,41450251,4250,169000000,76500000,41446000,13812500,27633500,13812500,0,0,0,13821000,8502782,8.5028
distribute_parallel_for_collapse_2250_3250_4250,2250,4250,0,8500,138150500,41450251,4250,169000000,76500000,41446000,13812500,27633500,13812500,0,0,0,13821000,9763004,9.7630
swap_distribute_parallel_for_collapse_2250_3250_4250,2250,4250,0,8500,138150500,41450251,4250,169000000,76500000,41446000,13812500,27633500,13812500,0,0,0,13821000,10217857,10.2179
distribute_parallel_for_2250_3750_1250,2250,1250,0,2500,46882500,14066251,1250,105000000,22500000,14065000,4687500,9377500,4687500,0,0,0,4690000,3883651,3.8837
distribute_parallel_for_split_2250_3750_1250,2250,1250,0,2500,46882500,14066251,1250,105000000,22500000,14065000,4687500,9377500,4687500,0,0,0,4690000,3054572,3.0546
swap_distribute_parallel_for_2250_3750_1250,2250,1250,0,2500,46882500,14066251,1250,105000000,22500000,14065000,4687500,9377500,4687500,0,0,0,4690000,3696604,3.6966
swap_distribute_parallel_for_split_2250_3750_1250,2250,1250,0,2500,46882500,14066251,1250,105000000,22500000,14065000,4687500,9377500,4687500,0,0,0,4690000,3051222,3.0512
distribute_parallel_for_collapse_2250_3750_1250,2250,1250,0,2500,46882500,14066251,1250,105000000,22500000,14065000,4687500,9377500,4687500,0,0,0,4690000,3270788,3.2708
swap_distribute_parallel_for_collapse_2250_3750_1250,2250,1250,0,2500,46882500,14066251,1250,105000000,22500000,14065000,4687500,9377500,4687500,0,0,0,4690000,2759640,2.7596
distribute_parallel_for_2250_3750_1750,2250,1750,0,3500,65635500,19692751,1750,120000000,31500000,19691000,6562500,13128500,6562500,0,0,0,6566000,5506001,5.5060
distribute_parallel_for_split_2250_3750_1750,2250,1750,0,3500,65635500,19692751,1750,120000000,31500000,19691000,6562500,13128500,6562500,0,0,0,6566000,4668446,4.6684
swap_distribute_parallel_for_2250_3750_1750,2250,1750,0,3500,65635500,19692751,1750,120000000,31500000,19691000,6562500,13128500,6562500,0,0,0,6566000,3886465,3.8865
swap_distribute_parallel_for_split_2250_3750_1750,2250,1750,0,3500,65635500,19692751,1750,120000000,31500000,19691000,6562500,13128500,6562500,0,0,0,6566000,4292577,4.2926
distribute_parallel_for_collapse_2250_3750_1750,2250,1750,0,3500,65635500,19692751,1750,120000000,31500000,19691000,6562500,13128500,6562500,0,0,0,6566000,4599484,4.5995
swap_distribute_parallel_for_collapse_2250_3750_1750,2250,1750,0,3500,65635500,19692751,1750,120000000,31500000,19691000,6562500,13128500,6562500,0,0,0,6566000,3894387,3.8944
distribute_parallel_for_2250_3750_2250,2250,2250,0,4500,84388500,25319251,2250,135000000,40500000,25317000,8437500,16879500,8437500,0,0,0,8442000,7085700,7.0857
distribute_parallel_for_split_2250_3750_2250,2250,2250,0,4500,84388500,25319251,2250,135000000,40500000,25317000,8437500,16879500,8437500,0,0,0,8442000,5289945,5.2899
swap_distribute_parallel_for_2250_3750_2250,2250,2250,0,4500,84388500,25319251,2250,135000000,40500000,25317000,8437500,16879500,8437500,0,0,0,8442000,9248118,9.2481
swap_distribute_parallel_for_split_2250_3750_2250,2250,2250,0,4500,84388500,25319251,2250,135000000,40500000,25317000,8437500,16879500,8437500,0,0,0,8442000,5299484,5.2995
distribute_parallel_for_collapse_2250_3750_2250,2250,2250,0,4500,84388500,25319251,2250,135000000,40500000,25317000,8437500,16879500,8437500,0,0,0,8442000,5912127,5.9121
swap_distribute_parallel_for_collapse_2250_3750_2250,2250,2250,0,4500,84388500,25319251,2250,135000000,40500000,25317000,8437500,16879500,8437500,0,0,0,8442000,5192932,5.1929
distribute_parallel_for_2250_3750_2750,2250,2750,0,5500,103141500,30945751,2750,150000000,49500000,30943000,10312500,20630500,10312500,0,0,0,10318000,8445432,8.4454
distribute_parallel_for_split_2250_3750_2750,2250,2750,0,5500,103141500,30945751,2750,150000000,49500000,30943000,10312500,20630500,10312500,0,0,0,10318000,6816741,6.8167
swap_distribute_parallel_for_2250_3750_2750,2250,2750,0,5500,103141500,30945751,2750,150000000,49500000,30943000,10312500,20630500,10312500,0,0,0,10318000,8608043,8.6080
swap_distribute_parallel_for_split_2250_3750_2750,2250,2750,0,5500,103141500,30945751,2750,150000000,49500000,30943000,10312500,20630500,10312500,0,0,0,10318000,6421302,6.4213
distribute_parallel_for_collapse_2250_3750_2750,2250,2750,0,5500,103141500,30945751,2750,150000000,49500000,30943000,10312500,20630500,10312500,0,0,0,10318000,7271186,7.2712
swap_distribute_parallel_for_collapse_2250_3750_2750,2250,2750,0,5500,103141500,30945751,2750,150000000,49500000,30943000,10312500,20630500,10312500,0,0,0,10318000,6428488,6.4285
distribute_parallel_for_2400_1400_1400,2400,1400,0,2800,19608400,5884201,1400,42560000,26880000,5882800,1960000,3922800,1960000,0,0,0,1962800,1552874,1.5529
distribute_parallel_for_split_2400_1400_1400,2400,1400,0,2800,19608400,5884201,1400,42560000,26880000,5882800,1960000,3922800,1960000,0,0,0,1962800,1500997,1.5010
swap_distribute_parallel_for_2400_1400_1400,2400,1400,0,2800,19608400,5884201,1400,42560000,26880000,5882800,1960000,3922800,1960000,0,0,0,1962800,1960436,1.9604
swap_distribute_parallel_for_split_2400_1400_1400,2400,1400,0,2800,19608400,5884201,1400,42560000,26880000,5882800,1960000,3922800,1960000,0,0,0,1962800,1270720,1.2707
distribute_parallel_for_collapse_2400_1400_1400,2400,1400,0,2800,19608400,5884201,1400,42560000,26880000,5882800,1960000,3922800,1960000,0,0,0,1962800,1159152,1.1592
swap_distribute_parallel_for_collapse_2400_1400_1400,2400,1400,0,2800,19608400,5884201,1400,42560000,26880000,5882800,1960000,3922800,1960000,0,0,0,1962800,1380335,1.3803
distribute_parallel_for_2400_1400_1900,2400,1900,0,3800,26611400,7985701,1900,48160000,36480000,7983800,2660000,5323800,2660000,0,0,0,2663800,2125969,2.1260
distribute_parallel_for_split_2400_1400_1900,2400,1900,0,3800,26611400,7985701,1900,48160000,36480000,7983800,2660000,5323800,2660000,0,0,0,2663800,1948915,1.9489
swap_distribute_parallel_for_2400_1400_1900,2400,1900,0,3800,26611400,7985701,1900,48160000,36480000,7983800,2660000,5323800,2660000,0,0,0,2663800,1979448,1.9794
swap_distribute_parallel_for_split_2400_1400_1900,2400,1900,0,3800,26611400,7985701,1900,48160000,36480000,7983800,2660000,5323800,2660000,0,0,0,2663800,1730518,1.7305
distribute_parallel_for_collapse_2400_1400_1900,2400,1900,0,3800,26611400,7985701,1900,48160000,36480000,7983800,2660000,5323800,2660000,0,0,0,2663800,1572642,1.5726
swap_distribute_parallel_for_collapse_2400_1400_1900,2400,1900,0,3800,26611400,7985701,1900,48160000,36480000,7983800,2660000,5323800,2660000,0,0,0,2663800,1950937,1.9509
distribute_parallel_for_2400_1400_2400,2400,2400,0,4800,33614400,10087201,2400,53760000,46080000,10084800,3360000,6724800,3360000,0,0,0,3364800,2644011,2.6440
distribute_parallel_for_split_2400_1400_2400,2400,2400,0,4800,33614400,10087201,2400,53760000,46080000,10084800,3360000,6724800,3360000,0,0,0,3364800,2677434,2.6774
swap_distribute_parallel_for_2400_1400_2400,2400,2400,0,4800,33614400,10087201,2400,53760000,46080000,10084800,3360000,6724800,3360000,0,0,0,3364800,3966085,3.9661
swap_distribute_parallel_for_split_2400_1400_2400,2400,2400,0,4800,33614400,10087201,2400,53760000,46080000,10084800,3360000,6724800,3360000,0,0,0,3364800,2214246,2.2142
distribute_parallel_for_collapse_2400_1400_2400,2400,2400,0,4800,33614400,10087201,2400,53760000,46080000,10084800,3360000,6724800,3360000,0,0,0,3364800,2125625,2.1256
swap_distribute_parallel_for_collapse_2400_1400_2400,2400,2400,0,4800,33614400,10087201,2400,53760000,46080000,10084800,3360000,6724800,3360000,0,0,0,3364800,2629352,2.6294
distribute_parallel_for_2400_1400_2900,2400,2900,0,5800,40617400,12188701,2900,59360000,55680000,12185800,4060000,8125800,4060000,0,0,0,4065800,3206756,3.2068
distribute_parallel_for_split_2400_1400_2900,2400,2900,0,5800,40617400,12188701,2900,59360000,55680000,12185800,4060000,8125800,4060000,0,0,0,4065800,3095146,3.0951
swap_distribute_parallel_for_2400_1400_2900,2400,2900,0,5800,40617400,12188701,2900,59360000,55680000,12185800,4060000,8125800,4060000,0,0,0,4065800,3923161,3.9232
swap_distribute_parallel_for_split_2400_1400_2900,2400,2900,0,5800,40617400,12188701,2900,59360000,55680000,12185800,4060000,8125800,4060000,0,0,0,4065800,2697658,2.6977
distribute_parallel_for_collapse_2400_1400_2900,2400,2900,0,5800,40617400,12188701,2900,59360000,55680000,12185800,4060000,8125800,4060000,0,0,0,4065800,2469333,2.4693
swap_distribute_parallel_for_collapse_2400_1400_2900,2400,2900,0,5800,40617400,12188701,2900,59360000,55680000,12185800,4060000,8125800,4060000,0,0,0,4065800,3190759,3.1908
distribute_parallel_for_2400_1400_3400,2400,3400,0,6800,47620400,14290201,3400,64960000,65280000,14286800,4760000,9526800,4760000,0,0,0,4766800,3855433,3.8554
distribute_parallel_for_split_2400_1400_3400,2400,3400,0,6800,47620400,14290201,3400,64960000,65280000,14286800,4760000,9526800,4760000,0,0,0,4766800,3973148,3.9731
swap_distribute_parallel_for_2400_1400_3400,2400,3400,0,6800,47620400,14290201,3400,64960000,65280000,14286800,4760000,9526800,4760000,0,0,0,4766800,4128737,4.1287
swap_distribute_parallel_for_split_2400_1400_3400,2400,3400,0,6800,47620400,14290201,3400,64960000,65280000,14286800,4760000,9526800,4760000,0,0,0,4766800,3238485,3.2385
distribute_parallel_for_collapse_2400_1400_3400,2400,3400,0,6800,47620400,14290201,3400,64960000,65280000,14286800,4760000,9526800,4760000,0,0,0,4766800,2960700,2.9607
swap_distribute_parallel_for_collapse_2400_1400_3400,2400,3400,0,6800,47620400,14290201,3400,64960000,65280000,14286800,4760000,9526800,4760000,0,0,0,4766800,3686480,3.6865
distribute_parallel_for_2400_1400_3900,2400,3900,0,7800,54623400,16391701,3900,70560000,74880000,16387800,5460000,10927800,5460000,0,0,0,5467800,4355302,4.3553
distribute_parallel_for_split_2400_1400_3900,2400,3900,0,7800,54623400,16391701,3900,70560000,74880000,16387800,5460000,10927800,5460000,0,0,0,5467800,4321646,4.3216
swap_distribute_parallel_for_2400_1400_3900,2400,3900,0,7800,54623400,16391701,3900,70560000,74880000,16387800,5460000,10927800,5460000,0,0,0,5467800,5606892,5.6069
swap_distribute_parallel_for_split_2400_1400_3900,2400,3900,0,7800,54623400,16391701,3900,70560000,74880000,16387800,5460000,10927800,5460000,0,0,0,5467800,3578248,3.5782
distribute_parallel_for_collapse_2400_1400_3900,2400,3900,0,7800,54623400,16391701,3900,70560000,74880000,16387800,5460000,10927800,5460000,0,0,0,5467800,3319357,3.3194
swap_distribute_parallel_for_collapse_2400_1400_3900,2400,3900,0,7800,54623400,16391701,3900,70560000,74880000,16387800,5460000,10927800,5460000,0,0,0,5467800,4302624,4.3026
distribute_parallel_for_2400_1400_900,2400,900,0,1800,12605400,3782701,900,36960000,17280000,3781800,1260000,2521800,1260000,0,0,0,1261800,999175,0.9992
distribute_parallel_for_split_2400_1400_900,2400,900,0,1800,12605400,3782701,900,36960000,17280000,3781800,1260000,2521800,1260000,0,0,0,1261800,850641,0.8506
swap_distribute_parallel_for_2400_1400_900,2400,900,0,1800,12605400,3782701,900,36960000,17280000,3781800,1260000,2521800,1260000,0,0,0,1261800,1517643,1.5176
swap_distribute_parallel_for_split_2400_1400_900,2400,900,0,1800,12605400,3782701,900,36960000,17280000,3781800,1260000,2521800,1260000,0,0,0,1261800,799823,0.7998
distribute_parallel_for_collapse_2400_1400_900,2400,900,0,1800,12605400,3782701,900,36960000,17280000,3781800,1260000,2521800,1260000,0,0,0,1261800,749344,0.7493
swap_distribute_parallel_for_collapse_2400_1400_900,2400,900,0,1800,12605400,3782701,900,36960000,17280000,3781800,1260000,2521800,1260000,0,0,0,1261800,786721,0.7867
distribute_parallel_for_2400_1900_1400,2400,1400,0,2800,26608400,7984201,1400,57760000,26880000,7982800,2660000,5322800,2660000,0,0,0,2662800,2371180,2.3712
distribute_parallel_for_split_2400_1900_1400,2400,1400,0,2800,26608400,7984201,1400,57760000,26880000,7982800,2660000,5322800,2660000,0,0,0,2662800,2129757,2.1298
swap_distribute_parallel_for_2400_1900_1400,2400,1400,0,2800,26608400,7984201,1400,57760000,26880000,7982800,2660000,5322800,2660000,0,0,0,2662800,2673061,2.6731
swap_distribute_parallel_for_split_2400_1900_1400,2400,1400,0,2800,26608400,7984201,1400,57760000,26880000,7982800,2660000,5322800,2660000,0,0,0,2662800,1708628,1.7086
distribute_parallel_for_collapse_2400_1900_1400,2400,1400,0,2800,26608400,7984201,1400,57760000,26880000,7982800,2660000,5322800,2660000,0,0,0,2662800,1603911,1.6039
swap_distribute_parallel_for_collapse_2400_1900_1400,2400,1400,0,2800,26608400,7984201,1400,57760000,26880000,7982800,2660000,5322800,2660000,0,0,0,2662800,1950237,1.9502
distribute_parallel_for_2400_1900_1900,2400,1900,0,3800,36111400,10835701,1900,65360000,36480000,10833800,3610000,7223800,3610000,0,0,0,3613800,2881095,2.8811
distribute_parallel_for_split_2400_1900_1900,2400,1900,0,3800,36111400,10835701,1900,65360000,36480000,10833800,3610000,7223800,3610000,0,0,0,3613800,2800698,2.8007
swap_distribute_parallel_for_2400_1900_1900,2400,1900,0,3800,36111400,10835701,1900,65360000,36480000,10833800,3610000,7223800,3610000,0,0,0,3613800,2739000,2.7390
swap_distribute_parallel_for_split_2400_1900_1900,2400,1900,0,3800,36111400,10835701,1900,65360000,36480000,10833800,3610000,7223800,3610000,0,0,0,3613800,2384637,2.3846
distribute_parallel_for_collapse_2400_1900_1900,2400,1900,0,3800,36111400,10835701,1900,65360000,36480000,10833800,3610000,7223800,3610000,0,0,0,3613800,2192023,2.1920
swap_distribute_parallel_for_collapse_2400_1900_1900,2400,1900,0,3800,36111400,10835701,1900,65360000,36480000,10833800,3610000,7223800,3610000,0,0,0,3613800,2832446,2.8324
distribute_parallel_for_2400_1900_2400,2400,2400,0,4800,45614400,13687201,2400,72960000,46080000,13684800,4560000,9124800,4560000,0,0,0,4564800,4195841,4.1958
distribute_parallel_for_split_2400_1900_2400,2400,2400,0,4800,45614400,13687201,2400,72960000,46080000,13684800,4560000,9124800,4560000,0,0,0,4564800,3685392,3.6854
swap_distribute_parallel_for_2400_1900_2400,2400,2400,0,4800,45614400,13687201,2400,72960000,46080000,13684800,4560000,9124800,4560000,0,0,0,4564800,5417867,5.4179
swap_distribute_parallel_for_split_2400_1900_2400,2400,2400,0,4800,45614400,13687201,2400,72960000,46080000,13684800,4560000,9124800,4560000,0,0,0,4564800,2927084,2.9271
distribute_parallel_for_collapse_2400_1900_2400,2400,2400,0,4800,45614400,13687201,2400,72960000,46080000,13684800,4560000,9124800,4560000,0,0,0,4564800,2801759,2.8018
swap_distribute_parallel_for_collapse_2400_1900_2400,2400,2400,0,4800,45614400,13687201,2400,72960000,46080000,13684800,4560000,9124800,4560000,0,0,0,4564800,3570492,3.5705
distribute_parallel_for_2400_1900_2900,2400,2900,0,5800,55117400,16538701,2900,80560000,55680000,16535800,5510000,11025800,5510000,0,0,0,5515800,4101542,4.1015
distribute_parallel_for_split_2400_1900_2900,2400,2900,0,5800,55117400,16538701,2900,80560000,55680000,16535800,5510000,11025800,5510000,0,0,0,5515800,4306509,4.3065
swap_distribute_parallel_for_2400_1900_2900,2400,2900,0,5800,55117400,16538701,2900,80560000,55680000,16535800,5510000,11025800,5510000,0,0,0,5515800,5458830,5.4588
swap_distribute_parallel_for_split_2400_1900_2900,2400,2900,0,5800,55117400,16538701,2900,80560000,55680000,16535800,5510000,11025800,5510000,0,0,0,5515800,3706530,3.7065
distribute_parallel_for_collapse_2400_1900_2900,2400,2900,0,5800,55117400,16538701,2900,80560000,55680000,16535800,5510000,11025800,5510000,0,0,0,5515800,3235934,3.2359
swap_distribute_parallel_for_collapse_2400_1900_2900,2400,2900,0,5800,55117400,16538701,2900,80560000,55680000,16535800,5510000,11025800,5510000,0,0,0,5515800,4361025,4.3610
distribute_parallel_for_2400_1900_3400,2400,3400,0,6800,64620400,19390201,3400,88160000,65280000,19386800,6460000,12926800,6460000,0,0,0,6466800,5940502,5.9405
distribute_parallel_for_split_2400_1900_3400,2400,3400,0,6800,64620400,19390201,3400,88160000,65280000,19386800,6460000,12926800,6460000,0,0,0,6466800,5330257,5.3303
swap_distribute_parallel_for_2400_1900_3400,2400,3400,0,6800,64620400,19390201,3400,88160000,65280000,19386800,6460000,12926800,6460000,0,0,0,6466800,5341561,5.3416
swap_distribute_parallel_for_split_2400_1900_3400,2400,3400,0,6800,64620400,19390201,3400,88160000,65280000,19386800,6460000,12926800,6460000,0,0,0,6466800,4370250,4.3703
distribute_parallel_for_collapse_2400_1900_3400,2400,3400,0,6800,64620400,19390201,3400,88160000,65280000,19386800,6460000,12926800,6460000,0,0,0,6466800,4018050,4.0180
swap_distribute_parallel_for_collapse_2400_1900_3400,2400,3400,0,6800,64620400,19390201,3400,88160000,65280000,19386800,6460000,12926800,6460000,0,0,0,6466800,5070085,5.0701
distribute_parallel_for_2400_1900_3900,2400,3900,0,7800,74123400,22241701,3900,95760000,74880000,22237800,7410000,14827800,7410000,0,0,0,7417800,6589281,6.5893
distribute_parallel_for_split_2400_1900_3900,2400,3900,0,7800,74123400,22241701,3900,95760000,74880000,22237800,7410000,14827800,7410000,0,0,0,7417800,5972099,5.9721
swap_distribute_parallel_for_2400_1900_3900,2400,3900,0,7800,74123400,22241701,3900,95760000,74880000,22237800,7410000,14827800,7410000,0,0,0,7417800,7709118,7.7091
swap_distribute_parallel_for_split_2400_1900_3900,2400,3900,0,7800,74123400,22241701,3900,95760000,74880000,22237800,7410000,14827800,7410000,0,0,0,7417800,4927424,4.9274
distribute_parallel_for_collapse_2400_1900_3900,2400,3900,0,7800,74123400,22241701,3900,95760000,74880000,22237800,7410000,14827800,7410000,0,0,0,7417800,4441832,4.4418
swap_distribute_parallel_for_collapse_2400_1900_3900,2400,3900,0,7800,74123400,22241701,3900,95760000,74880000,22237800,7410000,14827800,7410000,0,0,0,7417800,5870939,5.8709
distribute_parallel_for_2400_1900_900,2400,900,0,1800,17105400,5132701,900,50160000,17280000,5131800,1710000,3421800,1710000,0,0,0,1711800,1324148,1.3241
distribute_parallel_for_split_2400_1900_900,2400,900,0,1800,17105400,5132701,900,50160000,17280000,5131800,1710000,3421800,1710000,0,0,0,1711800,1207130,1.2071
swap_distribute_parallel_for_2400_1900_900,2400,900,0,1800,17105400,5132701,900,50160000,17280000,5131800,1710000,3421800,1710000,0,0,0,1711800,2016095,2.0161
swap_distribute_parallel_for_split_2400_1900_900,2400,900,0,1800,17105400,5132701,900,50160000,17280000,5131800,1710000,3421800,1710000,0,0,0,1711800,1038728,1.0387
distribute_parallel_for_collapse_2400_1900_900,2400,900,0,1800,17105400,5132701,900,50160000,17280000,5131800,1710000,3421800,1710000,0,0,0,1711800,985552,0.9856
swap_distribute_parallel_for_collapse_2400_1900_900,2400,900,0,1800,17105400,5132701,900,50160000,17280000,5131800,1710000,3421800,1710000,0,0,0,1711800,1099075,1.0991
distribute_parallel_for_2400_2400_900,2400,900,0,1800,21605400,6482701,900,63360000,17280000,6481800,2160000,4321800,2160000,0,0,0,2161800,1727757,1.7278
distribute_parallel_for_split_2400_2400_900,2400,900,0,1800,21605400,6482701,900,63360000,17280000,6481800,2160000,4321800,2160000,0,0,0,2161800,1607637,1.6076
swap_distribute_parallel_for_2400_2400_900,2400,900,0,1800,21605400,6482701,900,63360000,17280000,6481800,2160000,4321800,2160000,0,0,0,2161800,2769857,2.7699
swap_distribute_parallel_for_split_2400_2400_900,2400,900,0,1800,21605400,6482701,900,63360000,17280000,6481800,2160000,4321800,2160000,0,0,0,2161800,1372212,1.3722
distribute_parallel_for_collapse_2400_2400_900,2400,900,0,1800,21605400,6482701,900,63360000,17280000,6481800,2160000,4321800,2160000,0,0,0,2161800,1329181,1.3292
swap_distribute_parallel_for_collapse_2400_2400_900,2400,900,0,1800,21605400,6482701,900,63360000,17280000,6481800,2160000,4321800,2160000,0,0,0,2161800,1425937,1.4259
distribute_parallel_for_2400_900_1400,2400,1400,0,2800,12608400,3784201,1400,27360000,26880000,3782800,1260000,2522800,1260000,0,0,0,1262800,1029818,1.0298
distribute_parallel_for_split_2400_900_1400,2400,1400,0,2800,12608400,3784201,1400,27360000,26880000,3782800,1260000,2522800,1260000,0,0,0,1262800,867740,0.8677
swap_distribute_parallel_for_2400_900_1400,2400,1400,0,2800,12608400,3784201,1400,27360000,26880000,3782800,1260000,2522800,1260000,0,0,0,1262800,1220410,1.2204
swap_distribute_parallel_for_split_2400_900_1400,2400,1400,0,2800,12608400,3784201,1400,27360000,26880000,3782800,1260000,2522800,1260000,0,0,0,1262800,830066,0.8301
distribute_parallel_for_collapse_2400_900_1400,2400,1400,0,2800,12608400,3784201,1400,27360000,26880000,3782800,1260000,2522800,1260000,0,0,0,1262800,735804,0.7358
swap_distribute_parallel_for_collapse_2400_900_1400,2400,1400,0,2800,12608400,3784201,1400,27360000,26880000,3782800,1260000,2522800,1260000,0,0,0,1262800,855978,0.8560
distribute_parallel_for_2400_900_1900,2400,1900,0,3800,17111400,5135701,1900,30960000,36480000,5133800,1710000,3423800,1710000,0,0,0,1713800,1324642,1.3246
distribute_parallel_for_split_2400_900_1900,2400,1900,0,3800,17111400,5135701,1900,30960000,36480000,5133800,1710000,3423800,1710000,0,0,0,1713800,1138114,1.1381
swap_distribute_parallel_for_2400_900_1900,2400,1900,0,3800,17111400,5135701,1900,30960000,36480000,5133800,1710000,3423800,1710000,0,0,0,1713800,1243354,1.2434
swap_distribute_parallel_for_split_2400_900_1900,2400,1900,0,3800,17111400,5135701,1900,30960000,36480000,5133800,1710000,3423800,1710000,0,0,0,1713800,1165152,1.1652
distribute_parallel_for_collapse_2400_900_1900,2400,1900,0,3800,17111400,5135701,1900,30960000,36480000,5133800,1710000,3423800,1710000,0,0,0,1713800,1020351,1.0204
swap_distribute_parallel_for_collapse_2400_900_1900,2400,1900,0,3800,17111400,5135701,1900,30960000,36480000,5133800,1710000,3423800,1710000,0,0,0,1713800,1224302,1.2243
distribute_parallel_for_2400_900_2400,2400,2400,0,4800,21614400,6487201,2400,34560000,46080000,6484800,2160000,4324800,2160000,0,0,0,2164800,1522137,1.5221
distribute_parallel_for_split_2400_900_2400,2400,2400,0,4800,21614400,6487201,2400,34560000,46080000,6484800,2160000,4324800,2160000,0,0,0,2164800,1532811,1.5328
swap_distribute_parallel_for_2400_900_2400,2400,2400,0,4800,21614400,6487201,2400,34560000,46080000,6484800,2160000,4324800,2160000,0,0,0,2164800,2523837,2.5238
swap_distribute_parallel_for_split_2400_900_2400,2400,2400,0,4800,21614400,6487201,2400,34560000,46080000,6484800,2160000,4324800,2160000,0,0,0,2164800,1364583,1.3646
distribute_parallel_for_collapse_2400_900_2400,2400,2400,0,4800,21614400,6487201,2400,34560000,46080000,6484800,2160000,4324800,2160000,0,0,0,2164800,1324333,1.3243
swap_distribute_parallel_for_collapse_2400_900_2400,2400,2400,0,4800,21614400,6487201,2400,34560000,46080000,6484800,2160000,4324800,2160000,0,0,0,2164800,1689416,1.6894
distribute_parallel_for_2400_900_2900,2400,2900,0,5800,26117400,7838701,2900,38160000,55680000,7835800,2610000,5225800,2610000,0,0,0,2615800,1955991,1.9560
distribute_parallel_for_split_2400_900_2900,2400,2900,0,5800,26117400,7838701,2900,38160000,55680000,7835800,2610000,5225800,2610000,0,0,0,2615800,1749088,1.7491
swap_distribute_parallel_for_2400_900_2900,2400,2900,0,5800,26117400,7838701,2900,38160000,55680000,7835800,2610000,5225800,2610000,0,0,0,2615800,2442143,2.4421
swap_distribute_parallel_for_split_2400_900_2900,2400,2900,0,5800,26117400,7838701,2900,38160000,55680000,7835800,2610000,5225800,2610000,0,0,0,2615800,1732132,1.7321
distribute_parallel_for_collapse_2400_900_2900,2400,2900,0,5800,26117400,7838701,2900,38160000,55680000,7835800,2610000,5225800,2610000,0,0,0,2615800,1602666,1.6027
swap_distribute_parallel_for_collapse_2400_900_2900,2400,2900,0,5800,26117400,7838701,2900,38160000,55680000,7835800,2610000,5225800,2610000,0,0,0,2615800,2124777,2.1248
distribute_parallel_for_2400_900_3400,2400,3400,0,6800,30620400,9190201,3400,41760000,65280000,9186800,3060000,6126800,3060000,0,0,0,3066800,2374977,2.3750
distribute_parallel_for_split_2400_900_3400,2400,3400,0,6800,30620400,9190201,3400,41760000,65280000,9186800,3060000,6126800,3060000,0,0,0,3066800,2239507,2.2395
swap_distribute_parallel_for_2400_900_3400,2400,3400,0,6800,30620400,9190201,3400,41760000,65280000,9186800,3060000,6126800,3060000,0,0,0,3066800,2460918,2.4609
swap_distribute_parallel_for_split_2400_900_3400,2400,3400,0,6800,30620400,9190201,3400,41760000,65280000,9186800,3060000,6126800,3060000,0,0,0,3066800,1996425,1.9964
distribute_parallel_for_collapse_2400_900_3400,2400,3400,0,6800,30620400,9190201,3400,41760000,65280000,9186800,3060000,6126800,3060000,0,0,0,3066800,1845045,1.8450
swap_distribute_parallel_for_collapse_2400_900_3400,2400,3400,0,6800,30620400,9190201,3400,41760000,65280000,9186800,3060000,6126800,3060000,0,0,0,3066800,2406750,2.4068
distribute_parallel_for_2400_900_3900,2400,3900,0,7800,35123400,10541701,3900,45360000,74880000,10537800,3510000,7027800,3510000,0,0,0,3517800,2827572,2.8276
distribute_parallel_for_split_2400_900_3900,2400,3900,0,7800,35123400,10541701,3900,45360000,74880000,10537800,3510000,7027800,3510000,0,0,0,3517800,2565230,2.5652
swap_distribute_parallel_for_2400_900_3900,2400,3900,0,7800,35123400,10541701,3900,45360000,74880000,10537800,3510000,7027800,3510000,0,0,0,3517800,3327296,3.3273
swap_distribute_parallel_for_split_2400_900_3900,2400,3900,0,7800,35123400,10541701,3900,45360000,74880000,10537800,3510000,7027800,3510000,0,0,0,3517800,2356495,2.3565
distribute_parallel_for_collapse_2400_900_3900,2400,3900,0,7800,35123400,10541701,3900,45360000,74880000,10537800,3510000,7027800,3510000,0,0,0,3517800,2133887,2.1339
swap_distribute_parallel_for_collapse_2400_900_3900,2400,3900,0,7800,35123400,10541701,3900,45360000,74880000,10537800,3510000,7027800,3510000,0,0,0,3517800,2700917,2.7009
distribute_parallel_for_2400_900_900,2400,900,0,1800,8105400,2432701,900,23760000,17280000,2431800,810000,1621800,810000,0,0,0,811800,625153,0.6252
distribute_parallel_for_split_2400_900_900,2400,900,0,1800,8105400,2432701,900,23760000,17280000,2431800,810000,1621800,810000,0,0,0,811800,462359,0.4624
swap_distribute_parallel_for_2400_900_900,2400,900,0,1800,8105400,2432701,900,23760000,17280000,2431800,810000,1621800,810000,0,0,0,811800,941517,0.9415
swap_distribute_parallel_for_split_2400_900_900,2400,900,0,1800,8105400,2432701,900,23760000,17280000,2431800,810000,1621800,810000,0,0,0,811800,480270,0.4803
distribute_parallel_for_collapse_2400_900_900,2400,900,0,1800,8105400,2432701,900,23760000,17280000,2431800,810000,1621800,810000,0,0,0,811800,485709,0.4857
swap_distribute_parallel_for_collapse_2400_900_900,2400,900,0,1800,8105400,2432701,900,23760000,17280000,2431800,810000,1621800,810000,0,0,0,811800,511915,0.5119
distribute_parallel_for_2500_1000_1000,2500,1000,0,2000,10006000,3003001,1000,28000000,20000000,3002000,1000000,2002000,1000000,0,0,0,1002000,760232,0.7602
distribute_parallel_for_split_2500_1000_1000,2500,1000,0,2000,10006000,3003001,1000,28000000,20000000,3002000,1000000,2002000,1000000,0,0,0,1002000,691241,0.6912
swap_distribute_parallel_for_2500_1000_1000,2500,1000,0,2000,10006000,3003001,1000,28000000,20000000,3002000,1000000,2002000,1000000,0,0,0,1002000,1168858,1.1689
swap_distribute_parallel_for_split_2500_1000_1000,2500,1000,0,2000,10006000,3003001,1000,28000000,20000000,3002000,1000000,2002000,1000000,0,0,0,1002000,777054,0.7771
distribute_parallel_for_collapse_2500_1000_1000,2500,1000,0,2000,10006000,3003001,1000,28000000,20000000,3002000,1000000,2002000,1000000,0,0,0,1002000,714675,0.7147
swap_distribute_parallel_for_collapse_2500_1000_1000,2500,1000,0,2000,10006000,3003001,1000,28000000,20000000,3002000,1000000,2002000,1000000,0,0,0,1002000,690909,0.6909
distribute_parallel_for_2500_1000_1500,2500,1500,0,3000,15009000,4504501,1500,32000000,30000000,4503000,1500000,3003000,1500000,0,0,0,1503000,1124786,1.1248
distribute_parallel_for_split_2500_1000_1500,2500,1500,0,3000,15009000,4504501,1500,32000000,30000000,4503000,1500000,3003000,1500000,0,0,0,1503000,1125431,1.1254
swap_distribute_parallel_for_2500_1000_1500,2500,1500,0,3000,15009000,4504501,1500,32000000,30000000,4503000,1500000,3003000,1500000,0,0,0,1503000,1344369,1.3444
swap_distribute_parallel_for_split_2500_1000_1500,2500,1500,0,3000,15009000,4504501,1500,32000000,30000000,4503000,1500000,3003000,1500000,0,0,0,1503000,1074944,1.0749
distribute_parallel_for_collapse_2500_1000_1500,2500,1500,0,3000,15009000,4504501,1500,32000000,30000000,4503000,1500000,3003000,1500000,0,0,0,1503000,1054372,1.0544
swap_distribute_parallel_for_collapse_2500_1000_1500,2500,1500,0,3000,15009000,4504501,1500,32000000,30000000,4503000,1500000,3003000,1500000,0,0,0,1503000,1057758,1.0578
distribute_parallel_for_2500_1000_2000,2500,2000,0,4000,20012000,6006001,2000,36000000,40000000,6004000,2000000,4004000,2000000,0,0,0,2004000,1615516,1.6155
distribute_parallel_for_split_2500_1000_2000,2500,2000,0,4000,20012000,6006001,2000,36000000,40000000,6004000,2000000,4004000,2000000,0,0,0,2004000,1521262,1.5213
swap_distribute_parallel_for_2500_1000_2000,2500,2000,0,4000,20012000,6006001,2000,36000000,40000000,6004000,2000000,4004000,2000000,0,0,0,2004000,2277046,2.2770
swap_distribute_parallel_for_split_2500_1000_2000,2500,2000,0,4000,20012000,6006001,2000,36000000,40000000,6004000,2000000,4004000,2000000,0,0,0,2004000,1414796,1.4148
distribute_parallel_for_collapse_2500_1000_2000,2500,2000,0,4000,20012000,6006001,2000,36000000,40000000,6004000,2000000,4004000,2000000,0,0,0,2004000,1477415,1.4774
swap_distribute_parallel_for_collapse_2500_1000_2000,2500,2000,0,4000,20012000,6006001,2000,36000000,40000000,6004000,2000000,4004000,2000000,0,0,0,2004000,1569786,1.5698
distribute_parallel_for_2500_1000_2500,2500,2500,0,5000,25015000,7507501,2500,40000000,50000000,7505000,2500000,5005000,2500000,0,0,0,2505000,1848270,1.8483
distribute_parallel_for_split_2500_1000_2500,2500,2500,0,5000,25015000,7507501,2500,40000000,50000000,7505000,2500000,5005000,2500000,0,0,0,2505000,1917558,1.9176
swap_distribute_parallel_for_2500_1000_2500,2500,2500,0,5000,25015000,7507501,2500,40000000,50000000,7505000,2500000,5005000,2500000,0,0,0,2505000,2832925,2.8329
swap_distribute_parallel_for_split_2500_1000_2500,2500,2500,0,5000,25015000,7507501,2500,40000000,50000000,7505000,2500000,5005000,2500000,0,0,0,2505000,1730143,1.7301
distribute_parallel_for_collapse_2500_1000_2500,2500,2500,0,5000,25015000,7507501,2500,40000000,50000000,7505000,2500000,5005000,2500000,0,0,0,2505000,1834028,1.8340
swap_distribute_parallel_for_collapse_2500_1000_2500,2500,2500,0,5000,25015000,7507501,2500,40000000,50000000,7505000,2500000,5005000,2500000,0,0,0,2505000,1991691,1.9917
distribute_parallel_for_2500_1000_3000,2500,3000,0,6000,30018000,9009001,3000,44000000,60000000,9006000,3000000,6006000,3000000,0,0,0,3006000,2275752,2.2758
distribute_parallel_for_split_2500_1000_3000,2500,3000,0,6000,30018000,9009001,3000,44000000,60000000,9006000,3000000,6006000,3000000,0,0,0,3006000,2371733,2.3717
swap_distribute_parallel_for_2500_1000_3000,2500,3000,0,6000,30018000,9009001,3000,44000000,60000000,9006000,3000000,6006000,3000000,0,0,0,3006000,2901203,2.9012
swap_distribute_parallel_for_split_2500_1000_3000,2500,3000,0,6000,30018000,9009001,3000,44000000,60000000,9006000,3000000,6006000,3000000,0,0,0,3006000,2092248,2.0922
distribute_parallel_for_collapse_2500_1000_3000,2500,3000,0,6000,30018000,9009001,3000,44000000,60000000,9006000,3000000,6006000,3000000,0,0,0,3006000,2160120,2.1601
swap_distribute_parallel_for_collapse_2500_1000_3000,2500,3000,0,6000,30018000,9009001,3000,44000000,60000000,9006000,3000000,6006000,3000000,0,0,0,3006000,2384924,2.3849
distribute_parallel_for_2700_1200_1200,2700,1200,0,2400,14407200,4323601,1200,37440000,25920000,4322400,1440000,2882400,1440000,0,0,0,1442400,1144352,1.1444
distribute_parallel_for_split_2700_1200_1200,2700,1200,0,2400,14407200,4323601,1200,37440000,25920000,4322400,1440000,2882400,1440000,0,0,0,1442400,1175950,1.1760
swap_distribute_parallel_for_2700_1200_1200,2700,1200,0,2400,14407200,4323601,1200,37440000,25920000,4322400,1440000,2882400,1440000,0,0,0,1442400,1656713,1.6567
swap_distribute_parallel_for_split_2700_1200_1200,2700,1200,0,2400,14407200,4323601,1200,37440000,25920000,4322400,1440000,2882400,1440000,0,0,0,1442400,997394,0.9974
distribute_parallel_for_collapse_2700_1200_1200,2700,1200,0,2400,14407200,4323601,1200,37440000,25920000,4322400,1440000,2882400,1440000,0,0,0,1442400,1078799,1.0788
swap_distribute_parallel_for_collapse_2700_1200_1200,2700,1200,0,2400,14407200,4323601,1200,37440000,25920000,4322400,1440000,2882400,1440000,0,0,0,1442400,1098723,1.0987
distribute_parallel_for_2700_1200_1700,2700,1700,0,3400,20410200,6125101,1700,42240000,36720000,6123400,2040000,4083400,2040000,0,0,0,2043400,1615733,1.6157
distribute_parallel_for_split_2700_1200_1700,2700,1700,0,3400,20410200,6125101,1700,42240000,36720000,6123400,2040000,4083400,2040000,0,0,0,2043400,1712856,1.7129
swap_distribute_parallel_for_2700_1200_1700,2700,1700,0,3400,20410200,6125101,1700,42240000,36720000,6123400,2040000,4083400,2040000,0,0,0,2043400,1812166,1.8122
swap_distribute_parallel_for_split_2700_1200_1700,2700,1700,0,3400,20410200,6125101,1700,42240000,36720000,6123400,2040000,4083400,2040000,0,0,0,2043400,1602826,1.6028
distribute_parallel_for_collapse_2700_1200_1700,2700,1700,0,3400,20410200,6125101,1700,42240000,36720000,6123400,2040000,4083400,2040000,0,0,0,2043400,1591589,1.5916
swap_distribute_parallel_for_collapse_2700_1200_1700,2700,1700,0,3400,20410200,6125101,1700,42240000,36720000,6123400,2040000,4083400,2040000,0,0,0,2043400,1691906,1.6919
distribute_parallel_for_2700_1200_2200,2700,2200,0,4400,26413200,7926601,2200,47040000,47520000,7924400,2640000,5284400,2640000,0,0,0,2644400,2344766,2.3448
distribute_parallel_for_split_2700_1200_2200,2700,2200,0,4400,26413200,7926601,2200,47040000,47520000,7924400,2640000,5284400,2640000,0,0,0,2644400,2315252,2.3153
swap_distribute_parallel_for_2700_1200_2200,2700,2200,0,4400,26413200,7926601,2200,47040000,47520000,7924400,2640000,5284400,2640000,0,0,0,2644400,3850469,3.8505
swap_distribute_parallel_for_split_2700_1200_2200,2700,2200,0,4400,26413200,7926601,2200,47040000,47520000,7924400,2640000,5284400,2640000,0,0,0,2644400,2046148,2.0461
distribute_parallel_for_collapse_2700_1200_2200,2700,2200,0,4400,26413200,7926601,2200,47040000,47520000,7924400,2640000,5284400,2640000,0,0,0,2644400,1998700,1.9987
swap_distribute_parallel_for_collapse_2700_1200_2200,2700,2200,0,4400,26413200,7926601,2200,47040000,47520000,7924400,2640000,5284400,2640000,0,0,0,2644400,2244591,2.2446
distribute_parallel_for_2700_1200_2700,2700,2700,0,5400,32416200,9728101,2700,51840000,58320000,9725400,3240000,6485400,3240000,0,0,0,3245400,2554117,2.5541
distribute_parallel_for_split_2700_1200_2700,2700,2700,0,5400,32416200,9728101,2700,51840000,58320000,9725400,3240000,6485400,3240000,0,0,0,3245400,2738321,2.7383
swap_distribute_parallel_for_2700_1200_2700,2700,2700,0,5400,32416200,9728101,2700,51840000,58320000,9725400,3240000,6485400,3240000,0,0,0,3245400,3781575,3.7816
swap_distribute_parallel_for_split_2700_1200_2700,2700,2700,0,5400,32416200,9728101,2700,51840000,58320000,9725400,3240000,6485400,3240000,0,0,0,3245400,2479996,2.4800
distribute_parallel_for_collapse_2700_1200_2700,2700,2700,0,5400,32416200,9728101,2700,51840000,58320000,9725400,3240000,6485400,3240000,0,0,0,3245400,2461129,2.4611
swap_distribute_parallel_for_collapse_2700_1200_2700,2700,2700,0,5400,32416200,9728101,2700,51840000,58320000,9725400,3240000,6485400,3240000,0,0,0,3245400,2943422,2.9434
distribute_parallel_for_2700_1200_3200,2700,3200,0,6400,38419200,11529601,3200,56640000,69120000,11526400,3840000,7686400,3840000,0,0,0,3846400,3180945,3.1809
distribute_parallel_for_split_2700_1200_3200,2700,3200,0,6400,38419200,11529601,3200,56640000,69120000,11526400,3840000,7686400,3840000,0,0,0,3846400,3602850,3.6029
swap_distribute_parallel_for_2700_1200_3200,2700,3200,0,6400,38419200,11529601,3200,56640000,69120000,11526400,3840000,7686400,3840000,0,0,0,3846400,3720663,3.7207
swap_distribute_parallel_for_split_2700_1200_3200,2700,3200,0,6400,38419200,11529601,3200,56640000,69120000,11526400,3840000,7686400,3840000,0,0,0,3846400,2870493,2.8705
distribute_parallel_for_collapse_2700_1200_3200,2700,3200,0,6400,38419200,11529601,3200,56640000,69120000,11526400,3840000,7686400,3840000,0,0,0,3846400,2960851,2.9609
swap_distribute_parallel_for_collapse_2700_1200_3200,2700,3200,0,6400,38419200,11529601,3200,56640000,69120000,11526400,3840000,7686400,3840000,0,0,0,3846400,3299948,3.2999
distribute_parallel_for_2700_1200_3700,2700,3700,0,7400,44422200,13331101,3700,61440000,79920000,13327400,4440000,8887400,4440000,0,0,0,4447400,3541851,3.5419
distribute_parallel_for_split_2700_1200_3700,2700,3700,0,7400,44422200,13331101,3700,61440000,79920000,13327400,4440000,8887400,4440000,0,0,0,4447400,3747659,3.7477
swap_distribute_parallel_for_2700_1200_3700,2700,3700,0,7400,44422200,13331101,3700,61440000,79920000,13327400,4440000,8887400,4440000,0,0,0,4447400,3783586,3.7836
swap_distribute_parallel_for_split_2700_1200_3700,2700,3700,0,7400,44422200,13331101,3700,61440000,79920000,13327400,4440000,8887400,4440000,0,0,0,4447400,3325096,3.3251
distribute_parallel_for_collapse_2700_1200_3700,2700,3700,0,7400,44422200,13331101,3700,61440000,79920000,13327400,4440000,8887400,4440000,0,0,0,4447400,3426798,3.4268
swap_distribute_parallel_for_collapse_2700_1200_3700,2700,3700,0,7400,44422200,13331101,3700,61440000,79920000,13327400,4440000,8887400,4440000,0,0,0,4447400,3887456,3.8875
distribute_parallel_for_2700_1200_4200,2700,4200,0,8400,50425200,15132601,4200,66240000,90720000,15128400,5040000,10088400,5040000,0,0,0,5048400,3942480,3.9425
distribute_parallel_for_split_2700_1200_4200,2700,4200,0,8400,50425200,15132601,4200,66240000,90720000,15128400,5040000,10088400,5040000,0,0,0,5048400,4687642,4.6876
swap_distribute_parallel_for_2700_1200_4200,2700,4200,0,8400,50425200,15132601,4200,66240000,90720000,15128400,5040000,10088400,5040000,0,0,0,5048400,5832514,5.8325
swap_distribute_parallel_for_split_2700_1200_4200,2700,4200,0,8400,50425200,15132601,4200,66240000,90720000,15128400,5040000,10088400,5040000,0,0,0,5048400,3691841,3.6918
distribute_parallel_for_collapse_2700_1200_4200,2700,4200,0,8400,50425200,15132601,4200,66240000,90720000,15128400,5040000,10088400,5040000,0,0,0,5048400,3907182,3.9072
swap_distribute_parallel_for_collapse_2700_1200_4200,2700,4200,0,8400,50425200,15132601,4200,66240000,90720000,15128400,5040000,10088400,5040000,0,0,0,5048400,4448855,4.4489
distribute_parallel_for_2700_1700_1200,2700,1200,0,2400,20407200,6123601,1200,53040000,25920000,6122400,2040000,4082400,2040000,0,0,0,2042400,1893404,1.8934
distribute_parallel_for_split_2700_1700_1200,2700,1200,0,2400,20407200,6123601,1200,53040000,25920000,6122400,2040000,4082400,2040000,0,0,0,2042400,1848623,1.8486
swap_distribute_parallel_for_2700_1700_1200,2700,1200,0,2400,20407200,6123601,1200,53040000,25920000,6122400,2040000,4082400,2040000,0,0,0,2042400,2443079,2.4431
swap_distribute_parallel_for_split_2700_1700_1200,2700,1200,0,2400,20407200,6123601,1200,53040000,25920000,6122400,2040000,4082400,2040000,0,0,0,2042400,1419400,1.4194
distribute_parallel_for_collapse_2700_1700_1200,2700,1200,0,2400,20407200,6123601,1200,53040000,25920000,6122400,2040000,4082400,2040000,0,0,0,2042400,1539993,1.5400
swap_distribute_parallel_for_collapse_2700_1700_1200,2700,1200,0,2400,20407200,6123601,1200,53040000,25920000,6122400,2040000,4082400,2040000,0,0,0,2042400,1563986,1.5640
distribute_parallel_for_2700_1700_1700,2700,1700,0,3400,28910200,8675101,1700,59840000,36720000,8673400,2890000,5783400,2890000,0,0,0,2893400,2304136,2.3041
distribute_parallel_for_split_2700_1700_1700,2700,1700,0,3400,28910200,8675101,1700,59840000,36720000,8673400,2890000,5783400,2890000,0,0,0,2893400,2413522,2.4135
swap_distribute_parallel_for_2700_1700_1700,2700,1700,0,3400,28910200,8675101,1700,59840000,36720000,8673400,2890000,5783400,2890000,0,0,0,2893400,2743932,2.7439
swap_distribute_parallel_for_split_2700_1700_1700,2700,1700,0,3400,28910200,8675101,1700,59840000,36720000,8673400,2890000,5783400,2890000,0,0,0,2893400,2240759,2.2408
distribute_parallel_for_collapse_2700_1700_1700,2700,1700,0,3400,28910200,8675101,1700,59840000,36720000,8673400,2890000,5783400,2890000,0,0,0,2893400,2179363,2.1794
swap_distribute_parallel_for_collapse_2700_1700_1700,2700,1700,0,3400,28910200,8675101,1700,59840000,36720000,8673400,2890000,5783400,2890000,0,0,0,2893400,2486913,2.4869
distribute_parallel_for_2700_1700_2200,2700,2200,0,4400,37413200,11226601,2200,66640000,47520000,11224400,3740000,7484400,3740000,0,0,0,3744400,3320213,3.3202
distribute_parallel_for_split_2700_1700_2200,2700,2200,0,4400,37413200,11226601,2200,66640000,47520000,11224400,3740000,7484400,3740000,0,0,0,3744400,3487744,3.4877
swap_distribute_parallel_for_2700_1700_2200,2700,2200,0,4400,37413200,11226601,2200,66640000,47520000,11224400,3740000,7484400,3740000,0,0,0,3744400,5512900,5.5129
swap_distribute_parallel_for_split_2700_1700_2200,2700,2200,0,4400,37413200,11226601,2200,66640000,47520000,11224400,3740000,7484400,3740000,0,0,0,3744400,2845864,2.8459
distribute_parallel_for_collapse_2700_1700_2200,2700,2200,0,4400,37413200,11226601,2200,66640000,47520000,11224400,3740000,7484400,3740000,0,0,0,3744400,2866112,2.8661
swap_distribute_parallel_for_collapse_2700_1700_2200,2700,2200,0,4400,37413200,11226601,2200,66640000,47520000,11224400,3740000,7484400,3740000,0,0,0,3744400,3212157,3.2122
distribute_parallel_for_2700_1700_2700,2700,2700,0,5400,45916200,13778101,2700,73440000,58320000,13775400,4590000,9185400,4590000,0,0,0,4595400,4019393,4.0194
distribute_parallel_for_split_2700_1700_2700,2700,2700,0,5400,45916200,13778101,2700,73440000,58320000,13775400,4590000,9185400,4590000,0,0,0,4595400,4099966,4.1000
swap_distribute_parallel_for_2700_1700_2700,2700,2700,0,5400,45916200,13778101,2700,73440000,58320000,13775400,4590000,9185400,4590000,0,0,0,4595400,5395864,5.3959
swap_distribute_parallel_for_split_2700_1700_2700,2700,2700,0,5400,45916200,13778101,2700,73440000,58320000,13775400,4590000,9185400,4590000,0,0,0,4595400,3530995,3.5310
distribute_parallel_for_collapse_2700_1700_2700,2700,2700,0,5400,45916200,13778101,2700,73440000,58320000,13775400,4590000,9185400,4590000,0,0,0,4595400,3468149,3.4681
swap_distribute_parallel_for_collapse_2700_1700_2700,2700,2700,0,5400,45916200,13778101,2700,73440000,58320000,13775400,4590000,9185400,4590000,0,0,0,4595400,4154411,4.1544
distribute_parallel_for_2700_1700_3200,2700,3200,0,6400,54419200,16329601,3200,80240000,69120000,16326400,5440000,10886400,5440000,0,0,0,5446400,4906137,4.9061
distribute_parallel_for_split_2700_1700_3200,2700,3200,0,6400,54419200,16329601,3200,80240000,69120000,16326400,5440000,10886400,5440000,0,0,0,5446400,5207643,5.2076
swap_distribute_parallel_for_2700_1700_3200,2700,3200,0,6400,54419200,16329601,3200,80240000,69120000,16326400,5440000,10886400,5440000,0,0,0,5446400,5320257,5.3203
swap_distribute_parallel_for_split_2700_1700_3200,2700,3200,0,6400,54419200,16329601,3200,80240000,69120000,16326400,5440000,10886400,5440000,0,0,0,5446400,4085133,4.0851
distribute_parallel_for_collapse_2700_1700_3200,2700,3200,0,6400,54419200,16329601,3200,80240000,69120000,16326400,5440000,10886400,5440000,0,0,0,5446400,4254873,4.2549
swap_distribute_parallel_for_collapse_2700_1700_3200,2700,3200,0,6400,54419200,16329601,3200,80240000,69120000,16326400,5440000,10886400,5440000,0,0,0,5446400,4765620,4.7656
distribute_parallel_for_2700_1700_3700,2700,3700,0,7400,62922200,18881101,3700,87040000,79920000,18877400,6290000,12587400,6290000,0,0,0,6297400,4847964,4.8480
distribute_parallel_for_split_2700_1700_3700,2700,3700,0,7400,62922200,18881101,3700,87040000,79920000,18877400,6290000,12587400,6290000,0,0,0,6297400,5830932,5.8309
swap_distribute_parallel_for_2700_1700_3700,2700,3700,0,7400,62922200,18881101,3700,87040000,79920000,18877400,6290000,12587400,6290000,0,0,0,6297400,5495440,5.4954
swap_distribute_parallel_for_split_2700_1700_3700,2700,3700,0,7400,62922200,18881101,3700,87040000,79920000,18877400,6290000,12587400,6290000,0,0,0,6297400,4629848,4.6298
distribute_parallel_for_collapse_2700_1700_3700,2700,3700,0,7400,62922200,18881101,3700,87040000,79920000,18877400,6290000,12587400,6290000,0,0,0,6297400,4876901,4.8769
swap_distribute_parallel_for_collapse_2700_1700_3700,2700,3700,0,7400,62922200,18881101,3700,87040000,79920000,18877400,6290000,12587400,6290000,0,0,0,6297400,5601316,5.6013
distribute_parallel_for_2700_1700_4200,2700,4200,0,8400,71425200,21432601,4200,93840000,90720000,21428400,7140000,14288400,7140000,0,0,0,7148400,6562259,6.5623
distribute_parallel_for_300_100_100,300,100,0,200,100600,30301,100,320000,240000,30200,10000,20200,10000,0,0,0,10200,17323,0.0173
distribute_parallel_for_split_300_100_100,300,100,0,200,100600,30301,100,320000,240000,30200,10000,20200,10000,0,0,0,10200,3750,0.0037
swap_distribute_parallel_for_300_100_100,300,100,0,200,100600,30301,100,320000,240000,30200,10000,20200,10000,0,0,0,10200,10513,0.0105
swap_distribute_parallel_for_split_300_100_100,300,100,0,200,100600,30301,100,320000,240000,30200,10000,20200,10000,0,0,0,10200,3868,0.0039
distribute_parallel_for_collapse_300_100_100,300,100,0,200,100600,30301,100,320000,240000,30200,10000,20200,10000,0,0,0,10200,5612,0.0056
swap_distribute_parallel_for_collapse_300_100_100,300,100,0,200,100600,30301,100,320000,240000,30200,10000,20200,10000,0,0,0,10200,3813,0.0038
distribute_parallel_for_300_100_200,300,200,0,400,201200,60601,200,400000,480000,60400,20000,40400,20000,0,0,0,20400,14123,0.0141
distribute_parallel_for_split_300_100_200,300,200,0,400,201200,60601,200,400000,480000,60400,20000,40400,20000,0,0,0,20400,4347,0.0043
swap_distribute_parallel_for_300_100_200,300,200,0,400,201200,60601,200,400000,480000,60400,20000,40400,20000,0,0,0,20400,22085,0.0221
swap_distribute_parallel_for_split_300_100_200,300,200,0,400,201200,60601,200,400000,480000,60400,20000,40400,20000,0,0,0,20400,4041,0.0040
distribute_parallel_for_collapse_300_100_200,300,200,0,400,201200,60601,200,400000,480000,60400,20000,40400,20000,0,0,0,20400,3924,0.0039
swap_distribute_parallel_for_collapse_300_100_200,300,200,0,400,201200,60601,200,400000,480000,60400,20000,40400,20000,0,0,0,20400,3902,0.0039
distribute_parallel_for_300_100_300,300,300,0,600,301800,90901,300,480000,720000,90600,30000,60600,30000,0,0,0,30600,18467,0.0185
distribute_parallel_for_split_300_100_300,300,300,0,600,301800,90901,300,480000,720000,90600,30000,60600,30000,0,0,0,30600,11319,0.0113
swap_distribute_parallel_for_300_100_300,300,300,0,600,301800,90901,300,480000,720000,90600,30000,60600,30000,0,0,0,30600,10799,0.0108
swap_distribute_parallel_for_split_300_100_300,300,300,0,600,301800,90901,300,480000,720000,90600,30000,60600,30000,0,0,0,30600,5179,0.0052
distribute_parallel_for_collapse_300_100_300,300,300,0,600,301800,90901,300,480000,720000,90600,30000,60600,30000,0,0,0,30600,24396,0.0244
swap_distribute_parallel_for_collapse_300_100_300,300,300,0,600,301800,90901,300,480000,720000,90600,30000,60600,30000,0,0,0,30600,4633,0.0046
distribute_parallel_for_300_100_400,300,400,0,800,402400,121201,400,560000,960000,120800,40000,80800,40000,0,0,0,40800,29753,0.0298
distribute_parallel_for_split_300_100_400,300,400,0,800,402400,121201,400,560000,960000,120800,40000,80800,40000,0,0,0,40800,6415,0.0064
swap_distribute_parallel_for_300_100_400,300,400,0,800,402400,121201,400,560000,960000,120800,40000,80800,40000,0,0,0,40800,11710,0.0117
swap_distribute_parallel_for_split_300_100_400,300,400,0,800,402400,121201,400,560000,960000,120800,40000,80800,40000,0,0,0,40800,5820,0.0058
distribute_parallel_for_collapse_300_100_400,300,400,0,800,402400,121201,400,560000,960000,120800,40000,80800,40000,0,0,0,40800,5219,0.0052
swap_distribute_parallel_for_collapse_300_100_400,300,400,0,800,402400,121201,400,560000,960000,120800,40000,80800,40000,0,0,0,40800,5224,0.0052
distribute_parallel_for_300_100_500,300,500,0,1000,503000,151501,500,640000,1200000,151000,50000,101000,50000,0,0,0,51000,25880,0.0259
distribute_parallel_for_split_300_100_500,300,500,0,1000,503000,151501,500,640000,1200000,151000,50000,101000,50000,0,0,0,51000,7707,0.0077
swap_distribute_parallel_for_300_100_500,300,500,0,1000,503000,151501,500,640000,1200000,151000,50000,101000,50000,0,0,0,51000,11448,0.0114
swap_distribute_parallel_for_split_300_100_500,300,500,0,1000,503000,151501,500,640000,1200000,151000,50000,101000,50000,0,0,0,51000,8553,0.0086
distribute_parallel_for_collapse_300_100_500,300,500,0,1000,503000,151501,500,640000,1200000,151000,50000,101000,50000,0,0,0,51000,21422,0.0214
swap_distribute_parallel_for_collapse_300_100_500,300,500,0,1000,503000,151501,500,640000,1200000,151000,50000,101000,50000,0,0,0,51000,8508,0.0085
distribute_parallel_for_300_100_600,300,600,0,1200,603600,181801,600,720000,1440000,181200,60000,121200,60000,0,0,0,61200,66564,0.0666
distribute_parallel_for_split_300_100_600,300,600,0,1200,603600,181801,600,720000,1440000,181200,60000,121200,60000,0,0,0,61200,8434,0.0084
swap_distribute_parallel_for_300_100_600,300,600,0,1200,603600,181801,600,720000,1440000,181200,60000,121200,60000,0,0,0,61200,10939,0.0109
swap_distribute_parallel_for_split_300_100_600,300,600,0,1200,603600,181801,600,720000,1440000,181200,60000,121200,60000,0,0,0,61200,7754,0.0078
distribute_parallel_for_collapse_300_100_600,300,600,0,1200,603600,181801,600,720000,1440000,181200,60000,121200,60000,0,0,0,61200,6488,0.0065
swap_distribute_parallel_for_collapse_300_100_600,300,600,0,1200,603600,181801,600,720000,1440000,181200,60000,121200,60000,0,0,0,61200,6504,0.0065
distribute_parallel_for_300_100_700,300,700,0,1400,704200,212101,700,800000,1680000,211400,70000,141400,70000,0,0,0,71400,32022,0.0320
distribute_parallel_for_split_300_100_700,300,700,0,1400,704200,212101,700,800000,1680000,211400,70000,141400,70000,0,0,0,71400,10487,0.0105
swap_distribute_parallel_for_300_100_700,300,700,0,1400,704200,212101,700,800000,1680000,211400,70000,141400,70000,0,0,0,71400,11694,0.0117
swap_distribute_parallel_for_split_300_100_700,300,700,0,1400,704200,212101,700,800000,1680000,211400,70000,141400,70000,0,0,0,71400,9228,0.0092
distribute_parallel_for_collapse_300_100_700,300,700,0,1400,704200,212101,700,800000,1680000,211400,70000,141400,70000,0,0,0,71400,7514,0.0075
swap_distribute_parallel_for_collapse_300_100_700,300,700,0,1400,704200,212101,700,800000,1680000,211400,70000,141400,70000,0,0,0,71400,7641,0.0076
distribute_parallel_for_300_100_800,300,800,0,1600,804800,242401,800,880000,1920000,241600,80000,161600,80000,0,0,0,81600,33068,0.0331
distribute_parallel_for_split_300_100_800,300,800,0,1600,804800,242401,800,880000,1920000,241600,80000,161600,80000,0,0,0,81600,23956,0.0240
swap_distribute_parallel_for_300_100_800,300,800,0,1600,804800,242401,800,880000,1920000,241600,80000,161600,80000,0,0,0,81600,29948,0.0299
swap_distribute_parallel_for_split_300_100_800,300,800,0,1600,804800,242401,800,880000,1920000,241600,80000,161600,80000,0,0,0,81600,19864,0.0199
distribute_parallel_for_collapse_300_100_800,300,800,0,1600,804800,242401,800,880000,1920000,241600,80000,161600,80000,0,0,0,81600,7611,0.0076
swap_distribute_parallel_for_collapse_300_100_800,300,800,0,1600,804800,242401,800,880000,1920000,241600,80000,161600,80000,0,0,0,81600,22316,0.0223
distribute_parallel_for_300_100_900,300,900,0,1800,905400,272701,900,960000,2160000,271800,90000,181800,90000,0,0,0,91800,45495,0.0455
distribute_parallel_for_split_300_100_900,300,900,0,1800,905400,272701,900,960000,2160000,271800,90000,181800,90000,0,0,0,91800,11652,0.0117
swap_distribute_parallel_for_300_100_900,300,900,0,1800,905400,272701,900,960000,2160000,271800,90000,181800,90000,0,0,0,91800,24778,0.0248
swap_distribute_parallel_for_split_300_100_900,300,900,0,1800,905400,272701,900,960000,2160000,271800,90000,181800,90000,0,0,0,91800,10156,0.0102
distribute_parallel_for_collapse_300_100_900,300,900,0,1800,905400,272701,900,960000,2160000,271800,90000,181800,90000,0,0,0,91800,8202,0.0082
swap_distribute_parallel_for_collapse_300_100_900,300,900,0,1800,905400,272701,900,960000,2160000,271800,90000,181800,90000,0,0,0,91800,8258,0.0083
distribute_parallel_for_300_200_100,300,100,0,200,200600,60301,100,640000,240000,60200,20000,40200,20000,0,0,0,20200,13626,0.0136
distribute_parallel_for_split_300_200_100,300,100,0,200,200600,60301,100,640000,240000,60200,20000,40200,20000,0,0,0,20200,4514,0.0045
swap_distribute_parallel_for_300_200_100,300,100,0,200,200600,60301,100,640000,240000,60200,20000,40200,20000,0,0,0,20200,19300,0.0193
swap_distribute_parallel_for_split_300_200_100,300,100,0,200,200600,60301,100,640000,240000,60200,20000,40200,20000,0,0,0,20200,4298,0.0043
distribute_parallel_for_collapse_300_200_100,300,100,0,200,200600,60301,100,640000,240000,60200,20000,40200,20000,0,0,0,20200,3937,0.0039
swap_distribute_parallel_for_collapse_300_200_100,300,100,0,200,200600,60301,100,640000,240000,60200,20000,40200,20000,0,0,0,20200,3937,0.0039
distribute_parallel_for_300_200_200,300,200,0,400,401200,120601,200,800000,480000,120400,40000,80400,40000,0,0,0,40400,40575,0.0406
distribute_parallel_for_split_300_200_200,300,200,0,400,401200,120601,200,800000,480000,120400,40000,80400,40000,0,0,0,40400,6767,0.0068
swap_distribute_parallel_for_300_200_200,300,200,0,400,401200,120601,200,800000,480000,120400,40000,80400,40000,0,0,0,40400,33104,0.0331
swap_distribute_parallel_for_split_300_200_200,300,200,0,400,401200,120601,200,800000,480000,120400,40000,80400,40000,0,0,0,40400,5035,0.0050
distribute_parallel_for_collapse_300_200_200,300,200,0,400,401200,120601,200,800000,480000,120400,40000,80400,40000,0,0,0,40400,5188,0.0052
swap_distribute_parallel_for_collapse_300_200_200,300,200,0,400,401200,120601,200,800000,480000,120400,40000,80400,40000,0,0,0,40400,5089,0.0051
distribute_parallel_for_300_200_300,300,300,0,600,601800,180901,300,960000,720000,180600,60000,120600,60000,0,0,0,60600,27494,0.0275
distribute_parallel_for_split_300_200_300,300,300,0,600,601800,180901,300,960000,720000,180600,60000,120600,60000,0,0,0,60600,8877,0.0089
swap_distribute_parallel_for_300_200_300,300,300,0,600,601800,180901,300,960000,720000,180600,60000,120600,60000,0,0,0,60600,21074,0.0211
swap_distribute_parallel_for_split_300_200_300,300,300,0,600,601800,180901,300,960000,720000,180600,60000,120600,60000,0,0,0,60600,7777,0.0078
distribute_parallel_for_collapse_300_200_300,300,300,0,600,601800,180901,300,960000,720000,180600,60000,120600,60000,0,0,0,60600,6495,0.0065
swap_distribute_parallel_for_collapse_300_200_300,300,300,0,600,601800,180901,300,960000,720000,180600,60000,120600,60000,0,0,0,60600,6374,0.0064
distribute_parallel_for_300_200_400,300,400,0,800,802400,241201,400,1120000,960000,240800,80000,160800,80000,0,0,0,80800,72354,0.0724
distribute_parallel_for_split_300_200_400,300,400,0,800,802400,241201,400,1120000,960000,240800,80000,160800,80000,0,0,0,80800,36019,0.0360
swap_distribute_parallel_for_300_200_400,300,400,0,800,802400,241201,400,1120000,960000,240800,80000,160800,80000,0,0,0,80800,42307,0.0423
swap_distribute_parallel_for_split_300_200_400,300,400,0,800,802400,241201,400,1120000,960000,240800,80000,160800,80000,0,0,0,80800,35536,0.0355
distribute_parallel_for_collapse_300_200_400,300,400,0,800,802400,241201,400,1120000,960000,240800,80000,160800,80000,0,0,0,80800,8458,0.0085
swap_distribute_parallel_for_collapse_300_200_400,300,400,0,800,802400,241201,400,1120000,960000,240800,80000,160800,80000,0,0,0,80800,38465,0.0385
distribute_parallel_for_300_200_500,300,500,0,1000,1003000,301501,500,1280000,1200000,301000,100000,201000,100000,0,0,0,101000,43687,0.0437
distribute_parallel_for_split_300_200_500,300,500,0,1000,1003000,301501,500,1280000,1200000,301000,100000,201000,100000,0,0,0,101000,13169,0.0132
swap_distribute_parallel_for_300_200_500,300,500,0,1000,1003000,301501,500,1280000,1200000,301000,100000,201000,100000,0,0,0,101000,22734,0.0227
swap_distribute_parallel_for_split_300_200_500,300,500,0,1000,1003000,301501,500,1280000,1200000,301000,100000,201000,100000,0,0,0,101000,11162,0.0112
distribute_parallel_for_collapse_300_200_500,300,500,0,1000,1003000,301501,500,1280000,1200000,301000,100000,201000,100000,0,0,0,101000,24741,0.0247
swap_distribute_parallel_for_collapse_300_200_500,300,500,0,1000,1003000,301501,500,1280000,1200000,301000,100000,201000,100000,0,0,0,101000,8716,0.0087
distribute_parallel_for_300_200_600,300,600,0,1200,1203600,361801,600,1440000,1440000,361200,120000,241200,120000,0,0,0,121200,89399,0.0894
distribute_parallel_for_split_300_200_600,300,600,0,1200,1203600,361801,600,1440000,1440000,361200,120000,241200,120000,0,0,0,121200,30703,0.0307
swap_distribute_parallel_for_300_200_600,300,600,0,1200,1203600,361801,600,1440000,1440000,361200,120000,241200,120000,0,0,0,121200,27289,0.0273
swap_distribute_parallel_for_split_300_200_600,300,600,0,1200,1203600,361801,600,1440000,1440000,361200,120000,241200,120000,0,0,0,121200,27212,0.0272
distribute_parallel_for_collapse_300_200_600,300,600,0,1200,1203600,361801,600,1440000,1440000,361200,120000,241200,120000,0,0,0,121200,26066,0.0261
swap_distribute_parallel_for_collapse_300_200_600,300,600,0,1200,1203600,361801,600,1440000,1440000,361200,120000,241200,120000,0,0,0,121200,18698,0.0187
distribute_parallel_for_300_200_700,300,700,0,1400,1404200,422101,700,1600000,1680000,421400,140000,281400,140000,0,0,0,141400,45039,0.0450
distribute_parallel_for_split_300_200_700,300,700,0,1400,1404200,422101,700,1600000,1680000,421400,140000,281400,140000,0,0,0,141400,15267,0.0153
swap_distribute_parallel_for_300_200_700,300,700,0,1400,1404200,422101,700,1600000,1680000,421400,140000,281400,140000,0,0,0,141400,19515,0.0195
swap_distribute_parallel_for_split_300_200_700,300,700,0,1400,1404200,422101,700,1600000,1680000,421400,140000,281400,140000,0,0,0,141400,11190,0.0112
distribute_parallel_for_collapse_300_200_700,300,700,0,1400,1404200,422101,700,1600000,1680000,421400,140000,281400,140000,0,0,0,141400,10011,0.0100
swap_distribute_parallel_for_collapse_300_200_700,300,700,0,1400,1404200,422101,700,1600000,1680000,421400,140000,281400,140000,0,0,0,141400,9902,0.0099
distribute_parallel_for_300_200_800,300,800,0,1600,1604800,482401,800,1760000,1920000,481600,160000,321600,160000,0,0,0,161600,57618,0.0576
distribute_parallel_for_split_300_200_800,300,800,0,1600,1604800,482401,800,1760000,1920000,481600,160000,321600,160000,0,0,0,161600,19337,0.0193
swap_distribute_parallel_for_300_200_800,300,800,0,1600,1604800,482401,800,1760000,1920000,481600,160000,321600,160000,0,0,0,161600,25090,0.0251
swap_distribute_parallel_for_split_300_200_800,300,800,0,1600,1604800,482401,800,1760000,1920000,481600,160000,321600,160000,0,0,0,161600,14792,0.0148
distribute_parallel_for_collapse_300_200_800,300,800,0,1600,1604800,482401,800,1760000,1920000,481600,160000,321600,160000,0,0,0,161600,12409,0.0124
swap_distribute_parallel_for_collapse_300_200_800,300,800,0,1600,1604800,482401,800,1760000,1920000,481600,160000,321600,160000,0,0,0,161600,12135,0.0121
distribute_parallel_for_300_200_900,300,900,0,1800,1805400,542701,900,1920000,2160000,541800,180000,361800,180000,0,0,0,181800,57445,0.0574
distribute_parallel_for_split_300_200_900,300,900,0,1800,1805400,542701,900,1920000,2160000,541800,180000,361800,180000,0,0,0,181800,20055,0.0201
swap_distribute_parallel_for_300_200_900,300,900,0,1800,1805400,542701,900,1920000,2160000,541800,180000,361800,180000,0,0,0,181800,20933,0.0209
swap_distribute_parallel_for_split_300_200_900,300,900,0,1800,1805400,542701,900,1920000,2160000,541800,180000,361800,180000,0,0,0,181800,14747,0.0147
distribute_parallel_for_collapse_300_200_900,300,900,0,1800,1805400,542701,900,1920000,2160000,541800,180000,361800,180000,0,0,0,181800,13781,0.0138
swap_distribute_parallel_for_collapse_300_200_900,300,900,0,1800,1805400,542701,900,1920000,2160000,541800,180000,361800,180000,0,0,0,181800,30826,0.0308
distribute_parallel_for_300_300_100,300,100,0,200,300600,90301,100,960000,240000,90200,30000,60200,30000,0,0,0,30200,35137,0.0351
distribute_parallel_for_split_300_300_100,300,100,0,200,300600,90301,100,960000,240000,90200,30000,60200,30000,0,0,0,30200,5658,0.0057
swap_distribute_parallel_for_300_300_100,300,100,0,200,300600,90301,100,960000,240000,90200,30000,60200,30000,0,0,0,30200,29841,0.0298
swap_distribute_parallel_for_split_300_300_100,300,100,0,200,300600,90301,100,960000,240000,90200,30000,60200,30000,0,0,0,30200,5487,0.0055
distribute_parallel_for_collapse_300_300_100,300,100,0,200,300600,90301,100,960000,240000,90200,30000,60200,30000,0,0,0,30200,4591,0.0046
swap_distribute_parallel_for_collapse_300_300_100,300,100,0,200,300600,90301,100,960000,240000,90200,30000,60200,30000,0,0,0,30200,4667,0.0047
distribute_parallel_for_300_300_200,300,200,0,400,601200,180601,200,1200000,480000,180400,60000,120400,60000,0,0,0,60400,29784,0.0298
distribute_parallel_for_split_300_300_200,300,200,0,400,601200,180601,200,1200000,480000,180400,60000,120400,60000,0,0,0,60400,9549,0.0095
swap_distribute_parallel_for_300_300_200,300,200,0,400,601200,180601,200,1200000,480000,180400,60000,120400,60000,0,0,0,60400,36493,0.0365
swap_distribute_parallel_for_split_300_300_200,300,200,0,400,601200,180601,200,1200000,480000,180400,60000,120400,60000,0,0,0,60400,7727,0.0077
distribute_parallel_for_collapse_300_300_200,300,200,0,400,601200,180601,200,1200000,480000,180400,60000,120400,60000,0,0,0,60400,7143,0.0071
swap_distribute_parallel_for_collapse_300_300_200,300,200,0,400,601200,180601,200,1200000,480000,180400,60000,120400,60000,0,0,0,60400,7198,0.0072
distribute_parallel_for_300_300_300,300,300,0,600,901800,270901,300,1440000,720000,270600,90000,180600,90000,0,0,0,90600,33428,0.0334
distribute_parallel_for_split_300_300_300,300,300,0,600,901800,270901,300,1440000,720000,270600,90000,180600,90000,0,0,0,90600,11005,0.0110
swap_distribute_parallel_for_300_300_300,300,300,0,600,901800,270901,300,1440000,720000,270600,90000,180600,90000,0,0,0,90600,53307,0.0533
swap_distribute_parallel_for_split_300_300_300,300,300,0,600,901800,270901,300,1440000,720000,270600,90000,180600,90000,0,0,0,90600,10811,0.0108
distribute_parallel_for_collapse_300_300_300,300,300,0,600,901800,270901,300,1440000,720000,270600,90000,180600,90000,0,0,0,90600,7408,0.0074
swap_distribute_parallel_for_collapse_300_300_300,300,300,0,600,901800,270901,300,1440000,720000,270600,90000,180600,90000,0,0,0,90600,24230,0.0242
distribute_parallel_for_300_300_400,300,400,0,800,1202400,361201,400,1680000,960000,360800,120000,240800,120000,0,0,0,120800,45997,0.0460
distribute_parallel_for_split_300_300_400,300,400,0,800,1202400,361201,400,1680000,960000,360800,120000,240800,120000,0,0,0,120800,28923,0.0289
swap_distribute_parallel_for_300_300_400,300,400,0,800,1202400,361201,400,1680000,960000,360800,120000,240800,120000,0,0,0,120800,39927,0.0399
swap_distribute_parallel_for_split_300_300_400,300,400,0,800,1202400,361201,400,1680000,960000,360800,120000,240800,120000,0,0,0,120800,11733,0.0117
distribute_parallel_for_collapse_300_300_400,300,400,0,800,1202400,361201,400,1680000,960000,360800,120000,240800,120000,0,0,0,120800,28187,0.0282
swap_distribute_parallel_for_collapse_300_300_400,300,400,0,800,1202400,361201,400,1680000,960000,360800,120000,240800,120000,0,0,0,120800,9772,0.0098
distribute_parallel_for_300_300_500,300,500,0,1000,1503000,451501,500,1920000,1200000,451000,150000,301000,150000,0,0,0,151000,52975,0.0530
distribute_parallel_for_split_300_300_500,300,500,0,1000,1503000,451501,500,1920000,1200000,451000,150000,301000,150000,0,0,0,151000,28770,0.0288
swap_distribute_parallel_for_300_300_500,300,500,0,1000,1503000,451501,500,1920000,1200000,451000,150000,301000,150000,0,0,0,151000,59754,0.0598
swap_distribute_parallel_for_split_300_300_500,300,500,0,1000,1503000,451501,500,1920000,1200000,451000,150000,301000,150000,0,0,0,151000,45603,0.0456
distribute_parallel_for_collapse_300_300_500,300,500,0,1000,1503000,451501,500,1920000,1200000,451000,150000,301000,150000,0,0,0,151000,11004,0.0110
swap_distribute_parallel_for_collapse_300_300_500,300,500,0,1000,1503000,451501,500,1920000,1200000,451000,150000,301000,150000,0,0,0,151000,19364,0.0194
distribute_parallel_for_300_300_600,300,600,0,1200,1803600,541801,600,2160000,1440000,541200,180000,361200,180000,0,0,0,181200,74078,0.0741
distribute_parallel_for_split_300_300_600,300,600,0,1200,1803600,541801,600,2160000,1440000,541200,180000,361200,180000,0,0,0,181200,21620,0.0216
swap_distribute_parallel_for_300_300_600,300,600,0,1200,1803600,541801,600,2160000,1440000,541200,180000,361200,180000,0,0,0,181200,64819,0.0648
swap_distribute_parallel_for_split_300_300_600,300,600,0,1200,1803600,541801,600,2160000,1440000,541200,180000,361200,180000,0,0,0,181200,29935,0.0299
distribute_parallel_for_collapse_300_300_600,300,600,0,1200,1803600,541801,600,2160000,1440000,541200,180000,361200,180000,0,0,0,181200,12166,0.0122
swap_distribute_parallel_for_collapse_300_300_600,300,600,0,1200,1803600,541801,600,2160000,1440000,541200,180000,361200,180000,0,0,0,181200,12031,0.0120
distribute_parallel_for_300_300_700,300,700,0,1400,2104200,632101,700,2400000,1680000,631400,210000,421400,210000,0,0,0,211400,64106,0.0641
distribute_parallel_for_split_300_300_700,300,700,0,1400,2104200,632101,700,2400000,1680000,631400,210000,421400,210000,0,0,0,211400,21538,0.0215
swap_distribute_parallel_for_300_300_700,300,700,0,1400,2104200,632101,700,2400000,1680000,631400,210000,421400,210000,0,0,0,211400,31663,0.0317
swap_distribute_parallel_for_split_300_300_700,300,700,0,1400,2104200,632101,700,2400000,1680000,631400,210000,421400,210000,0,0,0,211400,15063,0.0151
distribute_parallel_for_collapse_300_300_700,300,700,0,1400,2104200,632101,700,2400000,1680000,631400,210000,421400,210000,0,0,0,211400,13641,0.0136
swap_distribute_parallel_for_collapse_300_300_700,300,700,0,1400,2104200,632101,700,2400000,1680000,631400,210000,421400,210000,0,0,0,211400,14060,0.0141
distribute_parallel_for_300_300_800,300,800,0,1600,2404800,722401,800,2640000,1920000,721600,240000,481600,240000,0,0,0,241600,84382,0.0844
distribute_parallel_for_split_300_300_800,300,800,0,1600,2404800,722401,800,2640000,1920000,721600,240000,481600,240000,0,0,0,241600,39790,0.0398
swap_distribute_parallel_for_300_300_800,300,800,0,1600,2404800,722401,800,2640000,1920000,721600,240000,481600,240000,0,0,0,241600,37239,0.0372
swap_distribute_parallel_for_split_300_300_800,300,800,0,1600,2404800,722401,800,2640000,1920000,721600,240000,481600,240000,0,0,0,241600,19599,0.0196
distribute_parallel_for_collapse_300_300_800,300,800,0,1600,2404800,722401,800,2640000,1920000,721600,240000,481600,240000,0,0,0,241600,15656,0.0157
swap_distribute_parallel_for_collapse_300_300_800,300,800,0,1600,2404800,722401,800,2640000,1920000,721600,240000,481600,240000,0,0,0,241600,15631,0.0156
distribute_parallel_for_300_300_900,300,900,0,1800,2705400,812701,900,2880000,2160000,811800,270000,541800,270000,0,0,0,271800,94715,0.0947
distribute_parallel_for_split_300_300_900,300,900,0,1800,2705400,812701,900,2880000,2160000,811800,270000,541800,270000,0,0,0,271800,33065,0.0331
swap_distribute_parallel_for_300_300_900,300,900,0,1800,2705400,812701,900,2880000,2160000,811800,270000,541800,270000,0,0,0,271800,38005,0.0380
swap_distribute_parallel_for_split_300_300_900,300,900,0,1800,2705400,812701,900,2880000,2160000,811800,270000,541800,270000,0,0,0,271800,23765,0.0238
distribute_parallel_for_collapse_300_300_900,300,900,0,1800,2705400,812701,900,2880000,2160000,811800,270000,541800,270000,0,0,0,271800,24948,0.0249
swap_distribute_parallel_for_collapse_300_300_900,300,900,0,1800,2705400,812701,900,2880000,2160000,811800,270000,541800,270000,0,0,0,271800,27774,0.0278
distribute_parallel_for_300_400_100,300,100,0,200,400600,120301,100,1280000,240000,120200,40000,80200,40000,0,0,0,40200,39686,0.0397
distribute_parallel_for_split_300_400_100,300,100,0,200,400600,120301,100,1280000,240000,120200,40000,80200,40000,0,0,0,40200,7247,0.0072
swap_distribute_parallel_for_300_400_100,300,100,0,200,400600,120301,100,1280000,240000,120200,40000,80200,40000,0,0,0,40200,40112,0.0401
swap_distribute_parallel_for_split_300_400_100,300,100,0,200,400600,120301,100,1280000,240000,120200,40000,80200,40000,0,0,0,40200,7006,0.0070
distribute_parallel_for_collapse_300_400_100,300,100,0,200,400600,120301,100,1280000,240000,120200,40000,80200,40000,0,0,0,40200,25112,0.0251
swap_distribute_parallel_for_collapse_300_400_100,300,100,0,200,400600,120301,100,1280000,240000,120200,40000,80200,40000,0,0,0,40200,7478,0.0075
distribute_parallel_for_300_400_200,300,200,0,400,801200,240601,200,1600000,480000,240400,80000,160400,80000,0,0,0,80400,29986,0.0300
distribute_parallel_for_split_300_400_200,300,200,0,400,801200,240601,200,1600000,480000,240400,80000,160400,80000,0,0,0,80400,9976,0.0100
swap_distribute_parallel_for_300_400_200,300,200,0,400,801200,240601,200,1600000,480000,240400,80000,160400,80000,0,0,0,80400,40878,0.0409
swap_distribute_parallel_for_split_300_400_200,300,200,0,400,801200,240601,200,1600000,480000,240400,80000,160400,80000,0,0,0,80400,7029,0.0070
distribute_parallel_for_collapse_300_400_200,300,200,0,400,801200,240601,200,1600000,480000,240400,80000,160400,80000,0,0,0,80400,6741,0.0067
swap_distribute_parallel_for_collapse_300_400_200,300,200,0,400,801200,240601,200,1600000,480000,240400,80000,160400,80000,0,0,0,80400,6940,0.0069
distribute_parallel_for_300_400_300,300,300,0,600,1201800,360901,300,1920000,720000,360600,120000,240600,120000,0,0,0,120600,52125,0.0521
distribute_parallel_for_split_300_400_300,300,300,0,600,1201800,360901,300,1920000,720000,360600,120000,240600,120000,0,0,0,120600,16243,0.0162
swap_distribute_parallel_for_300_400_300,300,300,0,600,1201800,360901,300,1920000,720000,360600,120000,240600,120000,0,0,0,120600,67342,0.0673
swap_distribute_parallel_for_split_300_400_300,300,300,0,600,1201800,360901,300,1920000,720000,360600,120000,240600,120000,0,0,0,120600,14337,0.0143
distribute_parallel_for_collapse_300_400_300,300,300,0,600,1201800,360901,300,1920000,720000,360600,120000,240600,120000,0,0,0,120600,9458,0.0095
swap_distribute_parallel_for_collapse_300_400_300,300,300,0,600,1201800,360901,300,1920000,720000,360600,120000,240600,120000,0,0,0,120600,15953,0.0160
distribute_parallel_for_300_400_400,300,400,0,800,1602400,481201,400,2240000,960000,480800,160000,320800,160000,0,0,0,160800,67869,0.0679
distribute_parallel_for_split_300_400_400,300,400,0,800,1602400,481201,400,2240000,960000,480800,160000,320800,160000,0,0,0,160800,24370,0.0244
swap_distribute_parallel_for_300_400_400,300,400,0,800,1602400,481201,400,2240000,960000,480800,160000,320800,160000,0,0,0,160800,49889,0.0499
swap_distribute_parallel_for_split_300_400_400,300,400,0,800,1602400,481201,400,2240000,960000,480800,160000,320800,160000,0,0,0,160800,18536,0.0185
distribute_parallel_for_collapse_300_400_400,300,400,0,800,1602400,481201,400,2240000,960000,480800,160000,320800,160000,0,0,0,160800,14173,0.0142
swap_distribute_parallel_for_collapse_300_400_400,300,400,0,800,1602400,481201,400,2240000,960000,480800,160000,320800,160000,0,0,0,160800,11539,0.0115
distribute_parallel_for_300_400_500,300,500,0,1000,2003000,601501,500,2560000,1200000,601000,200000,401000,200000,0,0,0,201000,64612,0.0646
distribute_parallel_for_split_300_400_500,300,500,0,1000,2003000,601501,500,2560000,1200000,601000,200000,401000,200000,0,0,0,201000,30287,0.0303
swap_distribute_parallel_for_300_400_500,300,500,0,1000,2003000,601501,500,2560000,1200000,601000,200000,401000,200000,0,0,0,201000,59880,0.0599
swap_distribute_parallel_for_split_300_400_500,300,500,0,1000,2003000,601501,500,2560000,1200000,601000,200000,401000,200000,0,0,0,201000,29875,0.0299
distribute_parallel_for_collapse_300_400_500,300,500,0,1000,2003000,601501,500,2560000,1200000,601000,200000,401000,200000,0,0,0,201000,29875,0.0299
swap_distribute_parallel_for_collapse_300_400_500,300,500,0,1000,2003000,601501,500,2560000,1200000,601000,200000,401000,200000,0,0,0,201000,29909,0.0299
distribute_parallel_for_300_400_600,300,600,0,1200,2403600,721801,600,2880000,1440000,721200,240000,481200,240000,0,0,0,241200,109952,0.1100
distribute_parallel_for_split_300_400_600,300,600,0,1200,2403600,721801,600,2880000,1440000,721200,240000,481200,240000,0,0,0,241200,41553,0.0416
swap_distribute_parallel_for_300_400_600,300,600,0,1200,2403600,721801,600,2880000,1440000,721200,240000,481200,240000,0,0,0,241200,85786,0.0858
swap_distribute_parallel_for_split_300_400_600,300,600,0,1200,2403600,721801,600,2880000,1440000,721200,240000,481200,240000,0,0,0,241200,33760,0.0338
distribute_parallel_for_collapse_300_400_600,300,600,0,1200,2403600,721801,600,2880000,1440000,721200,240000,481200,240000,0,0,0,241200,43925,0.0439
swap_distribute_parallel_for_collapse_300_400_600,300,600,0,1200,2403600,721801,600,2880000,1440000,721200,240000,481200,240000,0,0,0,241200,17492,0.0175
distribute_parallel_for_300_400_700,300,700,0,1400,2804200,842101,700,3200000,1680000,841400,280000,561400,280000,0,0,0,281400,89549,0.0895
distribute_parallel_for_split_300_400_700,300,700,0,1400,2804200,842101,700,3200000,1680000,841400,280000,561400,280000,0,0,0,281400,28843,0.0288
swap_distribute_parallel_for_300_400_700,300,700,0,1400,2804200,842101,700,3200000,1680000,841400,280000,561400,280000,0,0,0,281400,43839,0.0438
swap_distribute_parallel_for_split_300_400_700,300,700,0,1400,2804200,842101,700,3200000,1680000,841400,280000,561400,280000,0,0,0,281400,19134,0.0191
distribute_parallel_for_collapse_300_400_700,300,700,0,1400,2804200,842101,700,3200000,1680000,841400,280000,561400,280000,0,0,0,281400,17259,0.0173
swap_distribute_parallel_for_collapse_300_400_700,300,700,0,1400,2804200,842101,700,3200000,1680000,841400,280000,561400,280000,0,0,0,281400,18232,0.0182
distribute_parallel_for_300_400_800,300,800,0,1600,3204800,962401,800,3520000,1920000,961600,320000,641600,320000,0,0,0,321600,103534,0.1035
distribute_parallel_for_split_300_400_800,300,800,0,1600,3204800,962401,800,3520000,1920000,961600,320000,641600,320000,0,0,0,321600,34141,0.0341
swap_distribute_parallel_for_300_400_800,300,800,0,1600,3204800,962401,800,3520000,1920000,961600,320000,641600,320000,0,0,0,321600,54664,0.0547
swap_distribute_parallel_for_split_300_400_800,300,800,0,1600,3204800,962401,800,3520000,1920000,961600,320000,641600,320000,0,0,0,321600,25349,0.0253
distribute_parallel_for_collapse_300_400_800,300,800,0,1600,3204800,962401,800,3520000,1920000,961600,320000,641600,320000,0,0,0,321600,20037,0.0200
swap_distribute_parallel_for_collapse_300_400_800,300,800,0,1600,3204800,962401,800,3520000,1920000,961600,320000,641600,320000,0,0,0,321600,32353,0.0324
distribute_parallel_for_300_400_900,300,900,0,1800,3605400,1082701,900,3840000,2160000,1081800,360000,721800,360000,0,0,0,361800,127185,0.1272
distribute_parallel_for_split_300_400_900,300,900,0,1800,3605400,1082701,900,3840000,2160000,1081800,360000,721800,360000,0,0,0,361800,60229,0.0602
swap_distribute_parallel_for_300_400_900,300,900,0,1800,3605400,1082701,900,3840000,2160000,1081800,360000,721800,360000,0,0,0,361800,80258,0.0803
swap_distribute_parallel_for_split_300_400_900,300,900,0,1800,3605400,1082701,900,3840000,2160000,1081800,360000,721800,360000,0,0,0,361800,68012,0.0680
distribute_parallel_for_collapse_300_400_900,300,900,0,1800,3605400,1082701,900,3840000,2160000,1081800,360000,721800,360000,0,0,0,361800,40158,0.0402
swap_distribute_parallel_for_collapse_300_400_900,300,900,0,1800,3605400,1082701,900,3840000,2160000,1081800,360000,721800,360000,0,0,0,361800,49651,0.0497
distribute_parallel_for_300_500_100,300,100,0,200,500600,150301,100,1600000,240000,150200,50000,100200,50000,0,0,0,50200,34492,0.0345
distribute_parallel_for_split_300_500_100,300,100,0,200,500600,150301,100,1600000,240000,150200,50000,100200,50000,0,0,0,50200,8228,0.0082
swap_distribute_parallel_for_300_500_100,300,100,0,200,500600,150301,100,1600000,240000,150200,50000,100200,50000,0,0,0,50200,61435,0.0614
swap_distribute_parallel_for_split_300_500_100,300,100,0,200,500600,150301,100,1600000,240000,150200,50000,100200,50000,0,0,0,50200,8098,0.0081
distribute_parallel_for_collapse_300_500_100,300,100,0,200,500600,150301,100,1600000,240000,150200,50000,100200,50000,0,0,0,50200,5419,0.0054
swap_distribute_parallel_for_collapse_300_500_100,300,100,0,200,500600,150301,100,1600000,240000,150200,50000,100200,50000,0,0,0,50200,25461,0.0255
distribute_parallel_for_300_500_200,300,200,0,400,1001200,300601,200,2000000,480000,300400,100000,200400,100000,0,0,0,100400,36654,0.0367
distribute_parallel_for_split_300_500_200,300,200,0,400,1001200,300601,200,2000000,480000,300400,100000,200400,100000,0,0,0,100400,11623,0.0116
swap_distribute_parallel_for_300_500_200,300,200,0,400,1001200,300601,200,2000000,480000,300400,100000,200400,100000,0,0,0,100400,52982,0.0530
swap_distribute_parallel_for_split_300_500_200,300,200,0,400,1001200,300601,200,2000000,480000,300400,100000,200400,100000,0,0,0,100400,16857,0.0169
distribute_parallel_for_collapse_300_500_200,300,200,0,400,1001200,300601,200,2000000,480000,300400,100000,200400,100000,0,0,0,100400,7964,0.0080
swap_distribute_parallel_for_collapse_300_500_200,300,200,0,400,1001200,300601,200,2000000,480000,300400,100000,200400,100000,0,0,0,100400,8140,0.0081
distribute_parallel_for_300_500_300,300,300,0,600,1501800,450901,300,2400000,720000,450600,150000,300600,150000,0,0,0,150600,55275,0.0553
distribute_parallel_for_split_300_500_300,300,300,0,600,1501800,450901,300,2400000,720000,450600,150000,300600,150000,0,0,0,150600,18355,0.0184
swap_distribute_parallel_for_300_500_300,300,300,0,600,1501800,450901,300,2400000,720000,450600,150000,300600,150000,0,0,0,150600,59134,0.0591
swap_distribute_parallel_for_split_300_500_300,300,300,0,600,1501800,450901,300,2400000,720000,450600,150000,300600,150000,0,0,0,150600,33584,0.0336
distribute_parallel_for_collapse_300_500_300,300,300,0,600,1501800,450901,300,2400000,720000,450600,150000,300600,150000,0,0,0,150600,10898,0.0109
swap_distribute_parallel_for_collapse_300_500_300,300,300,0,600,1501800,450901,300,2400000,720000,450600,150000,300600,150000,0,0,0,150600,29173,0.0292
distribute_parallel_for_300_500_400,300,400,0,800,2002400,601201,400,2800000,960000,600800,200000,400800,200000,0,0,0,200800,65973,0.0660
distribute_parallel_for_split_300_500_400,300,400,0,800,2002400,601201,400,2800000,960000,600800,200000,400800,200000,0,0,0,200800,34415,0.0344
swap_distribute_parallel_for_300_500_400,300,400,0,800,2002400,601201,400,2800000,960000,600800,200000,400800,200000,0,0,0,200800,55639,0.0556
swap_distribute_parallel_for_split_300_500_400,300,400,0,800,2002400,601201,400,2800000,960000,600800,200000,400800,200000,0,0,0,200800,34538,0.0345
distribute_parallel_for_collapse_300_500_400,300,400,0,800,2002400,601201,400,2800000,960000,600800,200000,400800,200000,0,0,0,200800,13423,0.0134
swap_distribute_parallel_for_collapse_300_500_400,300,400,0,800,2002400,601201,400,2800000,960000,600800,200000,400800,200000,0,0,0,200800,26510,0.0265
distribute_parallel_for_300_500_500,300,500,0,1000,2503000,751501,500,3200000,1200000,751000,250000,501000,250000,0,0,0,251000,107030,0.1070
distribute_parallel_for_split_300_500_500,300,500,0,1000,2503000,751501,500,3200000,1200000,751000,250000,501000,250000,0,0,0,251000,43899,0.0439
swap_distribute_parallel_for_300_500_500,300,500,0,1000,2503000,751501,500,3200000,1200000,751000,250000,501000,250000,0,0,0,251000,92680,0.0927
swap_distribute_parallel_for_split_300_500_500,300,500,0,1000,2503000,751501,500,3200000,1200000,751000,250000,501000,250000,0,0,0,251000,44001,0.0440
distribute_parallel_for_collapse_300_500_500,300,500,0,1000,2503000,751501,500,3200000,1200000,751000,250000,501000,250000,0,0,0,251000,27456,0.0275
swap_distribute_parallel_for_collapse_300_500_500,300,500,0,1000,2503000,751501,500,3200000,1200000,751000,250000,501000,250000,0,0,0,251000,28046,0.0280
distribute_parallel_for_300_500_600,300,600,0,1200,3003600,901801,600,3600000,1440000,901200,300000,601200,300000,0,0,0,301200,100674,0.1007
distribute_parallel_for_split_300_500_600,300,600,0,1200,3003600,901801,600,3600000,1440000,901200,300000,601200,300000,0,0,0,301200,32147,0.0321
swap_distribute_parallel_for_300_500_600,300,600,0,1200,3003600,901801,600,3600000,1440000,901200,300000,601200,300000,0,0,0,301200,57010,0.0570
swap_distribute_parallel_for_split_300_500_600,300,600,0,1200,3003600,901801,600,3600000,1440000,901200,300000,601200,300000,0,0,0,301200,22656,0.0227
distribute_parallel_for_collapse_300_500_600,300,600,0,1200,3003600,901801,600,3600000,1440000,901200,300000,601200,300000,0,0,0,301200,18472,0.0185
swap_distribute_parallel_for_collapse_300_500_600,300,600,0,1200,3003600,901801,600,3600000,1440000,901200,300000,601200,300000,0,0,0,301200,19498,0.0195
distribute_parallel_for_300_500_700,300,700,0,1400,3504200,1052101,700,4000000,1680000,1051400,350000,701400,350000,0,0,0,351400,120541,0.1205
distribute_parallel_for_split_300_500_700,300,700,0,1400,3504200,1052101,700,4000000,1680000,1051400,350000,701400,350000,0,0,0,351400,35274,0.0353
swap_distribute_parallel_for_300_500_700,300,700,0,1400,3504200,1052101,700,4000000,1680000,1051400,350000,701400,350000,0,0,0,351400,55980,0.0560
swap_distribute_parallel_for_split_300_500_700,300,700,0,1400,3504200,1052101,700,4000000,1680000,1051400,350000,701400,350000,0,0,0,351400,23427,0.0234
distribute_parallel_for_collapse_300_500_700,300,700,0,1400,3504200,1052101,700,4000000,1680000,1051400,350000,701400,350000,0,0,0,351400,25037,0.0250
swap_distribute_parallel_for_collapse_300_500_700,300,700,0,1400,3504200,1052101,700,4000000,1680000,1051400,350000,701400,350000,0,0,0,351400,40001,0.0400
distribute_parallel_for_300_500_800,300,800,0,1600,4004800,1202401,800,4400000,1920000,1201600,400000,801600,400000,0,0,0,401600,151059,0.1511
distribute_parallel_for_split_300_500_800,300,800,0,1600,4004800,1202401,800,4400000,1920000,1201600,400000,801600,400000,0,0,0,401600,45462,0.0455
swap_distribute_parallel_for_300_500_800,300,800,0,1600,4004800,1202401,800,4400000,1920000,1201600,400000,801600,400000,0,0,0,401600,72927,0.0729
swap_distribute_parallel_for_split_300_500_800,300,800,0,1600,4004800,1202401,800,4400000,1920000,1201600,400000,801600,400000,0,0,0,401600,35604,0.0356
distribute_parallel_for_collapse_300_500_800,300,800,0,1600,4004800,1202401,800,4400000,1920000,1201600,400000,801600,400000,0,0,0,401600,30214,0.0302
swap_distribute_parallel_for_collapse_300_500_800,300,800,0,1600,4004800,1202401,800,4400000,1920000,1201600,400000,801600,400000,0,0,0,401600,37883,0.0379
distribute_parallel_for_300_500_900,300,900,0,1800,4505400,1352701,900,4800000,2160000,1351800,450000,901800,450000,0,0,0,451800,151266,0.1513
distribute_parallel_for_split_300_500_900,300,900,0,1800,4505400,1352701,900,4800000,2160000,1351800,450000,901800,450000,0,0,0,451800,44439,0.0444
swap_distribute_parallel_for_300_500_900,300,900,0,1800,4505400,1352701,900,4800000,2160000,1351800,450000,901800,450000,0,0,0,451800,56692,0.0567
swap_distribute_parallel_for_split_300_500_900,300,900,0,1800,4505400,1352701,900,4800000,2160000,1351800,450000,901800,450000,0,0,0,451800,30148,0.0301
distribute_parallel_for_collapse_300_500_900,300,900,0,1800,4505400,1352701,900,4800000,2160000,1351800,450000,901800,450000,0,0,0,451800,26956,0.0270
swap_distribute_parallel_for_collapse_300_500_900,300,900,0,1800,4505400,1352701,900,4800000,2160000,1351800,450000,901800,450000,0,0,0,451800,28378,0.0284
distribute_parallel_for_300_600_100,300,100,0,200,600600,180301,100,1920000,240000,180200,60000,120200,60000,0,0,0,60200,25017,0.0250
distribute_parallel_for_split_300_600_100,300,100,0,200,600600,180301,100,1920000,240000,180200,60000,120200,60000,0,0,0,60200,7766,0.0078
swap_distribute_parallel_for_300_600_100,300,100,0,200,600600,180301,100,1920000,240000,180200,60000,120200,60000,0,0,0,60200,61940,0.0619
swap_distribute_parallel_for_split_300_600_100,300,100,0,200,600600,180301,100,1920000,240000,180200,60000,120200,60000,0,0,0,60200,8361,0.0084
distribute_parallel_for_collapse_300_600_100,300,100,0,200,600600,180301,100,1920000,240000,180200,60000,120200,60000,0,0,0,60200,5582,0.0056
swap_distribute_parallel_for_collapse_300_600_100,300,100,0,200,600600,180301,100,1920000,240000,180200,60000,120200,60000,0,0,0,60200,5724,0.0057
distribute_parallel_for_300_600_200,300,200,0,400,1201200,360601,200,2400000,480000,360400,120000,240400,120000,0,0,0,120400,79078,0.0791
distribute_parallel_for_split_300_600_200,300,200,0,400,1201200,360601,200,2400000,480000,360400,120000,240400,120000,0,0,0,120400,19849,0.0198
swap_distribute_parallel_for_300_600_200,300,200,0,400,1201200,360601,200,2400000,480000,360400,120000,240400,120000,0,0,0,120400,87991,0.0880
swap_distribute_parallel_for_split_300_600_200,300,200,0,400,1201200,360601,200,2400000,480000,360400,120000,240400,120000,0,0,0,120400,21344,0.0213
distribute_parallel_for_collapse_300_600_200,300,200,0,400,1201200,360601,200,2400000,480000,360400,120000,240400,120000,0,0,0,120400,30345,0.0303
swap_distribute_parallel_for_collapse_300_600_200,300,200,0,400,1201200,360601,200,2400000,480000,360400,120000,240400,120000,0,0,0,120400,22513,0.0225
distribute_parallel_for_300_600_300,300,300,0,600,1801800,540901,300,2880000,720000,540600,180000,360600,180000,0,0,0,180600,67350,0.0673
distribute_parallel_for_split_300_600_300,300,300,0,600,1801800,540901,300,2880000,720000,540600,180000,360600,180000,0,0,0,180600,35729,0.0357
swap_distribute_parallel_for_300_600_300,300,300,0,600,1801800,540901,300,2880000,720000,540600,180000,360600,180000,0,0,0,180600,68446,0.0684
swap_distribute_parallel_for_split_300_600_300,300,300,0,600,1801800,540901,300,2880000,720000,540600,180000,360600,180000,0,0,0,180600,71378,0.0714
distribute_parallel_for_collapse_300_600_300,300,300,0,600,1801800,540901,300,2880000,720000,540600,180000,360600,180000,0,0,0,180600,29805,0.0298
swap_distribute_parallel_for_collapse_300_600_300,300,300,0,600,1801800,540901,300,2880000,720000,540600,180000,360600,180000,0,0,0,180600,12627,0.0126
distribute_parallel_for_300_600_400,300,400,0,800,2402400,721201,400,3360000,960000,720800,240000,480800,240000,0,0,0,240800,88816,0.0888
distribute_parallel_for_split_300_600_400,300,400,0,800,2402400,721201,400,3360000,960000,720800,240000,480800,240000,0,0,0,240800,31808,0.0318
swap_distribute_parallel_for_300_600_400,300,400,0,800,2402400,721201,400,3360000,960000,720800,240000,480800,240000,0,0,0,240800,85393,0.0854
swap_distribute_parallel_for_split_300_600_400,300,400,0,800,2402400,721201,400,3360000,960000,720800,240000,480800,240000,0,0,0,240800,39733,0.0397
distribute_parallel_for_collapse_300_600_400,300,400,0,800,2402400,721201,400,3360000,960000,720800,240000,480800,240000,0,0,0,240800,18225,0.0182
swap_distribute_parallel_for_collapse_300_600_400,300,400,0,800,2402400,721201,400,3360000,960000,720800,240000,480800,240000,0,0,0,240800,32646,0.0326
distribute_parallel_for_300_600_500,300,500,0,1000,3003000,901501,500,3840000,1200000,901000,300000,601000,300000,0,0,0,301000,105096,0.1051
distribute_parallel_for_split_300_600_500,300,500,0,1000,3003000,901501,500,3840000,1200000,901000,300000,601000,300000,0,0,0,301000,48125,0.0481
swap_distribute_parallel_for_300_600_500,300,500,0,1000,3003000,901501,500,3840000,1200000,901000,300000,601000,300000,0,0,0,301000,67859,0.0679
swap_distribute_parallel_for_split_300_600_500,300,500,0,1000,3003000,901501,500,3840000,1200000,901000,300000,601000,300000,0,0,0,301000,28140,0.0281
distribute_parallel_for_collapse_300_600_500,300,500,0,1000,3003000,901501,500,3840000,1200000,901000,300000,601000,300000,0,0,0,301000,20580,0.0206
swap_distribute_parallel_for_collapse_300_600_500,300,500,0,1000,3003000,901501,500,3840000,1200000,901000,300000,601000,300000,0,0,0,301000,20575,0.0206
distribute_parallel_for_300_600_600,300,600,0,1200,3603600,1081801,600,4320000,1440000,1081200,360000,721200,360000,0,0,0,361200,115879,0.1159
distribute_parallel_for_split_300_600_600,300,600,0,1200,3603600,1081801,600,4320000,1440000,1081200,360000,721200,360000,0,0,0,361200,40672,0.0407
swap_distribute_parallel_for_300_600_600,300,600,0,1200,3603600,1081801,600,4320000,1440000,1081200,360000,721200,360000,0,0,0,361200,67945,0.0679
swap_distribute_parallel_for_split_300_600_600,300,600,0,1200,3603600,1081801,600,4320000,1440000,1081200,360000,721200,360000,0,0,0,361200,33593,0.0336
distribute_parallel_for_collapse_300_600_600,300,600,0,1200,3603600,1081801,600,4320000,1440000,1081200,360000,721200,360000,0,0,0,361200,38400,0.0384
swap_distribute_parallel_for_collapse_300_600_600,300,600,0,1200,3603600,1081801,600,4320000,1440000,1081200,360000,721200,360000,0,0,0,361200,41032,0.0410
distribute_parallel_for_300_600_700,300,700,0,1400,4204200,1262101,700,4800000,1680000,1261400,420000,841400,420000,0,0,0,421400,159284,0.1593
distribute_parallel_for_split_300_600_700,300,700,0,1400,4204200,1262101,700,4800000,1680000,1261400,420000,841400,420000,0,0,0,421400,61052,0.0611
swap_distribute_parallel_for_300_600_700,300,700,0,1400,4204200,1262101,700,4800000,1680000,1261400,420000,841400,420000,0,0,0,421400,78740,0.0787
swap_distribute_parallel_for_split_300_600_700,300,700,0,1400,4204200,1262101,700,4800000,1680000,1261400,420000,841400,420000,0,0,0,421400,39771,0.0398
distribute_parallel_for_collapse_300_600_700,300,700,0,1400,4204200,1262101,700,4800000,1680000,1261400,420000,841400,420000,0,0,0,421400,39868,0.0399
swap_distribute_parallel_for_collapse_300_600_700,300,700,0,1400,4204200,1262101,700,4800000,1680000,1261400,420000,841400,420000,0,0,0,421400,39939,0.0399
distribute_parallel_for_300_600_800,300,800,0,1600,4804800,1442401,800,5280000,1920000,1441600,480000,961600,480000,0,0,0,481600,164996,0.1650
distribute_parallel_for_split_300_600_800,300,800,0,1600,4804800,1442401,800,5280000,1920000,1441600,480000,961600,480000,0,0,0,481600,99690,0.0997
swap_distribute_parallel_for_300_600_800,300,800,0,1600,4804800,1442401,800,5280000,1920000,1441600,480000,961600,480000,0,0,0,481600,68734,0.0687
swap_distribute_parallel_for_split_300_600_800,300,800,0,1600,4804800,1442401,800,5280000,1920000,1441600,480000,961600,480000,0,0,0,481600,61795,0.0618
distribute_parallel_for_collapse_300_600_800,300,800,0,1600,4804800,1442401,800,5280000,1920000,1441600,480000,961600,480000,0,0,0,481600,39710,0.0397
swap_distribute_parallel_for_collapse_300_600_800,300,800,0,1600,4804800,1442401,800,5280000,1920000,1441600,480000,961600,480000,0,0,0,481600,29942,0.0299
distribute_parallel_for_300_600_900,300,900,0,1800,5405400,1622701,900,5760000,2160000,1621800,540000,1081800,540000,0,0,0,541800,180974,0.1810
distribute_parallel_for_split_300_600_900,300,900,0,1800,5405400,1622701,900,5760000,2160000,1621800,540000,1081800,540000,0,0,0,541800,53675,0.0537
swap_distribute_parallel_for_300_600_900,300,900,0,1800,5405400,1622701,900,5760000,2160000,1621800,540000,1081800,540000,0,0,0,541800,68935,0.0689
swap_distribute_parallel_for_split_300_600_900,300,900,0,1800,5405400,1622701,900,5760000,2160000,1621800,540000,1081800,540000,0,0,0,541800,37770,0.0378
distribute_parallel_for_collapse_300_600_900,300,900,0,1800,5405400,1622701,900,5760000,2160000,1621800,540000,1081800,540000,0,0,0,541800,33134,0.0331
swap_distribute_parallel_for_collapse_300_600_900,300,900,0,1800,5405400,1622701,900,5760000,2160000,1621800,540000,1081800,540000,0,0,0,541800,36656,0.0367
distribute_parallel_for_300_700_100,300,100,0,200,700600,210301,100,2240000,240000,210200,70000,140200,70000,0,0,0,70200,32457,0.0325
distribute_parallel_for_split_300_700_100,300,100,0,200,700600,210301,100,2240000,240000,210200,70000,140200,70000,0,0,0,70200,9886,0.0099
swap_distribute_parallel_for_300_700_100,300,100,0,200,700600,210301,100,2240000,240000,210200,70000,140200,70000,0,0,0,70200,87824,0.0878
swap_distribute_parallel_for_split_300_700_100,300,100,0,200,700600,210301,100,2240000,240000,210200,70000,140200,70000,0,0,0,70200,10856,0.0109
distribute_parallel_for_collapse_300_700_100,300,100,0,200,700600,210301,100,2240000,240000,210200,70000,140200,70000,0,0,0,70200,6665,0.0067
swap_distribute_parallel_for_collapse_300_700_100,300,100,0,200,700600,210301,100,2240000,240000,210200,70000,140200,70000,0,0,0,70200,19066,0.0191
distribute_parallel_for_300_700_200,300,200,0,400,1401200,420601,200,2800000,480000,420400,140000,280400,140000,0,0,0,140400,66051,0.0661
distribute_parallel_for_split_300_700_200,300,200,0,400,1401200,420601,200,2800000,480000,420400,140000,280400,140000,0,0,0,140400,29872,0.0299
swap_distribute_parallel_for_300_700_200,300,200,0,400,1401200,420601,200,2800000,480000,420400,140000,280400,140000,0,0,0,140400,75157,0.0752
swap_distribute_parallel_for_split_300_700_200,300,200,0,400,1401200,420601,200,2800000,480000,420400,140000,280400,140000,0,0,0,140400,24753,0.0248
distribute_parallel_for_collapse_300_700_200,300,200,0,400,1401200,420601,200,2800000,480000,420400,140000,280400,140000,0,0,0,140400,19905,0.0199
swap_distribute_parallel_for_collapse_300_700_200,300,200,0,400,1401200,420601,200,2800000,480000,420400,140000,280400,140000,0,0,0,140400,19943,0.0199
distribute_parallel_for_300_700_300,300,300,0,600,2101800,630901,300,3360000,720000,630600,210000,420600,210000,0,0,0,210600,112945,0.1129
distribute_parallel_for_split_300_700_300,300,300,0,600,2101800,630901,300,3360000,720000,630600,210000,420600,210000,0,0,0,210600,22560,0.0226
swap_distribute_parallel_for_300_700_300,300,300,0,600,2101800,630901,300,3360000,720000,630600,210000,420600,210000,0,0,0,210600,95598,0.0956
swap_distribute_parallel_for_split_300_700_300,300,300,0,600,2101800,630901,300,3360000,720000,630600,210000,420600,210000,0,0,0,210600,31261,0.0313
distribute_parallel_for_collapse_300_700_300,300,300,0,600,2101800,630901,300,3360000,720000,630600,210000,420600,210000,0,0,0,210600,27770,0.0278
swap_distribute_parallel_for_collapse_300_700_300,300,300,0,600,2101800,630901,300,3360000,720000,630600,210000,420600,210000,0,0,0,210600,14934,0.0149
distribute_parallel_for_300_700_400,300,400,0,800,2802400,841201,400,3920000,960000,840800,280000,560800,280000,0,0,0,280800,104095,0.1041
distribute_parallel_for_split_300_700_400,300,400,0,800,2802400,841201,400,3920000,960000,840800,280000,560800,280000,0,0,0,280800,32922,0.0329
swap_distribute_parallel_for_300_700_400,300,400,0,800,2802400,841201,400,3920000,960000,840800,280000,560800,280000,0,0,0,280800,82103,0.0821
swap_distribute_parallel_for_split_300_700_400,300,400,0,800,2802400,841201,400,3920000,960000,840800,280000,560800,280000,0,0,0,280800,21695,0.0217
distribute_parallel_for_collapse_300_700_400,300,400,0,800,2802400,841201,400,3920000,960000,840800,280000,560800,280000,0,0,0,280800,18513,0.0185
swap_distribute_parallel_for_collapse_300_700_400,300,400,0,800,2802400,841201,400,3920000,960000,840800,280000,560800,280000,0,0,0,280800,19087,0.0191
distribute_parallel_for_300_700_500,300,500,0,1000,3503000,1051501,500,4480000,1200000,1051000,350000,701000,350000,0,0,0,351000,119775,0.1198
distribute_parallel_for_split_300_700_500,300,500,0,1000,3503000,1051501,500,4480000,1200000,1051000,350000,701000,350000,0,0,0,351000,39704,0.0397
swap_distribute_parallel_for_300_700_500,300,500,0,1000,3503000,1051501,500,4480000,1200000,1051000,350000,701000,350000,0,0,0,351000,79918,0.0799
swap_distribute_parallel_for_split_300_700_500,300,500,0,1000,3503000,1051501,500,4480000,1200000,1051000,350000,701000,350000,0,0,0,351000,29087,0.0291
distribute_parallel_for_collapse_300_700_500,300,500,0,1000,3503000,1051501,500,4480000,1200000,1051000,350000,701000,350000,0,0,0,351000,21866,0.0219
swap_distribute_parallel_for_collapse_300_700_500,300,500,0,1000,3503000,1051501,500,4480000,1200000,1051000,350000,701000,350000,0,0,0,351000,22891,0.0229
distribute_parallel_for_300_700_600,300,600,0,1200,4203600,1261801,600,5040000,1440000,1261200,420000,841200,420000,0,0,0,421200,162444,0.1624
distribute_parallel_for_split_300_700_600,300,600,0,1200,4203600,1261801,600,5040000,1440000,1261200,420000,841200,420000,0,0,0,421200,51176,0.0512
swap_distribute_parallel_for_300_700_600,300,600,0,1200,4203600,1261801,600,5040000,1440000,1261200,420000,841200,420000,0,0,0,421200,107189,0.1072
swap_distribute_parallel_for_split_300_700_600,300,600,0,1200,4203600,1261801,600,5040000,1440000,1261200,420000,841200,420000,0,0,0,421200,79516,0.0795
distribute_parallel_for_collapse_300_700_600,300,600,0,1200,4203600,1261801,600,5040000,1440000,1261200,420000,841200,420000,0,0,0,421200,58234,0.0582
swap_distribute_parallel_for_collapse_300_700_600,300,600,0,1200,4203600,1261801,600,5040000,1440000,1261200,420000,841200,420000,0,0,0,421200,32434,0.0324
distribute_parallel_for_300_700_700,300,700,0,1400,4904200,1472101,700,5600000,1680000,1471400,490000,981400,490000,0,0,0,491400,172310,0.1723
distribute_parallel_for_split_300_700_700,300,700,0,1400,4904200,1472101,700,5600000,1680000,1471400,490000,981400,490000,0,0,0,491400,48979,0.0490
swap_distribute_parallel_for_300_700_700,300,700,0,1400,4904200,1472101,700,5600000,1680000,1471400,490000,981400,490000,0,0,0,491400,100068,0.1001
swap_distribute_parallel_for_split_300_700_700,300,700,0,1400,4904200,1472101,700,5600000,1680000,1471400,490000,981400,490000,0,0,0,491400,32610,0.0326
distribute_parallel_for_collapse_300_700_700,300,700,0,1400,4904200,1472101,700,5600000,1680000,1471400,490000,981400,490000,0,0,0,491400,33231,0.0332
swap_distribute_parallel_for_collapse_300_700_700,300,700,0,1400,4904200,1472101,700,5600000,1680000,1471400,490000,981400,490000,0,0,0,491400,55474,0.0555
distribute_parallel_for_300_700_800,300,800,0,1600,5604800,1682401,800,6160000,1920000,1681600,560000,1121600,560000,0,0,0,561600,201990,0.2020
distribute_parallel_for_split_300_700_800,300,800,0,1600,5604800,1682401,800,6160000,1920000,1681600,560000,1121600,560000,0,0,0,561600,64738,0.0647
swap_distribute_parallel_for_300_700_800,300,800,0,1600,5604800,1682401,800,6160000,1920000,1681600,560000,1121600,560000,0,0,0,561600,79881,0.0799
swap_distribute_parallel_for_split_300_700_800,300,800,0,1600,5604800,1682401,800,6160000,1920000,1681600,560000,1121600,560000,0,0,0,561600,40393,0.0404
distribute_parallel_for_collapse_300_700_800,300,800,0,1600,5604800,1682401,800,6160000,1920000,1681600,560000,1121600,560000,0,0,0,561600,39492,0.0395
swap_distribute_parallel_for_collapse_300_700_800,300,800,0,1600,5604800,1682401,800,6160000,1920000,1681600,560000,1121600,560000,0,0,0,561600,40014,0.0400
distribute_parallel_for_300_700_900,300,900,0,1800,6305400,1892701,900,6720000,2160000,1891800,630000,1261800,630000,0,0,0,631800,344960,0.3450
distribute_parallel_for_split_300_700_900,300,900,0,1800,6305400,1892701,900,6720000,2160000,1891800,630000,1261800,630000,0,0,0,631800,68382,0.0684
swap_distribute_parallel_for_300_700_900,300,900,0,1800,6305400,1892701,900,6720000,2160000,1891800,630000,1261800,630000,0,0,0,631800,117560,0.1176
swap_distribute_parallel_for_split_300_700_900,300,900,0,1800,6305400,1892701,900,6720000,2160000,1891800,630000,1261800,630000,0,0,0,631800,59748,0.0597
distribute_parallel_for_collapse_300_700_900,300,900,0,1800,6305400,1892701,900,6720000,2160000,1891800,630000,1261800,630000,0,0,0,631800,75814,0.0758
swap_distribute_parallel_for_collapse_300_700_900,300,900,0,1800,6305400,1892701,900,6720000,2160000,1891800,630000,1261800,630000,0,0,0,631800,69336,0.0693
distribute_parallel_for_300_800_100,300,100,0,200,800600,240301,100,2560000,240000,240200,80000,160200,80000,0,0,0,80200,40444,0.0404
distribute_parallel_for_split_300_800_100,300,100,0,200,800600,240301,100,2560000,240000,240200,80000,160200,80000,0,0,0,80200,9950,0.0100
swap_distribute_parallel_for_300_800_100,300,100,0,200,800600,240301,100,2560000,240000,240200,80000,160200,80000,0,0,0,80200,84510,0.0845
swap_distribute_parallel_for_split_300_800_100,300,100,0,200,800600,240301,100,2560000,240000,240200,80000,160200,80000,0,0,0,80200,11161,0.0112
distribute_parallel_for_collapse_300_800_100,300,100,0,200,800600,240301,100,2560000,240000,240200,80000,160200,80000,0,0,0,80200,6933,0.0069
swap_distribute_parallel_for_collapse_300_800_100,300,100,0,200,800600,240301,100,2560000,240000,240200,80000,160200,80000,0,0,0,80200,7071,0.0071
distribute_parallel_for_300_800_200,300,200,0,400,1601200,480601,200,3200000,480000,480400,160000,320400,160000,0,0,0,160400,66900,0.0669
distribute_parallel_for_split_300_800_200,300,200,0,400,1601200,480601,200,3200000,480000,480400,160000,320400,160000,0,0,0,160400,20016,0.0200
swap_distribute_parallel_for_300_800_200,300,200,0,400,1601200,480601,200,3200000,480000,480400,160000,320400,160000,0,0,0,160400,95898,0.0959
swap_distribute_parallel_for_split_300_800_200,300,200,0,400,1601200,480601,200,3200000,480000,480400,160000,320400,160000,0,0,0,160400,13266,0.0133
distribute_parallel_for_collapse_300_800_200,300,200,0,400,1601200,480601,200,3200000,480000,480400,160000,320400,160000,0,0,0,160400,11904,0.0119
swap_distribute_parallel_for_collapse_300_800_200,300,200,0,400,1601200,480601,200,3200000,480000,480400,160000,320400,160000,0,0,0,160400,16867,0.0169
distribute_parallel_for_300_800_300,300,300,0,600,2401800,720901,300,3840000,720000,720600,240000,480600,240000,0,0,0,240600,84563,0.0846
distribute_parallel_for_split_300_800_300,300,300,0,600,2401800,720901,300,3840000,720000,720600,240000,480600,240000,0,0,0,240600,25036,0.0250
swap_distribute_parallel_for_300_800_300,300,300,0,600,2401800,720901,300,3840000,720000,720600,240000,480600,240000,0,0,0,240600,85881,0.0859
swap_distribute_parallel_for_split_300_800_300,300,300,0,600,2401800,720901,300,3840000,720000,720600,240000,480600,240000,0,0,0,240600,22070,0.0221
distribute_parallel_for_collapse_300_800_300,300,300,0,600,2401800,720901,300,3840000,720000,720600,240000,480600,240000,0,0,0,240600,15533,0.0155
swap_distribute_parallel_for_collapse_300_800_300,300,300,0,600,2401800,720901,300,3840000,720000,720600,240000,480600,240000,0,0,0,240600,35806,0.0358
distribute_parallel_for_300_800_400,300,400,0,800,3202400,961201,400,4480000,960000,960800,320000,640800,320000,0,0,0,320800,142084,0.1421
distribute_parallel_for_split_300_800_400,300,400,0,800,3202400,961201,400,4480000,960000,960800,320000,640800,320000,0,0,0,320800,39702,0.0397
swap_distribute_parallel_for_300_800_400,300,400,0,800,3202400,961201,400,4480000,960000,960800,320000,640800,320000,0,0,0,320800,93980,0.0940
swap_distribute_parallel_for_split_300_800_400,300,400,0,800,3202400,961201,400,4480000,960000,960800,320000,640800,320000,0,0,0,320800,31819,0.0318
distribute_parallel_for_collapse_300_800_400,300,400,0,800,3202400,961201,400,4480000,960000,960800,320000,640800,320000,0,0,0,320800,30390,0.0304
swap_distribute_parallel_for_collapse_300_800_400,300,400,0,800,3202400,961201,400,4480000,960000,960800,320000,640800,320000,0,0,0,320800,37678,0.0377
distribute_parallel_for_300_800_500,300,500,0,1000,4003000,1201501,500,5120000,1200000,1201000,400000,801000,400000,0,0,0,401000,132385,0.1324
distribute_parallel_for_split_300_800_500,300,500,0,1000,4003000,1201501,500,5120000,1200000,1201000,400000,801000,400000,0,0,0,401000,56157,0.0562
swap_distribute_parallel_for_300_800_500,300,500,0,1000,4003000,1201501,500,5120000,1200000,1201000,400000,801000,400000,0,0,0,401000,97910,0.0979
swap_distribute_parallel_for_split_300_800_500,300,500,0,1000,4003000,1201501,500,5120000,1200000,1201000,400000,801000,400000,0,0,0,401000,59707,0.0597
distribute_parallel_for_collapse_300_800_500,300,500,0,1000,4003000,1201501,500,5120000,1200000,1201000,400000,801000,400000,0,0,0,401000,34503,0.0345
swap_distribute_parallel_for_collapse_300_800_500,300,500,0,1000,4003000,1201501,500,5120000,1200000,1201000,400000,801000,400000,0,0,0,401000,66897,0.0669
distribute_parallel_for_300_800_600,300,600,0,1200,4803600,1441801,600,5760000,1440000,1441200,480000,961200,480000,0,0,0,481200,152522,0.1525
distribute_parallel_for_split_300_800_600,300,600,0,1200,4803600,1441801,600,5760000,1440000,1441200,480000,961200,480000,0,0,0,481200,55920,0.0559
swap_distribute_parallel_for_300_800_600,300,600,0,1200,4803600,1441801,600,5760000,1440000,1441200,480000,961200,480000,0,0,0,481200,92157,0.0922
swap_distribute_parallel_for_split_300_800_600,300,600,0,1200,4803600,1441801,600,5760000,1440000,1441200,480000,961200,480000,0,0,0,481200,42096,0.0421
distribute_parallel_for_collapse_300_800_600,300,600,0,1200,4803600,1441801,600,5760000,1440000,1441200,480000,961200,480000,0,0,0,481200,32575,0.0326
swap_distribute_parallel_for_collapse_300_800_600,300,600,0,1200,4803600,1441801,600,5760000,1440000,1441200,480000,961200,480000,0,0,0,481200,30704,0.0307
distribute_parallel_for_300_800_700,300,700,0,1400,5604200,1682101,700,6400000,1680000,1681400,560000,1121400,560000,0,0,0,561400,205072,0.2051
distribute_parallel_for_split_300_800_700,300,700,0,1400,5604200,1682101,700,6400000,1680000,1681400,560000,1121400,560000,0,0,0,561400,61464,0.0615
swap_distribute_parallel_for_300_800_700,300,700,0,1400,5604200,1682101,700,6400000,1680000,1681400,560000,1121400,560000,0,0,0,561400,94786,0.0948
swap_distribute_parallel_for_split_300_800_700,300,700,0,1400,5604200,1682101,700,6400000,1680000,1681400,560000,1121400,560000,0,0,0,561400,37642,0.0376
distribute_parallel_for_collapse_300_800_700,300,700,0,1400,5604200,1682101,700,6400000,1680000,1681400,560000,1121400,560000,0,0,0,561400,38554,0.0386
swap_distribute_parallel_for_collapse_300_800_700,300,700,0,1400,5604200,1682101,700,6400000,1680000,1681400,560000,1121400,560000,0,0,0,561400,40005,0.0400
distribute_parallel_for_300_800_800,300,800,0,1600,6404800,1922401,800,7040000,1920000,1921600,640000,1281600,640000,0,0,0,641600,230914,0.2309
distribute_parallel_for_split_300_800_800,300,800,0,1600,6404800,1922401,800,7040000,1920000,1921600,640000,1281600,640000,0,0,0,641600,63840,0.0638
swap_distribute_parallel_for_300_800_800,300,800,0,1600,6404800,1922401,800,7040000,1920000,1921600,640000,1281600,640000,0,0,0,641600,104770,0.1048
swap_distribute_parallel_for_split_300_800_800,300,800,0,1600,6404800,1922401,800,7040000,1920000,1921600,640000,1281600,640000,0,0,0,641600,50401,0.0504
distribute_parallel_for_collapse_300_800_800,300,800,0,1600,6404800,1922401,800,7040000,1920000,1921600,640000,1281600,640000,0,0,0,641600,59858,0.0599
swap_distribute_parallel_for_collapse_300_800_800,300,800,0,1600,6404800,1922401,800,7040000,1920000,1921600,640000,1281600,640000,0,0,0,641600,60040,0.0600
distribute_parallel_for_300_800_900,300,900,0,1800,7205400,2162701,900,7680000,2160000,2161800,720000,1441800,720000,0,0,0,721800,268781,0.2688
distribute_parallel_for_split_300_800_900,300,900,0,1800,7205400,2162701,900,7680000,2160000,2161800,720000,1441800,720000,0,0,0,721800,72630,0.0726
swap_distribute_parallel_for_300_800_900,300,900,0,1800,7205400,2162701,900,7680000,2160000,2161800,720000,1441800,720000,0,0,0,721800,95155,0.0952
swap_distribute_parallel_for_split_300_800_900,300,900,0,1800,7205400,2162701,900,7680000,2160000,2161800,720000,1441800,720000,0,0,0,721800,47660,0.0477
distribute_parallel_for_collapse_300_800_900,300,900,0,1800,7205400,2162701,900,7680000,2160000,2161800,720000,1441800,720000,0,0,0,721800,48708,0.0487
swap_distribute_parallel_for_collapse_300_800_900,300,900,0,1800,7205400,2162701,900,7680000,2160000,2161800,720000,1441800,720000,0,0,0,721800,55550,0.0556
distribute_parallel_for_300_900_100,300,100,0,200,900600,270301,100,2880000,240000,270200,90000,180200,90000,0,0,0,90200,37151,0.0372
distribute_parallel_for_split_300_900_100,300,100,0,200,900600,270301,100,2880000,240000,270200,90000,180200,90000,0,0,0,90200,10804,0.0108
swap_distribute_parallel_for_300_900_100,300,100,0,200,900600,270301,100,2880000,240000,270200,90000,180200,90000,0,0,0,90200,94956,0.0950
swap_distribute_parallel_for_split_300_900_100,300,100,0,200,900600,270301,100,2880000,240000,270200,90000,180200,90000,0,0,0,90200,12434,0.0124
distribute_parallel_for_collapse_300_900_100,300,100,0,200,900600,270301,100,2880000,240000,270200,90000,180200,90000,0,0,0,90200,7454,0.0075
swap_distribute_parallel_for_collapse_300_900_100,300,100,0,200,900600,270301,100,2880000,240000,270200,90000,180200,90000,0,0,0,90200,7574,0.0076
distribute_parallel_for_300_900_200,300,200,0,400,1801200,540601,200,3600000,480000,540400,180000,360400,180000,0,0,0,180400,69576,0.0696
distribute_parallel_for_split_300_900_200,300,200,0,400,1801200,540601,200,3600000,480000,540400,180000,360400,180000,0,0,0,180400,20380,0.0204
swap_distribute_parallel_for_300_900_200,300,200,0,400,1801200,540601,200,3600000,480000,540400,180000,360400,180000,0,0,0,180400,95566,0.0956
swap_distribute_parallel_for_split_300_900_200,300,200,0,400,1801200,540601,200,3600000,480000,540400,180000,360400,180000,0,0,0,180400,15179,0.0152
distribute_parallel_for_collapse_300_900_200,300,200,0,400,1801200,540601,200,3600000,480000,540400,180000,360400,180000,0,0,0,180400,13916,0.0139
swap_distribute_parallel_for_collapse_300_900_200,300,200,0,400,1801200,540601,200,3600000,480000,540400,180000,360400,180000,0,0,0,180400,13747,0.0137
distribute_parallel_for_300_900_300,300,300,0,600,2701800,810901,300,4320000,720000,810600,270000,540600,270000,0,0,0,270600,115373,0.1154
distribute_parallel_for_split_300_900_300,300,300,0,600,2701800,810901,300,4320000,720000,810600,270000,540600,270000,0,0,0,270600,38287,0.0383
swap_distribute_parallel_for_300_900_300,300,300,0,600,2701800,810901,300,4320000,720000,810600,270000,540600,270000,0,0,0,270600,119949,0.1199
swap_distribute_parallel_for_split_300_900_300,300,300,0,600,2701800,810901,300,4320000,720000,810600,270000,540600,270000,0,0,0,270600,39878,0.0399
distribute_parallel_for_collapse_300_900_300,300,300,0,600,2701800,810901,300,4320000,720000,810600,270000,540600,270000,0,0,0,270600,39213,0.0392
swap_distribute_parallel_for_collapse_300_900_300,300,300,0,600,2701800,810901,300,4320000,720000,810600,270000,540600,270000,0,0,0,270600,19003,0.0190
distribute_parallel_for_300_900_400,300,400,0,800,3602400,1081201,400,5040000,960000,1080800,360000,720800,360000,0,0,0,360800,123923,0.1239
distribute_parallel_for_split_300_900_400,300,400,0,800,3602400,1081201,400,5040000,960000,1080800,360000,720800,360000,0,0,0,360800,37463,0.0375
swap_distribute_parallel_for_300_900_400,300,400,0,800,3602400,1081201,400,5040000,960000,1080800,360000,720800,360000,0,0,0,360800,106770,0.1068
swap_distribute_parallel_for_split_300_900_400,300,400,0,800,3602400,1081201,400,5040000,960000,1080800,360000,720800,360000,0,0,0,360800,38862,0.0389
distribute_parallel_for_collapse_300_900_400,300,400,0,800,3602400,1081201,400,5040000,960000,1080800,360000,720800,360000,0,0,0,360800,39859,0.0399
swap_distribute_parallel_for_collapse_300_900_400,300,400,0,800,3602400,1081201,400,5040000,960000,1080800,360000,720800,360000,0,0,0,360800,39893,0.0399
distribute_parallel_for_300_900_500,300,500,0,1000,4503000,1351501,500,5760000,1200000,1351000,450000,901000,450000,0,0,0,451000,150406,0.1504
distribute_parallel_for_split_300_900_500,300,500,0,1000,4503000,1351501,500,5760000,1200000,1351000,450000,901000,450000,0,0,0,451000,46184,0.0462
swap_distribute_parallel_for_300_900_500,300,500,0,1000,4503000,1351501,500,5760000,1200000,1351000,450000,901000,450000,0,0,0,451000,111836,0.1118
swap_distribute_parallel_for_split_300_900_500,300,500,0,1000,4503000,1351501,500,5760000,1200000,1351000,450000,901000,450000,0,0,0,451000,39862,0.0399
distribute_parallel_for_collapse_300_900_500,300,500,0,1000,4503000,1351501,500,5760000,1200000,1351000,450000,901000,450000,0,0,0,451000,39982,0.0400
swap_distribute_parallel_for_collapse_300_900_500,300,500,0,1000,4503000,1351501,500,5760000,1200000,1351000,450000,901000,450000,0,0,0,451000,47304,0.0473
distribute_parallel_for_300_900_600,300,600,0,1200,5403600,1621801,600,6480000,1440000,1621200,540000,1081200,540000,0,0,0,541200,224637,0.2246
distribute_parallel_for_split_300_900_600,300,600,0,1200,5403600,1621801,600,6480000,1440000,1621200,540000,1081200,540000,0,0,0,541200,69912,0.0699
swap_distribute_parallel_for_300_900_600,300,600,0,1200,5403600,1621801,600,6480000,1440000,1621200,540000,1081200,540000,0,0,0,541200,101987,0.1020
swap_distribute_parallel_for_split_300_900_600,300,600,0,1200,5403600,1621801,600,6480000,1440000,1621200,540000,1081200,540000,0,0,0,541200,37434,0.0374
distribute_parallel_for_collapse_300_900_600,300,600,0,1200,5403600,1621801,600,6480000,1440000,1621200,540000,1081200,540000,0,0,0,541200,43219,0.0432
swap_distribute_parallel_for_collapse_300_900_600,300,600,0,1200,5403600,1621801,600,6480000,1440000,1621200,540000,1081200,540000,0,0,0,541200,47495,0.0475
distribute_parallel_for_300_900_700,300,700,0,1400,6304200,1892101,700,7200000,1680000,1891400,630000,1261400,630000,0,0,0,631400,209099,0.2091
distribute_parallel_for_split_300_900_700,300,700,0,1400,6304200,1892101,700,7200000,1680000,1891400,630000,1261400,630000,0,0,0,631400,66301,0.0663
swap_distribute_parallel_for_300_900_700,300,700,0,1400,6304200,1892101,700,7200000,1680000,1891400,630000,1261400,630000,0,0,0,631400,109535,0.1095
swap_distribute_parallel_for_split_300_900_700,300,700,0,1400,6304200,1892101,700,7200000,1680000,1891400,630000,1261400,630000,0,0,0,631400,43582,0.0436
distribute_parallel_for_collapse_300_900_700,300,700,0,1400,6304200,1892101,700,7200000,1680000,1891400,630000,1261400,630000,0,0,0,631400,67457,0.0675
swap_distribute_parallel_for_collapse_300_900_700,300,700,0,1400,6304200,1892101,700,7200000,1680000,1891400,630000,1261400,630000,0,0,0,631400,57915,0.0579
distribute_parallel_for_300_900_800,300,800,0,1600,7204800,2162401,800,7920000,1920000,2161600,720000,1441600,720000,0,0,0,721600,286616,0.2866
distribute_parallel_for_split_300_900_800,300,800,0,1600,7204800,2162401,800,7920000,1920000,2161600,720000,1441600,720000,0,0,0,721600,74943,0.0749
swap_distribute_parallel_for_300_900_800,300,800,0,1600,7204800,2162401,800,7920000,1920000,2161600,720000,1441600,720000,0,0,0,721600,107552,0.1076
swap_distribute_parallel_for_split_300_900_800,300,800,0,1600,7204800,2162401,800,7920000,1920000,2161600,720000,1441600,720000,0,0,0,721600,53434,0.0534
distribute_parallel_for_collapse_300_900_800,300,800,0,1600,7204800,2162401,800,7920000,1920000,2161600,720000,1441600,720000,0,0,0,721600,51102,0.0511
swap_distribute_parallel_for_collapse_300_900_800,300,800,0,1600,7204800,2162401,800,7920000,1920000,2161600,720000,1441600,720000,0,0,0,721600,53804,0.0538
distribute_parallel_for_300_900_900,300,900,0,1800,8105400,2432701,900,8640000,2160000,2431800,810000,1621800,810000,0,0,0,811800,288930,0.2889
distribute_parallel_for_split_300_900_900,300,900,0,1800,8105400,2432701,900,8640000,2160000,2431800,810000,1621800,810000,0,0,0,811800,79946,0.0799
swap_distribute_parallel_for_300_900_900,300,900,0,1800,8105400,2432701,900,8640000,2160000,2431800,810000,1621800,810000,0,0,0,811800,129644,0.1296
swap_distribute_parallel_for_split_300_900_900,300,900,0,1800,8105400,2432701,900,8640000,2160000,2431800,810000,1621800,810000,0,0,0,811800,69788,0.0698
distribute_parallel_for_collapse_300_900_900,300,900,0,1800,8105400,2432701,900,8640000,2160000,2431800,810000,1621800,810000,0,0,0,811800,89854,0.0899
swap_distribute_parallel_for_collapse_300_900_900,300,900,0,1800,8105400,2432701,900,8640000,2160000,2431800,810000,1621800,810000,0,0,0,811800,69974,0.0700
distribute_parallel_for_400_100_100,400,100,0,200,100600,30301,100,400000,320000,30200,10000,20200,10000,0,0,0,10200,10528,0.0105
distribute_parallel_for_split_400_100_100,400,100,0,200,100600,30301,100,400000,320000,30200,10000,20200,10000,0,0,0,10200,3932,0.0039
swap_distribute_parallel_for_400_100_100,400,100,0,200,100600,30301,100,400000,320000,30200,10000,20200,10000,0,0,0,10200,33744,0.0337
swap_distribute_parallel_for_split_400_100_100,400,100,0,200,100600,30301,100,400000,320000,30200,10000,20200,10000,0,0,0,10200,15634,0.0156
distribute_parallel_for_collapse_400_100_100,400,100,0,200,100600,30301,100,400000,320000,30200,10000,20200,10000,0,0,0,10200,4732,0.0047
swap_distribute_parallel_for_collapse_400_100_100,400,100,0,200,100600,30301,100,400000,320000,30200,10000,20200,10000,0,0,0,10200,4891,0.0049
distribute_parallel_for_400_100_200,400,200,0,400,201200,60601,200,480000,640000,60400,20000,40400,20000,0,0,0,20400,36069,0.0361
distribute_parallel_for_split_400_100_200,400,200,0,400,201200,60601,200,480000,640000,60400,20000,40400,20000,0,0,0,20400,34720,0.0347
swap_distribute_parallel_for_400_100_200,400,200,0,400,201200,60601,200,480000,640000,60400,20000,40400,20000,0,0,0,20400,25893,0.0259
swap_distribute_parallel_for_split_400_100_200,400,200,0,400,201200,60601,200,480000,640000,60400,20000,40400,20000,0,0,0,20400,14415,0.0144
distribute_parallel_for_collapse_400_100_200,400,200,0,400,201200,60601,200,480000,640000,60400,20000,40400,20000,0,0,0,20400,4843,0.0048
swap_distribute_parallel_for_collapse_400_100_200,400,200,0,400,201200,60601,200,480000,640000,60400,20000,40400,20000,0,0,0,20400,4399,0.0044
distribute_parallel_for_400_100_300,400,300,0,600,301800,90901,300,560000,960000,90600,30000,60600,30000,0,0,0,30600,17498,0.0175
distribute_parallel_for_split_400_100_300,400,300,0,600,301800,90901,300,560000,960000,90600,30000,60600,30000,0,0,0,30600,5884,0.0059
swap_distribute_parallel_for_400_100_300,400,300,0,600,301800,90901,300,560000,960000,90600,30000,60600,30000,0,0,0,30600,13700,0.0137
swap_distribute_parallel_for_split_400_100_300,400,300,0,600,301800,90901,300,560000,960000,90600,30000,60600,30000,0,0,0,30600,5907,0.0059
distribute_parallel_for_collapse_400_100_300,400,300,0,600,301800,90901,300,560000,960000,90600,30000,60600,30000,0,0,0,30600,5225,0.0052
swap_distribute_parallel_for_collapse_400_100_300,400,300,0,600,301800,90901,300,560000,960000,90600,30000,60600,30000,0,0,0,30600,5030,0.0050
distribute_parallel_for_400_100_400,400,400,0,800,402400,121201,400,640000,1280000,120800,40000,80800,40000,0,0,0,40800,20750,0.0208
distribute_parallel_for_split_400_100_400,400,400,0,800,402400,121201,400,640000,1280000,120800,40000,80800,40000,0,0,0,40800,7547,0.0075
swap_distribute_parallel_for_400_100_400,400,400,0,800,402400,121201,400,640000,1280000,120800,40000,80800,40000,0,0,0,40800,16802,0.0168
swap_distribute_parallel_for_split_400_100_400,400,400,0,800,402400,121201,400,640000,1280000,120800,40000,80800,40000,0,0,0,40800,7632,0.0076
distribute_parallel_for_collapse_400_100_400,400,400,0,800,402400,121201,400,640000,1280000,120800,40000,80800,40000,0,0,0,40800,7001,0.0070
swap_distribute_parallel_for_collapse_400_100_400,400,400,0,800,402400,121201,400,640000,1280000,120800,40000,80800,40000,0,0,0,40800,6591,0.0066
distribute_parallel_for_400_100_500,400,500,0,1000,503000,151501,500,720000,1600000,151000,50000,101000,50000,0,0,0,51000,42401,0.0424
distribute_parallel_for_split_400_100_500,400,500,0,1000,503000,151501,500,720000,1600000,151000,50000,101000,50000,0,0,0,51000,8820,0.0088
swap_distribute_parallel_for_400_100_500,400,500,0,1000,503000,151501,500,720000,1600000,151000,50000,101000,50000,0,0,0,51000,30711,0.0307
swap_distribute_parallel_for_split_400_100_500,400,500,0,1000,503000,151501,500,720000,1600000,151000,50000,101000,50000,0,0,0,51000,9381,0.0094
distribute_parallel_for_collapse_400_100_500,400,500,0,1000,503000,151501,500,720000,1600000,151000,50000,101000,50000,0,0,0,51000,7525,0.0075
swap_distribute_parallel_for_collapse_400_100_500,400,500,0,1000,503000,151501,500,720000,1600000,151000,50000,101000,50000,0,0,0,51000,22783,0.0228
distribute_parallel_for_400_100_600,400,600,0,1200,603600,181801,600,800000,1920000,181200,60000,121200,60000,0,0,0,61200,26003,0.0260
distribute_parallel_for_split_400_100_600,400,600,0,1200,603600,181801,600,800000,1920000,181200,60000,121200,60000,0,0,0,61200,8630,0.0086
swap_distribute_parallel_for_400_100_600,400,600,0,1200,603600,181801,600,800000,1920000,181200,60000,121200,60000,0,0,0,61200,13447,0.0134
swap_distribute_parallel_for_split_400_100_600,400,600,0,1200,603600,181801,600,800000,1920000,181200,60000,121200,60000,0,0,0,61200,8861,0.0089
distribute_parallel_for_collapse_400_100_600,400,600,0,1200,603600,181801,600,800000,1920000,181200,60000,121200,60000,0,0,0,61200,7871,0.0079
swap_distribute_parallel_for_collapse_400_100_600,400,600,0,1200,603600,181801,600,800000,1920000,181200,60000,121200,60000,0,0,0,61200,7396,0.0074
distribute_parallel_for_400_100_700,400,700,0,1400,704200,212101,700,880000,2240000,211400,70000,141400,70000,0,0,0,71400,33641,0.0336
distribute_parallel_for_split_400_100_700,400,700,0,1400,704200,212101,700,880000,2240000,211400,70000,141400,70000,0,0,0,71400,9798,0.0098
swap_distribute_parallel_for_400_100_700,400,700,0,1400,704200,212101,700,880000,2240000,211400,70000,141400,70000,0,0,0,71400,30058,0.0301
swap_distribute_parallel_for_split_400_100_700,400,700,0,1400,704200,212101,700,880000,2240000,211400,70000,141400,70000,0,0,0,71400,9771,0.0098
distribute_parallel_for_collapse_400_100_700,400,700,0,1400,704200,212101,700,880000,2240000,211400,70000,141400,70000,0,0,0,71400,8506,0.0085
swap_distribute_parallel_for_collapse_400_100_700,400,700,0,1400,704200,212101,700,880000,2240000,211400,70000,141400,70000,0,0,0,71400,28297,0.0283
distribute_parallel_for_400_100_800,400,800,0,1600,804800,242401,800,960000,2560000,241600,80000,161600,80000,0,0,0,81600,31084,0.0311
distribute_parallel_for_split_400_100_800,400,800,0,1600,804800,242401,800,960000,2560000,241600,80000,161600,80000,0,0,0,81600,10404,0.0104
swap_distribute_parallel_for_400_100_800,400,800,0,1600,804800,242401,800,960000,2560000,241600,80000,161600,80000,0,0,0,81600,15158,0.0152
swap_distribute_parallel_for_split_400_100_800,400,800,0,1600,804800,242401,800,960000,2560000,241600,80000,161600,80000,0,0,0,81600,10981,0.0110
distribute_parallel_for_collapse_400_100_800,400,800,0,1600,804800,242401,800,960000,2560000,241600,80000,161600,80000,0,0,0,81600,9133,0.0091
swap_distribute_parallel_for_collapse_400_100_800,400,800,0,1600,804800,242401,800,960000,2560000,241600,80000,161600,80000,0,0,0,81600,8643,0.0086
distribute_parallel_for_400_100_900,400,900,0,1800,905400,272701,900,1040000,2880000,271800,90000,181800,90000,0,0,0,91800,73191,0.0732
distribute_parallel_for_split_400_100_900,400,900,0,1800,905400,272701,900,1040000,2880000,271800,90000,181800,90000,0,0,0,91800,12795,0.0128
swap_distribute_parallel_for_400_100_900,400,900,0,1800,905400,272701,900,1040000,2880000,271800,90000,181800,90000,0,0,0,91800,27336,0.0273
swap_distribute_parallel_for_split_400_100_900,400,900,0,1800,905400,272701,900,1040000,2880000,271800,90000,181800,90000,0,0,0,91800,29870,0.0299
distribute_parallel_for_collapse_400_100_900,400,900,0,1800,905400,272701,900,1040000,2880000,271800,90000,181800,90000,0,0,0,91800,39537,0.0395
swap_distribute_parallel_for_collapse_400_100_900,400,900,0,1800,905400,272701,900,1040000,2880000,271800,90000,181800,90000,0,0,0,91800,20361,0.0204
distribute_parallel_for_400_200_100,400,100,0,200,200600,60301,100,800000,320000,60200,20000,40200,20000,0,0,0,20200,27237,0.0272
distribute_parallel_for_split_400_200_100,400,100,0,200,200600,60301,100,800000,320000,60200,20000,40200,20000,0,0,0,20200,5842,0.0058
swap_distribute_parallel_for_400_200_100,400,100,0,200,200600,60301,100,800000,320000,60200,20000,40200,20000,0,0,0,20200,37369,0.0374
swap_distribute_parallel_for_split_400_200_100,400,100,0,200,200600,60301,100,800000,320000,60200,20000,40200,20000,0,0,0,20200,5508,0.0055
distribute_parallel_for_collapse_400_200_100,400,100,0,200,200600,60301,100,800000,320000,60200,20000,40200,20000,0,0,0,20200,4782,0.0048
swap_distribute_parallel_for_collapse_400_200_100,400,100,0,200,200600,60301,100,800000,320000,60200,20000,40200,20000,0,0,0,20200,4668,0.0047
distribute_parallel_for_400_200_200,400,200,0,400,401200,120601,200,960000,640000,120400,40000,80400,40000,0,0,0,40400,29816,0.0298
distribute_parallel_for_split_400_200_200,400,200,0,400,401200,120601,200,960000,640000,120400,40000,80400,40000,0,0,0,40400,7050,0.0070
swap_distribute_parallel_for_400_200_200,400,200,0,400,401200,120601,200,960000,640000,120400,40000,80400,40000,0,0,0,40400,33506,0.0335
swap_distribute_parallel_for_split_400_200_200,400,200,0,400,401200,120601,200,960000,640000,120400,40000,80400,40000,0,0,0,40400,19972,0.0200
distribute_parallel_for_collapse_400_200_200,400,200,0,400,401200,120601,200,960000,640000,120400,40000,80400,40000,0,0,0,40400,5803,0.0058
swap_distribute_parallel_for_collapse_400_200_200,400,200,0,400,401200,120601,200,960000,640000,120400,40000,80400,40000,0,0,0,40400,5631,0.0056
distribute_parallel_for_400_200_300,400,300,0,600,601800,180901,300,1120000,960000,180600,60000,120600,60000,0,0,0,60600,26492,0.0265
distribute_parallel_for_split_400_200_300,400,300,0,600,601800,180901,300,1120000,960000,180600,60000,120600,60000,0,0,0,60600,9353,0.0094
swap_distribute_parallel_for_400_200_300,400,300,0,600,601800,180901,300,1120000,960000,180600,60000,120600,60000,0,0,0,60600,27074,0.0271
swap_distribute_parallel_for_split_400_200_300,400,300,0,600,601800,180901,300,1120000,960000,180600,60000,120600,60000,0,0,0,60600,9508,0.0095
distribute_parallel_for_collapse_400_200_300,400,300,0,600,601800,180901,300,1120000,960000,180600,60000,120600,60000,0,0,0,60600,7911,0.0079
swap_distribute_parallel_for_collapse_400_200_300,400,300,0,600,601800,180901,300,1120000,960000,180600,60000,120600,60000,0,0,0,60600,7558,0.0076
distribute_parallel_for_400_200_400,400,400,0,800,802400,241201,400,1280000,1280000,240800,80000,160800,80000,0,0,0,80800,79546,0.0795
distribute_parallel_for_split_400_200_400,400,400,0,800,802400,241201,400,1280000,1280000,240800,80000,160800,80000,0,0,0,80800,41088,0.0411
swap_distribute_parallel_for_400_200_400,400,400,0,800,802400,241201,400,1280000,1280000,240800,80000,160800,80000,0,0,0,80800,59430,0.0594
swap_distribute_parallel_for_split_400_200_400,400,400,0,800,802400,241201,400,1280000,1280000,240800,80000,160800,80000,0,0,0,80800,10296,0.0103
distribute_parallel_for_collapse_400_200_400,400,400,0,800,802400,241201,400,1280000,1280000,240800,80000,160800,80000,0,0,0,80800,29161,0.0292
swap_distribute_parallel_for_collapse_400_200_400,400,400,0,800,802400,241201,400,1280000,1280000,240800,80000,160800,80000,0,0,0,80800,50241,0.0502
distribute_parallel_for_400_200_500,400,500,0,1000,1003000,301501,500,1440000,1600000,301000,100000,201000,100000,0,0,0,101000,40900,0.0409
distribute_parallel_for_split_400_200_500,400,500,0,1000,1003000,301501,500,1440000,1600000,301000,100000,201000,100000,0,0,0,101000,19843,0.0198
swap_distribute_parallel_for_400_200_500,400,500,0,1000,1003000,301501,500,1440000,1600000,301000,100000,201000,100000,0,0,0,101000,25172,0.0252
swap_distribute_parallel_for_split_400_200_500,400,500,0,1000,1003000,301501,500,1440000,1600000,301000,100000,201000,100000,0,0,0,101000,13476,0.0135
distribute_parallel_for_collapse_400_200_500,400,500,0,1000,1003000,301501,500,1440000,1600000,301000,100000,201000,100000,0,0,0,101000,10764,0.0108
swap_distribute_parallel_for_collapse_400_200_500,400,500,0,1000,1003000,301501,500,1440000,1600000,301000,100000,201000,100000,0,0,0,101000,10341,0.0103
distribute_parallel_for_400_200_600,400,600,0,1200,1203600,361801,600,1600000,1920000,361200,120000,241200,120000,0,0,0,121200,43438,0.0434
distribute_parallel_for_split_400_200_600,400,600,0,1200,1203600,361801,600,1600000,1920000,361200,120000,241200,120000,0,0,0,121200,15452,0.0155
swap_distribute_parallel_for_400_200_600,400,600,0,1200,1203600,361801,600,1600000,1920000,361200,120000,241200,120000,0,0,0,121200,28783,0.0288
swap_distribute_parallel_for_split_400_200_600,400,600,0,1200,1203600,361801,600,1600000,1920000,361200,120000,241200,120000,0,0,0,121200,19325,0.0193
distribute_parallel_for_collapse_400_200_600,400,600,0,1200,1203600,361801,600,1600000,1920000,361200,120000,241200,120000,0,0,0,121200,25179,0.0252
swap_distribute_parallel_for_collapse_400_200_600,400,600,0,1200,1203600,361801,600,1600000,1920000,361200,120000,241200,120000,0,0,0,121200,11283,0.0113
distribute_parallel_for_400_200_700,400,700,0,1400,1404200,422101,700,1760000,2240000,421400,140000,281400,140000,0,0,0,141400,93682,0.0937
distribute_parallel_for_split_400_200_700,400,700,0,1400,1404200,422101,700,1760000,2240000,421400,140000,281400,140000,0,0,0,141400,63666,0.0637
swap_distribute_parallel_for_400_200_700,400,700,0,1400,1404200,422101,700,1760000,2240000,421400,140000,281400,140000,0,0,0,141400,65493,0.0655
swap_distribute_parallel_for_split_400_200_700,400,700,0,1400,1404200,422101,700,1760000,2240000,421400,140000,281400,140000,0,0,0,141400,30981,0.0310
distribute_parallel_for_collapse_400_200_700,400,700,0,1400,1404200,422101,700,1760000,2240000,421400,140000,281400,140000,0,0,0,141400,39236,0.0392
swap_distribute_parallel_for_collapse_400_200_700,400,700,0,1400,1404200,422101,700,1760000,2240000,421400,140000,281400,140000,0,0,0,141400,50248,0.0502
distribute_parallel_for_400_200_800,400,800,0,1600,1604800,482401,800,1920000,2560000,481600,160000,321600,160000,0,0,0,161600,58117,0.0581
distribute_parallel_for_split_400_200_800,400,800,0,1600,1604800,482401,800,1920000,2560000,481600,160000,321600,160000,0,0,0,161600,18414,0.0184
swap_distribute_parallel_for_400_200_800,400,800,0,1600,1604800,482401,800,1920000,2560000,481600,160000,321600,160000,0,0,0,161600,28069,0.0281
swap_distribute_parallel_for_split_400_200_800,400,800,0,1600,1604800,482401,800,1920000,2560000,481600,160000,321600,160000,0,0,0,161600,18070,0.0181
distribute_parallel_for_collapse_400_200_800,400,800,0,1600,1604800,482401,800,1920000,2560000,481600,160000,321600,160000,0,0,0,161600,15456,0.0155
swap_distribute_parallel_for_collapse_400_200_800,400,800,0,1600,1604800,482401,800,1920000,2560000,481600,160000,321600,160000,0,0,0,161600,14415,0.0144
distribute_parallel_for_400_200_900,400,900,0,1800,1805400,542701,900,2080000,2880000,541800,180000,361800,180000,0,0,0,181800,68333,0.0683
distribute_parallel_for_split_400_200_900,400,900,0,1800,1805400,542701,900,2080000,2880000,541800,180000,361800,180000,0,0,0,181800,54128,0.0541
swap_distribute_parallel_for_400_200_900,400,900,0,1800,1805400,542701,900,2080000,2880000,541800,180000,361800,180000,0,0,0,181800,60427,0.0604
swap_distribute_parallel_for_split_400_200_900,400,900,0,1800,1805400,542701,900,2080000,2880000,541800,180000,361800,180000,0,0,0,181800,20738,0.0207
distribute_parallel_for_collapse_400_200_900,400,900,0,1800,1805400,542701,900,2080000,2880000,541800,180000,361800,180000,0,0,0,181800,22185,0.0222
swap_distribute_parallel_for_collapse_400_200_900,400,900,0,1800,1805400,542701,900,2080000,2880000,541800,180000,361800,180000,0,0,0,181800,43754,0.0438
distribute_parallel_for_400_300_100,400,100,0,200,300600,90301,100,1200000,320000,90200,30000,60200,30000,0,0,0,30200,47372,0.0474
distribute_parallel_for_split_400_300_100,400,100,0,200,300600,90301,100,1200000,320000,90200,30000,60200,30000,0,0,0,30200,6523,0.0065
swap_distribute_parallel_for_400_300_100,400,100,0,200,300600,90301,100,1200000,320000,90200,30000,60200,30000,0,0,0,30200,53285,0.0533
swap_distribute_parallel_for_split_400_300_100,400,100,0,200,300600,90301,100,1200000,320000,90200,30000,60200,30000,0,0,0,30200,29910,0.0299
distribute_parallel_for_collapse_400_300_100,400,100,0,200,300600,90301,100,1200000,320000,90200,30000,60200,30000,0,0,0,30200,5540,0.0055
swap_distribute_parallel_for_collapse_400_300_100,400,100,0,200,300600,90301,100,1200000,320000,90200,30000,60200,30000,0,0,0,30200,14527,0.0145
distribute_parallel_for_400_300_200,400,200,0,400,601200,180601,200,1440000,640000,180400,60000,120400,60000,0,0,0,60400,24924,0.0249
distribute_parallel_for_split_400_300_200,400,200,0,400,601200,180601,200,1440000,640000,180400,60000,120400,60000,0,0,0,60400,8938,0.0089
swap_distribute_parallel_for_400_300_200,400,200,0,400,601200,180601,200,1440000,640000,180400,60000,120400,60000,0,0,0,60400,52965,0.0530
swap_distribute_parallel_for_split_400_300_200,400,200,0,400,601200,180601,200,1440000,640000,180400,60000,120400,60000,0,0,0,60400,7547,0.0075
distribute_parallel_for_collapse_400_300_200,400,200,0,400,601200,180601,200,1440000,640000,180400,60000,120400,60000,0,0,0,60400,18311,0.0183
swap_distribute_parallel_for_collapse_400_300_200,400,200,0,400,601200,180601,200,1440000,640000,180400,60000,120400,60000,0,0,0,60400,7312,0.0073
distribute_parallel_for_400_300_300,400,300,0,600,901800,270901,300,1680000,960000,270600,90000,180600,90000,0,0,0,90600,34650,0.0347
distribute_parallel_for_split_400_300_300,400,300,0,600,901800,270901,300,1680000,960000,270600,90000,180600,90000,0,0,0,90600,12322,0.0123
swap_distribute_parallel_for_400_300_300,400,300,0,600,901800,270901,300,1680000,960000,270600,90000,180600,90000,0,0,0,90600,48653,0.0487
swap_distribute_parallel_for_split_400_300_300,400,300,0,600,901800,270901,300,1680000,960000,270600,90000,180600,90000,0,0,0,90600,34914,0.0349
distribute_parallel_for_collapse_400_300_300,400,300,0,600,901800,270901,300,1680000,960000,270600,90000,180600,90000,0,0,0,90600,11799,0.0118
swap_distribute_parallel_for_collapse_400_300_300,400,300,0,600,901800,270901,300,1680000,960000,270600,90000,180600,90000,0,0,0,90600,27936,0.0279
distribute_parallel_for_400_300_400,400,400,0,800,1202400,361201,400,1920000,1280000,360800,120000,240800,120000,0,0,0,120800,47895,0.0479
distribute_parallel_for_split_400_300_400,400,400,0,800,1202400,361201,400,1920000,1280000,360800,120000,240800,120000,0,0,0,120800,24917,0.0249
swap_distribute_parallel_for_400_300_400,400,400,0,800,1202400,361201,400,1920000,1280000,360800,120000,240800,120000,0,0,0,120800,63301,0.0633
swap_distribute_parallel_for_split_400_300_400,400,400,0,800,1202400,361201,400,1920000,1280000,360800,120000,240800,120000,0,0,0,120800,15150,0.0152
distribute_parallel_for_collapse_400_300_400,400,400,0,800,1202400,361201,400,1920000,1280000,360800,120000,240800,120000,0,0,0,120800,13854,0.0139
swap_distribute_parallel_for_collapse_400_300_400,400,400,0,800,1202400,361201,400,1920000,1280000,360800,120000,240800,120000,0,0,0,120800,13482,0.0135
distribute_parallel_for_400_300_500,400,500,0,1000,1503000,451501,500,2160000,1600000,451000,150000,301000,150000,0,0,0,151000,52130,0.0521
distribute_parallel_for_split_400_300_500,400,500,0,1000,1503000,451501,500,2160000,1600000,451000,150000,301000,150000,0,0,0,151000,19015,0.0190
swap_distribute_parallel_for_400_300_500,400,500,0,1000,1503000,451501,500,2160000,1600000,451000,150000,301000,150000,0,0,0,151000,46872,0.0469
swap_distribute_parallel_for_split_400_300_500,400,500,0,1000,1503000,451501,500,2160000,1600000,451000,150000,301000,150000,0,0,0,151000,19831,0.0198
distribute_parallel_for_collapse_400_300_500,400,500,0,1000,1503000,451501,500,2160000,1600000,451000,150000,301000,150000,0,0,0,151000,15494,0.0155
swap_distribute_parallel_for_collapse_400_300_500,400,500,0,1000,1503000,451501,500,2160000,1600000,451000,150000,301000,150000,0,0,0,151000,15574,0.0156
distribute_parallel_for_400_300_600,400,600,0,1200,1803600,541801,600,2400000,1920000,541200,180000,361200,180000,0,0,0,181200,70633,0.0706
distribute_parallel_for_split_400_300_600,400,600,0,1200,1803600,541801,600,2400000,1920000,541200,180000,361200,180000,0,0,0,181200,39865,0.0399
swap_distribute_parallel_for_400_300_600,400,600,0,1200,1803600,541801,600,2400000,1920000,541200,180000,361200,180000,0,0,0,181200,43506,0.0435
swap_distribute_parallel_for_split_400_300_600,400,600,0,1200,1803600,541801,600,2400000,1920000,541200,180000,361200,180000,0,0,0,181200,26472,0.0265
distribute_parallel_for_collapse_400_300_600,400,600,0,1200,1803600,541801,600,2400000,1920000,541200,180000,361200,180000,0,0,0,181200,16644,0.0166
swap_distribute_parallel_for_collapse_400_300_600,400,600,0,1200,1803600,541801,600,2400000,1920000,541200,180000,361200,180000,0,0,0,181200,23263,0.0233
distribute_parallel_for_400_300_700,400,700,0,1400,2104200,632101,700,2640000,2240000,631400,210000,421400,210000,0,0,0,211400,60545,0.0605
distribute_parallel_for_split_400_300_700,400,700,0,1400,2104200,632101,700,2640000,2240000,631400,210000,421400,210000,0,0,0,211400,22421,0.0224
swap_distribute_parallel_for_400_300_700,400,700,0,1400,2104200,632101,700,2640000,2240000,631400,210000,421400,210000,0,0,0,211400,42028,0.0420
swap_distribute_parallel_for_split_400_300_700,400,700,0,1400,2104200,632101,700,2640000,2240000,631400,210000,421400,210000,0,0,0,211400,19108,0.0191
distribute_parallel_for_collapse_400_300_700,400,700,0,1400,2104200,632101,700,2640000,2240000,631400,210000,421400,210000,0,0,0,211400,18017,0.0180
swap_distribute_parallel_for_collapse_400_300_700,400,700,0,1400,2104200,632101,700,2640000,2240000,631400,210000,421400,210000,0,0,0,211400,18057,0.0181
distribute_parallel_for_400_300_800,400,800,0,1600,2404800,722401,800,2880000,2560000,721600,240000,481600,240000,0,0,0,241600,86808,0.0868
distribute_parallel_for_split_400_300_800,400,800,0,1600,2404800,722401,800,2880000,2560000,721600,240000,481600,240000,0,0,0,241600,26783,0.0268
swap_distribute_parallel_for_400_300_800,400,800,0,1600,2404800,722401,800,2880000,2560000,721600,240000,481600,240000,0,0,0,241600,45892,0.0459
swap_distribute_parallel_for_split_400_300_800,400,800,0,1600,2404800,722401,800,2880000,2560000,721600,240000,481600,240000,0,0,0,241600,24225,0.0242
distribute_parallel_for_collapse_400_300_800,400,800,0,1600,2404800,722401,800,2880000,2560000,721600,240000,481600,240000,0,0,0,241600,21289,0.0213
swap_distribute_parallel_for_collapse_400_300_800,400,800,0,1600,2404800,722401,800,2880000,2560000,721600,240000,481600,240000,0,0,0,241600,21522,0.0215
distribute_parallel_for_400_300_900,400,900,0,1800,2705400,812701,900,3120000,2880000,811800,270000,541800,270000,0,0,0,271800,100288,0.1003
distribute_parallel_for_split_400_300_900,400,900,0,1800,2705400,812701,900,3120000,2880000,811800,270000,541800,270000,0,0,0,271800,39584,0.0396
swap_distribute_parallel_for_400_300_900,400,900,0,1800,2705400,812701,900,3120000,2880000,811800,270000,541800,270000,0,0,0,271800,41137,0.0411
swap_distribute_parallel_for_split_400_300_900,400,900,0,1800,2705400,812701,900,3120000,2880000,811800,270000,541800,270000,0,0,0,271800,23837,0.0238
distribute_parallel_for_collapse_400_300_900,400,900,0,1800,2705400,812701,900,3120000,2880000,811800,270000,541800,270000,0,0,0,271800,25367,0.0254
swap_distribute_parallel_for_collapse_400_300_900,400,900,0,1800,2705400,812701,900,3120000,2880000,811800,270000,541800,270000,0,0,0,271800,40063,0.0401
distribute_parallel_for_400_400_100,400,100,0,200,400600,120301,100,1600000,320000,120200,40000,80200,40000,0,0,0,40200,33982,0.0340
distribute_parallel_for_split_400_400_100,400,100,0,200,400600,120301,100,1600000,320000,120200,40000,80200,40000,0,0,0,40200,6793,0.0068
swap_distribute_parallel_for_400_400_100,400,100,0,200,400600,120301,100,1600000,320000,120200,40000,80200,40000,0,0,0,40200,59781,0.0598
swap_distribute_parallel_for_split_400_400_100,400,100,0,200,400600,120301,100,1600000,320000,120200,40000,80200,40000,0,0,0,40200,39819,0.0398
distribute_parallel_for_collapse_400_400_100,400,100,0,200,400600,120301,100,1600000,320000,120200,40000,80200,40000,0,0,0,40200,6295,0.0063
swap_distribute_parallel_for_collapse_400_400_100,400,100,0,200,400600,120301,100,1600000,320000,120200,40000,80200,40000,0,0,0,40200,5648,0.0056
distribute_parallel_for_400_400_200,400,200,0,400,801200,240601,200,1920000,640000,240400,80000,160400,80000,0,0,0,80400,35711,0.0357
distribute_parallel_for_split_400_400_200,400,200,0,400,801200,240601,200,1920000,640000,240400,80000,160400,80000,0,0,0,80400,19239,0.0192
swap_distribute_parallel_for_400_400_200,400,200,0,400,801200,240601,200,1920000,640000,240400,80000,160400,80000,0,0,0,80400,69793,0.0698
swap_distribute_parallel_for_split_400_400_200,400,200,0,400,801200,240601,200,1920000,640000,240400,80000,160400,80000,0,0,0,80400,36351,0.0364
distribute_parallel_for_collapse_400_400_200,400,200,0,400,801200,240601,200,1920000,640000,240400,80000,160400,80000,0,0,0,80400,15054,0.0151
swap_distribute_parallel_for_collapse_400_400_200,400,200,0,400,801200,240601,200,1920000,640000,240400,80000,160400,80000,0,0,0,80400,36004,0.0360
distribute_parallel_for_400_400_300,400,300,0,600,1201800,360901,300,2240000,960000,360600,120000,240600,120000,0,0,0,120600,81612,0.0816
distribute_parallel_for_split_400_400_300,400,300,0,600,1201800,360901,300,2240000,960000,360600,120000,240600,120000,0,0,0,120600,31266,0.0313
swap_distribute_parallel_for_400_400_300,400,300,0,600,1201800,360901,300,2240000,960000,360600,120000,240600,120000,0,0,0,120600,92691,0.0927
swap_distribute_parallel_for_split_400_400_300,400,300,0,600,1201800,360901,300,2240000,960000,360600,120000,240600,120000,0,0,0,120600,17241,0.0172
distribute_parallel_for_collapse_400_400_300,400,300,0,600,1201800,360901,300,2240000,960000,360600,120000,240600,120000,0,0,0,120600,40777,0.0408
swap_distribute_parallel_for_collapse_400_400_300,400,300,0,600,1201800,360901,300,2240000,960000,360600,120000,240600,120000,0,0,0,120600,45824,0.0458
distribute_parallel_for_400_400_400,400,400,0,800,1602400,481201,400,2560000,1280000,480800,160000,320800,160000,0,0,0,160800,50676,0.0507
distribute_parallel_for_split_400_400_400,400,400,0,800,1602400,481201,400,2560000,1280000,480800,160000,320800,160000,0,0,0,160800,20726,0.0207
swap_distribute_parallel_for_400_400_400,400,400,0,800,1602400,481201,400,2560000,1280000,480800,160000,320800,160000,0,0,0,160800,70084,0.0701
swap_distribute_parallel_for_split_400_400_400,400,400,0,800,1602400,481201,400,2560000,1280000,480800,160000,320800,160000,0,0,0,160800,16366,0.0164
distribute_parallel_for_collapse_400_400_400,400,400,0,800,1602400,481201,400,2560000,1280000,480800,160000,320800,160000,0,0,0,160800,15059,0.0151
swap_distribute_parallel_for_collapse_400_400_400,400,400,0,800,1602400,481201,400,2560000,1280000,480800,160000,320800,160000,0,0,0,160800,14328,0.0143
distribute_parallel_for_400_400_500,400,500,0,1000,2003000,601501,500,2880000,1600000,601000,200000,401000,200000,0,0,0,201000,67476,0.0675
distribute_parallel_for_split_400_400_500,400,500,0,1000,2003000,601501,500,2880000,1600000,601000,200000,401000,200000,0,0,0,201000,24199,0.0242
swap_distribute_parallel_for_400_400_500,400,500,0,1000,2003000,601501,500,2880000,1600000,601000,200000,401000,200000,0,0,0,201000,71491,0.0715
swap_distribute_parallel_for_split_400_400_500,400,500,0,1000,2003000,601501,500,2880000,1600000,601000,200000,401000,200000,0,0,0,201000,26570,0.0266
distribute_parallel_for_collapse_400_400_500,400,500,0,1000,2003000,601501,500,2880000,1600000,601000,200000,401000,200000,0,0,0,201000,18187,0.0182
swap_distribute_parallel_for_collapse_400_400_500,400,500,0,1000,2003000,601501,500,2880000,1600000,601000,200000,401000,200000,0,0,0,201000,18524,0.0185
distribute_parallel_for_400_400_600,400,600,0,1200,2403600,721801,600,3200000,1920000,721200,240000,481200,240000,0,0,0,241200,80817,0.0808
distribute_parallel_for_split_400_400_600,400,600,0,1200,2403600,721801,600,3200000,1920000,721200,240000,481200,240000,0,0,0,241200,38230,0.0382
swap_distribute_parallel_for_400_400_600,400,600,0,1200,2403600,721801,600,3200000,1920000,721200,240000,481200,240000,0,0,0,241200,58136,0.0581
swap_distribute_parallel_for_split_400_400_600,400,600,0,1200,2403600,721801,600,3200000,1920000,721200,240000,481200,240000,0,0,0,241200,22890,0.0229
distribute_parallel_for_collapse_400_400_600,400,600,0,1200,2403600,721801,600,3200000,1920000,721200,240000,481200,240000,0,0,0,241200,35071,0.0351
swap_distribute_parallel_for_collapse_400_400_600,400,600,0,1200,2403600,721801,600,3200000,1920000,721200,240000,481200,240000,0,0,0,241200,25263,0.0253
distribute_parallel_for_400_400_700,400,700,0,1400,2804200,842101,700,3520000,2240000,841400,280000,561400,280000,0,0,0,281400,99894,0.0999
distribute_parallel_for_split_400_400_700,400,700,0,1400,2804200,842101,700,3520000,2240000,841400,280000,561400,280000,0,0,0,281400,35161,0.0352
swap_distribute_parallel_for_400_400_700,400,700,0,1400,2804200,842101,700,3520000,2240000,841400,280000,561400,280000,0,0,0,281400,81162,0.0812
swap_distribute_parallel_for_split_400_400_700,400,700,0,1400,2804200,842101,700,3520000,2240000,841400,280000,561400,280000,0,0,0,281400,61990,0.0620
distribute_parallel_for_collapse_400_400_700,400,700,0,1400,2804200,842101,700,3520000,2240000,841400,280000,561400,280000,0,0,0,281400,34328,0.0343
swap_distribute_parallel_for_collapse_400_400_700,400,700,0,1400,2804200,842101,700,3520000,2240000,841400,280000,561400,280000,0,0,0,281400,38420,0.0384
distribute_parallel_for_400_400_800,400,800,0,1600,3204800,962401,800,3840000,2560000,961600,320000,641600,320000,0,0,0,321600,101557,0.1016
distribute_parallel_for_split_400_400_800,400,800,0,1600,3204800,962401,800,3840000,2560000,961600,320000,641600,320000,0,0,0,321600,36868,0.0369
swap_distribute_parallel_for_400_400_800,400,800,0,1600,3204800,962401,800,3840000,2560000,961600,320000,641600,320000,0,0,0,321600,71670,0.0717
swap_distribute_parallel_for_split_400_400_800,400,800,0,1600,3204800,962401,800,3840000,2560000,961600,320000,641600,320000,0,0,0,321600,40402,0.0404
distribute_parallel_for_collapse_400_400_800,400,800,0,1600,3204800,962401,800,3840000,2560000,961600,320000,641600,320000,0,0,0,321600,39877,0.0399
swap_distribute_parallel_for_collapse_400_400_800,400,800,0,1600,3204800,962401,800,3840000,2560000,961600,320000,641600,320000,0,0,0,321600,39935,0.0399
distribute_parallel_for_400_400_900,400,900,0,1800,3605400,1082701,900,4160000,2880000,1081800,360000,721800,360000,0,0,0,361800,105676,0.1057
distribute_parallel_for_split_400_400_900,400,900,0,1800,3605400,1082701,900,4160000,2880000,1081800,360000,721800,360000,0,0,0,361800,70334,0.0703
swap_distribute_parallel_for_400_400_900,400,900,0,1800,3605400,1082701,900,4160000,2880000,1081800,360000,721800,360000,0,0,0,361800,109177,0.1092
swap_distribute_parallel_for_split_400_400_900,400,900,0,1800,3605400,1082701,900,4160000,2880000,1081800,360000,721800,360000,0,0,0,361800,59148,0.0591
distribute_parallel_for_collapse_400_400_900,400,900,0,1800,3605400,1082701,900,4160000,2880000,1081800,360000,721800,360000,0,0,0,361800,66040,0.0660
swap_distribute_parallel_for_collapse_400_400_900,400,900,0,1800,3605400,1082701,900,4160000,2880000,1081800,360000,721800,360000,0,0,0,361800,41531,0.0415
distribute_parallel_for_400_500_100,400,100,0,200,500600,150301,100,2000000,320000,150200,50000,100200,50000,0,0,0,50200,36496,0.0365
distribute_parallel_for_split_400_500_100,400,100,0,200,500600,150301,100,2000000,320000,150200,50000,100200,50000,0,0,0,50200,7496,0.0075
swap_distribute_parallel_for_400_500_100,400,100,0,200,500600,150301,100,2000000,320000,150200,50000,100200,50000,0,0,0,50200,65243,0.0652
swap_distribute_parallel_for_split_400_500_100,400,100,0,200,500600,150301,100,2000000,320000,150200,50000,100200,50000,0,0,0,50200,9179,0.0092
distribute_parallel_for_collapse_400_500_100,400,100,0,200,500600,150301,100,2000000,320000,150200,50000,100200,50000,0,0,0,50200,6325,0.0063
swap_distribute_parallel_for_collapse_400_500_100,400,100,0,200,500600,150301,100,2000000,320000,150200,50000,100200,50000,0,0,0,50200,6366,0.0064
distribute_parallel_for_400_500_200,400,200,0,400,1001200,300601,200,2400000,640000,300400,100000,200400,100000,0,0,0,100400,39310,0.0393
distribute_parallel_for_split_400_500_200,400,200,0,400,1001200,300601,200,2400000,640000,300400,100000,200400,100000,0,0,0,100400,13423,0.0134
swap_distribute_parallel_for_400_500_200,400,200,0,400,1001200,300601,200,2400000,640000,300400,100000,200400,100000,0,0,0,100400,80437,0.0804
swap_distribute_parallel_for_split_400_500_200,400,200,0,400,1001200,300601,200,2400000,640000,300400,100000,200400,100000,0,0,0,100400,11170,0.0112
distribute_parallel_for_collapse_400_500_200,400,200,0,400,1001200,300601,200,2400000,640000,300400,100000,200400,100000,0,0,0,100400,10330,0.0103
swap_distribute_parallel_for_collapse_400_500_200,400,200,0,400,1001200,300601,200,2400000,640000,300400,100000,200400,100000,0,0,0,100400,10349,0.0103
distribute_parallel_for_400_500_300,400,300,0,600,1501800,450901,300,2800000,960000,450600,150000,300600,150000,0,0,0,150600,48897,0.0489
distribute_parallel_for_split_400_500_300,400,300,0,600,1501800,450901,300,2800000,960000,450600,150000,300600,150000,0,0,0,150600,17538,0.0175
swap_distribute_parallel_for_400_500_300,400,300,0,600,1501800,450901,300,2800000,960000,450600,150000,300600,150000,0,0,0,150600,72441,0.0724
swap_distribute_parallel_for_split_400_500_300,400,300,0,600,1501800,450901,300,2800000,960000,450600,150000,300600,150000,0,0,0,150600,18391,0.0184
distribute_parallel_for_collapse_400_500_300,400,300,0,600,1501800,450901,300,2800000,960000,450600,150000,300600,150000,0,0,0,150600,13738,0.0137
swap_distribute_parallel_for_collapse_400_500_300,400,300,0,600,1501800,450901,300,2800000,960000,450600,150000,300600,150000,0,0,0,150600,13278,0.0133
distribute_parallel_for_400_500_400,400,400,0,800,2002400,601201,400,3200000,1280000,600800,200000,400800,200000,0,0,0,200800,101802,0.1018
distribute_parallel_for_split_400_500_400,400,400,0,800,2002400,601201,400,3200000,1280000,600800,200000,400800,200000,0,0,0,200800,24690,0.0247
swap_distribute_parallel_for_400_500_400,400,400,0,800,2002400,601201,400,3200000,1280000,600800,200000,400800,200000,0,0,0,200800,95443,0.0954
swap_distribute_parallel_for_split_400_500_400,400,400,0,800,2002400,601201,400,3200000,1280000,600800,200000,400800,200000,0,0,0,200800,23540,0.0235
distribute_parallel_for_collapse_400_500_400,400,400,0,800,2002400,601201,400,3200000,1280000,600800,200000,400800,200000,0,0,0,200800,18582,0.0186
swap_distribute_parallel_for_collapse_400_500_400,400,400,0,800,2002400,601201,400,3200000,1280000,600800,200000,400800,200000,0,0,0,200800,18346,0.0183
distribute_parallel_for_400_500_500,400,500,0,1000,2503000,751501,500,3600000,1600000,751000,250000,501000,250000,0,0,0,251000,108404,0.1084
distribute_parallel_for_split_400_500_500,400,500,0,1000,2503000,751501,500,3600000,1600000,751000,250000,501000,250000,0,0,0,251000,30551,0.0306
swap_distribute_parallel_for_400_500_500,400,500,0,1000,2503000,751501,500,3600000,1600000,751000,250000,501000,250000,0,0,0,251000,80130,0.0801
swap_distribute_parallel_for_split_400_500_500,400,500,0,1000,2503000,751501,500,3600000,1600000,751000,250000,501000,250000,0,0,0,251000,28914,0.0289
distribute_parallel_for_collapse_400_500_500,400,500,0,1000,2503000,751501,500,3600000,1600000,751000,250000,501000,250000,0,0,0,251000,21932,0.0219
swap_distribute_parallel_for_collapse_400_500_500,400,500,0,1000,2503000,751501,500,3600000,1600000,751000,250000,501000,250000,0,0,0,251000,35425,0.0354
distribute_parallel_for_400_500_600,400,600,0,1200,3003600,901801,600,4000000,1920000,901200,300000,601200,300000,0,0,0,301200,100282,0.1003
distribute_parallel_for_split_400_500_600,400,600,0,1200,3003600,901801,600,4000000,1920000,901200,300000,601200,300000,0,0,0,301200,33261,0.0333
swap_distribute_parallel_for_400_500_600,400,600,0,1200,3003600,901801,600,4000000,1920000,901200,300000,601200,300000,0,0,0,301200,82907,0.0829
swap_distribute_parallel_for_split_400_500_600,400,600,0,1200,3003600,901801,600,4000000,1920000,901200,300000,601200,300000,0,0,0,301200,41642,0.0416
distribute_parallel_for_collapse_400_500_600,400,600,0,1200,3003600,901801,600,4000000,1920000,901200,300000,601200,300000,0,0,0,301200,28237,0.0282
swap_distribute_parallel_for_collapse_400_500_600,400,600,0,1200,3003600,901801,600,4000000,1920000,901200,300000,601200,300000,0,0,0,301200,48959,0.0490
distribute_parallel_for_400_500_700,400,700,0,1400,3504200,1052101,700,4400000,2240000,1051400,350000,701400,350000,0,0,0,351400,116439,0.1164
distribute_parallel_for_split_400_500_700,400,700,0,1400,3504200,1052101,700,4400000,2240000,1051400,350000,701400,350000,0,0,0,351400,40499,0.0405
swap_distribute_parallel_for_400_500_700,400,700,0,1400,3504200,1052101,700,4400000,2240000,1051400,350000,701400,350000,0,0,0,351400,81420,0.0814
swap_distribute_parallel_for_split_400_500_700,400,700,0,1400,3504200,1052101,700,4400000,2240000,1051400,350000,701400,350000,0,0,0,351400,48908,0.0489
distribute_parallel_for_collapse_400_500_700,400,700,0,1400,3504200,1052101,700,4400000,2240000,1051400,350000,701400,350000,0,0,0,351400,40894,0.0409
swap_distribute_parallel_for_collapse_400_500_700,400,700,0,1400,3504200,1052101,700,4400000,2240000,1051400,350000,701400,350000,0,0,0,351400,28987,0.0290
distribute_parallel_for_400_500_800,400,800,0,1600,4004800,1202401,800,4800000,2560000,1201600,400000,801600,400000,0,0,0,401600,152479,0.1525
distribute_parallel_for_split_400_500_800,400,800,0,1600,4004800,1202401,800,4800000,2560000,1201600,400000,801600,400000,0,0,0,401600,46642,0.0466
swap_distribute_parallel_for_400_500_800,400,800,0,1600,4004800,1202401,800,4800000,2560000,1201600,400000,801600,400000,0,0,0,401600,79243,0.0792
swap_distribute_parallel_for_split_400_500_800,400,800,0,1600,4004800,1202401,800,4800000,2560000,1201600,400000,801600,400000,0,0,0,401600,39714,0.0397
distribute_parallel_for_collapse_400_500_800,400,800,0,1600,4004800,1202401,800,4800000,2560000,1201600,400000,801600,400000,0,0,0,401600,39899,0.0399
swap_distribute_parallel_for_collapse_400_500_800,400,800,0,1600,4004800,1202401,800,4800000,2560000,1201600,400000,801600,400000,0,0,0,401600,39894,0.0399
distribute_parallel_for_400_500_900,400,900,0,1800,4505400,1352701,900,5200000,2880000,1351800,450000,901800,450000,0,0,0,451800,125493,0.1255
distribute_parallel_for_split_400_500_900,400,900,0,1800,4505400,1352701,900,5200000,2880000,1351800,450000,901800,450000,0,0,0,451800,47688,0.0477
swap_distribute_parallel_for_400_500_900,400,900,0,1800,4505400,1352701,900,5200000,2880000,1351800,450000,901800,450000,0,0,0,451800,79671,0.0797
swap_distribute_parallel_for_split_400_500_900,400,900,0,1800,4505400,1352701,900,5200000,2880000,1351800,450000,901800,450000,0,0,0,451800,42391,0.0424
distribute_parallel_for_collapse_400_500_900,400,900,0,1800,4505400,1352701,900,5200000,2880000,1351800,450000,901800,450000,0,0,0,451800,35786,0.0358
swap_distribute_parallel_for_collapse_400_500_900,400,900,0,1800,4505400,1352701,900,5200000,2880000,1351800,450000,901800,450000,0,0,0,451800,37228,0.0372
distribute_parallel_for_400_600_100,400,100,0,200,600600,180301,100,2400000,320000,180200,60000,120200,60000,0,0,0,60200,74853,0.0749
distribute_parallel_for_split_400_600_100,400,100,0,200,600600,180301,100,2400000,320000,180200,60000,120200,60000,0,0,0,60200,20660,0.0207
swap_distribute_parallel_for_400_600_100,400,100,0,200,600600,180301,100,2400000,320000,180200,60000,120200,60000,0,0,0,60200,116801,0.1168
swap_distribute_parallel_for_split_400_600_100,400,100,0,200,600600,180301,100,2400000,320000,180200,60000,120200,60000,0,0,0,60200,19725,0.0197
distribute_parallel_for_collapse_400_600_100,400,100,0,200,600600,180301,100,2400000,320000,180200,60000,120200,60000,0,0,0,60200,31130,0.0311
swap_distribute_parallel_for_collapse_400_600_100,400,100,0,200,600600,180301,100,2400000,320000,180200,60000,120200,60000,0,0,0,60200,16310,0.0163
distribute_parallel_for_400_600_200,400,200,0,400,1201200,360601,200,2880000,640000,360400,120000,240400,120000,0,0,0,120400,48980,0.0490
distribute_parallel_for_split_400_600_200,400,200,0,400,1201200,360601,200,2880000,640000,360400,120000,240400,120000,0,0,0,120400,14644,0.0146
swap_distribute_parallel_for_400_600_200,400,200,0,400,1201200,360601,200,2880000,640000,360400,120000,240400,120000,0,0,0,120400,88645,0.0886
swap_distribute_parallel_for_split_400_600_200,400,200,0,400,1201200,360601,200,2880000,640000,360400,120000,240400,120000,0,0,0,120400,12973,0.0130
distribute_parallel_for_collapse_400_600_200,400,200,0,400,1201200,360601,200,2880000,640000,360400,120000,240400,120000,0,0,0,120400,11866,0.0119
swap_distribute_parallel_for_collapse_400_600_200,400,200,0,400,1201200,360601,200,2880000,640000,360400,120000,240400,120000,0,0,0,120400,11890,0.0119
distribute_parallel_for_400_600_300,400,300,0,600,1801800,540901,300,3360000,960000,540600,180000,360600,180000,0,0,0,180600,118539,0.1185
distribute_parallel_for_split_400_600_300,400,300,0,600,1801800,540901,300,3360000,960000,540600,180000,360600,180000,0,0,0,180600,38535,0.0385
swap_distribute_parallel_for_400_600_300,400,300,0,600,1801800,540901,300,3360000,960000,540600,180000,360600,180000,0,0,0,180600,99317,0.0993
swap_distribute_parallel_for_split_400_600_300,400,300,0,600,1801800,540901,300,3360000,960000,540600,180000,360600,180000,0,0,0,180600,24961,0.0250
distribute_parallel_for_collapse_400_600_300,400,300,0,600,1801800,540901,300,3360000,960000,540600,180000,360600,180000,0,0,0,180600,20854,0.0209
swap_distribute_parallel_for_collapse_400_600_300,400,300,0,600,1801800,540901,300,3360000,960000,540600,180000,360600,180000,0,0,0,180600,44919,0.0449
distribute_parallel_for_400_600_400,400,400,0,800,2402400,721201,400,3840000,1280000,720800,240000,480800,240000,0,0,0,240800,83704,0.0837
distribute_parallel_for_split_400_600_400,400,400,0,800,2402400,721201,400,3840000,1280000,720800,240000,480800,240000,0,0,0,240800,31015,0.0310
swap_distribute_parallel_for_400_600_400,400,400,0,800,2402400,721201,400,3840000,1280000,720800,240000,480800,240000,0,0,0,240800,95988,0.0960
swap_distribute_parallel_for_split_400_600_400,400,400,0,800,2402400,721201,400,3840000,1280000,720800,240000,480800,240000,0,0,0,240800,25367,0.0254
distribute_parallel_for_collapse_400_600_400,400,400,0,800,2402400,721201,400,3840000,1280000,720800,240000,480800,240000,0,0,0,240800,22295,0.0223
swap_distribute_parallel_for_collapse_400_600_400,400,400,0,800,2402400,721201,400,3840000,1280000,720800,240000,480800,240000,0,0,0,240800,22095,0.0221
distribute_parallel_for_400_600_500,400,500,0,1000,3003000,901501,500,4320000,1600000,901000,300000,601000,300000,0,0,0,301000,127004,0.1270
distribute_parallel_for_split_400_600_500,400,500,0,1000,3003000,901501,500,4320000,1600000,901000,300000,601000,300000,0,0,0,301000,34529,0.0345
swap_distribute_parallel_for_400_600_500,400,500,0,1000,3003000,901501,500,4320000,1600000,901000,300000,601000,300000,0,0,0,301000,106542,0.1065
swap_distribute_parallel_for_split_400_600_500,400,500,0,1000,3003000,901501,500,4320000,1600000,901000,300000,601000,300000,0,0,0,301000,33492,0.0335
distribute_parallel_for_collapse_400_600_500,400,500,0,1000,3003000,901501,500,4320000,1600000,901000,300000,601000,300000,0,0,0,301000,52729,0.0527
swap_distribute_parallel_for_collapse_400_600_500,400,500,0,1000,3003000,901501,500,4320000,1600000,901000,300000,601000,300000,0,0,0,301000,29650,0.0296
distribute_parallel_for_400_600_600,400,600,0,1200,3603600,1081801,600,4800000,1920000,1081200,360000,721200,360000,0,0,0,361200,126333,0.1263
distribute_parallel_for_split_400_600_600,400,600,0,1200,3603600,1081801,600,4800000,1920000,1081200,360000,721200,360000,0,0,0,361200,42949,0.0429
swap_distribute_parallel_for_400_600_600,400,600,0,1200,3603600,1081801,600,4800000,1920000,1081200,360000,721200,360000,0,0,0,361200,116760,0.1168
swap_distribute_parallel_for_split_400_600_600,400,600,0,1200,3603600,1081801,600,4800000,1920000,1081200,360000,721200,360000,0,0,0,361200,35161,0.0352
distribute_parallel_for_collapse_400_600_600,400,600,0,1200,3603600,1081801,600,4800000,1920000,1081200,360000,721200,360000,0,0,0,361200,30488,0.0305
swap_distribute_parallel_for_collapse_400_600_600,400,600,0,1200,3603600,1081801,600,4800000,1920000,1081200,360000,721200,360000,0,0,0,361200,30582,0.0306
distribute_parallel_for_400_600_700,400,700,0,1400,4204200,1262101,700,5280000,2240000,1261400,420000,841400,420000,0,0,0,421400,117949,0.1179
distribute_parallel_for_split_400_600_700,400,700,0,1400,4204200,1262101,700,5280000,2240000,1261400,420000,841400,420000,0,0,0,421400,62809,0.0628
swap_distribute_parallel_for_400_600_700,400,700,0,1400,4204200,1262101,700,5280000,2240000,1261400,420000,841400,420000,0,0,0,421400,90117,0.0901
swap_distribute_parallel_for_split_400_600_700,400,700,0,1400,4204200,1262101,700,5280000,2240000,1261400,420000,841400,420000,0,0,0,421400,49524,0.0495
distribute_parallel_for_collapse_400_600_700,400,700,0,1400,4204200,1262101,700,5280000,2240000,1261400,420000,841400,420000,0,0,0,421400,40565,0.0406
swap_distribute_parallel_for_collapse_400_600_700,400,700,0,1400,4204200,1262101,700,5280000,2240000,1261400,420000,841400,420000,0,0,0,421400,39607,0.0396
distribute_parallel_for_400_600_800,400,800,0,1600,4804800,1442401,800,5760000,2560000,1441600,480000,961600,480000,0,0,0,481600,148741,0.1487
distribute_parallel_for_split_400_600_800,400,800,0,1600,4804800,1442401,800,5760000,2560000,1441600,480000,961600,480000,0,0,0,481600,91818,0.0918
swap_distribute_parallel_for_400_600_800,400,800,0,1600,4804800,1442401,800,5760000,2560000,1441600,480000,961600,480000,0,0,0,481600,103762,0.1038
swap_distribute_parallel_for_split_400_600_800,400,800,0,1600,4804800,1442401,800,5760000,2560000,1441600,480000,961600,480000,0,0,0,481600,44928,0.0449
distribute_parallel_for_collapse_400_600_800,400,800,0,1600,4804800,1442401,800,5760000,2560000,1441600,480000,961600,480000,0,0,0,481600,38617,0.0386
swap_distribute_parallel_for_collapse_400_600_800,400,800,0,1600,4804800,1442401,800,5760000,2560000,1441600,480000,961600,480000,0,0,0,481600,64707,0.0647
distribute_parallel_for_400_600_900,400,900,0,1800,5405400,1622701,900,6240000,2880000,1621800,540000,1081800,540000,0,0,0,541800,166491,0.1665
distribute_parallel_for_split_400_600_900,400,900,0,1800,5405400,1622701,900,6240000,2880000,1621800,540000,1081800,540000,0,0,0,541800,59160,0.0592
swap_distribute_parallel_for_400_600_900,400,900,0,1800,5405400,1622701,900,6240000,2880000,1621800,540000,1081800,540000,0,0,0,541800,92376,0.0924
swap_distribute_parallel_for_split_400_600_900,400,900,0,1800,5405400,1622701,900,6240000,2880000,1621800,540000,1081800,540000,0,0,0,541800,46550,0.0466
distribute_parallel_for_collapse_400_600_900,400,900,0,1800,5405400,1622701,900,6240000,2880000,1621800,540000,1081800,540000,0,0,0,541800,43519,0.0435
swap_distribute_parallel_for_collapse_400_600_900,400,900,0,1800,5405400,1622701,900,6240000,2880000,1621800,540000,1081800,540000,0,0,0,541800,46195,0.0462
distribute_parallel_for_400_700_100,400,100,0,200,700600,210301,100,2800000,320000,210200,70000,140200,70000,0,0,0,70200,51712,0.0517
distribute_parallel_for_split_400_700_100,400,100,0,200,700600,210301,100,2800000,320000,210200,70000,140200,70000,0,0,0,70200,10095,0.0101
swap_distribute_parallel_for_400_700_100,400,100,0,200,700600,210301,100,2800000,320000,210200,70000,140200,70000,0,0,0,70200,109726,0.1097
swap_distribute_parallel_for_split_400_700_100,400,100,0,200,700600,210301,100,2800000,320000,210200,70000,140200,70000,0,0,0,70200,29971,0.0300
distribute_parallel_for_collapse_400_700_100,400,100,0,200,700600,210301,100,2800000,320000,210200,70000,140200,70000,0,0,0,70200,8514,0.0085
swap_distribute_parallel_for_collapse_400_700_100,400,100,0,200,700600,210301,100,2800000,320000,210200,70000,140200,70000,0,0,0,70200,8339,0.0083
distribute_parallel_for_400_700_200,400,200,0,400,1401200,420601,200,3360000,640000,420400,140000,280400,140000,0,0,0,140400,70711,0.0707
distribute_parallel_for_split_400_700_200,400,200,0,400,1401200,420601,200,3360000,640000,420400,140000,280400,140000,0,0,0,140400,40421,0.0404
swap_distribute_parallel_for_400_700_200,400,200,0,400,1401200,420601,200,3360000,640000,420400,140000,280400,140000,0,0,0,140400,119529,0.1195
swap_distribute_parallel_for_split_400_700_200,400,200,0,400,1401200,420601,200,3360000,640000,420400,140000,280400,140000,0,0,0,140400,15919,0.0159
distribute_parallel_for_collapse_400_700_200,400,200,0,400,1401200,420601,200,3360000,640000,420400,140000,280400,140000,0,0,0,140400,23484,0.0235
swap_distribute_parallel_for_collapse_400_700_200,400,200,0,400,1401200,420601,200,3360000,640000,420400,140000,280400,140000,0,0,0,140400,13170,0.0132
distribute_parallel_for_400_700_300,400,300,0,600,2101800,630901,300,3920000,960000,630600,210000,420600,210000,0,0,0,210600,80400,0.0804
distribute_parallel_for_split_400_700_300,400,300,0,600,2101800,630901,300,3920000,960000,630600,210000,420600,210000,0,0,0,210600,22712,0.0227
swap_distribute_parallel_for_400_700_300,400,300,0,600,2101800,630901,300,3920000,960000,630600,210000,420600,210000,0,0,0,210600,101491,0.1015
swap_distribute_parallel_for_split_400_700_300,400,300,0,600,2101800,630901,300,3920000,960000,630600,210000,420600,210000,0,0,0,210600,25008,0.0250
distribute_parallel_for_collapse_400_700_300,400,300,0,600,2101800,630901,300,3920000,960000,630600,210000,420600,210000,0,0,0,210600,38007,0.0380
swap_distribute_parallel_for_collapse_400_700_300,400,300,0,600,2101800,630901,300,3920000,960000,630600,210000,420600,210000,0,0,0,210600,22499,0.0225
distribute_parallel_for_400_700_400,400,400,0,800,2802400,841201,400,4480000,1280000,840800,280000,560800,280000,0,0,0,280800,96253,0.0963
distribute_parallel_for_split_400_700_400,400,400,0,800,2802400,841201,400,4480000,1280000,840800,280000,560800,280000,0,0,0,280800,29225,0.0292
swap_distribute_parallel_for_400_700_400,400,400,0,800,2802400,841201,400,4480000,1280000,840800,280000,560800,280000,0,0,0,280800,99855,0.0999
swap_distribute_parallel_for_split_400_700_400,400,400,0,800,2802400,841201,400,4480000,1280000,840800,280000,560800,280000,0,0,0,280800,25802,0.0258
distribute_parallel_for_collapse_400_700_400,400,400,0,800,2802400,841201,400,4480000,1280000,840800,280000,560800,280000,0,0,0,280800,22929,0.0229
swap_distribute_parallel_for_collapse_400_700_400,400,400,0,800,2802400,841201,400,4480000,1280000,840800,280000,560800,280000,0,0,0,280800,23801,0.0238
distribute_parallel_for_400_700_500,400,500,0,1000,3503000,1051501,500,5040000,1600000,1051000,350000,701000,350000,0,0,0,351000,115181,0.1152
distribute_parallel_for_split_400_700_500,400,500,0,1000,3503000,1051501,500,5040000,1600000,1051000,350000,701000,350000,0,0,0,351000,38225,0.0382
swap_distribute_parallel_for_400_700_500,400,500,0,1000,3503000,1051501,500,5040000,1600000,1051000,350000,701000,350000,0,0,0,351000,108920,0.1089
swap_distribute_parallel_for_split_400_700_500,400,500,0,1000,3503000,1051501,500,5040000,1600000,1051000,350000,701000,350000,0,0,0,351000,37685,0.0377
distribute_parallel_for_collapse_400_700_500,400,500,0,1000,3503000,1051501,500,5040000,1600000,1051000,350000,701000,350000,0,0,0,351000,28259,0.0283
swap_distribute_parallel_for_collapse_400_700_500,400,500,0,1000,3503000,1051501,500,5040000,1600000,1051000,350000,701000,350000,0,0,0,351000,41850,0.0418
distribute_parallel_for_400_700_600,400,600,0,1200,4203600,1261801,600,5600000,1920000,1261200,420000,841200,420000,0,0,0,421200,135830,0.1358
distribute_parallel_for_split_400_700_600,400,600,0,1200,4203600,1261801,600,5600000,1920000,1261200,420000,841200,420000,0,0,0,421200,49586,0.0496
swap_distribute_parallel_for_400_700_600,400,600,0,1200,4203600,1261801,600,5600000,1920000,1261200,420000,841200,420000,0,0,0,421200,105101,0.1051
swap_distribute_parallel_for_split_400_700_600,400,600,0,1200,4203600,1261801,600,5600000,1920000,1261200,420000,841200,420000,0,0,0,421200,74156,0.0742
distribute_parallel_for_collapse_400_700_600,400,600,0,1200,4203600,1261801,600,5600000,1920000,1261200,420000,841200,420000,0,0,0,421200,35521,0.0355
swap_distribute_parallel_for_collapse_400_700_600,400,600,0,1200,4203600,1261801,600,5600000,1920000,1261200,420000,841200,420000,0,0,0,421200,34644,0.0346
distribute_parallel_for_400_700_700,400,700,0,1400,4904200,1472101,700,6160000,2240000,1471400,490000,981400,490000,0,0,0,491400,168527,0.1685
distribute_parallel_for_split_400_700_700,400,700,0,1400,4904200,1472101,700,6160000,2240000,1471400,490000,981400,490000,0,0,0,491400,56792,0.0568
swap_distribute_parallel_for_400_700_700,400,700,0,1400,4904200,1472101,700,6160000,2240000,1471400,490000,981400,490000,0,0,0,491400,109686,0.1097
swap_distribute_parallel_for_split_400_700_700,400,700,0,1400,4904200,1472101,700,6160000,2240000,1471400,490000,981400,490000,0,0,0,491400,57112,0.0571
distribute_parallel_for_collapse_400_700_700,400,700,0,1400,4904200,1472101,700,6160000,2240000,1471400,490000,981400,490000,0,0,0,491400,61769,0.0618
swap_distribute_parallel_for_collapse_400_700_700,400,700,0,1400,4904200,1472101,700,6160000,2240000,1471400,490000,981400,490000,0,0,0,491400,45326,0.0453
distribute_parallel_for_400_700_800,400,800,0,1600,5604800,1682401,800,6720000,2560000,1681600,560000,1121600,560000,0,0,0,561600,178149,0.1781
distribute_parallel_for_split_400_700_800,400,800,0,1600,5604800,1682401,800,6720000,2560000,1681600,560000,1121600,560000,0,0,0,561600,64297,0.0643
swap_distribute_parallel_for_400_700_800,400,800,0,1600,5604800,1682401,800,6720000,2560000,1681600,560000,1121600,560000,0,0,0,561600,109562,0.1096
swap_distribute_parallel_for_split_400_700_800,400,800,0,1600,5604800,1682401,800,6720000,2560000,1681600,560000,1121600,560000,0,0,0,561600,91892,0.0919
distribute_parallel_for_collapse_400_700_800,400,800,0,1600,5604800,1682401,800,6720000,2560000,1681600,560000,1121600,560000,0,0,0,561600,56187,0.0562
swap_distribute_parallel_for_collapse_400_700_800,400,800,0,1600,5604800,1682401,800,6720000,2560000,1681600,560000,1121600,560000,0,0,0,561600,63152,0.0632
distribute_parallel_for_400_700_900,400,900,0,1800,6305400,1892701,900,7280000,2880000,1891800,630000,1261800,630000,0,0,0,631800,209806,0.2098
distribute_parallel_for_split_400_700_900,400,900,0,1800,6305400,1892701,900,7280000,2880000,1891800,630000,1261800,630000,0,0,0,631800,68312,0.0683
swap_distribute_parallel_for_400_700_900,400,900,0,1800,6305400,1892701,900,7280000,2880000,1891800,630000,1261800,630000,0,0,0,631800,127348,0.1273
swap_distribute_parallel_for_split_400_700_900,400,900,0,1800,6305400,1892701,900,7280000,2880000,1891800,630000,1261800,630000,0,0,0,631800,90286,0.0903
distribute_parallel_for_collapse_400_700_900,400,900,0,1800,6305400,1892701,900,7280000,2880000,1891800,630000,1261800,630000,0,0,0,631800,83595,0.0836
swap_distribute_parallel_for_collapse_400_700_900,400,900,0,1800,6305400,1892701,900,7280000,2880000,1891800,630000,1261800,630000,0,0,0,631800,71789,0.0718
distribute_parallel_for_400_800_100,400,100,0,200,800600,240301,100,3200000,320000,240200,80000,160200,80000,0,0,0,80200,39418,0.0394
distribute_parallel_for_split_400_800_100,400,100,0,200,800600,240301,100,3200000,320000,240200,80000,160200,80000,0,0,0,80200,29907,0.0299
swap_distribute_parallel_for_400_800_100,400,100,0,200,800600,240301,100,3200000,320000,240200,80000,160200,80000,0,0,0,80200,119964,0.1200
swap_distribute_parallel_for_split_400_800_100,400,100,0,200,800600,240301,100,3200000,320000,240200,80000,160200,80000,0,0,0,80200,15125,0.0151
distribute_parallel_for_collapse_400_800_100,400,100,0,200,800600,240301,100,3200000,320000,240200,80000,160200,80000,0,0,0,80200,34630,0.0346
swap_distribute_parallel_for_collapse_400_800_100,400,100,0,200,800600,240301,100,3200000,320000,240200,80000,160200,80000,0,0,0,80200,9678,0.0097
distribute_parallel_for_400_800_200,400,200,0,400,1601200,480601,200,3840000,640000,480400,160000,320400,160000,0,0,0,160400,63173,0.0632
distribute_parallel_for_split_400_800_200,400,200,0,400,1601200,480601,200,3840000,640000,480400,160000,320400,160000,0,0,0,160400,52093,0.0521
swap_distribute_parallel_for_400_800_200,400,200,0,400,1601200,480601,200,3840000,640000,480400,160000,320400,160000,0,0,0,160400,133446,0.1334
swap_distribute_parallel_for_split_400_800_200,400,200,0,400,1601200,480601,200,3840000,640000,480400,160000,320400,160000,0,0,0,160400,20277,0.0203
distribute_parallel_for_collapse_400_800_200,400,200,0,400,1601200,480601,200,3840000,640000,480400,160000,320400,160000,0,0,0,160400,23543,0.0235
swap_distribute_parallel_for_collapse_400_800_200,400,200,0,400,1601200,480601,200,3840000,640000,480400,160000,320400,160000,0,0,0,160400,19442,0.0194
distribute_parallel_for_400_800_300,400,300,0,600,2401800,720901,300,4480000,960000,720600,240000,480600,240000,0,0,0,240600,72779,0.0728
distribute_parallel_for_split_400_800_300,400,300,0,600,2401800,720901,300,4480000,960000,720600,240000,480600,240000,0,0,0,240600,37105,0.0371
swap_distribute_parallel_for_400_800_300,400,300,0,600,2401800,720901,300,4480000,960000,720600,240000,480600,240000,0,0,0,240600,116345,0.1163
swap_distribute_parallel_for_split_400_800_300,400,300,0,600,2401800,720901,300,4480000,960000,720600,240000,480600,240000,0,0,0,240600,31108,0.0311
distribute_parallel_for_collapse_400_800_300,400,300,0,600,2401800,720901,300,4480000,960000,720600,240000,480600,240000,0,0,0,240600,20089,0.0201
swap_distribute_parallel_for_collapse_400_800_300,400,300,0,600,2401800,720901,300,4480000,960000,720600,240000,480600,240000,0,0,0,240600,20509,0.0205
distribute_parallel_for_400_800_400,400,400,0,800,3202400,961201,400,5120000,1280000,960800,320000,640800,320000,0,0,0,320800,101589,0.1016
distribute_parallel_for_split_400_800_400,400,400,0,800,3202400,961201,400,5120000,1280000,960800,320000,640800,320000,0,0,0,320800,67208,0.0672
swap_distribute_parallel_for_400_800_400,400,400,0,800,3202400,961201,400,5120000,1280000,960800,320000,640800,320000,0,0,0,320800,132547,0.1325
swap_distribute_parallel_for_split_400_800_400,400,400,0,800,3202400,961201,400,5120000,1280000,960800,320000,640800,320000,0,0,0,320800,49740,0.0497
distribute_parallel_for_collapse_400_800_400,400,400,0,800,3202400,961201,400,5120000,1280000,960800,320000,640800,320000,0,0,0,320800,26362,0.0264
swap_distribute_parallel_for_collapse_400_800_400,400,400,0,800,3202400,961201,400,5120000,1280000,960800,320000,640800,320000,0,0,0,320800,33509,0.0335
distribute_parallel_for_400_800_500,400,500,0,1000,4003000,1201501,500,5760000,1600000,1201000,400000,801000,400000,0,0,0,401000,134548,0.1345
distribute_parallel_for_split_400_800_500,400,500,0,1000,4003000,1201501,500,5760000,1600000,1201000,400000,801000,400000,0,0,0,401000,56902,0.0569
swap_distribute_parallel_for_400_800_500,400,500,0,1000,4003000,1201501,500,5760000,1600000,1201000,400000,801000,400000,0,0,0,401000,120092,0.1201
swap_distribute_parallel_for_split_400_800_500,400,500,0,1000,4003000,1201501,500,5760000,1600000,1201000,400000,801000,400000,0,0,0,401000,43020,0.0430
distribute_parallel_for_collapse_400_800_500,400,500,0,1000,4003000,1201501,500,5760000,1600000,1201000,400000,801000,400000,0,0,0,401000,33008,0.0330
swap_distribute_parallel_for_collapse_400_800_500,400,500,0,1000,4003000,1201501,500,5760000,1600000,1201000,400000,801000,400000,0,0,0,401000,34840,0.0348
distribute_parallel_for_400_800_600,400,600,0,1200,4803600,1441801,600,6400000,1920000,1441200,480000,961200,480000,0,0,0,481200,140617,0.1406
distribute_parallel_for_split_400_800_600,400,600,0,1200,4803600,1441801,600,6400000,1920000,1441200,480000,961200,480000,0,0,0,481200,53441,0.0534
swap_distribute_parallel_for_400_800_600,400,600,0,1200,4803600,1441801,600,6400000,1920000,1441200,480000,961200,480000,0,0,0,481200,152651,0.1527
swap_distribute_parallel_for_split_400_800_600,400,600,0,1200,4803600,1441801,600,6400000,1920000,1441200,480000,961200,480000,0,0,0,481200,44890,0.0449
distribute_parallel_for_collapse_400_800_600,400,600,0,1200,4803600,1441801,600,6400000,1920000,1441200,480000,961200,480000,0,0,0,481200,55278,0.0553
swap_distribute_parallel_for_collapse_400_800_600,400,600,0,1200,4803600,1441801,600,6400000,1920000,1441200,480000,961200,480000,0,0,0,481200,48760,0.0488
distribute_parallel_for_400_800_700,400,700,0,1400,5604200,1682101,700,7040000,2240000,1681400,560000,1121400,560000,0,0,0,561400,237758,0.2378
distribute_parallel_for_split_400_800_700,400,700,0,1400,5604200,1682101,700,7040000,2240000,1681400,560000,1121400,560000,0,0,0,561400,99004,0.0990
swap_distribute_parallel_for_400_800_700,400,700,0,1400,5604200,1682101,700,7040000,2240000,1681400,560000,1121400,560000,0,0,0,561400,125806,0.1258
swap_distribute_parallel_for_split_400_800_700,400,700,0,1400,5604200,1682101,700,7040000,2240000,1681400,560000,1121400,560000,0,0,0,561400,49922,0.0499
distribute_parallel_for_collapse_400_800_700,400,700,0,1400,5604200,1682101,700,7040000,2240000,1681400,560000,1121400,560000,0,0,0,561400,56958,0.0570
swap_distribute_parallel_for_collapse_400_800_700,400,700,0,1400,5604200,1682101,700,7040000,2240000,1681400,560000,1121400,560000,0,0,0,561400,80271,0.0803
distribute_parallel_for_400_800_800,400,800,0,1600,6404800,1922401,800,7680000,2560000,1921600,640000,1281600,640000,0,0,0,641600,184041,0.1840
distribute_parallel_for_split_400_800_800,400,800,0,1600,6404800,1922401,800,7680000,2560000,1921600,640000,1281600,640000,0,0,0,641600,105292,0.1053
swap_distribute_parallel_for_400_800_800,400,800,0,1600,6404800,1922401,800,7680000,2560000,1921600,640000,1281600,640000,0,0,0,641600,136079,0.1361
swap_distribute_parallel_for_split_400_800_800,400,800,0,1600,6404800,1922401,800,7680000,2560000,1921600,640000,1281600,640000,0,0,0,641600,98678,0.0987
distribute_parallel_for_collapse_400_800_800,400,800,0,1600,6404800,1922401,800,7680000,2560000,1921600,640000,1281600,640000,0,0,0,641600,73344,0.0733
swap_distribute_parallel_for_collapse_400_800_800,400,800,0,1600,6404800,1922401,800,7680000,2560000,1921600,640000,1281600,640000,0,0,0,641600,90685,0.0907
distribute_parallel_for_400_800_900,400,900,0,1800,7205400,2162701,900,8320000,2880000,2161800,720000,1441800,720000,0,0,0,721800,200823,0.2008
distribute_parallel_for_split_400_800_900,400,900,0,1800,7205400,2162701,900,8320000,2880000,2161800,720000,1441800,720000,0,0,0,721800,72965,0.0730
swap_distribute_parallel_for_400_800_900,400,900,0,1800,7205400,2162701,900,8320000,2880000,2161800,720000,1441800,720000,0,0,0,721800,121884,0.1219
swap_distribute_parallel_for_split_400_800_900,400,900,0,1800,7205400,2162701,900,8320000,2880000,2161800,720000,1441800,720000,0,0,0,721800,61972,0.0620
distribute_parallel_for_collapse_400_800_900,400,900,0,1800,7205400,2162701,900,8320000,2880000,2161800,720000,1441800,720000,0,0,0,721800,56933,0.0569
swap_distribute_parallel_for_collapse_400_800_900,400,900,0,1800,7205400,2162701,900,8320000,2880000,2161800,720000,1441800,720000,0,0,0,721800,70072,0.0701
distribute_parallel_for_400_900_100,400,100,0,200,900600,270301,100,3600000,320000,270200,90000,180200,90000,0,0,0,90200,38485,0.0385
distribute_parallel_for_split_400_900_100,400,100,0,200,900600,270301,100,3600000,320000,270200,90000,180200,90000,0,0,0,90200,15426,0.0154
swap_distribute_parallel_for_400_900_100,400,100,0,200,900600,270301,100,3600000,320000,270200,90000,180200,90000,0,0,0,90200,139567,0.1396
swap_distribute_parallel_for_split_400_900_100,400,100,0,200,900600,270301,100,3600000,320000,270200,90000,180200,90000,0,0,0,90200,25001,0.0250
distribute_parallel_for_collapse_400_900_100,400,100,0,200,900600,270301,100,3600000,320000,270200,90000,180200,90000,0,0,0,90200,10002,0.0100
swap_distribute_parallel_for_collapse_400_900_100,400,100,0,200,900600,270301,100,3600000,320000,270200,90000,180200,90000,0,0,0,90200,25907,0.0259
distribute_parallel_for_400_900_200,400,200,0,400,1801200,540601,200,4320000,640000,540400,180000,360400,180000,0,0,0,180400,70366,0.0704
distribute_parallel_for_split_400_900_200,400,200,0,400,1801200,540601,200,4320000,640000,540400,180000,360400,180000,0,0,0,180400,39827,0.0398
swap_distribute_parallel_for_400_900_200,400,200,0,400,1801200,540601,200,4320000,640000,540400,180000,360400,180000,0,0,0,180400,140208,0.1402
swap_distribute_parallel_for_split_400_900_200,400,200,0,400,1801200,540601,200,4320000,640000,540400,180000,360400,180000,0,0,0,180400,17956,0.0180
distribute_parallel_for_collapse_400_900_200,400,200,0,400,1801200,540601,200,4320000,640000,540400,180000,360400,180000,0,0,0,180400,35746,0.0357
swap_distribute_parallel_for_collapse_400_900_200,400,200,0,400,1801200,540601,200,4320000,640000,540400,180000,360400,180000,0,0,0,180400,15590,0.0156
distribute_parallel_for_400_900_300,400,300,0,600,2701800,810901,300,5040000,960000,810600,270000,540600,270000,0,0,0,270600,151796,0.1518
distribute_parallel_for_split_400_900_300,400,300,0,600,2701800,810901,300,5040000,960000,810600,270000,540600,270000,0,0,0,270600,30700,0.0307
swap_distribute_parallel_for_400_900_300,400,300,0,600,2701800,810901,300,5040000,960000,810600,270000,540600,270000,0,0,0,270600,149409,0.1494
swap_distribute_parallel_for_split_400_900_300,400,300,0,600,2701800,810901,300,5040000,960000,810600,270000,540600,270000,0,0,0,270600,35997,0.0360
distribute_parallel_for_collapse_400_900_300,400,300,0,600,2701800,810901,300,5040000,960000,810600,270000,540600,270000,0,0,0,270600,31534,0.0315
swap_distribute_parallel_for_collapse_400_900_300,400,300,0,600,2701800,810901,300,5040000,960000,810600,270000,540600,270000,0,0,0,270600,22625,0.0226
distribute_parallel_for_400_900_400,400,400,0,800,3602400,1081201,400,5760000,1280000,1080800,360000,720800,360000,0,0,0,360800,130801,0.1308
distribute_parallel_for_split_400_900_400,400,400,0,800,3602400,1081201,400,5760000,1280000,1080800,360000,720800,360000,0,0,0,360800,46903,0.0469
swap_distribute_parallel_for_400_900_400,400,400,0,800,3602400,1081201,400,5760000,1280000,1080800,360000,720800,360000,0,0,0,360800,131775,0.1318
swap_distribute_parallel_for_split_400_900_400,400,400,0,800,3602400,1081201,400,5760000,1280000,1080800,360000,720800,360000,0,0,0,360800,34381,0.0344
distribute_parallel_for_collapse_400_900_400,400,400,0,800,3602400,1081201,400,5760000,1280000,1080800,360000,720800,360000,0,0,0,360800,30421,0.0304
swap_distribute_parallel_for_collapse_400_900_400,400,400,0,800,3602400,1081201,400,5760000,1280000,1080800,360000,720800,360000,0,0,0,360800,30713,0.0307
distribute_parallel_for_400_900_500,400,500,0,1000,4503000,1351501,500,6480000,1600000,1351000,450000,901000,450000,0,0,0,451000,174566,0.1746
distribute_parallel_for_split_400_900_500,400,500,0,1000,4503000,1351501,500,6480000,1600000,1351000,450000,901000,450000,0,0,0,451000,69415,0.0694
swap_distribute_parallel_for_400_900_500,400,500,0,1000,4503000,1351501,500,6480000,1600000,1351000,450000,901000,450000,0,0,0,451000,152875,0.1529
swap_distribute_parallel_for_split_400_900_500,400,500,0,1000,4503000,1351501,500,6480000,1600000,1351000,450000,901000,450000,0,0,0,451000,56599,0.0566
distribute_parallel_for_collapse_400_900_500,400,500,0,1000,4503000,1351501,500,6480000,1600000,1351000,450000,901000,450000,0,0,0,451000,55200,0.0552
swap_distribute_parallel_for_collapse_400_900_500,400,500,0,1000,4503000,1351501,500,6480000,1600000,1351000,450000,901000,450000,0,0,0,451000,71027,0.0710
distribute_parallel_for_400_900_600,400,600,0,1200,5403600,1621801,600,7200000,1920000,1621200,540000,1081200,540000,0,0,0,541200,169867,0.1699
distribute_parallel_for_split_400_900_600,400,600,0,1200,5403600,1621801,600,7200000,1920000,1621200,540000,1081200,540000,0,0,0,541200,57368,0.0574
swap_distribute_parallel_for_400_900_600,400,600,0,1200,5403600,1621801,600,7200000,1920000,1621200,540000,1081200,540000,0,0,0,541200,143415,0.1434
swap_distribute_parallel_for_split_400_900_600,400,600,0,1200,5403600,1621801,600,7200000,1920000,1621200,540000,1081200,540000,0,0,0,541200,49688,0.0497
distribute_parallel_for_collapse_400_900_600,400,600,0,1200,5403600,1621801,600,7200000,1920000,1621200,540000,1081200,540000,0,0,0,541200,69962,0.0700
swap_distribute_parallel_for_collapse_400_900_600,400,600,0,1200,5403600,1621801,600,7200000,1920000,1621200,540000,1081200,540000,0,0,0,541200,51459,0.0515
distribute_parallel_for_400_900_700,400,700,0,1400,6304200,1892101,700,7920000,2240000,1891400,630000,1261400,630000,0,0,0,631400,188984,0.1890
distribute_parallel_for_split_400_900_700,400,700,0,1400,6304200,1892101,700,7920000,2240000,1891400,630000,1261400,630000,0,0,0,631400,63250,0.0633
swap_distribute_parallel_for_400_900_700,400,700,0,1400,6304200,1892101,700,7920000,2240000,1891400,630000,1261400,630000,0,0,0,631400,133313,0.1333
swap_distribute_parallel_for_split_400_900_700,400,700,0,1400,6304200,1892101,700,7920000,2240000,1891400,630000,1261400,630000,0,0,0,631400,51521,0.0515
distribute_parallel_for_collapse_400_900_700,400,700,0,1400,6304200,1892101,700,7920000,2240000,1891400,630000,1261400,630000,0,0,0,631400,57544,0.0575
swap_distribute_parallel_for_collapse_400_900_700,400,700,0,1400,6304200,1892101,700,7920000,2240000,1891400,630000,1261400,630000,0,0,0,631400,62838,0.0628
distribute_parallel_for_400_900_800,400,800,0,1600,7204800,2162401,800,8640000,2560000,2161600,720000,1441600,720000,0,0,0,721600,255776,0.2558
distribute_parallel_for_split_400_900_800,400,800,0,1600,7204800,2162401,800,8640000,2560000,2161600,720000,1441600,720000,0,0,0,721600,83614,0.0836
swap_distribute_parallel_for_400_900_800,400,800,0,1600,7204800,2162401,800,8640000,2560000,2161600,720000,1441600,720000,0,0,0,721600,136591,0.1366
swap_distribute_parallel_for_split_400_900_800,400,800,0,1600,7204800,2162401,800,8640000,2560000,2161600,720000,1441600,720000,0,0,0,721600,92630,0.0926
distribute_parallel_for_collapse_400_900_800,400,800,0,1600,7204800,2162401,800,8640000,2560000,2161600,720000,1441600,720000,0,0,0,721600,69458,0.0695
swap_distribute_parallel_for_collapse_400_900_800,400,800,0,1600,7204800,2162401,800,8640000,2560000,2161600,720000,1441600,720000,0,0,0,721600,90745,0.0907
distribute_parallel_for_400_900_900,400,900,0,1800,8105400,2432701,900,9360000,2880000,2431800,810000,1621800,810000,0,0,0,811800,258856,0.2589
distribute_parallel_for_split_400_900_900,400,900,0,1800,8105400,2432701,900,9360000,2880000,2431800,810000,1621800,810000,0,0,0,811800,82999,0.0830
swap_distribute_parallel_for_400_900_900,400,900,0,1800,8105400,2432701,900,9360000,2880000,2431800,810000,1621800,810000,0,0,0,811800,156777,0.1568
swap_distribute_parallel_for_split_400_900_900,400,900,0,1800,8105400,2432701,900,9360000,2880000,2431800,810000,1621800,810000,0,0,0,811800,79896,0.0799
distribute_parallel_for_collapse_400_900_900,400,900,0,1800,8105400,2432701,900,9360000,2880000,2431800,810000,1621800,810000,0,0,0,811800,66759,0.0668
swap_distribute_parallel_for_collapse_400_900_900,400,900,0,1800,8105400,2432701,900,9360000,2880000,2431800,810000,1621800,810000,0,0,0,811800,81708,0.0817
distribute_parallel_for_500_100_100,500,100,0,200,100600,30301,100,480000,400000,30200,10000,20200,10000,0,0,0,10200,43345,0.0433
distribute_parallel_for_split_500_100_100,500,100,0,200,100600,30301,100,480000,400000,30200,10000,20200,10000,0,0,0,10200,18035,0.0180
swap_distribute_parallel_for_500_100_100,500,100,0,200,100600,30301,100,480000,400000,30200,10000,20200,10000,0,0,0,10200,24959,0.0250
swap_distribute_parallel_for_split_500_100_100,500,100,0,200,100600,30301,100,480000,400000,30200,10000,20200,10000,0,0,0,10200,5712,0.0057
distribute_parallel_for_collapse_500_100_100,500,100,0,200,100600,30301,100,480000,400000,30200,10000,20200,10000,0,0,0,10200,3658,0.0037
swap_distribute_parallel_for_collapse_500_100_100,500,100,0,200,100600,30301,100,480000,400000,30200,10000,20200,10000,0,0,0,10200,5299,0.0053
distribute_parallel_for_500_100_200,500,200,0,400,201200,60601,200,560000,800000,60400,20000,40400,20000,0,0,0,20400,14468,0.0145
distribute_parallel_for_split_500_100_200,500,200,0,400,201200,60601,200,560000,800000,60400,20000,40400,20000,0,0,0,20400,21036,0.0210
swap_distribute_parallel_for_500_100_200,500,200,0,400,201200,60601,200,560000,800000,60400,20000,40400,20000,0,0,0,20400,34931,0.0349
swap_distribute_parallel_for_split_500_100_200,500,200,0,400,201200,60601,200,560000,800000,60400,20000,40400,20000,0,0,0,20400,4404,0.0044
distribute_parallel_for_collapse_500_100_200,500,200,0,400,201200,60601,200,560000,800000,60400,20000,40400,20000,0,0,0,20400,4455,0.0045
swap_distribute_parallel_for_collapse_500_100_200,500,200,0,400,201200,60601,200,560000,800000,60400,20000,40400,20000,0,0,0,20400,4587,0.0046
distribute_parallel_for_500_100_300,500,300,0,600,301800,90901,300,640000,1200000,90600,30000,60600,30000,0,0,0,30600,21514,0.0215
distribute_parallel_for_split_500_100_300,500,300,0,600,301800,90901,300,640000,1200000,90600,30000,60600,30000,0,0,0,30600,7451,0.0075
swap_distribute_parallel_for_500_100_300,500,300,0,600,301800,90901,300,640000,1200000,90600,30000,60600,30000,0,0,0,30600,16828,0.0168
swap_distribute_parallel_for_split_500_100_300,500,300,0,600,301800,90901,300,640000,1200000,90600,30000,60600,30000,0,0,0,30600,6860,0.0069
distribute_parallel_for_collapse_500_100_300,500,300,0,600,301800,90901,300,640000,1200000,90600,30000,60600,30000,0,0,0,30600,5935,0.0059
swap_distribute_parallel_for_collapse_500_100_300,500,300,0,600,301800,90901,300,640000,1200000,90600,30000,60600,30000,0,0,0,30600,5830,0.0058
distribute_parallel_for_500_100_400,500,400,0,800,402400,121201,400,720000,1600000,120800,40000,80800,40000,0,0,0,40800,34427,0.0344
distribute_parallel_for_split_500_100_400,500,400,0,800,402400,121201,400,720000,1600000,120800,40000,80800,40000,0,0,0,40800,9964,0.0100
swap_distribute_parallel_for_500_100_400,500,400,0,800,402400,121201,400,720000,1600000,120800,40000,80800,40000,0,0,0,40800,29815,0.0298
swap_distribute_parallel_for_split_500_100_400,500,400,0,800,402400,121201,400,720000,1600000,120800,40000,80800,40000,0,0,0,40800,8312,0.0083
distribute_parallel_for_collapse_500_100_400,500,400,0,800,402400,121201,400,720000,1600000,120800,40000,80800,40000,0,0,0,40800,7349,0.0073
swap_distribute_parallel_for_collapse_500_100_400,500,400,0,800,402400,121201,400,720000,1600000,120800,40000,80800,40000,0,0,0,40800,24083,0.0241
distribute_parallel_for_500_100_500,500,500,0,1000,503000,151501,500,800000,2000000,151000,50000,101000,50000,0,0,0,51000,23214,0.0232
distribute_parallel_for_split_500_100_500,500,500,0,1000,503000,151501,500,800000,2000000,151000,50000,101000,50000,0,0,0,51000,9925,0.0099
swap_distribute_parallel_for_500_100_500,500,500,0,1000,503000,151501,500,800000,2000000,151000,50000,101000,50000,0,0,0,51000,16221,0.0162
swap_distribute_parallel_for_split_500_100_500,500,500,0,1000,503000,151501,500,800000,2000000,151000,50000,101000,50000,0,0,0,51000,9651,0.0097
distribute_parallel_for_collapse_500_100_500,500,500,0,1000,503000,151501,500,800000,2000000,151000,50000,101000,50000,0,0,0,51000,7661,0.0077
swap_distribute_parallel_for_collapse_500_100_500,500,500,0,1000,503000,151501,500,800000,2000000,151000,50000,101000,50000,0,0,0,51000,7469,0.0075
distribute_parallel_for_500_100_600,500,600,0,1200,603600,181801,600,880000,2400000,181200,60000,121200,60000,0,0,0,61200,65284,0.0653
distribute_parallel_for_split_500_100_600,500,600,0,1200,603600,181801,600,880000,2400000,181200,60000,121200,60000,0,0,0,61200,18307,0.0183
swap_distribute_parallel_for_500_100_600,500,600,0,1200,603600,181801,600,880000,2400000,181200,60000,121200,60000,0,0,0,61200,17382,0.0174
swap_distribute_parallel_for_split_500_100_600,500,600,0,1200,603600,181801,600,880000,2400000,181200,60000,121200,60000,0,0,0,61200,24564,0.0246
distribute_parallel_for_collapse_500_100_600,500,600,0,1200,603600,181801,600,880000,2400000,181200,60000,121200,60000,0,0,0,61200,29449,0.0294
swap_distribute_parallel_for_collapse_500_100_600,500,600,0,1200,603600,181801,600,880000,2400000,181200,60000,121200,60000,0,0,0,61200,20017,0.0200
distribute_parallel_for_500_100_700,500,700,0,1400,704200,212101,700,960000,2800000,211400,70000,141400,70000,0,0,0,71400,28614,0.0286
distribute_parallel_for_split_500_100_700,500,700,0,1400,704200,212101,700,960000,2800000,211400,70000,141400,70000,0,0,0,71400,28613,0.0286
swap_distribute_parallel_for_500_100_700,500,700,0,1400,704200,212101,700,960000,2800000,211400,70000,141400,70000,0,0,0,71400,30022,0.0300
swap_distribute_parallel_for_split_500_100_700,500,700,0,1400,704200,212101,700,960000,2800000,211400,70000,141400,70000,0,0,0,71400,11075,0.0111
distribute_parallel_for_collapse_500_100_700,500,700,0,1400,704200,212101,700,960000,2800000,211400,70000,141400,70000,0,0,0,71400,9860,0.0099
swap_distribute_parallel_for_collapse_500_100_700,500,700,0,1400,704200,212101,700,960000,2800000,211400,70000,141400,70000,0,0,0,71400,28892,0.0289
distribute_parallel_for_500_100_800,500,800,0,1600,804800,242401,800,1040000,3200000,241600,80000,161600,80000,0,0,0,81600,33959,0.0340
distribute_parallel_for_split_500_100_800,500,800,0,1600,804800,242401,800,1040000,3200000,241600,80000,161600,80000,0,0,0,81600,14359,0.0144
swap_distribute_parallel_for_500_100_800,500,800,0,1600,804800,242401,800,1040000,3200000,241600,80000,161600,80000,0,0,0,81600,19254,0.0193
swap_distribute_parallel_for_split_500_100_800,500,800,0,1600,804800,242401,800,1040000,3200000,241600,80000,161600,80000,0,0,0,81600,14326,0.0143
distribute_parallel_for_collapse_500_100_800,500,800,0,1600,804800,242401,800,1040000,3200000,241600,80000,161600,80000,0,0,0,81600,12373,0.0124
swap_distribute_parallel_for_collapse_500_100_800,500,800,0,1600,804800,242401,800,1040000,3200000,241600,80000,161600,80000,0,0,0,81600,11607,0.0116
distribute_parallel_for_500_100_900,500,900,0,1800,905400,272701,900,1120000,3600000,271800,90000,181800,90000,0,0,0,91800,42686,0.0427
distribute_parallel_for_split_500_100_900,500,900,0,1800,905400,272701,900,1120000,3600000,271800,90000,181800,90000,0,0,0,91800,28093,0.0281
swap_distribute_parallel_for_500_100_900,500,900,0,1800,905400,272701,900,1120000,3600000,271800,90000,181800,90000,0,0,0,91800,37611,0.0376
swap_distribute_parallel_for_split_500_100_900,500,900,0,1800,905400,272701,900,1120000,3600000,271800,90000,181800,90000,0,0,0,91800,35183,0.0352
distribute_parallel_for_collapse_500_100_900,500,900,0,1800,905400,272701,900,1120000,3600000,271800,90000,181800,90000,0,0,0,91800,24159,0.0242
swap_distribute_parallel_for_collapse_500_100_900,500,900,0,1800,905400,272701,900,1120000,3600000,271800,90000,181800,90000,0,0,0,91800,10728,0.0107
distribute_parallel_for_500_200_100,500,100,0,200,200600,60301,100,960000,400000,60200,20000,40200,20000,0,0,0,20200,14195,0.0142
distribute_parallel_for_split_500_200_100,500,100,0,200,200600,60301,100,960000,400000,60200,20000,40200,20000,0,0,0,20200,6033,0.0060
swap_distribute_parallel_for_500_200_100,500,100,0,200,200600,60301,100,960000,400000,60200,20000,40200,20000,0,0,0,20200,29157,0.0292
swap_distribute_parallel_for_split_500_200_100,500,100,0,200,200600,60301,100,960000,400000,60200,20000,40200,20000,0,0,0,20200,5538,0.0055
distribute_parallel_for_collapse_500_200_100,500,100,0,200,200600,60301,100,960000,400000,60200,20000,40200,20000,0,0,0,20200,4619,0.0046
swap_distribute_parallel_for_collapse_500_200_100,500,100,0,200,200600,60301,100,960000,400000,60200,20000,40200,20000,0,0,0,20200,4434,0.0044
distribute_parallel_for_500_200_200,500,200,0,400,401200,120601,200,1120000,800000,120400,40000,80400,40000,0,0,0,40400,40435,0.0404
distribute_parallel_for_split_500_200_200,500,200,0,400,401200,120601,200,1120000,800000,120400,40000,80400,40000,0,0,0,40400,9550,0.0095
swap_distribute_parallel_for_500_200_200,500,200,0,400,401200,120601,200,1120000,800000,120400,40000,80400,40000,0,0,0,40400,34922,0.0349
swap_distribute_parallel_for_split_500_200_200,500,200,0,400,401200,120601,200,1120000,800000,120400,40000,80400,40000,0,0,0,40400,6956,0.0070
distribute_parallel_for_collapse_500_200_200,500,200,0,400,401200,120601,200,1120000,800000,120400,40000,80400,40000,0,0,0,40400,6954,0.0070
swap_distribute_parallel_for_collapse_500_200_200,500,200,0,400,401200,120601,200,1120000,800000,120400,40000,80400,40000,0,0,0,40400,24852,0.0249
distribute_parallel_for_500_200_300,500,300,0,600,601800,180901,300,1280000,1200000,180600,60000,120600,60000,0,0,0,60600,36225,0.0362
distribute_parallel_for_split_500_200_300,500,300,0,600,601800,180901,300,1280000,1200000,180600,60000,120600,60000,0,0,0,60600,12647,0.0126
swap_distribute_parallel_for_500_200_300,500,300,0,600,601800,180901,300,1280000,1200000,180600,60000,120600,60000,0,0,0,60600,36086,0.0361
swap_distribute_parallel_for_split_500_200_300,500,300,0,600,601800,180901,300,1280000,1200000,180600,60000,120600,60000,0,0,0,60600,31132,0.0311
distribute_parallel_for_collapse_500_200_300,500,300,0,600,601800,180901,300,1280000,1200000,180600,60000,120600,60000,0,0,0,60600,9251,0.0093
swap_distribute_parallel_for_collapse_500_200_300,500,300,0,600,601800,180901,300,1280000,1200000,180600,60000,120600,60000,0,0,0,60600,8719,0.0087
distribute_parallel_for_500_200_400,500,400,0,800,802400,241201,400,1440000,1600000,240800,80000,160800,80000,0,0,0,80800,35363,0.0354
distribute_parallel_for_split_500_200_400,500,400,0,800,802400,241201,400,1440000,1600000,240800,80000,160800,80000,0,0,0,80800,16591,0.0166
swap_distribute_parallel_for_500_200_400,500,400,0,800,802400,241201,400,1440000,1600000,240800,80000,160800,80000,0,0,0,80800,46836,0.0468
swap_distribute_parallel_for_split_500_200_400,500,400,0,800,802400,241201,400,1440000,1600000,240800,80000,160800,80000,0,0,0,80800,12435,0.0124
distribute_parallel_for_collapse_500_200_400,500,400,0,800,802400,241201,400,1440000,1600000,240800,80000,160800,80000,0,0,0,80800,22921,0.0229
swap_distribute_parallel_for_collapse_500_200_400,500,400,0,800,802400,241201,400,1440000,1600000,240800,80000,160800,80000,0,0,0,80800,14622,0.0146
distribute_parallel_for_500_200_500,500,500,0,1000,1003000,301501,500,1600000,2000000,301000,100000,201000,100000,0,0,0,101000,38283,0.0383
distribute_parallel_for_split_500_200_500,500,500,0,1000,1003000,301501,500,1600000,2000000,301000,100000,201000,100000,0,0,0,101000,33577,0.0336
swap_distribute_parallel_for_500_200_500,500,500,0,1000,1003000,301501,500,1600000,2000000,301000,100000,201000,100000,0,0,0,101000,34826,0.0348
swap_distribute_parallel_for_split_500_200_500,500,500,0,1000,1003000,301501,500,1600000,2000000,301000,100000,201000,100000,0,0,0,101000,25158,0.0252
distribute_parallel_for_collapse_500_200_500,500,500,0,1000,1003000,301501,500,1600000,2000000,301000,100000,201000,100000,0,0,0,101000,13339,0.0133
swap_distribute_parallel_for_collapse_500_200_500,500,500,0,1000,1003000,301501,500,1600000,2000000,301000,100000,201000,100000,0,0,0,101000,26579,0.0266
distribute_parallel_for_500_200_600,500,600,0,1200,1203600,361801,600,1760000,2400000,361200,120000,241200,120000,0,0,0,121200,41281,0.0413
distribute_parallel_for_split_500_200_600,500,600,0,1200,1203600,361801,600,1760000,2400000,361200,120000,241200,120000,0,0,0,121200,20857,0.0209
swap_distribute_parallel_for_500_200_600,500,600,0,1200,1203600,361801,600,1760000,2400000,361200,120000,241200,120000,0,0,0,121200,34056,0.0341
swap_distribute_parallel_for_split_500_200_600,500,600,0,1200,1203600,361801,600,1760000,2400000,361200,120000,241200,120000,0,0,0,121200,15987,0.0160
distribute_parallel_for_collapse_500_200_600,500,600,0,1200,1203600,361801,600,1760000,2400000,361200,120000,241200,120000,0,0,0,121200,14727,0.0147
swap_distribute_parallel_for_collapse_500_200_600,500,600,0,1200,1203600,361801,600,1760000,2400000,361200,120000,241200,120000,0,0,0,121200,14243,0.0142
distribute_parallel_for_500_200_700,500,700,0,1400,1404200,422101,700,1920000,2800000,421400,140000,281400,140000,0,0,0,141400,44656,0.0447
distribute_parallel_for_split_500_200_700,500,700,0,1400,1404200,422101,700,1920000,2800000,421400,140000,281400,140000,0,0,0,141400,39078,0.0391
swap_distribute_parallel_for_500_200_700,500,700,0,1400,1404200,422101,700,1920000,2800000,421400,140000,281400,140000,0,0,0,141400,42590,0.0426
swap_distribute_parallel_for_split_500_200_700,500,700,0,1400,1404200,422101,700,1920000,2800000,421400,140000,281400,140000,0,0,0,141400,37568,0.0376
distribute_parallel_for_collapse_500_200_700,500,700,0,1400,1404200,422101,700,1920000,2800000,421400,140000,281400,140000,0,0,0,141400,16515,0.0165
swap_distribute_parallel_for_collapse_500_200_700,500,700,0,1400,1404200,422101,700,1920000,2800000,421400,140000,281400,140000,0,0,0,141400,25574,0.0256
distribute_parallel_for_500_200_800,500,800,0,1600,1604800,482401,800,2080000,3200000,481600,160000,321600,160000,0,0,0,161600,57686,0.0577
distribute_parallel_for_split_500_200_800,500,800,0,1600,1604800,482401,800,2080000,3200000,481600,160000,321600,160000,0,0,0,161600,63248,0.0632
swap_distribute_parallel_for_500_200_800,500,800,0,1600,1604800,482401,800,2080000,3200000,481600,160000,321600,160000,0,0,0,161600,40238,0.0402
swap_distribute_parallel_for_split_500_200_800,500,800,0,1600,1604800,482401,800,2080000,3200000,481600,160000,321600,160000,0,0,0,161600,39549,0.0395
distribute_parallel_for_collapse_500_200_800,500,800,0,1600,1604800,482401,800,2080000,3200000,481600,160000,321600,160000,0,0,0,161600,38854,0.0389
swap_distribute_parallel_for_collapse_500_200_800,500,800,0,1600,1604800,482401,800,2080000,3200000,481600,160000,321600,160000,0,0,0,161600,18596,0.0186
distribute_parallel_for_500_200_900,500,900,0,1800,1805400,542701,900,2240000,3600000,541800,180000,361800,180000,0,0,0,181800,92080,0.0921
distribute_parallel_for_split_500_200_900,500,900,0,1800,1805400,542701,900,2240000,3600000,541800,180000,361800,180000,0,0,0,181800,97248,0.0972
swap_distribute_parallel_for_500_200_900,500,900,0,1800,1805400,542701,900,2240000,3600000,541800,180000,361800,180000,0,0,0,181800,35651,0.0357
swap_distribute_parallel_for_split_500_200_900,500,900,0,1800,1805400,542701,900,2240000,3600000,541800,180000,361800,180000,0,0,0,181800,61329,0.0613
distribute_parallel_for_collapse_500_200_900,500,900,0,1800,1805400,542701,900,2240000,3600000,541800,180000,361800,180000,0,0,0,181800,52630,0.0526
swap_distribute_parallel_for_collapse_500_200_900,500,900,0,1800,1805400,542701,900,2240000,3600000,541800,180000,361800,180000,0,0,0,181800,30206,0.0302
distribute_parallel_for_500_300_100,500,100,0,200,300600,90301,100,1440000,400000,90200,30000,60200,30000,0,0,0,30200,20478,0.0205
distribute_parallel_for_split_500_300_100,500,100,0,200,300600,90301,100,1440000,400000,90200,30000,60200,30000,0,0,0,30200,9936,0.0099
swap_distribute_parallel_for_500_300_100,500,100,0,200,300600,90301,100,1440000,400000,90200,30000,60200,30000,0,0,0,30200,57100,0.0571
swap_distribute_parallel_for_split_500_300_100,500,100,0,200,300600,90301,100,1440000,400000,90200,30000,60200,30000,0,0,0,30200,7923,0.0079
distribute_parallel_for_collapse_500_300_100,500,100,0,200,300600,90301,100,1440000,400000,90200,30000,60200,30000,0,0,0,30200,24839,0.0248
swap_distribute_parallel_for_collapse_500_300_100,500,100,0,200,300600,90301,100,1440000,400000,90200,30000,60200,30000,0,0,0,30200,29914,0.0299
distribute_parallel_for_500_300_200,500,200,0,400,601200,180601,200,1680000,800000,180400,60000,120400,60000,0,0,0,60400,24992,0.0250
distribute_parallel_for_split_500_300_200,500,200,0,400,601200,180601,200,1680000,800000,180400,60000,120400,60000,0,0,0,60400,11828,0.0118
swap_distribute_parallel_for_500_300_200,500,200,0,400,601200,180601,200,1680000,800000,180400,60000,120400,60000,0,0,0,60400,49104,0.0491
swap_distribute_parallel_for_split_500_300_200,500,200,0,400,601200,180601,200,1680000,800000,180400,60000,120400,60000,0,0,0,60400,8649,0.0086
distribute_parallel_for_collapse_500_300_200,500,200,0,400,601200,180601,200,1680000,800000,180400,60000,120400,60000,0,0,0,60400,8419,0.0084
swap_distribute_parallel_for_collapse_500_300_200,500,200,0,400,601200,180601,200,1680000,800000,180400,60000,120400,60000,0,0,0,60400,8272,0.0083
distribute_parallel_for_500_300_300,500,300,0,600,901800,270901,300,1920000,1200000,270600,90000,180600,90000,0,0,0,90600,30346,0.0303
distribute_parallel_for_split_500_300_300,500,300,0,600,901800,270901,300,1920000,1200000,270600,90000,180600,90000,0,0,0,90600,15010,0.0150
swap_distribute_parallel_for_500_300_300,500,300,0,600,901800,270901,300,1920000,1200000,270600,90000,180600,90000,0,0,0,90600,48690,0.0487
swap_distribute_parallel_for_split_500_300_300,500,300,0,600,901800,270901,300,1920000,1200000,270600,90000,180600,90000,0,0,0,90600,13701,0.0137
distribute_parallel_for_collapse_500_300_300,500,300,0,600,901800,270901,300,1920000,1200000,270600,90000,180600,90000,0,0,0,90600,10610,0.0106
swap_distribute_parallel_for_collapse_500_300_300,500,300,0,600,901800,270901,300,1920000,1200000,270600,90000,180600,90000,0,0,0,90600,10138,0.0101
distribute_parallel_for_500_300_400,500,400,0,800,1202400,361201,400,2160000,1600000,360800,120000,240800,120000,0,0,0,120800,58784,0.0588
distribute_parallel_for_split_500_300_400,500,400,0,800,1202400,361201,400,2160000,1600000,360800,120000,240800,120000,0,0,0,120800,30222,0.0302
swap_distribute_parallel_for_500_300_400,500,400,0,800,1202400,361201,400,2160000,1600000,360800,120000,240800,120000,0,0,0,120800,68371,0.0684
swap_distribute_parallel_for_split_500_300_400,500,400,0,800,1202400,361201,400,2160000,1600000,360800,120000,240800,120000,0,0,0,120800,33321,0.0333
distribute_parallel_for_collapse_500_300_400,500,400,0,800,1202400,361201,400,2160000,1600000,360800,120000,240800,120000,0,0,0,120800,14494,0.0145
swap_distribute_parallel_for_collapse_500_300_400,500,400,0,800,1202400,361201,400,2160000,1600000,360800,120000,240800,120000,0,0,0,120800,25616,0.0256
distribute_parallel_for_500_300_500,500,500,0,1000,1503000,451501,500,2400000,2000000,451000,150000,301000,150000,0,0,0,151000,50714,0.0507
distribute_parallel_for_split_500_300_500,500,500,0,1000,1503000,451501,500,2400000,2000000,451000,150000,301000,150000,0,0,0,151000,24347,0.0243
swap_distribute_parallel_for_500_300_500,500,500,0,1000,1503000,451501,500,2400000,2000000,451000,150000,301000,150000,0,0,0,151000,60123,0.0601
swap_distribute_parallel_for_split_500_300_500,500,500,0,1000,1503000,451501,500,2400000,2000000,451000,150000,301000,150000,0,0,0,151000,36022,0.0360
distribute_parallel_for_collapse_500_300_500,500,500,0,1000,1503000,451501,500,2400000,2000000,451000,150000,301000,150000,0,0,0,151000,28620,0.0286
swap_distribute_parallel_for_collapse_500_300_500,500,500,0,1000,1503000,451501,500,2400000,2000000,451000,150000,301000,150000,0,0,0,151000,25272,0.0253
distribute_parallel_for_500_300_600,500,600,0,1200,1803600,541801,600,2640000,2400000,541200,180000,361200,180000,0,0,0,181200,70696,0.0707
distribute_parallel_for_split_500_300_600,500,600,0,1200,1803600,541801,600,2640000,2400000,541200,180000,361200,180000,0,0,0,181200,39906,0.0399
swap_distribute_parallel_for_500_300_600,500,600,0,1200,1803600,541801,600,2640000,2400000,541200,180000,361200,180000,0,0,0,181200,52224,0.0522
swap_distribute_parallel_for_split_500_300_600,500,600,0,1200,1803600,541801,600,2640000,2400000,541200,180000,361200,180000,0,0,0,181200,27605,0.0276
distribute_parallel_for_collapse_500_300_600,500,600,0,1200,1803600,541801,600,2640000,2400000,541200,180000,361200,180000,0,0,0,181200,39577,0.0396
swap_distribute_parallel_for_collapse_500_300_600,500,600,0,1200,1803600,541801,600,2640000,2400000,541200,180000,361200,180000,0,0,0,181200,18763,0.0188
distribute_parallel_for_500_300_700,500,700,0,1400,2104200,632101,700,2880000,2800000,631400,210000,421400,210000,0,0,0,211400,69474,0.0695
distribute_parallel_for_split_500_300_700,500,700,0,1400,2104200,632101,700,2880000,2800000,631400,210000,421400,210000,0,0,0,211400,35769,0.0358
swap_distribute_parallel_for_500_300_700,500,700,0,1400,2104200,632101,700,2880000,2800000,631400,210000,421400,210000,0,0,0,211400,54635,0.0546
swap_distribute_parallel_for_split_500_300_700,500,700,0,1400,2104200,632101,700,2880000,2800000,631400,210000,421400,210000,0,0,0,211400,23827,0.0238
distribute_parallel_for_collapse_500_300_700,500,700,0,1400,2104200,632101,700,2880000,2800000,631400,210000,421400,210000,0,0,0,211400,22657,0.0227
swap_distribute_parallel_for_collapse_500_300_700,500,700,0,1400,2104200,632101,700,2880000,2800000,631400,210000,421400,210000,0,0,0,211400,22876,0.0229
distribute_parallel_for_500_300_800,500,800,0,1600,2404800,722401,800,3120000,3200000,721600,240000,481600,240000,0,0,0,241600,76621,0.0766
distribute_parallel_for_split_500_300_800,500,800,0,1600,2404800,722401,800,3120000,3200000,721600,240000,481600,240000,0,0,0,241600,37142,0.0371
swap_distribute_parallel_for_500_300_800,500,800,0,1600,2404800,722401,800,3120000,3200000,721600,240000,481600,240000,0,0,0,241600,75420,0.0754
swap_distribute_parallel_for_split_500_300_800,500,800,0,1600,2404800,722401,800,3120000,3200000,721600,240000,481600,240000,0,0,0,241600,31412,0.0314
distribute_parallel_for_collapse_500_300_800,500,800,0,1600,2404800,722401,800,3120000,3200000,721600,240000,481600,240000,0,0,0,241600,26080,0.0261
swap_distribute_parallel_for_collapse_500_300_800,500,800,0,1600,2404800,722401,800,3120000,3200000,721600,240000,481600,240000,0,0,0,241600,26591,0.0266
distribute_parallel_for_500_300_900,500,900,0,1800,2705400,812701,900,3360000,3600000,811800,270000,541800,270000,0,0,0,271800,106158,0.1062
distribute_parallel_for_split_500_300_900,500,900,0,1800,2705400,812701,900,3360000,3600000,811800,270000,541800,270000,0,0,0,271800,61122,0.0611
swap_distribute_parallel_for_500_300_900,500,900,0,1800,2705400,812701,900,3360000,3600000,811800,270000,541800,270000,0,0,0,271800,59743,0.0597
swap_distribute_parallel_for_split_500_300_900,500,900,0,1800,2705400,812701,900,3360000,3600000,811800,270000,541800,270000,0,0,0,271800,31038,0.0310
distribute_parallel_for_collapse_500_300_900,500,900,0,1800,2705400,812701,900,3360000,3600000,811800,270000,541800,270000,0,0,0,271800,35940,0.0359
swap_distribute_parallel_for_collapse_500_300_900,500,900,0,1800,2705400,812701,900,3360000,3600000,811800,270000,541800,270000,0,0,0,271800,32752,0.0328
distribute_parallel_for_500_400_100,500,100,0,200,400600,120301,100,1920000,400000,120200,40000,80200,40000,0,0,0,40200,28259,0.0283
distribute_parallel_for_split_500_400_100,500,100,0,200,400600,120301,100,1920000,400000,120200,40000,80200,40000,0,0,0,40200,31481,0.0315
swap_distribute_parallel_for_500_400_100,500,100,0,200,400600,120301,100,1920000,400000,120200,40000,80200,40000,0,0,0,40200,81224,0.0812
swap_distribute_parallel_for_split_500_400_100,500,100,0,200,400600,120301,100,1920000,400000,120200,40000,80200,40000,0,0,0,40200,13233,0.0132
distribute_parallel_for_collapse_500_400_100,500,100,0,200,400600,120301,100,1920000,400000,120200,40000,80200,40000,0,0,0,40200,12898,0.0129
swap_distribute_parallel_for_collapse_500_400_100,500,100,0,200,400600,120301,100,1920000,400000,120200,40000,80200,40000,0,0,0,40200,7273,0.0073
distribute_parallel_for_500_400_200,500,200,0,400,801200,240601,200,2240000,800000,240400,80000,160400,80000,0,0,0,80400,61390,0.0614
distribute_parallel_for_split_500_400_200,500,200,0,400,801200,240601,200,2240000,800000,240400,80000,160400,80000,0,0,0,80400,64170,0.0642
swap_distribute_parallel_for_500_400_200,500,200,0,400,801200,240601,200,2240000,800000,240400,80000,160400,80000,0,0,0,80400,86568,0.0866
swap_distribute_parallel_for_split_500_400_200,500,200,0,400,801200,240601,200,2240000,800000,240400,80000,160400,80000,0,0,0,80400,22607,0.0226
distribute_parallel_for_collapse_500_400_200,500,200,0,400,801200,240601,200,2240000,800000,240400,80000,160400,80000,0,0,0,80400,27510,0.0275
swap_distribute_parallel_for_collapse_500_400_200,500,200,0,400,801200,240601,200,2240000,800000,240400,80000,160400,80000,0,0,0,80400,16477,0.0165
distribute_parallel_for_500_400_300,500,300,0,600,1201800,360901,300,2560000,1200000,360600,120000,240600,120000,0,0,0,120600,49988,0.0500
distribute_parallel_for_split_500_400_300,500,300,0,600,1201800,360901,300,2560000,1200000,360600,120000,240600,120000,0,0,0,120600,22603,0.0226
swap_distribute_parallel_for_500_400_300,500,300,0,600,1201800,360901,300,2560000,1200000,360600,120000,240600,120000,0,0,0,120600,83962,0.0840
swap_distribute_parallel_for_split_500_400_300,500,300,0,600,1201800,360901,300,2560000,1200000,360600,120000,240600,120000,0,0,0,120600,22482,0.0225
distribute_parallel_for_collapse_500_400_300,500,300,0,600,1201800,360901,300,2560000,1200000,360600,120000,240600,120000,0,0,0,120600,17263,0.0173
swap_distribute_parallel_for_collapse_500_400_300,500,300,0,600,1201800,360901,300,2560000,1200000,360600,120000,240600,120000,0,0,0,120600,15432,0.0154
distribute_parallel_for_500_400_400,500,400,0,800,1602400,481201,400,2880000,1600000,480800,160000,320800,160000,0,0,0,160800,159256,0.1593
distribute_parallel_for_split_500_400_400,500,400,0,800,1602400,481201,400,2880000,1600000,480800,160000,320800,160000,0,0,0,160800,39991,0.0400
swap_distribute_parallel_for_500_400_400,500,400,0,800,1602400,481201,400,2880000,1600000,480800,160000,320800,160000,0,0,0,160800,110841,0.1108
swap_distribute_parallel_for_split_500_400_400,500,400,0,800,1602400,481201,400,2880000,1600000,480800,160000,320800,160000,0,0,0,160800,22585,0.0226
distribute_parallel_for_collapse_500_400_400,500,400,0,800,1602400,481201,400,2880000,1600000,480800,160000,320800,160000,0,0,0,160800,42233,0.0422
swap_distribute_parallel_for_collapse_500_400_400,500,400,0,800,1602400,481201,400,2880000,1600000,480800,160000,320800,160000,0,0,0,160800,35130,0.0351
distribute_parallel_for_500_400_500,500,500,0,1000,2003000,601501,500,3200000,2000000,601000,200000,401000,200000,0,0,0,201000,83514,0.0835
distribute_parallel_for_split_500_400_500,500,500,0,1000,2003000,601501,500,3200000,2000000,601000,200000,401000,200000,0,0,0,201000,36476,0.0365
swap_distribute_parallel_for_500_400_500,500,500,0,1000,2003000,601501,500,3200000,2000000,601000,200000,401000,200000,0,0,0,201000,123324,0.1233
swap_distribute_parallel_for_split_500_400_500,500,500,0,1000,2003000,601501,500,3200000,2000000,601000,200000,401000,200000,0,0,0,201000,29873,0.0299
distribute_parallel_for_collapse_500_400_500,500,500,0,1000,2003000,601501,500,3200000,2000000,601000,200000,401000,200000,0,0,0,201000,29811,0.0298
swap_distribute_parallel_for_collapse_500_400_500,500,500,0,1000,2003000,601501,500,3200000,2000000,601000,200000,401000,200000,0,0,0,201000,23217,0.0232
distribute_parallel_for_500_400_600,500,600,0,1200,2403600,721801,600,3520000,2400000,721200,240000,481200,240000,0,0,0,241200,95585,0.0956
distribute_parallel_for_split_500_400_600,500,600,0,1200,2403600,721801,600,3520000,2400000,721200,240000,481200,240000,0,0,0,241200,65355,0.0654
swap_distribute_parallel_for_500_400_600,500,600,0,1200,2403600,721801,600,3520000,2400000,721200,240000,481200,240000,0,0,0,241200,79256,0.0793
swap_distribute_parallel_for_split_500_400_600,500,600,0,1200,2403600,721801,600,3520000,2400000,721200,240000,481200,240000,0,0,0,241200,32390,0.0324
distribute_parallel_for_collapse_500_400_600,500,600,0,1200,2403600,721801,600,3520000,2400000,721200,240000,481200,240000,0,0,0,241200,25735,0.0257
swap_distribute_parallel_for_collapse_500_400_600,500,600,0,1200,2403600,721801,600,3520000,2400000,721200,240000,481200,240000,0,0,0,241200,38256,0.0383
distribute_parallel_for_500_400_700,500,700,0,1400,2804200,842101,700,3840000,2800000,841400,280000,561400,280000,0,0,0,281400,86881,0.0869
distribute_parallel_for_split_500_400_700,500,700,0,1400,2804200,842101,700,3840000,2800000,841400,280000,561400,280000,0,0,0,281400,72253,0.0723
swap_distribute_parallel_for_500_400_700,500,700,0,1400,2804200,842101,700,3840000,2800000,841400,280000,561400,280000,0,0,0,281400,96935,0.0969
swap_distribute_parallel_for_split_500_400_700,500,700,0,1400,2804200,842101,700,3840000,2800000,841400,280000,561400,280000,0,0,0,281400,46623,0.0466
distribute_parallel_for_collapse_500_400_700,500,700,0,1400,2804200,842101,700,3840000,2800000,841400,280000,561400,280000,0,0,0,281400,55262,0.0553
swap_distribute_parallel_for_collapse_500_400_700,500,700,0,1400,2804200,842101,700,3840000,2800000,841400,280000,561400,280000,0,0,0,281400,39577,0.0396
distribute_parallel_for_500_400_800,500,800,0,1600,3204800,962401,800,4160000,3200000,961600,320000,641600,320000,0,0,0,321600,115058,0.1151
distribute_parallel_for_split_500_400_800,500,800,0,1600,3204800,962401,800,4160000,3200000,961600,320000,641600,320000,0,0,0,321600,62646,0.0626
swap_distribute_parallel_for_500_400_800,500,800,0,1600,3204800,962401,800,4160000,3200000,961600,320000,641600,320000,0,0,0,321600,139744,0.1397
swap_distribute_parallel_for_split_500_400_800,500,800,0,1600,3204800,962401,800,4160000,3200000,961600,320000,641600,320000,0,0,0,321600,67837,0.0678
distribute_parallel_for_collapse_500_400_800,500,800,0,1600,3204800,962401,800,4160000,3200000,961600,320000,641600,320000,0,0,0,321600,34816,0.0348
swap_distribute_parallel_for_collapse_500_400_800,500,800,0,1600,3204800,962401,800,4160000,3200000,961600,320000,641600,320000,0,0,0,321600,55379,0.0554
distribute_parallel_for_500_400_900,500,900,0,1800,3605400,1082701,900,4480000,3600000,1081800,360000,721800,360000,0,0,0,361800,110872,0.1109
distribute_parallel_for_split_500_400_900,500,900,0,1800,3605400,1082701,900,4480000,3600000,1081800,360000,721800,360000,0,0,0,361800,54639,0.0546
swap_distribute_parallel_for_500_400_900,500,900,0,1800,3605400,1082701,900,4480000,3600000,1081800,360000,721800,360000,0,0,0,361800,81035,0.0810
swap_distribute_parallel_for_split_500_400_900,500,900,0,1800,3605400,1082701,900,4480000,3600000,1081800,360000,721800,360000,0,0,0,361800,39863,0.0399
distribute_parallel_for_collapse_500_400_900,500,900,0,1800,3605400,1082701,900,4480000,3600000,1081800,360000,721800,360000,0,0,0,361800,38458,0.0385
swap_distribute_parallel_for_collapse_500_400_900,500,900,0,1800,3605400,1082701,900,4480000,3600000,1081800,360000,721800,360000,0,0,0,361800,41909,0.0419
distribute_parallel_for_500_500_100,500,100,0,200,500600,150301,100,2400000,400000,150200,50000,100200,50000,0,0,0,50200,38476,0.0385
distribute_parallel_for_split_500_500_100,500,100,0,200,500600,150301,100,2400000,400000,150200,50000,100200,50000,0,0,0,50200,19859,0.0199
swap_distribute_parallel_for_500_500_100,500,100,0,200,500600,150301,100,2400000,400000,150200,50000,100200,50000,0,0,0,50200,83871,0.0839
swap_distribute_parallel_for_split_500_500_100,500,100,0,200,500600,150301,100,2400000,400000,150200,50000,100200,50000,0,0,0,50200,11967,0.0120
distribute_parallel_for_collapse_500_500_100,500,100,0,200,500600,150301,100,2400000,400000,150200,50000,100200,50000,0,0,0,50200,24241,0.0242
swap_distribute_parallel_for_collapse_500_500_100,500,100,0,200,500600,150301,100,2400000,400000,150200,50000,100200,50000,0,0,0,50200,7979,0.0080
distribute_parallel_for_500_500_200,500,200,0,400,1001200,300601,200,2800000,800000,300400,100000,200400,100000,0,0,0,100400,42101,0.0421
distribute_parallel_for_split_500_500_200,500,200,0,400,1001200,300601,200,2800000,800000,300400,100000,200400,100000,0,0,0,100400,39877,0.0399
swap_distribute_parallel_for_500_500_200,500,200,0,400,1001200,300601,200,2800000,800000,300400,100000,200400,100000,0,0,0,100400,97661,0.0977
swap_distribute_parallel_for_split_500_500_200,500,200,0,400,1001200,300601,200,2800000,800000,300400,100000,200400,100000,0,0,0,100400,22210,0.0222
distribute_parallel_for_collapse_500_500_200,500,200,0,400,1001200,300601,200,2800000,800000,300400,100000,200400,100000,0,0,0,100400,29974,0.0300
swap_distribute_parallel_for_collapse_500_500_200,500,200,0,400,1001200,300601,200,2800000,800000,300400,100000,200400,100000,0,0,0,100400,12102,0.0121
distribute_parallel_for_500_500_300,500,300,0,600,1501800,450901,300,3200000,1200000,450600,150000,300600,150000,0,0,0,150600,108977,0.1090
distribute_parallel_for_split_500_500_300,500,300,0,600,1501800,450901,300,3200000,1200000,450600,150000,300600,150000,0,0,0,150600,51996,0.0520
swap_distribute_parallel_for_500_500_300,500,300,0,600,1501800,450901,300,3200000,1200000,450600,150000,300600,150000,0,0,0,150600,109682,0.1097
swap_distribute_parallel_for_split_500_500_300,500,300,0,600,1501800,450901,300,3200000,1200000,450600,150000,300600,150000,0,0,0,150600,23503,0.0235
distribute_parallel_for_collapse_500_500_300,500,300,0,600,1501800,450901,300,3200000,1200000,450600,150000,300600,150000,0,0,0,150600,26030,0.0260
swap_distribute_parallel_for_collapse_500_500_300,500,300,0,600,1501800,450901,300,3200000,1200000,450600,150000,300600,150000,0,0,0,150600,49674,0.0497
distribute_parallel_for_500_500_400,500,400,0,800,2002400,601201,400,3600000,1600000,600800,200000,400800,200000,0,0,0,200800,83106,0.0831
distribute_parallel_for_split_500_500_400,500,400,0,800,2002400,601201,400,3600000,1600000,600800,200000,400800,200000,0,0,0,200800,38687,0.0387
swap_distribute_parallel_for_500_500_400,500,400,0,800,2002400,601201,400,3600000,1600000,600800,200000,400800,200000,0,0,0,200800,96651,0.0967
swap_distribute_parallel_for_split_500_500_400,500,400,0,800,2002400,601201,400,3600000,1600000,600800,200000,400800,200000,0,0,0,200800,66480,0.0665
distribute_parallel_for_collapse_500_500_400,500,400,0,800,2002400,601201,400,3600000,1600000,600800,200000,400800,200000,0,0,0,200800,30118,0.0301
swap_distribute_parallel_for_collapse_500_500_400,500,400,0,800,2002400,601201,400,3600000,1600000,600800,200000,400800,200000,0,0,0,200800,38483,0.0385
distribute_parallel_for_500_500_500,500,500,0,1000,2503000,751501,500,4000000,2000000,751000,250000,501000,250000,0,0,0,251000,88737,0.0887
distribute_parallel_for_split_500_500_500,500,500,0,1000,2503000,751501,500,4000000,2000000,751000,250000,501000,250000,0,0,0,251000,55976,0.0560
swap_distribute_parallel_for_500_500_500,500,500,0,1000,2503000,751501,500,4000000,2000000,751000,250000,501000,250000,0,0,0,251000,104238,0.1042
swap_distribute_parallel_for_split_500_500_500,500,500,0,1000,2503000,751501,500,4000000,2000000,751000,250000,501000,250000,0,0,0,251000,72849,0.0728
distribute_parallel_for_collapse_500_500_500,500,500,0,1000,2503000,751501,500,4000000,2000000,751000,250000,501000,250000,0,0,0,251000,56716,0.0567
swap_distribute_parallel_for_collapse_500_500_500,500,500,0,1000,2503000,751501,500,4000000,2000000,751000,250000,501000,250000,0,0,0,251000,70633,0.0706
distribute_parallel_for_500_500_600,500,600,0,1200,3003600,901801,600,4400000,2400000,901200,300000,601200,300000,0,0,0,301200,142644,0.1426
distribute_parallel_for_split_500_500_600,500,600,0,1200,3003600,901801,600,4400000,2400000,901200,300000,601200,300000,0,0,0,301200,45681,0.0457
swap_distribute_parallel_for_500_500_600,500,600,0,1200,3003600,901801,600,4400000,2400000,901200,300000,601200,300000,0,0,0,301200,100049,0.1000
swap_distribute_parallel_for_split_500_500_600,500,600,0,1200,3003600,901801,600,4400000,2400000,901200,300000,601200,300000,0,0,0,301200,39728,0.0397
distribute_parallel_for_collapse_500_500_600,500,600,0,1200,3003600,901801,600,4400000,2400000,901200,300000,601200,300000,0,0,0,301200,39806,0.0398
swap_distribute_parallel_for_collapse_500_500_600,500,600,0,1200,3003600,901801,600,4400000,2400000,901200,300000,601200,300000,0,0,0,301200,39955,0.0400
distribute_parallel_for_500_500_700,500,700,0,1400,3504200,1052101,700,4800000,2800000,1051400,350000,701400,350000,0,0,0,351400,141992,0.1420
distribute_parallel_for_split_500_500_700,500,700,0,1400,3504200,1052101,700,4800000,2800000,1051400,350000,701400,350000,0,0,0,351400,95395,0.0954
swap_distribute_parallel_for_500_500_700,500,700,0,1400,3504200,1052101,700,4800000,2800000,1051400,350000,701400,350000,0,0,0,351400,99563,0.0996
swap_distribute_parallel_for_split_500_500_700,500,700,0,1400,3504200,1052101,700,4800000,2800000,1051400,350000,701400,350000,0,0,0,351400,42843,0.0428
distribute_parallel_for_collapse_500_500_700,500,700,0,1400,3504200,1052101,700,4800000,2800000,1051400,350000,701400,350000,0,0,0,351400,43682,0.0437
swap_distribute_parallel_for_collapse_500_500_700,500,700,0,1400,3504200,1052101,700,4800000,2800000,1051400,350000,701400,350000,0,0,0,351400,61824,0.0618
distribute_parallel_for_500_500_800,500,800,0,1600,4004800,1202401,800,5200000,3200000,1201600,400000,801600,400000,0,0,0,401600,126175,0.1262
distribute_parallel_for_split_500_500_800,500,800,0,1600,4004800,1202401,800,5200000,3200000,1201600,400000,801600,400000,0,0,0,401600,74513,0.0745
swap_distribute_parallel_for_500_500_800,500,800,0,1600,4004800,1202401,800,5200000,3200000,1201600,400000,801600,400000,0,0,0,401600,99899,0.0999
swap_distribute_parallel_for_split_500_500_800,500,800,0,1600,4004800,1202401,800,5200000,3200000,1201600,400000,801600,400000,0,0,0,401600,45330,0.0453
distribute_parallel_for_collapse_500_500_800,500,800,0,1600,4004800,1202401,800,5200000,3200000,1201600,400000,801600,400000,0,0,0,401600,39767,0.0398
swap_distribute_parallel_for_collapse_500_500_800,500,800,0,1600,4004800,1202401,800,5200000,3200000,1201600,400000,801600,400000,0,0,0,401600,41295,0.0413
distribute_parallel_for_500_500_900,500,900,0,1800,4505400,1352701,900,5600000,3600000,1351800,450000,901800,450000,0,0,0,451800,158902,0.1589
distribute_parallel_for_split_500_500_900,500,900,0,1800,4505400,1352701,900,5600000,3600000,1351800,450000,901800,450000,0,0,0,451800,67630,0.0676
swap_distribute_parallel_for_500_500_900,500,900,0,1800,4505400,1352701,900,5600000,3600000,1351800,450000,901800,450000,0,0,0,451800,95462,0.0955
swap_distribute_parallel_for_split_500_500_900,500,900,0,1800,4505400,1352701,900,5600000,3600000,1351800,450000,901800,450000,0,0,0,451800,47273,0.0473
distribute_parallel_for_collapse_500_500_900,500,900,0,1800,4505400,1352701,900,5600000,3600000,1351800,450000,901800,450000,0,0,0,451800,44777,0.0448
swap_distribute_parallel_for_collapse_500_500_900,500,900,0,1800,4505400,1352701,900,5600000,3600000,1351800,450000,901800,450000,0,0,0,451800,46470,0.0465
distribute_parallel_for_500_600_100,500,100,0,200,600600,180301,100,2880000,400000,180200,60000,120200,60000,0,0,0,60200,38239,0.0382
distribute_parallel_for_split_500_600_100,500,100,0,200,600600,180301,100,2880000,400000,180200,60000,120200,60000,0,0,0,60200,11289,0.0113
swap_distribute_parallel_for_500_600_100,500,100,0,200,600600,180301,100,2880000,400000,180200,60000,120200,60000,0,0,0,60200,101049,0.1010
swap_distribute_parallel_for_split_500_600_100,500,100,0,200,600600,180301,100,2880000,400000,180200,60000,120200,60000,0,0,0,60200,27592,0.0276
distribute_parallel_for_collapse_500_600_100,500,100,0,200,600600,180301,100,2880000,400000,180200,60000,120200,60000,0,0,0,60200,29965,0.0300
swap_distribute_parallel_for_collapse_500_600_100,500,100,0,200,600600,180301,100,2880000,400000,180200,60000,120200,60000,0,0,0,60200,8270,0.0083
distribute_parallel_for_500_600_200,500,200,0,400,1201200,360601,200,3360000,800000,360400,120000,240400,120000,0,0,0,120400,49197,0.0492
distribute_parallel_for_split_500_600_200,500,200,0,400,1201200,360601,200,3360000,800000,360400,120000,240400,120000,0,0,0,120400,33010,0.0330
swap_distribute_parallel_for_500_600_200,500,200,0,400,1201200,360601,200,3360000,800000,360400,120000,240400,120000,0,0,0,120400,122478,0.1225
swap_distribute_parallel_for_split_500_600_200,500,200,0,400,1201200,360601,200,3360000,800000,360400,120000,240400,120000,0,0,0,120400,36885,0.0369
distribute_parallel_for_collapse_500_600_200,500,200,0,400,1201200,360601,200,3360000,800000,360400,120000,240400,120000,0,0,0,120400,15381,0.0154
swap_distribute_parallel_for_collapse_500_600_200,500,200,0,400,1201200,360601,200,3360000,800000,360400,120000,240400,120000,0,0,0,120400,24855,0.0249
distribute_parallel_for_500_600_300,500,300,0,600,1801800,540901,300,3840000,1200000,540600,180000,360600,180000,0,0,0,180600,74858,0.0749
distribute_parallel_for_split_500_600_300,500,300,0,600,1801800,540901,300,3840000,1200000,540600,180000,360600,180000,0,0,0,180600,40973,0.0410
swap_distribute_parallel_for_500_600_300,500,300,0,600,1801800,540901,300,3840000,1200000,540600,180000,360600,180000,0,0,0,180600,129299,0.1293
swap_distribute_parallel_for_split_500_600_300,500,300,0,600,1801800,540901,300,3840000,1200000,540600,180000,360600,180000,0,0,0,180600,28514,0.0285
distribute_parallel_for_collapse_500_600_300,500,300,0,600,1801800,540901,300,3840000,1200000,540600,180000,360600,180000,0,0,0,180600,71711,0.0717
swap_distribute_parallel_for_collapse_500_600_300,500,300,0,600,1801800,540901,300,3840000,1200000,540600,180000,360600,180000,0,0,0,180600,60010,0.0600
distribute_parallel_for_500_600_400,500,400,0,800,2402400,721201,400,4320000,1600000,720800,240000,480800,240000,0,0,0,240800,86192,0.0862
distribute_parallel_for_split_500_600_400,500,400,0,800,2402400,721201,400,4320000,1600000,720800,240000,480800,240000,0,0,0,240800,79509,0.0795
swap_distribute_parallel_for_500_600_400,500,400,0,800,2402400,721201,400,4320000,1600000,720800,240000,480800,240000,0,0,0,240800,118416,0.1184
swap_distribute_parallel_for_split_500_600_400,500,400,0,800,2402400,721201,400,4320000,1600000,720800,240000,480800,240000,0,0,0,240800,38597,0.0386
distribute_parallel_for_collapse_500_600_400,500,400,0,800,2402400,721201,400,4320000,1600000,720800,240000,480800,240000,0,0,0,240800,40841,0.0408
swap_distribute_parallel_for_collapse_500_600_400,500,400,0,800,2402400,721201,400,4320000,1600000,720800,240000,480800,240000,0,0,0,240800,39834,0.0398
distribute_parallel_for_500_600_500,500,500,0,1000,3003000,901501,500,4800000,2000000,901000,300000,601000,300000,0,0,0,301000,101046,0.1010
distribute_parallel_for_split_500_600_500,500,500,0,1000,3003000,901501,500,4800000,2000000,901000,300000,601000,300000,0,0,0,301000,51770,0.0518
swap_distribute_parallel_for_500_600_500,500,500,0,1000,3003000,901501,500,4800000,2000000,901000,300000,601000,300000,0,0,0,301000,121702,0.1217
swap_distribute_parallel_for_split_500_600_500,500,500,0,1000,3003000,901501,500,4800000,2000000,901000,300000,601000,300000,0,0,0,301000,41256,0.0413
distribute_parallel_for_collapse_500_600_500,500,500,0,1000,3003000,901501,500,4800000,2000000,901000,300000,601000,300000,0,0,0,301000,31540,0.0315
swap_distribute_parallel_for_collapse_500_600_500,500,500,0,1000,3003000,901501,500,4800000,2000000,901000,300000,601000,300000,0,0,0,301000,32719,0.0327
distribute_parallel_for_500_600_600,500,600,0,1200,3603600,1081801,600,5280000,2400000,1081200,360000,721200,360000,0,0,0,361200,110387,0.1104
distribute_parallel_for_split_500_600_600,500,600,0,1200,3603600,1081801,600,5280000,2400000,1081200,360000,721200,360000,0,0,0,361200,55795,0.0558
swap_distribute_parallel_for_500_600_600,500,600,0,1200,3603600,1081801,600,5280000,2400000,1081200,360000,721200,360000,0,0,0,361200,123790,0.1238
swap_distribute_parallel_for_split_500_600_600,500,600,0,1200,3603600,1081801,600,5280000,2400000,1081200,360000,721200,360000,0,0,0,361200,70669,0.0707
distribute_parallel_for_collapse_500_600_600,500,600,0,1200,3603600,1081801,600,5280000,2400000,1081200,360000,721200,360000,0,0,0,361200,58906,0.0589
swap_distribute_parallel_for_collapse_500_600_600,500,600,0,1200,3603600,1081801,600,5280000,2400000,1081200,360000,721200,360000,0,0,0,361200,69896,0.0699
distribute_parallel_for_500_600_700,500,700,0,1400,4204200,1262101,700,5760000,2800000,1261400,420000,841400,420000,0,0,0,421400,151674,0.1517
distribute_parallel_for_split_500_600_700,500,700,0,1400,4204200,1262101,700,5760000,2800000,1261400,420000,841400,420000,0,0,0,421400,90238,0.0902
swap_distribute_parallel_for_500_600_700,500,700,0,1400,4204200,1262101,700,5760000,2800000,1261400,420000,841400,420000,0,0,0,421400,126408,0.1264
swap_distribute_parallel_for_split_500_600_700,500,700,0,1400,4204200,1262101,700,5760000,2800000,1261400,420000,841400,420000,0,0,0,421400,59546,0.0595
distribute_parallel_for_collapse_500_600_700,500,700,0,1400,4204200,1262101,700,5760000,2800000,1261400,420000,841400,420000,0,0,0,421400,60631,0.0606
swap_distribute_parallel_for_collapse_500_600_700,500,700,0,1400,4204200,1262101,700,5760000,2800000,1261400,420000,841400,420000,0,0,0,421400,50965,0.0510
distribute_parallel_for_500_600_800,500,800,0,1600,4804800,1442401,800,6240000,3200000,1441600,480000,961600,480000,0,0,0,481600,138038,0.1380
distribute_parallel_for_split_500_600_800,500,800,0,1600,4804800,1442401,800,6240000,3200000,1441600,480000,961600,480000,0,0,0,481600,102906,0.1029
swap_distribute_parallel_for_500_600_800,500,800,0,1600,4804800,1442401,800,6240000,3200000,1441600,480000,961600,480000,0,0,0,481600,158838,0.1588
swap_distribute_parallel_for_split_500_600_800,500,800,0,1600,4804800,1442401,800,6240000,3200000,1441600,480000,961600,480000,0,0,0,481600,124028,0.1240
distribute_parallel_for_collapse_500_600_800,500,800,0,1600,4804800,1442401,800,6240000,3200000,1441600,480000,961600,480000,0,0,0,481600,76229,0.0762
swap_distribute_parallel_for_collapse_500_600_800,500,800,0,1600,4804800,1442401,800,6240000,3200000,1441600,480000,961600,480000,0,0,0,481600,58340,0.0583
distribute_parallel_for_500_600_900,500,900,0,1800,5405400,1622701,900,6720000,3600000,1621800,540000,1081800,540000,0,0,0,541800,175447,0.1754
distribute_parallel_for_split_500_600_900,500,900,0,1800,5405400,1622701,900,6720000,3600000,1621800,540000,1081800,540000,0,0,0,541800,99874,0.0999
swap_distribute_parallel_for_500_600_900,500,900,0,1800,5405400,1622701,900,6720000,3600000,1621800,540000,1081800,540000,0,0,0,541800,113251,0.1133
swap_distribute_parallel_for_split_500_600_900,500,900,0,1800,5405400,1622701,900,6720000,3600000,1621800,540000,1081800,540000,0,0,0,541800,65416,0.0654
distribute_parallel_for_collapse_500_600_900,500,900,0,1800,5405400,1622701,900,6720000,3600000,1621800,540000,1081800,540000,0,0,0,541800,57452,0.0575
swap_distribute_parallel_for_collapse_500_600_900,500,900,0,1800,5405400,1622701,900,6720000,3600000,1621800,540000,1081800,540000,0,0,0,541800,63697,0.0637
distribute_parallel_for_500_700_100,500,100,0,200,700600,210301,100,3360000,400000,210200,70000,140200,70000,0,0,0,70200,60739,0.0607
distribute_parallel_for_split_500_700_100,500,100,0,200,700600,210301,100,3360000,400000,210200,70000,140200,70000,0,0,0,70200,36212,0.0362
swap_distribute_parallel_for_500_700_100,500,100,0,200,700600,210301,100,3360000,400000,210200,70000,140200,70000,0,0,0,70200,163377,0.1634
swap_distribute_parallel_for_split_500_700_100,500,100,0,200,700600,210301,100,3360000,400000,210200,70000,140200,70000,0,0,0,70200,17611,0.0176
distribute_parallel_for_collapse_500_700_100,500,100,0,200,700600,210301,100,3360000,400000,210200,70000,140200,70000,0,0,0,70200,10012,0.0100
swap_distribute_parallel_for_collapse_500_700_100,500,100,0,200,700600,210301,100,3360000,400000,210200,70000,140200,70000,0,0,0,70200,9448,0.0094
distribute_parallel_for_500_700_200,500,200,0,400,1401200,420601,200,3920000,800000,420400,140000,280400,140000,0,0,0,140400,60553,0.0606
distribute_parallel_for_split_500_700_200,500,200,0,400,1401200,420601,200,3920000,800000,420400,140000,280400,140000,0,0,0,140400,39911,0.0399
swap_distribute_parallel_for_500_700_200,500,200,0,400,1401200,420601,200,3920000,800000,420400,140000,280400,140000,0,0,0,140400,129975,0.1300
swap_distribute_parallel_for_split_500_700_200,500,200,0,400,1401200,420601,200,3920000,800000,420400,140000,280400,140000,0,0,0,140400,17278,0.0173
distribute_parallel_for_collapse_500_700_200,500,200,0,400,1401200,420601,200,3920000,800000,420400,140000,280400,140000,0,0,0,140400,22634,0.0226
swap_distribute_parallel_for_collapse_500_700_200,500,200,0,400,1401200,420601,200,3920000,800000,420400,140000,280400,140000,0,0,0,140400,15592,0.0156
distribute_parallel_for_500_700_300,500,300,0,600,2101800,630901,300,4480000,1200000,630600,210000,420600,210000,0,0,0,210600,100617,0.1006
distribute_parallel_for_split_500_700_300,500,300,0,600,2101800,630901,300,4480000,1200000,630600,210000,420600,210000,0,0,0,210600,36555,0.0366
swap_distribute_parallel_for_500_700_300,500,300,0,600,2101800,630901,300,4480000,1200000,630600,210000,420600,210000,0,0,0,210600,150213,0.1502
swap_distribute_parallel_for_split_500_700_300,500,300,0,600,2101800,630901,300,4480000,1200000,630600,210000,420600,210000,0,0,0,210600,46939,0.0469
distribute_parallel_for_collapse_500_700_300,500,300,0,600,2101800,630901,300,4480000,1200000,630600,210000,420600,210000,0,0,0,210600,74067,0.0741
swap_distribute_parallel_for_collapse_500_700_300,500,300,0,600,2101800,630901,300,4480000,1200000,630600,210000,420600,210000,0,0,0,210600,50577,0.0506
distribute_parallel_for_500_700_400,500,400,0,800,2802400,841201,400,5040000,1600000,840800,280000,560800,280000,0,0,0,280800,112331,0.1123
distribute_parallel_for_split_500_700_400,500,400,0,800,2802400,841201,400,5040000,1600000,840800,280000,560800,280000,0,0,0,280800,53188,0.0532
swap_distribute_parallel_for_500_700_400,500,400,0,800,2802400,841201,400,5040000,1600000,840800,280000,560800,280000,0,0,0,280800,139245,0.1392
swap_distribute_parallel_for_split_500_700_400,500,400,0,800,2802400,841201,400,5040000,1600000,840800,280000,560800,280000,0,0,0,280800,39219,0.0392
distribute_parallel_for_collapse_500_700_400,500,400,0,800,2802400,841201,400,5040000,1600000,840800,280000,560800,280000,0,0,0,280800,35003,0.0350
swap_distribute_parallel_for_collapse_500_700_400,500,400,0,800,2802400,841201,400,5040000,1600000,840800,280000,560800,280000,0,0,0,280800,33123,0.0331
distribute_parallel_for_500_700_500,500,500,0,1000,3503000,1051501,500,5600000,2000000,1051000,350000,701000,350000,0,0,0,351000,171108,0.1711
distribute_parallel_for_split_500_700_500,500,500,0,1000,3503000,1051501,500,5600000,2000000,1051000,350000,701000,350000,0,0,0,351000,55662,0.0557
swap_distribute_parallel_for_500_700_500,500,500,0,1000,3503000,1051501,500,5600000,2000000,1051000,350000,701000,350000,0,0,0,351000,139967,0.1400
swap_distribute_parallel_for_split_500_700_500,500,500,0,1000,3503000,1051501,500,5600000,2000000,1051000,350000,701000,350000,0,0,0,351000,64269,0.0643
distribute_parallel_for_collapse_500_700_500,500,500,0,1000,3503000,1051501,500,5600000,2000000,1051000,350000,701000,350000,0,0,0,351000,75525,0.0755
swap_distribute_parallel_for_collapse_500_700_500,500,500,0,1000,3503000,1051501,500,5600000,2000000,1051000,350000,701000,350000,0,0,0,351000,39793,0.0398
distribute_parallel_for_500_700_600,500,600,0,1200,4203600,1261801,600,6160000,2400000,1261200,420000,841200,420000,0,0,0,421200,159990,0.1600
distribute_parallel_for_split_500_700_600,500,600,0,1200,4203600,1261801,600,6160000,2400000,1261200,420000,841200,420000,0,0,0,421200,69183,0.0692
swap_distribute_parallel_for_500_700_600,500,600,0,1200,4203600,1261801,600,6160000,2400000,1261200,420000,841200,420000,0,0,0,421200,164222,0.1642
swap_distribute_parallel_for_split_500_700_600,500,600,0,1200,4203600,1261801,600,6160000,2400000,1261200,420000,841200,420000,0,0,0,421200,51031,0.0510
distribute_parallel_for_collapse_500_700_600,500,600,0,1200,4203600,1261801,600,6160000,2400000,1261200,420000,841200,420000,0,0,0,421200,70281,0.0703
swap_distribute_parallel_for_collapse_500_700_600,500,600,0,1200,4203600,1261801,600,6160000,2400000,1261200,420000,841200,420000,0,0,0,421200,44690,0.0447
distribute_parallel_for_500_700_700,500,700,0,1400,4904200,1472101,700,6720000,2800000,1471400,490000,981400,490000,0,0,0,491400,148694,0.1487
distribute_parallel_for_split_500_700_700,500,700,0,1400,4904200,1472101,700,6720000,2800000,1471400,490000,981400,490000,0,0,0,491400,98305,0.0983
swap_distribute_parallel_for_500_700_700,500,700,0,1400,4904200,1472101,700,6720000,2800000,1471400,490000,981400,490000,0,0,0,491400,135909,0.1359
swap_distribute_parallel_for_split_500_700_700,500,700,0,1400,4904200,1472101,700,6720000,2800000,1471400,490000,981400,490000,0,0,0,491400,50766,0.0508
distribute_parallel_for_collapse_500_700_700,500,700,0,1400,4904200,1472101,700,6720000,2800000,1471400,490000,981400,490000,0,0,0,491400,81847,0.0818
swap_distribute_parallel_for_collapse_500_700_700,500,700,0,1400,4904200,1472101,700,6720000,2800000,1471400,490000,981400,490000,0,0,0,491400,79585,0.0796
distribute_parallel_for_500_700_800,500,800,0,1600,5604800,1682401,800,7280000,3200000,1681600,560000,1121600,560000,0,0,0,561600,161650,0.1616
distribute_parallel_for_split_500_700_800,500,800,0,1600,5604800,1682401,800,7280000,3200000,1681600,560000,1121600,560000,0,0,0,561600,82312,0.0823
swap_distribute_parallel_for_500_700_800,500,800,0,1600,5604800,1682401,800,7280000,3200000,1681600,560000,1121600,560000,0,0,0,561600,148410,0.1484
swap_distribute_parallel_for_split_500_700_800,500,800,0,1600,5604800,1682401,800,7280000,3200000,1681600,560000,1121600,560000,0,0,0,561600,79948,0.0799
distribute_parallel_for_collapse_500_700_800,500,800,0,1600,5604800,1682401,800,7280000,3200000,1681600,560000,1121600,560000,0,0,0,561600,79853,0.0799
swap_distribute_parallel_for_collapse_500_700_800,500,800,0,1600,5604800,1682401,800,7280000,3200000,1681600,560000,1121600,560000,0,0,0,561600,79975,0.0800
distribute_parallel_for_500_700_900,500,900,0,1800,6305400,1892701,900,7840000,3600000,1891800,630000,1261800,630000,0,0,0,631800,196806,0.1968
distribute_parallel_for_split_500_700_900,500,900,0,1800,6305400,1892701,900,7840000,3600000,1891800,630000,1261800,630000,0,0,0,631800,109364,0.1094
swap_distribute_parallel_for_500_700_900,500,900,0,1800,6305400,1892701,900,7840000,3600000,1891800,630000,1261800,630000,0,0,0,631800,138808,0.1388
swap_distribute_parallel_for_split_500_700_900,500,900,0,1800,6305400,1892701,900,7840000,3600000,1891800,630000,1261800,630000,0,0,0,631800,97219,0.0972
distribute_parallel_for_collapse_500_700_900,500,900,0,1800,6305400,1892701,900,7840000,3600000,1891800,630000,1261800,630000,0,0,0,631800,85584,0.0856
swap_distribute_parallel_for_collapse_500_700_900,500,900,0,1800,6305400,1892701,900,7840000,3600000,1891800,630000,1261800,630000,0,0,0,631800,75518,0.0755
distribute_parallel_for_500_800_100,500,100,0,200,800600,240301,100,3840000,400000,240200,80000,160200,80000,0,0,0,80200,31500,0.0315
distribute_parallel_for_split_500_800_100,500,100,0,200,800600,240301,100,3840000,400000,240200,80000,160200,80000,0,0,0,80200,13850,0.0138
swap_distribute_parallel_for_500_800_100,500,100,0,200,800600,240301,100,3840000,400000,240200,80000,160200,80000,0,0,0,80200,139326,0.1393
swap_distribute_parallel_for_split_500_800_100,500,100,0,200,800600,240301,100,3840000,400000,240200,80000,160200,80000,0,0,0,80200,17255,0.0173
distribute_parallel_for_collapse_500_800_100,500,100,0,200,800600,240301,100,3840000,400000,240200,80000,160200,80000,0,0,0,80200,9975,0.0100
swap_distribute_parallel_for_collapse_500_800_100,500,100,0,200,800600,240301,100,3840000,400000,240200,80000,160200,80000,0,0,0,80200,9873,0.0099
distribute_parallel_for_500_800_200,500,200,0,400,1601200,480601,200,4480000,800000,480400,160000,320400,160000,0,0,0,160400,65678,0.0657
distribute_parallel_for_split_500_800_200,500,200,0,400,1601200,480601,200,4480000,800000,480400,160000,320400,160000,0,0,0,160400,29929,0.0299
swap_distribute_parallel_for_500_800_200,500,200,0,400,1601200,480601,200,4480000,800000,480400,160000,320400,160000,0,0,0,160400,149870,0.1499
swap_distribute_parallel_for_split_500_800_200,500,200,0,400,1601200,480601,200,4480000,800000,480400,160000,320400,160000,0,0,0,160400,39849,0.0398
distribute_parallel_for_collapse_500_800_200,500,200,0,400,1601200,480601,200,4480000,800000,480400,160000,320400,160000,0,0,0,160400,18240,0.0182
swap_distribute_parallel_for_collapse_500_800_200,500,200,0,400,1601200,480601,200,4480000,800000,480400,160000,320400,160000,0,0,0,160400,41553,0.0416
distribute_parallel_for_500_800_300,500,300,0,600,2401800,720901,300,5120000,1200000,720600,240000,480600,240000,0,0,0,240600,92945,0.0929
distribute_parallel_for_split_500_800_300,500,300,0,600,2401800,720901,300,5120000,1200000,720600,240000,480600,240000,0,0,0,240600,55775,0.0558
swap_distribute_parallel_for_500_800_300,500,300,0,600,2401800,720901,300,5120000,1200000,720600,240000,480600,240000,0,0,0,240600,155512,0.1555
swap_distribute_parallel_for_split_500_800_300,500,300,0,600,2401800,720901,300,5120000,1200000,720600,240000,480600,240000,0,0,0,240600,58152,0.0582
distribute_parallel_for_collapse_500_800_300,500,300,0,600,2401800,720901,300,5120000,1200000,720600,240000,480600,240000,0,0,0,240600,50542,0.0505
swap_distribute_parallel_for_collapse_500_800_300,500,300,0,600,2401800,720901,300,5120000,1200000,720600,240000,480600,240000,0,0,0,240600,27980,0.0280
distribute_parallel_for_500_800_400,500,400,0,800,3202400,961201,400,5760000,1600000,960800,320000,640800,320000,0,0,0,320800,98261,0.0983
distribute_parallel_for_split_500_800_400,500,400,0,800,3202400,961201,400,5760000,1600000,960800,320000,640800,320000,0,0,0,320800,47837,0.0478
swap_distribute_parallel_for_500_800_400,500,400,0,800,3202400,961201,400,5760000,1600000,960800,320000,640800,320000,0,0,0,320800,143282,0.1433
swap_distribute_parallel_for_split_500_800_400,500,400,0,800,3202400,961201,400,5760000,1600000,960800,320000,640800,320000,0,0,0,320800,39952,0.0400
distribute_parallel_for_collapse_500_800_400,500,400,0,800,3202400,961201,400,5760000,1600000,960800,320000,640800,320000,0,0,0,320800,39962,0.0400
swap_distribute_parallel_for_collapse_500_800_400,500,400,0,800,3202400,961201,400,5760000,1600000,960800,320000,640800,320000,0,0,0,320800,39983,0.0400
distribute_parallel_for_500_800_500,500,500,0,1000,4003000,1201501,500,6400000,2000000,1201000,400000,801000,400000,0,0,0,401000,159003,0.1590
distribute_parallel_for_split_500_800_500,500,500,0,1000,4003000,1201501,500,6400000,2000000,1201000,400000,801000,400000,0,0,0,401000,70480,0.0705
swap_distribute_parallel_for_500_800_500,500,500,0,1000,4003000,1201501,500,6400000,2000000,1201000,400000,801000,400000,0,0,0,401000,169465,0.1695
swap_distribute_parallel_for_split_500_800_500,500,500,0,1000,4003000,1201501,500,6400000,2000000,1201000,400000,801000,400000,0,0,0,401000,80090,0.0801
distribute_parallel_for_collapse_500_800_500,500,500,0,1000,4003000,1201501,500,6400000,2000000,1201000,400000,801000,400000,0,0,0,401000,59806,0.0598
swap_distribute_parallel_for_collapse_500_800_500,500,500,0,1000,4003000,1201501,500,6400000,2000000,1201000,400000,801000,400000,0,0,0,401000,45280,0.0453
distribute_parallel_for_500_800_600,500,600,0,1200,4803600,1441801,600,7040000,2400000,1441200,480000,961200,480000,0,0,0,481200,151187,0.1512
distribute_parallel_for_split_500_800_600,500,600,0,1200,4803600,1441801,600,7040000,2400000,1441200,480000,961200,480000,0,0,0,481200,119623,0.1196
swap_distribute_parallel_for_500_800_600,500,600,0,1200,4803600,1441801,600,7040000,2400000,1441200,480000,961200,480000,0,0,0,481200,169268,0.1693
swap_distribute_parallel_for_split_500_800_600,500,600,0,1200,4803600,1441801,600,7040000,2400000,1441200,480000,961200,480000,0,0,0,481200,56714,0.0567
distribute_parallel_for_collapse_500_800_600,500,600,0,1200,4803600,1441801,600,7040000,2400000,1441200,480000,961200,480000,0,0,0,481200,54417,0.0544
swap_distribute_parallel_for_collapse_500_800_600,500,600,0,1200,4803600,1441801,600,7040000,2400000,1441200,480000,961200,480000,0,0,0,481200,49948,0.0499
distribute_parallel_for_500_800_700,500,700,0,1400,5604200,1682101,700,7680000,2800000,1681400,560000,1121400,560000,0,0,0,561400,163959,0.1640
distribute_parallel_for_split_500_800_700,500,700,0,1400,5604200,1682101,700,7680000,2800000,1681400,560000,1121400,560000,0,0,0,561400,80183,0.0802
swap_distribute_parallel_for_500_800_700,500,700,0,1400,5604200,1682101,700,7680000,2800000,1681400,560000,1121400,560000,0,0,0,561400,148242,0.1482
swap_distribute_parallel_for_split_500_800_700,500,700,0,1400,5604200,1682101,700,7680000,2800000,1681400,560000,1121400,560000,0,0,0,561400,56062,0.0561
distribute_parallel_for_collapse_500_800_700,500,700,0,1400,5604200,1682101,700,7680000,2800000,1681400,560000,1121400,560000,0,0,0,561400,63208,0.0632
swap_distribute_parallel_for_collapse_500_800_700,500,700,0,1400,5604200,1682101,700,7680000,2800000,1681400,560000,1121400,560000,0,0,0,561400,68964,0.0690
distribute_parallel_for_500_800_800,500,800,0,1600,6404800,1922401,800,8320000,3200000,1921600,640000,1281600,640000,0,0,0,641600,271246,0.2712
distribute_parallel_for_split_500_800_800,500,800,0,1600,6404800,1922401,800,8320000,3200000,1921600,640000,1281600,640000,0,0,0,641600,96831,0.0968
swap_distribute_parallel_for_500_800_800,500,800,0,1600,6404800,1922401,800,8320000,3200000,1921600,640000,1281600,640000,0,0,0,641600,176322,0.1763
swap_distribute_parallel_for_split_500_800_800,500,800,0,1600,6404800,1922401,800,8320000,3200000,1921600,640000,1281600,640000,0,0,0,641600,99256,0.0993
distribute_parallel_for_collapse_500_800_800,500,800,0,1600,6404800,1922401,800,8320000,3200000,1921600,640000,1281600,640000,0,0,0,641600,117313,0.1173
swap_distribute_parallel_for_collapse_500_800_800,500,800,0,1600,6404800,1922401,800,8320000,3200000,1921600,640000,1281600,640000,0,0,0,641600,89366,0.0894
distribute_parallel_for_500_800_900,500,900,0,1800,7205400,2162701,900,8960000,3600000,2161800,720000,1441800,720000,0,0,0,721800,240755,0.2408
distribute_parallel_for_split_500_800_900,500,900,0,1800,7205400,2162701,900,8960000,3600000,2161800,720000,1441800,720000,0,0,0,721800,110086,0.1101
swap_distribute_parallel_for_500_800_900,500,900,0,1800,7205400,2162701,900,8960000,3600000,2161800,720000,1441800,720000,0,0,0,721800,159913,0.1599
swap_distribute_parallel_for_split_500_800_900,500,900,0,1800,7205400,2162701,900,8960000,3600000,2161800,720000,1441800,720000,0,0,0,721800,99970,0.1000
distribute_parallel_for_collapse_500_800_900,500,900,0,1800,7205400,2162701,900,8960000,3600000,2161800,720000,1441800,720000,0,0,0,721800,93893,0.0939
swap_distribute_parallel_for_collapse_500_800_900,500,900,0,1800,7205400,2162701,900,8960000,3600000,2161800,720000,1441800,720000,0,0,0,721800,115819,0.1158
distribute_parallel_for_500_900_100,500,100,0,200,900600,270301,100,4320000,400000,270200,90000,180200,90000,0,0,0,90200,34599,0.0346
distribute_parallel_for_split_500_900_100,500,100,0,200,900600,270301,100,4320000,400000,270200,90000,180200,90000,0,0,0,90200,15431,0.0154
swap_distribute_parallel_for_500_900_100,500,100,0,200,900600,270301,100,4320000,400000,270200,90000,180200,90000,0,0,0,90200,174635,0.1746
swap_distribute_parallel_for_split_500_900_100,500,100,0,200,900600,270301,100,4320000,400000,270200,90000,180200,90000,0,0,0,90200,19531,0.0195
distribute_parallel_for_collapse_500_900_100,500,100,0,200,900600,270301,100,4320000,400000,270200,90000,180200,90000,0,0,0,90200,30350,0.0303
swap_distribute_parallel_for_collapse_500_900_100,500,100,0,200,900600,270301,100,4320000,400000,270200,90000,180200,90000,0,0,0,90200,11100,0.0111
distribute_parallel_for_500_900_200,500,200,0,400,1801200,540601,200,5040000,800000,540400,180000,360400,180000,0,0,0,180400,66547,0.0665
distribute_parallel_for_split_500_900_200,500,200,0,400,1801200,540601,200,5040000,800000,540400,180000,360400,180000,0,0,0,180400,32195,0.0322
swap_distribute_parallel_for_500_900_200,500,200,0,400,1801200,540601,200,5040000,800000,540400,180000,360400,180000,0,0,0,180400,180358,0.1804
swap_distribute_parallel_for_split_500_900_200,500,200,0,400,1801200,540601,200,5040000,800000,540400,180000,360400,180000,0,0,0,180400,23698,0.0237
distribute_parallel_for_collapse_500_900_200,500,200,0,400,1801200,540601,200,5040000,800000,540400,180000,360400,180000,0,0,0,180400,20413,0.0204
swap_distribute_parallel_for_collapse_500_900_200,500,200,0,400,1801200,540601,200,5040000,800000,540400,180000,360400,180000,0,0,0,180400,20406,0.0204
distribute_parallel_for_500_900_300,500,300,0,600,2701800,810901,300,5760000,1200000,810600,270000,540600,270000,0,0,0,270600,86434,0.0864
distribute_parallel_for_split_500_900_300,500,300,0,600,2701800,810901,300,5760000,1200000,810600,270000,540600,270000,0,0,0,270600,40652,0.0407
swap_distribute_parallel_for_500_900_300,500,300,0,600,2701800,810901,300,5760000,1200000,810600,270000,540600,270000,0,0,0,270600,159693,0.1597
swap_distribute_parallel_for_split_500_900_300,500,300,0,600,2701800,810901,300,5760000,1200000,810600,270000,540600,270000,0,0,0,270600,39454,0.0395
distribute_parallel_for_collapse_500_900_300,500,300,0,600,2701800,810901,300,5760000,1200000,810600,270000,540600,270000,0,0,0,270600,28046,0.0280
swap_distribute_parallel_for_collapse_500_900_300,500,300,0,600,2701800,810901,300,5760000,1200000,810600,270000,540600,270000,0,0,0,270600,28371,0.0284
distribute_parallel_for_500_900_400,500,400,0,800,3602400,1081201,400,6480000,1600000,1080800,360000,720800,360000,0,0,0,360800,149855,0.1499
distribute_parallel_for_split_500_900_400,500,400,0,800,3602400,1081201,400,6480000,1600000,1080800,360000,720800,360000,0,0,0,360800,55077,0.0551
swap_distribute_parallel_for_500_900_400,500,400,0,800,3602400,1081201,400,6480000,1600000,1080800,360000,720800,360000,0,0,0,360800,159829,0.1598
swap_distribute_parallel_for_split_500_900_400,500,400,0,800,3602400,1081201,400,6480000,1600000,1080800,360000,720800,360000,0,0,0,360800,40162,0.0402
distribute_parallel_for_collapse_500_900_400,500,400,0,800,3602400,1081201,400,6480000,1600000,1080800,360000,720800,360000,0,0,0,360800,38022,0.0380
swap_distribute_parallel_for_collapse_500_900_400,500,400,0,800,3602400,1081201,400,6480000,1600000,1080800,360000,720800,360000,0,0,0,360800,42214,0.0422
distribute_parallel_for_500_900_500,500,500,0,1000,4503000,1351501,500,7200000,2000000,1351000,450000,901000,450000,0,0,0,451000,171272,0.1713
distribute_parallel_for_split_500_900_500,500,500,0,1000,4503000,1351501,500,7200000,2000000,1351000,450000,901000,450000,0,0,0,451000,79517,0.0795
swap_distribute_parallel_for_500_900_500,500,500,0,1000,4503000,1351501,500,7200000,2000000,1351000,450000,901000,450000,0,0,0,451000,168587,0.1686
swap_distribute_parallel_for_split_500_900_500,500,500,0,1000,4503000,1351501,500,7200000,2000000,1351000,450000,901000,450000,0,0,0,451000,78262,0.0783
distribute_parallel_for_collapse_500_900_500,500,500,0,1000,4503000,1351501,500,7200000,2000000,1351000,450000,901000,450000,0,0,0,451000,48907,0.0489
swap_distribute_parallel_for_collapse_500_900_500,500,500,0,1000,4503000,1351501,500,7200000,2000000,1351000,450000,901000,450000,0,0,0,451000,64053,0.0641
distribute_parallel_for_500_900_600,500,600,0,1200,5403600,1621801,600,7920000,2400000,1621200,540000,1081200,540000,0,0,0,541200,189093,0.1891
distribute_parallel_for_split_500_900_600,500,600,0,1200,5403600,1621801,600,7920000,2400000,1621200,540000,1081200,540000,0,0,0,541200,99618,0.0996
swap_distribute_parallel_for_500_900_600,500,600,0,1200,5403600,1621801,600,7920000,2400000,1621200,540000,1081200,540000,0,0,0,541200,167675,0.1677
swap_distribute_parallel_for_split_500_900_600,500,600,0,1200,5403600,1621801,600,7920000,2400000,1621200,540000,1081200,540000,0,0,0,541200,74279,0.0743
distribute_parallel_for_collapse_500_900_600,500,600,0,1200,5403600,1621801,600,7920000,2400000,1621200,540000,1081200,540000,0,0,0,541200,79859,0.0799
swap_distribute_parallel_for_collapse_500_900_600,500,600,0,1200,5403600,1621801,600,7920000,2400000,1621200,540000,1081200,540000,0,0,0,541200,57580,0.0576
distribute_parallel_for_500_900_700,500,700,0,1400,6304200,1892101,700,8640000,2800000,1891400,630000,1261400,630000,0,0,0,631400,204477,0.2045
distribute_parallel_for_split_500_900_700,500,700,0,1400,6304200,1892101,700,8640000,2800000,1891400,630000,1261400,630000,0,0,0,631400,95144,0.0951
swap_distribute_parallel_for_500_900_700,500,700,0,1400,6304200,1892101,700,8640000,2800000,1891400,630000,1261400,630000,0,0,0,631400,166479,0.1665
swap_distribute_parallel_for_split_500_900_700,500,700,0,1400,6304200,1892101,700,8640000,2800000,1891400,630000,1261400,630000,0,0,0,631400,63056,0.0631
distribute_parallel_for_collapse_500_900_700,500,700,0,1400,6304200,1892101,700,8640000,2800000,1891400,630000,1261400,630000,0,0,0,631400,75651,0.0757
swap_distribute_parallel_for_collapse_500_900_700,500,700,0,1400,6304200,1892101,700,8640000,2800000,1891400,630000,1261400,630000,0,0,0,631400,79795,0.0798
distribute_parallel_for_500_900_800,500,800,0,1600,7204800,2162401,800,9360000,3200000,2161600,720000,1441600,720000,0,0,0,721600,218567,0.2186
distribute_parallel_for_split_500_900_800,500,800,0,1600,7204800,2162401,800,9360000,3200000,2161600,720000,1441600,720000,0,0,0,721600,107257,0.1073
swap_distribute_parallel_for_500_900_800,500,800,0,1600,7204800,2162401,800,9360000,3200000,2161600,720000,1441600,720000,0,0,0,721600,178712,0.1787
swap_distribute_parallel_for_split_500_900_800,500,800,0,1600,7204800,2162401,800,9360000,3200000,2161600,720000,1441600,720000,0,0,0,721600,92667,0.0927
distribute_parallel_for_collapse_500_900_800,500,800,0,1600,7204800,2162401,800,9360000,3200000,2161600,720000,1441600,720000,0,0,0,721600,84614,0.0846
swap_distribute_parallel_for_collapse_500_900_800,500,800,0,1600,7204800,2162401,800,9360000,3200000,2161600,720000,1441600,720000,0,0,0,721600,94724,0.0947
distribute_parallel_for_500_900_900,500,900,0,1800,8105400,2432701,900,10080000,3600000,2431800,810000,1621800,810000,0,0,0,811800,236337,0.2363
distribute_parallel_for_split_500_900_900,500,900,0,1800,8105400,2432701,900,10080000,3600000,2431800,810000,1621800,810000,0,0,0,811800,116132,0.1161
swap_distribute_parallel_for_500_900_900,500,900,0,1800,8105400,2432701,900,10080000,3600000,2431800,810000,1621800,810000,0,0,0,811800,181570,0.1816
swap_distribute_parallel_for_split_500_900_900,500,900,0,1800,8105400,2432701,900,10080000,3600000,2431800,810000,1621800,810000,0,0,0,811800,96087,0.0961
distribute_parallel_for_collapse_500_900_900,500,900,0,1800,8105400,2432701,900,10080000,3600000,2431800,810000,1621800,810000,0,0,0,811800,115886,0.1159
swap_distribute_parallel_for_collapse_500_900_900,500,900,0,1800,8105400,2432701,900,10080000,3600000,2431800,810000,1621800,810000,0,0,0,811800,103311,0.1033
distribute_parallel_for_600_100_100,600,100,0,200,100600,30301,100,560000,480000,30200,10000,20200,10000,0,0,0,10200,11373,0.0114
distribute_parallel_for_split_600_100_100,600,100,0,200,100600,30301,100,560000,480000,30200,10000,20200,10000,0,0,0,10200,5013,0.0050
swap_distribute_parallel_for_600_100_100,600,100,0,200,100600,30301,100,560000,480000,30200,10000,20200,10000,0,0,0,10200,19432,0.0194
swap_distribute_parallel_for_split_600_100_100,600,100,0,200,100600,30301,100,560000,480000,30200,10000,20200,10000,0,0,0,10200,4381,0.0044
distribute_parallel_for_collapse_600_100_100,600,100,0,200,100600,30301,100,560000,480000,30200,10000,20200,10000,0,0,0,10200,3928,0.0039
swap_distribute_parallel_for_collapse_600_100_100,600,100,0,200,100600,30301,100,560000,480000,30200,10000,20200,10000,0,0,0,10200,4036,0.0040
distribute_parallel_for_600_100_200,600,200,0,400,201200,60601,200,640000,960000,60400,20000,40400,20000,0,0,0,20400,15970,0.0160
distribute_parallel_for_split_600_100_200,600,200,0,400,201200,60601,200,640000,960000,60400,20000,40400,20000,0,0,0,20400,25364,0.0254
swap_distribute_parallel_for_600_100_200,600,200,0,400,201200,60601,200,640000,960000,60400,20000,40400,20000,0,0,0,20400,39870,0.0399
swap_distribute_parallel_for_split_600_100_200,600,200,0,400,201200,60601,200,640000,960000,60400,20000,40400,20000,0,0,0,20400,19658,0.0197
distribute_parallel_for_collapse_600_100_200,600,200,0,400,201200,60601,200,640000,960000,60400,20000,40400,20000,0,0,0,20400,5713,0.0057
swap_distribute_parallel_for_collapse_600_100_200,600,200,0,400,201200,60601,200,640000,960000,60400,20000,40400,20000,0,0,0,20400,5477,0.0055
distribute_parallel_for_600_100_300,600,300,0,600,301800,90901,300,720000,1440000,90600,30000,60600,30000,0,0,0,30600,28108,0.0281
distribute_parallel_for_split_600_100_300,600,300,0,600,301800,90901,300,720000,1440000,90600,30000,60600,30000,0,0,0,30600,7909,0.0079
swap_distribute_parallel_for_600_100_300,600,300,0,600,301800,90901,300,720000,1440000,90600,30000,60600,30000,0,0,0,30600,19738,0.0197
swap_distribute_parallel_for_split_600_100_300,600,300,0,600,301800,90901,300,720000,1440000,90600,30000,60600,30000,0,0,0,30600,7914,0.0079
distribute_parallel_for_collapse_600_100_300,600,300,0,600,301800,90901,300,720000,1440000,90600,30000,60600,30000,0,0,0,30600,6381,0.0064
swap_distribute_parallel_for_collapse_600_100_300,600,300,0,600,301800,90901,300,720000,1440000,90600,30000,60600,30000,0,0,0,30600,6507,0.0065
distribute_parallel_for_600_100_400,600,400,0,800,402400,121201,400,800000,1920000,120800,40000,80800,40000,0,0,0,40800,22558,0.0226
distribute_parallel_for_split_600_100_400,600,400,0,800,402400,121201,400,800000,1920000,120800,40000,80800,40000,0,0,0,40800,9245,0.0092
swap_distribute_parallel_for_600_100_400,600,400,0,800,402400,121201,400,800000,1920000,120800,40000,80800,40000,0,0,0,40800,20490,0.0205
swap_distribute_parallel_for_split_600_100_400,600,400,0,800,402400,121201,400,800000,1920000,120800,40000,80800,40000,0,0,0,40800,8438,0.0084
distribute_parallel_for_collapse_600_100_400,600,400,0,800,402400,121201,400,800000,1920000,120800,40000,80800,40000,0,0,0,40800,7348,0.0073
swap_distribute_parallel_for_collapse_600_100_400,600,400,0,800,402400,121201,400,800000,1920000,120800,40000,80800,40000,0,0,0,40800,7330,0.0073
distribute_parallel_for_600_100_500,600,500,0,1000,503000,151501,500,880000,2400000,151000,50000,101000,50000,0,0,0,51000,23137,0.0231
distribute_parallel_for_split_600_100_500,600,500,0,1000,503000,151501,500,880000,2400000,151000,50000,101000,50000,0,0,0,51000,10697,0.0107
swap_distribute_parallel_for_600_100_500,600,500,0,1000,503000,151501,500,880000,2400000,151000,50000,101000,50000,0,0,0,51000,19006,0.0190
swap_distribute_parallel_for_split_600_100_500,600,500,0,1000,503000,151501,500,880000,2400000,151000,50000,101000,50000,0,0,0,51000,11444,0.0114
distribute_parallel_for_collapse_600_100_500,600,500,0,1000,503000,151501,500,880000,2400000,151000,50000,101000,50000,0,0,0,51000,8874,0.0089
swap_distribute_parallel_for_collapse_600_100_500,600,500,0,1000,503000,151501,500,880000,2400000,151000,50000,101000,50000,0,0,0,51000,8771,0.0088
distribute_parallel_for_600_100_600,600,600,0,1200,603600,181801,600,960000,2880000,181200,60000,121200,60000,0,0,0,61200,27536,0.0275
distribute_parallel_for_split_600_100_600,600,600,0,1200,603600,181801,600,960000,2880000,181200,60000,121200,60000,0,0,0,61200,33325,0.0333
swap_distribute_parallel_for_600_100_600,600,600,0,1200,603600,181801,600,960000,2880000,181200,60000,121200,60000,0,0,0,61200,40281,0.0403
swap_distribute_parallel_for_split_600_100_600,600,600,0,1200,603600,181801,600,960000,2880000,181200,60000,121200,60000,0,0,0,61200,39138,0.0391
distribute_parallel_for_collapse_600_100_600,600,600,0,1200,603600,181801,600,960000,2880000,181200,60000,121200,60000,0,0,0,61200,10973,0.0110
swap_distribute_parallel_for_collapse_600_100_600,600,600,0,1200,603600,181801,600,960000,2880000,181200,60000,121200,60000,0,0,0,61200,29716,0.0297
distribute_parallel_for_600_100_700,600,700,0,1400,704200,212101,700,1040000,3360000,211400,70000,141400,70000,0,0,0,71400,40899,0.0409
distribute_parallel_for_split_600_100_700,600,700,0,1400,704200,212101,700,1040000,3360000,211400,70000,141400,70000,0,0,0,71400,13921,0.0139
swap_distribute_parallel_for_600_100_700,600,700,0,1400,704200,212101,700,1040000,3360000,211400,70000,141400,70000,0,0,0,71400,35941,0.0359
swap_distribute_parallel_for_split_600_100_700,600,700,0,1400,704200,212101,700,1040000,3360000,211400,70000,141400,70000,0,0,0,71400,29988,0.0300
distribute_parallel_for_collapse_600_100_700,600,700,0,1400,704200,212101,700,1040000,3360000,211400,70000,141400,70000,0,0,0,71400,30008,0.0300
swap_distribute_parallel_for_collapse_600_100_700,600,700,0,1400,704200,212101,700,1040000,3360000,211400,70000,141400,70000,0,0,0,71400,11459,0.0115
distribute_parallel_for_600_100_800,600,800,0,1600,804800,242401,800,1120000,3840000,241600,80000,161600,80000,0,0,0,81600,30190,0.0302
distribute_parallel_for_split_600_100_800,600,800,0,1600,804800,242401,800,1120000,3840000,241600,80000,161600,80000,0,0,0,81600,14008,0.0140
swap_distribute_parallel_for_600_100_800,600,800,0,1600,804800,242401,800,1120000,3840000,241600,80000,161600,80000,0,0,0,81600,20446,0.0204
swap_distribute_parallel_for_split_600_100_800,600,800,0,1600,804800,242401,800,1120000,3840000,241600,80000,161600,80000,0,0,0,81600,13898,0.0139
distribute_parallel_for_collapse_600_100_800,600,800,0,1600,804800,242401,800,1120000,3840000,241600,80000,161600,80000,0,0,0,81600,11684,0.0117
swap_distribute_parallel_for_collapse_600_100_800,600,800,0,1600,804800,242401,800,1120000,3840000,241600,80000,161600,80000,0,0,0,81600,11844,0.0118
distribute_parallel_for_600_100_900,600,900,0,1800,905400,272701,900,1200000,4320000,271800,90000,181800,90000,0,0,0,91800,35594,0.0356
distribute_parallel_for_split_600_100_900,600,900,0,1800,905400,272701,900,1200000,4320000,271800,90000,181800,90000,0,0,0,91800,29901,0.0299
swap_distribute_parallel_for_600_100_900,600,900,0,1800,905400,272701,900,1200000,4320000,271800,90000,181800,90000,0,0,0,91800,30133,0.0301
swap_distribute_parallel_for_split_600_100_900,600,900,0,1800,905400,272701,900,1200000,4320000,271800,90000,181800,90000,0,0,0,91800,15972,0.0160
distribute_parallel_for_collapse_600_100_900,600,900,0,1800,905400,272701,900,1200000,4320000,271800,90000,181800,90000,0,0,0,91800,23479,0.0235
swap_distribute_parallel_for_collapse_600_100_900,600,900,0,1800,905400,272701,900,1200000,4320000,271800,90000,181800,90000,0,0,0,91800,12283,0.0123
distribute_parallel_for_600_200_100,600,100,0,200,200600,60301,100,1120000,480000,60200,20000,40200,20000,0,0,0,20200,15645,0.0156
distribute_parallel_for_split_600_200_100,600,100,0,200,200600,60301,100,1120000,480000,60200,20000,40200,20000,0,0,0,20200,6681,0.0067
swap_distribute_parallel_for_600_200_100,600,100,0,200,200600,60301,100,1120000,480000,60200,20000,40200,20000,0,0,0,20200,37754,0.0378
swap_distribute_parallel_for_split_600_200_100,600,100,0,200,200600,60301,100,1120000,480000,60200,20000,40200,20000,0,0,0,20200,6647,0.0066
distribute_parallel_for_collapse_600_200_100,600,100,0,200,200600,60301,100,1120000,480000,60200,20000,40200,20000,0,0,0,20200,5208,0.0052
swap_distribute_parallel_for_collapse_600_200_100,600,100,0,200,200600,60301,100,1120000,480000,60200,20000,40200,20000,0,0,0,20200,5290,0.0053
distribute_parallel_for_600_200_200,600,200,0,400,401200,120601,200,1280000,960000,120400,40000,80400,40000,0,0,0,40400,80522,0.0805
distribute_parallel_for_split_600_200_200,600,200,0,400,401200,120601,200,1280000,960000,120400,40000,80400,40000,0,0,0,40400,22390,0.0224
swap_distribute_parallel_for_600_200_200,600,200,0,400,401200,120601,200,1280000,960000,120400,40000,80400,40000,0,0,0,40400,70504,0.0705
swap_distribute_parallel_for_split_600_200_200,600,200,0,400,401200,120601,200,1280000,960000,120400,40000,80400,40000,0,0,0,40400,18561,0.0186
distribute_parallel_for_collapse_600_200_200,600,200,0,400,401200,120601,200,1280000,960000,120400,40000,80400,40000,0,0,0,40400,11510,0.0115
swap_distribute_parallel_for_collapse_600_200_200,600,200,0,400,401200,120601,200,1280000,960000,120400,40000,80400,40000,0,0,0,40400,23524,0.0235
distribute_parallel_for_600_200_300,600,300,0,600,601800,180901,300,1440000,1440000,180600,60000,120600,60000,0,0,0,60600,25454,0.0255
distribute_parallel_for_split_600_200_300,600,300,0,600,601800,180901,300,1440000,1440000,180600,60000,120600,60000,0,0,0,60600,12414,0.0124
swap_distribute_parallel_for_600_200_300,600,300,0,600,601800,180901,300,1440000,1440000,180600,60000,120600,60000,0,0,0,60600,38681,0.0387
swap_distribute_parallel_for_split_600_200_300,600,300,0,600,601800,180901,300,1440000,1440000,180600,60000,120600,60000,0,0,0,60600,12464,0.0125
distribute_parallel_for_collapse_600_200_300,600,300,0,600,601800,180901,300,1440000,1440000,180600,60000,120600,60000,0,0,0,60600,9770,0.0098
swap_distribute_parallel_for_collapse_600_200_300,600,300,0,600,601800,180901,300,1440000,1440000,180600,60000,120600,60000,0,0,0,60600,9496,0.0095
distribute_parallel_for_600_200_400,600,400,0,800,802400,241201,400,1600000,1920000,240800,80000,160800,80000,0,0,0,80800,60729,0.0607
distribute_parallel_for_split_600_200_400,600,400,0,800,802400,241201,400,1600000,1920000,240800,80000,160800,80000,0,0,0,80800,27043,0.0270
swap_distribute_parallel_for_600_200_400,600,400,0,800,802400,241201,400,1600000,1920000,240800,80000,160800,80000,0,0,0,80800,62718,0.0627
swap_distribute_parallel_for_split_600_200_400,600,400,0,800,802400,241201,400,1600000,1920000,240800,80000,160800,80000,0,0,0,80800,29916,0.0299
distribute_parallel_for_collapse_600_200_400,600,400,0,800,802400,241201,400,1600000,1920000,240800,80000,160800,80000,0,0,0,80800,29938,0.0299
swap_distribute_parallel_for_collapse_600_200_400,600,400,0,800,802400,241201,400,1600000,1920000,240800,80000,160800,80000,0,0,0,80800,29861,0.0299
distribute_parallel_for_600_200_500,600,500,0,1000,1003000,301501,500,1760000,2400000,301000,100000,201000,100000,0,0,0,101000,58773,0.0588
distribute_parallel_for_split_600_200_500,600,500,0,1000,1003000,301501,500,1760000,2400000,301000,100000,201000,100000,0,0,0,101000,32128,0.0321
swap_distribute_parallel_for_600_200_500,600,500,0,1000,1003000,301501,500,1760000,2400000,301000,100000,201000,100000,0,0,0,101000,49890,0.0499
swap_distribute_parallel_for_split_600_200_500,600,500,0,1000,1003000,301501,500,1760000,2400000,301000,100000,201000,100000,0,0,0,101000,42433,0.0424
distribute_parallel_for_collapse_600_200_500,600,500,0,1000,1003000,301501,500,1760000,2400000,301000,100000,201000,100000,0,0,0,101000,13832,0.0138
swap_distribute_parallel_for_collapse_600_200_500,600,500,0,1000,1003000,301501,500,1760000,2400000,301000,100000,201000,100000,0,0,0,101000,23617,0.0236
distribute_parallel_for_600_200_600,600,600,0,1200,1203600,361801,600,1920000,2880000,361200,120000,241200,120000,0,0,0,121200,39389,0.0394
distribute_parallel_for_split_600_200_600,600,600,0,1200,1203600,361801,600,1920000,2880000,361200,120000,241200,120000,0,0,0,121200,30896,0.0309
swap_distribute_parallel_for_600_200_600,600,600,0,1200,1203600,361801,600,1920000,2880000,361200,120000,241200,120000,0,0,0,121200,57190,0.0572
swap_distribute_parallel_for_split_600_200_600,600,600,0,1200,1203600,361801,600,1920000,2880000,361200,120000,241200,120000,0,0,0,121200,17285,0.0173
distribute_parallel_for_collapse_600_200_600,600,600,0,1200,1203600,361801,600,1920000,2880000,361200,120000,241200,120000,0,0,0,121200,42663,0.0427
swap_distribute_parallel_for_collapse_600_200_600,600,600,0,1200,1203600,361801,600,1920000,2880000,361200,120000,241200,120000,0,0,0,121200,31320,0.0313
distribute_parallel_for_600_200_700,600,700,0,1400,1404200,422101,700,2080000,3360000,421400,140000,281400,140000,0,0,0,141400,87035,0.0870
distribute_parallel_for_split_600_200_700,600,700,0,1400,1404200,422101,700,2080000,3360000,421400,140000,281400,140000,0,0,0,141400,57155,0.0572
swap_distribute_parallel_for_600_200_700,600,700,0,1400,1404200,422101,700,2080000,3360000,421400,140000,281400,140000,0,0,0,141400,56366,0.0564
swap_distribute_parallel_for_split_600_200_700,600,700,0,1400,1404200,422101,700,2080000,3360000,421400,140000,281400,140000,0,0,0,141400,30742,0.0307
distribute_parallel_for_collapse_600_200_700,600,700,0,1400,1404200,422101,700,2080000,3360000,421400,140000,281400,140000,0,0,0,141400,38909,0.0389
swap_distribute_parallel_for_collapse_600_200_700,600,700,0,1400,1404200,422101,700,2080000,3360000,421400,140000,281400,140000,0,0,0,141400,59366,0.0594
distribute_parallel_for_600_200_800,600,800,0,1600,1604800,482401,800,2240000,3840000,481600,160000,321600,160000,0,0,0,161600,52865,0.0529
distribute_parallel_for_split_600_200_800,600,800,0,1600,1604800,482401,800,2240000,3840000,481600,160000,321600,160000,0,0,0,161600,28338,0.0283
swap_distribute_parallel_for_600_200_800,600,800,0,1600,1604800,482401,800,2240000,3840000,481600,160000,321600,160000,0,0,0,161600,59877,0.0599
swap_distribute_parallel_for_split_600_200_800,600,800,0,1600,1604800,482401,800,2240000,3840000,481600,160000,321600,160000,0,0,0,161600,39899,0.0399
distribute_parallel_for_collapse_600_200_800,600,800,0,1600,1604800,482401,800,2240000,3840000,481600,160000,321600,160000,0,0,0,161600,20314,0.0203
swap_distribute_parallel_for_collapse_600_200_800,600,800,0,1600,1604800,482401,800,2240000,3840000,481600,160000,321600,160000,0,0,0,161600,19631,0.0196
distribute_parallel_for_600_200_900,600,900,0,1800,1805400,542701,900,2400000,4320000,541800,180000,361800,180000,0,0,0,181800,55615,0.0556
distribute_parallel_for_split_600_200_900,600,900,0,1800,1805400,542701,900,2400000,4320000,541800,180000,361800,180000,0,0,0,181800,28098,0.0281
swap_distribute_parallel_for_600_200_900,600,900,0,1800,1805400,542701,900,2400000,4320000,541800,180000,361800,180000,0,0,0,181800,40033,0.0400
swap_distribute_parallel_for_split_600_200_900,600,900,0,1800,1805400,542701,900,2400000,4320000,541800,180000,361800,180000,0,0,0,181800,23695,0.0237
distribute_parallel_for_collapse_600_200_900,600,900,0,1800,1805400,542701,900,2400000,4320000,541800,180000,361800,180000,0,0,0,181800,22371,0.0224
swap_distribute_parallel_for_collapse_600_200_900,600,900,0,1800,1805400,542701,900,2400000,4320000,541800,180000,361800,180000,0,0,0,181800,21719,0.0217
distribute_parallel_for_600_300_100,600,100,0,200,300600,90301,100,1680000,480000,90200,30000,60200,30000,0,0,0,30200,18062,0.0181
distribute_parallel_for_split_600_300_100,600,100,0,200,300600,90301,100,1680000,480000,90200,30000,60200,30000,0,0,0,30200,12312,0.0123
swap_distribute_parallel_for_600_300_100,600,100,0,200,300600,90301,100,1680000,480000,90200,30000,60200,30000,0,0,0,30200,60433,0.0604
swap_distribute_parallel_for_split_600_300_100,600,100,0,200,300600,90301,100,1680000,480000,90200,30000,60200,30000,0,0,0,30200,29039,0.0290
distribute_parallel_for_collapse_600_300_100,600,100,0,200,300600,90301,100,1680000,480000,90200,30000,60200,30000,0,0,0,30200,6474,0.0065
swap_distribute_parallel_for_collapse_600_300_100,600,100,0,200,300600,90301,100,1680000,480000,90200,30000,60200,30000,0,0,0,30200,6436,0.0064
distribute_parallel_for_600_300_200,600,200,0,400,601200,180601,200,1920000,960000,180400,60000,120400,60000,0,0,0,60400,25299,0.0253
distribute_parallel_for_split_600_300_200,600,200,0,400,601200,180601,200,1920000,960000,180400,60000,120400,60000,0,0,0,60400,11758,0.0118
swap_distribute_parallel_for_600_300_200,600,200,0,400,601200,180601,200,1920000,960000,180400,60000,120400,60000,0,0,0,60400,63371,0.0634
swap_distribute_parallel_for_split_600_300_200,600,200,0,400,601200,180601,200,1920000,960000,180400,60000,120400,60000,0,0,0,60400,9721,0.0097
distribute_parallel_for_collapse_600_300_200,600,200,0,400,601200,180601,200,1920000,960000,180400,60000,120400,60000,0,0,0,60400,8860,0.0089
swap_distribute_parallel_for_collapse_600_300_200,600,200,0,400,601200,180601,200,1920000,960000,180400,60000,120400,60000,0,0,0,60400,9007,0.0090
distribute_parallel_for_600_300_300,600,300,0,600,901800,270901,300,2160000,1440000,270600,90000,180600,90000,0,0,0,90600,32599,0.0326
distribute_parallel_for_split_600_300_300,600,300,0,600,901800,270901,300,2160000,1440000,270600,90000,180600,90000,0,0,0,90600,15931,0.0159
swap_distribute_parallel_for_600_300_300,600,300,0,600,901800,270901,300,2160000,1440000,270600,90000,180600,90000,0,0,0,90600,59356,0.0594
swap_distribute_parallel_for_split_600_300_300,600,300,0,600,901800,270901,300,2160000,1440000,270600,90000,180600,90000,0,0,0,90600,17095,0.0171
distribute_parallel_for_collapse_600_300_300,600,300,0,600,901800,270901,300,2160000,1440000,270600,90000,180600,90000,0,0,0,90600,13794,0.0138
swap_distribute_parallel_for_collapse_600_300_300,600,300,0,600,901800,270901,300,2160000,1440000,270600,90000,180600,90000,0,0,0,90600,13747,0.0137
distribute_parallel_for_600_300_400,600,400,0,800,1202400,361201,400,2400000,1920000,360800,120000,240800,120000,0,0,0,120800,56311,0.0563
distribute_parallel_for_split_600_300_400,600,400,0,800,1202400,361201,400,2400000,1920000,360800,120000,240800,120000,0,0,0,120800,22656,0.0227
swap_distribute_parallel_for_600_300_400,600,400,0,800,1202400,361201,400,2400000,1920000,360800,120000,240800,120000,0,0,0,120800,77741,0.0777
swap_distribute_parallel_for_split_600_300_400,600,400,0,800,1202400,361201,400,2400000,1920000,360800,120000,240800,120000,0,0,0,120800,20148,0.0201
distribute_parallel_for_collapse_600_300_400,600,400,0,800,1202400,361201,400,2400000,1920000,360800,120000,240800,120000,0,0,0,120800,29521,0.0295
swap_distribute_parallel_for_collapse_600_300_400,600,400,0,800,1202400,361201,400,2400000,1920000,360800,120000,240800,120000,0,0,0,120800,18848,0.0188
distribute_parallel_for_600_300_500,600,500,0,1000,1503000,451501,500,2640000,2400000,451000,150000,301000,150000,0,0,0,151000,84049,0.0840
distribute_parallel_for_split_600_300_500,600,500,0,1000,1503000,451501,500,2640000,2400000,451000,150000,301000,150000,0,0,0,151000,24744,0.0247
swap_distribute_parallel_for_600_300_500,600,500,0,1000,1503000,451501,500,2640000,2400000,451000,150000,301000,150000,0,0,0,151000,60158,0.0602
swap_distribute_parallel_for_split_600_300_500,600,500,0,1000,1503000,451501,500,2640000,2400000,451000,150000,301000,150000,0,0,0,151000,24327,0.0243
distribute_parallel_for_collapse_600_300_500,600,500,0,1000,1503000,451501,500,2640000,2400000,451000,150000,301000,150000,0,0,0,151000,18556,0.0186
swap_distribute_parallel_for_collapse_600_300_500,600,500,0,1000,1503000,451501,500,2640000,2400000,451000,150000,301000,150000,0,0,0,151000,21212,0.0212
distribute_parallel_for_600_300_600,600,600,0,1200,1803600,541801,600,2880000,2880000,541200,180000,361200,180000,0,0,0,181200,58185,0.0582
distribute_parallel_for_split_600_300_600,600,600,0,1200,1803600,541801,600,2880000,2880000,541200,180000,361200,180000,0,0,0,181200,41897,0.0419
swap_distribute_parallel_for_600_300_600,600,600,0,1200,1803600,541801,600,2880000,2880000,541200,180000,361200,180000,0,0,0,181200,89914,0.0899
swap_distribute_parallel_for_split_600_300_600,600,600,0,1200,1803600,541801,600,2880000,2880000,541200,180000,361200,180000,0,0,0,181200,24757,0.0248
distribute_parallel_for_collapse_600_300_600,600,600,0,1200,1803600,541801,600,2880000,2880000,541200,180000,361200,180000,0,0,0,181200,21401,0.0214
swap_distribute_parallel_for_collapse_600_300_600,600,600,0,1200,1803600,541801,600,2880000,2880000,541200,180000,361200,180000,0,0,0,181200,21897,0.0219
distribute_parallel_for_600_300_700,600,700,0,1400,2104200,632101,700,3120000,3360000,631400,210000,421400,210000,0,0,0,211400,104475,0.1045
distribute_parallel_for_split_600_300_700,600,700,0,1400,2104200,632101,700,3120000,3360000,631400,210000,421400,210000,0,0,0,211400,37683,0.0377
swap_distribute_parallel_for_600_300_700,600,700,0,1400,2104200,632101,700,3120000,3360000,631400,210000,421400,210000,0,0,0,211400,78465,0.0785
swap_distribute_parallel_for_split_600_300_700,600,700,0,1400,2104200,632101,700,3120000,3360000,631400,210000,421400,210000,0,0,0,211400,39936,0.0399
distribute_parallel_for_collapse_600_300_700,600,700,0,1400,2104200,632101,700,3120000,3360000,631400,210000,421400,210000,0,0,0,211400,39927,0.0399
swap_distribute_parallel_for_collapse_600_300_700,600,700,0,1400,2104200,632101,700,3120000,3360000,631400,210000,421400,210000,0,0,0,211400,39959,0.0400
distribute_parallel_for_600_300_800,600,800,0,1600,2404800,722401,800,3360000,3840000,721600,240000,481600,240000,0,0,0,241600,86250,0.0862
distribute_parallel_for_split_600_300_800,600,800,0,1600,2404800,722401,800,3360000,3840000,721600,240000,481600,240000,0,0,0,241600,39855,0.0399
swap_distribute_parallel_for_600_300_800,600,800,0,1600,2404800,722401,800,3360000,3840000,721600,240000,481600,240000,0,0,0,241600,79243,0.0792
swap_distribute_parallel_for_split_600_300_800,600,800,0,1600,2404800,722401,800,3360000,3840000,721600,240000,481600,240000,0,0,0,241600,41847,0.0418
distribute_parallel_for_collapse_600_300_800,600,800,0,1600,2404800,722401,800,3360000,3840000,721600,240000,481600,240000,0,0,0,241600,30922,0.0309
swap_distribute_parallel_for_collapse_600_300_800,600,800,0,1600,2404800,722401,800,3360000,3840000,721600,240000,481600,240000,0,0,0,241600,37807,0.0378
distribute_parallel_for_600_300_900,600,900,0,1800,2705400,812701,900,3600000,4320000,811800,270000,541800,270000,0,0,0,271800,101492,0.1015
distribute_parallel_for_split_600_300_900,600,900,0,1800,2705400,812701,900,3600000,4320000,811800,270000,541800,270000,0,0,0,271800,48105,0.0481
swap_distribute_parallel_for_600_300_900,600,900,0,1800,2705400,812701,900,3600000,4320000,811800,270000,541800,270000,0,0,0,271800,68824,0.0688
swap_distribute_parallel_for_split_600_300_900,600,900,0,1800,2705400,812701,900,3600000,4320000,811800,270000,541800,270000,0,0,0,271800,44063,0.0441
distribute_parallel_for_collapse_600_300_900,600,900,0,1800,2705400,812701,900,3600000,4320000,811800,270000,541800,270000,0,0,0,271800,32955,0.0330
swap_distribute_parallel_for_collapse_600_300_900,600,900,0,1800,2705400,812701,900,3600000,4320000,811800,270000,541800,270000,0,0,0,271800,35003,0.0350
distribute_parallel_for_600_400_100,600,100,0,200,400600,120301,100,2240000,480000,120200,40000,80200,40000,0,0,0,40200,19765,0.0198
distribute_parallel_for_split_600_400_100,600,100,0,200,400600,120301,100,2240000,480000,120200,40000,80200,40000,0,0,0,40200,8763,0.0088
swap_distribute_parallel_for_600_400_100,600,100,0,200,400600,120301,100,2240000,480000,120200,40000,80200,40000,0,0,0,40200,75527,0.0755
swap_distribute_parallel_for_split_600_400_100,600,100,0,200,400600,120301,100,2240000,480000,120200,40000,80200,40000,0,0,0,40200,10693,0.0107
distribute_parallel_for_collapse_600_400_100,600,100,0,200,400600,120301,100,2240000,480000,120200,40000,80200,40000,0,0,0,40200,7000,0.0070
swap_distribute_parallel_for_collapse_600_400_100,600,100,0,200,400600,120301,100,2240000,480000,120200,40000,80200,40000,0,0,0,40200,7051,0.0071
distribute_parallel_for_6500_6500_6500,6500,6500,0,13000,422539000,126769501,6500,676000000,338000000,126763000,42250000,84513000,42250000,0,0,0,42263000,78449448,78.4494
distribute_parallel_for_split_6500_6500_6500,6500,6500,0,13000,422539000,126769501,6500,676000000,338000000,126763000,42250000,84513000,42250000,0,0,0,42263000,82221563,82.2216
swap_distribute_parallel_for_6500_6500_6500,6500,6500,0,13000,422539000,126769501,6500,676000000,338000000,126763000,42250000,84513000,42250000,0,0,0,42263000,110265540,110.2655
swap_distribute_parallel_for_split_6500_6500_6500,6500,6500,0,13000,422539000,126769501,6500,676000000,338000000,126763000,42250000,84513000,42250000,0,0,0,42263000,74195469,74.1955
distribute_parallel_for_collapse_6500_6500_6500,6500,6500,0,13000,422539000,126769501,6500,676000000,338000000,126763000,42250000,84513000,42250000,0,0,0,42263000,89468849,89.4688
swap_distribute_parallel_for_collapse_6500_6500_6500,6500,6500,0,13000,422539000,126769501,6500,676000000,338000000,126763000,42250000,84513000,42250000,0,0,0,42263000,100254486,100.2545
distribute_parallel_for_6500_6500_7000,6500,7000,0,14000,455042000,136521001,7000,702000000,364000000,136514000,45500000,91014000,45500000,0,0,0,45514000,84146072,84.1461
distribute_parallel_for_split_6500_6500_7000,6500,7000,0,14000,455042000,136521001,7000,702000000,364000000,136514000,45500000,91014000,45500000,0,0,0,45514000,94879239,94.8792
swap_distribute_parallel_for_6500_6500_7000,6500,7000,0,14000,455042000,136521001,7000,702000000,364000000,136514000,45500000,91014000,45500000,0,0,0,45514000,107837321,107.8373
swap_distribute_parallel_for_split_6500_6500_7000,6500,7000,0,14000,455042000,136521001,7000,702000000,364000000,136514000,45500000,91014000,45500000,0,0,0,45514000,78324403,78.3244
distribute_parallel_for_collapse_6500_6500_7000,6500,7000,0,14000,455042000,136521001,7000,702000000,364000000,136514000,45500000,91014000,45500000,0,0,0,45514000,97604961,97.6050
swap_distribute_parallel_for_collapse_6500_6500_7000,6500,7000,0,14000,455042000,136521001,7000,702000000,364000000,136514000,45500000,91014000,45500000,0,0,0,45514000,104362775,104.3628
distribute_parallel_for_6500_6500_7500,6500,7500,0,15000,487545000,146272501,7500,728000000,390000000,146265000,48750000,97515000,48750000,0,0,0,48765000,85125418,85.1254
distribute_parallel_for_split_6500_6500_7500,6500,7500,0,15000,487545000,146272501,7500,728000000,390000000,146265000,48750000,97515000,48750000,0,0,0,48765000,97655640,97.6556
swap_distribute_parallel_for_6500_6500_7500,6500,7500,0,15000,487545000,146272501,7500,728000000,390000000,146265000,48750000,97515000,48750000,0,0,0,48765000,115450049,115.4500
swap_distribute_parallel_for_split_6500_6500_7500,6500,7500,0,15000,487545000,146272501,7500,728000000,390000000,146265000,48750000,97515000,48750000,0,0,0,48765000,85393709,85.3937
distribute_parallel_for_collapse_6500_6500_7500,6500,7500,0,15000,487545000,146272501,7500,728000000,390000000,146265000,48750000,97515000,48750000,0,0,0,48765000,96614531,96.6145
swap_distribute_parallel_for_collapse_6500_6500_7500,6500,7500,0,15000,487545000,146272501,7500,728000000,390000000,146265000,48750000,97515000,48750000,0,0,0,48765000,116855017,116.8550
distribute_parallel_for_6500_6500_8000,6500,8000,0,16000,520048000,156024001,8000,754000000,416000000,156016000,52000000,104016000,52000000,0,0,0,52016000,96918341,96.9183
distribute_parallel_for_split_6500_6500_8000,6500,8000,0,16000,520048000,156024001,8000,754000000,416000000,156016000,52000000,104016000,52000000,0,0,0,52016000,101582403,101.5824
swap_distribute_parallel_for_6500_6500_8000,6500,8000,0,16000,520048000,156024001,8000,754000000,416000000,156016000,52000000,104016000,52000000,0,0,0,52016000,134961887,134.9619
swap_distribute_parallel_for_split_6500_6500_8000,6500,8000,0,16000,520048000,156024001,8000,754000000,416000000,156016000,52000000,104016000,52000000,0,0,0,52016000,90544520,90.5445
distribute_parallel_for_collapse_6500_6500_8000,6500,8000,0,16000,520048000,156024001,8000,754000000,416000000,156016000,52000000,104016000,52000000,0,0,0,52016000,112222149,112.2221
swap_distribute_parallel_for_collapse_6500_6500_8000,6500,8000,0,16000,520048000,156024001,8000,754000000,416000000,156016000,52000000,104016000,52000000,0,0,0,52016000,120027643,120.0276
distribute_parallel_for_6500_7000_6500,6500,6500,0,13000,455039000,136519501,6500,728000000,338000000,136513000,45500000,91013000,45500000,0,0,0,45513000,81208585,81.2086
distribute_parallel_for_split_6500_7000_6500,6500,6500,0,13000,455039000,136519501,6500,728000000,338000000,136513000,45500000,91013000,45500000,0,0,0,45513000,89440407,89.4404
swap_distribute_parallel_for_6500_7000_6500,6500,6500,0,13000,455039000,136519501,6500,728000000,338000000,136513000,45500000,91013000,45500000,0,0,0,45513000,118692601,118.6926
swap_distribute_parallel_for_split_6500_7000_6500,6500,6500,0,13000,455039000,136519501,6500,728000000,338000000,136513000,45500000,91013000,45500000,0,0,0,45513000,79582010,79.5820
distribute_parallel_for_collapse_6500_7000_6500,6500,6500,0,13000,455039000,136519501,6500,728000000,338000000,136513000,45500000,91013000,45500000,0,0,0,45513000,96491743,96.4917
swap_distribute_parallel_for_collapse_6500_7000_6500,6500,6500,0,13000,455039000,136519501,6500,728000000,338000000,136513000,45500000,91013000,45500000,0,0,0,45513000,108121473,108.1215
distribute_parallel_for_6500_7000_7000,6500,7000,0,14000,490042000,147021001,7000,756000000,364000000,147014000,49000000,98014000,49000000,0,0,0,49014000,88026277,88.0263
distribute_parallel_for_split_6500_7000_7000,6500,7000,0,14000,490042000,147021001,7000,756000000,364000000,147014000,49000000,98014000,49000000,0,0,0,49014000,99734379,99.7344
swap_distribute_parallel_for_6500_7000_7000,6500,7000,0,14000,490042000,147021001,7000,756000000,364000000,147014000,49000000,98014000,49000000,0,0,0,49014000,116130933,116.1309
swap_distribute_parallel_for_split_6500_7000_7000,6500,7000,0,14000,490042000,147021001,7000,756000000,364000000,147014000,49000000,98014000,49000000,0,0,0,49014000,85289622,85.2896
distribute_parallel_for_collapse_6500_7000_7000,6500,7000,0,14000,490042000,147021001,7000,756000000,364000000,147014000,49000000,98014000,49000000,0,0,0,49014000,104997228,104.9972
swap_distribute_parallel_for_collapse_6500_7000_7000,6500,7000,0,14000,490042000,147021001,7000,756000000,364000000,147014000,49000000,98014000,49000000,0,0,0,49014000,112338335,112.3383
distribute_parallel_for_6500_7000_7500,6500,7500,0,15000,525045000,157522501,7500,784000000,390000000,157515000,52500000,105015000,52500000,0,0,0,52515000,96689696,96.6897
distribute_parallel_for_split_6500_7000_7500,6500,7500,0,15000,525045000,157522501,7500,784000000,390000000,157515000,52500000,105015000,52500000,0,0,0,52515000,102194693,102.1947
swap_distribute_parallel_for_6500_7000_7500,6500,7500,0,15000,525045000,157522501,7500,784000000,390000000,157515000,52500000,105015000,52500000,0,0,0,52515000,124886932,124.8869
swap_distribute_parallel_for_split_6500_7000_7500,6500,7500,0,15000,525045000,157522501,7500,784000000,390000000,157515000,52500000,105015000,52500000,0,0,0,52515000,91386107,91.3861
distribute_parallel_for_collapse_6500_7000_7500,6500,7500,0,15000,525045000,157522501,7500,784000000,390000000,157515000,52500000,105015000,52500000,0,0,0,52515000,104905665,104.9057
swap_distribute_parallel_for_collapse_6500_7000_7500,6500,7500,0,15000,525045000,157522501,7500,784000000,390000000,157515000,52500000,105015000,52500000,0,0,0,52515000,126407388,126.4074
distribute_parallel_for_6500_7000_8000,6500,8000,0,16000,560048000,168024001,8000,812000000,416000000,168016000,56000000,112016000,56000000,0,0,0,56016000,103038683,103.0387
distribute_parallel_for_split_6500_7000_8000,6500,8000,0,16000,560048000,168024001,8000,812000000,416000000,168016000,56000000,112016000,56000000,0,0,0,56016000,112602975,112.6030
swap_distribute_parallel_for_6500_7000_8000,6500,8000,0,16000,560048000,168024001,8000,812000000,416000000,168016000,56000000,112016000,56000000,0,0,0,56016000,145124722,145.1247
swap_distribute_parallel_for_split_6500_7000_8000,6500,8000,0,16000,560048000,168024001,8000,812000000,416000000,168016000,56000000,112016000,56000000,0,0,0,56016000,97551578,97.5516
distribute_parallel_for_collapse_6500_7000_8000,6500,8000,0,16000,560048000,168024001,8000,812000000,416000000,168016000,56000000,112016000,56000000,0,0,0,56016000,121043353,121.0434
swap_distribute_parallel_for_collapse_6500_7000_8000,6500,8000,0,16000,560048000,168024001,8000,812000000,416000000,168016000,56000000,112016000,56000000,0,0,0,56016000,129423950,129.4239
distribute_parallel_for_6500_7500_6500,6500,6500,0,13000,487539000,146269501,6500,780000000,338000000,146263000,48750000,97513000,48750000,0,0,0,48763000,86597766,86.5978
distribute_parallel_for_split_6500_7500_6500,6500,6500,0,13000,487539000,146269501,6500,780000000,338000000,146263000,48750000,97513000,48750000,0,0,0,48763000,104013953,104.0140
swap_distribute_parallel_for_6500_7500_6500,6500,6500,0,13000,487539000,146269501,6500,780000000,338000000,146263000,48750000,97513000,48750000,0,0,0,48763000,127389329,127.3893
swap_distribute_parallel_for_split_6500_7500_6500,6500,6500,0,13000,487539000,146269501,6500,780000000,338000000,146263000,48750000,97513000,48750000,0,0,0,48763000,85139053,85.1391
distribute_parallel_for_collapse_6500_7500_6500,6500,6500,0,13000,487539000,146269501,6500,780000000,338000000,146263000,48750000,97513000,48750000,0,0,0,48763000,103629463,103.6295
swap_distribute_parallel_for_collapse_6500_7500_6500,6500,6500,0,13000,487539000,146269501,6500,780000000,338000000,146263000,48750000,97513000,48750000,0,0,0,48763000,115963173,115.9632
distribute_parallel_for_6500_7500_7500,6500,7500,0,15000,562545000,168772501,7500,840000000,390000000,168765000,56250000,112515000,56250000,0,0,0,56265000,116660419,116.6604
distribute_parallel_for_split_6500_7500_7500,6500,7500,0,15000,562545000,168772501,7500,840000000,390000000,168765000,56250000,112515000,56250000,0,0,0,56265000,125639058,125.6391
swap_distribute_parallel_for_6500_7500_7500,6500,7500,0,15000,562545000,168772501,7500,840000000,390000000,168765000,56250000,112515000,56250000,0,0,0,56265000,144634433,144.6344
swap_distribute_parallel_for_split_6500_7500_7500,6500,7500,0,15000,562545000,168772501,7500,840000000,390000000,168765000,56250000,112515000,56250000,0,0,0,56265000,110144075,110.1441
distribute_parallel_for_collapse_6500_7500_7500,6500,7500,0,15000,562545000,168772501,7500,840000000,390000000,168765000,56250000,112515000,56250000,0,0,0,56265000,123883013,123.8830
swap_distribute_parallel_for_collapse_6500_7500_7500,6500,7500,0,15000,562545000,168772501,7500,840000000,390000000,168765000,56250000,112515000,56250000,0,0,0,56265000,145544186,145.5442
distribute_parallel_for_6500_7500_8000,6500,8000,0,16000,600048000,180024001,8000,870000000,416000000,180016000,60000000,120016000,60000000,0,0,0,60016000,110243238,110.2432
distribute_parallel_for_split_6500_7500_8000,6500,8000,0,16000,600048000,180024001,8000,870000000,416000000,180016000,60000000,120016000,60000000,0,0,0,60016000,122067993,122.0680
swap_distribute_parallel_for_6500_7500_8000,6500,8000,0,16000,600048000,180024001,8000,870000000,416000000,180016000,60000000,120016000,60000000,0,0,0,60016000,155816742,155.8167
swap_distribute_parallel_for_split_6500_7500_8000,6500,8000,0,16000,600048000,180024001,8000,870000000,416000000,180016000,60000000,120016000,60000000,0,0,0,60016000,104346068,104.3461
distribute_parallel_for_collapse_6500_7500_8000,6500,8000,0,16000,600048000,180024001,8000,870000000,416000000,180016000,60000000,120016000,60000000,0,0,0,60016000,130090674,130.0907
swap_distribute_parallel_for_collapse_6500_7500_8000,6500,8000,0,16000,600048000,180024001,8000,870000000,416000000,180016000,60000000,120016000,60000000,0,0,0,60016000,139020327,139.0203
distribute_parallel_for_6500_8000_6500,6500,6500,0,13000,520039000,156019501,6500,832000000,338000000,156013000,52000000,104013000,52000000,0,0,0,52013000,109200249,109.2002
distribute_parallel_for_split_6500_8000_6500,6500,6500,0,13000,520039000,156019501,6500,832000000,338000000,156013000,52000000,104013000,52000000,0,0,0,52013000,113205507,113.2055
swap_distribute_parallel_for_6500_8000_6500,6500,6500,0,13000,520039000,156019501,6500,832000000,338000000,156013000,52000000,104013000,52000000,0,0,0,52013000,148248359,148.2484
swap_distribute_parallel_for_split_6500_8000_6500,6500,6500,0,13000,520039000,156019501,6500,832000000,338000000,156013000,52000000,104013000,52000000,0,0,0,52013000,101900102,101.9001
distribute_parallel_for_collapse_6500_8000_6500,6500,6500,0,13000,520039000,156019501,6500,832000000,338000000,156013000,52000000,104013000,52000000,0,0,0,52013000,118832997,118.8330
swap_distribute_parallel_for_collapse_6500_8000_6500,6500,6500,0,13000,520039000,156019501,6500,832000000,338000000,156013000,52000000,104013000,52000000,0,0,0,52013000,133457362,133.4574
distribute_parallel_for_6500_8000_7000,6500,7000,0,14000,560042000,168021001,7000,864000000,364000000,168014000,56000000,112014000,56000000,0,0,0,56014000,104669999,104.6700
distribute_parallel_for_split_6500_8000_7000,6500,7000,0,14000,560042000,168021001,7000,864000000,364000000,168014000,56000000,112014000,56000000,0,0,0,56014000,115600977,115.6010
swap_distribute_parallel_for_6500_8000_7000,6500,7000,0,14000,560042000,168021001,7000,864000000,364000000,168014000,56000000,112014000,56000000,0,0,0,56014000,132954249,132.9542
swap_distribute_parallel_for_split_6500_8000_7000,6500,7000,0,14000,560042000,168021001,7000,864000000,364000000,168014000,56000000,112014000,56000000,0,0,0,56014000,97362259,97.3623
distribute_parallel_for_collapse_6500_8000_7000,6500,7000,0,14000,560042000,168021001,7000,864000000,364000000,168014000,56000000,112014000,56000000,0,0,0,56014000,120736927,120.7369
swap_distribute_parallel_for_collapse_6500_8000_7000,6500,7000,0,14000,560042000,168021001,7000,864000000,364000000,168014000,56000000,112014000,56000000,0,0,0,56014000,128595388,128.5954
distribute_parallel_for_6500_8000_7500,6500,7500,0,15000,600045000,180022501,7500,896000000,390000000,180015000,60000000,120015000,60000000,0,0,0,60015000,122216807,122.2168
distribute_parallel_for_split_6500_8000_7500,6500,7500,0,15000,600045000,180022501,7500,896000000,390000000,180015000,60000000,120015000,60000000,0,0,0,60015000,134659462,134.6595
swap_distribute_parallel_for_6500_8000_7500,6500,7500,0,15000,600045000,180022501,7500,896000000,390000000,180015000,60000000,120015000,60000000,0,0,0,60015000,154405773,154.4058
swap_distribute_parallel_for_split_6500_8000_7500,6500,7500,0,15000,600045000,180022501,7500,896000000,390000000,180015000,60000000,120015000,60000000,0,0,0,60015000,117772285,117.7723
distribute_parallel_for_collapse_6500_8000_7500,6500,7500,0,15000,600045000,180022501,7500,896000000,390000000,180015000,60000000,120015000,60000000,0,0,0,60015000,130877550,130.8776
swap_distribute_parallel_for_collapse_6500_8000_7500,6500,7500,0,15000,600045000,180022501,7500,896000000,390000000,180015000,60000000,120015000,60000000,0,0,0,60015000,156131384,156.1314
distribute_parallel_for_6500_8000_8000,6500,8000,0,16000,640048000,192024001,8000,928000000,416000000,192016000,64000000,128016000,64000000,0,0,0,64016000,118417930,118.4179
distribute_parallel_for_split_6500_8000_8000,6500,8000,0,16000,640048000,192024001,8000,928000000,416000000,192016000,64000000,128016000,64000000,0,0,0,64016000,129579490,129.5795
swap_distribute_parallel_for_6500_8000_8000,6500,8000,0,16000,640048000,192024001,8000,928000000,416000000,192016000,64000000,128016000,64000000,0,0,0,64016000,166232382,166.2324
swap_distribute_parallel_for_split_6500_8000_8000,6500,8000,0,16000,640048000,192024001,8000,928000000,416000000,192016000,64000000,128016000,64000000,0,0,0,64016000,112016695,112.0167
distribute_parallel_for_collapse_6500_8000_8000,6500,8000,0,16000,640048000,192024001,8000,928000000,416000000,192016000,64000000,128016000,64000000,0,0,0,64016000,138790108,138.7901
swap_distribute_parallel_for_collapse_6500_8000_8000,6500,8000,0,16000,640048000,192024001,8000,928000000,416000000,192016000,64000000,128016000,64000000,0,0,0,64016000,148369021,148.3690
distribute_parallel_for_7000_6500_6500,7000,6500,0,13000,422539000,126769501,6500,702000000,364000000,126763000,42250000,84513000,42250000,0,0,0,42263000,83318362,83.3184
distribute_parallel_for_split_7000_6500_6500,7000,6500,0,13000,422539000,126769501,6500,702000000,364000000,126763000,42250000,84513000,42250000,0,0,0,42263000,99960289,99.9603
swap_distribute_parallel_for_7000_6500_6500,7000,6500,0,13000,422539000,126769501,6500,702000000,364000000,126763000,42250000,84513000,42250000,0,0,0,42263000,128969683,128.9697
swap_distribute_parallel_for_split_7000_6500_6500,7000,6500,0,13000,422539000,126769501,6500,702000000,364000000,126763000,42250000,84513000,42250000,0,0,0,42263000,88730225,88.7302
distribute_parallel_for_collapse_7000_6500_6500,7000,6500,0,13000,422539000,126769501,6500,702000000,364000000,126763000,42250000,84513000,42250000,0,0,0,42263000,103369382,103.3694
swap_distribute_parallel_for_collapse_7000_6500_6500,7000,6500,0,13000,422539000,126769501,6500,702000000,364000000,126763000,42250000,84513000,42250000,0,0,0,42263000,116493157,116.4932
distribute_parallel_for_7000_6500_7000,7000,7000,0,14000,455042000,136521001,7000,728000000,392000000,136514000,45500000,91014000,45500000,0,0,0,45514000,82214285,82.2143
distribute_parallel_for_split_7000_6500_7000,7000,7000,0,14000,455042000,136521001,7000,728000000,392000000,136514000,45500000,91014000,45500000,0,0,0,45514000,98581066,98.5811
swap_distribute_parallel_for_7000_6500_7000,7000,7000,0,14000,455042000,136521001,7000,728000000,392000000,136514000,45500000,91014000,45500000,0,0,0,45514000,116684399,116.6844
swap_distribute_parallel_for_split_7000_6500_7000,7000,7000,0,14000,455042000,136521001,7000,728000000,392000000,136514000,45500000,91014000,45500000,0,0,0,45514000,84336219,84.3362
distribute_parallel_for_collapse_7000_6500_7000,7000,7000,0,14000,455042000,136521001,7000,728000000,392000000,136514000,45500000,91014000,45500000,0,0,0,45514000,105059421,105.0594
swap_distribute_parallel_for_collapse_7000_6500_7000,7000,7000,0,14000,455042000,136521001,7000,728000000,392000000,136514000,45500000,91014000,45500000,0,0,0,45514000,112454997,112.4550
distribute_parallel_for_7000_6500_7500,7000,7500,0,15000,487545000,146272501,7500,754000000,420000000,146265000,48750000,97515000,48750000,0,0,0,48765000,91969641,91.9696
distribute_parallel_for_split_7000_6500_7500,7000,7500,0,15000,487545000,146272501,7500,754000000,420000000,146265000,48750000,97515000,48750000,0,0,0,48765000,114652422,114.6524
swap_distribute_parallel_for_7000_6500_7500,7000,7500,0,15000,487545000,146272501,7500,754000000,420000000,146265000,48750000,97515000,48750000,0,0,0,48765000,133623867,133.6239
swap_distribute_parallel_for_split_7000_6500_7500,7000,7500,0,15000,487545000,146272501,7500,754000000,420000000,146265000,48750000,97515000,48750000,0,0,0,48765000,102641528,102.6415
distribute_parallel_for_collapse_7000_6500_7500,7000,7500,0,15000,487545000,146272501,7500,754000000,420000000,146265000,48750000,97515000,48750000,0,0,0,48765000,116712246,116.7122
swap_distribute_parallel_for_collapse_7000_6500_7500,7000,7500,0,15000,487545000,146272501,7500,754000000,420000000,146265000,48750000,97515000,48750000,0,0,0,48765000,135372328,135.3723
distribute_parallel_for_7000_6500_8000,7000,8000,0,16000,520048000,156024001,8000,780000000,448000000,156016000,52000000,104016000,52000000,0,0,0,52016000,91417446,91.4174
distribute_parallel_for_split_7000_6500_8000,7000,8000,0,16000,520048000,156024001,8000,780000000,448000000,156016000,52000000,104016000,52000000,0,0,0,52016000,110791185,110.7912
swap_distribute_parallel_for_7000_6500_8000,7000,8000,0,16000,520048000,156024001,8000,780000000,448000000,156016000,52000000,104016000,52000000,0,0,0,52016000,145339716,145.3397
swap_distribute_parallel_for_split_7000_6500_8000,7000,8000,0,16000,520048000,156024001,8000,780000000,448000000,156016000,52000000,104016000,52000000,0,0,0,52016000,96770027,96.7700
distribute_parallel_for_collapse_7000_6500_8000,7000,8000,0,16000,520048000,156024001,8000,780000000,448000000,156016000,52000000,104016000,52000000,0,0,0,52016000,120615590,120.6156
swap_distribute_parallel_for_collapse_7000_6500_8000,7000,8000,0,16000,520048000,156024001,8000,780000000,448000000,156016000,52000000,104016000,52000000,0,0,0,52016000,129381514,129.3815
distribute_parallel_for_7000_7000_6500,7000,6500,0,13000,455039000,136519501,6500,756000000,364000000,136513000,45500000,91013000,45500000,0,0,0,45513000,89991731,89.9917
distribute_parallel_for_split_7000_7000_6500,7000,6500,0,13000,455039000,136519501,6500,756000000,364000000,136513000,45500000,91013000,45500000,0,0,0,45513000,107408945,107.4089
swap_distribute_parallel_for_7000_7000_6500,7000,6500,0,13000,455039000,136519501,6500,756000000,364000000,136513000,45500000,91013000,45500000,0,0,0,45513000,138993800,138.9938
swap_distribute_parallel_for_split_7000_7000_6500,7000,6500,0,13000,455039000,136519501,6500,756000000,364000000,136513000,45500000,91013000,45500000,0,0,0,45513000,95591543,95.5915
distribute_parallel_for_collapse_7000_7000_6500,7000,6500,0,13000,455039000,136519501,6500,756000000,364000000,136513000,45500000,91013000,45500000,0,0,0,45513000,111519058,111.5191
swap_distribute_parallel_for_collapse_7000_7000_6500,7000,6500,0,13000,455039000,136519501,6500,756000000,364000000,136513000,45500000,91013000,45500000,0,0,0,45513000,125695355,125.6954
distribute_parallel_for_7000_7000_7000,7000,7000,0,14000,490042000,147021001,7000,784000000,392000000,147014000,49000000,98014000,49000000,0,0,0,49014000,88263912,88.2639
distribute_parallel_for_split_7000_7000_7000,7000,7000,0,14000,490042000,147021001,7000,784000000,392000000,147014000,49000000,98014000,49000000,0,0,0,49014000,110572718,110.5727
swap_distribute_parallel_for_7000_7000_7000,7000,7000,0,14000,490042000,147021001,7000,784000000,392000000,147014000,49000000,98014000,49000000,0,0,0,49014000,125150939,125.1509
swap_distribute_parallel_for_split_7000_7000_7000,7000,7000,0,14000,490042000,147021001,7000,784000000,392000000,147014000,49000000,98014000,49000000,0,0,0,49014000,91322299,91.3223
distribute_parallel_for_collapse_7000_7000_7000,7000,7000,0,14000,490042000,147021001,7000,784000000,392000000,147014000,49000000,98014000,49000000,0,0,0,49014000,113382058,113.3821
swap_distribute_parallel_for_collapse_7000_7000_7000,7000,7000,0,14000,490042000,147021001,7000,784000000,392000000,147014000,49000000,98014000,49000000,0,0,0,49014000,121187817,121.1878
distribute_parallel_for_7000_7000_7500,7000,7500,0,15000,525045000,157522501,7500,812000000,420000000,157515000,52500000,105015000,52500000,0,0,0,52515000,102948103,102.9481
distribute_parallel_for_split_7000_7000_7500,7000,7500,0,15000,525045000,157522501,7500,812000000,420000000,157515000,52500000,105015000,52500000,0,0,0,52515000,123913621,123.9136
swap_distribute_parallel_for_7000_7000_7500,7000,7500,0,15000,525045000,157522501,7500,812000000,420000000,157515000,52500000,105015000,52500000,0,0,0,52515000,144424595,144.4246
swap_distribute_parallel_for_split_7000_7000_7500,7000,7500,0,15000,525045000,157522501,7500,812000000,420000000,157515000,52500000,105015000,52500000,0,0,0,52515000,109857291,109.8573
distribute_parallel_for_collapse_7000_7000_7500,7000,7500,0,15000,525045000,157522501,7500,812000000,420000000,157515000,52500000,105015000,52500000,0,0,0,52515000,125336446,125.3364
swap_distribute_parallel_for_collapse_7000_7000_7500,7000,7500,0,15000,525045000,157522501,7500,812000000,420000000,157515000,52500000,105015000,52500000,0,0,0,52515000,146271868,146.2719
distribute_parallel_for_7000_7000_8000,7000,8000,0,16000,560048000,168024001,8000,840000000,448000000,168016000,56000000,112016000,56000000,0,0,0,56016000,100125274,100.1253
distribute_parallel_for_split_7000_7000_8000,7000,8000,0,16000,560048000,168024001,8000,840000000,448000000,168016000,56000000,112016000,56000000,0,0,0,56016000,122916959,122.9170
swap_distribute_parallel_for_7000_7000_8000,7000,8000,0,16000,560048000,168024001,8000,840000000,448000000,168016000,56000000,112016000,56000000,0,0,0,56016000,156824485,156.8245
swap_distribute_parallel_for_split_7000_7000_8000,7000,8000,0,16000,560048000,168024001,8000,840000000,448000000,168016000,56000000,112016000,56000000,0,0,0,56016000,104690455,104.6905
distribute_parallel_for_collapse_7000_7000_8000,7000,8000,0,16000,560048000,168024001,8000,840000000,448000000,168016000,56000000,112016000,56000000,0,0,0,56016000,130180134,130.1801
swap_distribute_parallel_for_collapse_7000_7000_8000,7000,8000,0,16000,560048000,168024001,8000,840000000,448000000,168016000,56000000,112016000,56000000,0,0,0,56016000,139216475,139.2165
distribute_parallel_for_7000_7500_6500,7000,6500,0,13000,487539000,146269501,6500,810000000,364000000,146263000,48750000,97513000,48750000,0,0,0,48763000,99723486,99.7235
distribute_parallel_for_split_7000_7500_6500,7000,6500,0,13000,487539000,146269501,6500,810000000,364000000,146263000,48750000,97513000,48750000,0,0,0,48763000,115855585,115.8556
swap_distribute_parallel_for_7000_7500_6500,7000,6500,0,13000,487539000,146269501,6500,810000000,364000000,146263000,48750000,97513000,48750000,0,0,0,48763000,149517166,149.5172
swap_distribute_parallel_for_split_7000_7500_6500,7000,6500,0,13000,487539000,146269501,6500,810000000,364000000,146263000,48750000,97513000,48750000,0,0,0,48763000,102130654,102.1307
distribute_parallel_for_collapse_7000_7500_6500,7000,6500,0,13000,487539000,146269501,6500,810000000,364000000,146263000,48750000,97513000,48750000,0,0,0,48763000,119588974,119.5890
swap_distribute_parallel_for_collapse_7000_7500_6500,7000,6500,0,13000,487539000,146269501,6500,810000000,364000000,146263000,48750000,97513000,48750000,0,0,0,48763000,134589997,134.5900
distribute_parallel_for_7000_7500_7000,7000,7000,0,14000,525042000,157521001,7000,840000000,392000000,157514000,52500000,105014000,52500000,0,0,0,52514000,95200649,95.2006
distribute_parallel_for_split_7000_7500_7000,7000,7000,0,14000,525042000,157521001,7000,840000000,392000000,157514000,52500000,105014000,52500000,0,0,0,52514000,117488867,117.4889
swap_distribute_parallel_for_7000_7500_7000,7000,7000,0,14000,525042000,157521001,7000,840000000,392000000,157514000,52500000,105014000,52500000,0,0,0,52514000,134146411,134.1464
swap_distribute_parallel_for_split_7000_7500_7000,7000,7000,0,14000,525042000,157521001,7000,840000000,392000000,157514000,52500000,105014000,52500000,0,0,0,52514000,98941065,98.9411
distribute_parallel_for_collapse_7000_7500_7000,7000,7000,0,14000,525042000,157521001,7000,840000000,392000000,157514000,52500000,105014000,52500000,0,0,0,52514000,121703895,121.7039
swap_distribute_parallel_for_collapse_7000_7500_7000,7000,7000,0,14000,525042000,157521001,7000,840000000,392000000,157514000,52500000,105014000,52500000,0,0,0,52514000,129810759,129.8108
distribute_parallel_for_900_1400_1400,900,1400,0,2800,19608400,5884201,1400,25760000,10080000,5882800,1960000,3922800,1960000,0,0,0,1962800,778244,0.7782
distribute_parallel_for_split_900_1400_1400,900,1400,0,2800,19608400,5884201,1400,25760000,10080000,5882800,1960000,3922800,1960000,0,0,0,1962800,599944,0.5999
swap_distribute_parallel_for_900_1400_1400,900,1400,0,2800,19608400,5884201,1400,25760000,10080000,5882800,1960000,3922800,1960000,0,0,0,1962800,729932,0.7299
swap_distribute_parallel_for_split_900_1400_1400,900,1400,0,2800,19608400,5884201,1400,25760000,10080000,5882800,1960000,3922800,1960000,0,0,0,1962800,544403,0.5444
distribute_parallel_for_collapse_900_1400_1400,900,1400,0,2800,19608400,5884201,1400,25760000,10080000,5882800,1960000,3922800,1960000,0,0,0,1962800,510364,0.5104
swap_distribute_parallel_for_collapse_900_1400_1400,900,1400,0,2800,19608400,5884201,1400,25760000,10080000,5882800,1960000,3922800,1960000,0,0,0,1962800,533344,0.5333
distribute_parallel_for_900_1400_1900,900,1900,0,3800,26611400,7985701,1900,31360000,13680000,7983800,2660000,5323800,2660000,0,0,0,2663800,1048914,1.0489
distribute_parallel_for_split_900_1400_1900,900,1900,0,3800,26611400,7985701,1900,31360000,13680000,7983800,2660000,5323800,2660000,0,0,0,2663800,827552,0.8276
swap_distribute_parallel_for_900_1400_1900,900,1900,0,3800,26611400,7985701,1900,31360000,13680000,7983800,2660000,5323800,2660000,0,0,0,2663800,787858,0.7879
swap_distribute_parallel_for_split_900_1400_1900,900,1900,0,3800,26611400,7985701,1900,31360000,13680000,7983800,2660000,5323800,2660000,0,0,0,2663800,697312,0.6973
distribute_parallel_for_collapse_900_1400_1900,900,1900,0,3800,26611400,7985701,1900,31360000,13680000,7983800,2660000,5323800,2660000,0,0,0,2663800,692528,0.6925
swap_distribute_parallel_for_collapse_900_1400_1900,900,1900,0,3800,26611400,7985701,1900,31360000,13680000,7983800,2660000,5323800,2660000,0,0,0,2663800,755100,0.7551
distribute_parallel_for_900_1400_2400,900,2400,0,4800,33614400,10087201,2400,36960000,17280000,10084800,3360000,6724800,3360000,0,0,0,3364800,1368108,1.3681
distribute_parallel_for_split_900_1400_2400,900,2400,0,4800,33614400,10087201,2400,36960000,17280000,10084800,3360000,6724800,3360000,0,0,0,3364800,1041354,1.0414
swap_distribute_parallel_for_900_1400_2400,900,2400,0,4800,33614400,10087201,2400,36960000,17280000,10084800,3360000,6724800,3360000,0,0,0,3364800,1536518,1.5365
swap_distribute_parallel_for_split_900_1400_2400,900,2400,0,4800,33614400,10087201,2400,36960000,17280000,10084800,3360000,6724800,3360000,0,0,0,3364800,816482,0.8165
distribute_parallel_for_collapse_900_1400_2400,900,2400,0,4800,33614400,10087201,2400,36960000,17280000,10084800,3360000,6724800,3360000,0,0,0,3364800,844855,0.8449
swap_distribute_parallel_for_collapse_900_1400_2400,900,2400,0,4800,33614400,10087201,2400,36960000,17280000,10084800,3360000,6724800,3360000,0,0,0,3364800,968959,0.9690
distribute_parallel_for_900_1400_2900,900,2900,0,5800,40617400,12188701,2900,42560000,20880000,12185800,4060000,8125800,4060000,0,0,0,4065800,1790856,1.7909
distribute_parallel_for_split_900_1400_2900,900,2900,0,5800,40617400,12188701,2900,42560000,20880000,12185800,4060000,8125800,4060000,0,0,0,4065800,1271405,1.2714
swap_distribute_parallel_for_900_1400_2900,900,2900,0,5800,40617400,12188701,2900,42560000,20880000,12185800,4060000,8125800,4060000,0,0,0,4065800,1572364,1.5724
swap_distribute_parallel_for_split_900_1400_2900,900,2900,0,5800,40617400,12188701,2900,42560000,20880000,12185800,4060000,8125800,4060000,0,0,0,4065800,1032597,1.0326
distribute_parallel_for_collapse_900_1400_2900,900,2900,0,5800,40617400,12188701,2900,42560000,20880000,12185800,4060000,8125800,4060000,0,0,0,4065800,1033115,1.0331
swap_distribute_parallel_for_collapse_900_1400_2900,900,2900,0,5800,40617400,12188701,2900,42560000,20880000,12185800,4060000,8125800,4060000,0,0,0,4065800,1191320,1.1913
distribute_parallel_for_900_1400_3400,900,3400,0,6800,47620400,14290201,3400,48160000,24480000,14286800,4760000,9526800,4760000,0,0,0,4766800,1943874,1.9439
distribute_parallel_for_split_900_1400_3400,900,3400,0,6800,47620400,14290201,3400,48160000,24480000,14286800,4760000,9526800,4760000,0,0,0,4766800,1447812,1.4478
swap_distribute_parallel_for_900_1400_3400,900,3400,0,6800,47620400,14290201,3400,48160000,24480000,14286800,4760000,9526800,4760000,0,0,0,4766800,1489789,1.4898
swap_distribute_parallel_for_split_900_1400_3400,900,3400,0,6800,47620400,14290201,3400,48160000,24480000,14286800,4760000,9526800,4760000,0,0,0,4766800,1197172,1.1972
distribute_parallel_for_collapse_900_1400_3400,900,3400,0,6800,47620400,14290201,3400,48160000,24480000,14286800,4760000,9526800,4760000,0,0,0,4766800,1221347,1.2213
swap_distribute_parallel_for_collapse_900_1400_3400,900,3400,0,6800,47620400,14290201,3400,48160000,24480000,14286800,4760000,9526800,4760000,0,0,0,4766800,1403258,1.4033
distribute_parallel_for_900_1400_3900,900,3900,0,7800,54623400,16391701,3900,53760000,28080000,16387800,5460000,10927800,5460000,0,0,0,5467800,2201375,2.2014
distribute_parallel_for_split_900_1400_3900,900,3900,0,7800,54623400,16391701,3900,53760000,28080000,16387800,5460000,10927800,5460000,0,0,0,5467800,1596197,1.5962
swap_distribute_parallel_for_900_1400_3900,900,3900,0,7800,54623400,16391701,3900,53760000,28080000,16387800,5460000,10927800,5460000,0,0,0,5467800,2114758,2.1148
swap_distribute_parallel_for_split_900_1400_3900,900,3900,0,7800,54623400,16391701,3900,53760000,28080000,16387800,5460000,10927800,5460000,0,0,0,5467800,1375384,1.3754
distribute_parallel_for_collapse_900_1400_3900,900,3900,0,7800,54623400,16391701,3900,53760000,28080000,16387800,5460000,10927800,5460000,0,0,0,5467800,1393185,1.3932
swap_distribute_parallel_for_collapse_900_1400_3900,900,3900,0,7800,54623400,16391701,3900,53760000,28080000,16387800,5460000,10927800,5460000,0,0,0,5467800,1639327,1.6393
distribute_parallel_for_900_1400_900,900,900,0,1800,12605400,3782701,900,20160000,6480000,3781800,1260000,2521800,1260000,0,0,0,1261800,582465,0.5825
distribute_parallel_for_split_900_1400_900,900,900,0,1800,12605400,3782701,900,20160000,6480000,3781800,1260000,2521800,1260000,0,0,0,1261800,307770,0.3078
swap_distribute_parallel_for_900_1400_900,900,900,0,1800,12605400,3782701,900,20160000,6480000,3781800,1260000,2521800,1260000,0,0,0,1261800,586909,0.5869
swap_distribute_parallel_for_split_900_1400_900,900,900,0,1800,12605400,3782701,900,20160000,6480000,3781800,1260000,2521800,1260000,0,0,0,1261800,327313,0.3273
distribute_parallel_for_collapse_900_1400_900,900,900,0,1800,12605400,3782701,900,20160000,6480000,3781800,1260000,2521800,1260000,0,0,0,1261800,327099,0.3271
swap_distribute_parallel_for_collapse_900_1400_900,900,900,0,1800,12605400,3782701,900,20160000,6480000,3781800,1260000,2521800,1260000,0,0,0,1261800,346334,0.3463
distribute_parallel_for_900_1900_1400,900,1400,0,2800,26608400,7984201,1400,34960000,10080000,7982800,2660000,5322800,2660000,0,0,0,2662800,1036728,1.0367
distribute_parallel_for_split_900_1900_1400,900,1400,0,2800,26608400,7984201,1400,34960000,10080000,7982800,2660000,5322800,2660000,0,0,0,2662800,813870,0.8139
swap_distribute_parallel_for_900_1900_1400,900,1400,0,2800,26608400,7984201,1400,34960000,10080000,7982800,2660000,5322800,2660000,0,0,0,2662800,1004405,1.0044
swap_distribute_parallel_for_split_900_1900_1400,900,1400,0,2800,26608400,7984201,1400,34960000,10080000,7982800,2660000,5322800,2660000,0,0,0,2662800,639034,0.6390
distribute_parallel_for_collapse_900_1900_1400,900,1400,0,2800,26608400,7984201,1400,34960000,10080000,7982800,2660000,5322800,2660000,0,0,0,2662800,729046,0.7290
swap_distribute_parallel_for_collapse_900_1900_1400,900,1400,0,2800,26608400,7984201,1400,34960000,10080000,7982800,2660000,5322800,2660000,0,0,0,2662800,731728,0.7317
distribute_parallel_for_900_1900_1900,900,1900,0,3800,36111400,10835701,1900,42560000,13680000,10833800,3610000,7223800,3610000,0,0,0,3613800,1411472,1.4115
distribute_parallel_for_split_900_1900_1900,900,1900,0,3800,36111400,10835701,1900,42560000,13680000,10833800,3610000,7223800,3610000,0,0,0,3613800,1142350,1.1423
swap_distribute_parallel_for_900_1900_1900,900,1900,0,3800,36111400,10835701,1900,42560000,13680000,10833800,3610000,7223800,3610000,0,0,0,3613800,1019012,1.0190
swap_distribute_parallel_for_split_900_1900_1900,900,1900,0,3800,36111400,10835701,1900,42560000,13680000,10833800,3610000,7223800,3610000,0,0,0,3613800,902051,0.9021
distribute_parallel_for_collapse_900_1900_1900,900,1900,0,3800,36111400,10835701,1900,42560000,13680000,10833800,3610000,7223800,3610000,0,0,0,3613800,928408,0.9284
swap_distribute_parallel_for_collapse_900_1900_1900,900,1900,0,3800,36111400,10835701,1900,42560000,13680000,10833800,3610000,7223800,3610000,0,0,0,3613800,1045675,1.0457
distribute_parallel_for_900_1900_2400,900,2400,0,4800,45614400,13687201,2400,50160000,17280000,13684800,4560000,9124800,4560000,0,0,0,4564800,2079315,2.0793
distribute_parallel_for_split_900_1900_2400,900,2400,0,4800,45614400,13687201,2400,50160000,17280000,13684800,4560000,9124800,4560000,0,0,0,4564800,1449934,1.4499
swap_distribute_parallel_for_900_1900_2400,900,2400,0,4800,45614400,13687201,2400,50160000,17280000,13684800,4560000,9124800,4560000,0,0,0,4564800,2076761,2.0768
swap_distribute_parallel_for_split_900_1900_2400,900,2400,0,4800,45614400,13687201,2400,50160000,17280000,13684800,4560000,9124800,4560000,0,0,0,4564800,1117405,1.1174
distribute_parallel_for_collapse_900_1900_2400,900,2400,0,4800,45614400,13687201,2400,50160000,17280000,13684800,4560000,9124800,4560000,0,0,0,4564800,1183884,1.1839
swap_distribute_parallel_for_collapse_900_1900_2400,900,2400,0,4800,45614400,13687201,2400,50160000,17280000,13684800,4560000,9124800,4560000,0,0,0,4564800,1348853,1.3489
distribute_parallel_for_900_1900_2900,900,2900,0,5800,55117400,16538701,2900,57760000,20880000,16535800,5510000,11025800,5510000,0,0,0,5515800,2099083,2.0991
distribute_parallel_for_split_900_1900_2900,900,2900,0,5800,55117400,16538701,2900,57760000,20880000,16535800,5510000,11025800,5510000,0,0,0,5515800,1758110,1.7581
swap_distribute_parallel_for_900_1900_2900,900,2900,0,5800,55117400,16538701,2900,57760000,20880000,16535800,5510000,11025800,5510000,0,0,0,5515800,2054264,2.0543
swap_distribute_parallel_for_split_900_1900_2900,900,2900,0,5800,55117400,16538701,2900,57760000,20880000,16535800,5510000,11025800,5510000,0,0,0,5515800,1390662,1.3907
distribute_parallel_for_collapse_900_1900_2900,900,2900,0,5800,55117400,16538701,2900,57760000,20880000,16535800,5510000,11025800,5510000,0,0,0,5515800,1441530,1.4415
swap_distribute_parallel_for_collapse_900_1900_2900,900,2900,0,5800,55117400,16538701,2900,57760000,20880000,16535800,5510000,11025800,5510000,0,0,0,5515800,1636834,1.6368
distribute_parallel_for_900_1900_3400,900,3400,0,6800,64620400,19390201,3400,65360000,24480000,19386800,6460000,12926800,6460000,0,0,0,6466800,2605976,2.6060
distribute_parallel_for_split_900_1900_3400,900,3400,0,6800,64620400,19390201,3400,65360000,24480000,19386800,6460000,12926800,6460000,0,0,0,6466800,2169037,2.1690
swap_distribute_parallel_for_900_1900_3400,900,3400,0,6800,64620400,19390201,3400,65360000,24480000,19386800,6460000,12926800,6460000,0,0,0,6466800,2009693,2.0097
swap_distribute_parallel_for_split_900_1900_3400,900,3400,0,6800,64620400,19390201,3400,65360000,24480000,19386800,6460000,12926800,6460000,0,0,0,6466800,1644526,1.6445
distribute_parallel_for_collapse_900_1900_3400,900,3400,0,6800,64620400,19390201,3400,65360000,24480000,19386800,6460000,12926800,6460000,0,0,0,6466800,1725562,1.7256
swap_distribute_parallel_for_collapse_900_1900_3400,900,3400,0,6800,64620400,19390201,3400,65360000,24480000,19386800,6460000,12926800,6460000,0,0,0,6466800,1915203,1.9152
distribute_parallel_for_900_1900_3900,900,3900,0,7800,74123400,22241701,3900,72960000,28080000,22237800,7410000,14827800,7410000,0,0,0,7417800,2817878,2.8179
distribute_parallel_for_split_900_1900_3900,900,3900,0,7800,74123400,22241701,3900,72960000,28080000,22237800,7410000,14827800,7410000,0,0,0,7417800,2366164,2.3662
swap_distribute_parallel_for_900_1900_3900,900,3900,0,7800,74123400,22241701,3900,72960000,28080000,22237800,7410000,14827800,7410000,0,0,0,7417800,2889704,2.8897
swap_distribute_parallel_for_split_900_1900_3900,900,3900,0,7800,74123400,22241701,3900,72960000,28080000,22237800,7410000,14827800,7410000,0,0,0,7417800,1863810,1.8638
distribute_parallel_for_collapse_900_1900_3900,900,3900,0,7800,74123400,22241701,3900,72960000,28080000,22237800,7410000,14827800,7410000,0,0,0,7417800,1912413,1.9124
swap_distribute_parallel_for_collapse_900_1900_3900,900,3900,0,7800,74123400,22241701,3900,72960000,28080000,22237800,7410000,14827800,7410000,0,0,0,7417800,2235451,2.2355
distribute_parallel_for_900_1900_900,900,900,0,1800,17105400,5132701,900,27360000,6480000,5131800,1710000,3421800,1710000,0,0,0,1711800,647523,0.6475
distribute_parallel_for_split_900_1900_900,900,900,0,1800,17105400,5132701,900,27360000,6480000,5131800,1710000,3421800,1710000,0,0,0,1711800,526819,0.5268
swap_distribute_parallel_for_900_1900_900,900,900,0,1800,17105400,5132701,900,27360000,6480000,5131800,1710000,3421800,1710000,0,0,0,1711800,776002,0.7760
swap_distribute_parallel_for_split_900_1900_900,900,900,0,1800,17105400,5132701,900,27360000,6480000,5131800,1710000,3421800,1710000,0,0,0,1711800,419146,0.4191
distribute_parallel_for_collapse_900_1900_900,900,900,0,1800,17105400,5132701,900,27360000,6480000,5131800,1710000,3421800,1710000,0,0,0,1711800,431513,0.4315
swap_distribute_parallel_for_collapse_900_1900_900,900,900,0,1800,17105400,5132701,900,27360000,6480000,5131800,1710000,3421800,1710000,0,0,0,1711800,405261,0.4053
distribute_parallel_for_900_2400_1400,900,1400,0,2800,33608400,10084201,1400,44160000,10080000,10082800,3360000,6722800,3360000,0,0,0,3362800,1567388,1.5674
distribute_parallel_for_split_900_2400_1400,900,1400,0,2800,33608400,10084201,1400,44160000,10080000,10082800,3360000,6722800,3360000,0,0,0,3362800,1051379,1.0514
swap_distribute_parallel_for_900_2400_1400,900,1400,0,2800,33608400,10084201,1400,44160000,10080000,10082800,3360000,6722800,3360000,0,0,0,3362800,1282872,1.2829
swap_distribute_parallel_for_split_900_2400_1400,900,1400,0,2800,33608400,10084201,1400,44160000,10080000,10082800,3360000,6722800,3360000,0,0,0,3362800,867557,0.8676
distribute_parallel_for_collapse_900_2400_1400,900,1400,0,2800,33608400,10084201,1400,44160000,10080000,10082800,3360000,6722800,3360000,0,0,0,3362800,869468,0.8695
swap_distribute_parallel_for_collapse_900_2400_1400,900,1400,0,2800,33608400,10084201,1400,44160000,10080000,10082800,3360000,6722800,3360000,0,0,0,3362800,946401,0.9464
distribute_parallel_for_900_2400_1900,900,1900,0,3800,45611400,13685701,1900,53760000,13680000,13683800,4560000,9123800,4560000,0,0,0,4563800,1854522,1.8545
distribute_parallel_for_split_900_2400_1900,900,1900,0,3800,45611400,13685701,1900,53760000,13680000,13683800,4560000,9123800,4560000,0,0,0,4563800,1436571,1.4366
swap_distribute_parallel_for_900_2400_1900,900,1900,0,3800,45611400,13685701,1900,53760000,13680000,13683800,4560000,9123800,4560000,0,0,0,4563800,1289725,1.2897
swap_distribute_parallel_for_split_900_2400_1900,900,1900,0,3800,45611400,13685701,1900,53760000,13680000,13683800,4560000,9123800,4560000,0,0,0,4563800,1139609,1.1396
distribute_parallel_for_collapse_900_2400_1900,900,1900,0,3800,45611400,13685701,1900,53760000,13680000,13683800,4560000,9123800,4560000,0,0,0,4563800,1179765,1.1798
swap_distribute_parallel_for_collapse_900_2400_1900,900,1900,0,3800,45611400,13685701,1900,53760000,13680000,13683800,4560000,9123800,4560000,0,0,0,4563800,1320008,1.3200
distribute_parallel_for_900_2400_2400,900,2400,0,4800,57614400,17287201,2400,63360000,17280000,17284800,5760000,11524800,5760000,0,0,0,5764800,2191061,2.1911
distribute_parallel_for_split_900_2400_2400,900,2400,0,4800,57614400,17287201,2400,63360000,17280000,17284800,5760000,11524800,5760000,0,0,0,5764800,1896863,1.8969
swap_distribute_parallel_for_900_2400_2400,900,2400,0,4800,57614400,17287201,2400,63360000,17280000,17284800,5760000,11524800,5760000,0,0,0,5764800,2607440,2.6074
swap_distribute_parallel_for_split_900_2400_2400,900,2400,0,4800,57614400,17287201,2400,63360000,17280000,17284800,5760000,11524800,5760000,0,0,0,5764800,1387960,1.3880
distribute_parallel_for_collapse_900_2400_2400,900,2400,0,4800,57614400,17287201,2400,63360000,17280000,17284800,5760000,11524800,5760000,0,0,0,5764800,1540938,1.5409
swap_distribute_parallel_for_collapse_900_2400_2400,900,2400,0,4800,57614400,17287201,2400,63360000,17280000,17284800,5760000,11524800,5760000,0,0,0,5764800,1734436,1.7344
distribute_parallel_for_900_2400_2900,900,2900,0,5800,69617400,20888701,2900,72960000,20880000,20885800,6960000,13925800,6960000,0,0,0,6965800,2673248,2.6732
distribute_parallel_for_split_900_2400_2900,900,2900,0,5800,69617400,20888701,2900,72960000,20880000,20885800,6960000,13925800,6960000,0,0,0,6965800,2255660,2.2557
swap_distribute_parallel_for_900_2400_2900,900,2900,0,5800,69617400,20888701,2900,72960000,20880000,20885800,6960000,13925800,6960000,0,0,0,6965800,2618492,2.6185
swap_distribute_parallel_for_split_900_2400_2900,900,2900,0,5800,69617400,20888701,2900,72960000,20880000,20885800,6960000,13925800,6960000,0,0,0,6965800,1763475,1.7635
distribute_parallel_for_collapse_900_2400_2900,900,2900,0,5800,69617400,20888701,2900,72960000,20880000,20885800,6960000,13925800,6960000,0,0,0,6965800,1783927,1.7839
swap_distribute_parallel_for_collapse_900_2400_2900,900,2900,0,5800,69617400,20888701,2900,72960000,20880000,20885800,6960000,13925800,6960000,0,0,0,6965800,2108274,2.1083
distribute_parallel_for_900_2400_3400,900,3400,0,6800,81620400,24490201,3400,82560000,24480000,24486800,8160000,16326800,8160000,0,0,0,8166800,3696038,3.6960
distribute_parallel_for_split_900_2400_3400,900,3400,0,6800,81620400,24490201,3400,82560000,24480000,24486800,8160000,16326800,8160000,0,0,0,8166800,2720705,2.7207
swap_distribute_parallel_for_900_2400_3400,900,3400,0,6800,81620400,24490201,3400,82560000,24480000,24486800,8160000,16326800,8160000,0,0,0,8166800,2536850,2.5368
swap_distribute_parallel_for_split_900_2400_3400,900,3400,0,6800,81620400,24490201,3400,82560000,24480000,24486800,8160000,16326800,8160000,0,0,0,8166800,2078481,2.0785
distribute_parallel_for_collapse_900_2400_3400,900,3400,0,6800,81620400,24490201,3400,82560000,24480000,24486800,8160000,16326800,8160000,0,0,0,8166800,2110593,2.1106
swap_distribute_parallel_for_collapse_900_2400_3400,900,3400,0,6800,81620400,24490201,3400,82560000,24480000,24486800,8160000,16326800,8160000,0,0,0,8166800,2514047,2.5140
distribute_parallel_for_900_2400_3900,900,3900,0,7800,93623400,28091701,3900,92160000,28080000,28087800,9360000,18727800,9360000,0,0,0,9367800,3521081,3.5211
distribute_parallel_for_split_900_2400_3900,900,3900,0,7800,93623400,28091701,3900,92160000,28080000,28087800,9360000,18727800,9360000,0,0,0,9367800,3043176,3.0432
swap_distribute_parallel_for_900_2400_3900,900,3900,0,7800,93623400,28091701,3900,92160000,28080000,28087800,9360000,18727800,9360000,0,0,0,9367800,3862994,3.8630
swap_distribute_parallel_for_split_900_2400_3900,900,3900,0,7800,93623400,28091701,3900,92160000,28080000,28087800,9360000,18727800,9360000,0,0,0,9367800,2414370,2.4144
distribute_parallel_for_collapse_900_2400_3900,900,3900,0,7800,93623400,28091701,3900,92160000,28080000,28087800,9360000,18727800,9360000,0,0,0,9367800,2471901,2.4719
swap_distribute_parallel_for_collapse_900_2400_3900,900,3900,0,7800,93623400,28091701,3900,92160000,28080000,28087800,9360000,18727800,9360000,0,0,0,9367800,2883296,2.8833
distribute_parallel_for_900_2400_900,900,900,0,1800,21605400,6482701,900,34560000,6480000,6481800,2160000,4321800,2160000,0,0,0,2161800,957850,0.9578
distribute_parallel_for_split_900_2400_900,900,900,0,1800,21605400,6482701,900,34560000,6480000,6481800,2160000,4321800,2160000,0,0,0,2161800,730629,0.7306
swap_distribute_parallel_for_900_2400_900,900,900,0,1800,21605400,6482701,900,34560000,6480000,6481800,2160000,4321800,2160000,0,0,0,2161800,999060,0.9991
swap_distribute_parallel_for_split_900_2400_900,900,900,0,1800,21605400,6482701,900,34560000,6480000,6481800,2160000,4321800,2160000,0,0,0,2161800,530094,0.5301
distribute_parallel_for_collapse_900_2400_900,900,900,0,1800,21605400,6482701,900,34560000,6480000,6481800,2160000,4321800,2160000,0,0,0,2161800,567441,0.5674
swap_distribute_parallel_for_collapse_900_2400_900,900,900,0,1800,21605400,6482701,900,34560000,6480000,6481800,2160000,4321800,2160000,0,0,0,2161800,523342,0.5233
distribute_parallel_for_900_2900_1400,900,1400,0,2800,40608400,12184201,1400,53360000,10080000,12182800,4060000,8122800,4060000,0,0,0,4062800,1866090,1.8661
distribute_parallel_for_split_900_2900_1400,900,1400,0,2800,40608400,12184201,1400,53360000,10080000,12182800,4060000,8122800,4060000,0,0,0,4062800,1325024,1.3250
swap_distribute_parallel_for_900_2900_1400,900,1400,0,2800,40608400,12184201,1400,53360000,10080000,12182800,4060000,8122800,4060000,0,0,0,4062800,1550657,1.5507
swap_distribute_parallel_for_split_900_2900_1400,900,1400,0,2800,40608400,12184201,1400,53360000,10080000,12182800,4060000,8122800,4060000,0,0,0,4062800,978482,0.9785
distribute_parallel_for_collapse_900_2900_1400,900,1400,0,2800,40608400,12184201,1400,53360000,10080000,12182800,4060000,8122800,4060000,0,0,0,4062800,1057267,1.0573
swap_distribute_parallel_for_collapse_900_2900_1400,900,1400,0,2800,40608400,12184201,1400,53360000,10080000,12182800,4060000,8122800,4060000,0,0,0,4062800,1133327,1.1333
distribute_parallel_for_900_2900_1900,900,1900,0,3800,55111400,16535701,1900,64960000,13680000,16533800,5510000,11023800,5510000,0,0,0,5513800,2078325,2.0783
distribute_parallel_for_split_900_2900_1900,900,1900,0,3800,55111400,16535701,1900,64960000,13680000,16533800,5510000,11023800,5510000,0,0,0,5513800,1732124,1.7321
swap_distribute_parallel_for_900_2900_1900,900,1900,0,3800,55111400,16535701,1900,64960000,13680000,16533800,5510000,11023800,5510000,0,0,0,5513800,1583923,1.5839
swap_distribute_parallel_for_split_900_2900_1900,900,1900,0,3800,55111400,16535701,1900,64960000,13680000,16533800,5510000,11023800,5510000,0,0,0,5513800,1371355,1.3714
distribute_parallel_for_collapse_900_2900_1900,900,1900,0,3800,55111400,16535701,1900,64960000,13680000,16533800,5510000,11023800,5510000,0,0,0,5513800,1462918,1.4629
swap_distribute_parallel_for_collapse_900_2900_1900,900,1900,0,3800,55111400,16535701,1900,64960000,13680000,16533800,5510000,11023800,5510000,0,0,0,5513800,1588999,1.5890
distribute_parallel_for_900_2900_2400,900,2400,0,4800,69614400,20887201,2400,76560000,17280000,20884800,6960000,13924800,6960000,0,0,0,6964800,3185979,3.1860
distribute_parallel_for_split_900_2900_2400,900,2400,0,4800,69614400,20887201,2400,76560000,17280000,20884800,6960000,13924800,6960000,0,0,0,6964800,2288310,2.2883
swap_distribute_parallel_for_900_2900_2400,900,2400,0,4800,69614400,20887201,2400,76560000,17280000,20884800,6960000,13924800,6960000,0,0,0,6964800,3124742,3.1247
swap_distribute_parallel_for_split_900_2900_2400,900,2400,0,4800,69614400,20887201,2400,76560000,17280000,20884800,6960000,13924800,6960000,0,0,0,6964800,1702772,1.7028
distribute_parallel_for_collapse_900_2900_2400,900,2400,0,4800,69614400,20887201,2400,76560000,17280000,20884800,6960000,13924800,6960000,0,0,0,6964800,1917685,1.9177
swap_distribute_parallel_for_collapse_900_2900_2400,900,2400,0,4800,69614400,20887201,2400,76560000,17280000,20884800,6960000,13924800,6960000,0,0,0,6964800,2122145,2.1221
distribute_parallel_for_900_2900_2900,900,2900,0,5800,84117400,25238701,2900,88160000,20880000,25235800,8410000,16825800,8410000,0,0,0,8415800,3212984,3.2130
distribute_parallel_for_split_900_2900_2900,900,2900,0,5800,84117400,25238701,2900,88160000,20880000,25235800,8410000,16825800,8410000,0,0,0,8415800,2859799,2.8598
swap_distribute_parallel_for_900_2900_2900,900,2900,0,5800,84117400,25238701,2900,88160000,20880000,25235800,8410000,16825800,8410000,0,0,0,8415800,3192814,3.1928
swap_distribute_parallel_for_split_900_2900_2900,900,2900,0,5800,84117400,25238701,2900,88160000,20880000,25235800,8410000,16825800,8410000,0,0,0,8415800,2164015,2.1640
distribute_parallel_for_collapse_900_2900_2900,900,2900,0,5800,84117400,25238701,2900,88160000,20880000,25235800,8410000,16825800,8410000,0,0,0,8415800,2157283,2.1573
swap_distribute_parallel_for_collapse_900_2900_2900,900,2900,0,5800,84117400,25238701,2900,88160000,20880000,25235800,8410000,16825800,8410000,0,0,0,8415800,2550635,2.5506
distribute_parallel_for_900_2900_3400,900,3400,0,6800,98620400,29590201,3400,99760000,24480000,29586800,9860000,19726800,9860000,0,0,0,9866800,3706895,3.7069
distribute_parallel_for_split_900_2900_3400,900,3400,0,6800,98620400,29590201,3400,99760000,24480000,29586800,9860000,19726800,9860000,0,0,0,9866800,3233238,3.2332
swap_distribute_parallel_for_900_2900_3400,900,3400,0,6800,98620400,29590201,3400,99760000,24480000,29586800,9860000,19726800,9860000,0,0,0,9866800,3132713,3.1327
swap_distribute_parallel_for_split_900_2900_3400,900,3400,0,6800,98620400,29590201,3400,99760000,24480000,29586800,9860000,19726800,9860000,0,0,0,9866800,2490840,2.4908
distribute_parallel_for_collapse_900_2900_3400,900,3400,0,6800,98620400,29590201,3400,99760000,24480000,29586800,9860000,19726800,9860000,0,0,0,9866800,2543545,2.5435
swap_distribute_parallel_for_collapse_900_2900_3400,900,3400,0,6800,98620400,29590201,3400,99760000,24480000,29586800,9860000,19726800,9860000,0,0,0,9866800,2930857,2.9309
distribute_parallel_for_900_2900_3900,900,3900,0,7800,113123400,33941701,3900,111360000,28080000,33937800,11310000,22627800,11310000,0,0,0,11317800,4275206,4.2752
distribute_parallel_for_split_900_2900_3900,900,3900,0,7800,113123400,33941701,3900,111360000,28080000,33937800,11310000,22627800,11310000,0,0,0,11317800,3651929,3.6519
swap_distribute_parallel_for_900_2900_3900,900,3900,0,7800,113123400,33941701,3900,111360000,28080000,33937800,11310000,22627800,11310000,0,0,0,11317800,4531454,4.5315
swap_distribute_parallel_for_split_900_2900_3900,900,3900,0,7800,113123400,33941701,3900,111360000,28080000,33937800,11310000,22627800,11310000,0,0,0,11317800,2993491,2.9935
distribute_parallel_for_collapse_900_2900_3900,900,3900,0,7800,113123400,33941701,3900,111360000,28080000,33937800,11310000,22627800,11310000,0,0,0,11317800,2911481,2.9115
swap_distribute_parallel_for_collapse_900_2900_3900,900,3900,0,7800,113123400,33941701,3900,111360000,28080000,33937800,11310000,22627800,11310000,0,0,0,11317800,3459843,3.4598
distribute_parallel_for_900_2900_900,900,900,0,1800,26105400,7832701,900,41760000,6480000,7831800,2610000,5221800,2610000,0,0,0,2611800,1025801,1.0258
distribute_parallel_for_split_900_2900_900,900,900,0,1800,26105400,7832701,900,41760000,6480000,7831800,2610000,5221800,2610000,0,0,0,2611800,820268,0.8203
swap_distribute_parallel_for_900_2900_900,900,900,0,1800,26105400,7832701,900,41760000,6480000,7831800,2610000,5221800,2610000,0,0,0,2611800,1249985,1.2500
swap_distribute_parallel_for_split_900_2900_900,900,900,0,1800,26105400,7832701,900,41760000,6480000,7831800,2610000,5221800,2610000,0,0,0,2611800,604185,0.6042
distribute_parallel_for_collapse_900_2900_900,900,900,0,1800,26105400,7832701,900,41760000,6480000,7831800,2610000,5221800,2610000,0,0,0,2611800,703524,0.7035
swap_distribute_parallel_for_collapse_900_2900_900,900,900,0,1800,26105400,7832701,900,41760000,6480000,7831800,2610000,5221800,2610000,0,0,0,2611800,714887,0.7149
distribute_parallel_for_900_3400_1400,900,1400,0,2800,47608400,14284201,1400,62560000,10080000,14282800,4760000,9522800,4760000,0,0,0,4762800,1816907,1.8169
distribute_parallel_for_split_900_3400_1400,900,1400,0,2800,47608400,14284201,1400,62560000,10080000,14282800,4760000,9522800,4760000,0,0,0,4762800,1605505,1.6055
swap_distribute_parallel_for_900_3400_1400,900,1400,0,2800,47608400,14284201,1400,62560000,10080000,14282800,4760000,9522800,4760000,0,0,0,4762800,1883473,1.8835
swap_distribute_parallel_for_split_900_3400_1400,900,1400,0,2800,47608400,14284201,1400,62560000,10080000,14282800,4760000,9522800,4760000,0,0,0,4762800,1251955,1.2520
distribute_parallel_for_collapse_900_3400_1400,900,1400,0,2800,47608400,14284201,1400,62560000,10080000,14282800,4760000,9522800,4760000,0,0,0,4762800,1344088,1.3441
swap_distribute_parallel_for_collapse_900_3400_1400,900,1400,0,2800,47608400,14284201,1400,62560000,10080000,14282800,4760000,9522800,4760000,0,0,0,4762800,1455500,1.4555
distribute_parallel_for_900_3400_1900,900,1900,0,3800,64611400,19385701,1900,76160000,13680000,19383800,6460000,12923800,6460000,0,0,0,6463800,2436544,2.4365
distribute_parallel_for_split_900_3400_1900,900,1900,0,3800,64611400,19385701,1900,76160000,13680000,19383800,6460000,12923800,6460000,0,0,0,6463800,2096387,2.0964
swap_distribute_parallel_for_900_3400_1900,900,1900,0,3800,64611400,19385701,1900,76160000,13680000,19383800,6460000,12923800,6460000,0,0,0,6463800,1880271,1.8803
swap_distribute_parallel_for_split_900_3400_1900,900,1900,0,3800,64611400,19385701,1900,76160000,13680000,19383800,6460000,12923800,6460000,0,0,0,6463800,1624237,1.6242
distribute_parallel_for_collapse_900_3400_1900,900,1900,0,3800,64611400,19385701,1900,76160000,13680000,19383800,6460000,12923800,6460000,0,0,0,6463800,1769577,1.7696
swap_distribute_parallel_for_collapse_900_3400_1900,900,1900,0,3800,64611400,19385701,1900,76160000,13680000,19383800,6460000,12923800,6460000,0,0,0,6463800,1966976,1.9670
distribute_parallel_for_900_3400_2400,900,2400,0,4800,81614400,24487201,2400,89760000,17280000,24484800,8160000,16324800,8160000,0,0,0,8164800,3069841,3.0698
distribute_parallel_for_split_900_3400_2400,900,2400,0,4800,81614400,24487201,2400,89760000,17280000,24484800,8160000,16324800,8160000,0,0,0,8164800,2768487,2.7685
swap_distribute_parallel_for_900_3400_2400,900,2400,0,4800,81614400,24487201,2400,89760000,17280000,24484800,8160000,16324800,8160000,0,0,0,8164800,3762598,3.7626
swap_distribute_parallel_for_split_900_3400_2400,900,2400,0,4800,81614400,24487201,2400,89760000,17280000,24484800,8160000,16324800,8160000,0,0,0,8164800,1936173,1.9362
distribute_parallel_for_collapse_900_3400_2400,900,2400,0,4800,81614400,24487201,2400,89760000,17280000,24484800,8160000,16324800,8160000,0,0,0,8164800,2139850,2.1399
swap_distribute_parallel_for_collapse_900_3400_2400,900,2400,0,4800,81614400,24487201,2400,89760000,17280000,24484800,8160000,16324800,8160000,0,0,0,8164800,2474431,2.4744
distribute_parallel_for_900_3400_2900,900,2900,0,5800,98617400,29588701,2900,103360000,20880000,29585800,9860000,19725800,9860000,0,0,0,9865800,3747847,3.7478
distribute_parallel_for_split_900_3400_2900,900,2900,0,5800,98617400,29588701,2900,103360000,20880000,29585800,9860000,19725800,9860000,0,0,0,9865800,3237377,3.2374
swap_distribute_parallel_for_900_3400_2900,900,2900,0,5800,98617400,29588701,2900,103360000,20880000,29585800,9860000,19725800,9860000,0,0,0,9865800,3938906,3.9389
swap_distribute_parallel_for_split_900_3400_2900,900,2900,0,5800,98617400,29588701,2900,103360000,20880000,29585800,9860000,19725800,9860000,0,0,0,9865800,2608316,2.6083
distribute_parallel_for_collapse_900_3400_2900,900,2900,0,5800,98617400,29588701,2900,103360000,20880000,29585800,9860000,19725800,9860000,0,0,0,9865800,2501056,2.5011
swap_distribute_parallel_for_collapse_900_3400_2900,900,2900,0,5800,98617400,29588701,2900,103360000,20880000,29585800,9860000,19725800,9860000,0,0,0,9865800,2971455,2.9715
distribute_parallel_for_900_3400_3400,900,3400,0,6800,115620400,34690201,3400,116960000,24480000,34686800,11560000,23126800,11560000,0,0,0,11566800,4894224,4.8942
distribute_parallel_for_split_900_3400_3400,900,3400,0,6800,115620400,34690201,3400,116960000,24480000,34686800,11560000,23126800,11560000,0,0,0,11566800,3850839,3.8508
swap_distribute_parallel_for_900_3400_3400,900,3400,0,6800,115620400,34690201,3400,116960000,24480000,34686800,11560000,23126800,11560000,0,0,0,11566800,3604828,3.6048
swap_distribute_parallel_for_split_900_3400_3400,900,3400,0,6800,115620400,34690201,3400,116960000,24480000,34686800,11560000,23126800,11560000,0,0,0,11566800,2957469,2.9575
distribute_parallel_for_collapse_900_3400_3400,900,3400,0,6800,115620400,34690201,3400,116960000,24480000,34686800,11560000,23126800,11560000,0,0,0,11566800,3077166,3.0772
swap_distribute_parallel_for_collapse_900_3400_3400,900,3400,0,6800,115620400,34690201,3400,116960000,24480000,34686800,11560000,23126800,11560000,0,0,0,11566800,3467688,3.4677
distribute_parallel_for_900_3400_3900,900,3900,0,7800,132623400,39791701,3900,130560000,28080000,39787800,13260000,26527800,13260000,0,0,0,13267800,4986899,4.9869
distribute_parallel_for_split_900_3400_3900,900,3900,0,7800,132623400,39791701,3900,130560000,28080000,39787800,13260000,26527800,13260000,0,0,0,13267800,4422909,4.4229
swap_distribute_parallel_for_900_3400_3900,900,3900,0,7800,132623400,39791701,3900,130560000,28080000,39787800,13260000,26527800,13260000,0,0,0,13267800,5222308,5.2223
swap_distribute_parallel_for_split_900_3400_3900,900,3900,0,7800,132623400,39791701,3900,130560000,28080000,39787800,13260000,26527800,13260000,0,0,0,13267800,3377045,3.3770
distribute_parallel_for_collapse_900_3400_3900,900,3900,0,7800,132623400,39791701,3900,130560000,28080000,39787800,13260000,26527800,13260000,0,0,0,13267800,3473608,3.4736
swap_distribute_parallel_for_collapse_900_3400_3900,900,3900,0,7800,132623400,39791701,3900,130560000,28080000,39787800,13260000,26527800,13260000,0,0,0,13267800,4064991,4.0650
distribute_parallel_for_900_3400_900,900,900,0,1800,30605400,9182701,900,48960000,6480000,9181800,3060000,6121800,3060000,0,0,0,3061800,1243900,1.2439
distribute_parallel_for_split_900_3400_900,900,900,0,1800,30605400,9182701,900,48960000,6480000,9181800,3060000,6121800,3060000,0,0,0,3061800,857734,0.8577
swap_distribute_parallel_for_900_3400_900,900,900,0,1800,30605400,9182701,900,48960000,6480000,9181800,3060000,6121800,3060000,0,0,0,3061800,1542080,1.5421
swap_distribute_parallel_for_split_900_3400_900,900,900,0,1800,30605400,9182701,900,48960000,6480000,9181800,3060000,6121800,3060000,0,0,0,3061800,717324,0.7173
distribute_parallel_for_collapse_900_3400_900,900,900,0,1800,30605400,9182701,900,48960000,6480000,9181800,3060000,6121800,3060000,0,0,0,3061800,797792,0.7978
swap_distribute_parallel_for_collapse_900_3400_900,900,900,0,1800,30605400,9182701,900,48960000,6480000,9181800,3060000,6121800,3060000,0,0,0,3061800,769627,0.7696
distribute_parallel_for_900_3900_1400,900,1400,0,2800,54608400,16384201,1400,71760000,10080000,16382800,5460000,10922800,5460000,0,0,0,5462800,2302615,2.3026
distribute_parallel_for_split_900_3900_1400,900,1400,0,2800,54608400,16384201,1400,71760000,10080000,16382800,5460000,10922800,5460000,0,0,0,5462800,1755655,1.7557
swap_distribute_parallel_for_900_3900_1400,900,1400,0,2800,54608400,16384201,1400,71760000,10080000,16382800,5460000,10922800,5460000,0,0,0,5462800,2072011,2.0720
swap_distribute_parallel_for_split_900_3900_1400,900,1400,0,2800,54608400,16384201,1400,71760000,10080000,16382800,5460000,10922800,5460000,0,0,0,5462800,1340781,1.3408
distribute_parallel_for_collapse_900_3900_1400,900,1400,0,2800,54608400,16384201,1400,71760000,10080000,16382800,5460000,10922800,5460000,0,0,0,5462800,1488848,1.4888
swap_distribute_parallel_for_collapse_900_3900_1400,900,1400,0,2800,54608400,16384201,1400,71760000,10080000,16382800,5460000,10922800,5460000,0,0,0,5462800,1599019,1.5990
distribute_parallel_for_900_3900_1900,900,1900,0,3800,74111400,22235701,1900,87360000,13680000,22233800,7410000,14823800,7410000,0,0,0,7413800,2861204,2.8612
distribute_parallel_for_split_900_3900_1900,900,1900,0,3800,74111400,22235701,1900,87360000,13680000,22233800,7410000,14823800,7410000,0,0,0,7413800,2347795,2.3478
swap_distribute_parallel_for_900_3900_1900,900,1900,0,3800,74111400,22235701,1900,87360000,13680000,22233800,7410000,14823800,7410000,0,0,0,7413800,2139194,2.1392
swap_distribute_parallel_for_split_900_3900_1900,900,1900,0,3800,74111400,22235701,1900,87360000,13680000,22233800,7410000,14823800,7410000,0,0,0,7413800,1842157,1.8422
distribute_parallel_for_collapse_900_3900_1900,900,1900,0,3800,74111400,22235701,1900,87360000,13680000,22233800,7410000,14823800,7410000,0,0,0,7413800,1907347,1.9073
swap_distribute_parallel_for_collapse_900_3900_1900,900,1900,0,3800,74111400,22235701,1900,87360000,13680000,22233800,7410000,14823800,7410000,0,0,0,7413800,2164158,2.1642
distribute_parallel_for_900_3900_2400,900,2400,0,4800,93614400,28087201,2400,102960000,17280000,28084800,9360000,18724800,9360000,0,0,0,9364800,4051031,4.0510
distribute_parallel_for_split_900_3900_2400,900,2400,0,4800,93614400,28087201,2400,102960000,17280000,28084800,9360000,18724800,9360000,0,0,0,9364800,3071952,3.0720
swap_distribute_parallel_for_900_3900_2400,900,2400,0,4800,93614400,28087201,2400,102960000,17280000,28084800,9360000,18724800,9360000,0,0,0,9364800,4232043,4.2320
swap_distribute_parallel_for_split_900_3900_2400,900,2400,0,4800,93614400,28087201,2400,102960000,17280000,28084800,9360000,18724800,9360000,0,0,0,9364800,2313117,2.3131
distribute_parallel_for_collapse_900_3900_2400,900,2400,0,4800,93614400,28087201,2400,102960000,17280000,28084800,9360000,18724800,9360000,0,0,0,9364800,2456287,2.4563
swap_distribute_parallel_for_collapse_900_3900_2400,900,2400,0,4800,93614400,28087201,2400,102960000,17280000,28084800,9360000,18724800,9360000,0,0,0,9364800,2847155,2.8472
distribute_parallel_for_900_3900_2900,900,2900,0,5800,113117400,33938701,2900,118560000,20880000,33935800,11310000,22625800,11310000,0,0,0,11315800,4235835,4.2358
distribute_parallel_for_split_900_3900_2900,900,2900,0,5800,113117400,33938701,2900,118560000,20880000,33935800,11310000,22625800,11310000,0,0,0,11315800,3644596,3.6446
swap_distribute_parallel_for_900_3900_2900,900,2900,0,5800,113117400,33938701,2900,118560000,20880000,33935800,11310000,22625800,11310000,0,0,0,11315800,4310978,4.3110
swap_distribute_parallel_for_split_900_3900_2900,900,2900,0,5800,113117400,33938701,2900,118560000,20880000,33935800,11310000,22625800,11310000,0,0,0,11315800,2899717,2.8997
distribute_parallel_for_collapse_900_3900_2900,900,2900,0,5800,113117400,33938701,2900,118560000,20880000,33935800,11310000,22625800,11310000,0,0,0,11315800,2991400,2.9914
swap_distribute_parallel_for_collapse_900_3900_2900,900,2900,0,5800,113117400,33938701,2900,118560000,20880000,33935800,11310000,22625800,11310000,0,0,0,11315800,3405207,3.4052
distribute_parallel_for_900_3900_3400,900,3400,0,6800,132620400,39790201,3400,134160000,24480000,39786800,13260000,26526800,13260000,0,0,0,13266800,5673235,5.6732
distribute_parallel_for_split_900_3900_3400,900,3400,0,6800,132620400,39790201,3400,134160000,24480000,39786800,13260000,26526800,13260000,0,0,0,13266800,4495881,4.4959
swap_distribute_parallel_for_900_3900_3400,900,3400,0,6800,132620400,39790201,3400,134160000,24480000,39786800,13260000,26526800,13260000,0,0,0,13266800,4258344,4.2583
swap_distribute_parallel_for_split_900_3900_3400,900,3400,0,6800,132620400,39790201,3400,134160000,24480000,39786800,13260000,26526800,13260000,0,0,0,13266800,3332300,3.3323
distribute_parallel_for_collapse_900_3900_3400,900,3400,0,6800,132620400,39790201,3400,134160000,24480000,39786800,13260000,26526800,13260000,0,0,0,13266800,3564453,3.5645
swap_distribute_parallel_for_collapse_900_3900_3400,900,3400,0,6800,132620400,39790201,3400,134160000,24480000,39786800,13260000,26526800,13260000,0,0,0,13266800,4007025,4.0070
distribute_parallel_for_900_3900_3900,900,3900,0,7800,152123400,45641701,3900,149760000,28080000,45637800,15210000,30427800,15210000,0,0,0,15217800,6835271,6.8353
distribute_parallel_for_split_900_3900_3900,900,3900,0,7800,152123400,45641701,3900,149760000,28080000,45637800,15210000,30427800,15210000,0,0,0,15217800,4891880,4.8919
swap_distribute_parallel_for_900_3900_3900,900,3900,0,7800,152123400,45641701,3900,149760000,28080000,45637800,15210000,30427800,15210000,0,0,0,15217800,6176135,6.1761
swap_distribute_parallel_for_split_900_3900_3900,900,3900,0,7800,152123400,45641701,3900,149760000,28080000,45637800,15210000,30427800,15210000,0,0,0,15217800,3763742,3.7637
distribute_parallel_for_collapse_900_3900_3900,900,3900,0,7800,152123400,45641701,3900,149760000,28080000,45637800,15210000,30427800,15210000,0,0,0,15217800,3980799,3.9808
swap_distribute_parallel_for_collapse_900_3900_3900,900,3900,0,7800,152123400,45641701,3900,149760000,28080000,45637800,15210000,30427800,15210000,0,0,0,15217800,4646016,4.6460
distribute_parallel_for_900_3900_900,900,900,0,1800,35105400,10532701,900,56160000,6480000,10531800,3510000,7021800,3510000,0,0,0,3511800,1378712,1.3787
distribute_parallel_for_split_900_3900_900,900,900,0,1800,35105400,10532701,900,56160000,6480000,10531800,3510000,7021800,3510000,0,0,0,3511800,1080641,1.0806
swap_distribute_parallel_for_900_3900_900,900,900,0,1800,35105400,10532701,900,56160000,6480000,10531800,3510000,7021800,3510000,0,0,0,3511800,1878376,1.8784
swap_distribute_parallel_for_split_900_3900_900,900,900,0,1800,35105400,10532701,900,56160000,6480000,10531800,3510000,7021800,3510000,0,0,0,3511800,816298,0.8163
distribute_parallel_for_collapse_900_3900_900,900,900,0,1800,35105400,10532701,900,56160000,6480000,10531800,3510000,7021800,3510000,0,0,0,3511800,890850,0.8909
swap_distribute_parallel_for_collapse_900_3900_900,900,900,0,1800,35105400,10532701,900,56160000,6480000,10531800,3510000,7021800,3510000,0,0,0,3511800,924947,0.9249
distribute_parallel_for_900_900_1400,900,1400,0,2800,12608400,3784201,1400,16560000,10080000,3782800,1260000,2522800,1260000,0,0,0,1262800,471645,0.4716
distribute_parallel_for_split_900_900_1400,900,1400,0,2800,12608400,3784201,1400,16560000,10080000,3782800,1260000,2522800,1260000,0,0,0,1262800,250778,0.2508
swap_distribute_parallel_for_900_900_1400,900,1400,0,2800,12608400,3784201,1400,16560000,10080000,3782800,1260000,2522800,1260000,0,0,0,1262800,459954,0.4600
swap_distribute_parallel_for_split_900_900_1400,900,1400,0,2800,12608400,3784201,1400,16560000,10080000,3782800,1260000,2522800,1260000,0,0,0,1262800,339713,0.3397
distribute_parallel_for_collapse_900_900_1400,900,1400,0,2800,12608400,3784201,1400,16560000,10080000,3782800,1260000,2522800,1260000,0,0,0,1262800,307724,0.3077
swap_distribute_parallel_for_collapse_900_900_1400,900,1400,0,2800,12608400,3784201,1400,16560000,10080000,3782800,1260000,2522800,1260000,0,0,0,1262800,320255,0.3203
distribute_parallel_for_900_900_1900,900,1900,0,3800,17111400,5135701,1900,20160000,13680000,5133800,1710000,3423800,1710000,0,0,0,1713800,691477,0.6915
distribute_parallel_for_split_900_900_1900,900,1900,0,3800,17111400,5135701,1900,20160000,13680000,5133800,1710000,3423800,1710000,0,0,0,1713800,449893,0.4499
swap_distribute_parallel_for_900_900_1900,900,1900,0,3800,17111400,5135701,1900,20160000,13680000,5133800,1710000,3423800,1710000,0,0,0,1713800,480316,0.4803
swap_distribute_parallel_for_split_900_900_1900,900,1900,0,3800,17111400,5135701,1900,20160000,13680000,5133800,1710000,3423800,1710000,0,0,0,1713800,417871,0.4179
distribute_parallel_for_collapse_900_900_1900,900,1900,0,3800,17111400,5135701,1900,20160000,13680000,5133800,1710000,3423800,1710000,0,0,0,1713800,431979,0.4320
swap_distribute_parallel_for_collapse_900_900_1900,900,1900,0,3800,17111400,5135701,1900,20160000,13680000,5133800,1710000,3423800,1710000,0,0,0,1713800,455209,0.4552
distribute_parallel_for_900_900_2400,900,2400,0,4800,21614400,6487201,2400,23760000,17280000,6484800,2160000,4324800,2160000,0,0,0,2164800,879849,0.8798
distribute_parallel_for_split_900_900_2400,900,2400,0,4800,21614400,6487201,2400,23760000,17280000,6484800,2160000,4324800,2160000,0,0,0,2164800,504031,0.5040
swap_distribute_parallel_for_900_900_2400,900,2400,0,4800,21614400,6487201,2400,23760000,17280000,6484800,2160000,4324800,2160000,0,0,0,2164800,960468,0.9605
swap_distribute_parallel_for_split_900_900_2400,900,2400,0,4800,21614400,6487201,2400,23760000,17280000,6484800,2160000,4324800,2160000,0,0,0,2164800,575319,0.5753
distribute_parallel_for_collapse_900_900_2400,900,2400,0,4800,21614400,6487201,2400,23760000,17280000,6484800,2160000,4324800,2160000,0,0,0,2164800,534517,0.5345
swap_distribute_parallel_for_collapse_900_900_2400,900,2400,0,4800,21614400,6487201,2400,23760000,17280000,6484800,2160000,4324800,2160000,0,0,0,2164800,605115,0.6051
distribute_parallel_for_900_900_2900,900,2900,0,5800,26117400,7838701,2900,27360000,20880000,7835800,2610000,5225800,2610000,0,0,0,2615800,1028252,1.0283
distribute_parallel_for_split_900_900_2900,900,2900,0,5800,26117400,7838701,2900,27360000,20880000,7835800,2610000,5225800,2610000,0,0,0,2615800,673884,0.6739
swap_distribute_parallel_for_900_900_2900,900,2900,0,5800,26117400,7838701,2900,27360000,20880000,7835800,2610000,5225800,2610000,0,0,0,2615800,948067,0.9481
swap_distribute_parallel_for_split_900_900_2900,900,2900,0,5800,26117400,7838701,2900,27360000,20880000,7835800,2610000,5225800,2610000,0,0,0,2615800,657789,0.6578
distribute_parallel_for_collapse_900_900_2900,900,2900,0,5800,26117400,7838701,2900,27360000,20880000,7835800,2610000,5225800,2610000,0,0,0,2615800,656836,0.6568
swap_distribute_parallel_for_collapse_900_900_2900,900,2900,0,5800,26117400,7838701,2900,27360000,20880000,7835800,2610000,5225800,2610000,0,0,0,2615800,784350,0.7843
distribute_parallel_for_900_900_3400,900,3400,0,6800,30620400,9190201,3400,30960000,24480000,9186800,3060000,6126800,3060000,0,0,0,3066800,1205801,1.2058
distribute_parallel_for_split_900_900_3400,900,3400,0,6800,30620400,9190201,3400,30960000,24480000,9186800,3060000,6126800,3060000,0,0,0,3066800,723858,0.7239
swap_distribute_parallel_for_900_900_3400,900,3400,0,6800,30620400,9190201,3400,30960000,24480000,9186800,3060000,6126800,3060000,0,0,0,3066800,913975,0.9140
swap_distribute_parallel_for_split_900_900_3400,900,3400,0,6800,30620400,9190201,3400,30960000,24480000,9186800,3060000,6126800,3060000,0,0,0,3066800,788170,0.7882
distribute_parallel_for_collapse_900_900_3400,900,3400,0,6800,30620400,9190201,3400,30960000,24480000,9186800,3060000,6126800,3060000,0,0,0,3066800,784602,0.7846
swap_distribute_parallel_for_collapse_900_900_3400,900,3400,0,6800,30620400,9190201,3400,30960000,24480000,9186800,3060000,6126800,3060000,0,0,0,3066800,888079,0.8881
distribute_parallel_for_900_900_3900,900,3900,0,7800,35123400,10541701,3900,34560000,28080000,10537800,3510000,7027800,3510000,0,0,0,3517800,1375279,1.3753
distribute_parallel_for_split_900_900_3900,900,3900,0,7800,35123400,10541701,3900,34560000,28080000,10537800,3510000,7027800,3510000,0,0,0,3517800,955069,0.9551
swap_distribute_parallel_for_900_900_3900,900,3900,0,7800,35123400,10541701,3900,34560000,28080000,10537800,3510000,7027800,3510000,0,0,0,3517800,1227221,1.2272
swap_distribute_parallel_for_split_900_900_3900,900,3900,0,7800,35123400,10541701,3900,34560000,28080000,10537800,3510000,7027800,3510000,0,0,0,3517800,913522,0.9135
distribute_parallel_for_collapse_900_900_3900,900,3900,0,7800,35123400,10541701,3900,34560000,28080000,10537800,3510000,7027800,3510000,0,0,0,3517800,873809,0.8738
swap_distribute_parallel_for_collapse_900_900_3900,900,3900,0,7800,35123400,10541701,3900,34560000,28080000,10537800,3510000,7027800,3510000,0,0,0,3517800,1061781,1.0618
distribute_parallel_for_900_900_900,900,900,0,1800,8105400,2432701,900,12960000,6480000,2431800,810000,1621800,810000,0,0,0,811800,337877,0.3379
distribute_parallel_for_split_900_900_900,900,900,0,1800,8105400,2432701,900,12960000,6480000,2431800,810000,1621800,810000,0,0,0,811800,186545,0.1865
swap_distribute_parallel_for_900_900_900,900,900,0,1800,8105400,2432701,900,12960000,6480000,2431800,810000,1621800,810000,0,0,0,811800,383455,0.3835
swap_distribute_parallel_for_split_900_900_900,900,900,0,1800,8105400,2432701,900,12960000,6480000,2431800,810000,1621800,810000,0,0,0,811800,191893,0.1919
distribute_parallel_for_collapse_900_900_900,900,900,0,1800,8105400,2432701,900,12960000,6480000,2431800,810000,1621800,810000,0,0,0,811800,206711,0.2067
swap_distribute_parallel_for_collapse_900_900_900,900,900,0,1800,8105400,2432701,900,12960000,6480000,2431800,810000,1621800,810000,0,0,0,811800,183549,0.1835
